1000 97 1550 18
27 22 11 2 10 6 18 19 26 22 18 3 19 5 19 21 4 3 21 22 14 5 28 1 21 3 11 30 9 23 26 26 30 1 12 8 27 9 13 4 28 20 1 21 7 18 28 15 12 26 18 6 29 25 28 7 20 21 7 30 8 17 29 1 5 17 26 24 23 2 6 2 6 5 9 3 14 9 24 21 9 8 9 1 25 27 3 14 6 15 1 22 28 7 22 28 22 24 18 29 25 12 4 21 18 9 19 26 2 5 13 7 8 27 21 13 6 25 11 17 24 18 27 20 11 8 22 16 9 25 16 14 25 25 11 30 3 27 22 21 9 10 3 28 25 11 19 10 16 28 19 30 11 19 24 28 4 12 25 3 21 15 27 14 5 26 24 4 30 8 26 5 9 17 29 13 12 18 21 22 3 25 29 26 5 16 12 24 17 9 11 28 6 13 15 9 21 22 12 27 16 26 11 8 14 3 2 20 19 19 12 20 9 10 27 26 14 2 24 15 21 24 13 16 10 25 27 6 21 25 24 6 22 4 4 29 13 2 4 17 28 9 2 19 9 27 25 15 21 6 7 27 16 18 21 13 7 28 3 13 24 25 19 10 14 10 27 28 19 8 13 16 16 19 2 26 19 30 29 11 16 20 24 13 10 13 24 19 9 15 20 24 1 2 19 13 9 17 29 1 21 13 9 7 14 26 7 11 25 26 23 8 20 11 5 4 30 13 29 13 8 6 27 1 15 13 2 11 12 16 1 11 24 25 18 10 2 20 14 28 15 22 22 27 30 20 14 22 20 6 27 29 6 12 14 18 25 5 14 20 26 30 11 12 19 25 28 17 2 3 6 12 19 28 11 23 20 13 14 5 2 20 6 12 25 20 10 1 26 22 14 17 25 5 10 8 29 8 3 23 7 5 14 23 9 4 14 27 24 24 26 21 1 21 21 15 7 11 1 14 24 25 6 17 28 2 15 19 4 10 24 19 22 15 26 19 12 11 30 21 15 8 27 25 22 1 21 17 3 28 16 8 12 17 23 13 13 9 12 4 13 14 30 17 6 26 18 8 2 3 29 18 6 25 3 16 3 30 6 5 17 4 11 8 14 29 19 6 17 3 28 10 14 1 25 15 2 25 28 28 21 29 13 16 25 29 30 13 26 10 1 4 9 25 20 23 26 9 9 25 29 13 30 17 26 15 23 25 7 16 17 16 26 16 11 12 4 16 29 1 2 8 8 19 9 9 6 25 16 1 9 23 1 15 4 27 5 15 29 19 11 28 4 9 20 5 5 27 22 22 11 25 28 30 1 29 1 2 13 4 11 2 18 25 8 10 22 24 25 27 26 5 3 13 15 13 17 10 1 29 30 19 10 2 7 24 10 26 17 18 11 21 8 25 12 19 7 5 19 19 10 23 22 24 1 4 7 28 5 29 24 21 12 29 26 1 10 21 3 17 7 27 22 13 10 20 28 16 26 27 26 14 10 6 21 29 23 30 8 7 14 17 16 17 3 12 1 18 14 30 14 24 12 9 1 12 7 19 12 16 3 13 28 7 5 1 16 26 30 29 17 26 19 8 29 20 23 13 15 8 12 10 17 13 20 10 21 15 24 26 12 12 21 26 4 21 5 2 22 29 12 24 5 17 12 10 23 25 16 16 30 11 4 16 20 17 27 10 28 13 12 17 14 8 21 30 14 13 10 12 15 23 1 4 22 11 20 14 21 8 8 15 6 18 4 12 28 15 3 14 29 28 9 30 12 9 23 19 4 13 16 18 13 3 3 12 30 27 15 5 14 18 14 10 12 20 12 3 19 27 9 30 27 20 23 3 5 29 10 10 28 29 29 18 8 6 12 2 14 16 30 5 2 20 15 1 2 10 22 25 18 13 1 29 27 28 10 29 7 15 15 23 27 6 13 14 27 18 18 18 2 7 13 25 4 27 6 18 25 19 7 16 9 12 7 19 24 1 25 30 15 26 13 12 24 23 25 10 2 30 5 13 7 23 23 19 8 26 17 10 21 20 11 21 29 15 13 23 16 20 18 8 30 16 23 4 3 14 23 19 18 11 22 9 6 25 20 5 26 30 1 26 24 17 28 17 12 22 21 28 26 22 27 26 20 30 20 2 1 30 12 3 5 28 16 16 25 29 11 11 2 27 6 12 3 6 17 9 9 23 24 20 8 11 24 12 25 16 1 1 11 4 17 5 21 8 15 11 12 1 6 8 30 21 8 5 4 29 4 10 13 28 29 21 25 16 23 3 19 5
24 28 4 18 13 21 11 30 4 2 13 28 8 12 15 29 29 7 11 16 30 7 2 4 24 18 17 23 18 27 2 8 29 6 21 14 1 25 25 15 22 28 19 21 1 25 2 14 5 14 2 2 11 28 24 23 14 16 1 9 17 15 14 22 15 26 28 9 10 19 23 25 2 27 9 29 1 17 4 11 18 13 4 11 14 15 18 10 13 2 21 24 28 27 8 14 16 23 24 23 17 25 27 2 27 18 13 1 22 23 10 12 20 15 20 18 8 8 28 10 16 10 5 2 7 2 30 7 4 1 17 29 2 28 6 20 8 21 1 17 22 10 24 22 24 28 10 26 7 20 24 20 13 2 27 12 27 24 26 27 7 26 12 22 3 24 20 6 22 1 16 24 7 15 18 9 14 23 17 17 15 8 11 17 2 15 22 25 6 27 9 27 20 20 19 12 4 23 1 27 21 7 15 19 21 28 9 10 11 9 1 14 11 17 7 14 11 26 15 24 8 3 1 21 27 16 23 1 13 27 10 6 4 29 27 24 30 26 14 30 8 16 26 18 3 24 4 1 4 10 26 4 25 6 19 3 7 12 14 3 27 8 25 23 12 15 23 16 28 4 23 13 2 30 21 2 24 14 18 23 25 3 22 4 11 25 28 23 29 28 8 18 6 7 23 19 26 23 5 27 18 11 19 12 17 21 30 1 17 25 15 6 11 11 1 17 20 8 30 5 19 30 19 30 5 22 10 1 17 26 9 1 30 4 5 10 8 14 30 22 13 25 15 8 16 23 23 4 5 24 20 29 3 18 2 14 18 4 15 16 21 27 18 19 2 24 11 1 2 14 21 21 3 16 29 17 26 6 9 5 24 19 6 13 5 7 24 27 12 22 22 18 13 10 8 27 11 28 3 6 24 23 27 12 29 26 10 6 12 11 8 10 12 20 13 7 19 18 10 2 2 29 28 10 26 16 12 9 7 4 21 14 19 28 11 8 5 17 21 28 28 1 9 26 13 19 6 26 23 22 3 12 11 12 6 20 4 29 3 24 12 14 7 22 14 28 19 26 5 17 12 28 18 11 7 24 17 9 20 23 30 25 14 5 7 27 22 25 20 17 15 25 25 30 24 1 6 2 12 16 9 26 1 6 22 11 29 30 1 6 15 9 2 5 3 14 6 20 8 11 7 10 27 30 13 30 30 23 29 20 8 30 2 18 30 7 13 12 11 14 2 7 22 26 10 27 8 28 26 20 21 23 26 26 9 21 10 23 5 16 30 18 30 24 3 18 22 11 25 25 19 15 24 15 11 19 12 7 3 19 14 13 4 14 10 6 24 21 8 25 10 24 20 28 26 18 25 23 15 10 21 10 18 8 20 21 27 2 16 13 11 29 28 8 3 8 27 27 19 23 12 4 10 8 28 16 9 3 20 29 18 11 19 30 24 25 11 27 7 24 2 29 24 16 3 10 11 2 23 2 19 7 22 12 27 7 11 27 9 2 11 2 2 11 10 5 1 20 7 27 25 1 4 1 16 29 9 12 22 11 29 18 12 9 17 16 15 4 25 5 21 17 17 6 9 21 9 5 10 10 11 21 19 18 13 11 14 10 2 10 15 7 7 17 20 11 1 20 4 27 14 12 5 28 10 9 29 23 4 3 26 26 14 2 6 10 24 11 22 3 14 27 8 15 17 15 11 19 13 15 8 1 22 14 5 7 24 8 11 10 30 1 17 12 19 17 22 4 22 16 19 20 16 7 24 29 26 26 9 5 21 18 29 4 16 1 8 5 1 9 2 22 6 29 2 22 20 10 11 14 12 7 23 22 22 13 19 26 3 1 24 22 13 20 4 22 17 6 15 22 13 26 19 1 7 25 27 21 6 21 1 20 18 7 19 24 10 18 22 27 24 24 16 12 22 28 20 6 6 30 2 8 21 26 13 14 13 19 25 28 10 20 5 10 28 5 20 22 23 10 3 22 1 4 15 10 8 23 18 28 15 20 6 29 28 12 3 8 27 5 5 27 19 3 6 10 5 7 10 22 6 25 30 1 18 17 22 17 6 24 18 28 5 12 24 3 15 5 4 15 24 13 4 16 6 27 28 13 2 7 15 25 24 17 30 8 28 5 29 14 3 30 20 27 12 13 10 25 23 16 2 27 14 1 25 24 4 15 2 18 11 24 8 28 28 3 30 1 11 27 6 2 3 6 13 17 2 26 17 22 5 13 12 17 1 1 5 10 14 20 14 29 17 15 11 6 18 28 17 14
1 7 8
604 486 494 950 927 484 824 979
1 12 25
934 358 633 96 919 297 185 982 567 153 707 321 136 60 574 121 444 72 73 117 302 527 741 775 864
1 20 19
774 790 580 853 299 529 932 697 49 412 605 305 125 967 22 268 292 822 881
1 14 23
270 181 253 848 369 164 407 92 196 289 830 544 127 182 223 637 960 172 233 237 284 291 602
1 5 22
341 546 93 199 839 355 334 614 322 943 28 575 399 327 104 410 505 671 687 753 830 841
1 4 8
86 772 380 732 512 526 843 861
1 3 8
365 964 475 690 240 348 264 626
1 15 13
292 599 876 759 72 53 114 203 296 407 694 778 980
1 16 8
477 601 488 258 61 70 668 931
1 3 11
204 762 14 300 209 847 60 315 802 829 974
1 5 16
989 654 855 591 698 36 939 470 284 100 120 383 840 866 951 952
1 8 16
90 941 884 807 283 992 135 995 216 272 280 326 374 523 575 765
1 19 10
868 76 916 34 167 216 263 456 814 890
1 11 12
499 238 808 757 845 27 28 351 508 817 836 868
1 8 23
128 331 449 489 540 702 455 473 573 362 525 696 10 155 174 194 201 243 499 710 796 799 972
1 5 13
780 767 404 655 745 683 68 74 615 973 640 689 759
1 17 14
760 695 890 801 949 507 306 648 779 266 433 595 699 856
1 17 21
471 620 155 970 396 721 822 273 930 6 610 150 24 360 873 128 277 289 444 568 655
1 14 7
280 817 139 140 199 399 895
1 9 23
553 451 421 197 671 176 179 415 345 368 617 259 75 464 44 508 243 95 815 749 235 411 560
1 3 25
372 346 743 603 722 420 456 159 688 487 255 879 628 534 851 866 195 10 31 131 141 169 295 770 919
1 20 13
968 886 501 942 213 612 312 325 426 557 368 509 777
1 11 20
354 854 296 250 663 975 184 562 38 15 734 485 495 539 713 260 322 606 676 995
1 2 12
339 114 282 338 323 370 50 227 29 423 554 852
1 9 13
54 349 578 717 438 56 124 345 409 510 557 579 678
1 8 20
791 5 647 274 907 618 738 771 705 519 938 384 33 538 152 170 525 661 846 892
1 18 13
747 31 664 269 233 78 171 193 198 325 425 605 797
1 19 17
461 700 528 402 651 419 160 652 440 200 947 89 166 388 740 939 988
1 19 23
731 541 911 608 892 972 865 622 816 701 55 23 78 588 893 20 129 446 711 176 357 614 926
1 5 27
607 754 985 411 51 123 58 596 141 172 190 769 797 739 324 623 827 147 79 108 294 305 306 502 624 857 880
1 16 15
836 590 83 763 119 389 143 506 162 323 491 692 721 745 839
1 3 9
935 234 694 7 283 427 522 679 897
1 16 10
857 439 43 396 408 454 492 558 652 683
1 9 13
726 510 806 497 173 208 221 448 451 481 675 705 859
1 17 20
712 120 261 3 70 810 812 225 37 969 310 278 201 445 550 556 416 461 600 634
1 18 11
158 314 244 65 214 426 528 555 672 744 786
1 3 10
395 869 496 978 800 77 76 288 397 984
1 20 21
768 522 183 813 170 102 393 794 422 359 413 535 99 902 999 986 929 87 144 204 513
1 8 15
287 106 262 724 753 458 922 115 156 255 363 391 674 854 909
1 4 9
874 336 318 132 142 229 788 837 944
1 5 15
891 523 917 814 961 406 826 36 96 183 340 375 637 704 889
1 15 15
130 895 571 295 888 672 112 649 188 376 632 275 487 685 763
1 14 25
8 211 937 965 863 667 231 383 564 285 521 277 766 171 79 35 46 398 402 428 507 559 587 849 876
1 7 11
215 148 559 41 184 257 392 500 570 872 987
1 12 25
381 635 298 226 304 834 286 962 825 435 117 955 913 882 787 178 32 213 247 249 630 646 784 812 928
1 5 16
63 775 25 582 232 824 448 307 515 12 77 418 536 669 782 961
1 15 8
385 798 173 437 470 514 736 964
1 4 26
217 629 870 467 29 641 12 899 974 80 391 194 584 940 918 62 33 102 290 376 387 443 466 472 542 684
1 8 17
781 302 611 275 351 228 994 673 661 686 134 531 756 3 179 561 968
1 13 10
88 878 627 551 625 1 116 424 532 922
1 10 13
755 401 516 821 293 996 222 880 81 364 793 906 994
1 16 14
665 460 34 687 490 110 123 180 497 593 616 631 722 823
1 6 13
493 533 98 658 803 186 850 740 208 704 594 21 673
1 3 29
650 909 583 692 500 669 991 81 335 802 103 709 727 819 69 18 47 43 957 235 16 149 354 442 452 695 760 783 877
1 5 19
925 398 881 330 547 773 453 405 347 151 21 177 842 517 301 236 348 455 718
1 13 20
910 242 674 410 820 928 581 162 67 729 210 142 746 980 906 555 748 88 341 962
1 12 22
356 366 963 319 706 741 871 329 646 715 966 352 246 361 481 9 471 697 764 825 937 942
1 20 22
131 390 998 394 761 954 990 165 576 442 214 39 585 901 397 626 364 514 903 95 212 262
1 12 20
48 247 849 340 266 248 653 483 703 256 268 545 859 400 482 378 147 242 828 955
1 14 9
889 154 350 394 469 604 644 779 789
1 6 8
392 548 149 187 246 567 681 924
1 5 9
723 174 474 94 837 163 811 870 887
1 11 9
730 180 465 132 953 17 185 382 636
1 19 7
416 846 569 47 353 757 992
1 6 26
265 570 710 660 619 579 157 796 317 693 634 205 206 167 87 675 427 565 195 319 430 485 583 727 787 885
1 6 25
685 116 639 357 572 593 520 793 459 558 598 342 552 926 680 56 237 67 85 181 405 733 847 902 950
1 5 17
908 951 126 905 987 613 478 480 245 944 59 443 840 207 261 563 665
1 6 4
230 111 343 795
1 20 22
504 192 337 82 403 864 30 316 313 333 19 409 452 751 997 219 595 299 386 569 657 732
1 17 9
343 554 84 90 489 543 584 709 813
1 16 13
113 146 424 795 169 377 188 320 434 546 771 959 969
1 18 14
592 122 281 432 271 977 783 49 356 498 524 807 888 934
1 7 23
367 198 320 203 898 786 676 914 408 353 560 27 750 887 434 491 733 272 841 218 377 638 742
1 18 11
818 586 35 679 92 106 135 324 677 716 804
1 8 9
640 140 714 388 511 365 385 703 853
1 8 26
988 518 479 437 52 577 66 17 105 642 856 778 371 609 124 979 71 804 311 0 159 211 298 335 380 680
1 5 17
423 414 7 885 936 61 457 662 509 716 428 26 189 537 586 748 809
1 9 11
833 382 279 291 597 530 784 15 267 762 774
1 3 20
630 212 332 923 220 537 450 166 513 931 64 805 175 466 875 337 649 658 772 982
1 5 18
844 894 785 644 828 542 861 344 689 681 75 86 134 186 286 633 755 865
1 12 8
387 144 138 189 222 734 948 990
1 9 20
823 433 616 843 290 374 758 788 168 948 145 904 526 40 83 129 352 360 420 713
1 2 15
915 983 251 527 425 498 85 945 430 666 549 597 725 875 981
1 20 20
418 896 566 32 657 852 4 463 82 160 202 265 518 545 610 666 688 776 835 850
1 7 21
971 386 152 263 744 912 587 492 294 16 862 484 691 308 84 51 127 623 696 831 963
1 3 14
40 621 770 638 163 22 379 311 332 417 441 480 791 842
1 15 17
670 53 454 799 264 502 91 737 45 792 643 252 344 422 591 686 756
1 16 18
42 505 536 161 133 137 224 933 668 89 659 809 182 309 327 462 656 958
1 16 31
326 678 363 532 677 429 309 897 708 900 257 728 589 191 776 138 267 720 288 8 50 109 150 220 245 338 503 511 565 608 758
1 17 21
156 606 984 441 249 858 524 97 563 462 46 956 303 920 187 777 64 329 538 598 883
1 13 9
239 100 877 197 297 390 801 911 976
1 7 20
447 373 193 736 436 472 115 684 725 860 543 811 2 108 1 240 256 278 494 893
1 12 16
0 202 11 375 735 561 254 512 57 568 838 308 446 459 581 622
1 1 21
752 764 241 831 73 682 476 782 993 503 718 468 645 636 602 38 42 301 350 577 921
1 6 19
65 959 109 104 315 699 624 921 276 765 719 66 164 231 482 541 667 863 886
1 19 28
981 469 872 417 789 958 976 631 952 328 218 829 107 832 118 13 835 101 229 431 48 191 251 336 358 370 743 768
1 12 18
549 883 221 924 742 600 946 656 867 59 250 429 478 576 592 664 715 998
