500 79 775 20
2 9 26 28 30 23 22 26 23 11 5 23 11 5 24 16 27 1 18 10 30 21 13 4 21 13 27 26 28 30 23 30 20 12 19 5 20 26 28 29 19 25 4 29 13 4 9 9 4 21 1 24 21 6 3 27 26 30 6 14 9 21 3 23 3 18 7 27 2 30 25 3 5 13 6 24 1 22 19 12 6 19 4 24 18 16 5 19 8 23 27 11 23 4 28 26 26 4 18 7 2 6 1 25 4 6 1 4 30 29 11 28 10 26 11 8 21 30 7 26 13 5 24 25 21 6 20 16 21 20 19 12 22 15 7 5 3 23 12 18 15 19 17 7 18 20 14 28 23 11 28 6 21 15 4 16 12 21 2 19 16 5 14 22 19 24 8 19 29 10 24 9 1 24 7 11 27 2 30 23 14 11 7 1 18 14 27 11 30 19 20 12 9 3 20 10 8 27 2 1 2 13 29 11 8 19 25 26 22 22 18 18 27 2 1 30 7 30 1 11 21 24 13 19 21 25 26 8 25 19 10 10 19 7 5 3 13 6 16 4 17 25 19 14 21 27 23 22 19 21 29 29 11 29 9 21 19 2 4 28 5 22 20 4 10 8 23 30 10 30 11 17 18 29 18 5 4 18 10 7 5 19 14 8 24 28 4 10 19 24 6 21 27 21 12 21 21 5 19 9 29 4 14 18 29 3 15 22 26 23 29 17 19 22 12 1 23 6 4 13 26 3 3 18 8 20 13 1 25 17 14 28 8 3 7 16 29 27 27 22 20 21 29 13 4 12 6 19 25 17 3 5 17 17 5 12 11 7 23 27 19 3 8 7 6 5 19 9 9 22 18 2 25 5 18 7 10 2 22 12 18 6 22 11 1 13 9 27 21 22 22 20 29 23 22 22 15 28 7 12 3 20 15 18 29 9 30 21 27 26 16 4 20 27 3 8 3 27 9 16 17 11 4 28 17 7 13 29 24 19 30 19 21 21 24 20 28 11 3 21 21 24 19 16 20 19 9 15 2 10 11 2 15 14 8 30 3 25 1 25 28 26 9 28 4 30 14 5 20 2 16 30 30 15 7 28 22 24 9 5 23 27 14 29 4 2 17 29 10 11 7 11 4 26 30 30 23 3 11 18
3 2 27 1 18 19 27 23 1 7 12 16 23 21 30 1 5 4 23 16 23 10 27 16 8 2 9 12 17 25 3 29 19 20 29 29 19 9 16 23 7 11 15 29 3 23 22 20 3 16 28 2 11 13 30 27 17 14 22 7 28 14 19 1 22 18 30 9 19 18 24 16 23 4 13 19 13 5 27 18 30 5 26 25 11 26 17 15 3 13 5 23 3 1 30 27 27 18 15 22 8 2 4 29 29 15 17 10 5 29 27 4 4 14 30 12 5 20 10 18 3 26 29 21 29 28 3 26 18 15 18 11 20 22 23 21 5 1 9 11 24 18 20 11 21 4 15 25 17 2 4 23 9 18 19 20 11 28 24 3 21 16 7 22 12 16 20 19 9 7 23 30 29 3 11 24 20 17 9 19 16 19 6 6 15 3 9 20 14 5 17 13 25 16 10 14 4 27 3 17 15 21 6 17 20 18 2 5 25 26 25 4 8 3 26 6 25 24 21 5 8 19 12 2 26 12 24 11 18 29 20 6 30 19 5 9 3 29 7 13 30 27 13 13 29 11 8 3 19 16 4 29 20 26 26 23 4 30 28 18 7 25 28 20 21 18 7 13 7 27 28 29 25 26 6 10 27 6 6 26 27 24 15 25 24 8 23 20 9 1 27 30 23 12 1 2 6 7 22 6 19 28 14 12 20 28 26 15 1 20 17 15 6 10 18 11 15 9 5 5 6 10 21 12 1 3 8 29 24 21 10 4 29 14 22 21 12 6 2 2 23 12 11 16 24 30 21 21 10 1 28 17 27 28 17 19 21 12 7 12 2 27 9 13 7 23 11 22 7 26 16 19 13 2 13 25 18 20 15 2 29 22 18 17 28 11 27 27 8 7 24 11 1 28 10 7 14 28 30 21 26 16 14 6 24 2 21 14 9 23 18 11 30 9 10 17 5 29 1 30 22 21 1 12 26 20 30 8 1 7 25 18 10 5 27 30 24 30 10 19 30 15 1 14 3 12 5 21 24 8 11 18 13 4 19 10 7 4 8 11 14 23 21 26 22 14 23 18 5 6 26 27 23 30 5 24 9 25 23 19 20 9 26 14 8 4 1 23 10 5 8 16 18 29 15 20 26 22 29 5
1 11 8
494 36 430 175 292 207 226 383
1 9 7
77 165 148 164 250 340 413
1 12 14
311 47 443 204 205 384 358 191 405 132 14 114 316 457
1 4 14
202 345 221 397 2 63 250 127 360 65 94 238 329 441
1 6 7
29 445 476 367 9 3 391
1 7 7
142 179 21 203 225 266 328
1 8 7
46 49 168 376 35 244 7
1 17 12
333 322 18 290 487 302 138 448 177 295 117 173
1 18 6
270 85 299 59 72 491
1 5 10
348 104 48 329 14 483 21 31 318 369
1 10 14
418 313 252 80 160 491 385 413 268 28 152 282 285 377
1 16 12
196 87 51 437 209 309 256 254 328 168 169 304
1 5 13
423 100 344 312 363 239 44 140 470 102 147 376 412
1 10 7
339 269 287 133 82 97 422
1 1 16
466 460 291 149 471 17 383 459 57 464 177 261 317 361 384 463
1 20 13
306 273 246 38 442 392 117 126 206 23 61 326 481
1 6 9
20 365 98 112 213 236 277 335 408
1 4 9
223 114 36 96 286 289 336 348 404
1 13 12
215 106 190 166 90 73 480 263 30 258 352 420
1 18 11
97 387 422 113 92 45 404 242 102 175 283
1 16 12
330 172 308 490 310 454 86 321 467 353 104 162
1 15 7
65 327 416 76 451 119 194
1 1 10
481 350 275 31 320 377 288 123 264 309
1 6 6
153 167 59 360 366 459
1 6 9
389 249 42 497 453 51 62 74 202
1 10 11
347 158 152 151 234 218 398 211 52 111 192
1 17 11
55 316 185 91 425 323 130 279 342 346 356
1 16 15
386 465 271 238 251 169 34 141 336 157 92 115 321 392 467
1 4 16
33 103 1 439 305 431 262 24 70 71 75 204 246 354 368 401
1 4 14
324 366 241 368 372 346 247 195 163 402 11 78 172 389
1 19 7
373 119 82 380 151 263 446
1 12 8
4 331 401 325 436 34 43 406
1 14 10
364 438 235 259 60 85 219 323 375 497
1 3 11
94 220 113 120 141 167 437 472 482 495 496
1 3 6
123 406 120 66 205 462
1 19 15
236 41 11 349 281 318 193 226 341 420 12 302 445 490 498
1 11 12
162 477 267 326 83 19 89 241 244 292 305 353
1 10 9
279 355 112 371 68 293 334 454 487
1 18 10
28 282 171 426 71 429 357 25 179 444
1 8 11
449 201 388 6 343 23 145 314 18 187 347
1 12 9
53 8 370 87 284 320 358 414 429
1 1 10
184 30 245 472 455 338 107 150 57 64
1 4 12
187 110 390 228 489 89 8 107 153 344 382 443
1 6 8
278 440 24 332 399 88 359 319
1 1 11
334 81 283 180 261 488 73 126 214 345 466
1 7 6
375 183 135 220 325 341
1 2 14
293 276 16 39 408 130 486 319 25 26 99 272 432 449
1 11 7
143 188 342 337 307 351 465
1 17 9
441 135 212 351 433 186 96 20 486
1 19 7
289 484 156 0 174 278 294
1 2 6
468 391 1 387 431 488
1 12 13
257 258 111 93 189 173 492 286 411 498 296 379 407
1 18 10
54 240 230 174 369 444 224 60 170 235
1 17 8
62 12 458 284 396 79 287 461
1 4 8
280 266 181 64 499 26 304 22
1 7 8
412 354 356 203 38 195 267 499
1 18 7
237 164 154 72 210 281 331
1 6 11
118 105 407 479 447 198 239 252 458 468 480
1 6 9
335 124 159 361 227 55 150 450 464
1 10 11
315 231 307 27 3 243 155 206 291 350 386
1 11 16
67 478 56 74 394 415 456 15 69 115 42 44 110 128 132 494
1 14 15
121 432 248 217 98 294 101 144 421 428 159 189 198 355 479
1 6 10
301 393 214 419 452 86 193 253 339 400
1 12 8
148 199 58 46 52 268 290 478
1 19 10
462 194 13 374 84 186 190 247 388 425
1 5 6
170 414 317 277 233 474
1 1 9
395 197 32 45 121 215 230 301 405
1 5 13
176 475 146 461 495 213 474 210 161 10 39 116 370
1 17 10
134 303 298 200 131 37 260 403 139 207
1 10 13
340 125 232 70 485 272 222 297 40 77 93 133 142
1 19 13
10 147 427 300 61 400 48 50 58 81 324 423 475
1 20 9
136 99 434 216 274 265 95 229 446
1 18 11
43 84 473 50 253 37 76 176 271 313 372
1 17 16
128 482 296 417 219 208 382 139 181 229 232 255 411 452 473 493
1 13 10
178 109 496 264 129 424 63 227 314 381
1 12 12
155 285 137 450 40 379 75 32 105 231 337 451
1 10 12
5 352 410 225 192 378 122 469 0 184 196 427
1 15 8
381 78 435 493 463 409 66 146
1 16 14
108 362 182 116 255 457 17 19 145 221 240 298 442 470
