500 87 775 20
20 18 28 13 1 9 19 14 9 17 24 20 7 24 16 21 18 22 14 20 13 4 8 29 17 27 5 9 11 12 20 11 14 13 15 21 6 26 10 19 17 6 8 24 11 29 14 30 8 14 12 11 8 23 9 1 6 12 4 29 1 7 9 30 11 7 12 14 28 14 30 5 23 20 27 20 30 14 9 17 7 8 1 20 14 1 15 5 13 11 11 6 7 24 17 5 24 23 20 18 21 1 19 7 22 13 27 13 1 22 2 13 22 10 28 23 11 20 16 26 23 6 3 23 23 11 23 2 9 9 9 24 17 14 3 12 12 18 25 25 28 26 29 19 19 12 16 13 2 10 8 7 2 25 3 19 12 15 23 7 28 4 22 3 9 21 18 3 30 12 19 21 15 2 26 25 4 22 7 22 4 10 26 16 29 13 7 13 21 23 13 18 28 14 26 23 17 30 17 19 18 12 25 4 22 17 2 12 10 12 20 28 18 4 7 26 4 4 21 17 7 8 10 12 2 5 19 29 8 26 7 23 19 6 22 30 28 24 6 9 15 15 20 21 3 16 3 4 29 10 16 13 7 5 12 4 12 4 28 4 5 20 2 20 20 14 3 16 13 10 24 9 4 12 28 19 6 9 10 3 30 9 11 2 29 25 3 18 2 12 29 9 6 20 18 14 28 22 17 27 8 3 23 17 12 7 2 19 3 15 15 28 10 18 24 6 16 12 6 4 26 10 1 20 16 11 22 7 5 2 24 25 3 6 15 17 16 7 22 3 2 23 10 20 7 11 28 11 13 15 19 11 6 5 30 26 18 1 29 24 29 14 5 27 29 26 14 12 13 9 19 29 16 26 12 30 8 13 17 24 23 9 1 14 23 9 7 23 11 18 25 22 12 10 8 12 15 13 3 1 30 6 8 12 5 17 7 19 5 19 12 2 17 26 21 27 11 22 6 4 27 14 11 21 22 1 16 6 16 6 21 1 12 5 25 1 7 13 30 6 9 1 23 1 28 9 5 26 30 7 24 30 3 7 6 19 12 14 22 12 28 24 28 18 11 24 17 2 29 6 11 26 20 16 22 21 17 14 29 26 15 27 10 21 29 2 3 9 24 16 4 28 19 12 25 1 8 23 18 16
30 18 11 10 9 1 26 11 3 17 28 14 27 1 13 24 17 9 18 29 8 6 28 28 13 30 2 15 11 1 23 21 27 10 13 10 29 7 19 16 8 14 29 1 29 6 11 23 30 17 14 24 17 3 18 18 21 1 2 2 11 10 16 4 5 18 11 27 10 26 29 23 26 24 3 6 17 12 21 15 19 4 18 19 22 11 26 22 18 22 17 25 18 2 19 6 14 16 11 29 27 18 4 2 8 5 5 18 6 30 3 4 6 18 24 10 1 9 15 6 23 11 5 30 21 23 10 28 5 1 5 10 25 29 27 6 12 14 18 12 11 1 27 21 24 5 1 15 12 23 14 8 2 18 1 8 30 1 18 13 22 22 17 13 27 15 5 1 9 5 20 1 2 28 11 27 10 23 25 14 12 8 24 6 29 13 6 20 8 5 23 27 27 25 15 6 26 7 14 15 22 29 12 19 30 18 2 18 27 9 14 30 9 21 17 18 25 29 13 24 27 28 17 27 20 19 14 16 2 26 3 18 7 15 14 20 17 23 11 8 23 25 29 5 3 29 11 8 24 13 12 9 7 14 24 11 13 21 1 19 18 19 21 16 3 3 5 30 6 7 12 4 11 24 20 16 1 16 15 26 16 27 29 30 6 28 3 16 20 2 1 13 12 27 2 22 14 14 1 2 22 7 14 17 20 4 29 12 14 26 10 26 11 24 26 28 9 15 29 16 2 12 28 9 8 27 4 1 4 12 26 5 14 13 6 20 23 9 12 25 5 26 2 23 4 19 11 8 17 27 2 4 13 28 24 2 12 29 17 2 25 10 1 28 13 15 23 12 23 9 13 14 25 3 22 29 9 6 6 18 23 10 19 28 8 8 30 20 18 29 18 23 5 21 4 8 21 16 8 28 4 25 12 12 9 16 6 6 1 5 15 29 19 1 15 9 10 27 21 16 12 29 23 7 19 13 14 15 24 11 2 15 18 6 17 3 13 7 7 8 11 17 5 4 29 23 8 30 26 7 23 17 14 28 12 15 8 28 18 29 13 10 30 1 18 16 7 12 25 10 6 19 3 29 27 19 20 19 12 12 23 5 21 9 10 21 30 17 12 22 27 1 15 2 5 15 20 2 18 22
1 8 15
378 80 324 207 433 166 343 395 366 428 137 161 206 238 353
1 2 7
31 22 206 12 14 87 135
1 7 12
476 469 66 35 89 300 362 229 480 147 272 375
1 11 12
277 23 363 298 311 398 186 292 245 196 306 358
1 14 7
230 355 215 93 94 218 423
1 9 11
175 140 12 143 465 285 316 338 27 330 449
1 7 9
204 488 192 220 268 381 386 453 490
1 11 11
52 340 392 190 373 68 43 79 155 167 426
1 2 4
406 384 43 60
1 9 4
156 335 9 42
1 8 4
6 368 36 123
1 9 11
149 158 294 92 408 189 72 103 122 177 212
1 18 4
394 410 88 310
1 17 14
248 21 439 351 14 353 310 42 380 224 17 84 151 484
1 13 7
176 27 29 19 473 418 21
1 19 2
142 3
1 19 10
344 463 396 337 231 306 426 51 80 498
1 7 13
348 387 422 255 494 481 447 10 232 16 20 261 424
1 12 3
486 15 450
1 7 15
28 423 475 61 203 83 16 111 185 76 2 53 376 385 496
1 8 15
134 123 164 197 424 205 106 259 146 150 184 214 264 304 416
1 1 4
113 440 225 108
1 17 6
438 435 84 1 175 461
1 3 13
9 484 115 450 154 374 38 472 320 63 215 263 356
1 14 7
241 471 75 85 298 302 428
1 3 8
479 278 330 409 166 338 402 497
1 13 17
110 282 71 257 383 161 270 59 10 41 105 124 242 301 303 319 360
1 15 7
217 177 188 288 243 405 469
1 19 12
349 267 216 69 172 133 367 482 145 60 197 434
1 8 7
121 412 492 178 443 314 493
1 18 6
466 219 296 263 319 82
1 10 7
434 210 157 430 119 363 403
1 3 8
371 209 165 146 459 116 332 392
1 2 13
271 114 150 455 425 490 44 45 112 178 189 219 445
1 18 10
388 305 262 5 290 106 209 211 313 417
1 3 9
237 75 74 113 129 321 383 407 495
1 19 4
182 441 98 431
1 5 10
405 82 457 183 6 32 200 217 252 309
1 12 11
129 235 11 458 342 437 93 157 174 267 352
1 1 5
119 81 25 98 467
1 15 6
483 358 193 90 169 341
1 14 5
386 431 77 489 115
1 3 12
187 456 163 293 47 17 382 46 357 208 316 351
1 7 15
173 377 393 118 122 334 213 67 63 156 183 284 300 362 388
1 11 3
295 411 107
1 12 8
214 497 40 184 131 283 70 486
1 3 7
107 252 153 83 182 275 350
1 14 11
79 361 376 26 160 50 41 287 58 236 463
1 20 17
496 64 401 180 375 250 474 244 179 194 15 199 243 336 390 466 471
1 14 11
116 390 478 370 331 148 453 246 269 472 474
1 15 10
212 308 128 200 137 404 251 248 274 380
1 16 13
299 211 414 454 495 369 131 258 283 289 305 448 465
1 12 12
53 168 48 151 273 226 436 327 91 230 291 373
1 3 18
417 139 350 352 234 467 318 449 333 31 51 78 254 280 286 400 409 413
1 16 9
354 364 281 222 109 312 391 418 491
1 19 6
272 30 108 130 326 220
1 15 3
389 246 445
1 4 8
280 399 345 35 435 464 470 476
1 14 7
317 360 18 379 284 47 195
1 1 15
477 240 249 104 228 289 239 279 413 202 38 89 194 241 346
1 16 9
100 462 365 152 58 70 227 250 381
1 6 7
117 260 159 253 268 285 425
1 2 5
171 242 56 221 259
1 19 17
54 78 372 57 102 62 33 451 223 274 64 95 158 323 369 429 447
1 1 11
336 302 341 470 491 90 162 97 109 132 343
1 18 12
97 138 322 2 20 498 468 304 332 261 270 397
1 2 6
303 44 328 144 59 145
1 17 6
32 276 349 354 419 485
1 20 10
307 91 87 99 329 199 167 163 216 454
1 19 8
312 96 181 464 170 4 326 374
1 9 10
135 415 112 46 99 104 260 315 359 406
1 13 12
419 45 126 266 1 141 4 444 218 172 340 420
1 4 11
49 74 416 402 191 24 397 0 403 264 213
1 13 6
72 65 385 34 237 307
1 13 14
201 265 427 258 95 94 321 313 236 7 117 190 198 455
1 8 12
356 452 347 297 39 227 125 323 229 335 427 477
1 7 6
120 359 238 432 54 499
1 6 8
221 400 256 499 339 269 62 489
1 16 12
325 101 346 85 13 275 448 18 33 77 110 311
1 20 14
195 127 169 8 460 134 179 253 276 278 394 415 457 473
1 14 7
391 174 291 37 140 160 440
1 10 9
55 461 286 247 88 446 86 142 355
1 4 8
254 105 155 71 171 210 271 389
1 13 10
429 487 421 420 315 57 187 282 398 451
1 4 4
407 124 485 367
1 12 7
136 132 198 309 233 103 185
1 11 8
73 301 56 442 493 180 196 262
