700 86 1085 20
15 20 12 1 19 15 5 10 6 16 18 13 5 23 24 19 3 29 12 10 8 9 17 3 10 25 7 26 22 30 15 15 11 30 11 14 26 10 28 22 7 13 8 24 12 24 28 3 5 12 3 28 14 24 1 25 8 23 14 24 2 4 10 30 19 26 2 27 2 5 22 28 19 29 26 5 24 10 28 20 25 18 25 19 26 30 7 15 16 20 22 27 17 5 26 19 11 24 10 11 22 14 3 27 30 1 25 28 10 17 11 26 30 19 18 17 27 30 2 30 3 19 21 4 30 9 23 23 7 25 30 7 21 6 6 21 1 12 27 22 7 1 1 19 11 20 23 14 6 11 21 19 22 10 8 28 4 25 3 16 16 21 16 2 26 2 5 19 5 9 13 12 22 27 8 6 14 6 19 10 1 4 8 22 21 6 29 7 24 4 30 30 13 14 1 5 22 2 12 13 2 21 8 17 16 21 26 8 16 16 8 20 9 28 23 16 3 19 14 11 10 19 1 11 17 7 28 23 6 8 18 30 10 21 5 20 22 9 27 17 29 27 16 26 30 1 18 8 2 9 17 21 5 9 13 16 6 1 9 3 15 15 29 16 21 22 10 20 26 8 8 11 20 19 12 20 9 25 27 3 8 13 18 10 18 7 27 22 4 23 8 2 5 7 23 22 29 2 16 30 20 10 18 4 20 26 17 12 29 18 17 23 30 8 6 6 23 25 23 6 17 12 11 5 5 18 7 25 5 25 23 26 13 18 20 25 15 25 10 21 9 12 22 14 25 18 4 13 13 2 12 30 25 28 11 7 2 5 19 8 28 10 12 11 19 29 14 14 5 16 12 23 29 28 2 17 29 17 29 23 26 11 22 4 7 16 29 30 9 6 16 11 28 23 26 24 13 24 16 18 27 9 13 6 24 6 30 23 4 4 9 16 22 27 22 23 6 28 18 7 6 3 24 1 15 3 16 2 13 15 28 29 2 1 20 17 15 16 20 1 11 25 22 9 3 30 4 15 14 22 23 10 23 7 25 7 17 6 5 12 6 28 16 27 3 14 15 11 7 24 14 14 28 4 23 21 12 9 13 29 16 29 12 27 15 5 11 23 22 10 30 13 3 3 14 30 20 2 29 9 11 27 6 28 27 8 18 25 22 19 21 17 22 9 3 16 22 4 3 1 1 2 7 22 3 14 12 29 27 18 1 8 21 23 24 13 5 15 19 25 30 7 28 7 4 12 26 23 7 10 26 7 27 5 8 24 19 23 28 2 6 8 9 8 1 15 11 8 29 8 1 16 13 29 11 20 13 29 29 10 15 27 8 2 27 8 23 18 21 14 11 6 18 16 15 15 8 24 26 17 15 3 30 11 18 2 30 1 29 11 4 3 17 30 23 3 27 5 14 19 4 18 13 4 28 23 6 5 5 10 12 29 14 30 9 18 23 14 14 1 6 3 14 4 18 11 1 14 12 9 28 23 17 1 8 10 30 6 16 20 7 24 24 2 3 2 8 11 8 29 14 9 4 22 18 12 28 24 7 18 30 12 12 30 30 24 11 3 27 8 2 2 5 24 23 12 25 29 11 1
19 5 5 21 25 12 30 2 15 18 26 6 1 6 16 13 5 23 23 10 28 12 23 27 27 26 7 27 15 11 5 29 18 8 7 5 5 21 12 30 4 17 16 13 19 13 5 9 28 11 26 10 22 1 14 5 3 26 2 23 15 30 7 27 13 1 9 8 24 24 19 16 10 17 30 29 19 17 15 18 17 15 28 23 25 13 11 13 10 19 6 4 18 7 13 1 23 8 1 16 7 3 14 30 1 10 27 18 8 27 24 30 27 14 30 24 29 17 23 12 17 11 3 8 18 7 12 22 15 19 14 1 18 11 12 10 23 5 23 19 26 4 4 16 28 14 18 23 10 5 24 16 11 30 9 26 14 19 5 1 21 27 16 4 24 20 5 23 17 14 13 3 9 7 15 18 8 13 21 5 3 1 20 9 25 3 10 20 11 30 18 14 21 18 21 23 12 23 23 9 28 23 19 10 15 25 9 9 25 14 18 16 2 13 29 25 14 20 21 16 13 27 8 17 2 14 21 2 19 13 26 19 6 19 18 18 28 3 24 22 28 10 10 9 30 15 16 23 23 25 14 3 29 17 30 7 22 1 19 21 30 25 30 10 4 17 25 17 10 9 13 14 27 11 8 14 22 1 28 5 29 16 9 28 12 6 2 27 20 12 28 13 18 9 2 9 26 27 21 4 17 23 2 20 8 25 7 13 26 19 30 28 14 10 17 1 24 22 2 17 13 4 29 8 21 18 14 27 18 29 26 1 12 23 7 10 2 12 17 13 14 7 2 20 28 2 16 19 17 15 16 12 4 26 1 21 8 30 22 23 10 14 3 8 22 26 1 15 15 22 26 24 20 19 23 16 6 9 16 10 6 18 11 30 19 2 30 18 16 16 30 24 15 3 15 22 7 4 14 24 8 18 26 10 22 22 11 4 8 17 17 8 29 5 19 27 4 30 28 12 27 12 12 21 28 13 28 20 5 9 26 15 29 28 2 30 26 5 20 4 8 15 25 20 15 14 20 19 24 7 2 28 28 30 21 20 27 28 19 21 16 16 29 5 22 24 21 15 19 6 1 9 28 29 5 20 30 6 24 25 24 29 7 30 17 3 20 11 11 24 28 12 3 24 13 17 4 7 12 6 2 1 7 1 17 12 13 11 5 16 25 5 27 22 29 1 11 22 21 17 23 2 3 19 5 6 9 30 11 22 19 18 21 24 10 5 18 9 16 13 2 18 3 17 6 17 2 18 21 28 25 1 26 14 25 27 13 2 21 20 6 27 29 6 21 8 16 15 21 17 22 13 27 13 12 10 4 11 21 15 4 26 18 11 1 1 7 6 30 26 18 27 18 11 12 14 25 9 16 20 6 18 16 12 24 25 25 19 8 6 14 13 10 2 3 17 13 22 30 25 14 17 8 26 10 24 13 11 12 29 8 24 25 2 12 1 7 17 10 3 3 15 8 15 24 22 3 14 21 4 30 21 23 19 1 14 1 29 21 5 14 10 2 20 20 26 23 25 29 30 12 9 28 7 22 5 6 15 7 9 10 15 25 11 13 2 26 24 29 11 28 29 4 15 12 13 4 21 30 16
1 17 5
571 662 298 201 262
1 12 6
38 347 288 590 599 661
1 4 11
566 187 143 230 538 123 81 627 156 212 425
1 4 12
87 341 27 44 176 562 147 193 454 415 217 290
1 13 13
459 224 157 577 533 457 499 643 75 26 56 481 677
1 1 12
160 59 263 166 138 158 51 233 89 126 274 303
1 9 18
695 250 683 270 333 450 264 413 666 465 678 667 651 185 435 591 636 655
1 10 17
567 125 10 579 171 28 287 106 100 30 307 200 17 151 231 254 414
1 6 13
214 608 73 278 491 203 661 86 97 105 335 434 629
1 17 14
289 429 368 186 254 400 674 317 352 285 346 235 444 580
1 9 16
558 49 691 646 180 534 430 525 376 338 401 112 4 226 252 567
1 11 10
206 675 211 83 407 413 529 533 621 651
1 3 17
657 116 412 52 137 238 507 199 565 477 23 631 665 420 517 563 597
1 18 16
210 251 446 464 159 90 545 244 102 403 492 331 599 346 476 681
1 12 9
528 475 227 416 6 39 300 443 569
1 16 17
422 535 280 88 560 482 677 239 114 175 624 694 74 485 392 562 572
1 18 14
215 602 228 316 484 379 668 196 630 191 24 142 479 676
1 14 11
40 197 313 34 26 673 315 363 353 374 664
1 11 12
595 461 696 190 458 504 392 168 322 359 419 649
1 5 5
685 60 64 146 280
1 2 11
679 395 2 330 72 404 418 223 208 14 453
1 16 10
360 641 61 364 384 236 164 19 275 332
1 6 5
634 593 390 578 614
1 7 19
350 576 262 478 323 245 71 45 91 680 321 616 574 100 292 416 592 667 691
1 7 15
456 385 205 343 218 97 24 92 597 322 536 367 455 595 672
1 2 14
276 292 19 33 378 255 260 329 410 697 181 173 66 99
1 6 11
505 473 267 62 67 144 172 215 415 618 682
1 4 15
194 580 563 288 427 637 302 426 355 387 80 113 395 432 581
1 1 14
672 575 633 339 513 546 57 419 441 117 406 103 380 437
1 19 8
269 586 259 483 10 174 268 461
1 5 12
79 3 32 654 2 60 95 143 323 338 535 608
1 15 22
688 258 334 590 611 366 340 470 382 541 9 16 38 77 287 375 410 464 551 584 637 643
1 8 5
652 113 334 536 623
1 12 20
241 476 490 161 310 493 109 209 39 439 584 520 296 149 90 117 245 282 433 692
1 16 14
547 335 18 99 548 625 692 13 86 328 384 448 451 630
1 13 17
169 619 440 537 286 35 592 70 7 311 253 442 47 404 493 658 696
1 16 7
162 281 496 235 28 150 442
1 16 16
451 479 300 549 506 165 425 50 95 444 531 268 107 145 511 571
1 14 16
658 604 539 629 556 617 598 605 699 57 68 237 313 350 516 640
1 19 12
620 20 428 76 128 173 177 233 284 295 626 663
1 4 18
542 447 411 486 650 265 407 312 240 121 231 467 50 487 547 587 610 631
1 9 17
226 397 550 16 183 332 569 414 356 585 25 53 222 260 504 641 671
1 14 14
511 85 248 402 591 163 66 250 342 354 436 586 632 659
1 12 13
326 320 84 589 375 132 67 487 358 127 370 541 657
1 18 16
318 168 656 552 606 185 659 380 172 261 118 431 36 136 283 343
1 14 13
0 306 681 568 227 302 315 389 429 458 532 579 594
1 7 14
474 455 653 232 156 438 127 234 120 154 277 528 550 555
1 8 4
644 188 175 279
1 7 21
371 642 434 249 618 111 6 308 204 521 613 93 170 55 116 228 460 514 518 526 570
1 7 11
219 448 80 391 336 297 612 460 526 205 270
1 15 10
421 388 257 369 47 210 247 412 577 600
1 3 13
381 54 229 140 115 686 104 655 182 623 570 65 259
1 13 20
101 5 349 594 523 41 12 242 96 383 213 615 671 139 167 199 358 397 423 441
1 17 13
177 55 42 319 639 305 433 77 91 232 263 351 356
1 2 10
174 471 610 15 512 216 351 85 465 549
1 11 7
295 189 31 225 308 318 424
1 13 10
327 540 423 480 640 181 211 309 534 650
1 8 4
272 243 367 166
1 15 10
660 399 202 303 572 118 296 305 321 605
1 14 15
607 481 463 201 110 11 237 452 179 601 283 609 93 477 492
1 13 8
561 46 70 72 137 160 603 635
1 12 12
225 282 220 530 136 522 247 687 44 148 497 684
1 20 8
337 290 207 370 119 317 409 670
1 16 16
105 309 8 443 614 152 596 135 133 222 126 314 139 23 400 553
1 15 13
119 645 555 31 557 150 684 463 468 471 520 548 686
1 9 14
342 153 472 53 33 40 41 51 71 110 176 588 639 673
1 2 19
362 155 510 509 271 405 519 462 649 386 495 83 3 162 220 417 457 513 648
1 5 19
178 377 217 508 524 578 14 664 469 445 636 184 500 37 21 140 396 627 688
1 12 13
532 361 689 198 693 489 82 219 248 278 485 490 498
1 13 19
669 4 497 516 374 359 345 94 394 221 670 544 246 182 203 206 294 330 674
1 19 19
583 390 372 21 304 635 503 626 648 638 432 306 320 357 376 484 573 575 582
1 10 18
518 502 603 498 554 436 514 408 124 527 293 417 131 88 96 202 585 669
1 8 8
212 698 102 158 164 187 236 467
1 15 12
398 62 279 130 582 453 25 179 324 411 488 699
1 1 15
435 154 409 373 275 107 22 13 78 253 383 431 505 675 679
1 19 19
449 517 553 396 647 252 78 587 9 42 213 386 454 474 539 602 634 642 685
1 10 5
58 564 63 195 286
1 7 16
354 134 344 325 195 56 324 291 274 256 69 682 104 276 612 662
1 3 20
144 151 632 529 600 621 294 1 588 82 266 488 141 189 301 347 381 544 624 680
1 2 21
128 284 277 68 468 663 122 437 142 148 581 501 628 27 46 89 352 373 546 647 652
1 7 10
551 108 301 559 49 135 169 281 361 406
1 12 15
43 690 357 299 145 543 192 161 184 337 426 462 609 617 628
1 20 16
48 466 98 365 573 129 389 273 494 393 17 8 311 328 369 418
1 5 9
29 424 420 43 45 310 331 576 695
1 2 11
353 622 167 65 112 163 438 459 491 593 698
1 16 10
348 676 515 186 230 394 500 501 543 545
