300 77 465 20
22 29 28 24 8 13 28 18 5 1 12 16 2 10 17 5 1 4 30 19 28 23 3 12 6 28 19 23 14 20 24 2 29 18 8 8 30 28 26 11 23 1 28 11 12 24 9 8 27 17 11 25 6 8 16 23 16 9 19 18 13 19 27 12 30 17 22 18 26 12 20 17 2 29 10 23 17 23 25 25 8 11 19 4 25 5 12 25 20 16 11 20 18 3 14 26 12 1 20 17 21 29 15 27 19 16 25 13 28 3 2 15 12 24 16 11 9 20 8 16 20 29 21 15 17 1 7 2 24 25 4 8 27 27 30 5 23 12 1 30 3 18 28 19 9 22 16 7 12 22 1 21 27 28 3 15 25 4 5 26 27 29 16 27 13 5 19 28 30 9 25 25 22 23 20 20 25 2 28 18 16 16 27 21 22 11 16 16 12 4 2 7 21 15 4 17 13 19 27 20 19 15 27 18 7 22 13 21 22 20 6 19 13 8 8 18 17 17 29 1 28 14 18 23 15 10 15 13 24 8 9 28 13 2 30 28 11 11 11 26 16 3 21 8 22 24 17 26 29 4 1 7 5 30 22 25 19 15 15 19 25 24 14 10 15 15 23 4 15 10 18 19 8 16 5 12 18 10 22 10 12 30 18 15 11 23 5 6 22 22 21 5 14 8 17 10 22 8 6 10
24 2 14 1 12 25 27 26 26 19 27 11 11 26 4 17 22 8 7 16 29 8 11 11 26 10 15 13 23 28 30 10 21 2 19 24 27 8 15 3 3 16 8 18 8 30 13 20 20 24 21 17 7 5 29 22 7 30 23 24 1 21 27 9 1 10 18 23 3 3 23 27 22 13 30 24 13 7 19 25 1 14 17 5 27 1 19 27 22 30 20 15 18 4 8 7 28 6 14 16 1 28 20 7 7 21 7 6 28 12 15 17 3 13 13 5 8 7 27 10 6 11 20 24 20 13 25 26 3 1 22 3 8 27 9 22 14 23 18 27 13 3 2 9 16 3 30 13 9 6 19 26 3 16 12 2 29 23 12 21 1 14 14 12 10 13 24 18 9 9 20 10 3 4 23 24 11 18 23 5 28 7 14 15 22 1 7 6 5 26 9 13 29 14 5 6 12 9 23 11 3 2 8 9 2 14 30 15 9 1 30 14 3 23 7 4 13 2 13 24 27 4 2 3 5 1 16 13 25 7 15 25 21 19 13 14 27 21 25 2 20 12 2 1 3 27 4 6 4 12 22 15 8 16 25 12 7 2 25 3 7 3 9 1 15 24 27 20 12 2 2 14 22 7 26 17 5 12 3 19 2 15 26 22 18 12 28 4 13 3 13 29 13 10 22 14 17 8 13 11
1 6 5
117 263 214 15 72
1 20 5
159 279 178 111 189
1 20 9
57 206 10 46 248 123 104 154 161
1 3 8
171 188 258 242 239 42 85 121
1 15 5
233 289 204 61 216
1 6 7
157 165 162 246 164 210 289
1 4 3
126 11 288
1 9 7
62 203 209 224 118 100 146
1 12 8
228 249 109 52 133 147 159 178
1 13 6
190 176 198 138 155 253
1 12 7
148 264 105 236 13 126 191
1 2 6
142 284 175 259 64 156
1 10 8
240 182 121 20 179 82 14 34
1 2 6
292 37 101 273 46 148
1 4 6
94 78 116 197 228 294
1 4 7
129 267 207 6 103 92 87
1 18 7
134 260 143 75 271 280 297
1 5 5
59 115 55 141 222
1 13 5
247 152 281 125 277
1 3 6
213 66 181 38 127 163
1 17 5
71 299 221 185 285
1 7 4
158 44 170 133
1 8 5
200 15 0 91 278
1 4 4
114 294 174 30
1 4 8
128 69 5 53 168 177 221 265
1 4 5
155 91 19 123 157
1 9 8
153 106 161 168 191 55 119 143
1 7 4
286 177 81 202
1 20 8
50 293 231 163 78 211 224 233
1 5 8
278 43 254 65 68 117 152 172
1 12 5
147 130 144 31 226
1 11 6
95 68 80 89 197 105
1 19 9
243 256 124 230 232 0 49 138 140
1 13 8
201 64 83 107 36 56 220 238
1 20 6
196 24 160 85 115 260
1 20 8
45 283 218 290 86 65 70 292
1 7 9
122 113 100 180 241 48 134 248 250
1 9 7
27 49 33 59 66 82 252
1 18 8
220 110 271 16 277 235 128 291
1 3 4
154 287 42 77
1 13 7
257 238 194 183 187 23 2
1 4 5
184 169 167 32 84
1 3 6
96 97 8 217 10 290
1 6 4
26 4 86 95
1 13 10
9 131 149 237 84 251 129 136 142 169
1 5 5
219 227 270 7 8
1 19 4
31 245 27 240
1 18 6
98 87 54 60 118 173
1 19 8
291 18 2 39 58 107 153 261
1 13 5
156 74 195 198 273
1 2 8
186 208 280 5 76 192 236 267
1 9 9
215 137 173 3 72 28 73 199 270
1 18 5
135 295 160 184 286
1 16 9
63 35 172 285 272 274 57 110 167
1 20 6
192 139 252 208 235 251
1 3 7
276 212 269 12 151 257 264
1 5 4
199 14 17 92
1 3 2
120 275
1 19 5
132 193 47 200 201
1 2 8
250 102 151 93 261 67 144 282
1 2 4
41 13 25 76
1 13 5
268 30 90 225 52
1 8 3
47 79 96
1 6 8
119 17 141 99 39 63 207 272
1 12 7
88 1 22 150 237 269 295
1 2 5
73 262 40 44 101
1 14 3
255 185 24
1 10 4
40 166 104 266
1 9 5
205 195 146 33 171
1 4 9
127 140 150 244 223 16 80 102 130
1 19 3
58 202 56
1 11 7
282 211 38 297 89 131 249
1 15 6
51 296 111 21 229 106
1 1 5
29 189 34 226 48
1 4 5
136 60 234 114 135
1 8 9
36 70 28 222 29 71 99 205 283
1 15 10
145 253 112 298 265 108 1 26 93 210
