300 72 465 20
25 28 26 18 22 26 13 6 1 23 17 16 13 11 6 17 3 6 8 29 29 3 16 30 15 9 15 13 11 10 18 29 12 25 7 19 28 3 23 13 5 29 23 19 15 19 27 17 20 7 18 17 29 13 11 5 29 10 1 14 4 18 13 23 24 17 16 2 22 26 3 16 30 25 19 13 9 21 25 18 2 12 5 13 6 12 7 5 13 11 2 25 30 16 8 18 3 25 28 5 25 19 8 11 19 9 14 23 10 18 15 18 5 20 1 29 8 18 21 4 8 24 27 12 17 25 15 2 12 23 4 9 15 4 23 17 17 17 20 28 6 19 24 14 16 28 10 4 28 28 14 30 25 21 7 21 17 30 17 26 20 7 27 30 2 19 1 4 7 8 13 3 2 19 23 5 15 17 23 6 17 20 7 13 30 20 3 30 30 24 2 2 1 3 19 8 13 16 17 20 13 1 6 27 21 21 3 6 19 22 16 27 14 4 22 7 16 27 26 30 3 18 24 4 12 14 2 10 16 14 29 20 27 13 16 11 3 19 7 24 17 16 20 14 19 11 6 29 29 21 10 29 1 23 7 12 30 3 15 8 16 21 13 26 7 17 5 9 15 12 8 26 26 16 16 6 4 9 16 4 15 7 12 11 1 14 4 15 7 8 27 5 30 17 14 23 17 3 29 4
29 18 19 22 1 15 17 16 12 19 13 22 5 10 4 22 4 10 27 3 15 8 30 7 15 27 17 13 7 15 6 4 23 21 25 1 10 27 17 10 15 23 28 13 11 24 30 4 5 12 14 23 5 28 8 15 12 3 10 8 19 6 1 12 28 9 25 24 19 5 5 15 20 8 30 6 10 29 24 21 8 14 4 12 28 25 16 18 23 18 6 3 4 22 27 30 20 12 5 18 13 11 13 5 14 27 8 23 15 23 7 30 8 21 25 11 25 5 23 13 18 21 9 15 10 20 3 10 26 28 2 7 12 25 6 10 24 19 10 30 3 9 21 10 30 13 13 3 26 5 7 21 9 17 13 10 13 16 26 6 14 11 25 29 20 26 15 27 28 5 21 6 4 8 18 6 9 25 16 21 4 25 12 20 29 14 12 2 24 3 26 12 2 7 2 4 29 4 10 4 20 30 6 2 22 20 12 7 7 29 1 1 16 7 19 22 5 13 3 7 19 1 2 3 1 21 27 3 30 6 30 21 21 21 1 16 5 7 4 30 7 22 12 7 23 28 11 26 29 19 18 2 17 18 24 26 8 16 3 23 30 2 23 1 17 14 14 17 30 13 4 13 10 30 14 12 7 21 24 23 15 3 17 7 6 9 11 29 8 7 30 5 11 11 28 7 22 12 17 17
1 12 7
147 203 287 201 8 189 270
1 3 7
158 49 162 239 174 236 258
1 1 7
266 77 286 79 107 232 250
1 16 3
140 35 251
1 13 10
119 89 236 112 70 65 103 135 148 159
1 9 3
274 292 268
1 14 7
285 275 214 216 124 258 165
1 12 7
97 135 86 10 122 201 223
1 18 7
110 174 23 237 59 278 261
1 3 7
118 163 235 73 108 157 288
1 15 12
221 116 133 247 279 173 26 40 93 120 145 184
1 6 11
191 26 150 32 1 291 208 242 278 293 297
1 5 9
98 172 90 166 15 152 45 132 292
1 19 3
259 206 12
1 5 7
254 176 102 139 69 185 235
1 11 5
189 219 82 131 246
1 1 4
177 223 91 249
1 9 8
0 40 296 271 9 24 74 202
1 9 8
185 249 153 20 48 51 80 146
1 3 4
195 255 112 127
1 10 7
5 57 99 136 238 77 117
1 9 7
60 171 283 19 50 66 164
1 13 6
92 39 137 3 14 85
1 8 8
183 129 55 53 210 123 118 144
1 8 3
190 289 229
1 18 7
75 290 31 202 84 92 192
1 19 7
192 128 63 269 164 11 195
1 7 4
277 250 124 234
1 7 6
187 252 199 180 85 130
1 14 3
264 253 196
1 19 7
37 226 71 2 107 207 285
1 10 7
284 225 20 121 7 90 98
1 6 10
205 246 16 106 105 25 61 78 121 266
1 17 10
67 181 87 228 62 96 182 227 263 294
1 17 7
68 33 31 75 224 280 291
1 6 8
51 69 43 47 50 81 128 254
1 3 11
125 234 108 262 175 42 52 104 111 113 139
1 8 6
76 222 122 130 82 244
1 4 8
160 263 213 33 71 76 133 171
1 11 6
8 156 281 218 30 9
1 5 6
54 144 260 28 6 131
1 15 6
141 242 167 80 25 216
1 10 8
96 229 293 42 114 157 53 70
1 17 9
273 161 61 267 62 248 73 168 190
1 11 5
224 29 141 151 194
1 19 8
117 217 233 230 159 211 186 283
1 14 4
198 154 243 256
1 10 6
4 288 272 215 34 248
1 11 3
209 149 136
1 15 11
109 148 297 134 74 57 140 149 153 209 233
1 6 9
94 142 299 83 35 161 252 274 290
1 6 5
11 17 197 215 237
1 14 6
43 93 294 115 79 259
1 1 4
151 212 7 154
1 8 11
13 48 27 10 91 178 58 72 83 179 203
1 18 3
193 65 52
1 5 12
47 265 127 208 104 1 36 123 169 220 276 284
1 13 9
36 38 298 146 200 204 170 188 265
1 17 7
270 169 28 175 207 214 269
1 14 8
101 220 145 170 78 45 12 231
1 10 5
268 186 240 72 16
1 13 11
113 232 44 41 95 168 68 105 150 187 286
1 20 9
194 165 138 188 0 32 193 206 210
1 20 2
132 261
1 10 11
197 276 282 46 245 295 100 147 173 244 247
1 11 3
100 231 296
1 17 5
18 34 182 84 257
1 7 6
81 58 88 155 101 167
1 1 7
103 280 179 120 22 143 196
1 15 6
21 227 126 241 111 152
1 16 5
256 56 14 116 176
1 18 5
24 184 64 44 66
