800 96 1240 18
15 6 14 30 22 24 21 27 11 23 3 2 7 24 10 28 11 16 12 24 8 15 4 3 17 3 7 28 3 2 15 17 9 1 21 21 8 8 14 21 26 5 1 29 11 13 12 10 26 6 6 27 19 25 2 8 13 30 30 30 7 28 11 10 4 17 6 23 1 8 25 29 8 25 2 15 1 29 18 6 26 10 15 14 5 26 2 5 6 24 19 9 21 18 25 19 29 11 16 1 11 4 16 7 11 21 29 25 17 13 5 18 14 4 4 2 4 11 16 21 15 25 7 7 6 13 9 16 3 20 8 12 10 24 11 13 9 17 8 29 10 23 20 9 13 12 17 23 30 27 17 6 18 16 21 4 28 8 12 20 22 11 17 14 23 30 15 13 5 11 9 5 5 14 22 16 16 22 4 15 8 3 13 27 7 27 4 16 13 4 18 11 27 29 21 8 21 11 8 24 4 19 2 9 23 25 25 17 21 23 9 21 21 9 20 18 17 24 8 8 10 10 27 7 22 5 10 25 21 5 23 24 23 5 12 10 16 11 4 3 17 13 24 1 29 29 19 7 9 12 6 19 4 5 11 17 1 26 28 26 17 28 7 18 4 7 1 21 3 13 15 19 14 25 29 4 25 3 28 17 2 23 6 13 21 27 4 5 1 2 6 19 17 10 8 16 6 6 15 19 5 25 9 21 7 27 27 20 22 2 23 12 30 14 2 24 18 9 25 13 22 17 19 4 14 4 19 1 11 13 3 17 23 12 2 27 7 13 30 12 24 11 17 23 23 18 3 1 15 21 16 19 27 4 17 2 1 19 28 2 21 14 9 2 7 26 24 30 16 16 25 30 2 9 25 27 13 6 13 14 15 16 6 7 2 8 12 14 22 18 29 19 26 16 23 8 1 12 6 15 2 20 26 22 24 5 25 22 6 25 30 22 2 27 13 13 15 24 27 27 28 24 1 13 18 15 12 25 9 19 18 19 27 22 30 10 23 9 28 18 4 23 27 11 29 11 19 14 4 4 1 8 11 16 22 18 26 29 22 30 24 6 1 28 3 8 17 16 28 6 6 25 7 11 16 3 12 12 29 13 1 16 29 30 30 26 9 8 17 12 30 17 13 14 25 12 11 11 14 15 18 27 17 6 13 15 13 30 21 2 15 8 1 6 21 13 10 17 12 3 6 19 10 17 29 25 20 12 14 14 26 14 26 25 1 17 7 11 29 26 28 1 19 3 9 22 26 10 24 26 18 26 5 13 19 5 27 15 10 10 11 4 11 24 28 9 7 3 8 12 18 25 10 29 25 4 14 15 10 18 28 21 11 11 27 5 8 16 29 30 29 16 10 10 27 24 9 17 3 16 2 2 9 2 10 13 18 13 3 28 3 20 17 4 18 19 22 28 5 5 22 15 8 6 24 4 25 27 2 23 12 30 10 23 15 30 12 20 29 7 30 10 16 9 5 13 6 2 24 24 22 21 4 8 6 19 1 10 3 4 5 3 15 27 26 3 1 27 19 25 27 7 7 16 7 6 13 22 25 8 27 9 13 4 27 8 21 29 25 5 26 23 6 5 10 9 5 19 2 30 16 30 21 8 25 6 14 24 5 8 11 18 15 11 1 21 4 8 26 11 5 19 27 13 20 8 23 5 28 7 11 17 8 3 17 5 27 5 2 2 14 7 2 5 16 26 19 29 9 24 18 15 12 27 2 21 13 13 20 18 26 3 17 5 28 2 11 18 14 25 29 23 16 18 25 3 23 24 29 19 26 7 2 26 16 7 16 16 13 23 15 24 20 29 13 15 23 25 10 4
6 3 18 3 13 9 10 10 21 28 25 21 20 16 30 22 2 27 15 8 15 11 5 12 9 11 6 30 18 23 23 1 26 29 4 14 26 23 9 22 28 24 17 17 12 27 13 13 16 20 6 3 1 16 26 13 22 4 26 4 16 12 10 30 24 25 18 6 19 29 9 24 17 5 10 18 21 5 16 4 1 11 20 21 7 15 26 18 17 18 24 14 20 22 10 11 25 23 18 12 7 8 26 14 2 20 22 8 17 1 28 30 15 27 3 29 18 25 4 25 16 16 21 14 1 13 12 30 23 15 5 22 20 24 30 11 16 18 19 17 13 1 3 18 19 7 13 18 2 5 15 28 18 20 18 20 24 20 28 27 21 18 22 25 1 17 18 25 21 12 22 3 3 10 29 14 10 14 14 7 5 20 4 1 16 3 3 28 19 24 26 28 21 8 11 8 1 4 26 15 27 8 20 19 5 16 23 16 21 12 11 3 17 5 20 11 7 26 30 2 29 22 24 22 21 8 3 4 29 20 16 22 13 17 5 11 29 23 30 16 15 3 27 8 27 18 11 24 9 22 30 6 18 12 16 30 28 17 20 19 14 10 19 9 17 18 25 18 6 24 13 4 12 3 30 30 21 11 23 7 16 2 9 28 15 9 18 21 30 14 15 3 29 26 7 21 18 6 19 12 18 13 5 12 4 30 18 26 29 10 28 18 9 23 21 10 7 20 18 26 11 7 29 3 1 18 24 10 20 21 12 24 18 13 17 3 26 10 20 2 29 22 27 12 24 10 20 24 4 9 18 22 5 8 24 13 30 6 12 18 20 20 7 7 19 3 3 5 23 23 7 17 28 24 7 4 24 18 5 16 6 28 11 5 27 16 29 16 4 1 7 2 27 12 3 23 8 9 11 7 29 6 28 9 30 20 13 30 25 8 3 21 28 28 12 8 4 17 29 6 30 20 11 21 12 15 15 17 26 27 12 7 19 16 9 25 15 7 6 28 23 20 2 6 8 16 6 17 14 17 15 19 14 24 21 7 27 24 16 21 15 16 24 26 1 5 29 29 21 8 24 15 3 26 18 16 16 26 7 13 11 7 4 26 3 1 19 2 21 15 12 25 14 28 22 14 16 5 24 28 10 30 21 7 8 24 11 12 11 29 22 11 20 3 18 5 7 5 8 20 10 15 15 11 16 25 26 30 17 23 2 28 26 30 26 8 4 10 19 14 29 11 14 8 17 1 25 12 8 26 17 4 20 4 6 21 11 22 4 21 9 4 17 23 28 2 10 3 26 23 29 12 15 10 19 28 28 16 16 21 8 25 4 14 14 25 25 18 29 26 20 1 7 17 3 15 18 23 29 15 6 19 3 8 9 4 15 24 24 17 15 20 19 5 21 8 21 14 26 16 18 28 8 16 25 16 14 6 29 2 24 26 16 17 25 21 23 18 10 29 28 16 8 15 19 6 4 28 27 29 26 24 12 21 22 17 2 11 16 11 8 4 29 30 3 22 16 28 28 16 17 15 12 25 24 11 11 1 2 5 13 18 20 6 15 14 8 10 24 12 30 14 18 7 2 20 3 6 12 1 14 10 10 22 20 4 28 21 15 7 7 28 27 26 14 2 28 21 16 24 12 17 26 14 7 6 16 27 27 12 26 24 25 19 10 10 2 17 27 4 6 23 7 14 10 1 20 4 17 1 19 23 3 14 11 23 25 14 21 4 26 3 7 21 11 4 4 11 25 17 8 9 24 11 21 1 9 26 13 26 24 23 13 6 2 4 15 6 29 17 8 21 26 12 8 26 6 2 22 5
1 4 10
297 371 615 200 515 652 372 276 467 775
1 14 10
527 722 193 324 30 125 143 183 428 674
1 8 13
423 745 465 583 261 541 151 157 10 518 635 655 687
1 19 20
525 215 146 195 736 651 413 685 605 300 363 225 344 86 136 253 338 354 373 767
1 11 17
389 646 428 329 707 625 112 633 655 643 284 559 763 214 85 224 576
1 12 20
270 164 23 328 147 506 427 714 570 690 187 609 353 76 93 588 39 292 522 720
1 16 10
242 218 148 181 508 149 53 5 332 450
1 3 6
133 411 239 365 12 605
1 10 10
654 569 250 223 484 531 549 589 644 723
1 20 16
497 620 350 601 638 163 710 453 37 84 185 225 281 500 702 771
1 9 12
28 747 457 330 702 784 15 104 142 592 676 797
1 7 16
88 770 725 472 338 639 460 495 730 426 599 26 3 174 271 636
1 2 17
369 167 357 796 713 66 208 196 49 138 161 237 343 363 496 506 741
1 20 15
125 102 116 586 400 201 641 27 62 200 269 286 302 647 714
1 3 14
249 309 37 656 382 61 87 129 208 238 359 385 396 756
1 12 9
153 117 4 327 548 667 689 740 757
1 8 19
205 390 416 266 414 412 211 311 364 595 554 165 350 399 435 437 483 584 773
1 18 10
532 134 607 378 60 209 217 247 357 670
1 11 14
489 563 45 197 312 519 275 1 291 596 90 498 586 744
1 19 7
590 505 408 134 242 392 650
1 3 9
471 573 234 334 376 439 473 489 731
1 17 15
264 544 289 518 368 621 285 663 568 661 712 783 89 165 705
1 2 16
48 191 462 322 521 717 141 69 282 346 516 587 606 661 703 768
1 8 8
608 726 6 124 210 284 395 424
1 9 7
612 326 660 219 372 652 786
1 5 15
669 233 420 720 474 78 684 89 561 757 160 689 41 85 211
1 9 8
448 446 305 231 107 51 100 290
1 18 18
267 207 753 454 229 169 533 658 115 123 215 314 401 478 580 595 616 788
1 13 4
18 294 207 336
1 18 20
501 55 482 272 597 650 95 388 150 224 65 567 742 283 383 445 193 393 436 505
1 7 22
94 348 80 35 346 303 721 511 665 190 106 735 210 748 406 614 44 582 660 709 759 778
1 12 12
767 703 358 379 174 696 59 83 307 320 391 444
1 7 17
248 632 395 531 252 7 377 73 49 63 204 8 9 59 137 312 794
1 7 11
640 320 591 432 507 449 795 466 502 624 742
1 3 19
431 32 574 407 277 711 171 226 138 367 715 126 391 103 461 359 411 642 766
1 3 13
520 761 514 185 440 269 523 417 504 598 752 173 680
1 2 7
51 675 321 5 383 508 633
1 10 13
220 374 562 114 159 331 126 130 177 246 345 352 566
1 1 19
464 676 648 60 418 700 765 172 131 746 488 760 296 86 301 136 322 448 504
1 2 12
145 787 485 343 315 734 775 466 692 740 166 686
1 20 7
176 776 117 369 410 669 734
1 6 17
716 70 335 644 792 450 438 415 458 535 687 318 236 277 293 434 752
1 4 9
110 216 292 542 755 435 36 306 559
1 10 22
701 610 52 698 295 539 381 302 240 360 538 405 642 738 393 155 544 547 619 662 696 726
1 2 9
629 286 548 219 307 566 140 695 250
1 6 23
634 156 670 681 119 502 589 618 316 58 84 304 323 490 4 127 361 402 459 463 646 730 753
1 7 13
38 101 39 564 443 13 282 332 65 341 535 654 658
1 17 6
503 8 333 362 567 715
1 18 21
575 549 74 637 782 543 402 547 62 179 437 203 468 168 36 68 112 251 536 665 736
1 1 11
477 677 64 17 243 337 530 537 598 629 780
1 12 11
793 71 455 217 653 43 467 68 109 550 568
1 2 9
790 558 486 91 69 463 325 103 245
1 3 14
356 693 212 396 680 430 129 253 375 447 671 122 20 170
1 9 12
536 227 789 256 493 205 289 528 599 666 711 713
1 20 9
334 290 104 553 386 555 458 490 521
1 17 11
788 645 345 674 90 556 146 189 523 597 719
1 20 20
560 662 550 475 616 259 771 27 361 34 622 21 127 593 88 298 471 482 507 525
1 17 21
108 751 75 579 177 487 10 744 500 611 133 135 168 227 267 296 309 432 468 627 685
1 5 13
429 582 262 479 546 728 456 20 98 25 257 374 675
1 17 22
545 82 198 679 410 161 81 617 777 143 118 14 499 572 682 102 191 356 370 386 421 697
1 17 14
56 194 132 268 308 223 34 114 169 172 176 179 694 748
1 2 12
699 46 628 766 63 239 368 381 413 510 526 663
1 7 15
657 339 673 142 764 354 441 91 128 154 187 614 648 688 707
1 18 19
686 241 274 422 649 697 524 741 510 263 244 791 23 92 94 99 449 461 795
1 15 9
182 759 557 480 262 344 552 656 758
1 20 8
24 587 77 571 459 340 144 150
1 11 15
87 184 279 786 271 492 729 235 451 723 152 107 325 431 724
1 14 14
425 473 342 376 257 50 398 636 540 15 706 52 221 625
1 12 12
121 678 522 349 496 192 313 105 259 470 704 764
1 19 21
370 470 392 705 228 186 137 602 17 144 47 781 664 70 116 218 254 405 472 485 626
1 3 11
434 246 100 135 32 186 265 355 360 462 491
1 9 13
739 341 251 83 119 198 256 427 465 487 608 691 727
1 18 5
494 758 152 604 664
1 6 21
444 115 280 421 352 180 733 732 188 273 40 513 42 281 287 260 275 299 447 651 783
1 19 9
613 600 534 11 337 512 42 196 394
1 10 11
606 397 57 299 79 140 248 365 422 594 735
1 3 8
683 245 56 206 249 287 539 621
1 12 19
173 626 237 743 551 278 255 578 724 189 41 247 576 53 163 419 438 612 728
1 3 15
206 529 750 498 0 794 478 672 109 528 7 29 497 601 769
1 9 23
258 688 238 756 199 79 399 476 170 384 769 719 96 694 623 35 234 241 291 407 503 533 729
1 6 22
635 380 424 347 236 631 29 54 213 99 128 366 731 232 230 516 0 26 228 303 417 563
1 17 16
124 319 175 2 404 12 774 162 317 30 33 67 342 389 557 693
1 3 16
619 178 293 785 772 113 387 592 439 154 580 780 484 403 202 501
1 11 8
647 158 243 627 57 74 328 657
1 12 10
183 306 385 565 260 11 82 311 446 600
1 14 12
708 718 44 537 773 298 754 355 668 373 155 226
1 7 14
3 139 594 691 666 526 442 166 409 327 433 288 460 692
1 13 13
276 123 31 38 171 283 426 492 575 628 737 765 791
1 18 10
351 120 333 121 194 340 672 683 684 718
1 11 9
111 469 577 630 19 78 199 358 397
1 2 10
209 624 314 779 552 491 667 390 443 480
1 5 16
19 585 362 265 221 394 483 31 336 310 222 436 130 659 611 755
1 12 3
6 737 22
1 15 13
778 509 704 452 67 517 401 16 24 310 349 532 762
1 17 16
105 97 727 419 797 72 581 709 530 254 762 9 481 768 274 315
1 11 14
798 92 584 749 799 604 16 603 50 261 529 570 572 792
