1000 316 1550 18
20 39 28 26 37 32 40 14 29 31 22 16 19 11 18 26 28 38 36 23 32 20 12 21 16 26 13 24 11 14 13 18 40 32 32 40 30 20 33 33 24 22 24 39 12 34 18 28 25 33 39 14 22 40 14 28 19 40 20 40 20 39 25 11 31 15 25 31 19 27 20 13 36 26 16 17 32 36 27 23 21 14 28 20 24 19 26 35 38 37 27 11 17 27 34 37 40 34 13 29 37 22 29 37 13 34 33 29 18 18 22 40 34 31 17 17 40 17 17 20 20 17 27 12 14 28 16 12 23 37 25 31 22 22 21 31 16 30 12 31 34 39 12 20 15 25 13 28 18 15 20 16 30 28 40 32 29 26 21 34 29 22 35 26 39 40 16 27 14 11 13 39 39 19 16 19 14 23 34 15 35 17 22 38 38 24 37 24 28 27 22 23 38 13 39 16 35 33 29 24 39 22 15 39 39 26 18 28 12 29 29 34 39 13 31 29 17 27 27 17 17 32 38 32 23 27 28 31 31 13 28 30 20 29 23 20 35 37 36 38 11 38 12 35 11 27 35 22 24 20 37 12 19 37 11 31 11 14 22 13 19 34 40 16 35 34 40 39 11 30 38 29 40 32 24 27 30 14 27 36 36 24 20 32 19 27 35 17 14 23 18 34 19 39 36 15 19 36 20 13 19 34 12 21 30 29 12 15 30 19 23 39 38 36 34 19 37 36 17 11 36 21 24 11 16 20 26 24 13 29 15 32 35 33 34 29 35 39 40 38 32 29 40 25 38 18 31 35 36 34 31 17 37 31 28 13 28 21 28 22 36 31 18 22 28 31 38 12 29 40 12 16 40 20 40 17 28 31 21 31 32 38 28 20 29 38 16 35 17 13 27 28 19 27 24 34 36 30 18 18 31 26 18 19 39 22 38 35 12 18 23 27 39 37 15 27 17 26 39 15 34 38 21 36 26 31 33 25 26 27 27 38 26 37 24 11 37 30 14 25 12 17 40 20 11 32 26 28 35 13 17 28 26 40 12 13 32 14 28 22 32 31 21 27 34 22 22 18 32 22 35 38 36 37 22 15 39 16 16 20 30 19 40 39 14 31 19 29 17 16 18 16 17 12 13 20 14 17 29 40 31 31 36 30 20 13 30 12 16 38 34 33 19 31 22 19 14 28 19 29 18 34 13 40 25 26 15 40 36 19 15 33 24 16 25 40 18 12 18 36 14 16 15 22 25 18 30 11 34 35 37 23 30 34 35 13 13 26 23 12 19 37 27 22 28 18 28 28 28 39 33 17 19 16 21 24 39 22 21 22 39 17 12 38 28 38 35 19 29 23 19 16 24 14 12 18 14 15 19 17 16 22 16 24 23 29 37 33 38 36 32 34 25 38 20 20 36 30 21 17 16 18 11 24 38 22 36 23 30 39 19 27 23 32 19 32 39 18 31 29 26 28 24 40 25 34 39 19 30 25 31 28 15 14 17 26 31 37 36 13 26 34 35 26 27 17 11 38 17 35 40 24 30 35 22 39 36 27 30 22 38 31 28 26 12 18 20 12 35 32 23 17 12 38 40 35 39 16 28 40 31 16 21 39 39 24 31 17 12 31 27 12 16 26 29 22 18 15 37 28 17 16 36 34 32 20 38 26 23 34 19 31 37 19 18 34 28 31 30 22 21 27 28 34 25 14 38 26 34 37 11 22 11 19 38 34 14 16 35 20 24 23 19 33 11 27 34 12 36 38 22 17 29 20 22 16 11 38 17 32 25 28 31 40 26 16 14 12 38 21 22 27 24 26 36 36 24 28 37 39 30 19 38 40 31 11 22 40 33 13 40 40 25 12 11 32 29 30 39 29 38 17 11 25 11 26 32 24 29 37 23 34 36 22 28 33 29 24 31 33 27 35 39 34 18 13 17 15 30 18 33 29 25 38 37 28 29 26 27 17 25 18 11 22 21 34 13 31 34 37 26 39 23 40 28 15 18 21 31 28 18 39 36 36 11 30 16 22 11 34 24 37 18 22 38 27 35 23 11 12 16 17 12 24 12 21 24 24 27 39 19 27 39 29 35 21 38 33 24 27 13 15 19 32 30 39 19 34 23 36 29 15 16 23 34 14 36 40 15 37 32 34 11 35 15 18 38 27 21 21 17 19 32 40 30 34 24 19 33 14 17 28 13 22 32 38 16 27 25 23 32 15 19 36 36 26 16 31 11 28 38 38 30 21 35 38 19 26 20 34 12 21 35 17 20 23 39 40 27 27
10 29 18 16 27 22 30 4 19 21 12 6 9 1 8 16 18 28 26 13 22 10 2 11 6 16 3 14 1 4 3 8 30 22 22 30 20 10 23 23 14 12 14 29 2 24 8 18 15 23 29 4 12 30 4 18 9 30 10 30 10 29 15 1 21 5 15 21 9 17 10 3 26 16 6 7 22 26 17 13 11 4 18 10 14 9 16 25 28 27 17 1 7 17 24 27 30 24 3 19 27 12 19 27 3 24 23 19 8 8 12 30 24 21 7 7 30 7 7 10 10 7 17 2 4 18 6 2 13 27 15 21 12 12 11 21 6 20 2 21 24 29 2 10 5 15 3 18 8 5 10 6 20 18 30 22 19 16 11 24 19 12 25 16 29 30 6 17 4 1 3 29 29 9 6 9 4 13 24 5 25 7 12 28 28 14 27 14 18 17 12 13 28 3 29 6 25 23 19 14 29 12 5 29 29 16 8 18 2 19 19 24 29 3 21 19 7 17 17 7 7 22 28 22 13 17 18 21 21 3 18 20 10 19 13 10 25 27 26 28 1 28 2 25 1 17 25 12 14 10 27 2 9 27 1 21 1 4 12 3 9 24 30 6 25 24 30 29 1 20 28 19 30 22 14 17 20 4 17 26 26 14 10 22 9 17 25 7 4 13 8 24 9 29 26 5 9 26 10 3 9 24 2 11 20 19 2 5 20 9 13 29 28 26 24 9 27 26 7 1 26 11 14 1 6 10 16 14 3 19 5 22 25 23 24 19 25 29 30 28 22 19 30 15 28 8 21 25 26 24 21 7 27 21 18 3 18 11 18 12 26 21 8 12 18 21 28 2 19 30 2 6 30 10 30 7 18 21 11 21 22 28 18 10 19 28 6 25 7 3 17 18 9 17 14 24 26 20 8 8 21 16 8 9 29 12 28 25 2 8 13 17 29 27 5 17 7 16 29 5 24 28 11 26 16 21 23 15 16 17 17 28 16 27 14 1 27 20 4 15 2 7 30 10 1 22 16 18 25 3 7 18 16 30 2 3 22 4 18 12 22 21 11 17 24 12 12 8 22 12 25 28 26 27 12 5 29 6 6 10 20 9 30 29 4 21 9 19 7 6 8 6 7 2 3 10 4 7 19 30 21 21 26 20 10 3 20 2 6 28 24 23 9 21 12 9 4 18 9 19 8 24 3 30 15 16 5 30 26 9 5 23 14 6 15 30 8 2 8 26 4 6 5 12 15 8 20 1 24 25 27 13 20 24 25 3 3 16 13 2 9 27 17 12 18 8 18 18 18 29 23 7 9 6 11 14 29 12 11 12 29 7 2 28 18 28 25 9 19 13 9 6 14 4 2 8 4 5 9 7 6 12 6 14 13 19 27 23 28 26 22 24 15 28 10 10 26 20 11 7 6 8 1 14 28 12 26 13 20 29 9 17 13 22 9 22 29 8 21 19 16 18 14 30 15 24 29 9 20 15 21 18 5 4 7 16 21 27 26 3 16 24 25 16 17 7 1 28 7 25 30 14 20 25 12 29 26 17 20 12 28 21 18 16 2 8 10 2 25 22 13 7 2 28 30 25 29 6 18 30 21 6 11 29 29 14 21 7 2 21 17 2 6 16 19 12 8 5 27 18 7 6 26 24 22 10 28 16 13 24 9 21 27 9 8 24 18 21 20 12 11 17 18 24 15 4 28 16 24 27 1 12 1 9 28 24 4 6 25 10 14 13 9 23 1 17 24 2 26 28 12 7 19 10 12 6 1 28 7 22 15 18 21 30 16 6 4 2 28 11 12 17 14 16 26 26 14 18 27 29 20 9 28 30 21 1 12 30 23 3 30 30 15 2 1 22 19 20 29 19 28 7 1 15 1 16 22 14 19 27 13 24 26 12 18 23 19 14 21 23 17 25 29 24 8 3 7 5 20 8 23 19 15 28 27 18 19 16 17 7 15 8 1 12 11 24 3 21 24 27 16 29 13 30 18 5 8 11 21 18 8 29 26 26 1 20 6 12 1 24 14 27 8 12 28 17 25 13 1 2 6 7 2 14 2 11 14 14 17 29 9 17 29 19 25 11 28 23 14 17 3 5 9 22 20 29 9 24 13 26 19 5 6 13 24 4 26 30 5 27 22 24 1 25 5 8 28 17 11 11 7 9 22 30 20 24 14 9 23 4 7 18 3 12 22 28 6 17 15 13 22 5 9 26 26 16 6 21 1 18 28 28 20 11 25 28 9 16 10 24 2 11 25 7 10 13 29 30 17 17
0 8 29
578 511 379 798 589 459 876 283 565 348 395 451 302 637 998 811 973 199 740 313 990 671 765 449 227 558 702 885 323
0 7 16
493 87 855 112 742 733 652 719 398 364 77 586 922 130 868 318
0 14 10
360 546 187 980 640 830 194 935 563 700
0 19 29
812 760 761 801 329 824 183 833 673 351 263 663 793 239 773 975 569 264 470 564 16 341 516 362 706 605 10 233 483
0 19 26
826 339 226 305 354 977 181 159 560 125 891 28 757 947 342 711 11 216 747 343 417 657 150 602 630 36
0 19 15
960 99 357 86 155 122 15 311 607 739 464 426 591 189 304
0 20 4
961 344 447 628
0 12 21
23 104 300 261 619 232 651 606 666 681 193 572 543 823 764 1 804 370 146 582 800
0 11 32
174 685 275 403 895 98 188 24 917 782 43 741 31 234 309 107 908 303 914 248 929 478 169 47 967 5 319 66 84 664 999 494
0 2 6
111 255 238 439 179 6
0 18 25
490 904 594 762 986 124 132 713 515 981 903 453 114 541 772 809 843 978 946 266 75 293 384 225 383
0 5 23
859 944 889 737 714 775 41 632 612 81 873 438 37 465 538 371 745 691 953 452 987 634 136
0 5 20
837 539 680 603 416 401 611 260 585 662 65 638 599 35 933 147 394 814 985 407
0 2 6
333 992 683 509 520 994
0 2 14
996 481 950 805 717 949 842 968 106 781 880 909 442 322
0 8 7
375 521 29 352 537 815 522
0 20 22
45 566 759 925 467 282 905 158 894 849 105 631 74 836 121 709 108 646 991 810 321 567
0 20 26
88 392 39 429 838 389 70 749 215 508 186 552 347 726 695 143 458 173 601 874 715 624 461 948 468 83
0 15 4
206 866 776 32
0 13 2
178 774
0 14 14
655 161 151 109 287 228 723 817 983 970 163 488 337 750
0 5 23
177 684 783 506 923 142 513 939 214 292 235 893 704 289 180 617 524 861 198 336 411 63 954
0 17 29
253 735 910 380 220 397 886 806 507 317 689 393 408 137 286 330 649 846 473 12 338 780 476 356 390 993 349 807 721
0 14 19
625 828 251 58 957 751 676 51 820 956 669 848 280 160 690 479 366 326 431
0 15 28
69 353 295 752 487 358 841 307 129 557 413 839 436 736 856 460 471 966 97 433 627 18 505 724 661 514 920 231
0 8 12
474 499 412 257 788 276 584 294 262 241 27 797
0 7 14
55 777 580 268 9 30 229 448 4 832 699 753 688 258
0 12 12
138 593 332 769 281 78 414 164 14 90 327 387
0 16 10
884 72 91 854 825 223 896 480 748 931
0 9 7
267 320 445 512 116 486 419
0 10 28
3 641 577 269 618 171 877 857 827 892 172 858 768 573 526 899 570 604 789 588 243 310 883 872 57 331 850 437
0 3 24
197 869 222 423 247 835 794 901 976 730 201 92 502 297 85 615 443 376 388 207 799 2 316 102
0 16 23
140 26 120 456 462 532 623 902 203 217 402 744 415 19 829 145 501 59 556 525 583 951 50
0 17 2
644 792
0 8 11
816 118 675 386 279 113 660 705 446 600 677
0 11 3
845 144 34
1 27 1
0
1 26 1
7
1 21 3
8 686 844
1 13 2
13 997
1 33 1
17
1 26 2
20 345
1 30 4
21 49 469 943
1 23 1
22
1 24 2
25 133
1 23 3
33 475 544
1 36 2
38 485
1 28 1
40
1 25 2
42 648
1 13 1
44
1 35 2
46 900
1 35 2
48 921
1 18 2
52 679
1 38 1
53
1 28 2
54 135
1 27 3
56 755 795
1 13 4
60 131 498 692
1 37 1
61
1 22 2
62 312
1 28 1
64
1 36 1
67
1 15 2
68 860
1 25 1
71
1 34 1
73
1 20 1
76
1 17 3
79 531 698
1 7 1
80
1 25 3
82 285 590
1 21 2
89 802
1 25 1
93
1 37 2
94 224
1 34 3
95 693 743
1 28 1
96
1 17 1
100
1 30 2
101 610
1 18 1
103
1 14 2
110 696
1 28 1
115
1 16 3
117 298 528
1 16 1
119
1 27 2
123 555
1 24 1
126
1 22 1
127
1 23 1
128
1 20 2
134 881
1 13 1
139
1 16 1
141
1 24 2
148 911
1 27 2
149 427
1 22 1
152
1 35 1
153
1 34 1
154
1 21 1
156
1 32 2
157 878
1 19 1
162
1 16 1
165
1 22 2
166 328
1 30 1
167
1 10 1
168
1 26 1
170
1 28 1
175
1 16 1
176
1 22 3
182 454 518
1 18 2
184 898
1 25 1
185
1 23 1
190
1 33 2
191 813
1 29 2
192 867
1 31 1
195
1 21 1
196
1 15 3
200 272 561
1 15 2
202 658
1 27 1
204
1 20 1
205
1 17 4
208 707 818 962
1 19 1
209
1 26 1
210
1 29 1
211
1 12 3
212 259 434
1 22 1
213
1 29 3
218 534 712
1 39 1
219
1 24 1
221
1 23 2
230 299
1 15 1
236
1 14 2
237 982
1 18 1
240
1 33 1
242
1 29 2
244 396
1 22 2
245 865
1 25 3
246 350 633
1 25 1
249
1 27 1
250
1 30 1
252
1 18 1
254
1 35 1
256
1 26 1
265
1 14 1
270
1 20 3
271 720 940
1 28 1
273
1 39 2
274 635
1 7 1
277
1 31 3
278 621 958
1 29 3
284 536 629
1 25 1
288
1 17 2
290 930
1 25 1
291
1 24 1
296
1 18 1
301
1 26 1
306
1 28 1
308
1 19 2
314 432
1 32 5
315 647 650 840 938
1 9 1
324
1 38 2
325 422
1 24 1
334
1 30 2
335 919
1 24 2
340 852
1 27 1
346
1 34 3
355 406 791
1 26 1
359
1 39 1
361
1 11 2
363 410
1 25 1
365
1 34 3
367 373 870
1 36 1
368
1 25 1
369
1 20 1
372
1 14 1
374
1 30 2
377 530
1 16 1
378
1 19 1
381
1 25 2
382 425
1 19 1
385
1 25 1
391
1 35 1
399
1 36 2
400 831
1 28 1
404
1 35 1
405
1 28 3
409 489 913
1 21 2
418 758
1 11 2
420 492
1 10 1
421
1 19 2
424 575
1 31 2
428 756
1 30 2
430 875
1 34 1
435
1 24 1
440
1 35 1
441
1 33 2
444 614
1 16 1
450
1 10 3
455 697 915
1 35 2
457 665
1 27 2
463 581
1 34 1
466
1 31 2
472 636
1 32 1
477
1 15 1
482
1 18 1
484
1 22 1
491
1 34 1
495
1 27 1
496
1 25 3
497 517 548
1 24 1
500
1 37 1
503
1 28 1
504
1 25 1
510
1 31 1
519
1 5 1
523
1 32 3
527 645 864
1 23 2
529 785
1 38 3
533 734 988
1 33 1
535
1 24 1
540
1 12 1
542
1 13 1
545
1 27 3
547 710 819
1 16 2
549 674
1 7 1
550
1 13 1
551
1 29 2
553 659
1 20 2
554 562
1 23 1
559
1 31 1
568
1 11 1
571
1 16 1
574
1 28 1
576
1 26 1
579
1 12 2
587 847
1 20 1
592
1 17 1
595
1 34 2
596 754
1 17 1
597
1 18 1
598
1 21 2
608 725
1 16 1
609
1 22 2
613 639
1 35 2
616 964
1 36 1
620
1 28 1
622
1 37 1
626
1 13 1
642
1 29 1
643
1 13 1
653
1 30 1
654
1 39 1
656
1 24 1
667
1 29 1
668
1 22 1
670
1 24 1
672
1 24 1
678
1 19 1
682
1 11 1
687
1 33 1
694
1 20 2
701 727
1 19 1
703
1 22 1
708
1 38 1
716
1 36 3
718 763 779
1 15 1
722
1 28 1
728
1 16 1
729
1 34 2
731 936
1 9 1
732
1 16 1
738
1 15 1
746
1 12 1
766
1 24 1
767
1 14 1
770
1 34 1
771
1 21 1
778
1 37 2
784 803
1 25 1
786
1 20 1
787
1 30 1
790
1 16 1
796
1 17 1
808
1 29 1
821
1 29 1
822
1 34 1
834
1 9 1
851
1 29 1
853
1 21 1
862
1 24 2
863 918
1 25 1
871
1 10 1
879
1 27 1
882
1 29 1
887
1 30 1
888
1 31 1
890
1 15 1
897
1 23 1
906
1 26 1
907
1 32 1
912
1 27 2
916 984
1 29 1
924
1 27 1
926
1 28 1
927
1 33 1
928
1 22 1
932
1 19 2
934 972
1 22 1
937
1 4 1
941
1 17 1
942
1 22 1
945
1 19 1
952
1 15 1
955
1 24 1
959
1 21 1
963
1 25 1
965
1 16 1
969
1 17 1
971
1 33 1
974
1 16 1
979
1 7 1
989
1 20 1
995
