700 253 1085 20
18 36 36 31 19 26 22 38 38 26 25 35 20 28 36 16 23 14 31 13 12 25 16 13 33 25 38 24 21 22 11 16 38 12 29 22 30 35 40 11 38 16 11 34 11 23 14 11 38 29 21 16 24 36 15 29 31 40 39 37 36 35 20 33 30 11 21 27 35 37 26 23 15 11 37 29 35 24 15 12 21 17 16 20 25 21 14 37 14 29 28 14 30 12 31 24 37 29 28 22 38 23 29 29 32 21 21 14 40 26 33 14 33 15 14 32 40 25 15 30 19 34 29 29 19 12 31 24 30 28 20 21 12 11 12 35 18 39 18 18 40 37 15 26 16 25 40 12 40 28 14 33 40 18 33 29 29 31 27 26 28 34 26 38 20 17 31 20 29 31 38 12 16 13 37 11 34 37 12 16 21 30 14 13 15 12 32 25 31 33 25 13 20 18 28 33 39 26 27 14 40 27 26 16 14 13 35 40 14 33 31 34 30 17 12 29 20 15 33 25 20 23 40 35 27 17 25 11 19 14 38 23 13 34 37 29 31 16 38 22 31 39 38 26 11 16 19 31 12 33 34 35 11 21 37 21 40 22 18 15 26 40 27 30 34 25 12 15 25 12 37 24 13 23 37 24 31 24 28 12 12 25 32 20 37 12 20 22 20 28 40 31 29 31 34 32 18 28 18 35 30 40 31 13 35 26 18 17 29 11 15 25 23 31 12 25 11 33 11 38 15 28 33 21 19 40 24 25 12 28 40 29 16 40 25 33 11 25 33 19 17 18 12 11 37 37 13 33 17 27 39 12 31 14 25 38 26 12 27 17 40 21 26 24 23 20 39 14 18 35 36 31 12 31 25 17 14 11 22 38 24 23 40 21 22 29 35 32 27 19 40 14 24 20 39 32 34 20 29 33 36 32 17 25 36 33 26 22 31 26 26 14 20 15 33 27 18 17 38 30 26 36 27 25 27 21 24 27 35 13 22 15 33 39 30 26 30 17 17 25 33 15 20 11 30 17 28 13 26 40 25 27 12 15 37 40 16 14 32 21 25 12 30 21 13 17 11 33 14 25 11 23 17 17 39 25 17 34 18 13 28 22 40 38 38 30 37 34 40 27 34 33 37 30 12 37 24 33 14 37 32 31 14 17 18 17 22 27 14 26 40 11 32 15 18 34 34 33 35 14 22 12 21 38 17 23 18 30 28 26 13 26 36 29 24 12 17 39 36 34 17 15 16 38 39 23 19 32 35 23 33 21 15 31 36 17 22 12 31 28 19 29 31 22 33 27 13 11 29 29 33 22 18 40 25 32 33 17 39 17 29 28 32 26 35 28 27 12 35 26 29 18 20 24 40 28 28 31 29 24 39 36 37 33 18 40 23 23 14 31 38 30 24 11 25 21 16 18 34 23 19 32 30 22 29 38 34 13 34 17 24 40 29 31 29 39 38 39 21 20 28 36 26 21 17 13 33 16 30 34 18 12 35 15 37 38 39 38 40 13 31 36 38 30 32 35 18 20 18 29 17 36 16 19 34 20 32 23 14 34 19 26 26 32 11 15 26 16 16 17 11 11 38 14 29 26 34 23 17 37
8 26 26 21 9 16 12 28 28 16 15 25 10 18 26 6 13 4 21 3 2 15 6 3 23 15 28 14 11 12 1 6 28 2 19 12 20 25 30 1 28 6 1 24 1 13 4 1 28 19 11 6 14 26 5 19 21 30 29 27 26 25 10 23 20 1 11 17 25 27 16 13 5 1 27 19 25 14 5 2 11 7 6 10 15 11 4 27 4 19 18 4 20 2 21 14 27 19 18 12 28 13 19 19 22 11 11 4 30 16 23 4 23 5 4 22 30 15 5 20 9 24 19 19 9 2 21 14 20 18 10 11 2 1 2 25 8 29 8 8 30 27 5 16 6 15 30 2 30 18 4 23 30 8 23 19 19 21 17 16 18 24 16 28 10 7 21 10 19 21 28 2 6 3 27 1 24 27 2 6 11 20 4 3 5 2 22 15 21 23 15 3 10 8 18 23 29 16 17 4 30 17 16 6 4 3 25 30 4 23 21 24 20 7 2 19 10 5 23 15 10 13 30 25 17 7 15 1 9 4 28 13 3 24 27 19 21 6 28 12 21 29 28 16 1 6 9 21 2 23 24 25 1 11 27 11 30 12 8 5 16 30 17 20 24 15 2 5 15 2 27 14 3 13 27 14 21 14 18 2 2 15 22 10 27 2 10 12 10 18 30 21 19 21 24 22 8 18 8 25 20 30 21 3 25 16 8 7 19 1 5 15 13 21 2 15 1 23 1 28 5 18 23 11 9 30 14 15 2 18 30 19 6 30 15 23 1 15 23 9 7 8 2 1 27 27 3 23 7 17 29 2 21 4 15 28 16 2 17 7 30 11 16 14 13 10 29 4 8 25 26 21 2 21 15 7 4 1 12 28 14 13 30 11 12 19 25 22 17 9 30 4 14 10 29 22 24 10 19 23 26 22 7 15 26 23 16 12 21 16 16 4 10 5 23 17 8 7 28 20 16 26 17 15 17 11 14 17 25 3 12 5 23 29 20 16 20 7 7 15 23 5 10 1 20 7 18 3 16 30 15 17 2 5 27 30 6 4 22 11 15 2 20 11 3 7 1 23 4 15 1 13 7 7 29 15 7 24 8 3 18 12 30 28 28 20 27 24 30 17 24 23 27 20 2 27 14 23 4 27 22 21 4 7 8 7 12 17 4 16 30 1 22 5 8 24 24 23 25 4 12 2 11 28 7 13 8 20 18 16 3 16 26 19 14 2 7 29 26 24 7 5 6 28 29 13 9 22 25 13 23 11 5 21 26 7 12 2 21 18 9 19 21 12 23 17 3 1 19 19 23 12 8 30 15 22 23 7 29 7 19 18 22 16 25 18 17 2 25 16 19 8 10 14 30 18 18 21 19 14 29 26 27 23 8 30 13 13 4 21 28 20 14 1 15 11 6 8 24 13 9 22 20 12 19 28 24 3 24 7 14 30 19 21 19 29 28 29 11 10 18 26 16 11 7 3 23 6 20 24 8 2 25 5 27 28 29 28 30 3 21 26 28 20 22 25 8 10 8 19 7 26 6 9 24 10 22 13 4 24 9 16 16 22 1 5 16 6 6 7 1 1 28 4 19 16 24 13 7 27
0 1 19
452 274 549 377 468 449 484 645 129 331 30 551 478 391 423 155 134 509 600
0 4 1
506
0 11 21
96 537 59 273 263 50 518 49 230 254 82 350 560 142 92 643 473 332 387 246 67
0 9 2
393 573
0 10 21
660 297 284 676 503 552 253 9 93 512 2 83 491 94 6 438 139 66 158 358 309
0 14 22
212 564 550 289 141 376 654 475 398 586 128 248 75 235 689 346 168 697 210 68 225 624
0 1 14
255 231 678 699 555 370 435 27 31 222 630 592 367 493
0 18 11
589 120 192 251 451 41 415 559 619 187 299
0 8 5
541 581 293 606 131
0 9 3
126 598 462
0 9 5
91 157 432 540 557
0 10 10
380 450 530 456 516 463 34 695 135 100
0 7 13
521 84 657 485 206 547 203 176 322 553 474 295 199
0 17 20
344 520 408 590 567 204 26 304 386 250 437 631 243 641 381 25 459 167 492 18
0 17 18
688 202 114 369 207 220 404 644 183 472 401 227 487 632 132 12 640 305
0 4 10
390 32 189 285 179 38 513 0 56 479
0 19 19
523 361 347 244 52 429 195 628 497 191 422 418 236 62 682 693 153 224 417
0 19 10
685 318 538 575 399 117 174 277 178 554
0 8 9
259 467 502 193 190 354 125 17 324
0 15 13
407 99 406 121 392 436 325 311 1 679 543 504 21
0 11 14
663 81 626 136 112 517 411 208 528 577 609 249 36 633
0 2 3
185 465 337
0 18 15
218 267 385 103 107 348 443 683 455 426 170 228 665 469 561
0 8 1
652
0 8 5
651 372 95 149 496
0 16 12
442 111 241 221 3 57 291 578 78 33 698 375
0 18 12
342 296 666 11 281 330 198 447 382 65 80 29
0 12 9
490 13 522 123 597 531 395 608 649
0 11 8
414 614 669 568 650 264 430 464
0 10 18
48 271 394 19 319 571 184 334 55 524 46 576 355 482 533 488 570 315
0 11 20
63 343 166 653 529 61 130 692 670 373 333 362 378 579 648 627 143 270 88 70
0 8 4
317 37 603 214
0 11 13
461 252 470 341 226 303 266 172 51 119 242 667 328
0 7 15
69 108 364 16 353 154 180 647 234 615 4 113 634 335 279
0 11 2
276 336
0 14 20
326 345 356 294 307 164 612 262 672 302 229 439 127 239 402 566 182 668 257 124
0 9 15
535 507 258 601 453 588 86 534 109 365 363 664 548 593 686
0 2 4
87 642 639 562
0 5 1
544
1 30 1
5
1 30 1
7
1 28 4
8 77 102 384
1 10 3
10 186 232
1 21 2
14 658
1 18 1
15
1 26 1
20
1 21 2
22 159
1 24 2
23 209
1 24 1
24
1 26 2
28 527
1 27 1
35
1 29 1
39
1 23 1
40
1 23 1
42
1 18 1
43
1 22 2
44 610
1 20 1
45
1 26 1
47
1 15 1
53
1 18 1
54
1 27 1
58
1 37 1
60
1 34 1
64
1 17 1
71
1 28 1
72
1 33 1
73
1 36 1
74
1 18 1
76
1 15 1
79
1 27 2
85 691
1 27 1
89
1 29 2
90 339
1 28 1
97
1 21 3
98 360 495
1 24 2
101 338
1 35 1
104
1 29 1
105
1 18 2
106 340
1 18 1
110
1 23 1
115
1 20 1
116
1 18 2
118 613
1 27 2
122 508
1 31 2
133 421
1 27 1
137
1 15 2
138 471
1 10 1
140
1 19 1
144
1 31 1
145
1 12 1
146
1 18 1
147
1 25 1
148
1 11 1
150
1 26 1
151
1 22 2
152 574
1 32 1
156
1 18 2
160 621
1 11 1
161
1 16 2
162 379
1 17 1
163
1 20 1
165
1 5 1
169
1 29 1
171
1 22 1
173
1 28 1
175
1 11 2
177 595
1 20 1
181
1 27 1
188
1 9 1
194
1 28 1
196
1 31 1
197
1 24 1
200
1 10 2
201 282
1 20 1
205
1 30 1
211
1 12 1
213
1 23 1
215
1 19 1
216
1 6 1
217
1 21 3
219 301 582
1 21 1
223
1 27 1
233
1 15 1
237
1 29 1
238
1 16 1
240
1 9 1
245
1 20 1
247
1 20 2
256 260
1 25 1
261
1 19 2
265 300
1 12 1
268
1 15 1
269
1 22 2
272 288
1 15 1
275
1 25 1
278
1 25 1
280
1 8 1
283
1 28 1
286
1 24 1
287
1 16 1
290
1 26 1
292
1 22 1
298
1 10 1
306
1 25 1
308
1 24 1
310
1 34 2
312 637
1 27 1
313
1 19 1
314
1 22 1
316
1 19 1
320
1 22 1
321
1 30 1
323
1 19 1
327
1 27 1
329
1 19 1
349
1 23 1
351
1 19 1
352
1 26 1
357
1 25 1
359
1 12 2
366 620
1 32 2
368 671
1 32 1
371
1 30 1
374
1 26 1
383
1 22 1
388
1 19 1
389
1 32 1
396
1 15 1
397
1 23 1
400
1 20 1
403
1 22 1
405
1 27 1
409
1 9 1
410
1 11 2
412 618
1 35 1
413
1 20 2
416 434
1 28 3
419 420 655
1 28 1
424
1 2 1
425
1 19 1
427
1 12 1
428
1 21 2
431 635
1 33 2
433 680
1 18 1
440
1 13 2
441 604
1 22 1
444
1 10 1
445
1 16 1
446
1 21 1
448
1 15 2
454 675
1 19 1
457
1 27 1
458
1 25 1
460
1 19 2
466 587
1 3 1
476
1 22 1
477
1 18 1
480
1 9 1
481
1 17 1
483
1 10 1
486
1 19 1
489
1 19 1
494
1 17 2
498 546
1 10 1
499
1 29 1
500
1 14 1
501
1 26 1
505
1 5 1
510
1 36 1
511
1 16 1
514
1 18 2
515 687
1 20 1
519
1 8 2
525 565
1 29 1
526
1 29 1
532
1 22 1
536
1 32 1
539
1 27 2
542 572
1 13 1
545
1 14 1
556
1 30 1
558
1 29 2
563 611
1 19 1
569
1 20 1
580
1 26 1
583
1 16 1
584
1 20 1
585
1 21 1
591
1 22 1
594
1 23 1
596
1 19 1
599
1 27 1
602
1 20 1
605
1 3 1
607
1 24 1
616
1 18 1
617
1 18 1
622
1 22 2
623 661
1 24 2
625 638
1 28 1
629
1 19 1
636
1 13 1
646
1 11 1
656
1 19 1
659
1 14 1
662
1 23 1
673
1 23 1
674
1 11 1
677
1 12 1
681
1 20 1
684
1 25 1
690
1 25 1
694
1 25 1
696
