800 282 1240 18
15 35 38 23 15 30 12 14 24 33 28 15 18 18 28 16 25 27 16 14 26 24 34 18 28 16 14 34 21 24 23 20 27 31 13 29 31 22 25 37 37 14 20 36 20 11 37 34 36 38 28 17 12 13 36 34 14 28 30 20 20 40 35 15 35 17 11 20 17 40 33 27 39 40 22 31 37 20 29 37 14 38 21 33 30 40 14 15 16 39 23 22 27 40 18 19 14 36 22 31 39 28 20 40 29 34 24 36 27 16 22 15 32 11 34 18 23 38 27 19 17 25 33 30 27 19 21 31 25 28 18 13 30 22 24 40 16 38 37 31 35 16 37 22 32 12 27 32 14 25 33 13 20 38 23 36 39 27 40 32 13 24 23 22 21 29 14 37 33 19 22 32 25 17 28 39 11 27 11 39 31 22 25 26 34 33 13 32 39 27 33 39 35 18 13 19 16 27 36 31 35 13 30 28 26 26 26 29 11 16 40 24 36 25 38 15 25 31 19 23 29 38 16 31 18 16 13 20 13 40 32 28 21 27 28 19 30 20 28 13 27 16 21 11 40 30 16 34 20 14 26 19 14 20 38 17 40 40 31 40 18 16 14 34 12 17 34 23 15 17 22 34 34 26 12 33 36 39 39 24 15 30 13 25 32 38 11 40 28 37 18 19 32 19 25 22 23 18 17 36 34 35 14 11 23 40 33 26 37 22 16 15 13 25 36 26 32 37 27 30 37 17 20 34 15 38 33 36 33 19 28 24 18 23 31 15 29 28 31 18 20 33 40 35 32 19 30 31 36 33 37 13 21 32 12 15 12 14 37 29 23 38 18 25 27 30 16 23 26 16 15 23 34 19 40 31 23 19 16 11 37 19 17 18 34 23 27 37 34 15 27 11 12 31 13 32 21 33 26 13 27 33 38 18 38 13 14 21 12 17 35 14 15 12 19 22 26 34 16 31 31 11 37 40 39 24 26 29 25 22 11 22 26 13 26 24 34 30 31 15 15 36 36 29 21 33 28 39 23 17 17 37 39 22 29 12 28 32 22 33 33 38 35 26 30 13 16 24 29 15 21 32 28 34 13 22 34 11 27 30 38 13 22 20 34 17 30 38 34 22 35 34 38 38 27 27 19 36 40 39 38 35 33 18 32 36 31 36 29 23 36 18 28 38 12 40 38 19 21 13 13 37 12 20 11 24 37 22 26 34 15 36 13 11 35 26 33 15 14 14 15 25 24 26 24 39 27 25 32 25 25 13 39 27 15 26 36 33 25 20 19 22 30 25 35 11 35 29 19 28 20 21 29 38 24 30 28 14 20 11 14 37 39 19 14 16 40 31 27 39 28 14 40 29 35 28 27 31 14 23 31 35 33 28 38 13 36 36 33 20 37 19 29 36 12 11 28 14 30 24 34 20 14 12 36 29 35 13 36 11 30 14 25 12 27 28 25 26 39 17 24 17 33 28 21 37 13 36 13 28 36 35 27 27 35 36 18 26 11 26 28 16 38 35 11 18 11 37 29 38 12 23 24 39 14 15 11 28 38 40 32 24 16 14 34 33 23 39 36 35 40 11 15 13 28 31 14 39 26 20 13 31 23 25 17 31 28 35 11 13 25 32 27 27 24 18 30 30 16 13 13 39 32 37 24 38 15 14 32 27 39 32 35 32 32 18 22 25 12 27 27 19 19 15 26 31 17 22 34 20 18 32 26 33 20 17 14 13 38 35 19 22 37 36 22 20 36 26 40 35 26 12 35 19 35 34 11 36 27 19 20 33 35 32 33 25 35 27 32 14 33 40 30 39 28 36 11 19 29 38
5 25 28 13 5 20 2 4 14 23 18 5 8 8 18 6 15 17 6 4 16 14 24 8 18 6 4 24 11 14 13 10 17 21 3 19 21 12 15 27 27 4 10 26 10 1 27 24 26 28 18 7 2 3 26 24 4 18 20 10 10 30 25 5 25 7 1 10 7 30 23 17 29 30 12 21 27 10 19 27 4 28 11 23 20 30 4 5 6 29 13 12 17 30 8 9 4 26 12 21 29 18 10 30 19 24 14 26 17 6 12 5 22 1 24 8 13 28 17 9 7 15 23 20 17 9 11 21 15 18 8 3 20 12 14 30 6 28 27 21 25 6 27 12 22 2 17 22 4 15 23 3 10 28 13 26 29 17 30 22 3 14 13 12 11 19 4 27 23 9 12 22 15 7 18 29 1 17 1 29 21 12 15 16 24 23 3 22 29 17 23 29 25 8 3 9 6 17 26 21 25 3 20 18 16 16 16 19 1 6 30 14 26 15 28 5 15 21 9 13 19 28 6 21 8 6 3 10 3 30 22 18 11 17 18 9 20 10 18 3 17 6 11 1 30 20 6 24 10 4 16 9 4 10 28 7 30 30 21 30 8 6 4 24 2 7 24 13 5 7 12 24 24 16 2 23 26 29 29 14 5 20 3 15 22 28 1 30 18 27 8 9 22 9 15 12 13 8 7 26 24 25 4 1 13 30 23 16 27 12 6 5 3 15 26 16 22 27 17 20 27 7 10 24 5 28 23 26 23 9 18 14 8 13 21 5 19 18 21 8 10 23 30 25 22 9 20 21 26 23 27 3 11 22 2 5 2 4 27 19 13 28 8 15 17 20 6 13 16 6 5 13 24 9 30 21 13 9 6 1 27 9 7 8 24 13 17 27 24 5 17 1 2 21 3 22 11 23 16 3 17 23 28 8 28 3 4 11 2 7 25 4 5 2 9 12 16 24 6 21 21 1 27 30 29 14 16 19 15 12 1 12 16 3 16 14 24 20 21 5 5 26 26 19 11 23 18 29 13 7 7 27 29 12 19 2 18 22 12 23 23 28 25 16 20 3 6 14 19 5 11 22 18 24 3 12 24 1 17 20 28 3 12 10 24 7 20 28 24 12 25 24 28 28 17 17 9 26 30 29 28 25 23 8 22 26 21 26 19 13 26 8 18 28 2 30 28 9 11 3 3 27 2 10 1 14 27 12 16 24 5 26 3 1 25 16 23 5 4 4 5 15 14 16 14 29 17 15 22 15 15 3 29 17 5 16 26 23 15 10 9 12 20 15 25 1 25 19 9 18 10 11 19 28 14 20 18 4 10 1 4 27 29 9 4 6 30 21 17 29 18 4 30 19 25 18 17 21 4 13 21 25 23 18 28 3 26 26 23 10 27 9 19 26 2 1 18 4 20 14 24 10 4 2 26 19 25 3 26 1 20 4 15 2 17 18 15 16 29 7 14 7 23 18 11 27 3 26 3 18 26 25 17 17 25 26 8 16 1 16 18 6 28 25 1 8 1 27 19 28 2 13 14 29 4 5 1 18 28 30 22 14 6 4 24 23 13 29 26 25 30 1 5 3 18 21 4 29 16 10 3 21 13 15 7 21 18 25 1 3 15 22 17 17 14 8 20 20 6 3 3 29 22 27 14 28 5 4 22 17 29 22 25 22 22 8 12 15 2 17 17 9 9 5 16 21 7 12 24 10 8 22 16 23 10 7 4 3 28 25 9 12 27 26 12 10 26 16 30 25 16 2 25 9 25 24 1 26 17 9 10 23 25 22 23 15 25 17 22 4 23 30 20 29 18 26 1 9 19 28
0 15 13
347 393 503 470 327 355 711 329 440 232 330 211 476
0 11 11
348 203 129 170 756 273 600 10 706 144 361
0 14 1
339
0 8 11
526 161 287 610 685 48 33 381 78 244 636
0 1 23
324 378 603 241 19 6 116 555 463 322 520 715 121 268 488 107 627 412 92 138 461 127 334
0 13 26
110 221 42 739 533 126 297 658 345 311 462 286 263 652 128 602 323 223 732 257 416 87 535 20 123 77
0 5 18
63 50 113 790 609 433 620 64 282 290 540 577 274 712 714 619 752 681
0 14 5
171 789 777 434 392
0 8 4
621 705 69 131
0 4 22
135 469 614 491 79 546 447 477 561 275 734 798 391 500 397 651 414 518 571 89 314 157
0 11 21
247 370 318 149 780 744 25 225 384 650 735 187 179 486 166 13 449 254 237 749 679
0 6 17
75 590 205 182 661 527 490 718 499 647 186 747 425 766 631 583 34
0 9 3
59 40 684
0 20 10
736 169 432 220 396 188 514 589 628 639
0 12 22
357 648 410 84 101 655 493 409 665 239 22 448 575 799 256 738 625 375 634 420 671 264
0 6 10
261 531 668 765 660 265 72 724 516 37
0 2 1
227
0 11 7
252 695 688 557 356 404 552
0 19 16
36 680 363 616 340 757 165 720 106 566 530 23 300 506 568 581
0 3 7
93 209 255 201 130 528 45
0 11 16
743 505 717 208 473 721 28 120 532 308 146 231 394 633 191 584
0 2 26
638 417 797 442 238 167 280 390 143 677 156 145 548 43 11 482 745 667 755 497 492 367 178 0 632 691
0 2 8
484 103 539 529 553 427 452 115
0 8 10
708 16 190 544 320 112 787 741 27 364
0 7 17
122 76 5 38 464 443 728 758 786 302 118 49 174 354 760 523 86
0 19 19
319 588 351 773 313 154 682 570 132 376 512 703 374 643 618 284 678 269 341
0 9 2
401 259
0 19 20
2 649 317 325 640 560 41 98 57 719 460 61 52 46 47 796 536 377 266 366
0 1 9
644 66 15 192 379 62 762 670 371
0 17 14
435 580 696 88 504 791 699 606 312 764 455 193 445 710
0 14 8
9 349 622 250 3 587 251 358
0 18 9
372 94 538 230 21 594 601 444 672
0 13 5
82 335 480 428 694
0 12 20
579 599 782 242 569 550 111 267 487 58 85 769 453 105 151 253 386 436 279 784
0 3 3
295 83 30
0 19 6
662 228 277 468 778 626
0 18 14
234 306 615 556 177 697 768 159 585 346 292 136 68 495
0 4 18
496 197 172 283 202 168 385 39 450 441 774 605 198 350 119 408 657 399
0 8 7
701 56 141 216 114 67 331
0 19 12
74 139 572 12 558 751 194 629 200 73 562 709
1 7 2
1 24
1 13 3
4 163 524
1 9 2
7 315
1 16 1
8
1 31 1
14
1 8 2
17 779
1 23 1
18
1 27 1
26
1 17 2
29 240
1 25 1
31
1 23 1
32
1 17 2
35 459
1 18 1
44
1 13 1
51
1 24 2
53 183
1 11 1
54
1 14 1
55
1 16 1
60
1 24 2
65 137
1 22 2
70 365
1 15 4
71 333 510 659
1 5 1
80
1 13 1
81
1 22 1
90
1 33 1
91
1 19 1
95
1 25 2
96 281
1 17 1
97
1 20 2
99 498
1 31 4
100 534 656 727
1 30 3
102 368 542
1 24 1
104
1 24 1
108
1 13 2
109 140
1 15 1
117
1 21 1
124
1 15 1
125
1 13 1
133
1 34 1
134
1 21 1
142
1 20 1
147
1 23 1
148
1 20 1
150
1 21 1
152
1 18 2
153 419
1 11 1
155
1 14 1
158
1 31 1
160
1 16 1
162
1 26 2
164 343
1 30 3
173 466 617
1 27 1
175
1 19 1
176
1 24 2
180 184
1 7 1
181
1 22 2
185 541
1 19 2
189 663
1 11 2
195 362
1 21 2
196 792
1 26 1
199
1 36 2
204 407
1 20 1
206
1 9 2
207 451
1 29 1
210
1 27 1
212
1 13 2
213 707
1 21 2
214 472
1 11 1
215
1 16 2
217 564
1 6 1
218
1 11 1
219
1 10 1
222
1 12 2
224 316
1 18 1
226
1 11 1
229
1 27 1
233
1 8 1
235
1 17 3
236 465 597
1 26 2
243 298
1 21 1
245
1 14 1
246
1 34 1
248
1 25 1
249
1 37 1
258
1 13 2
260 574
1 23 1
262
1 33 1
270
1 28 1
271
1 22 2
272 289
1 24 1
276
1 30 1
278
1 20 1
285
1 27 1
288
1 22 1
291
1 14 1
293
1 25 2
294 310
1 25 2
296 573
1 30 1
299
1 28 2
301 716
1 12 1
303
1 32 2
304 309
1 20 1
305
1 23 3
307 421 635
1 19 1
321
1 28 1
326
1 31 2
328 771
1 33 2
332 794
1 22 1
336
1 36 2
337 502
1 30 1
338
1 20 2
342 494
1 23 1
344
1 28 1
352
1 19 2
353 415
1 20 1
359
1 14 1
360
1 21 1
369
1 30 1
373
1 19 1
380
1 17 1
382
1 21 1
383
1 32 1
387
1 20 2
388 675
1 21 1
389
1 26 1
395
1 15 1
398
1 26 1
400
1 21 1
402
1 16 2
403 723
1 39 1
405
1 34 1
406
1 39 1
411
1 15 1
413
1 39 1
418
1 6 1
422
1 29 1
423
1 35 2
424 525
1 36 2
426 457
1 23 1
429
1 20 1
430
1 38 1
431
1 20 1
437
1 8 1
438
1 33 1
439
1 31 1
446
1 27 1
454
1 15 1
456
1 19 1
458
1 13 1
467
1 14 1
471
1 33 2
474 612
1 10 1
475
1 15 2
478 519
1 16 1
479
1 16 1
481
1 22 1
483
1 24 1
485
1 9 1
489
1 12 1
501
1 13 2
507 775
1 19 1
508
1 17 1
509
1 9 2
511 578
1 32 1
513
1 28 1
515
1 30 2
517 593
1 26 1
521
1 23 1
522
1 13 2
537 788
1 19 1
543
1 26 1
545
1 14 1
547
1 4 1
549
1 26 1
551
1 15 1
554
1 21 1
559
1 18 1
563
1 30 1
565
1 7 1
567
1 27 1
576
1 18 2
582 595
1 26 2
586 731
1 33 1
591
1 27 1
592
1 26 1
596
1 7 1
598
1 23 1
604
1 31 1
607
1 27 1
608
1 7 1
611
1 16 1
613
1 22 1
623
1 12 1
624
1 23 1
630
1 26 1
637
1 5 2
641 687
1 30 1
642
1 18 1
645
1 15 1
646
1 19 1
653
1 25 1
654
1 20 1
664
1 18 1
666
1 30 2
669 781
1 12 2
673 746
1 23 1
674
1 6 1
676
1 24 1
683
1 32 1
686
1 18 1
689
1 25 1
690
1 26 1
692
1 20 1
693
1 25 1
698
1 21 1
700
1 32 1
702
1 16 1
704
1 31 1
713
1 8 1
722
1 10 1
725
1 26 1
726
1 30 1
729
1 18 1
730
1 14 1
733
1 14 1
737
1 28 1
740
1 7 1
742
1 22 1
748
1 9 1
750
1 25 1
753
1 31 1
754
1 22 1
759
1 16 1
761
1 29 1
763
1 25 1
767
1 23 1
770
1 25 1
772
1 16 1
776
1 23 1
783
1 21 1
785
1 36 1
793
1 15 1
795
