500 218 775 20
28 29 38 31 16 12 28 13 23 39 26 18 31 26 21 21 37 28 27 33 34 25 17 27 11 19 16 39 17 15 31 38 14 37 12 34 38 18 34 23 28 25 20 37 33 27 13 16 24 22 23 36 17 40 18 27 40 28 22 24 11 21 34 15 39 36 35 15 32 34 26 36 15 37 13 35 33 21 19 16 13 11 29 27 18 37 35 15 27 20 11 26 26 29 33 33 13 26 26 20 15 21 36 19 25 39 16 33 39 22 29 34 32 35 27 36 37 25 15 19 36 20 19 37 27 25 39 11 19 27 35 14 38 20 33 24 38 17 14 28 14 27 23 17 34 25 20 11 26 24 32 30 34 24 33 23 14 33 15 30 39 37 31 16 27 21 35 24 13 27 11 28 33 32 36 12 11 26 27 28 35 31 34 19 34 21 14 34 33 32 25 28 28 26 33 28 34 23 26 39 28 31 14 32 33 15 27 31 40 35 23 18 25 39 23 17 34 36 21 19 31 34 40 21 22 39 14 17 39 38 32 21 27 18 34 14 20 37 11 28 24 38 35 37 38 12 37 23 40 34 29 15 11 30 20 36 16 28 19 40 35 29 27 17 22 17 33 39 18 28 26 16 35 29 23 13 20 24 20 13 20 39 12 39 39 31 11 22 29 15 21 37 23 26 20 38 17 31 34 14 40 39 14 16 24 12 25 28 34 35 27 13 15 23 40 12 32 39 25 34 12 32 23 20 40 37 20 19 40 32 32 25 30 26 36 19 17 24 18 27 15 28 23 30 31 35 27 13 23 25 36 25 23 18 37 24 29 19 16 16 28 24 24 13 12 15 20 27 38 23 39 15 39 22 35 35 28 37 25 20 31 31 17 13 22 34 16 23 25 20 22 28 13 25 17 40 20 22 15 30 27 36 29 20 25 35 40 15 27 37 34 27 25 35 21 15 18 11 31 33 24 34 16 17 29 38 14 32 17 33 21 17 23 19 20 12 34 32 35 11 20 28 12 13 21 23 23 14 19 27 23 25 38 38 38 36 18 33 20 32 18 13 22 19 27 35 13 16 26 39 20 20 33 11 11 30 21 12 33 11 24 32 38 29 33 13 36 18 32 39 39 22 37 17 15 40 39 15 23 26
18 19 28 21 6 2 18 3 13 29 16 8 21 16 11 11 27 18 17 23 24 15 7 17 1 9 6 29 7 5 21 28 4 27 2 24 28 8 24 13 18 15 10 27 23 17 3 6 14 12 13 26 7 30 8 17 30 18 12 14 1 11 24 5 29 26 25 5 22 24 16 26 5 27 3 25 23 11 9 6 3 1 19 17 8 27 25 5 17 10 1 16 16 19 23 23 3 16 16 10 5 11 26 9 15 29 6 23 29 12 19 24 22 25 17 26 27 15 5 9 26 10 9 27 17 15 29 1 9 17 25 4 28 10 23 14 28 7 4 18 4 17 13 7 24 15 10 1 16 14 22 20 24 14 23 13 4 23 5 20 29 27 21 6 17 11 25 14 3 17 1 18 23 22 26 2 1 16 17 18 25 21 24 9 24 11 4 24 23 22 15 18 18 16 23 18 24 13 16 29 18 21 4 22 23 5 17 21 30 25 13 8 15 29 13 7 24 26 11 9 21 24 30 11 12 29 4 7 29 28 22 11 17 8 24 4 10 27 1 18 14 28 25 27 28 2 27 13 30 24 19 5 1 20 10 26 6 18 9 30 25 19 17 7 12 7 23 29 8 18 16 6 25 19 13 3 10 14 10 3 10 29 2 29 29 21 1 12 19 5 11 27 13 16 10 28 7 21 24 4 30 29 4 6 14 2 15 18 24 25 17 3 5 13 30 2 22 29 15 24 2 22 13 10 30 27 10 9 30 22 22 15 20 16 26 9 7 14 8 17 5 18 13 20 21 25 17 3 13 15 26 15 13 8 27 14 19 9 6 6 18 14 14 3 2 5 10 17 28 13 29 5 29 12 25 25 18 27 15 10 21 21 7 3 12 24 6 13 15 10 12 18 3 15 7 30 10 12 5 20 17 26 19 10 15 25 30 5 17 27 24 17 15 25 11 5 8 1 21 23 14 24 6 7 19 28 4 22 7 23 11 7 13 9 10 2 24 22 25 1 10 18 2 3 11 13 13 4 9 17 13 15 28 28 28 26 8 23 10 22 8 3 12 9 17 25 3 6 16 29 10 10 23 1 1 20 11 2 23 1 14 22 28 19 23 3 26 8 22 29 29 12 27 7 5 30 29 5 13 16
0 2 6
375 54 370 379 136 171
0 16 6
455 404 413 365 181 11
0 13 3
347 450 349
0 18 4
435 19 1 405
0 17 9
287 9 230 236 202 41 214 217 316
0 17 14
463 249 96 42 258 301 390 489 56 107 152 239 141 320
0 19 8
124 221 5 376 288 154 464 85
0 17 11
411 303 94 325 472 317 156 2 129 414 484
0 6 7
200 499 182 307 281 292 131
0 2 4
25 373 257 10
0 16 17
432 399 263 35 329 267 362 119 445 449 45 284 238 82 335 454 279
0 16 4
18 185 247 423
0 7 3
393 165 48
0 11 8
133 73 494 215 461 244 66 253
0 4 7
384 356 299 98 430 339 208
0 12 1
402
0 18 3
193 346 137
0 13 8
250 297 264 353 479 256 52 97
0 6 11
488 0 144 277 359 363 246 276 272 283 355
0 16 4
223 254 295 242
0 14 2
290 442
0 15 10
409 112 255 371 28 453 176 84 77 271
0 20 6
386 93 252 70 167 396
0 13 12
39 51 160 59 491 487 443 225 495 391 100 191
0 9 14
108 261 480 265 485 434 134 456 333 235 149 60 111 401
0 2 3
407 74 259
0 7 6
224 53 99 298 75 206
0 15 4
466 318 37 151
0 16 6
483 447 381 382 486 251
0 17 10
470 313 218 146 417 177 190 438 174 87
0 12 15
104 324 310 159 188 62 46 14 234 415 378 433 245 16 71
0 13 12
198 8 465 114 275 426 81 180 457 31 312 4
0 5 10
330 361 128 406 106 196 294 117 366 26
0 3 11
332 229 286 122 20 89 212 478 326 88 422
0 10 8
123 199 427 436 285 392 140 153
0 18 11
459 57 475 173 15 358 394 211 388 163 90
0 19 8
309 166 357 350 121 232 172 451
0 1 8
33 192 437 262 231 170 29 248
1 19 1
3
1 30 3
6 158 490
1 20 1
7
1 27 1
12
1 5 1
13
1 35 2
17 304
1 30 1
21
1 27 1
22
1 16 1
23
1 24 1
24
1 24 1
27
1 23 1
30
1 22 1
32
1 16 1
34
1 27 1
36
1 31 1
38
1 25 1
40
1 28 1
43
1 11 2
44 237
1 35 1
47
1 34 3
49 138 293
1 33 1
50
1 39 1
55
1 5 1
58
1 29 1
61
1 23 2
63 102
1 36 1
64
1 24 1
65
1 26 2
67 419
1 7 1
68
1 33 2
69 194
1 32 1
72
1 32 1
76
1 20 1
78
1 33 1
79
1 30 1
80
1 19 1
83
1 19 1
86
1 17 1
91
1 23 2
92 418
1 34 1
95
1 24 2
101 145
1 28 2
103 241
1 37 1
105
1 25 1
109
1 28 2
110 116
1 17 1
113
1 21 1
115
1 33 1
118
1 30 1
120
1 36 3
125 204 342
1 36 1
126
1 31 1
127
1 27 1
130
1 26 1
132
1 20 1
135
1 23 1
139
1 14 1
142
1 38 2
143 203
1 25 1
147
1 23 1
148
1 5 1
150
1 25 1
155
1 27 1
157
1 32 1
161
1 34 1
162
1 18 1
164
1 23 1
168
1 29 1
169
1 36 1
175
1 23 1
178
1 31 2
179 385
1 32 1
183
1 11 1
184
1 34 1
186
1 15 1
187
1 30 1
189
1 25 2
195 481
1 26 2
197 403
1 26 1
201
1 17 1
205
1 21 1
207
1 35 2
209 377
1 24 1
210
1 20 1
213
1 33 2
216 328
1 11 1
219
1 34 1
220
1 19 1
222
1 15 1
226
1 7 1
227
1 22 1
228
1 10 1
233
1 22 1
240
1 30 1
243
1 29 1
260
1 20 1
266
1 31 1
268
1 29 1
269
1 9 1
270
1 35 1
273
1 29 1
274
1 20 2
278 395
1 34 1
280
1 33 1
282
1 21 1
289
1 15 2
291 302
1 27 1
296
1 17 1
300
1 28 1
305
1 33 1
306
1 18 1
308
1 24 1
311
1 17 1
314
1 29 1
315
1 10 1
319
1 19 1
321
1 24 1
322
1 6 1
323
1 16 1
327
1 33 1
331
1 30 1
334
1 19 1
336
1 30 1
337
1 30 1
338
1 15 1
340
1 25 1
341
1 22 1
343
1 16 1
344
1 8 1
345
1 23 2
348 448
1 30 1
351
1 20 2
352 474
1 18 1
354
1 11 1
360
1 3 1
364
1 19 1
367
1 12 1
368
1 27 1
369
1 19 1
372
1 35 1
374
1 21 1
380
1 32 1
383
1 22 1
387
1 21 1
389
1 17 1
397
1 17 1
398
1 14 1
400
1 33 1
408
1 21 1
410
1 27 1
412
1 35 1
416
1 30 1
420
1 20 1
421
1 34 1
424
1 30 1
425
1 31 1
428
1 23 1
429
1 36 1
431
1 14 1
439
1 22 1
440
1 35 2
441 452
1 18 1
444
1 28 1
446
1 29 1
458
1 23 1
460
1 23 1
462
1 28 1
467
1 25 1
468
1 24 1
469
1 9 1
471
1 24 1
473
1 19 1
476
1 33 1
477
1 33 1
482
1 7 1
492
1 30 1
493
1 34 1
496
1 19 1
497
1 31 1
498
