300 154 465 20
36 12 39 36 12 23 12 28 37 12 31 38 22 28 23 24 19 21 31 20 36 23 35 35 25 28 16 34 33 19 15 24 24 15 33 20 36 29 34 27 29 27 35 27 28 20 18 21 30 17 20 21 33 19 17 21 40 38 39 25 30 15 27 13 30 14 23 11 22 21 22 22 25 16 29 30 11 21 16 17 28 15 39 37 19 39 33 40 17 17 24 21 31 14 28 19 21 29 14 19 33 23 24 28 40 22 32 30 22 17 38 12 14 22 39 28 28 37 26 29 17 12 15 25 37 17 12 38 29 29 28 28 12 30 14 11 25 38 21 19 16 36 30 12 39 33 38 24 23 30 27 24 38 35 34 13 20 28 27 37 25 38 31 32 33 12 16 23 31 22 34 15 23 27 15 24 14 23 21 28 34 31 20 19 33 29 29 22 34 31 29 40 37 32 35 19 22 22 18 40 20 32 13 12 11 20 13 28 14 33 17 16 31 23 15 19 20 37 27 18 30 37 36 21 14 37 30 26 12 22 33 28 37 20 33 38 26 36 22 33 28 34 29 24 28 17 13 17 20 37 31 28 26 24 17 12 28 18 27 29 40 19 29 22 13 12 15 14 29 32 11 19 28 37 27 31 16 13 33 40 31 37 40 22 23 12 21 18 36 28 17 37 32 26 25 17 37 34 28 32
26 2 29 26 2 13 2 18 27 2 21 28 12 18 13 14 9 11 21 10 26 13 25 25 15 18 6 24 23 9 5 14 14 5 23 10 26 19 24 17 19 17 25 17 18 10 8 11 20 7 10 11 23 9 7 11 30 28 29 15 20 5 17 3 20 4 13 1 12 11 12 12 15 6 19 20 1 11 6 7 18 5 29 27 9 29 23 30 7 7 14 11 21 4 18 9 11 19 4 9 23 13 14 18 30 12 22 20 12 7 28 2 4 12 29 18 18 27 16 19 7 2 5 15 27 7 2 28 19 19 18 18 2 20 4 1 15 28 11 9 6 26 20 2 29 23 28 14 13 20 17 14 28 25 24 3 10 18 17 27 15 28 21 22 23 2 6 13 21 12 24 5 13 17 5 14 4 13 11 18 24 21 10 9 23 19 19 12 24 21 19 30 27 22 25 9 12 12 8 30 10 22 3 2 1 10 3 18 4 23 7 6 21 13 5 9 10 27 17 8 20 27 26 11 4 27 20 16 2 12 23 18 27 10 23 28 16 26 12 23 18 24 19 14 18 7 3 7 10 27 21 18 16 14 7 2 18 8 17 19 30 9 19 12 3 2 5 4 19 22 1 9 18 27 17 21 6 3 23 30 21 27 30 12 13 2 11 8 26 18 7 27 22 16 15 7 27 24 18 22
0 9 7
206 144 42 95 111 121 9
0 5 8
76 171 139 174 162 153 229 213
0 17 3
281 33 68
0 2 9
250 79 91 147 83 297 221 286 215
0 16 10
188 245 262 208 148 269 1 62 296 177
0 12 6
165 81 299 36 118 287
0 5 3
122 176 224
0 10 6
255 125 225 61 43 295
0 3 8
38 210 293 131 31 58 30 243
0 11 4
201 44 283 134
0 5 3
100 88 145
0 17 1
143
0 16 2
247 140
0 3 7
265 19 270 192 65 216 116
0 18 4
227 47 50 257
0 7 1
55
0 20 2
157 253
0 15 6
138 267 41 69 183 97
0 8 6
184 48 236 259 298 32
0 9 3
248 151 189
0 15 2
272 57
0 7 5
34 246 102 233 164
0 7 3
190 56 73
0 12 6
53 29 156 268 59 25
0 7 6
96 282 181 249 114 211
0 5 5
285 291 182 251 108
0 17 1
193
0 6 8
288 52 127 280 260 90 63 220
0 2 2
49 13
0 9 3
117 104 16
0 12 3
266 234 77
0 19 2
28 273
0 2 9
199 107 150 8 11 129 54 123 87
0 17 7
110 82 72 276 207 0 3
0 16 8
277 154 197 264 45 75 126 21
0 17 7
231 202 239 275 209 187 166
0 5 1
232
1 27 1
2
1 32 1
4
1 25 1
5
1 14 1
6
1 13 1
7
1 10 1
10
1 20 1
12
1 33 1
14
1 16 2
15 214
1 14 1
17
1 14 1
18
1 22 1
20
1 25 1
22
1 19 1
23
1 11 1
24
1 23 1
26
1 19 1
27
1 24 1
35
1 16 1
37
1 12 2
39 112
1 33 1
40
1 26 1
46
1 15 1
51
1 7 1
60
1 8 1
64
1 18 1
66
1 16 1
67
1 18 1
70
1 19 1
71
1 23 1
74
1 29 1
78
1 21 1
80
1 9 2
84 142
1 10 1
85
1 10 1
86
1 25 1
89
1 12 1
92
1 20 1
93
1 4 2
94 241
1 8 1
98
1 26 1
99
1 22 1
101
1 22 1
103
1 32 1
105
1 11 1
106
1 16 1
109
1 21 1
113
1 18 1
115
1 12 1
119
1 29 1
120
1 20 1
124
1 18 1
128
1 15 2
130 235
1 21 1
132
1 11 1
133
1 21 1
135
1 13 1
136
1 27 1
137
1 4 1
141
1 10 1
146
1 10 1
149
1 21 1
152
1 26 1
155
1 22 1
158
1 29 1
159
1 23 1
160
1 25 1
161
1 11 1
163
1 5 1
167
1 32 1
168
1 8 1
169
1 19 1
170
1 12 1
172
1 18 1
173
1 22 1
175
1 22 1
178
1 14 1
179
1 22 1
180
1 19 1
185
1 7 1
186
1 29 1
191
1 25 1
194
1 22 2
195 292
1 31 1
196
1 20 1
198
1 21 1
200
1 16 1
203
1 23 1
204
1 21 1
205
1 24 1
212
1 24 1
217
1 25 1
218
1 25 1
219
1 11 1
222
1 28 1
223
1 19 1
226
1 10 1
228
1 12 1
230
1 18 1
237
1 16 1
238
1 21 1
240
1 12 1
242
1 14 1
244
1 17 1
252
1 21 1
254
1 30 1
256
1 26 1
258
1 17 1
261
1 19 1
263
1 18 1
271
1 24 1
274
1 24 1
278
1 19 1
279
1 16 1
284
1 25 1
289
1 33 1
290
1 12 1
294
