500 209 775 20
16 18 39 11 12 19 11 36 26 13 21 13 21 37 29 39 16 19 28 23 17 33 36 18 38 29 13 12 30 38 20 18 39 11 17 37 13 29 18 18 37 14 13 13 11 33 16 19 35 13 26 34 21 15 35 35 11 20 14 37 39 12 38 11 30 22 20 20 28 13 19 14 19 39 23 37 30 19 27 15 40 39 17 33 21 33 12 15 26 26 26 25 32 26 13 27 31 38 24 34 21 28 11 16 16 23 13 35 11 17 12 17 11 30 26 17 18 40 14 27 32 12 26 39 25 18 19 39 13 38 32 39 37 11 15 16 30 31 24 12 28 27 22 11 17 39 11 35 40 30 18 36 19 26 16 31 23 26 39 21 17 21 27 12 18 18 16 12 34 17 32 28 16 37 33 11 26 26 38 26 32 30 27 28 40 32 31 24 27 19 31 36 20 36 23 34 31 13 16 39 21 31 33 33 14 26 33 26 27 34 22 14 25 16 20 30 38 19 24 17 34 26 27 37 38 26 34 12 40 18 20 22 14 24 12 34 22 28 34 25 14 38 25 17 21 35 21 38 24 11 11 16 30 28 23 20 11 37 13 40 23 31 29 40 33 31 39 16 15 18 40 17 27 28 34 17 39 14 31 23 17 25 36 11 35 32 23 38 14 38 14 25 28 19 21 20 32 18 23 40 17 36 18 13 11 19 39 36 38 19 33 25 35 18 28 31 27 28 17 27 36 38 13 34 15 38 18 14 15 28 18 13 11 18 19 12 16 38 11 15 26 35 12 31 22 15 26 29 35 39 32 15 19 31 38 24 20 18 20 34 20 34 15 22 19 20 21 12 16 24 37 36 19 35 11 22 37 12 40 27 14 30 37 21 30 27 34 30 17 24 39 27 25 16 11 26 16 27 28 27 13 22 31 37 22 24 28 13 12 18 28 28 14 37 34 15 14 35 13 18 23 18 21 12 30 29 33 13 12 36 18 24 15 32 38 23 38 35 31 28 25 30 15 16 35 24 30 37 22 30 16 40 25 33 32 39 34 16 30 20 22 28 17 33 33 32 32 16 16 15 36 29 24 26 13 15 11 14 33 40 25 20 20 36 27 25 22 26 21 37 25 23 36 19 33 23 27 28 11 14
6 8 29 1 2 9 1 26 16 3 11 3 11 27 19 29 6 9 18 13 7 23 26 8 28 19 3 2 20 28 10 8 29 1 7 27 3 19 8 8 27 4 3 3 1 23 6 9 25 3 16 24 11 5 25 25 1 10 4 27 29 2 28 1 20 12 10 10 18 3 9 4 9 29 13 27 20 9 17 5 30 29 7 23 11 23 2 5 16 16 16 15 22 16 3 17 21 28 14 24 11 18 1 6 6 13 3 25 1 7 2 7 1 20 16 7 8 30 4 17 22 2 16 29 15 8 9 29 3 28 22 29 27 1 5 6 20 21 14 2 18 17 12 1 7 29 1 25 30 20 8 26 9 16 6 21 13 16 29 11 7 11 17 2 8 8 6 2 24 7 22 18 6 27 23 1 16 16 28 16 22 20 17 18 30 22 21 14 17 9 21 26 10 26 13 24 21 3 6 29 11 21 23 23 4 16 23 16 17 24 12 4 15 6 10 20 28 9 14 7 24 16 17 27 28 16 24 2 30 8 10 12 4 14 2 24 12 18 24 15 4 28 15 7 11 25 11 28 14 1 1 6 20 18 13 10 1 27 3 30 13 21 19 30 23 21 29 6 5 8 30 7 17 18 24 7 29 4 21 13 7 15 26 1 25 22 13 28 4 28 4 15 18 9 11 10 22 8 13 30 7 26 8 3 1 9 29 26 28 9 23 15 25 8 18 21 17 18 7 17 26 28 3 24 5 28 8 4 5 18 8 3 1 8 9 2 6 28 1 5 16 25 2 21 12 5 16 19 25 29 22 5 9 21 28 14 10 8 10 24 10 24 5 12 9 10 11 2 6 14 27 26 9 25 1 12 27 2 30 17 4 20 27 11 20 17 24 20 7 14 29 17 15 6 1 16 6 17 18 17 3 12 21 27 12 14 18 3 2 8 18 18 4 27 24 5 4 25 3 8 13 8 11 2 20 19 23 3 2 26 8 14 5 22 28 13 28 25 21 18 15 20 5 6 25 14 20 27 12 20 6 30 15 23 22 29 24 6 20 10 12 18 7 23 23 22 22 6 6 5 26 19 14 16 3 5 1 4 23 30 15 10 10 26 17 15 12 16 11 27 15 13 26 9 23 13 17 18 1 4
0 10 6
25 232 79 43 92 203
0 6 17
436 183 494 246 403 302 320 451 393 343 495 309 338 225 219 423 437
0 9 9
214 488 293 98 131 215 123 17 384
0 4 8
445 82 150 478 358 392 187 316
0 20 10
179 83 487 112 477 448 441 422 496 291
0 20 14
465 263 319 56 47 329 491 301 230 367 464 118 167 191
0 17 6
406 412 182 217 166 261
0 18 2
453 122
0 6 19
10 136 298 327 362 134 481 185 70 159 110 66 129 438 174 137 68 397 34
0 5 5
460 220 314 486 87
0 16 9
84 97 201 458 189 186 342 221 359
0 9 7
431 461 450 269 498 414 277
0 20 11
347 198 307 279 256 205 3 35 178 356 144
0 13 8
366 135 371 253 386 62 476 64
0 16 3
419 80 254
0 11 7
76 1 158 413 96 281 90
0 12 14
361 376 474 199 349 86 27 322 93 24 57 238 262 248
0 5 9
65 51 193 272 21 105 143 241 9
0 17 5
484 434 315 0 407
0 1 3
208 106 89
0 5 4
15 33 323 126
0 19 3
28 411 364
0 2 7
299 5 165 29 139 207 147
0 9 9
497 424 443 197 462 77 278 22 224
0 3 11
372 416 156 264 216 26 404 16 20 19 154
0 15 11
310 265 200 259 332 63 163 290 74 475 324
0 14 5
116 472 455 130 463
0 16 6
6 340 483 251 333 420
0 10 1
308
0 12 15
439 184 303 250 294 400 391 440 195 223 121 242 405 117 40
0 5 11
71 39 459 275 202 155 493 430 283 104 368
0 11 4
2 410 119 363
0 17 5
50 206 45 374 244
0 2 5
141 289 132 249 240
0 11 14
42 442 401 284 260 32 446 266 211 127 402 175 13 325
0 8 6
375 317 235 142 292 469
1 10 1
4
1 14 1
7
1 28 2
8 394
1 15 1
11
1 23 1
12
1 23 2
14 94
1 18 1
18
1 22 1
23
1 29 1
30
1 29 2
31 72
1 21 1
36
1 11 2
37 44
1 36 1
38
1 10 1
41
1 29 1
46
1 24 1
48
1 36 2
49 345
1 14 1
52
1 29 1
53
1 14 1
54
1 25 1
55
1 17 1
58
1 13 1
59
1 28 1
60
1 25 1
61
1 16 2
67 311
1 11 1
69
1 24 3
73 378 417
1 18 1
75
1 18 2
78 172
1 25 1
81
1 28 2
85 379
1 28 1
88
1 25 1
91
1 33 1
95
1 21 1
99
1 11 3
100 354 468
1 33 1
101
1 23 1
102
1 29 1
103
1 14 2
107 210
1 29 1
108
1 14 1
109
1 25 1
111
1 21 2
113 383
1 14 2
114 170
1 8 3
115 336 388
1 22 2
120 399
1 28 1
124
1 21 1
125
1 25 1
128
1 36 1
133
1 15 2
138 318
1 21 2
140 280
1 22 1
145
1 7 1
146
1 22 2
148 270
1 6 1
149
1 26 1
151
1 24 1
152
1 39 1
153
1 21 2
157 286
1 10 1
160
1 22 1
161
1 31 2
162 499
1 17 1
164
1 14 1
168
1 19 1
169
1 25 2
171 300
1 27 1
173
1 25 2
176 427
1 20 2
177 331
1 26 2
180 192
1 23 1
181
1 7 1
188
1 14 2
190 285
1 35 1
194
1 34 1
196
1 26 1
204
1 25 1
209
1 29 1
212
1 26 2
213 449
1 14 2
218 428
1 33 2
222 233
1 19 1
226
1 26 1
227
1 20 1
228
1 12 1
229
1 12 1
231
1 24 2
234 236
1 32 1
237
1 22 1
239
1 22 1
243
1 24 1
245
1 23 1
247
1 29 3
252 305 380
1 19 1
255
1 21 1
257
1 37 1
258
1 22 1
267
1 22 1
268
1 18 1
271
1 19 1
273
1 18 1
274
1 22 1
276
1 29 1
282
1 31 1
287
1 16 1
288
1 24 1
295
1 32 1
296
1 35 2
297 415
1 27 1
304
1 10 1
306
1 23 1
312
1 20 1
313
1 13 1
321
1 8 1
326
1 21 1
328
1 9 1
330
1 15 1
334
1 29 1
335
1 36 1
337
1 19 2
339 350
1 20 1
341
1 30 1
344
1 29 2
346 480
1 25 1
348
1 13 1
351
1 12 1
352
1 36 1
353
1 26 1
355
1 23 1
357
1 25 1
360
1 37 1
365
1 20 1
369
1 28 1
370
1 15 1
373
1 15 1
377
1 40 1
381
1 14 1
382
1 20 1
385
1 10 1
387
1 22 1
389
1 23 1
390
1 20 1
395
1 38 1
396
1 19 1
398
1 26 1
408
1 26 1
409
1 24 1
418
1 3 1
421
1 11 1
425
1 23 1
426
1 15 2
429 444
1 15 1
432
1 16 1
433
1 30 1
435
1 37 1
447
1 27 1
452
1 17 1
454
1 31 1
456
1 23 1
457
1 11 1
466
1 7 1
467
1 10 1
470
1 8 1
471
1 22 1
473
1 18 1
479
1 23 1
482
1 21 1
485
1 21 1
489
1 24 1
490
1 25 1
492
