700 37 1085 20
19 27 32 28 19 40 26 22 18 17 39 34 38 26 17 35 22 24 29 35 26 11 23 18 17 35 37 36 12 24 30 28 14 24 23 16 31 33 36 21 27 34 17 40 21 24 23 19 23 19 19 17 14 24 25 31 19 24 29 14 13 30 23 20 18 26 29 35 31 23 25 22 40 28 13 13 22 29 18 26 32 22 26 12 20 25 14 23 19 30 18 21 39 36 29 37 15 11 28 30 12 12 25 40 25 20 37 22 17 22 28 25 34 33 13 35 34 12 35 19 22 28 17 26 15 37 11 24 38 36 33 17 16 30 13 33 21 39 17 11 33 19 29 28 30 19 20 13 30 34 23 15 27 38 31 11 23 22 17 21 12 16 15 34 23 25 37 37 21 35 26 33 34 13 21 17 27 26 34 39 32 40 26 40 13 19 28 25 16 34 20 32 35 13 12 28 13 27 33 13 29 40 13 39 12 14 27 27 37 14 31 25 22 11 29 19 35 17 21 33 38 16 26 35 14 11 20 15 17 30 37 33 19 33 14 28 37 26 23 22 25 38 24 15 12 36 27 25 29 32 29 21 14 40 18 21 14 29 21 19 33 27 11 20 30 32 27 37 33 23 39 13 12 26 18 13 32 24 30 25 24 23 39 11 28 19 21 39 40 30 24 19 14 15 35 36 23 16 36 31 19 14 17 23 36 21 16 34 22 23 24 22 33 26 11 29 36 31 38 11 39 14 38 39 12 14 24 13 20 17 23 36 34 19 28 36 38 15 33 35 20 34 27 28 23 19 19 37 20 20 23 17 24 40 16 26 31 35 34 17 19 18 18 36 20 34 23 14 32 39 15 29 27 32 37 37 35 20 22 30 22 22 26 20 34 15 23 31 32 28 22 40 23 23 31 13 31 22 25 16 15 20 20 26 14 20 15 25 21 28 17 13 19 32 12 17 20 40 30 17 21 16 27 21 22 34 29 21 28 17 33 25 17 39 22 33 24 26 13 24 33 23 17 36 16 37 17 29 39 36 32 37 20 18 22 25 12 12 26 26 36 19 11 16 16 13 11 28 36 32 40 36 20 27 40 27 31 16 30 19 20 12 16 33 37 39 23 28 20 39 17 18 12 34 16 17 11 25 15 36 27 38 14 31 15 21 28 30 38 27 25 24 32 32 38 14 16 13 30 16 29 24 13 18 25 27 26 19 28 36 26 39 39 28 37 37 33 12 28 15 22 37 13 21 19 17 26 38 19 38 17 29 14 39 32 22 15 27 21 27 14 20 16 20 32 21 37 35 36 32 13 30 13 12 26 25 15 24 28 33 38 27 13 38 35 11 16 35 27 14 23 37 24 19 20 29 27 13 13 29 16 23 25 22 15 14 33 18 38 14 39 15 27 35 22 29 31 23 35 11 29 37 24 23 22 22 12 34 25 40 13 15 16 34 14 33 19 13 26 36 19 32 36 20 13 38 29 35 13 21 31 21 35 14 32 21 14 20 37 40 11 18 37 28 17 14 16 22 22 29 33 23 21 33 33 40 17 28 29 15 29 36 12 24 22 31 22 11 17 38 38 39 26 23 12 38 30 19 26 26
9 17 22 18 9 30 16 12 8 7 29 24 28 16 7 25 12 14 19 25 16 1 13 8 7 25 27 26 2 14 20 18 4 14 13 6 21 23 26 11 17 24 7 30 11 14 13 9 13 9 9 7 4 14 15 21 9 14 19 4 3 20 13 10 8 16 19 25 21 13 15 12 30 18 3 3 12 19 8 16 22 12 16 2 10 15 4 13 9 20 8 11 29 26 19 27 5 1 18 20 2 2 15 30 15 10 27 12 7 12 18 15 24 23 3 25 24 2 25 9 12 18 7 16 5 27 1 14 28 26 23 7 6 20 3 23 11 29 7 1 23 9 19 18 20 9 10 3 20 24 13 5 17 28 21 1 13 12 7 11 2 6 5 24 13 15 27 27 11 25 16 23 24 3 11 7 17 16 24 29 22 30 16 30 3 9 18 15 6 24 10 22 25 3 2 18 3 17 23 3 19 30 3 29 2 4 17 17 27 4 21 15 12 1 19 9 25 7 11 23 28 6 16 25 4 1 10 5 7 20 27 23 9 23 4 18 27 16 13 12 15 28 14 5 2 26 17 15 19 22 19 11 4 30 8 11 4 19 11 9 23 17 1 10 20 22 17 27 23 13 29 3 2 16 8 3 22 14 20 15 14 13 29 1 18 9 11 29 30 20 14 9 4 5 25 26 13 6 26 21 9 4 7 13 26 11 6 24 12 13 14 12 23 16 1 19 26 21 28 1 29 4 28 29 2 4 14 3 10 7 13 26 24 9 18 26 28 5 23 25 10 24 17 18 13 9 9 27 10 10 13 7 14 30 6 16 21 25 24 7 9 8 8 26 10 24 13 4 22 29 5 19 17 22 27 27 25 10 12 20 12 12 16 10 24 5 13 21 22 18 12 30 13 13 21 3 21 12 15 6 5 10 10 16 4 10 5 15 11 18 7 3 9 22 2 7 10 30 20 7 11 6 17 11 12 24 19 11 18 7 23 15 7 29 12 23 14 16 3 14 23 13 7 26 6 27 7 19 29 26 22 27 10 8 12 15 2 2 16 16 26 9 1 6 6 3 1 18 26 22 30 26 10 17 30 17 21 6 20 9 10 2 6 23 27 29 13 18 10 29 7 8 2 24 6 7 1 15 5 26 17 28 4 21 5 11 18 20 28 17 15 14 22 22 28 4 6 3 20 6 19 14 3 8 15 17 16 9 18 26 16 29 29 18 27 27 23 2 18 5 12 27 3 11 9 7 16 28 9 28 7 19 4 29 22 12 5 17 11 17 4 10 6 10 22 11 27 25 26 22 3 20 3 2 16 15 5 14 18 23 28 17 3 28 25 1 6 25 17 4 13 27 14 9 10 19 17 3 3 19 6 13 15 12 5 4 23 8 28 4 29 5 17 25 12 19 21 13 25 1 19 27 14 13 12 12 2 24 15 30 3 5 6 24 4 23 9 3 16 26 9 22 26 10 3 28 19 25 3 11 21 11 25 4 22 11 4 10 27 30 1 8 27 18 7 4 6 12 12 19 23 13 11 23 23 30 7 18 19 5 19 26 2 14 12 21 12 1 7 28 28 29 16 13 2 28 20 9 16 16
1 7 17
243 475 398 681 23 196 16 35 134 213 301 362 436 447 512 576 641
1 3 24
163 296 675 186 42 574 183 510 546 223 286 343 171 153 482 632 407 253 239 240 327 503 568 642
1 3 20
467 336 494 73 127 79 264 166 597 489 636 365 141 157 613 292 47 314 355 407
1 2 36
311 699 556 151 270 575 192 202 595 507 564 208 602 534 212 468 348 396 93 255 623 254 179 572 370 444 488 655 75 130 194 285 291 369 486 501
1 4 17
237 342 624 591 113 298 680 588 601 54 213 80 81 110 364 536 681
1 17 14
604 485 373 22 250 420 439 443 527 549 613 635 654 661
1 7 14
555 201 161 138 90 689 272 263 55 107 331 449 583 636
1 1 40
83 576 659 338 442 650 189 646 51 358 262 229 683 76 630 30 221 390 240 573 600 24 599 557 252 219 317 149 89 633 324 39 36 103 340 477 572 617 657 675
1 2 24
460 614 487 236 457 486 693 209 20 144 194 458 225 525 654 65 511 204 158 128 430 351 383 480
1 5 16
177 285 509 685 0 44 107 125 661 167 175 220 373 468 504 550
1 2 30
553 92 692 288 13 41 63 603 473 233 87 420 4 383 446 239 247 8 461 437 524 474 669 188 584 393 451 42 270 315
1 1 39
506 10 665 300 587 686 156 86 522 234 59 283 479 16 218 666 216 619 140 170 462 14 249 257 244 99 496 198 552 481 329 331 13 147 166 264 575 637 667
1 2 38
426 495 215 568 421 26 28 642 558 492 160 608 250 627 395 580 217 334 206 58 175 656 676 583 174 5 66 8 87 161 164 234 252 345 422 428 451 638
1 1 29
145 27 609 251 527 341 483 308 563 260 550 526 620 377 1 427 378 344 131 77 100 480 211 435 441 94 314 29 514
1 3 26
520 429 371 381 53 241 214 154 388 293 323 529 25 134 667 235 337 115 64 98 104 205 325 330 484 494
1 3 26
432 594 551 120 287 180 85 360 326 456 413 164 384 369 52 566 547 464 380 6 89 94 282 435 482 515
1 2 37
375 11 512 652 96 123 405 400 357 423 561 635 265 313 3 387 325 605 590 132 21 497 567 193 35 651 95 108 189 273 317 326 366 404 543 604 660
1 11 8
71 643 349 410 459 465 483 488
1 5 19
386 653 578 508 152 455 48 232 99 173 174 190 328 409 424 446 456 562 581
1 2 29
312 350 245 268 64 332 491 230 671 178 310 418 275 502 361 22 463 678 118 246 658 168 262 378 466 481 564 593 662
1 2 36
56 391 545 199 540 322 129 88 277 404 274 200 543 425 589 70 645 428 29 75 538 684 422 339 415 356 626 182 376 181 280 335 352 561 618 699
1 7 15
335 279 17 320 617 625 105 25 139 308 346 411 588 599 624
1 4 17
649 433 226 269 466 493 15 345 328 379 195 214 384 445 471 490 696
1 8 16
438 133 43 515 187 424 417 135 144 277 357 365 380 608 619 685
1 2 27
49 98 333 291 434 690 359 513 541 414 121 528 112 34 126 190 167 284 517 81 682 47 305 368 437 530 577
1 1 36
648 315 347 677 533 544 565 484 74 82 439 582 668 203 536 548 95 224 581 110 36 662 91 303 6 367 687 622 471 505 231 426 438 448 531 694
1 4 20
256 531 135 18 382 294 452 363 321 261 698 165 93 156 223 318 521 571 643 664
1 8 12
169 416 389 532 242 570 549 121 187 192 206 554
1 4 18
535 674 136 2 9 695 663 450 142 539 340 280 12 394 286 304 676 688
1 2 36
282 503 673 610 327 637 271 258 672 259 318 353 571 478 124 592 319 278 119 295 586 197 148 611 276 577 5 41 52 188 219 224 306 458 487 659
1 2 37
304 639 60 147 122 40 499 172 191 392 45 397 498 472 688 694 402 647 97 364 559 447 412 11 26 74 86 113 316 342 461 497 592 612 615 669 683
1 2 38
181 562 354 465 33 477 302 638 228 7 431 542 101 606 696 231 104 150 114 459 521 634 616 408 469 38 173 355 19 28 39 120 215 217 363 457 547 570
1 1 38
366 309 222 385 267 501 362 273 143 612 117 299 554 281 453 32 84 440 618 596 660 560 159 210 349 146 248 103 108 500 403 409 19 78 160 226 289 590
1 2 27
227 46 631 368 537 116 352 137 155 205 585 691 621 679 644 238 62 220 139 449 78 24 43 241 472 560 573
1 1 38
401 615 289 436 168 629 290 593 657 445 670 130 490 372 523 516 306 579 399 607 598 266 106 50 628 410 301 316 162 109 351 641 70 116 125 299 354 663
1 1 37
72 69 448 504 57 470 514 102 61 454 307 37 476 518 80 419 697 569 664 207 185 411 55 176 374 406 330 67 31 68 519 640 443 7 535 582 633
1 6 15
111 346 297 184 530 53 100 196 207 398 538 603 605 646 672
