300 34 465 20
12 31 24 11 33 17 36 33 16 16 29 27 18 26 36 22 31 18 23 32 14 39 37 31 17 20 37 12 39 17 40 29 20 30 13 22 17 30 17 21 38 38 40 22 15 28 26 16 22 40 36 27 37 15 20 23 21 29 20 22 35 39 38 34 36 37 37 32 23 25 32 14 33 18 13 23 33 29 27 36 11 24 26 18 14 38 13 16 14 22 11 13 27 20 36 35 24 37 26 18 30 26 26 25 17 26 39 28 16 17 37 25 16 40 34 29 38 23 25 35 28 29 31 35 33 32 39 29 21 12 27 25 34 18 28 15 17 39 35 12 22 38 12 14 33 33 12 17 19 21 13 11 17 27 31 37 30 28 24 26 31 16 39 31 13 33 32 15 22 32 21 21 37 35 27 37 27 34 25 34 32 19 28 12 19 12 37 40 38 40 30 18 24 22 28 26 18 33 28 20 32 18 20 21 19 21 26 31 25 39 13 14 16 35 12 32 13 39 40 24 19 18 15 20 37 40 37 39 39 20 13 27 28 21 24 28 37 18 13 26 30 28 33 15 40 14 32 19 34 36 13 17 25 36 27 16 18 31 40 23 40 29 23 20 40 13 27 33 15 39 29 34 28 16 29 23 26 36 15 26 14 24 24 35 11 19 14 36 26 14 15 20 11 38 37 34 38 39 15 22
2 21 14 1 23 7 26 23 6 6 19 17 8 16 26 12 21 8 13 22 4 29 27 21 7 10 27 2 29 7 30 19 10 20 3 12 7 20 7 11 28 28 30 12 5 18 16 6 12 30 26 17 27 5 10 13 11 19 10 12 25 29 28 24 26 27 27 22 13 15 22 4 23 8 3 13 23 19 17 26 1 14 16 8 4 28 3 6 4 12 1 3 17 10 26 25 14 27 16 8 20 16 16 15 7 16 29 18 6 7 27 15 6 30 24 19 28 13 15 25 18 19 21 25 23 22 29 19 11 2 17 15 24 8 18 5 7 29 25 2 12 28 2 4 23 23 2 7 9 11 3 1 7 17 21 27 20 18 14 16 21 6 29 21 3 23 22 5 12 22 11 11 27 25 17 27 17 24 15 24 22 9 18 2 9 2 27 30 28 30 20 8 14 12 18 16 8 23 18 10 22 8 10 11 9 11 16 21 15 29 3 4 6 25 2 22 3 29 30 14 9 8 5 10 27 30 27 29 29 10 3 17 18 11 14 18 27 8 3 16 20 18 23 5 30 4 22 9 24 26 3 7 15 26 17 6 8 21 30 13 30 19 13 10 30 3 17 23 5 29 19 24 18 6 19 13 16 26 5 16 4 14 14 25 1 9 4 26 16 4 5 10 1 28 27 24 28 29 5 12
1 5 12
284 190 163 51 259 256 88 74 77 209 110 114
1 4 17
143 105 81 177 64 86 226 159 249 153 167 277 92 174 198 211 235
1 4 13
79 18 11 158 9 69 1 266 294 276 211 137 222
1 5 12
70 115 7 174 139 132 78 187 56 234 6 289
1 22 9
175 235 50 62 157 197 218 269 276
1 6 13
196 127 269 57 142 106 16 232 102 17 40 263 286
1 4 14
245 200 273 165 155 205 223 53 222 203 233 125 134 167
1 4 16
13 138 191 3 224 197 6 20 122 218 36 151 96 180 244 250
1 3 20
129 50 131 66 10 287 121 52 192 207 297 275 68 140 63 53 76 109 126 231
1 6 12
243 217 254 216 41 19 263 189 147 14 176 224
1 7 12
116 178 281 166 280 96 144 42 81 147 217 226
1 10 8
162 82 270 180 12 93 179 212
1 4 17
295 93 28 59 246 157 130 35 33 145 171 250 239 126 2 124 297
1 8 8
183 17 215 14 202 298 139 153
1 5 17
25 260 141 238 229 23 289 72 75 49 128 104 31 33 74 89 295
1 9 10
42 4 60 89 230 83 128 165 261 281
1 9 10
48 94 268 32 46 117 155 159 192 298
1 6 11
80 220 109 255 283 52 68 119 182 249 287
1 7 7
92 133 240 111 237 272 283
1 6 12
213 188 194 29 146 241 61 251 210 193 201 267
1 3 19
242 40 31 112 248 21 262 228 108 117 34 8 247 164 38 161 240 245 275
1 18 3
39 95 200
1 4 15
253 182 168 98 65 221 271 85 27 154 272 91 169 78 172
1 5 13
103 114 198 113 244 47 43 225 201 252 55 99 132
1 6 6
87 282 135 261 199 86
1 4 14
291 150 208 292 119 193 185 293 37 264 71 149 16 54
1 8 8
258 184 22 231 179 107 296 215
1 5 13
172 212 227 214 67 100 120 76 45 0 148 135 285
1 6 9
195 124 161 134 170 2 4 21 58
1 4 14
181 54 204 73 290 62 265 44 101 5 156 30 72 90
1 8 9
288 173 136 123 285 206 148 169 175
1 9 7
176 278 24 274 9 154 233
1 3 18
219 84 152 26 99 90 299 118 97 15 267 286 58 257 236 87 98 177
1 12 5
46 160 186 279 103
