700 87 1085 47
19 22 23 32 34 32 32 33 28 35 35 38 17 36 35 24 33 19 17 14 20 34 23 36 39 31 34 38 37 14 18 17 39 23 18 22 34 32 34 35 27 40 11 24 22 14 11 35 35 13 22 18 27 25 36 27 38 13 32 29 27 34 21 38 29 13 13 11 27 26 11 14 17 14 38 23 21 11 32 14 30 32 22 17 11 19 13 40 21 31 33 24 15 15 28 22 27 39 30 38 33 27 26 25 17 14 14 35 36 36 15 30 27 38 32 24 30 32 19 24 35 26 20 32 11 20 37 31 22 12 15 17 37 17 39 39 39 23 28 31 33 16 30 15 39 17 39 22 13 11 20 18 31 31 23 18 26 13 34 36 21 29 32 27 33 40 16 28 29 17 19 32 33 17 17 15 28 20 39 17 27 13 15 20 28 29 27 21 12 19 17 11 24 17 16 19 14 34 27 39 14 15 28 25 35 34 12 13 20 24 19 35 25 13 37 32 40 23 34 34 31 39 27 37 22 18 15 38 28 29 15 13 36 21 30 24 38 12 17 38 25 15 34 31 26 17 32 11 34 35 21 35 14 27 33 18 33 39 18 21 22 38 34 30 36 40 36 40 25 29 20 13 19 15 15 28 35 32 25 21 24 29 12 19 35 31 40 29 21 32 30 24 30 21 12 18 20 17 11 36 27 31 29 25 23 37 29 24 28 29 13 21 31 14 11 16 17 19 14 24 35 24 23 36 14 13 12 35 36 32 14 38 14 36 13 35 24 21 19 15 38 27 35 17 12 33 20 20 26 40 11 36 15 31 22 32 21 38 13 30 25 27 27 40 35 13 30 40 37 37 38 31 20 30 26 31 27 27 23 32 27 15 21 20 22 34 30 35 28 25 37 38 30 31 13 28 34 40 36 15 29 24 38 26 19 23 38 12 38 18 22 27 30 40 33 13 24 35 12 20 11 19 15 39 15 32 34 17 31 30 35 29 39 33 39 13 15 21 17 40 28 33 26 22 26 24 19 33 28 34 32 35 39 25 25 11 17 25 13 38 18 13 23 31 17 38 37 18 28 13 23 23 33 19 29 16 28 38 28 39 15 18 24 19 27 31 28 14 39 32 23 36 24 39 32 12 17 28 22 21 11 31 31 40 26 17 31 19 19 20 17 31 17 26 17 12 31 15 28 39 37 21 16 16 19 19 32 28 24 33 39 22 24 24 22 12 24 29 38 18 29 11 24 27 20 12 11 14 26 23 14 13 38 26 40 39 30 22 22 38 35 20 34 32 19 35 17 24 29 25 26 39 11 24 24 40 13 38 32 20 18 14 31 24 27 32 14 11 40 17 21 27 19 31 17 35 40 35 32 25 14 15 13 26 40 28 27 40 29 22 11 25 29 32 13 25 24 34 30 35 16 37 26 34 21 28 40 35 17 38 23 29 18 14 14 38 17 36 23 13 33 22 21 28 24 25 24 36 30 19 18 19 28 18 13 18 26 12 15 28 33 17 31 21 23 21 37 17 26 32 40 40 39 20 40 24 16 17 20 40 11 35 21 15 26 21 20 15 40 11 19 14 11 40 18 40 38 38 39 39
9 12 13 22 24 22 22 23 18 25 25 28 7 26 25 14 23 9 7 4 10 24 13 26 29 21 24 28 27 4 8 7 29 13 8 12 24 22 24 25 17 30 1 14 12 4 1 25 25 3 12 8 17 15 26 17 28 3 22 19 17 24 11 28 19 3 3 1 17 16 1 4 7 4 28 13 11 1 22 4 20 22 12 7 1 9 3 30 11 21 23 14 5 5 18 12 17 29 20 28 23 17 16 15 7 4 4 25 26 26 5 20 17 28 22 14 20 22 9 14 25 16 10 22 1 10 27 21 12 2 5 7 27 7 29 29 29 13 18 21 23 6 20 5 29 7 29 12 3 1 10 8 21 21 13 8 16 3 24 26 11 19 22 17 23 30 6 18 19 7 9 22 23 7 7 5 18 10 29 7 17 3 5 10 18 19 17 11 2 9 7 1 14 7 6 9 4 24 17 29 4 5 18 15 25 24 2 3 10 14 9 25 15 3 27 22 30 13 24 24 21 29 17 27 12 8 5 28 18 19 5 3 26 11 20 14 28 2 7 28 15 5 24 21 16 7 22 1 24 25 11 25 4 17 23 8 23 29 8 11 12 28 24 20 26 30 26 30 15 19 10 3 9 5 5 18 25 22 15 11 14 19 2 9 25 21 30 19 11 22 20 14 20 11 2 8 10 7 1 26 17 21 19 15 13 27 19 14 18 19 3 11 21 4 1 6 7 9 4 14 25 14 13 26 4 3 2 25 26 22 4 28 4 26 3 25 14 11 9 5 28 17 25 7 2 23 10 10 16 30 1 26 5 21 12 22 11 28 3 20 15 17 17 30 25 3 20 30 27 27 28 21 10 20 16 21 17 17 13 22 17 5 11 10 12 24 20 25 18 15 27 28 20 21 3 18 24 30 26 5 19 14 28 16 9 13 28 2 28 8 12 17 20 30 23 3 14 25 2 10 1 9 5 29 5 22 24 7 21 20 25 19 29 23 29 3 5 11 7 30 18 23 16 12 16 14 9 23 18 24 22 25 29 15 15 1 7 15 3 28 8 3 13 21 7 28 27 8 18 3 13 13 23 9 19 6 18 28 18 29 5 8 14 9 17 21 18 4 29 22 13 26 14 29 22 2 7 18 12 11 1 21 21 30 16 7 21 9 9 10 7 21 7 16 7 2 21 5 18 29 27 11 6 6 9 9 22 18 14 23 29 12 14 14 12 2 14 19 28 8 19 1 14 17 10 2 1 4 16 13 4 3 28 16 30 29 20 12 12 28 25 10 24 22 9 25 7 14 19 15 16 29 1 14 14 30 3 28 22 10 8 4 21 14 17 22 4 1 30 7 11 17 9 21 7 25 30 25 22 15 4 5 3 16 30 18 17 30 19 12 1 15 19 22 3 15 14 24 20 25 6 27 16 24 11 18 30 25 7 28 13 19 8 4 4 28 7 26 13 3 23 12 11 18 14 15 14 26 20 9 8 9 18 8 3 8 16 2 5 18 23 7 21 11 13 11 27 7 16 22 30 30 29 10 30 14 6 7 10 30 1 25 11 5 16 11 10 5 30 1 9 4 1 30 8 30 28 28 29 29
5 9 14
236 636 375 189 574 483 535 424 344 686 264 558 589 692
3 13 8
488 437 17 300 639 150 416 529
4 10 13
683 531 283 513 582 461 98 190 200 209 257 475 492
2 18 6
174 312 264 296 479 480
3 11 14
591 64 484 673 1 584 122 256 260 431 481 554 641 658
1 23 5
371 14 163 188 510
6 15 13
663 689 370 562 322 249 152 104 92 559 131 500 598
1 4 14
315 151 620 198 9 183 586 675 156 317 305 43 335 402
1 9 5
304 687 235 230 360
3 19 9
227 68 425 7 6 213 371 516 643
1 24 10
184 216 92 185 248 254 279 485 566 659
3 9 10
389 150 173 163 589 218 599 631 21 610
3 9 15
402 641 400 206 672 378 55 442 577 346 652 110 291 397 576
3 17 6
313 80 108 536 629 452
6 14 16
501 58 102 556 135 430 188 549 79 567 27 109 247 364 417 451
6 13 15
11 250 587 696 397 444 122 128 492 242 420 13 201 326 409
3 9 14
324 32 200 120 351 395 49 329 172 126 124 129 412 696
6 9 14
532 476 20 602 368 84 522 601 646 594 130 396 424 575
5 17 11
670 157 334 297 232 479 202 199 114 605 647
8 13 17
512 263 180 607 78 690 318 23 667 278 243 654 524 210 300 442 511
5 9 15
194 239 359 507 176 99 460 609 383 37 83 657 225 76 157
4 9 14
101 24 640 357 669 125 287 306 393 35 121 311 558 433
1 4 16
132 288 555 547 230 560 405 573 364 557 499 51 100 297 633 650
4 9 15
471 254 517 627 147 421 129 611 606 259 155 454 498 588 657
1 6 11
66 217 195 496 269 20 117 231 367 410 583
5 10 14
590 111 261 303 533 65 12 45 82 664 593 688 77 550
1 7 7
192 142 62 440 410 38 237
1 15 9
485 248 233 59 271 276 460 488 573
1 9 7
467 480 691 130 391 54 615
1 8 5
382 569 50 94 177
2 6 9
139 279 487 155 181 19 0 176 545
3 17 5
348 201 406 44 257
1 5 14
355 237 642 187 25 386 662 333 281 101 283 395 495 686
3 11 10
462 274 598 623 551 502 676 63 202 464
4 15 12
541 72 453 493 538 296 153 340 171 381 664 685
2 11 8
88 678 619 57 5 537 478 497
3 13 10
290 212 379 96 275 4 693 249 307 373
3 7 19
75 52 671 268 596 301 648 105 93 162 433 482 204 185 468 513 574 592 640
2 14 7
97 411 363 408 214 403 358
3 8 11
422 561 622 320 473 511 515 399 116 215 428
1 5 14
466 505 446 451 450 46 674 338 149 222 161 72 112 671
3 9 15
330 228 568 600 221 387 530 544 415 635 542 146 456 501 543
1 6 15
523 350 103 138 137 595 373 17 39 226 405 408 471 547 669
1 9 9
518 426 449 87 284 308 65 162 232
3 8 17
277 158 251 134 73 342 616 190 358 164 520 294 633 261 322 387 406
3 7 18
390 618 438 299 61 660 605 256 86 15 455 109 603 209 153 315 463 690
3 10 16
168 681 114 255 597 328 643 339 191 145 197 262 298 487 642 653
6 11 15
110 697 131 41 564 396 470 472 445 3 112 677 85 651 680
1 11 3
630 592 344
7 13 16
506 545 632 434 464 53 495 491 668 685 205 167 398 571 215 448
1 6 13
367 119 30 246 519 265 223 441 293 28 95 141 211
2 20 6
63 443 563 52 386 572
2 12 7
331 684 280 341 177 62 333
3 8 18
435 508 260 447 694 115 179 56 0 477 570 55 86 118 293 361 526 673
6 10 16
475 40 478 354 384 428 407 247 336 220 392 608 99 287 351 438
1 16 5
59 319 318 401 533
4 11 13
468 439 552 583 33 427 307 526 366 679 171 521 693
7 13 15
699 588 431 34 241 661 170 469 91 388 494 50 493 596 676
4 13 9
581 210 565 136 365 638 376 60 489
7 17 13
615 575 178 107 349 612 133 352 327 624 361 165 577
1 9 5
95 266 572 614 18
2 12 10
540 291 332 28 80 116 138 347 398 400
8 14 15
154 625 429 649 372 604 71 106 47 529 362 245 637 39 241
5 8 14
548 98 509 224 656 401 326 416 175 436 271 305 622 698
5 15 13
465 144 314 234 459 310 253 516 240 6 288 434 646
5 9 13
655 498 270 36 207 417 653 665 404 474 325 81 368
4 10 12
160 347 282 38 208 534 22 650 554 352 430 532
3 8 8
566 514 16 658 456 327 407 557
1 7 5
169 510 36 71 600
2 11 10
127 695 302 353 166 423 489 168 216 350
1 15 5
219 193 140 45 590
3 10 14
659 610 197 413 458 550 123 69 298 15 263 509 595 652
3 8 13
546 394 229 273 385 276 343 634 258 268 570 636 666
1 4 13
578 680 295 457 528 525 412 576 159 244 233 317 345
5 8 11
143 118 43 31 374 70 580 617 196 470 687
2 7 14
543 113 89 148 231 579 463 285 272 289 244 265 328 436
2 10 10
117 644 81 186 321 527 84 159 399 618
2 9 8
42 647 381 553 418 585 182 274
1 17 6
74 141 335 194 602 608
4 17 9
211 60 486 77 432 490 61 204 343
1 19 7
454 414 134 139 184 580 611
3 9 9
213 26 692 316 252 292 234 369 614
1 11 10
10 448 503 360 337 179 229 403 581 627
5 12 11
67 8 682 369 238 267 2 500 409 48 147
1 8 8
29 377 345 380 286 504 621 239
3 8 14
323 497 645 698 18 666 76 628 419 613 262 226 626 175
1 6 9
356 203 90 145 539 309 481 87 339
