300 78 465 20
12 31 24 11 33 17 36 33 16 16 29 27 18 26 36 22 31 18 23 32 14 39 37 31 17 20 37 12 39 17 40 29 20 30 13 22 17 30 17 21 38 38 40 22 15 28 26 16 22 40 36 27 37 15 20 23 21 29 20 22 35 39 38 34 36 37 37 32 23 25 32 14 33 18 13 23 33 29 27 36 11 24 26 18 14 38 13 16 14 22 11 13 27 20 36 35 24 37 26 18 30 26 26 25 17 26 39 28 16 17 37 25 16 40 34 29 38 23 25 35 28 29 31 35 33 32 39 29 21 12 27 25 34 18 28 15 17 39 35 12 22 38 12 14 33 33 12 17 19 21 13 11 17 27 31 37 30 28 24 26 31 16 39 31 13 33 32 15 22 32 21 21 37 35 27 37 27 34 25 34 32 19 28 12 19 12 37 40 38 40 30 18 24 22 28 26 18 33 28 20 32 18 20 21 19 21 26 31 25 39 13 14 16 35 12 32 13 39 40 24 19 18 15 20 37 40 37 39 39 20 13 27 28 21 24 28 37 18 13 26 30 28 33 15 40 14 32 19 34 36 13 17 25 36 27 16 18 31 40 23 40 29 23 20 40 13 27 33 15 39 29 34 28 16 29 23 26 36 15 26 14 24 24 35 11 19 14 36 26 14 15 20 11 38 37 34 38 39 15 22
2 21 14 1 23 7 26 23 6 6 19 17 8 16 26 12 21 8 13 22 4 29 27 21 7 10 27 2 29 7 30 19 10 20 3 12 7 20 7 11 28 28 30 12 5 18 16 6 12 30 26 17 27 5 10 13 11 19 10 12 25 29 28 24 26 27 27 22 13 15 22 4 23 8 3 13 23 19 17 26 1 14 16 8 4 28 3 6 4 12 1 3 17 10 26 25 14 27 16 8 20 16 16 15 7 16 29 18 6 7 27 15 6 30 24 19 28 13 15 25 18 19 21 25 23 22 29 19 11 2 17 15 24 8 18 5 7 29 25 2 12 28 2 4 23 23 2 7 9 11 3 1 7 17 21 27 20 18 14 16 21 6 29 21 3 23 22 5 12 22 11 11 27 25 17 27 17 24 15 24 22 9 18 2 9 2 27 30 28 30 20 8 14 12 18 16 8 23 18 10 22 8 10 11 9 11 16 21 15 29 3 4 6 25 2 22 3 29 30 14 9 8 5 10 27 30 27 29 29 10 3 17 18 11 14 18 27 8 3 16 20 18 23 5 30 4 22 9 24 26 3 7 15 26 17 6 8 21 30 13 30 19 13 10 30 3 17 23 5 29 19 24 18 6 19 13 16 26 5 16 4 14 14 25 1 9 4 26 16 4 5 10 1 28 27 24 28 29 5 12
2 11 6
284 190 163 51 259 209
1 9 9
256 88 74 77 209 21 85 159 290
1 10 7
110 143 105 81 177 50 207
2 17 5
64 86 226 159 117
1 21 5
249 153 11 180 255
1 13 7
167 277 79 18 42 116 262
2 10 6
11 158 9 69 1 283
2 14 7
266 294 276 211 137 224 230
4 17 8
70 115 7 174 139 132 168 289
1 11 5
78 187 56 234 63
1 11 4
175 235 196 127
2 16 4
269 57 142 263
2 12 8
106 16 232 102 245 200 181 233
2 18 4
273 165 155 61
2 6 6
205 223 53 222 203 58
2 16 5
233 125 13 231 249
1 16 6
138 191 173 195 297 299
2 17 3
3 224 197
1 15 7
6 20 122 54 185 247 295
2 9 6
218 36 151 129 1 14
1 8 7
50 131 66 10 287 121 271
1 20 4
52 192 99 171
1 8 6
207 297 275 68 140 63
1 11 6
243 217 254 216 41 149
2 20 4
19 263 189 252
3 15 6
147 116 178 281 166 123
2 13 4
280 96 144 158
3 17 7
162 82 270 180 12 69 108
2 21 4
295 93 28 243
3 13 6
59 246 157 130 35 274
2 18 4
33 145 171 47
1 9 4
250 239 194 205
3 14 9
126 183 17 215 14 202 59 67 288
3 14 7
298 25 260 141 238 53 218
1 11 6
229 23 289 72 234 270
2 13 7
75 49 128 104 42 4 8
3 11 6
60 89 230 83 48 75
2 10 6
94 268 32 80 44 253
3 9 9
220 109 255 283 92 133 6 31 238
2 14 6
240 111 237 213 188 170
1 9 5
194 29 146 241 61
1 10 4
251 210 242 232
1 23 3
40 31 88
2 19 5
112 248 21 51 174
1 14 7
262 228 108 25 141 150 237
2 5 7
117 34 8 247 164 118 140
1 9 3
38 39 197
1 8 6
95 253 182 168 98 65
2 20 3
221 271 85
1 13 6
27 154 272 32 56 188
2 15 4
91 169 103 114
1 24 7
198 113 30 57 64 163 213
1 18 2
244 47
1 9 5
43 225 201 252 55
1 6 5
87 282 135 81 121
2 9 6
261 199 291 150 160 248
2 13 6
208 292 119 193 147 182
1 15 4
185 293 155 226
1 25 5
37 264 38 146 280
2 12 7
71 149 258 184 22 231 284
1 21 4
179 107 37 84
1 14 4
296 172 212 227
1 9 7
214 67 100 120 76 12 26
1 10 3
45 0 138
1 8 7
148 195 124 161 134 27 112
1 12 2
170 2
2 7 8
181 54 204 73 103 110 124 211
2 9 5
290 62 265 44 82
3 16 5
101 5 156 30 288
1 16 2
173 136
1 17 2
123 285
3 11 7
206 176 278 24 274 219 87
1 5 6
84 152 52 98 196 210
1 9 9
26 99 90 299 118 97 100 208 225
2 13 4
15 267 286 235
1 15 4
58 257 272 282
1 21 2
236 46
2 21 5
160 186 279 23 134
