300 75 465 20
32 26 26 33 26 22 12 12 11 27 34 22 32 28 33 12 25 37 12 25 26 26 18 29 38 30 31 16 25 32 30 36 34 28 21 40 31 24 29 27 17 26 15 28 12 29 31 21 23 29 13 36 15 33 24 14 17 15 27 17 24 22 19 13 35 37 34 35 38 21 21 13 33 14 30 13 14 17 16 23 25 38 12 35 25 12 19 19 35 20 19 22 13 34 11 17 15 15 11 20 16 11 20 12 34 22 20 27 26 36 23 34 12 27 27 19 19 36 35 32 28 37 15 34 25 19 39 24 24 37 15 26 14 22 31 38 24 32 14 18 20 13 21 31 21 38 40 21 37 38 38 11 35 26 31 25 33 11 24 17 31 19 26 20 21 30 34 12 27 31 19 26 21 30 26 40 16 21 20 34 13 32 21 36 11 31 35 17 13 20 24 37 27 22 28 38 22 18 29 15 19 24 35 19 33 15 28 22 29 36 31 18 14 14 31 23 34 34 23 37 37 28 21 22 19 35 15 13 19 26 39 33 19 21 13 18 29 33 33 31 33 12 20 32 19 34 24 34 22 16 13 35 14 20 26 40 40 25 17 37 35 29 14 26 32 11 37 11 35 12 18 39 34 39 22 39 17 26 33 13 34 31 33 36 26 40 38 29 17 34 28 16 11 28 36 20 13 20 35 13
22 16 16 23 16 12 2 2 1 17 24 12 22 18 23 2 15 27 2 15 16 16 8 19 28 20 21 6 15 22 20 26 24 18 11 30 21 14 19 17 7 16 5 18 2 19 21 11 13 19 3 26 5 23 14 4 7 5 17 7 14 12 9 3 25 27 24 25 28 11 11 3 23 4 20 3 4 7 6 13 15 28 2 25 15 2 9 9 25 10 9 12 3 24 1 7 5 5 1 10 6 1 10 2 24 12 10 17 16 26 13 24 2 17 17 9 9 26 25 22 18 27 5 24 15 9 29 14 14 27 5 16 4 12 21 28 14 22 4 8 10 3 11 21 11 28 30 11 27 28 28 1 25 16 21 15 23 1 14 7 21 9 16 10 11 20 24 2 17 21 9 16 11 20 16 30 6 11 10 24 3 22 11 26 1 21 25 7 3 10 14 27 17 12 18 28 12 8 19 5 9 14 25 9 23 5 18 12 19 26 21 8 4 4 21 13 24 24 13 27 27 18 11 12 9 25 5 3 9 16 29 23 9 11 3 8 19 23 23 21 23 2 10 22 9 24 14 24 12 6 3 25 4 10 16 30 30 15 7 27 25 19 4 16 22 1 27 1 25 2 8 29 24 29 12 29 7 16 23 3 24 21 23 26 16 30 28 19 7 24 18 6 1 18 26 10 3 10 25 3
3 18 8
96 251 23 12 64 176 208 227
1 8 7
264 103 209 226 258 79 109
4 17 8
51 39 210 1 134 29 177 219
1 14 3
57 111 8
2 20 5
24 216 285 224 145
3 13 8
73 83 54 114 164 140 237 288
1 24 6
245 104 45 126 164 260
2 23 5
240 289 32 12 287
2 10 5
161 74 167 135 143
1 14 4
153 274 53 61
2 15 7
206 46 122 282 115 230 276
1 13 2
265 31
1 11 7
250 105 68 102 149 52 150
2 12 5
61 197 243 201 59
2 14 5
5 221 278 238 121
2 20 6
254 230 155 75 205 246
1 8 3
139 211 9
2 12 8
151 170 202 35 203 13 27 104
2 11 8
298 246 293 124 109 85 20 118
1 27 2
256 67
3 13 7
88 267 268 106 232 167 275
1 6 3
241 7 290
4 14 10
55 168 178 143 200 191 37 43 81 217
2 11 4
228 33 173 59
2 12 6
70 156 179 277 130 169
2 11 8
58 20 171 269 181 67 213 229
1 12 6
72 225 276 97 100 262
1 10 5
299 247 172 294 95
1 5 4
94 116 132 211
2 9 7
242 62 13 218 235 93 79
2 9 6
38 131 144 89 138 142
1 7 7
80 248 28 112 39 91 235
2 16 4
215 129 270 220
2 10 7
119 78 236 140 44 266 273
2 17 5
17 162 120 186 286
3 9 8
30 227 63 263 86 94 148 274
1 15 3
60 208 81
4 10 6
159 3 15 222 11 34
1 16 3
273 281 157
1 9 3
182 108 187
2 17 5
91 147 255 194 238
2 11 9
284 280 82 25 142 137 50 86 198
1 4 4
141 291 271 282
1 7 8
47 84 196 184 199 146 130 247
3 19 7
237 194 148 26 183 95 185
1 9 6
219 40 180 271 66 174
1 16 4
212 135 7 160
1 2 3
292 213 19
2 10 8
231 53 52 190 158 295 68 212
1 17 5
283 266 234 296 298
1 7 2
92 233
1 12 5
48 133 159 257 284
4 12 7
257 101 127 99 259 253 223
2 15 5
217 71 152 117 169
2 11 5
165 204 252 8 233
1 9 4
207 100 36 49
1 15 3
244 36 16
2 16 7
76 123 185 160 23 201 258
4 16 8
166 41 223 176 126 261 54 186
2 19 5
107 193 286 29 200
3 13 7
192 154 145 297 128 132 114
1 15 4
150 50 121 179
1 7 7
249 189 118 22 125 66 202
2 13 5
75 2 113 198 203
2 15 8
42 205 0 195 260 58 77 204
1 9 6
87 239 27 272 6 32
2 8 8
98 296 188 69 275 147 253 283
1 6 7
21 136 110 77 4 236 295
1 6 5
163 18 69 168 297
1 10 6
45 279 214 37 33 128
3 18 6
65 175 115 287 16 129
1 13 4
56 43 14 221
1 10 3
9 90 19
1 11 4
49 262 162 174
2 12 4
10 177 288 229
