500 79 775 33
12 32 40 17 26 26 28 36 29 34 28 21 19 27 14 28 27 35 38 23 39 25 31 35 39 38 25 33 29 39 38 24 35 12 21 36 21 12 22 34 40 28 40 37 35 18 11 24 40 36 11 23 16 12 31 28 35 29 13 24 37 31 28 18 20 19 32 16 14 27 38 26 20 36 32 15 33 39 28 39 13 23 13 18 40 20 19 11 35 33 20 28 16 30 40 25 16 33 38 39 21 40 36 39 26 13 32 34 21 20 29 39 39 40 16 21 26 14 37 28 14 28 22 27 11 32 40 16 13 15 21 32 27 17 29 32 13 13 25 31 25 40 35 28 28 35 40 28 38 31 31 31 36 25 16 30 20 31 23 38 14 28 19 24 21 39 27 13 26 29 35 11 24 37 14 34 27 19 14 24 32 32 28 21 38 34 24 24 19 35 30 11 35 23 28 38 34 33 33 38 35 36 33 34 37 13 37 24 30 22 23 31 40 18 14 15 32 25 32 15 37 15 34 32 30 32 36 13 35 20 12 11 21 12 21 37 25 11 14 20 23 32 16 20 32 18 33 13 30 28 27 32 21 23 21 33 31 37 39 37 32 27 21 37 18 35 14 39 13 12 14 17 22 30 35 22 25 25 27 36 28 39 19 18 19 11 13 40 37 14 24 33 39 26 20 15 28 33 37 21 35 40 40 35 11 16 13 15 25 34 22 34 27 19 29 23 29 38 12 32 17 19 21 13 15 29 24 39 40 37 22 33 37 23 21 27 25 40 24 25 20 13 37 40 28 34 17 22 16 21 17 14 22 22 33 29 23 28 33 32 30 14 31 18 40 36 28 24 11 23 17 17 11 23 39 34 19 17 40 14 31 24 15 11 15 13 27 27 36 40 37 33 11 40 35 16 27 35 37 19 32 18 35 21 40 32 17 24 30 25 16 22 25 36 38 25 39 39 12 27 19 19 37 17 24 34 26 29 11 33 18 40 16 35 32 39 17 23 23 19 35 27 40 27 15 40 39 28 24 37 21 13 25 39 30 15 39 36 36 36 19 37 36 11 39 40 40 33 37 37 12 37 25 38 15 37 30 38 19 40 19 31 25 20 18 33 38 30 20 30 32 39 32 28 37 29 11 38 12 20
2 22 30 7 16 16 18 26 19 24 18 11 9 17 4 18 17 25 28 13 29 15 21 25 29 28 15 23 19 29 28 14 25 2 11 26 11 2 12 24 30 18 30 27 25 8 1 14 30 26 1 13 6 2 21 18 25 19 3 14 27 21 18 8 10 9 22 6 4 17 28 16 10 26 22 5 23 29 18 29 3 13 3 8 30 10 9 1 25 23 10 18 6 20 30 15 6 23 28 29 11 30 26 29 16 3 22 24 11 10 19 29 29 30 6 11 16 4 27 18 4 18 12 17 1 22 30 6 3 5 11 22 17 7 19 22 3 3 15 21 15 30 25 18 18 25 30 18 28 21 21 21 26 15 6 20 10 21 13 28 4 18 9 14 11 29 17 3 16 19 25 1 14 27 4 24 17 9 4 14 22 22 18 11 28 24 14 14 9 25 20 1 25 13 18 28 24 23 23 28 25 26 23 24 27 3 27 14 20 12 13 21 30 8 4 5 22 15 22 5 27 5 24 22 20 22 26 3 25 10 2 1 11 2 11 27 15 1 4 10 13 22 6 10 22 8 23 3 20 18 17 22 11 13 11 23 21 27 29 27 22 17 11 27 8 25 4 29 3 2 4 7 12 20 25 12 15 15 17 26 18 29 9 8 9 1 3 30 27 4 14 23 29 16 10 5 18 23 27 11 25 30 30 25 1 6 3 5 15 24 12 24 17 9 19 13 19 28 2 22 7 9 11 3 5 19 14 29 30 27 12 23 27 13 11 17 15 30 14 15 10 3 27 30 18 24 7 12 6 11 7 4 12 12 23 19 13 18 23 22 20 4 21 8 30 26 18 14 1 13 7 7 1 13 29 24 9 7 30 4 21 14 5 1 5 3 17 17 26 30 27 23 1 30 25 6 17 25 27 9 22 8 25 11 30 22 7 14 20 15 6 12 15 26 28 15 29 29 2 17 9 9 27 7 14 24 16 19 1 23 8 30 6 25 22 29 7 13 13 9 25 17 30 17 5 30 29 18 14 27 11 3 15 29 20 5 29 26 26 26 9 27 26 1 29 30 30 23 27 27 2 27 15 28 5 27 20 28 9 30 9 21 15 10 8 23 28 20 10 20 22 29 22 18 27 19 1 28 2 10
2 9 12
317 113 466 376 154 71 272 383 202 103 126 320
2 10 11
85 70 412 319 65 185 205 199 0 300 404
6 16 11
55 474 241 25 198 369 163 141 52 87 298
5 11 15
260 236 326 1 401 19 408 78 121 264 65 200 210 287 481
2 17 8
17 273 311 380 61 257 269 324
1 6 14
221 303 243 69 462 95 135 203 101 11 66 149 336 405
1 10 7
432 207 35 219 222 262 396
1 7 10
309 149 451 142 409 421 30 72 196 325
2 7 12
28 268 97 150 75 220 297 485 7 10 13 427
4 19 10
345 196 312 146 105 467 32 58 318 458
6 18 11
43 42 453 316 360 318 397 425 155 458 395
2 12 5
320 342 230 165 223
4 17 8
354 265 251 46 471 461 238 388
1 6 10
174 137 454 102 259 124 394 435 293 493
5 15 11
208 338 254 67 104 18 402 244 7 94 399
1 16 6
384 257 62 180 231 417
1 11 11
351 115 152 183 389 160 234 249 393 397 470
4 12 8
322 470 74 206 373 68 319 496
2 13 7
248 426 495 84 388 222 340
3 12 13
108 195 12 234 148 175 414 173 489 57 227 286 461
1 7 12
348 54 283 90 298 300 411 302 144 172 243 288
1 15 6
160 362 433 29 263 297
2 13 8
181 473 447 252 463 24 135 178
1 12 7
21 192 110 457 213 308 359
1 5 13
499 449 456 49 119 403 96 204 363 481 86 312 444
1 8 7
325 11 38 240 331 31 327
5 12 13
382 299 125 112 469 132 81 158 271 355 189 215 442
1 23 6
159 57 1 304 313 341
2 15 5
187 16 442 448 49
1 6 13
440 267 130 379 455 460 239 370 418 146 337 378 463
1 9 7
72 176 3 168 204 321 423
2 16 5
398 194 270 218 484
3 10 6
36 168 45 344 114 330
2 15 5
210 479 128 274 429
3 9 11
157 266 494 193 180 391 488 164 156 377 68
5 17 8
184 6 483 145 350 86 365 2
1 15 4
308 452 342 403
1 17 4
289 48 109 329
4 13 14
482 77 13 347 404 428 91 88 218 92 142 252 361 415
3 11 12
213 313 60 172 468 153 417 498 261 63 344 454
2 14 9
310 118 399 434 106 208 345 383 466
1 5 4
219 334 324 6
3 14 9
315 44 395 290 223 18 105 389 460
5 14 13
190 415 400 444 34 364 161 429 133 422 48 95 390
1 7 8
441 166 490 323 151 396 193 436
1 17 4
22 59 338 419
4 14 11
227 170 53 438 40 140 39 294 322 373 478
4 17 10
387 79 279 487 307 262 43 148 202 285
4 11 14
126 191 410 61 66 430 375 233 120 76 138 236 299 449
1 10 6
247 493 381 98 228 498
2 8 9
436 50 472 275 385 111 171 40 448
3 8 11
136 224 32 274 62 242 341 229 169 321 70
3 12 9
278 188 100 26 94 189 31 303 473
1 11 6
368 356 367 301 277 411
1 6 9
366 286 419 87 123 258 427 209 158
3 11 10
103 215 392 237 177 98 51 147 360 468
2 13 5
339 182 256 304 431
2 15 9
93 314 328 496 486 16 50 282 394
2 11 7
131 306 340 333 323 414 426
5 13 11
35 147 285 217 305 201 294 478 25 121 224
2 10 11
41 420 231 329 296 116 445 235 334 374 479
1 10 10
284 343 253 92 282 337 80 161 280 464
1 13 7
228 475 51 280 302 410 491
2 18 7
349 5 390 171 238 284 457
3 15 10
246 80 197 117 56 186 195 315 430 476
3 13 11
99 167 186 211 276 39 89 281 5 26 495
6 14 12
76 336 235 250 416 139 353 245 423 439 4 167
3 15 8
292 109 27 437 288 232 38 84
2 11 7
63 295 8 393 371 386 387
1 8 9
4 277 178 263 291 269 465 156 244
3 12 10
225 165 20 358 134 73 212 9 162 203
4 13 11
357 122 443 47 327 406 450 491 14 124 311
2 8 13
386 359 477 361 37 107 287 476 23 492 141 163 368
2 13 8
405 143 346 138 134 366 382 472
1 11 5
29 335 446 144 480
6 9 13
179 58 83 0 127 407 374 352 14 17 114 125 435
4 13 11
497 424 226 214 249 216 33 129 174 265 369
4 15 11
413 330 82 464 64 24 459 15 378 275 452
1 10 6
372 200 255 484 332 278
