500 85 775 33
20 32 21 30 24 28 29 40 14 35 21 27 29 12 15 19 37 14 25 19 25 39 40 18 25 20 39 26 27 15 14 29 13 34 11 19 26 27 20 20 27 17 38 13 23 14 33 39 24 30 16 39 22 21 25 40 29 16 29 31 36 37 38 12 18 29 35 40 29 13 12 12 21 35 13 29 11 29 12 20 11 30 19 18 28 15 31 28 23 33 40 17 14 33 27 36 29 27 15 22 17 24 18 23 40 11 21 29 18 37 34 12 28 12 21 20 15 30 24 18 15 25 25 13 38 23 22 14 38 28 14 26 38 20 36 18 14 25 34 36 12 20 20 23 14 12 16 24 17 17 32 24 34 15 22 24 22 22 13 27 18 30 15 35 40 39 27 40 16 31 37 25 21 40 30 29 15 39 18 27 32 12 37 37 25 30 24 37 40 23 32 21 20 12 20 16 19 33 25 19 16 26 14 21 19 36 18 37 18 33 28 13 28 24 39 29 29 16 28 31 37 30 11 40 30 24 38 14 30 19 21 30 12 24 24 24 12 40 33 17 16 34 28 11 34 32 13 19 19 21 17 11 16 34 40 18 29 32 29 26 39 35 39 12 26 22 22 39 34 26 32 33 22 31 30 12 28 24 17 20 34 39 40 14 40 26 16 14 32 31 35 32 30 19 15 20 11 19 22 24 26 12 19 37 18 18 24 37 40 12 16 38 26 40 12 26 11 22 12 17 18 13 22 36 19 11 25 18 33 32 14 14 18 31 20 25 39 23 36 39 20 16 18 27 12 22 13 15 40 17 34 26 37 34 31 34 39 18 26 34 20 18 24 31 27 11 27 25 28 20 26 40 12 29 12 19 29 15 33 38 29 17 15 15 19 12 37 19 39 37 11 39 33 13 26 25 32 32 30 37 34 36 25 29 16 25 29 34 34 35 25 26 36 38 32 20 13 22 13 12 17 33 17 12 12 14 28 39 17 36 11 28 19 21 39 25 26 16 11 34 21 20 28 19 15 21 38 29 33 32 16 14 15 22 35 37 30 29 38 26 23 11 11 35 22 35 28 36 14 35 13 18 32 13 25 31 29 13 16 35 14 19 30 19 29 33 18 25 26 19 39 11 19 35 14 38 12 34 19 38
10 22 11 20 14 18 19 30 4 25 11 17 19 2 5 9 27 4 15 9 15 29 30 8 15 10 29 16 17 5 4 19 3 24 1 9 16 17 10 10 17 7 28 3 13 4 23 29 14 20 6 29 12 11 15 30 19 6 19 21 26 27 28 2 8 19 25 30 19 3 2 2 11 25 3 19 1 19 2 10 1 20 9 8 18 5 21 18 13 23 30 7 4 23 17 26 19 17 5 12 7 14 8 13 30 1 11 19 8 27 24 2 18 2 11 10 5 20 14 8 5 15 15 3 28 13 12 4 28 18 4 16 28 10 26 8 4 15 24 26 2 10 10 13 4 2 6 14 7 7 22 14 24 5 12 14 12 12 3 17 8 20 5 25 30 29 17 30 6 21 27 15 11 30 20 19 5 29 8 17 22 2 27 27 15 20 14 27 30 13 22 11 10 2 10 6 9 23 15 9 6 16 4 11 9 26 8 27 8 23 18 3 18 14 29 19 19 6 18 21 27 20 1 30 20 14 28 4 20 9 11 20 2 14 14 14 2 30 23 7 6 24 18 1 24 22 3 9 9 11 7 1 6 24 30 8 19 22 19 16 29 25 29 2 16 12 12 29 24 16 22 23 12 21 20 2 18 14 7 10 24 29 30 4 30 16 6 4 22 21 25 22 20 9 5 10 1 9 12 14 16 2 9 27 8 8 14 27 30 2 6 28 16 30 2 16 1 12 2 7 8 3 12 26 9 1 15 8 23 22 4 4 8 21 10 15 29 13 26 29 10 6 8 17 2 12 3 5 30 7 24 16 27 24 21 24 29 8 16 24 10 8 14 21 17 1 17 15 18 10 16 30 2 19 2 9 19 5 23 28 19 7 5 5 9 2 27 9 29 27 1 29 23 3 16 15 22 22 20 27 24 26 15 19 6 15 19 24 24 25 15 16 26 28 22 10 3 12 3 2 7 23 7 2 2 4 18 29 7 26 1 18 9 11 29 15 16 6 1 24 11 10 18 9 5 11 28 19 23 22 6 4 5 12 25 27 20 19 28 16 13 1 1 25 12 25 18 26 4 25 3 8 22 3 15 21 19 3 6 25 4 9 20 9 19 23 8 15 16 9 29 1 9 25 4 28 2 24 9 28
1 7 10
256 250 238 108 482 188 483 14 334 457
1 16 3
78 308 71
1 14 3
146 1 494
1 1 3
74 301 251
2 14 8
295 352 382 107 168 353 355 410
1 5 13
48 248 128 46 358 135 400 83 477 404 37 381 409
2 11 7
488 334 297 53 294 356 470
1 8 8
325 452 30 85 353 132 72 468
6 17 12
495 434 142 282 391 272 417 122 25 88 266 298
4 11 11
12 440 28 156 65 309 203 458 6 33 133
2 9 11
201 125 118 371 402 333 292 260 60 220 393
1 19 4
345 61 335 428
2 12 4
102 253 347 379
4 13 10
474 112 451 220 87 360 467 493 378 170
2 13 7
139 492 315 490 472 205 256
1 12 7
336 127 3 464 121 134 304
1 4 13
141 445 294 215 130 94 179 228 15 106 194 243 265
2 13 7
33 271 450 344 447 369 453
1 11 4
480 96 212 216
6 14 11
241 324 485 377 257 158 233 237 392 88 259
1 7 7
350 76 186 298 337 227 403
2 10 5
268 419 116 190 473
1 1 7
34 314 172 173 176 350 444
1 5 10
231 133 247 274 189 316 154 359 370 492
4 11 11
150 319 19 245 209 230 144 143 201 289 320
5 14 10
395 468 254 414 374 428 36 399 454 89
5 14 9
497 429 438 363 300 246 398 126 225
2 6 17
148 103 343 453 418 444 62 397 106 380 95 197 240 317 333 357 473
1 7 9
410 375 40 178 323 59 51 103 411
1 22 5
311 37 74 214 484
1 8 11
121 330 356 407 68 403 119 158 160 285 443
1 5 11
415 243 213 32 265 64 191 207 169 249 287
4 12 9
14 367 4 338 421 396 52 192 469
3 7 5
496 273 222 385 249
2 7 11
200 15 151 437 168 326 98 185 226 159 458
2 24 3
187 21 394
1 7 7
379 320 340 181 478 195 268
2 14 5
306 183 416 251 315
2 16 4
173 39 109 278
1 6 5
35 346 5 16 202
6 15 11
491 441 386 197 80 486 5 449 307 11 423
1 5 11
389 372 58 180 285 208 304 23 442 280 108
2 9 7
162 287 131 198 115 223 261
1 13 3
138 63 1
1 2 12
217 136 211 147 277 229 17 194 430 119 365 477
3 11 8
262 172 471 405 269 204 175 291
1 25 6
354 348 22 275 395 450
3 13 8
303 349 2 165 362 149 67 113
1 4 13
289 275 291 159 145 176 457 153 423 335 241 394 415
2 9 9
302 489 79 210 432 214 47 150 495
1 12 8
67 55 137 56 393 336 392 416
1 7 7
235 117 195 182 487 157 193
3 16 6
290 166 86 224 84 10
5 13 12
305 433 177 463 167 424 296 43 32 125 302 493
2 21 5
134 10 455 152 445
2 11 6
498 244 105 17 181 348
2 10 8
466 310 77 242 425 409 398 449
1 6 15
435 232 313 327 66 219 22 426 75 427 36 112 188 273 491
4 13 9
123 279 115 413 169 72 44 190 400
1 5 10
408 8 266 18 110 24 99 45 351 205
1 11 5
267 170 439 470 104
2 10 8
283 41 70 164 476 225 183 209
4 11 11
373 9 11 90 212 71 299 255 163 199 98
1 8 6
47 120 92 50 199 244
2 14 3
332 339 252
4 12 10
26 202 499 82 97 317 91 264 21 262
1 19 5
223 160 48 286 413
4 12 6
155 368 124 239 321 381
5 11 17
331 236 357 0 259 341 93 448 53 42 73 105 215 221 323 347 472
3 8 9
193 95 387 460 328 101 390 20 461
1 10 4
113 216 114 252
4 14 10
431 38 494 227 329 388 412 129 117 341
3 11 8
261 100 355 420 54 286 104 434
3 8 13
342 69 288 114 276 436 370 152 140 175 0 31 206
1 6 8
221 234 322 411 365 293 280 430
2 17 4
218 44 174 414
1 7 8
361 318 263 49 56 319 332 362
1 14 5
376 27 479 128 309
2 16 5
281 459 481 406 321
3 9 8
364 196 312 384 57 16 422 79
1 22 3
73 31 374
1 10 3
184 383 460
2 9 8
161 258 107 401 475 111 240 7
1 8 10
284 456 81 7 171 13 369 307 330 373
5 14 14
206 270 484 366 462 465 51 443 29 446 6 406 418 454
