800 540 1240 53
15 20 18 26 2 4 27 6 30 25 12 24 27 22 30 6 13 7 26 10 24 2 17 6 5 2 4 12 4 17 19 26 10 19 17 22 21 2 11 27 15 23 12 13 8 7 25 13 1 11 16 8 23 27 10 28 5 7 4 22 5 10 22 27 10 1 22 5 28 26 9 19 1 9 28 6 2 16 7 14 5 15 7 14 3 5 18 30 23 17 25 28 29 11 14 8 30 11 18 22 1 12 3 26 16 20 8 17 2 4 19 28 20 2 3 26 14 7 9 28 1 28 26 22 7 16 15 7 24 25 30 17 14 27 20 16 8 27 24 13 16 30 8 19 16 14 17 7 28 7 14 15 25 11 3 16 12 6 30 22 20 27 5 22 9 8 1 11 12 5 9 5 2 20 27 30 6 14 1 1 23 15 23 26 29 30 10 5 6 7 13 1 21 15 6 19 5 6 8 23 9 16 7 23 21 17 29 4 7 27 14 25 21 24 4 10 20 30 1 23 22 20 11 12 28 16 8 23 13 12 27 22 18 27 7 27 12 21 18 9 7 13 11 27 8 1 9 14 27 28 11 5 7 29 7 2 24 25 24 11 23 12 13 19 22 25 19 21 12 10 13 19 21 1 29 22 9 12 14 26 6 3 29 25 16 27 9 9 15 2 21 15 23 6 10 13 3 12 1 24 25 21 21 17 7 23 29 20 4 29 24 27 7 5 28 11 26 15 19 12 14 5 19 15 5 21 24 30 1 15 25 9 3 14 23 17 26 1 12 15 20 30 21 22 26 4 20 22 28 4 24 22 15 13 12 14 11 3 29 12 3 16 15 7 28 12 25 28 11 17 8 23 24 28 25 7 19 16 2 24 21 18 20 2 8 11 23 27 11 22 30 6 3 2 19 25 24 13 2 22 6 14 4 15 20 29 20 20 15 26 27 4 23 21 6 9 19 4 25 2 15 3 29 15 13 19 8 9 4 19 19 29 15 30 17 4 4 24 1 6 4 20 25 10 19 10 20 24 13 25 25 19 1 18 17 24 16 29 26 19 17 9 25 21 18 18 4 9 26 18 20 13 13 20 9 7 10 27 25 29 30 12 6 6 11 14 11 8 2 28 11 12 19 2 18 27 24 7 19 15 10 12 5 6 1 2 27 26 25 28 30 19 4 5 30 4 8 10 5 19 21 18 12 10 16 10 20 28 20 27 1 21 23 12 21 15 10 24 12 22 16 25 12 8 26 28 23 19 18 29 17 16 8 13 11 3 22 12 12 21 6 7 5 12 3 16 7 11 5 7 29 14 23 10 8 8 11 9 14 30 4 18 13 16 19 5 5 12 5 28 16 18 22 23 9 27 8 10 10 18 22 23 4 1 12 18 28 2 23 21 15 24 17 12 6 8 25 23 18 3 10 27 14 25 8 27 1 3 2 18 18 11 30 4 29 6 13 30 4 7 3 12 21 13 29 10 28 8 18 6 20 12 22 23 8 13 21 26 5 1 8 24 14 9 11 13 11 6 27 21 11 27 11 27 19 27 25 7 15 22 28 3 6 4 16 3 23 22 1 4 19 6 26 10 25 14 17 4 15 12 8 17 30 2 13 9 4 17 17 26 25 22 13 5 23 26 15 19 17 4 3 20 8 19 27 27 10 24 17 28 5 30 19 25 12 11 7 3 13 15 20 1 9 20 21 6 3 1 20 16 27 10 25 4 11 19 3 5 16 25 28 9 24 30 21 26 2 3 18 18 11 6 16 26 10 8 1 9 18 1 20 22 17 6 29 28 16 22 24 19 28 13 10 13 23 19 9 2 20 9
3 20 17 11 2 5 22 27 16 1 14 16 11 13 5 14 29 18 24 6 19 17 10 19 22 7 6 25 6 26 26 3 4 5 21 5 12 27 10 29 20 25 9 27 28 13 30 7 30 18 9 10 5 13 30 5 16 19 18 12 29 5 26 24 26 7 17 8 23 28 30 19 14 10 29 17 26 9 27 26 5 16 12 25 28 22 16 11 25 27 18 22 8 28 9 21 11 18 16 12 17 15 9 8 7 22 10 9 11 28 8 17 11 20 17 4 20 23 30 22 19 27 8 4 20 28 9 17 19 4 13 22 6 5 12 24 5 6 26 12 4 30 19 11 28 23 18 29 11 28 22 8 11 4 4 4 16 26 18 16 1 21 9 15 17 18 9 10 19 6 14 4 29 8 4 7 6 24 13 1 15 18 8 27 18 14 8 6 16 18 26 17 27 12 17 28 5 4 25 28 29 12 2 24 4 17 3 28 26 8 23 15 27 28 17 3 26 13 14 2 18 25 12 23 17 5 5 30 7 26 6 25 30 27 13 20 25 1 22 25 5 8 29 11 7 27 17 27 24 5 24 26 23 25 14 23 11 23 15 18 8 16 4 24 11 4 3 6 7 28 28 19 11 29 17 15 23 30 27 18 8 20 7 10 27 17 1 8 30 9 23 10 26 14 28 24 1 24 4 22 1 12 18 23 21 21 10 8 1 29 20 8 20 4 28 26 13 9 29 28 27 5 25 29 5 1 2 29 15 26 21 23 18 9 14 23 12 8 19 4 2 17 13 18 15 30 21 15 10 27 21 19 28 28 1 3 19 19 16 28 30 20 18 7 25 16 22 15 5 23 14 22 30 5 13 14 19 1 29 23 8 19 19 27 18 20 24 11 19 29 12 2 27 12 8 23 19 27 28 19 26 1 30 9 25 29 18 14 1 25 9 5 8 2 15 13 21 30 7 26 7 23 1 29 17 7 20 17 9 24 12 24 21 5 28 16 15 10 25 2 18 12 22 28 18 15 2 29 14 16 12 1 23 23 21 26 9 24 3 26 8 11 23 12 25 18 29 8 1 11 24 16 2 15 9 16 11 10 7 11 11 11 11 23 17 24 12 6 14 10 12 26 30 21 23 2 25 1 25 12 20 17 29 20 15 25 18 22 13 14 7 10 2 18 22 8 12 25 6 18 20 25 18 16 8 11 6 21 28 6 7 28 8 27 17 17 18 12 14 2 20 26 11 27 25 14 7 24 7 2 14 7 5 7 9 10 19 26 20 7 9 17 18 26 20 24 16 2 24 20 24 10 9 4 7 16 27 15 1 16 14 26 21 23 2 19 1 8 18 23 18 2 18 6 27 2 12 2 16 1 30 18 9 15 12 21 6 23 20 7 10 16 27 19 2 25 17 19 14 19 28 25 17 3 15 3 11 2 22 2 25 13 29 8 8 14 22 16 5 16 4 22 22 11 24 23 17 13 11 18 21 21 16 20 26 28 26 15 5 28 19 30 3 30 19 28 9 2 5 17 30 12 16 18 30 20 18 14 8 3 11 16 27 8 19 12 10 8 14 6 16 29 11 27 12 13 18 10 17 18 1 8 15 11 14 29 7 28 26 23 11 2 22 24 5 16 24 18 30 12 30 11 20 10 6 22 5 8 6 3 23 17 28 25 5 18 3 19 25 16 18 18 17 1 10 22 11 10 3 22 11 9 13 3 3 27 17 7 18 7 1 26 5 1 2 14 17 2 6 30 3 28 8 30 18 18 15 27 3 15 30 2 2 9 28 9 14 7 21 23 12 29 2 14 15 17 25 15 19 15
1 18 6
461 487 470 486 784 695
2 16 5
753 189 241 237 459
0 13 1
17
0 13 2
570 317
0 16 3
521 595 280
0 9 6
186 297 115 50 172 209
0 9 5
660 104 720 216 477
0 17 2
337 116
2 20 7
76 398 514 176 42 610 388
0 4 4
219 318 125 621
2 20 5
292 244 728 742 344
0 12 5
194 485 310 417 516
2 12 7
330 327 341 492 488 655 308
0 5 5
767 603 268 162 691
0 18 4
27 397 525 56
0 9 4
409 306 629 1
0 6 2
730 381
0 2 4
529 458 14 290
0 20 2
108 510
0 16 5
372 600 643 31 168
3 20 8
368 636 675 673 296 429 468 267
0 4 4
752 55 544 531
1 6 4
547 77 167 689
0 10 6
440 498 387 236 737 615
1 12 4
208 722 59 51
2 4 4
793 452 329 503
0 1 1
21
0 3 4
44 550 438 169
1 17 6
657 349 647 206 96 220
1 6 4
481 431 628 620
0 18 2
48 160
1 20 3
133 640 774
0 8 7
320 674 394 786 204 569 12
0 7 1
0
1 2 8
608 46 630 552 212 759 724 669
0 3 3
641 532 726
1 16 5
49 464 333 281 686
0 7 3
190 506 256
0 9 3
269 173 101
0 14 2
322 89
0 7 1
345
0 10 2
735 725
3 7 6
245 639 513 490 650 163
1 8 8
400 622 264 260 448 335 604 707
1 12 7
611 471 715 702 340 137 588
0 17 3
469 289 302
0 12 1
191
0 19 4
617 288 226 352
0 20 2
47 681
0 17 1
747
1 15 4
631 271 348 270
0 8 4
483 555 661 664
0 16 5
512 776 339 696 412
2 12 8
233 363 175 406 75 422 634 771
0 5 3
494 228 110
0 9 3
85 52 182
2 9 6
319 502 446 367 145 758
0 6 6
573 444 254 82 455 749
0 8 3
374 721 677
0 18 3
437 159 313
1 4 6
22 443 646 797 457 396
0 18 3
445 13 645
0 1 1
200
0 3 3
534 305 391
0 19 3
37 38 353
0 15 1
460
1 1 5
638 697 405 193 463
0 6 3
274 164 703
1 10 5
242 385 419 143 16
0 18 6
187 39 424 523 287 741
1 16 3
442 792 679
0 19 1
678
0 17 2
430 366
1 20 6
195 583 504 136 181 192
0 15 1
509
0 4 4
740 653 148 225
0 1 8
637 30 435 710 332 273 19 652
0 8 1
390
0 14 2
474 154
0 15 1
9
1 25 1
2
2 20 1
3
1 22 1
4
5 40 1
5
3 21 1
6
2 7 1
7
1 30 1
8
2 32 1
10
6 30 2
11 441
4 30 1
15
1 8 1
18
3 28 1
20
1 24 1
23
2 16 1
24
1 14 1
25
5 33 1
26
5 22 1
28
1 39 1
29
1 28 1
32
2 18 1
33
2 19 1
34
4 25 2
35 613
1 28 1
36
1 21 1
40
2 18 2
41 665
1 9 1
43
1 35 1
45
1 27 1
53
1 35 1
54
2 23 1
57
2 12 1
58
3 20 1
60
5 10 1
61
1 35 1
62
2 18 1
63
2 34 1
64
6 29 1
65
1 33 1
66
1 15 1
67
3 6 1
68
1 32 1
69
5 28 1
70
2 13 1
71
2 15 1
72
2 12 1
73
1 5 2
74 790
1 26 2
78 796
4 14 1
79
4 17 1
80
5 21 1
81
1 22 1
83
4 29 1
84
2 25 2
86 253
1 21 1
87
2 14 2
88 156
1 21 1
90
4 6 1
91
1 33 1
92
3 20 1
93
3 10 1
94
3 4 1
95
1 20 1
97
1 35 1
98
1 29 1
99
1 15 1
100
1 18 1
102
1 33 1
103
1 30 1
105
2 20 1
106
6 28 1
107
6 25 1
109
1 24 1
111
4 32 1
112
1 20 1
113
4 8 1
114
1 24 1
117
5 33 1
118
1 4 1
119
2 28 1
120
3 24 1
121
4 19 1
122
7 32 1
123
2 22 1
124
5 27 1
126
1 19 1
127
2 11 1
128
3 17 1
129
1 22 1
130
4 22 2
131 580
1 27 1
132
4 5 1
134
2 24 1
135
6 40 1
138
1 32 1
139
2 29 1
140
1 19 1
141
1 20 2
142 586
1 8 2
144 224
2 28 1
146
1 13 1
147
1 20 1
149
1 27 1
150
1 7 1
151
5 30 1
152
2 24 1
153
7 40 1
155
2 32 1
157
2 24 1
158
1 25 1
161
2 22 1
165
1 20 1
166
2 33 1
170
2 18 1
171
1 38 1
174
1 11 1
177
2 7 1
178
1 25 1
179
2 26 1
180
1 23 3
183 304 401
2 33 1
184
2 33 1
185
4 31 1
188
2 14 1
196
1 32 1
197
2 18 2
198 262
1 9 1
199
1 21 2
201 605
5 10 1
202
2 14 1
203
4 27 1
205
1 20 1
207
1 37 1
210
1 16 1
211
2 10 1
213
4 25 1
214
2 24 1
215
2 23 1
217
4 35 1
218
1 19 1
221
1 32 1
222
4 22 1
223
1 9 1
227
1 21 1
229
1 19 1
230
1 14 1
231
3 2 1
232
2 22 1
234
3 32 1
235
1 26 2
238 407
1 22 1
239
4 29 1
240
2 19 1
243
1 25 1
246
1 26 1
247
3 28 2
248 484
1 34 1
249
1 21 1
250
1 28 1
251
5 38 1
252
3 20 1
255
1 33 1
257
2 32 1
258
2 12 1
259
1 7 1
261
2 23 1
263
4 31 2
265 466
1 34 1
266
1 20 1
272
2 23 1
275
1 10 1
276
1 7 1
277
1 16 2
278 378
1 22 1
279
2 23 1
282
1 4 1
283
2 30 1
284
5 34 1
285
2 25 1
286
1 20 1
291
1 14 2
293 623
2 34 1
294
1 29 1
295
1 17 1
298
2 23 1
299
1 26 1
300
2 16 1
301
1 28 1
303
5 34 1
307
1 33 1
309
2 19 1
311
1 23 1
312
4 32 1
314
1 40 1
315
3 24 1
316
4 24 2
321 539
1 16 1
323
4 25 1
324
2 16 1
325
1 26 1
326
7 32 1
328
2 7 1
331
1 33 1
334
3 25 1
336
1 23 2
338 656
1 35 1
342
4 34 1
343
3 17 1
346
2 18 1
347
1 10 1
350
2 10 1
351
6 10 1
354
2 25 1
355
2 36 1
356
2 22 1
357
4 30 1
358
1 23 1
359
4 34 1
360
3 24 1
361
4 17 1
362
1 30 1
364
1 32 1
365
4 23 1
369
4 24 1
370
5 26 1
371
1 13 1
373
1 28 1
375
1 24 1
376
2 18 1
377
2 14 1
379
1 36 1
380
1 11 1
382
1 14 1
383
4 25 1
384
4 16 1
386
1 30 1
389
1 12 1
392
1 25 1
393
1 18 1
395
1 29 1
399
1 20 1
402
1 28 1
403
2 20 1
404
2 23 1
408
1 28 1
410
2 21 1
411
4 21 1
413
1 37 1
414
1 31 1
415
1 25 1
416
2 32 1
418
2 20 1
420
1 18 1
421
3 12 1
423
1 25 1
425
1 33 1
426
1 23 1
427
3 32 1
428
1 31 1
432
2 24 1
433
1 21 1
434
1 18 1
436
6 28 1
439
2 21 2
447 590
7 27 1
449
2 23 1
450
1 17 1
451
2 29 1
453
1 21 1
454
2 27 1
456
4 35 1
462
2 16 2
465 781
4 19 1
467
1 24 1
472
1 14 1
473
1 3 1
475
2 26 1
476
2 28 1
478
4 38 2
479 744
1 29 1
480
8 18 1
482
1 17 1
489
1 20 1
491
1 33 1
493
1 23 1
495
1 28 1
496
1 11 1
497
3 24 1
499
9 27 1
500
1 20 1
501
1 21 1
505
2 22 1
507
1 26 1
508
1 11 1
511
2 24 1
515
1 31 1
517
1 27 1
518
1 35 1
519
1 39 1
520
1 19 1
522
2 18 1
524
1 17 1
526
2 12 1
527
1 16 1
528
2 8 1
530
1 31 1
533
2 9 1
535
1 12 1
536
1 17 1
537
6 35 2
538 594
2 21 1
540
1 25 1
541
1 16 1
542
3 16 1
543
2 17 1
545
2 28 1
546
2 19 1
548
1 27 1
549
2 23 1
551
1 26 1
553
1 33 1
554
1 13 1
556
4 28 1
557
5 7 1
558
1 25 2
559 716
1 17 1
560
4 34 1
561
3 18 1
562
1 17 1
563
5 13 1
564
1 25 1
565
2 11 1
566
7 32 1
567
1 35 1
568
2 24 1
571
2 26 1
572
3 17 1
574
1 16 1
575
1 31 1
576
6 32 1
577
2 14 1
578
5 27 1
579
1 7 1
581
1 15 1
582
1 23 1
584
2 13 1
585
8 19 1
587
2 24 1
589
1 19 1
591
4 11 1
592
1 12 2
593 606
1 21 1
596
1 29 2
597 618
6 27 1
598
5 17 1
599
1 15 1
601
2 23 1
602
6 26 1
607
7 32 1
609
7 24 1
612
2 19 1
614
1 11 1
616
2 25 1
619
1 23 1
624
2 34 1
625
1 19 1
626
1 5 1
627
1 32 1
632
2 38 1
633
1 31 1
635
2 23 1
642
3 15 1
644
1 23 1
648
5 18 1
649
2 19 1
651
2 20 1
654
1 32 1
658
1 17 1
659
1 29 1
662
1 7 1
663
6 36 1
666
4 34 1
667
1 38 1
668
1 20 1
670
6 21 1
671
2 32 1
672
2 37 1
676
1 18 1
680
1 18 1
682
1 32 1
683
2 26 1
684
2 29 1
685
1 20 1
687
2 12 1
688
3 15 1
690
2 26 1
692
3 13 1
693
7 26 1
694
1 33 1
698
1 29 1
699
5 32 1
700
2 11 1
701
1 35 1
704
1 37 2
705 736
5 18 1
706
3 27 1
708
5 32 1
709
2 29 1
711
1 19 1
712
2 24 1
713
1 23 1
714
1 31 1
717
2 16 1
718
1 31 1
719
2 27 1
723
1 37 1
727
4 24 1
729
4 10 1
731
2 17 1
732
1 33 1
733
2 22 1
734
4 25 1
738
3 26 1
739
1 34 1
743
4 34 1
745
1 30 1
746
4 7 1
748
4 22 1
750
1 26 1
751
1 20 1
754
1 8 1
755
1 34 1
756
1 27 1
757
6 38 1
760
1 23 1
761
2 22 1
762
4 22 1
763
4 24 1
764
1 18 1
765
4 27 1
766
1 31 1
768
1 21 1
769
4 9 1
770
5 26 1
772
4 20 1
773
1 27 1
775
1 18 1
777
4 21 1
778
6 33 1
779
5 19 1
780
1 17 1
782
1 6 1
783
1 21 1
785
1 26 1
787
1 23 1
788
1 35 1
789
1 34 1
791
1 36 1
794
1 14 1
795
1 19 1
798
7 27 1
799
