300 239 465 20
23 10 18 12 15 25 28 2 14 21 30 2 5 22 5 27 15 24 8 12 6 13 29 25 23 2 17 19 22 7 14 25 26 6 21 24 8 13 2 2 2 7 5 17 18 8 6 9 30 26 6 24 6 12 15 7 3 8 13 7 5 10 17 13 10 2 28 11 26 5 22 24 30 14 25 17 24 10 2 26 14 21 24 1 22 14 11 12 10 14 7 1 27 17 20 1 20 30 14 19 10 30 4 22 7 8 27 1 12 5 23 11 10 25 15 21 24 28 28 23 28 18 10 2 18 13 26 21 27 6 26 7 22 23 20 1 1 17 25 8 12 28 14 14 28 22 9 6 11 8 1 19 5 7 23 20 6 5 11 2 21 6 26 21 5 4 2 22 19 21 19 15 28 22 8 28 13 17 7 10 27 4 2 27 8 12 29 18 8 5 28 24 23 6 8 26 11 11 3 16 7 4 12 5 21 23 10 10 6 9 19 28 30 29 16 18 30 9 6 18 23 3 27 24 3 22 10 7 27 19 14 23 29 23 27 28 15 11 6 18 10 23 30 27 14 7 18 6 30 27 7 27 24 2 6 27 25 29 10 16 28 30 15 17 13 7 20 15 15 3 28 18 27 14 28 19 5 19 16 30 26 8 15 30 19 1 13 20 16 29 29 6 29 28 4 14 13 27 2 30
15 7 30 29 24 4 17 19 8 9 25 15 16 3 11 15 16 15 27 2 23 22 14 1 30 25 23 14 16 24 12 13 1 5 29 10 17 29 8 3 19 23 26 22 24 23 13 5 11 26 6 7 13 18 29 28 27 16 21 17 25 25 1 18 8 9 4 21 2 30 19 25 4 27 17 28 16 26 18 21 2 27 14 20 14 25 18 20 29 24 2 28 10 22 23 18 19 29 25 14 30 28 22 11 2 1 12 7 28 25 24 18 5 21 26 6 21 1 9 30 11 7 10 16 2 27 23 7 29 30 10 14 2 13 9 3 25 13 5 7 4 14 17 23 9 2 25 26 3 13 21 26 15 24 16 19 1 19 22 17 17 27 14 17 16 22 23 20 14 4 9 7 13 18 17 18 4 22 4 7 26 23 22 27 4 11 11 24 5 1 12 6 16 24 4 25 26 13 18 27 1 16 17 7 18 21 23 23 15 1 21 28 24 3 23 23 7 17 6 25 4 13 30 2 10 4 10 28 27 28 8 26 20 2 20 4 28 23 4 18 11 7 12 17 10 19 16 30 19 23 4 10 24 15 23 26 15 27 22 8 9 8 15 4 14 6 22 17 10 28 5 26 20 9 8 8 24 4 30 24 23 1 18 6 8 2 6 19 21 18 5 27 15 16 17 17 10 13 7 11
0 1 3
23 158 32
0 14 2
130 152
0 16 1
102
0 17 2
140 143
0 20 3
7 13 58
0 2 3
29 24 11
1 9 3
10 110 282
0 17 2
167 111
0 15 2
114 119
0 3 2
165 76
0 9 2
51 261
0 13 3
90 272 116
0 14 2
25 234
0 3 2
199 125
0 1 2
177 41
0 18 2
268 18
0 4 3
175 230 71
0 13 2
173 96
0 19 2
226 156
0 11 1
220
0 6 1
217
1 8 3
245 266 80
0 15 2
237 34
0 20 2
219 195
0 17 1
66
0 7 2
163 112
0 10 2
45 229
0 13 3
244 61 72
0 18 1
36
0 3 2
278 182
0 12 1
232
0 8 2
209 9
0 16 2
233 161
0 17 1
239
0 2 1
197
0 4 3
189 15 254
1 18 3
280 243 191
0 16 1
176
0 7 2
69 288
0 20 2
52 289
0 14 1
59
0 20 2
249 88
0 9 1
207
0 13 1
180
0 3 1
113
0 17 2
252 136
0 14 1
168
0 12 2
157 99
0 19 1
65
0 3 1
160
0 2 2
68 81
1 10 4
57 246 83 299
0 4 1
100
0 3 2
224 133
0 2 2
21 283
1 20 3
178 214 150
1 11 3
108 231 202
0 15 1
291
1 7 1
0
1 17 1
1
1 24 1
2
1 35 1
3
1 18 1
4
1 20 1
5
2 39 1
6
1 23 1
8
1 20 1
12
1 23 1
14
1 23 1
16
1 36 1
17
1 37 2
19 153
1 5 1
20
1 24 1
22
1 7 2
26 101
1 25 1
27
2 30 1
28
3 13 1
30
1 27 1
31
1 19 1
33
1 31 1
35
1 18 1
37
2 31 1
38
1 10 1
39
1 15 1
40
1 29 1
42
1 21 1
43
1 33 1
44
1 18 1
46
1 10 1
47
2 38 1
48
1 33 1
49
2 15 1
50
1 31 1
53
1 17 1
54
1 17 1
55
1 20 1
56
1 11 1
60
2 31 1
62
2 33 1
63
2 29 1
64
1 19 1
67
1 28 1
70
2 29 1
73
1 6 1
74
2 26 1
75
2 22 1
77
2 20 1
78
1 27 1
79
1 5 1
82
2 20 1
84
1 26 1
85
1 27 1
86
1 34 1
87
1 27 1
89
1 23 1
91
1 14 1
92
1 20 1
93
1 19 1
94
1 28 1
95
1 17 1
97
1 22 1
98
1 19 1
103
2 27 3
104 171 265
1 24 1
105
1 23 1
106
2 31 1
107
1 16 1
109
1 15 1
115
2 14 1
117
1 27 1
118
1 26 1
120
1 6 1
121
1 18 1
122
1 16 1
123
1 29 1
124
1 20 1
126
1 21 1
127
1 25 1
128
1 23 1
129
2 38 1
131
2 20 1
132
1 6 1
134
1 27 1
135
1 22 1
137
1 9 1
138
1 6 1
139
2 19 1
141
2 31 1
142
2 30 1
144
2 40 1
145
1 9 1
146
1 32 1
147
1 19 1
148
1 13 1
149
1 22 1
151
2 3 1
154
2 30 1
155
1 28 1
159
1 22 1
162
1 22 1
164
1 11 1
166
2 32 1
169
1 9 1
170
1 29 1
172
3 25 2
174 294
2 22 1
179
2 37 1
181
1 15 1
183
1 36 1
184
1 24 1
185
1 24 1
186
1 21 1
187
1 19 1
188
2 24 1
190
2 27 1
192
1 13 1
193
2 21 2
194 204
1 19 1
196
1 16 1
198
1 35 1
200
2 22 2
201 241
1 16 1
203
1 32 1
205
1 32 1
206
1 38 1
208
1 31 1
210
1 6 1
211
2 17 1
212
2 16 1
213
1 14 1
215
1 36 1
216
1 29 1
218
1 19 1
221
2 36 1
222
1 26 1
223
1 24 1
225
1 10 1
227
1 25 1
228
1 24 1
235
1 28 1
236
1 26 1
238
1 21 1
240
1 33 1
242
1 15 1
247
1 25 1
248
2 22 1
250
2 18 1
251
1 21 1
253
1 14 1
255
1 10 1
256
2 23 1
257
1 25 1
258
1 25 1
259
1 16 1
260
2 27 1
262
1 17 1
263
1 24 1
264
1 27 1
267
2 20 1
269
2 22 1
270
1 21 1
271
1 22 1
273
2 24 1
274
1 26 1
275
1 27 1
276
1 22 1
277
1 20 1
279
2 15 1
281
1 20 1
284
2 14 1
285
1 9 1
286
1 18 1
287
1 19 1
290
1 26 1
292
1 15 1
293
2 16 1
295
1 32 1
296
2 24 1
297
1 16 1
298
