700 475 1085 47
15 20 12 1 19 15 5 10 6 16 18 13 5 23 24 19 3 29 12 10 8 9 17 3 10 25 7 26 22 30 15 15 11 30 11 14 26 10 28 22 7 13 8 24 12 24 28 3 5 12 3 28 14 24 1 25 8 23 14 24 2 4 10 30 19 26 2 27 2 5 22 28 19 29 26 5 24 10 28 20 25 18 25 19 26 30 7 15 16 20 22 27 17 5 26 19 11 24 10 11 22 14 3 27 30 1 25 28 10 17 11 26 30 19 18 17 27 30 2 30 3 19 21 4 30 9 23 23 7 25 30 7 21 6 6 21 1 12 27 22 7 1 1 19 11 20 23 14 6 11 21 19 22 10 8 28 4 25 3 16 16 21 16 2 26 2 5 19 5 9 13 12 22 27 8 6 14 6 19 10 1 4 8 22 21 6 29 7 24 4 30 30 13 14 1 5 22 2 12 13 2 21 8 17 16 21 26 8 16 16 8 20 9 28 23 16 3 19 14 11 10 19 1 11 17 7 28 23 6 8 18 30 10 21 5 20 22 9 27 17 29 27 16 26 30 1 18 8 2 9 17 21 5 9 13 16 6 1 9 3 15 15 29 16 21 22 10 20 26 8 8 11 20 19 12 20 9 25 27 3 8 13 18 10 18 7 27 22 4 23 8 2 5 7 23 22 29 2 16 30 20 10 18 4 20 26 17 12 29 18 17 23 30 8 6 6 23 25 23 6 17 12 11 5 5 18 7 25 5 25 23 26 13 18 20 25 15 25 10 21 9 12 22 14 25 18 4 13 13 2 12 30 25 28 11 7 2 5 19 8 28 10 12 11 19 29 14 14 5 16 12 23 29 28 2 17 29 17 29 23 26 11 22 4 7 16 29 30 9 6 16 11 28 23 26 24 13 24 16 18 27 9 13 6 24 6 30 23 4 4 9 16 22 27 22 23 6 28 18 7 6 3 24 1 15 3 16 2 13 15 28 29 2 1 20 17 15 16 20 1 11 25 22 9 3 30 4 15 14 22 23 10 23 7 25 7 17 6 5 12 6 28 16 27 3 14 15 11 7 24 14 14 28 4 23 21 12 9 13 29 16 29 12 27 15 5 11 23 22 10 30 13 3 3 14 30 20 2 29 9 11 27 6 28 27 8 18 25 22 19 21 17 22 9 3 16 22 4 3 1 1 2 7 22 3 14 12 29 27 18 1 8 21 23 24 13 5 15 19 25 30 7 28 7 4 12 26 23 7 10 26 7 27 5 8 24 19 23 28 2 6 8 9 8 1 15 11 8 29 8 1 16 13 29 11 20 13 29 29 10 15 27 8 2 27 8 23 18 21 14 11 6 18 16 15 15 8 24 26 17 15 3 30 11 18 2 30 1 29 11 4 3 17 30 23 3 27 5 14 19 4 18 13 4 28 23 6 5 5 10 12 29 14 30 9 18 23 14 14 1 6 3 14 4 18 11 1 14 12 9 28 23 17 1 8 10 30 6 16 20 7 24 24 2 3 2 8 11 8 29 14 9 4 22 18 12 28 24 7 18 30 12 12 30 30 24 11 3 27 8 2 2 5 24 23 12 25 29 11 1
19 5 5 21 25 12 30 2 15 18 26 6 1 6 16 13 5 23 23 10 28 12 23 27 27 26 7 27 15 11 5 29 18 8 7 5 5 21 12 30 4 17 16 13 19 13 5 9 28 11 26 10 22 1 14 5 3 26 2 23 15 30 7 27 13 1 9 8 24 24 19 16 10 17 30 29 19 17 15 18 17 15 28 23 25 13 11 13 10 19 6 4 18 7 13 1 23 8 1 16 7 3 14 30 1 10 27 18 8 27 24 30 27 14 30 24 29 17 23 12 17 11 3 8 18 7 12 22 15 19 14 1 18 11 12 10 23 5 23 19 26 4 4 16 28 14 18 23 10 5 24 16 11 30 9 26 14 19 5 1 21 27 16 4 24 20 5 23 17 14 13 3 9 7 15 18 8 13 21 5 3 1 20 9 25 3 10 20 11 30 18 14 21 18 21 23 12 23 23 9 28 23 19 10 15 25 9 9 25 14 18 16 2 13 29 25 14 20 21 16 13 27 8 17 2 14 21 2 19 13 26 19 6 19 18 18 28 3 24 22 28 10 10 9 30 15 16 23 23 25 14 3 29 17 30 7 22 1 19 21 30 25 30 10 4 17 25 17 10 9 13 14 27 11 8 14 22 1 28 5 29 16 9 28 12 6 2 27 20 12 28 13 18 9 2 9 26 27 21 4 17 23 2 20 8 25 7 13 26 19 30 28 14 10 17 1 24 22 2 17 13 4 29 8 21 18 14 27 18 29 26 1 12 23 7 10 2 12 17 13 14 7 2 20 28 2 16 19 17 15 16 12 4 26 1 21 8 30 22 23 10 14 3 8 22 26 1 15 15 22 26 24 20 19 23 16 6 9 16 10 6 18 11 30 19 2 30 18 16 16 30 24 15 3 15 22 7 4 14 24 8 18 26 10 22 22 11 4 8 17 17 8 29 5 19 27 4 30 28 12 27 12 12 21 28 13 28 20 5 9 26 15 29 28 2 30 26 5 20 4 8 15 25 20 15 14 20 19 24 7 2 28 28 30 21 20 27 28 19 21 16 16 29 5 22 24 21 15 19 6 1 9 28 29 5 20 30 6 24 25 24 29 7 30 17 3 20 11 11 24 28 12 3 24 13 17 4 7 12 6 2 1 7 1 17 12 13 11 5 16 25 5 27 22 29 1 11 22 21 17 23 2 3 19 5 6 9 30 11 22 19 18 21 24 10 5 18 9 16 13 2 18 3 17 6 17 2 18 21 28 25 1 26 14 25 27 13 2 21 20 6 27 29 6 21 8 16 15 21 17 22 13 27 13 12 10 4 11 21 15 4 26 18 11 1 1 7 6 30 26 18 27 18 11 12 14 25 9 16 20 6 18 16 12 24 25 25 19 8 6 14 13 10 2 3 17 13 22 30 25 14 17 8 26 10 24 13 11 12 29 8 24 25 2 12 1 7 17 10 3 3 15 8 15 24 22 3 14 21 4 30 21 23 19 1 14 1 29 21 5 14 10 2 20 20 26 23 25 29 30 12 9 28 7 22 5 6 15 7 9 10 15 25 11 13 2 26 24 29 11 28 29 4 15 12 13 4 21 30 16
0 12 1
298
0 13 2
143 230
0 9 5
341 27 44 147 415
0 6 2
157 499
1 9 4
160 166 51 233
1 3 6
683 270 264 413 465 667
2 12 4
567 28 287 106
0 18 2
608 278
2 11 7
289 429 186 254 317 352 346
0 2 6
558 49 691 430 401 112
0 7 5
116 52 565 631 665
0 6 6
210 251 464 545 102 492
0 1 1
528
0 5 2
280 694
1 8 4
228 668 196 191
1 16 4
40 197 26 363
0 16 2
595 190
0 14 3
685 60 64
1 4 5
679 395 72 418 223
0 14 3
641 61 384
0 12 2
634 593
1 14 4
478 245 71 91
1 8 6
456 385 205 343 92 322
0 7 5
33 410 697 181 173
0 3 2
505 267
1 17 4
637 426 355 387
0 11 4
513 441 117 103
0 8 1
269
0 14 2
79 654
0 12 1
611
1 20 2
652 113
1 15 4
109 39 584 296
1 2 4
18 692 13 86
0 12 4
169 619 440 311
0 19 1
281
0 8 3
506 50 531
1 1 3
539 556 617
0 10 3
20 428 76
1 3 6
542 411 486 312 121 467
0 7 4
397 550 585 25
0 20 2
402 163
0 2 4
589 132 487 358
1 6 5
318 168 656 185 261
0 17 1
306
0 15 4
474 232 127 234
1 11 8
371 434 111 6 204 521 613 93
1 19 5
80 297 612 460 526
0 6 3
421 388 47
1 9 6
54 115 686 104 655 65
0 7 7
5 349 594 242 96 383 671
0 4 1
639
0 2 4
174 15 512 216
0 13 2
243 367
0 8 2
660 572
0 3 5
481 463 110 601 283
1 1 2
561 46
1 10 6
225 282 220 136 522 687
0 18 1
337
0 3 5
105 8 614 152 139
0 2 2
555 150
0 14 1
342
1 19 6
155 405 519 462 386 495
0 6 7
377 217 14 664 469 445 37
0 18 1
198
4 16 9
669 4 374 359 345 94 670 544 246
1 19 4
21 626 648 432
1 8 3
554 527 417
1 15 3
62 130 453
0 7 1
275
0 12 1
449
0 4 2
58 564
2 12 5
134 344 325 56 274
2 15 8
151 600 621 294 1 588 266 488
1 12 5
68 663 437 581 628
0 9 2
301 559
0 12 3
357 299 543
1 4 5
48 466 129 389 393
0 4 1
424
0 17 1
167
0 2 2
676 515
2 24 1
0
3 23 1
2
2 28 1
3
2 20 1
7
2 30 1
9
3 31 2
10 171
1 9 1
11
1 16 1
12
1 14 1
16
2 18 1
17
3 18 1
19
1 21 1
22
3 23 1
23
3 20 1
24
1 7 1
29
1 16 1
30
1 9 1
31
2 16 1
32
3 35 2
34 391
2 30 2
35 286
2 12 1
36
1 13 1
38
2 24 2
41 523
2 6 2
42 319
2 24 1
43
2 16 1
45
2 20 1
53
2 7 1
55
1 18 1
57
1 15 1
59
1 23 1
63
2 33 1
66
2 5 1
67
5 23 1
69
2 18 1
70
1 25 1
73
1 9 1
74
2 24 2
75 361
1 7 1
77
4 20 1
78
1 30 1
81
3 23 1
82
3 22 1
83
1 3 1
84
3 27 1
85
1 24 1
87
5 14 1
88
2 23 1
89
1 19 1
90
3 18 2
95 479
3 16 1
97
3 11 1
98
1 3 1
99
1 16 1
100
2 21 1
101
1 13 1
107
1 19 1
108
1 12 1
114
3 17 1
118
1 6 1
119
2 33 1
120
4 15 1
122
1 27 1
123
1 25 1
124
2 20 1
125
1 22 2
126 362
4 24 1
128
6 13 1
131
1 7 1
133
1 18 1
135
2 15 1
137
4 21 1
138
3 17 1
140
2 27 1
141
4 31 2
142 284
2 30 1
144
2 27 1
145
2 25 1
146
1 24 1
148
1 27 1
149
1 20 1
153
1 13 1
154
2 30 1
156
1 26 1
158
1 10 1
159
1 24 1
161
2 31 1
162
2 22 1
164
4 12 2
165 300
2 25 1
170
2 20 1
172
4 17 2
175 553
1 25 1
176
2 14 1
177
1 13 1
178
1 14 1
179
2 4 1
180
1 12 1
182
1 21 1
183
1 19 1
184
1 17 1
187
1 6 1
188
1 19 2
189 295
1 18 1
192
1 11 1
193
4 29 1
194
2 24 1
195
3 14 1
199
5 20 1
200
1 5 1
201
3 11 1
202
4 32 1
203
2 21 1
206
2 26 1
207
5 5 1
208
2 29 1
209
2 17 1
211
1 2 1
212
3 10 1
213
2 26 1
214
3 15 1
215
2 22 1
218
1 23 1
219
2 26 1
221
1 20 1
222
1 12 1
224
1 9 1
226
1 13 1
227
2 11 1
229
3 18 1
231
2 24 1
235
2 34 1
236
1 7 2
237 609
1 11 1
238
1 11 1
239
1 14 1
240
1 22 1
241
1 9 1
244
3 22 1
247
3 27 1
248
2 25 1
249
5 14 1
250
2 14 1
252
2 17 1
253
1 11 1
255
3 31 1
256
1 16 1
257
4 24 1
258
2 18 1
259
1 24 2
260 622
2 18 1
262
2 11 1
263
3 11 1
265
4 23 1
268
3 27 1
271
2 27 1
272
4 18 1
273
3 10 1
276
2 30 1
277
4 26 1
279
3 21 1
285
3 24 1
288
1 21 1
290
2 24 1
291
3 12 1
292
1 14 1
293
4 23 1
302
3 20 1
303
2 22 1
304
2 6 1
305
2 30 1
307
1 13 1
308
1 7 1
309
3 34 1
310
3 34 1
313
1 7 2
314 573
3 24 3
315 484 630
1 17 1
316
2 14 1
320
4 26 1
321
5 23 1
323
1 14 1
324
2 17 1
326
1 30 1
327
3 19 1
328
2 11 1
329
3 11 1
330
1 13 1
331
1 19 1
332
1 6 1
333
2 27 1
334
3 11 1
335
3 25 1
336
2 6 1
338
1 18 1
339
2 24 1
340
1 17 1
347
1 3 1
348
1 18 1
350
2 10 1
351
1 18 1
353
2 26 1
354
1 8 1
356
2 22 1
360
2 21 1
364
3 12 1
365
1 23 1
366
5 19 1
368
1 24 1
369
2 21 1
370
4 27 1
372
1 24 1
373
1 6 1
375
2 14 1
376
1 13 1
378
5 11 1
379
4 14 1
380
1 15 1
381
3 20 1
382
2 25 1
390
1 18 1
392
4 28 1
394
2 27 1
396
1 22 1
398
1 10 1
399
2 15 1
400
1 18 1
403
3 15 2
404 618
1 12 1
406
1 6 1
407
2 14 2
408 498
1 22 2
409 435
3 10 1
412
1 9 1
414
1 8 1
416
1 27 1
419
1 11 1
420
1 16 1
422
1 29 1
423
3 24 1
425
1 20 1
427
5 9 1
431
1 8 1
433
2 10 1
436
2 17 1
438
2 23 1
439
2 13 1
442
1 11 1
443
2 25 1
444
1 9 1
446
2 15 1
447
3 24 1
448
2 9 1
450
4 16 1
451
1 19 1
452
1 13 1
454
2 22 1
455
3 18 1
457
3 25 1
458
1 10 1
459
3 28 1
461
3 19 1
468
1 19 1
470
2 6 1
471
2 30 1
472
2 11 1
473
1 13 1
475
7 27 1
476
1 16 1
477
1 14 1
480
3 11 1
482
2 10 1
483
1 22 1
485
2 34 1
489
1 18 1
490
3 27 1
491
6 23 1
493
4 16 1
494
1 28 1
496
2 30 1
497
1 25 1
500
1 29 1
501
1 11 1
502
3 27 1
503
2 19 1
504
3 13 1
507
1 20 1
508
1 25 1
509
3 34 1
510
3 31 1
511
6 24 1
514
5 19 1
516
1 15 1
517
4 16 1
518
7 20 1
520
1 10 1
524
2 9 1
525
2 27 1
529
1 19 1
530
1 20 1
532
3 18 1
533
1 3 1
534
1 6 1
535
1 17 1
536
1 18 1
537
1 20 1
538
1 13 1
540
1 29 1
541
1 26 1
546
3 17 1
547
2 14 1
548
1 15 1
549
1 23 1
551
1 7 1
552
1 9 1
557
3 13 2
560 597
1 18 1
562
1 20 1
563
1 20 1
566
2 29 1
568
1 11 1
569
1 10 1
570
2 23 1
571
7 29 1
574
1 25 1
575
2 17 1
576
3 18 1
577
1 23 1
578
2 18 1
579
3 26 1
580
4 34 1
582
6 23 1
583
2 16 1
586
3 31 1
587
3 20 1
590
2 38 1
591
2 26 1
592
1 12 1
596
5 16 1
598
1 12 1
599
5 23 1
602
2 22 1
603
5 12 1
604
1 8 1
605
6 10 1
606
1 21 1
607
1 19 1
610
1 19 1
615
2 32 1
616
1 11 1
620
3 24 1
623
3 13 1
624
3 5 1
625
1 28 1
627
1 13 1
629
3 31 1
632
1 24 1
633
6 31 1
635
1 12 1
636
2 29 1
638
1 23 1
640
3 14 1
642
2 9 1
643
1 16 1
644
1 8 1
645
1 14 1
646
2 26 1
647
1 26 1
649
1 7 1
650
1 10 1
651
1 19 1
653
1 19 1
657
3 20 1
658
1 13 1
659
4 22 1
661
2 16 1
662
2 5 1
666
1 13 1
672
1 22 1
673
5 25 1
674
2 13 1
675
2 23 1
677
5 4 1
678
2 26 1
680
2 25 1
681
1 16 1
682
1 14 1
684
3 21 1
688
2 26 1
689
2 27 1
690
2 30 1
693
2 15 1
695
3 19 1
696
1 4 1
698
4 19 1
699
