1000 627 1550 67
27 30 28 4 6 19 18 1 20 20 12 14 9 7 3 22 25 7 15 1 23 9 14 27 15 28 16 26 16 11 5 12 4 17 5 13 5 14 28 9 7 27 15 20 5 25 23 1 4 5 27 15 12 23 2 25 29 1 28 15 3 28 30 9 19 21 18 8 11 16 25 10 19 14 30 4 6 9 7 25 20 5 16 24 13 18 30 7 10 11 23 18 2 18 1 21 23 16 8 30 5 16 14 30 18 28 3 4 18 20 13 29 18 3 29 2 19 4 28 25 29 14 12 25 10 17 3 20 11 21 3 2 21 17 18 10 18 6 7 6 5 22 28 20 6 10 25 5 21 11 5 8 25 20 17 11 10 14 18 18 21 20 1 4 6 25 18 14 22 22 27 26 1 19 30 6 28 10 7 8 12 14 5 18 30 9 8 8 12 14 4 29 7 2 5 27 3 13 19 5 1 9 5 17 4 7 21 16 1 29 10 2 2 7 6 19 9 3 5 8 15 11 11 7 14 3 24 4 22 24 9 5 7 26 25 4 5 6 17 27 3 1 3 5 3 5 15 28 12 26 19 19 21 15 17 25 5 20 4 5 28 20 12 21 17 28 16 1 7 17 21 26 22 10 9 29 3 6 12 17 16 7 27 25 18 15 1 9 22 12 15 10 24 29 15 26 7 18 11 22 25 30 12 8 13 2 21 24 10 21 16 20 19 18 18 13 26 18 6 27 26 21 4 25 17 6 4 24 5 25 14 23 30 24 17 19 2 10 28 3 24 5 22 5 16 17 10 3 8 4 8 2 29 20 2 16 7 25 23 23 15 1 6 16 29 4 7 12 22 6 2 5 13 14 3 1 15 2 2 21 29 9 13 24 26 22 24 25 2 18 4 5 2 26 3 19 14 29 26 25 13 12 30 10 20 30 13 22 2 19 12 22 5 19 27 27 26 6 29 1 14 4 24 18 2 20 22 15 11 3 1 19 20 5 27 16 4 29 2 9 7 14 4 30 25 1 9 16 25 5 25 8 17 25 15 26 5 21 18 20 27 7 15 3 5 9 24 10 17 16 3 21 9 21 11 27 6 24 12 22 15 22 22 26 12 15 5 15 3 16 15 26 13 6 24 15 5 1 12 21 25 19 22 5 27 27 20 25 28 19 27 27 1 16 4 11 12 2 5 9 11 28 28 15 14 28 19 13 20 23 27 28 2 10 2 25 4 1 22 29 1 14 24 24 26 15 3 12 15 6 3 16 18 11 11 2 23 7 13 22 3 27 28 11 28 5 23 7 26 12 25 4 17 17 20 17 13 2 20 3 18 7 6 17 4 21 15 5 9 2 16 11 16 25 24 20 25 6 30 5 9 23 22 15 9 27 8 5 8 17 1 3 21 11 5 26 4 30 21 13 4 6 9 21 19 15 29 1 7 9 7 7 2 10 29 14 29 20 21 15 10 5 3 21 10 27 27 15 21 7 27 6 4 7 11 23 11 15 1 29 17 21 19 11 20 28 15 8 28 10 28 16 17 18 18 6 18 9 24 23 29 15 8 18 29 24 6 14 6 22 5 19 23 14 1 27 17 7 9 4 13 22 29 13 29 7 14 14 8 17 3 6 2 15 9 24 27 30 15 24 29 20 10 22 19 29 9 19 16 8 17 4 27 22 8 11 14 5 10 10 16 17 13 30 2 23 11 16 28 6 19 18 10 1 6 10 3 7 29 20 9 18 13 11 20 7 30 12 3 26 1 25 11 9 18 4 12 3 19 19 22 18 18 21 21 15 12 29 9 6 5 16 1 4 10 3 18 20 21 16 14 17 24 6 30 5 13 22 23 28 13 22 12 15 28 8 16 18 21 7 13 16 3 29 12 8 7 14 26 16 11 28 23 16 22 20 12 11 4 6 23 12 20 25 8 21 3 20 28 2 25 6 3 3 15 25 1 9 6 17 5 15 9 28 1 15 20 11 7 30 18 16 4 12 20 28 20 20 14 20 12 25 10 21 16 23 15 20 3 21 19 28 4 5 11 6 25 29 16 22 5 17 9 28 29 30 9 14 3 23 16 7 9 7 11 30 23 10 11 27 15 27 8 9 11 17 15 19 11 23 15 29 30 17 22 16 5 12 6 24 26 24 22 2 25 17 2 9 15 7 27 13 20 8 13 27 10 20 18 8 20 16 14 1 17 8 19 14 17 23 26 5 4 9 26 16 13 13 7 23 19 26 28 25 9 25 21 16 12 25 12 21 28 12 1 5 24 12 16 26
11 13 23 9 27 30 13 6 19 11 9 26 14 21 14 7 6 12 21 24 4 2 13 18 21 12 10 10 10 23 23 1 12 1 13 5 28 14 16 14 17 12 18 6 18 10 14 28 5 25 29 26 21 1 27 27 2 8 17 27 23 29 13 23 9 4 15 18 21 4 22 17 24 8 16 22 8 24 28 2 18 17 25 16 11 18 28 3 29 10 24 27 20 6 27 13 23 1 2 15 3 1 28 8 11 24 8 8 20 24 3 22 13 24 16 13 5 20 18 30 16 26 21 1 18 14 27 26 1 13 25 2 17 20 17 20 29 18 1 7 15 24 25 27 26 1 29 17 7 19 19 12 7 14 4 23 8 9 23 16 17 3 22 11 1 29 24 1 1 15 20 13 30 24 26 2 26 10 12 25 13 2 18 23 17 12 11 12 24 28 18 24 7 1 16 18 16 6 15 5 3 10 17 20 28 23 12 19 16 30 8 13 29 6 11 15 27 21 2 29 11 2 16 28 29 8 24 9 15 14 6 19 30 12 27 22 23 23 1 12 8 17 10 20 13 15 14 6 3 2 25 3 24 27 30 5 13 23 20 21 12 17 26 28 15 6 17 3 21 27 5 2 15 10 6 13 24 26 2 6 22 24 3 5 16 22 27 20 10 4 5 22 16 4 27 23 14 8 1 8 17 19 19 8 23 9 19 7 18 19 17 14 16 25 23 4 7 13 16 6 6 28 28 17 13 18 9 20 1 23 6 19 22 10 19 20 5 14 14 28 12 7 5 23 17 10 21 9 21 9 1 20 17 30 18 24 13 11 4 23 10 25 9 9 28 18 6 29 18 4 13 18 3 19 29 8 4 10 3 1 14 27 16 1 21 29 30 18 29 25 20 14 20 4 16 3 26 23 26 7 19 28 20 16 12 7 28 4 16 1 11 30 5 4 3 25 22 12 18 27 23 8 26 9 15 3 10 23 10 13 26 20 27 29 27 9 15 9 3 13 16 18 3 16 5 21 19 27 12 3 7 9 16 6 25 24 19 26 18 15 15 6 5 29 17 7 18 2 18 5 5 19 14 1 27 12 1 14 17 10 14 11 2 12 25 23 21 19 26 12 26 26 16 19 14 6 17 28 10 24 29 7 24 25 28 15 24 24 12 15 17 13 2 13 6 1 30 25 8 17 3 17 13 21 23 1 17 29 17 1 2 19 24 28 28 25 27 6 19 29 26 23 20 20 12 16 29 20 8 29 20 20 4 14 1 7 7 1 27 26 16 28 30 24 3 5 23 6 10 24 18 26 22 8 11 22 4 19 7 14 17 26 20 25 20 27 9 7 7 29 15 12 23 23 20 5 26 6 15 1 29 4 11 23 19 13 5 22 1 23 13 21 12 17 25 17 11 1 13 27 20 19 13 11 20 16 7 6 14 6 22 9 18 3 28 26 4 19 24 8 11 5 18 28 29 3 12 30 6 29 9 10 23 29 18 26 17 22 11 6 27 19 10 12 25 2 7 23 12 19 14 6 18 14 25 3 20 21 29 18 4 6 3 24 23 7 30 5 14 27 10 15 9 6 6 3 26 20 17 11 3 30 23 2 17 11 8 15 26 10 17 23 6 4 19 30 9 10 21 17 7 27 19 16 10 27 10 18 23 9 30 24 13 9 21 10 1 13 26 25 10 9 4 15 27 12 30 26 8 26 14 6 20 10 12 3 5 10 18 17 25 26 1 13 12 23 21 19 1 26 2 1 9 24 2 8 2 30 22 16 26 22 4 11 7 25 27 16 1 12 1 15 5 29 3 1 25 26 29 2 30 7 25 5 26 12 20 5 18 26 4 3 29 3 8 16 10 27 10 21 3 6 1 5 4 12 17 3 19 20 15 4 2 5 11 6 26 16 29 12 30 3 8 22 18 15 17 14 8 13 3 20 13 17 9 11 10 11 12 4 20 22 14 8 10 1 18 11 23 15 21 21 28 11 4 21 9 26 1 17 24 10 9 25 12 29 22 1 26 29 4 29 16 10 2 29 17 13 21 17 17 19 27 21 29 9 28 4 26 9 6 9 7 12 28 12 28 4 17 7 21 22 14 26 28 21 21 18 16 18 11 22 24 7 3 11 30 16 6 21 11 25 1 4 13 8 21 2 25 28 8 9 20 19 21 28 29 20 14 11 11 7 3 20 24 4 19 22 1 12 23 6 17 7 14 12 30 5 4 26 4 11 18 4 29 30 21 18 17 11 21 28 30 8 15 28 27 12 12 3
2 8 8
185 139 396 876 292 894 889 882
3 15 7
941 84 282 789 611 710 727
0 3 2
566 843
0 13 2
218 929
0 8 4
627 717 802 840
0 4 6
169 546 856 430 133 204
4 10 10
45 44 460 643 814 235 158 842 956 596
0 9 1
239
0 19 8
435 695 883 966 50 468 585 828
0 1 7
850 348 674 959 449 776 725
0 12 3
721 321 324
0 6 6
786 448 52 121 990 612
0 2 2
524 700
1 5 7
922 826 954 555 892 715 515
0 11 1
568
0 1 3
662 976 514
1 5 4
919 241 67 224
1 2 7
193 809 433 601 617 279 417
0 1 3
29 591 285
0 1 1
526
0 5 1
137
0 12 2
361 839
0 13 13
350 544 503 23 49 453 723 231 924 916 877 680 755
3 20 8
377 365 349 331 174 172 865 487
0 6 1
679
1 3 5
168 523 92 815 677
2 12 9
604 71 833 740 935 19 319 573 233
0 20 10
559 912 960 830 560 982 394 10 921 244
5 19 12
328 653 637 40 51 775 217 986 190 918 94 398
2 10 8
588 690 605 423 660 991 36 212
1 14 3
927 685 490
0 2 5
652 914 729 625 61
0 7 1
107
0 4 3
298 825 645
3 16 9
664 858 632 881 613 823 955 618 574
0 16 2
633 746
0 18 4
942 370 979 25
0 19 3
209 620 341
0 18 6
705 562 35 521 255 886
0 6 4
307 75 310 971
2 2 8
493 276 130 797 884 616 871 283
0 6 2
347 219
0 19 2
583 938
2 17 5
240 303 249 665 762
1 10 4
743 234 804 9
1 2 5
443 421 821 635 713
0 10 4
464 928 60 205
0 16 3
691 463 598
1 18 7
322 592 459 846 967 99 553
1 9 6
59 376 141 261 961 904
1 8 12
200 264 655 115 887 153 344 151 835 485 308 444
0 4 2
525 609
1 20 6
7 792 751 649 719 947
1 15 4
977 547 3 747
0 14 1
247
0 2 4
118 427 338 428
0 4 4
532 902 216 681
4 20 10
861 931 788 980 853 397 793 101 530 28
0 5 3
289 406 382
0 15 4
726 836 16 126
0 13 1
869
0 7 5
270 522 191 533 87
0 15 2
119 379
1 17 4
373 238 323 868
2 7 9
736 864 794 978 820 144 284 511 863
0 18 5
769 143 639 996 491
3 5 8
62 56 405 817 4 281 2 594
0 2 3
482 302 985
1 20 4
650 732 431 22
0 20 2
496 998
0 7 4
301 269 758 579
0 11 1
528
1 3 4
756 866 24 48
0 10 4
290 581 17 777
1 12 7
548 759 901 108 687 939 634
2 8 6
908 791 584 994 750 671
0 16 2
326 196
0 15 2
730 684
1 8 7
458 440 879 402 854 345 943
0 4 8
72 849 572 932 900 844 175 891
0 8 2
120 422
0 17 2
367 274
5 3 13
278 313 799 760 437 764 77 693 297 442 465 735 277
0 5 4
944 801 599 569
0 14 2
550 356
2 12 8
907 561 20 165 426 320 295 623
4 23 1
0
2 34 1
1
4 21 1
5
1 20 1
6
9 32 1
8
1 23 1
11
2 18 1
12
3 28 1
13
3 19 1
14
4 19 1
15
2 24 1
18
1 30 1
21
2 33 1
26
2 28 2
27 187
1 40 1
30
11 23 2
31 486
1 37 1
32
1 21 1
33
2 14 1
34
3 26 1
37
4 28 1
38
2 10 1
39
1 21 1
41
4 22 1
42
3 38 1
43
1 11 1
46
1 20 1
47
2 13 1
53
3 7 1
54
3 12 1
55
1 13 2
57 722
1 33 1
58
4 25 1
63
9 25 2
64 706
1 20 1
65
3 16 1
66
2 31 1
68
4 18 2
69 593
2 12 1
70
6 26 1
73
2 12 1
74
2 31 1
76
1 16 1
78
2 3 1
79
1 31 1
80
4 9 2
81 543
4 19 1
82
12 39 2
83 159
12 29 2
85 311
3 16 1
86
1 14 1
88
4 17 1
89
1 15 1
90
11 8 1
91
2 17 1
93
3 12 1
95
3 20 1
96
4 11 1
97
2 23 2
98 391
3 24 1
100
1 22 1
102
5 17 1
103
4 21 1
104
4 17 1
105
2 12 1
106
3 31 1
109
4 7 1
110
2 22 1
111
2 30 1
112
4 16 2
113 785
1 37 2
114 210
7 7 1
116
1 23 3
117 215 479
2 22 1
122
1 20 1
123
8 20 1
124
1 13 1
125
1 26 1
127
2 6 1
128
3 8 2
129 385
3 10 1
131
3 21 1
132
4 3 1
134
1 29 1
135
6 22 1
136
5 23 2
138 629
1 36 1
140
1 37 2
142 508
4 26 1
145
4 11 1
146
4 25 1
147
1 15 1
148
4 26 1
149
7 18 2
150 999
2 27 1
152
1 18 1
154
4 21 1
155
4 10 1
156
1 20 1
157
1 26 1
160
4 20 1
161
1 19 1
162
3 26 1
163
1 20 1
164
4 14 2
166 964
3 20 1
167
1 25 1
170
1 22 1
171
9 22 1
173
3 20 1
176
1 33 1
177
4 32 2
178 504
7 20 1
179
3 9 1
180
11 15 2
181 642
2 19 1
182
1 19 1
183
2 16 1
184
2 25 1
186
2 25 1
188
1 22 1
189
5 14 1
192
3 37 1
194
2 25 1
195
1 24 1
197
4 9 1
198
1 6 1
199
2 30 1
201
1 22 1
202
5 27 1
203
2 36 2
206 946
3 4 1
207
1 34 1
208
3 8 1
211
4 4 1
213
4 8 1
214
6 22 1
220
1 29 1
221
1 30 1
222
8 20 1
223
2 20 2
225 242
4 12 1
226
4 5 1
227
5 29 1
228
4 6 1
229
2 24 1
230
1 35 1
232
1 28 1
236
1 22 1
237
2 4 1
243
1 26 1
245
1 24 1
246
4 24 1
248
1 18 1
250
3 14 1
251
3 10 1
252
2 11 1
253
1 32 1
254
9 25 1
256
3 16 2
257 606
1 31 1
258
1 32 1
259
4 13 1
260
3 29 1
262
1 23 1
263
3 13 1
265
6 12 1
266
5 15 1
267
3 12 1
268
2 12 1
271
2 28 1
272
2 8 1
273
5 10 1
275
1 7 2
280 610
3 11 1
286
7 20 1
287
2 25 1
288
4 30 2
291 885
1 27 1
293
3 18 1
294
4 24 1
296
1 9 1
299
2 17 1
300
4 28 2
304 646
1 20 1
305
7 13 1
306
2 30 1
309
2 39 1
312
2 19 1
314
1 40 1
315
1 25 1
316
2 25 1
317
1 24 1
318
1 9 2
325 870
3 26 2
327 500
1 23 2
329 911
3 13 2
330 590
5 14 1
332
2 10 1
333
1 29 1
334
2 31 1
335
1 18 1
336
3 34 1
337
2 24 1
339
2 10 1
340
4 10 1
342
4 25 1
343
5 26 1
346
4 7 1
351
2 17 1
352
4 20 1
353
2 12 1
354
4 16 1
355
2 16 1
357
2 21 1
358
4 25 1
359
4 16 1
360
4 13 1
362
1 23 1
363
7 23 1
364
2 17 1
366
2 7 1
368
2 15 2
369 661
1 20 1
371
2 6 1
372
2 21 1
374
9 28 1
375
3 27 1
378
1 10 1
380
2 22 1
381
5 7 1
383
7 32 1
384
1 11 1
386
4 28 2
387 773
3 18 1
388
3 10 1
389
2 11 1
390
1 23 1
392
2 6 1
393
4 12 1
395
2 11 1
399
5 33 1
400
7 35 1
401
2 10 1
403
4 22 1
404
4 9 1
407
1 17 1
408
1 26 1
409
5 23 1
410
11 13 1
411
1 21 1
412
4 30 1
413
1 36 1
414
1 21 1
415
4 33 1
416
2 15 1
418
3 12 1
419
2 12 1
420
2 17 1
424
3 26 1
425
4 23 1
429
7 30 2
432 624
7 7 1
434
1 35 1
436
4 10 1
438
4 12 1
439
1 10 1
441
2 22 1
445
3 34 1
446
1 13 2
447 638
2 14 1
450
2 12 1
451
1 24 1
452
4 32 1
454
1 4 1
455
7 28 1
456
4 6 1
457
1 9 1
461
4 15 1
462
4 16 1
466
1 27 1
467
5 21 1
469
4 35 1
470
5 19 1
471
4 8 2
472 552
1 3 1
473
4 22 1
474
2 21 1
475
3 26 2
476 571
1 37 1
477
8 34 1
478
1 27 1
480
2 13 1
481
3 16 1
483
1 33 1
484
1 16 1
488
3 21 1
489
2 12 1
492
7 27 1
494
2 13 1
495
4 22 1
497
2 17 1
498
4 27 1
499
2 11 1
501
2 26 1
502
4 19 2
505 957
2 26 1
506
5 30 1
507
4 30 1
509
4 7 1
510
6 22 1
512
4 14 1
513
1 28 1
516
4 18 1
517
1 15 1
518
3 11 1
519
4 17 1
520
1 27 1
527
1 36 1
529
7 22 2
531 753
3 19 1
534
6 15 1
535
1 16 1
536
2 27 1
537
2 20 1
538
3 26 1
539
1 9 1
540
4 18 1
541
6 24 1
542
4 3 1
545
4 6 1
549
3 24 1
551
3 11 1
554
2 23 1
556
2 10 1
557
5 17 1
558
4 22 1
563
2 22 1
564
1 8 1
565
5 35 1
567
1 26 1
570
1 29 1
575
4 12 1
576
2 25 1
577
1 8 1
578
5 26 1
580
1 26 1
582
6 22 1
586
1 17 1
587
4 4 1
589
2 15 1
595
2 22 1
597
4 18 1
600
3 23 1
602
5 16 1
603
1 28 1
607
4 17 1
608
5 23 1
614
4 20 1
615
2 22 1
619
1 28 1
621
2 19 1
622
1 29 1
626
3 33 1
628
2 11 1
630
3 6 1
631
1 30 1
636
2 9 1
640
3 20 1
641
2 27 1
644
1 27 1
647
4 12 1
648
2 21 1
651
4 23 1
654
1 34 1
656
1 30 1
657
1 19 1
658
9 24 1
659
2 21 1
663
1 25 1
666
1 19 1
667
1 38 1
668
1 22 1
669
2 7 1
670
5 15 1
672
4 26 1
673
5 11 2
675 767
4 23 1
676
4 14 1
678
1 27 1
682
1 31 1
683
6 10 1
686
2 23 1
688
5 21 1
689
2 19 1
692
1 22 1
694
2 29 1
696
2 24 2
697 962
7 19 1
698
1 33 1
699
1 4 1
701
2 21 2
702 781
11 37 1
703
4 21 1
704
1 16 1
707
3 20 1
708
4 23 1
709
3 36 1
711
2 22 1
712
1 26 1
714
3 12 1
716
6 27 1
718
1 15 1
720
4 27 1
724
4 16 1
728
5 24 1
731
5 20 1
733
3 12 2
734 975
3 18 1
737
4 16 1
738
2 18 1
739
2 23 1
741
1 25 1
742
1 27 1
744
1 32 1
745
2 20 1
748
3 19 1
749
1 17 1
752
3 7 1
754
2 22 1
757
1 21 1
761
6 31 1
763
1 40 1
765
3 9 1
766
1 28 1
768
2 22 1
770
2 26 1
771
9 34 1
772
4 11 1
774
2 9 1
778
11 10 1
779
2 33 1
780
4 25 1
782
3 26 1
783
1 31 1
784
1 29 1
787
2 20 1
790
1 21 1
795
2 32 1
796
1 25 1
798
1 24 1
800
2 25 1
803
3 30 1
805
1 34 1
806
2 31 1
807
3 31 1
808
2 11 1
810
3 19 2
811 855
2 20 1
812
2 24 1
813
1 7 1
816
4 10 1
818
6 22 1
819
2 16 1
822
2 12 1
824
2 16 1
827
4 16 1
829
1 14 1
831
1 23 1
832
3 9 1
834
4 15 1
837
1 30 1
838
2 24 1
841
1 35 1
845
1 29 1
847
4 27 1
848
2 19 1
851
4 23 1
852
5 30 1
857
3 6 1
859
2 21 1
860
4 13 1
862
1 27 1
867
1 39 1
872
2 27 1
873
1 24 1
874
2 15 1
875
4 35 1
878
2 28 1
880
2 16 1
888
5 8 1
890
2 31 1
893
2 22 1
895
4 17 1
896
1 20 1
897
1 14 1
898
2 32 1
899
3 28 1
903
4 11 1
905
1 25 1
906
9 13 1
909
4 15 1
910
1 24 1
913
1 32 1
915
2 11 1
917
1 30 1
920
4 9 1
923
4 21 1
925
2 19 1
926
6 28 1
930
2 11 1
933
3 12 1
934
2 14 1
936
3 33 1
937
2 16 1
940
2 11 1
945
1 29 1
948
3 18 1
949
2 27 1
950
1 18 1
951
2 31 1
952
1 15 1
953
4 33 1
958
1 20 1
963
12 30 1
965
4 10 1
968
1 27 1
969
4 29 1
970
1 25 1
972
3 24 1
973
1 36 1
974
2 22 1
981
2 27 1
983
1 27 1
984
1 37 1
987
1 25 1
988
6 24 1
989
2 18 1
992
2 7 1
993
1 15 1
995
1 40 1
997
