300 239 465 20
4 24 15 18 11 25 10 9 16 1 9 16 4 10 21 23 16 2 29 11 23 16 22 30 20 6 30 11 13 18 11 19 8 26 21 17 8 9 4 8 20 6 9 18 27 6 10 10 30 19 4 19 10 9 12 27 19 26 14 30 7 7 19 27 16 4 23 30 21 18 11 21 12 9 17 4 17 16 16 18 21 9 8 22 30 10 13 28 17 11 27 1 3 8 11 28 21 29 13 7 24 19 26 26 9 13 22 26 19 19 20 25 9 6 21 21 14 22 20 23 18 20 20 19 9 5 18 4 6 14 3 24 12 1 15 6 6 21 9 17 25 18 8 22 25 7 23 17 3 22 3 30 14 9 6 27 29 4 1 27 22 14 23 9 12 26 4 7 21 4 18 15 7 5 28 27 13 7 28 15 21 2 25 11 7 4 30 24 6 28 12 9 11 16 14 14 18 3 4 17 18 15 26 14 6 2 10 13 12 19 29 11 16 2 15 12 6 22 4 17 7 30 24 27 30 24 15 9 9 7 15 22 26 5 8 5 10 18 11 13 15 22 7 26 24 3 11 21 29 5 22 15 24 11 1 28 23 30 24 2 2 25 23 21 11 25 26 1 23 15 12 10 12 16 2 6 9 13 4 21 21 9 13 12 17 27 29 13 17 12 6 22 19 19 27 20 22 29 24 15
14 4 27 26 13 2 17 28 14 11 13 20 27 1 3 13 8 28 19 17 9 18 17 23 5 30 13 2 29 30 20 3 7 27 29 6 7 13 16 4 29 19 21 30 9 7 26 9 27 30 11 20 23 24 10 10 7 17 7 8 15 5 13 18 6 2 19 28 17 14 13 22 15 22 8 21 16 15 23 24 8 30 30 12 18 12 15 11 13 3 2 13 6 2 11 6 3 17 22 29 21 4 24 13 22 25 4 25 24 10 1 30 23 5 15 2 28 14 6 28 15 10 12 20 8 29 10 24 22 7 1 13 19 15 18 23 27 11 3 9 7 18 30 2 5 19 22 11 20 3 15 28 17 14 22 10 13 3 29 5 3 18 15 18 28 3 9 5 29 10 15 23 19 26 30 14 15 29 28 10 4 14 2 5 30 25 10 22 4 28 30 10 13 11 5 2 7 28 11 29 4 1 3 1 3 7 10 24 9 13 30 6 1 21 24 19 14 11 30 23 26 3 5 25 6 11 22 27 2 22 17 1 12 15 14 4 22 17 10 4 10 15 26 5 29 6 1 5 26 27 22 22 20 8 22 23 19 2 8 10 18 21 30 23 30 26 20 11 16 13 2 25 29 25 14 3 3 26 27 26 10 29 21 9 2 26 2 15 11 30 5 23 12 10 1 10 23 12 7 6
0 19 3
5 268 146
0 20 1
120
0 9 1
116
1 5 4
74 84 33 246
0 4 1
228
1 14 2
160 53
1 18 2
171 48
0 11 4
207 269 67 106
0 16 3
17 296 243
0 1 1
284
0 7 2
258 24
1 10 4
32 45 18 279
0 17 1
60
0 13 1
62
0 2 1
217
0 8 1
152
1 7 2
221 277
0 20 2
82 52
0 10 2
232 68
0 7 1
42
0 6 2
257 141
0 3 2
76 55
0 11 1
129
0 4 2
202 38
0 4 1
172
1 2 2
183 137
0 4 1
113
0 12 1
130
0 9 2
104 77
0 5 2
86 166
0 16 2
192 72
0 3 1
264
1 7 4
293 263 4 6
0 8 2
78 206
0 18 1
156
0 12 1
209
0 16 1
70
0 17 1
288
1 1 3
69 189 27
0 13 2
26 132
0 14 1
128
0 7 1
175
0 14 1
204
0 19 1
12
0 18 2
173 56
0 12 1
297
0 1 2
234 259
0 7 3
22 177 194
0 20 3
290 98 294
2 18 4
170 118 64 127
0 15 1
169
1 9 2
125 89
0 5 2
236 123
0 16 1
253
0 14 2
63 242
1 8 3
101 291 267
0 19 1
245
0 2 3
88 247 238
0 13 1
227
0 7 1
122
0 1 3
99 168 211
0 16 1
41
0 20 2
205 195
0 6 3
181 117 193
0 7 3
251 11 44
0 17 1
7
1 11 1
0
1 27 1
1
1 22 2
2 292
2 35 1
3
1 30 1
8
1 16 2
9 46
1 29 1
10
1 24 1
13
1 21 1
14
1 16 1
15
1 18 1
16
1 19 1
19
2 10 1
20
1 20 1
21
1 18 1
23
1 28 1
25
1 16 1
28
1 17 1
29
1 27 1
30
1 11 1
31
1 7 1
34
1 4 1
35
1 25 1
36
1 17 1
37
1 19 1
39
1 23 1
40
1 9 1
43
1 20 1
47
1 19 1
49
1 16 1
50
1 17 1
51
1 27 1
54
1 14 1
57
1 17 1
58
1 24 1
59
1 16 1
61
1 30 1
65
1 30 1
66
2 29 1
71
1 23 1
73
1 30 1
75
1 21 1
79
3 23 1
80
2 19 1
81
2 20 1
83
1 29 1
85
1 31 1
87
3 8 1
90
2 29 1
91
1 17 1
92
1 18 2
93 126
1 3 1
94
1 23 1
95
1 21 1
96
1 31 1
97
1 7 1
100
1 16 1
102
2 33 1
103
1 26 1
105
1 16 1
107
1 21 1
108
1 23 1
109
2 21 1
110
1 11 1
111
1 19 1
112
2 8 1
114
1 36 1
115
1 21 1
119
1 27 1
121
1 14 1
124
1 19 1
131
1 24 1
133
1 36 1
134
1 15 1
135
1 25 1
136
1 19 1
138
1 20 1
139
1 18 1
140
1 10 1
142
3 16 1
143
1 31 1
144
1 26 1
145
2 8 1
147
2 17 1
148
3 9 1
149
2 27 1
150
1 36 1
151
3 10 1
153
1 23 1
154
1 36 1
155
1 10 1
157
1 14 1
158
2 17 1
159
1 31 1
161
1 34 1
162
1 21 1
163
1 22 1
164
1 31 2
165 249
1 33 1
167
1 12 1
174
2 15 1
176
1 21 1
178
1 16 1
179
1 6 1
180
1 27 1
182
1 35 1
184
1 8 1
185
1 25 1
186
1 17 1
187
1 14 1
188
1 24 1
190
2 14 1
191
1 8 1
196
1 21 1
197
1 29 1
198
1 11 1
199
1 29 1
200
2 3 1
201
2 24 1
203
1 15 1
208
2 14 1
210
1 25 1
212
1 9 1
213
2 17 1
214
1 29 1
215
1 23 1
216
1 21 1
218
1 3 1
219
1 20 1
220
1 13 1
222
1 18 1
223
2 29 1
224
1 23 1
225
1 20 1
226
1 12 1
229
1 19 2
230 285
1 26 1
231
2 25 1
233
1 22 1
235
1 35 1
237
1 11 1
239
1 29 1
240
1 20 1
241
2 31 1
244
1 28 1
248
2 19 1
250
1 11 1
252
1 32 1
254
1 20 1
255
2 19 1
256
1 33 1
260
1 16 1
261
1 20 1
262
1 14 1
265
1 21 1
266
1 32 1
270
1 11 1
271
1 25 1
272
1 36 1
273
1 8 1
274
1 24 1
275
1 11 1
276
1 14 1
278
2 18 1
280
1 5 1
281
2 22 1
282
1 32 1
283
1 34 1
286
1 12 1
287
1 38 1
289
1 19 1
295
1 19 1
298
1 9 1
299
