1000 633 1550 67
6 28 4 4 12 10 8 24 26 7 9 10 6 2 20 23 17 21 14 28 28 4 10 12 25 18 26 19 21 2 14 15 22 17 30 29 4 4 23 11 17 8 8 17 29 21 11 8 18 21 11 18 14 11 18 1 21 28 15 22 15 1 11 16 27 5 1 14 20 28 11 9 18 16 27 24 5 29 24 2 17 1 24 13 30 25 17 8 9 4 6 7 17 3 3 28 10 13 20 25 27 5 26 6 29 27 26 6 10 13 18 24 20 23 23 20 16 5 5 29 18 17 27 6 29 12 27 24 27 15 15 20 19 1 26 22 29 21 1 9 21 5 2 15 5 20 26 17 11 25 9 22 9 3 12 11 22 6 13 7 9 26 9 14 1 12 1 20 22 13 25 11 13 14 24 4 17 13 21 10 11 14 13 5 3 22 25 21 8 5 22 30 3 27 9 30 6 5 16 20 10 16 13 1 18 25 17 1 17 20 8 17 11 25 7 4 25 3 5 5 25 14 11 7 4 14 20 23 20 24 5 16 17 16 1 6 10 17 21 10 19 12 29 15 12 29 21 18 3 25 29 1 7 10 10 26 6 14 20 24 16 10 7 2 7 30 24 3 27 17 23 22 27 7 11 27 8 6 1 28 23 25 8 8 18 12 14 4 14 25 21 13 8 13 18 1 11 1 1 22 30 17 19 28 19 2 11 14 16 8 9 25 17 25 19 3 28 12 4 9 9 2 22 22 29 16 20 29 22 3 22 1 1 5 5 15 22 27 13 22 24 28 6 12 27 11 17 4 7 1 16 25 29 17 25 25 23 30 4 20 16 10 10 15 22 23 1 19 16 18 20 27 7 24 14 17 6 4 16 24 19 22 26 27 6 13 24 20 5 16 5 2 21 23 4 4 19 26 9 18 23 21 4 9 24 7 19 22 23 4 24 30 12 23 10 25 1 25 2 15 26 12 6 16 9 22 4 5 11 23 29 5 20 26 28 26 1 6 7 2 7 14 17 21 20 7 21 13 23 12 19 10 14 18 3 3 24 6 27 19 1 5 2 20 22 29 18 7 1 16 25 23 15 29 9 8 10 15 17 25 16 18 29 9 30 19 14 17 9 16 30 7 6 12 6 17 12 27 20 25 13 12 23 6 27 14 28 28 18 13 21 26 2 25 27 13 1 19 2 4 11 1 20 17 20 12 18 1 10 30 6 18 14 22 24 22 1 2 29 1 15 10 14 30 9 29 14 21 25 16 17 5 14 12 12 17 9 19 28 17 6 26 5 16 27 2 16 18 22 8 11 16 3 3 26 23 1 13 7 25 23 16 3 5 10 30 5 21 16 21 7 27 21 16 6 2 29 28 4 12 4 12 25 1 12 28 8 30 26 13 14 13 15 20 7 29 27 24 7 2 24 21 28 23 24 11 30 11 2 13 3 10 19 3 3 12 12 13 10 30 10 25 26 29 13 7 27 10 23 12 10 15 14 2 7 22 14 30 21 29 28 10 17 6 29 7 8 17 20 29 25 30 10 1 3 18 24 22 30 19 29 23 27 25 22 12 7 19 5 16 18 24 22 1 16 10 26 26 16 20 16 5 12 9 25 27 26 18 15 17 30 11 21 23 22 16 5 11 17 2 5 22 21 30 9 1 28 7 11 12 16 5 21 24 26 10 9 23 23 30 23 23 24 6 1 11 3 28 16 20 6 6 22 19 30 24 27 17 8 6 8 26 2 12 27 18 6 8 22 18 3 22 4 2 15 13 26 1 5 6 23 29 7 12 11 20 17 14 22 7 11 28 30 19 12 27 19 18 15 19 24 12 9 24 25 6 26 29 16 22 27 10 16 19 22 12 20 14 8 24 18 21 30 10 7 14 26 12 24 9 20 23 3 22 2 24 16 12 16 27 24 30 25 19 19 27 23 7 12 15 18 7 2 23 14 17 9 28 29 26 10 6 29 28 15 30 14 12 17 20 8 23 24 25 8 9 12 16 14 29 28 4 16 18 3 10 29 21 20 16 14 3 12 16 18 10 1 3 26 25 10 19 7 13 14 10 6 21 13 11 16 23 4 13 23 2 28 28 10 9 24 24 21 26 15 2 5 3 14 1 22 6 26 8 2 8 29 25 17 26 3 26 29 13 8 13 26 5 5 27 8 16 21 30 26 15 20 21 20 15 23 2 8 26 10 1 4 26 19 15 7 30 12 13 16 20 9 22 17 7 1 23 28 16 14 11 8 9 25 28 2 16 13 24 17 2 13 22 23 30
1 30 26 5 3 22 12 14 29 4 10 30 28 21 12 25 5 30 12 11 15 9 27 13 15 22 27 19 4 20 13 16 20 15 13 14 2 2 13 17 7 16 12 19 27 19 29 30 19 8 8 7 13 21 17 6 12 11 2 18 25 16 24 27 1 8 14 11 28 30 29 2 17 8 14 23 27 5 4 21 29 21 18 26 24 17 9 8 24 29 26 22 17 25 5 24 27 26 9 22 13 12 22 19 22 4 30 8 2 3 26 9 11 15 4 3 24 19 8 28 26 24 11 1 9 23 16 28 21 29 22 17 28 4 23 20 15 1 19 16 30 19 18 10 1 19 23 18 10 3 4 19 5 1 3 29 2 25 26 20 1 19 30 6 29 11 10 17 14 29 29 16 1 20 3 14 27 4 2 3 21 26 22 13 29 4 5 26 7 20 29 28 14 20 3 12 20 4 11 17 4 22 8 25 20 7 28 29 2 8 21 4 22 7 20 11 29 21 21 13 7 2 10 26 9 3 4 16 12 4 14 15 10 19 11 22 9 6 18 15 12 5 15 13 3 30 20 30 4 27 6 25 27 13 18 6 13 17 13 2 24 9 4 29 23 16 16 10 5 23 19 3 16 1 16 16 20 17 1 14 1 18 20 2 12 4 3 1 19 17 4 6 20 18 5 7 24 7 8 5 21 10 21 7 24 12 16 24 5 10 6 11 13 12 13 24 27 25 26 25 28 1 16 12 3 8 22 28 20 11 20 3 26 23 11 19 2 27 11 13 24 8 26 5 10 14 11 1 4 27 25 4 20 13 25 6 1 5 7 2 2 22 12 28 20 3 8 9 17 23 29 12 7 18 27 26 21 21 23 17 17 5 26 24 23 8 30 12 20 29 13 20 28 26 3 7 23 6 5 15 17 2 10 10 26 11 26 10 17 8 11 22 6 24 22 17 12 7 21 25 11 25 11 11 3 14 14 19 1 29 19 6 13 26 22 22 20 14 26 4 6 18 25 10 19 8 22 8 8 8 23 14 24 26 5 3 19 5 12 1 9 14 15 24 11 3 21 9 30 10 24 18 5 1 9 4 28 27 8 2 8 13 2 5 25 7 4 5 3 21 2 20 3 19 9 9 15 6 9 30 18 17 6 8 27 21 12 1 30 21 28 11 20 26 26 9 28 7 26 2 19 11 1 30 20 29 6 20 27 26 17 11 13 25 17 20 7 27 9 20 30 25 5 20 27 22 14 1 5 6 4 29 11 2 13 21 12 13 17 9 14 23 22 30 17 17 6 17 17 9 19 30 14 7 2 14 4 5 4 9 26 2 6 2 27 19 24 19 13 12 9 19 23 23 1 14 3 28 10 4 28 26 11 8 24 21 14 24 22 8 5 15 16 27 5 25 7 14 26 15 17 1 9 22 17 20 24 25 12 12 13 18 23 28 21 24 15 10 23 18 2 24 10 9 20 16 6 10 2 10 12 27 9 20 27 14 7 8 11 16 22 28 13 23 24 28 27 20 24 4 17 1 15 8 20 20 18 22 23 17 26 14 23 27 17 21 8 6 24 4 8 14 6 16 7 7 18 21 5 13 17 14 19 8 25 4 19 20 8 27 28 2 7 2 13 9 26 2 20 25 26 11 5 27 9 28 3 10 16 17 5 27 4 9 9 11 4 24 21 23 10 19 22 13 6 1 23 14 16 23 8 18 22 25 21 18 18 21 23 8 9 4 5 21 21 12 20 25 30 30 28 27 21 9 10 14 15 26 25 19 24 8 24 29 14 18 10 20 19 8 11 15 6 11 6 30 15 14 29 7 21 21 2 22 25 16 1 28 12 11 28 4 27 24 19 30 8 9 12 21 13 14 5 17 16 10 24 12 7 9 10 17 27 30 28 25 1 15 11 22 6 13 22 12 25 22 18 24 12 9 24 14 13 11 14 19 27 19 16 10 19 9 27 17 20 13 10 30 21 6 12 21 23 23 15 10 29 21 28 25 22 5 29 29 3 13 25 20 4 24 24 26 24 22 25 23 17 4 9 3 12 16 12 16 26 6 16 29 25 25 20 3 6 7 10 30 26 14 28 9 27 16 12 1 13 23 7 5 13 26 11 29 5 30 13 10 12 25 9 14 30 22 11 24 15 15 12 28 3 13 29 10 4 22 10 17 9 25 5 27 5 13 11 9 10 9 12 4 21 26 11 8 18 18 8 2 6 15 11 8 27 11 11 16 2 15 12 17 6 7 6 15 5 19 19 7 5 1 1 1
1 9 4
968 63 854 165
0 5 1
301
0 4 4
84 621 214 177
0 13 7
190 143 755 774 518 958 342
1 9 3
401 148 917
2 1 8
790 139 762 166 558 880 78 579
0 2 2
557 343
0 1 2
802 993
1 1 4
364 931 488 604
0 3 1
971
1 8 4
849 640 700 448
0 2 1
100
0 13 6
487 151 750 672 269 222
3 13 9
358 538 483 26 369 375 423 584 406
0 6 3
492 248 903
0 19 4
246 393 98 102
1 10 6
436 335 743 965 926 145
0 1 2
801 99
0 5 5
891 255 982 56 203
0 2 3
522 389 462
0 6 8
402 623 175 994 345 613 677 91
0 13 3
887 839 510
0 16 10
129 332 206 10 707 391 987 904 451 872
1 5 5
235 610 967 528 641
0 10 6
626 164 173 362 219 835
0 9 9
195 305 230 862 490 502 588 814 314
1 2 6
648 241 133 257 279 169
0 7 2
57 13
0 19 3
54 575 31
0 11 4
546 633 194 153
1 11 7
495 831 200 441 353 911 424
0 16 4
359 346 30 866
2 19 8
329 224 284 955 42 134 511 913
2 12 7
811 639 37 537 240 845 323
0 18 2
768 698
0 20 12
792 596 112 690 682 921 810 525 50 92 594 291
0 6 7
595 909 918 551 435 509 383
0 19 4
571 879 974 668
1 17 5
989 712 541 800 805
0 6 5
59 999 294 419 125
0 5 3
828 378 357
1 11 4
17 665 252 666
0 9 5
213 630 272 871 186
0 17 1
313
0 5 1
809
3 17 7
998 437 567 44 899 83 404
0 10 2
976 628
0 5 1
592
3 1 8
450 192 719 53 791 443 295 834
1 2 4
638 307 540 824
5 6 9
737 702 649 496 716 642 776 542 254
1 18 4
449 645 227 907
0 12 4
481 324 106 136
2 11 8
239 980 0 249 676 302 33 530
0 8 4
264 263 882 167
0 17 1
556
1 14 4
683 524 71 732
2 15 6
212 961 624 844 929 321
0 17 1
385
1 4 4
920 463 459 758
0 8 3
5 972 21
0 3 2
600 779
1 6 12
804 65 662 861 851 699 794 75 717 320 723 597
1 19 5
583 491 440 867 531
0 19 6
3 446 334 517 576 651
0 8 4
772 997 533 655
0 10 1
612
2 5 6
564 697 428 636 625 905
0 19 11
816 793 620 330 380 233 632 228 729 27 315
2 5 6
599 199 819 188 174 427
2 9 8
384 494 66 953 788 285 586 847
0 9 3
822 155 390
1 8 5
210 784 759 318 830
4 13 10
351 238 984 81 85 8 109 365 896 457
1 12 5
105 64 590 94 108
1 5 5
859 570 420 354 654
1 12 4
366 47 360 479
0 6 4
68 421 745 207
0 2 4
757 930 939 539
0 20 2
513 132
2 12 7
327 147 778 115 694 618 803
0 20 3
460 398 204
0 20 1
79
0 14 1
184
0 6 3
591 292 414
3 8 8
216 29 55 870 465 785 746 543
0 9 1
418
6 13 1
1
1 13 1
2
1 17 1
4
4 29 1
6
6 16 1
7
1 21 1
9
1 21 1
11
2 13 1
12
7 17 1
14
1 8 1
15
2 13 4
16 430 431 946
1 18 1
18
2 16 1
19
4 13 1
20
4 10 1
22
4 12 1
23
6 22 1
24
2 13 1
25
3 8 1
28
2 21 1
32
3 15 1
34
4 6 1
35
1 23 2
36 619
3 21 2
38 865
1 28 2
39 101
5 10 1
40
1 22 1
41
1 28 2
43 773
2 6 1
45
3 21 1
46
1 22 2
48 728
1 30 1
49
9 21 1
51
1 27 1
52
1 22 1
58
1 18 1
60
4 13 2
61 656
5 10 1
62
1 15 1
67
2 12 1
69
2 17 2
70 815
1 7 1
72
1 18 1
73
1 21 1
74
2 9 1
76
2 39 2
77 80
4 21 1
82
1 22 1
86
1 18 1
87
1 29 2
88 786
2 24 1
89
1 37 1
90
4 13 1
93
5 19 1
95
9 22 1
96
4 24 1
97
3 10 1
103
1 24 1
104
5 21 1
107
1 33 1
110
3 18 1
111
3 22 1
113
1 29 1
114
1 34 1
116
3 27 2
117 678
2 21 1
118
2 19 1
119
6 9 1
120
6 16 1
121
1 25 1
122
9 6 1
123
1 23 1
124
1 38 1
126
3 16 1
127
2 29 1
128
2 22 1
130
4 30 1
131
2 5 1
135
1 35 1
137
1 26 1
138
1 7 1
140
1 29 1
141
7 14 1
142
1 26 1
144
2 10 1
146
2 17 1
149
1 9 1
150
1 25 1
152
1 20 1
154
4 26 1
156
1 26 2
157 643
6 10 3
158 197 890
1 18 1
159
1 26 1
160
1 25 1
161
1 32 1
162
2 10 1
163
1 18 1
168
2 17 1
170
2 10 1
171
1 21 1
172
1 12 1
176
2 19 1
178
4 15 1
179
3 21 1
180
6 26 1
181
6 30 2
182 948
1 22 1
183
2 16 1
185
4 18 1
187
9 19 1
189
4 13 1
191
6 2 1
193
1 31 1
196
1 36 1
198
1 37 1
201
3 30 1
202
3 31 1
205
6 22 1
208
1 11 1
209
1 30 1
211
3 24 1
215
1 8 1
217
2 14 1
218
1 31 1
220
1 23 1
221
2 11 2
223 289
2 17 1
225
1 26 1
226
6 18 1
229
4 38 1
231
1 12 1
232
5 8 1
234
2 17 1
236
1 33 1
237
1 22 1
242
4 15 1
243
2 18 1
244
4 11 1
245
4 15 1
247
5 11 1
250
2 27 1
251
1 32 1
253
1 19 1
256
2 11 2
258 858
1 10 1
259
2 16 1
260
1 24 3
261 312 333
1 16 1
262
2 20 1
265
1 25 1
266
1 25 1
267
1 27 1
268
2 20 1
270
1 36 1
271
2 21 1
273
3 20 1
274
4 3 1
275
2 15 1
276
6 34 1
277
4 11 1
278
3 3 1
280
2 20 1
281
1 19 1
282
1 20 2
283 876
1 8 1
286
1 38 1
287
2 23 1
288
1 25 1
290
2 13 1
293
6 2 1
296
2 18 1
297
7 8 1
298
6 5 1
299
2 17 1
300
3 23 1
303
2 22 2
304 484
1 32 1
306
3 36 1
308
2 21 1
309
3 13 1
310
1 22 1
311
9 16 1
316
3 25 1
317
2 29 1
319
2 16 1
322
2 10 2
325 442
1 14 1
326
5 11 1
328
2 37 1
331
4 11 1
336
1 17 1
337
4 27 1
338
1 37 1
339
1 21 1
340
2 15 1
341
9 36 2
344 439
1 22 1
347
9 16 1
348
1 16 1
349
9 14 1
350
2 26 1
352
3 18 1
355
4 15 1
356
2 24 1
361
2 11 1
363
1 15 1
367
1 12 1
368
1 19 1
370
2 21 1
371
5 26 1
372
1 23 1
373
1 4 1
374
1 39 1
376
2 15 1
377
1 19 1
379
1 26 1
381
5 17 1
382
5 7 1
386
2 16 1
387
1 21 1
388
1 17 1
392
4 12 2
394 499
1 11 1
395
9 9 2
396 413
3 18 1
397
2 17 2
399 914
2 18 1
400
2 14 1
403
1 3 1
405
2 17 1
407
2 18 2
408 933
6 16 1
409
2 13 1
410
1 22 1
411
4 10 1
412
1 29 1
415
3 28 1
416
1 22 1
417
2 11 1
422
6 12 1
425
2 32 1
426
1 30 1
429
3 15 1
432
3 13 1
433
2 14 1
434
1 27 1
438
1 11 1
444
5 7 1
445
2 20 1
447
1 13 1
452
1 15 1
453
1 24 1
454
2 14 2
455 671
1 19 1
456
5 17 1
458
1 12 1
461
3 20 2
464 985
2 23 1
466
3 26 1
467
6 10 1
468
3 33 1
469
6 31 2
470 900
1 19 1
471
4 18 1
472
1 10 1
473
6 12 1
474
3 18 1
475
6 22 1
476
3 23 1
477
5 14 2
478 593
4 3 1
480
1 18 2
482 722
9 25 1
485
5 20 1
486
2 10 1
489
9 27 3
493 817 902
4 15 1
497
4 22 1
498
1 24 1
500
4 26 1
501
3 21 1
503
4 26 1
504
5 5 1
505
4 18 1
506
2 21 1
507
2 19 2
508 589
6 33 1
512
3 19 1
514
4 10 1
515
1 11 1
516
1 11 1
519
1 14 1
520
2 24 1
521
1 15 1
523
6 6 1
526
2 24 1
527
2 22 1
529
1 16 1
532
2 10 1
534
2 26 1
535
1 7 1
536
1 15 1
544
5 13 2
545 938
2 18 1
547
1 37 1
548
7 18 1
549
3 19 1
550
1 22 1
552
2 20 1
553
1 35 2
554 691
1 18 1
555
2 27 1
559
2 26 1
560
2 11 1
561
1 14 1
562
3 22 1
563
2 16 1
565
4 14 1
566
8 18 1
568
2 24 1
569
2 18 1
572
2 27 1
573
1 27 1
574
2 19 1
577
1 8 1
578
2 13 1
580
2 18 2
581 823
1 15 1
582
2 22 2
585 781
5 11 1
587
8 20 1
598
1 23 1
601
2 9 1
602
2 12 1
603
4 6 1
605
1 20 1
606
3 14 1
607
1 22 2
608 627
1 21 1
609
1 17 1
611
1 30 1
614
1 18 1
615
4 8 1
616
1 25 1
617
2 14 1
622
1 35 1
629
3 28 1
631
2 11 1
634
2 10 1
635
1 14 1
637
1 32 1
644
1 22 1
646
4 37 1
647
1 23 1
650
1 14 1
652
2 23 1
653
2 30 1
657
4 22 1
658
1 17 1
659
2 28 1
660
4 20 1
661
2 25 1
663
5 3 1
664
8 25 1
667
2 26 1
669
3 4 1
670
3 24 1
673
4 25 1
674
1 8 1
675
1 27 1
679
1 16 1
680
4 32 1
681
3 28 1
684
7 20 1
685
2 28 1
686
2 17 1
687
2 13 1
688
2 23 1
689
2 18 2
692 881
1 18 1
693
1 24 1
695
1 14 1
696
3 20 1
701
5 13 1
703
6 32 1
704
1 11 2
705 975
1 31 1
706
2 30 1
708
1 25 1
709
2 32 1
710
3 24 1
711
4 8 1
713
1 31 1
714
1 36 1
715
2 16 1
718
4 25 2
720 927
1 30 1
721
1 23 1
724
2 16 1
725
1 27 1
726
2 17 1
727
1 25 1
730
8 10 1
731
1 17 1
733
3 19 1
734
5 2 1
735
4 31 1
736
6 19 1
738
1 32 1
739
4 14 1
740
1 33 1
741
1 16 1
742
5 17 1
744
4 28 1
747
5 9 1
748
5 10 1
749
1 28 1
751
2 19 1
752
1 33 1
753
1 33 1
754
2 32 1
756
2 7 1
760
3 11 1
761
3 22 1
763
5 17 2
764 935
2 12 1
765
1 31 1
766
1 25 1
767
2 18 1
769
1 29 1
770
2 21 1
771
1 35 1
775
2 38 1
777
1 11 1
780
1 23 1
782
1 28 1
783
4 19 1
787
4 11 1
789
1 23 1
795
1 17 1
796
4 11 1
797
3 10 2
798 964
5 6 1
799
2 9 1
806
2 10 1
807
1 25 1
808
4 20 1
812
1 11 1
813
4 4 1
818
3 38 1
820
2 21 1
821
2 9 1
825
1 28 1
826
4 22 1
827
2 27 1
829
1 36 1
832
8 17 1
833
4 8 1
836
2 24 1
837
2 14 1
838
1 24 1
840
3 19 1
841
6 20 1
842
2 17 1
843
1 11 1
846
3 19 1
848
1 25 1
850
1 12 1
852
6 9 1
853
5 21 1
855
3 19 1
856
4 18 1
857
2 10 1
860
2 13 1
863
2 25 1
864
3 16 1
868
2 31 1
869
2 15 1
873
2 22 1
874
1 22 1
875
3 28 1
877
4 22 1
878
1 14 1
883
1 7 1
884
1 37 1
885
2 22 1
886
1 17 1
888
1 22 1
889
1 29 1
892
2 6 1
893
1 19 1
894
2 15 1
895
8 14 1
897
2 17 1
898
1 25 1
901
1 18 1
906
1 14 1
908
1 30 1
910
2 23 1
912
3 26 1
915
1 21 1
916
2 26 1
919
1 22 1
922
5 13 1
923
4 18 1
924
1 22 1
925
1 26 1
928
2 25 1
932
1 21 1
934
1 23 1
936
3 18 1
937
4 28 1
940
1 21 1
941
2 18 1
942
1 36 1
943
1 21 1
944
1 15 1
945
1 20 1
947
2 10 1
949
1 11 1
950
1 23 1
951
1 7 1
952
2 14 1
954
5 10 1
956
5 10 1
957
2 13 1
959
5 12 1
960
4 13 1
962
8 29 1
963
1 27 1
966
5 18 1
969
4 7 1
970
1 16 1
973
1 29 1
977
3 25 1
978
4 11 1
979
2 5 1
981
2 18 1
983
2 11 1
986
2 26 1
988
6 24 1
990
1 14 1
991
5 14 1
992
6 25 1
995
1 18 1
996
