700 485 1085 47
16 14 11 24 29 13 25 13 18 14 30 28 19 4 4 15 5 21 11 6 29 3 9 25 27 25 14 21 16 11 19 29 19 30 25 10 6 17 24 7 29 2 28 2 20 14 30 23 23 6 20 4 7 10 1 14 1 11 14 15 7 29 7 15 8 19 28 11 4 6 4 5 23 21 5 28 10 17 27 2 7 1 24 5 17 2 26 9 5 7 7 15 21 23 29 29 7 14 19 24 2 17 10 24 8 9 28 6 13 23 26 10 30 1 14 26 8 11 7 7 29 12 17 29 8 12 23 13 5 6 23 8 19 26 29 17 11 15 10 30 6 4 10 15 2 22 22 9 23 30 4 18 14 8 24 27 3 26 15 7 16 25 12 27 12 25 10 17 21 2 21 25 16 9 18 18 25 18 11 16 19 7 7 8 13 11 30 30 4 9 30 10 24 1 24 23 24 19 29 13 13 14 19 26 26 29 29 8 9 29 1 25 3 24 20 8 23 21 19 9 1 30 8 2 23 14 4 3 18 3 27 13 24 23 9 11 1 4 14 12 10 7 6 2 22 19 15 20 3 29 9 11 12 8 21 24 11 28 3 29 7 16 3 14 18 21 19 24 6 28 15 10 11 16 8 3 26 12 14 15 17 23 24 7 18 29 9 13 28 9 24 30 4 19 6 17 29 21 24 20 29 30 1 28 18 20 14 3 30 7 25 8 22 28 18 22 30 1 11 9 1 28 24 3 19 26 29 15 27 8 2 14 2 12 19 30 23 7 25 11 21 21 12 30 5 11 18 26 5 30 4 11 28 4 18 27 13 1 25 18 18 20 3 13 25 4 13 14 23 6 21 25 30 16 13 29 10 20 25 13 18 1 18 25 8 27 12 24 19 15 10 28 23 4 25 6 25 29 21 13 21 4 12 21 5 12 13 10 16 25 9 16 5 20 3 6 20 1 18 30 22 7 30 23 25 25 26 12 14 22 12 19 15 26 3 17 19 18 20 25 18 2 2 26 19 15 26 19 17 25 9 11 19 23 21 7 21 18 27 3 26 27 23 16 6 9 21 20 11 22 14 17 14 9 10 8 23 19 11 14 6 18 10 10 24 19 9 4 12 21 23 4 18 20 19 28 14 3 23 10 21 5 6 4 8 12 5 4 12 22 27 17 16 14 9 4 8 3 20 2 22 26 25 30 28 28 1 1 23 30 12 28 9 28 8 25 8 11 14 27 15 22 17 14 4 7 3 3 3 9 5 4 19 13 3 12 21 22 1 30 24 11 8 30 13 8 7 10 26 29 1 27 5 13 15 16 15 25 12 6 12 10 15 25 23 3 6 14 24 2 19 3 1 23 30 8 18 14 13 10 20 20 29 25 23 23 21 30 21 26 19 10 12 4 2 5 9 10 23 16 2 5 10 22 14 8 22 30 16 23 21 29 21 7 20 29 8 22 14 28 24 23 20 18 26 27 15 22 14 15 11 4 14 23 30 5 17 27 5 20 13 25 25 15 29 7 12 9 19 26 3 8 26 29 21 16 8 25 30 19 7 27 5 19 24 2 5 26 25 23 20 4 3 18 8 19 6 16 17 1
22 6 28 8 25 15 8 26 8 18 13 29 8 27 12 21 14 18 24 23 11 27 30 10 20 16 21 13 21 12 21 21 3 21 23 15 16 20 21 4 21 19 21 18 21 10 9 7 24 26 20 18 1 27 10 20 18 8 6 9 25 13 18 5 3 14 19 8 2 15 27 5 20 3 4 6 2 4 11 23 24 3 3 10 26 9 27 7 27 10 27 26 20 16 21 8 29 14 9 13 6 9 6 10 10 3 14 12 19 14 6 21 22 2 13 6 6 23 11 28 7 13 20 7 14 11 17 7 18 10 27 16 2 3 8 14 14 19 28 18 11 27 12 18 10 23 10 8 9 22 14 30 25 17 21 1 30 21 12 9 1 17 29 3 6 21 30 3 10 10 21 20 18 9 21 7 15 16 30 4 14 1 22 9 4 11 13 26 26 13 1 7 29 14 17 9 3 30 11 9 22 14 22 29 9 24 21 14 17 4 28 19 7 16 15 11 14 5 22 12 27 18 15 26 9 19 26 15 24 18 14 6 29 26 3 7 18 22 21 24 4 24 13 9 7 5 4 1 19 8 14 29 3 9 1 11 20 19 27 27 17 14 12 17 19 17 5 11 5 10 27 12 24 20 30 12 10 16 13 7 13 6 29 9 9 18 11 21 7 2 11 2 1 9 22 22 7 22 6 10 17 13 28 9 15 22 18 15 11 18 16 4 5 3 26 18 16 8 3 5 6 30 29 20 17 2 2 16 28 28 23 15 17 21 28 21 10 30 6 27 27 26 24 6 25 26 30 21 15 8 5 4 3 28 1 14 12 7 3 21 15 25 19 4 20 10 3 18 15 15 29 9 14 24 18 23 23 26 1 7 6 15 11 4 30 16 20 30 17 2 5 3 20 6 30 9 4 13 18 9 11 5 5 20 3 10 6 1 23 6 25 15 22 12 25 24 17 4 1 23 23 22 20 22 20 29 3 25 27 27 13 23 3 24 29 18 28 25 4 26 12 25 27 20 24 5 1 16 19 20 15 9 21 4 28 29 24 16 29 10 30 3 5 8 2 28 26 27 15 1 18 14 2 21 19 7 8 20 11 9 15 10 4 10 29 15 18 20 16 11 20 22 21 14 20 8 21 11 16 9 5 26 13 27 22 1 7 15 12 28 21 8 8 10 19 12 18 3 4 24 12 28 5 19 20 24 12 13 28 19 13 22 5 7 1 5 30 11 30 4 6 12 1 8 20 4 27 28 8 7 15 26 12 11 26 27 20 26 21 16 5 10 2 24 8 27 22 17 1 12 4 25 7 4 20 6 27 18 14 17 20 28 11 7 6 29 8 2 16 4 9 18 24 24 23 16 5 18 12 1 14 30 28 12 15 7 14 14 14 30 20 14 8 2 15 29 7 22 8 5 27 3 11 27 21 16 15 4 25 14 10 24 23 17 11 15 16 20 19 16 26 20 18 8 6 29 27 17 20 8 13 27 5 24 28 3 26 8 4 30 3 24 8 10 7 26 5 27 30 1 20 17 17 21 22 9 14 7 6 30 16 4 27 17 25 12 7 12 3 29 18 5 3 22 4 20 7 6 14 17
2 3 4
8 540 460 360
0 5 3
53 158 658
0 9 1
430
0 19 2
575 388
0 9 3
66 248 263
0 20 2
113 373
0 19 1
367
0 11 7
60 275 573 327 356 476 419
1 14 3
174 167 2
0 20 1
190
1 2 3
615 645 552
1 1 6
407 614 699 159 22 656
0 18 1
210
0 4 1
55
0 7 1
96
0 17 3
607 217 348
0 4 6
674 424 271 307 500 643
0 1 5
224 303 528 621 437
0 9 2
482 249
0 17 1
119
1 15 3
82 522 206
0 13 1
195
0 19 2
633 182
0 17 7
423 71 538 524 90 215 603
0 1 3
306 422 229
1 17 8
459 108 61 189 130 302 632 622
0 9 1
25
0 15 4
304 456 94 320
0 4 3
662 321 455
1 13 3
278 37 502
0 1 1
504
1 18 5
608 385 380 266 620
0 15 2
46 652
1 19 4
675 617 1 406
0 6 1
402
0 8 3
250 187 604
0 10 6
144 7 457 473 203 590
0 16 2
434 344
0 18 2
399 673
0 9 3
501 42 520
0 2 4
443 554 535 365
0 4 1
63
1 15 3
465 185 345
1 13 10
143 379 85 387 40 681 441 339 133 83
1 12 6
50 426 591 639 688 559
1 12 3
592 214 231
0 7 3
44 289 241
0 14 1
511
0 1 2
471 355
1 18 5
56 513 474 414 533
2 17 7
272 136 686 160 223 331 611
0 7 5
251 281 196 149 663
0 12 7
394 170 220 574 503 27 410
1 9 4
446 180 685 14
1 10 5
179 309 337 468 157
1 10 2
328 265
0 1 2
145 532
0 15 3
36 172 125
0 8 3
475 452 111
0 4 2
319 81
1 1 5
363 153 439 484 164
2 7 6
454 171 623 10 657 20
0 8 4
329 449 139 23
2 4 5
132 697 512 600 594
0 15 2
297 679
0 16 5
432 152 486 87 127
0 6 3
463 671 507
0 7 1
280
0 16 6
467 640 669 556 105 31
0 13 3
485 481 267
0 1 1
67
3 20 6
48 137 408 128 601 277
0 10 3
389 404 240
0 9 4
295 33 334 183
0 19 1
150
0 15 2
230 34
0 9 2
665 313
0 5 2
175 146
0 13 3
290 400 284
0 10 3
372 664 88
0 5 1
100
0 7 6
411 369 693 661 477 487
0 20 1
347
0 8 1
637
0 11 1
332
1 19 5
393 588 483 630 191
0 17 6
93 627 162 197 462 299
3 19 1
0
2 26 2
3 315
2 17 1
4
1 18 1
5
4 11 1
6
1 37 1
9
1 12 2
11 362
3 21 1
12
1 28 2
13 692
1 25 1
15
1 18 1
16
1 36 1
17
1 29 1
18
1 4 1
19
1 15 1
21
1 19 1
24
3 29 1
26
4 28 1
28
1 19 1
29
1 21 1
30
1 18 1
32
2 19 1
35
1 21 1
38
1 6 1
39
5 34 1
41
1 20 3
43 264 469
2 20 1
45
4 16 1
47
1 14 1
49
1 14 1
51
2 29 1
52
2 21 1
54
3 11 1
57
1 25 1
58
1 13 1
59
1 22 1
62
1 19 1
64
2 30 1
65
1 23 2
68 311
1 13 1
69
3 7 1
70
2 26 1
72
1 27 1
73
3 25 1
74
2 28 1
75
1 22 1
76
2 14 1
77
1 22 1
78
2 11 1
79
1 29 2
80 451
1 33 1
84
1 16 1
86
2 23 1
89
1 9 1
91
1 11 1
92
1 14 1
95
3 11 1
97
4 32 1
98
1 20 1
99
1 38 1
101
4 29 1
102
1 12 1
103
5 33 1
104
3 11 1
106
2 11 1
107
2 20 1
109
1 24 1
110
3 36 1
112
3 17 1
114
2 31 1
115
1 10 1
116
6 11 1
117
1 18 1
118
1 31 1
120
1 15 1
121
1 18 1
122
1 25 2
123 542
1 32 1
124
1 9 1
126
1 26 1
129
1 27 1
131
3 29 1
134
2 31 1
135
1 17 1
138
1 38 1
140
1 22 1
141
2 14 1
142
2 27 1
147
1 26 2
148 317
2 16 1
151
1 22 1
154
2 18 1
155
2 25 1
156
1 23 1
161
1 27 1
163
1 22 1
165
3 21 2
166 336
2 27 1
168
2 11 1
169
4 36 2
173 420
1 5 1
176
3 29 1
177
1 17 1
178
1 20 1
181
1 26 1
184
3 39 1
186
2 18 1
188
2 32 1
192
1 33 1
193
3 20 1
194
4 14 1
198
1 21 1
199
1 32 1
200
1 9 1
201
4 2 1
202
1 6 1
204
2 35 1
205
1 34 1
207
1 19 1
208
3 24 1
209
4 32 1
211
3 22 1
212
1 26 1
213
1 32 1
216
3 15 1
218
4 28 1
219
3 22 1
221
1 7 1
222
2 6 1
225
2 26 1
226
1 18 1
227
3 24 1
228
2 28 1
232
2 20 1
233
3 8 1
234
1 10 1
235
1 20 1
236
1 6 1
237
1 13 1
238
1 13 1
239
2 26 1
242
1 10 1
243
1 12 1
244
1 31 1
245
1 25 1
246
1 30 1
247
2 17 1
252
1 14 1
253
1 34 1
254
1 18 1
255
1 10 1
256
3 25 1
257
3 3 1
258
2 11 1
259
3 14 3
260 597 634
1 14 2
261 448
1 28 1
262
1 19 1
268
2 25 1
269
1 13 1
270
2 18 1
273
1 26 1
274
2 12 1
276
4 14 1
279
1 35 1
282
1 10 1
283
1 18 1
285
1 20 1
286
1 14 1
287
2 23 1
288
5 22 1
291
1 13 1
292
1 19 1
293
2 22 1
294
3 29 1
296
6 24 1
298
2 9 1
300
1 33 1
301
1 40 1
305
3 27 1
308
1 16 1
310
1 32 2
312 496
1 12 1
314
2 15 1
316
1 21 1
318
1 9 1
322
1 27 1
323
3 5 1
324
1 21 1
325
1 14 1
326
1 13 1
330
4 15 1
333
3 26 1
335
1 27 1
338
2 7 1
340
2 29 1
341
3 20 1
342
3 9 1
343
3 20 1
346
3 26 1
349
1 16 1
350
1 39 1
351
1 29 1
352
2 34 1
353
2 36 1
354
2 14 1
357
2 22 1
358
3 20 1
359
3 39 1
361
5 25 1
364
1 13 1
366
2 27 1
368
1 36 1
370
1 21 1
371
2 18 1
374
1 17 1
375
3 21 1
376
1 18 1
377
1 28 1
378
3 26 1
381
1 21 1
382
3 22 1
383
2 32 1
384
1 21 1
386
1 34 1
390
3 14 1
391
2 22 1
392
1 31 1
395
3 21 1
396
1 17 1
397
1 13 1
398
3 8 1
401
3 38 1
403
1 21 1
405
1 28 1
409
1 11 1
412
1 18 1
413
1 28 1
415
3 22 1
416
3 20 1
417
2 16 1
418
3 21 1
421
1 16 1
425
2 26 1
427
3 11 1
428
1 25 1
429
1 25 1
431
3 12 1
433
1 39 1
435
2 23 1
436
5 27 1
438
1 29 1
440
2 26 1
442
2 21 1
444
1 17 1
445
2 26 1
447
2 14 1
450
2 27 1
453
4 28 1
458
1 10 1
461
1 35 1
464
2 28 1
466
1 33 1
470
3 14 1
472
1 21 1
478
2 31 1
479
3 28 1
480
1 32 1
488
2 14 1
489
2 27 1
490
2 24 1
491
1 31 1
492
1 24 1
493
4 16 1
494
4 10 1
495
1 9 1
497
2 19 2
498 648
2 7 1
499
1 23 1
505
2 15 1
506
1 14 1
508
1 9 1
509
3 7 1
510
2 17 1
514
1 10 1
515
1 22 1
516
1 33 1
517
2 19 1
518
1 28 1
519
2 19 1
521
1 36 1
523
1 12 1
525
1 10 1
526
4 28 1
527
2 21 1
529
2 20 1
530
2 16 1
531
1 12 1
534
1 2 1
536
1 10 1
537
1 23 1
539
3 25 1
541
2 26 1
543
1 9 1
544
2 19 1
545
1 38 1
546
1 32 1
547
1 32 1
548
2 16 1
549
2 22 1
550
1 10 1
551
3 26 1
553
3 10 1
555
1 13 1
557
1 20 1
558
1 15 1
560
1 16 1
561
1 24 1
562
3 3 1
563
1 16 1
564
2 25 1
565
1 31 1
566
1 18 1
567
2 15 1
568
3 22 1
569
3 20 1
570
1 20 1
571
1 27 1
572
2 21 1
576
1 17 1
577
1 5 1
578
1 5 1
579
1 20 1
580
1 16 1
581
3 8 1
582
1 32 1
583
1 28 1
584
1 25 1
585
1 33 1
586
2 35 1
587
2 28 1
589
1 26 1
593
1 7 1
595
2 6 1
596
3 4 1
598
2 11 1
599
1 26 1
602
2 20 1
605
1 21 1
606
2 6 1
609
1 13 1
610
6 5 1
612
1 22 1
613
1 28 1
616
6 5 1
618
1 31 1
619
5 19 1
624
2 17 1
625
1 29 1
626
1 13 1
628
1 10 1
629
2 33 1
631
3 23 1
635
1 20 1
636
2 18 1
638
2 22 1
641
3 15 1
642
1 19 1
644
3 14 1
646
2 7 1
647
1 21 1
649
1 19 1
650
1 19 1
651
2 27 1
653
6 18 1
654
2 6 1
655
1 17 1
659
3 24 1
660
1 17 1
666
1 17 1
667
1 31 1
668
2 8 1
670
1 26 1
672
1 37 1
676
1 12 1
677
1 34 1
678
1 14 1
680
4 15 1
682
1 17 1
683
1 22 1
684
1 16 1
687
1 22 1
689
4 3 1
690
1 26 1
691
1 6 1
694
2 14 1
695
4 30 1
696
2 12 1
698
