700 475 1085 47
8 7 28 16 1 16 11 4 4 26 20 30 24 24 14 23 4 18 6 22 22 28 18 3 1 3 4 30 30 11 12 26 9 13 27 18 25 24 28 18 27 28 9 13 22 26 21 12 16 15 24 6 30 8 9 26 16 21 10 15 2 21 1 30 2 29 7 10 17 1 17 1 20 11 12 24 27 25 10 2 14 9 24 6 8 2 25 3 21 21 16 24 21 6 29 19 20 22 16 26 30 27 6 6 9 13 13 20 28 8 26 18 24 9 22 9 6 21 23 10 30 26 16 7 20 30 27 12 20 5 5 17 23 14 24 14 8 17 9 14 14 16 29 15 30 18 8 19 29 16 28 20 22 26 29 20 8 27 16 30 23 1 16 24 22 1 21 24 24 3 2 5 6 20 14 16 9 17 25 10 26 21 7 15 10 7 21 14 29 25 13 3 3 16 14 26 29 30 29 26 30 18 21 14 16 7 28 11 23 11 30 24 19 4 9 29 10 13 13 15 23 6 8 26 19 1 16 5 15 1 15 2 11 27 12 8 19 15 5 9 3 12 25 13 30 23 5 23 26 24 14 7 21 4 5 4 7 20 27 10 9 19 7 25 17 21 19 5 4 30 11 22 5 15 23 28 14 12 26 8 13 3 9 18 16 28 3 9 22 11 21 6 26 25 10 1 26 4 7 26 24 15 27 12 7 24 2 13 13 4 23 25 25 9 25 6 28 21 13 18 20 25 9 2 7 15 8 20 23 7 25 6 21 29 7 6 17 10 19 29 15 30 12 14 15 14 26 2 5 26 10 24 29 10 17 5 3 3 11 20 24 10 18 13 6 7 14 22 7 9 1 29 7 3 17 24 28 4 6 19 18 20 30 19 20 2 24 14 18 18 22 21 9 26 17 18 12 2 1 8 26 24 30 10 24 5 12 3 22 11 8 4 19 18 23 30 1 9 20 9 7 21 4 7 11 9 23 3 26 23 23 9 26 11 26 2 22 28 10 16 11 10 6 30 9 9 29 6 29 27 22 17 20 8 28 19 4 25 20 5 8 5 16 22 16 27 2 13 22 17 4 20 12 30 16 6 5 8 21 12 9 17 23 2 23 10 8 27 16 2 28 28 17 27 12 14 23 2 15 11 5 15 19 13 1 19 19 10 24 4 1 6 23 14 2 3 2 29 13 6 16 16 24 8 28 14 9 21 18 13 9 30 25 29 16 4 2 14 28 10 3 29 4 2 21 6 30 24 18 4 23 9 25 2 20 15 6 20 17 17 1 2 9 19 20 19 3 24 27 20 5 12 6 22 6 11 27 27 19 21 24 12 20 21 23 19 20 11 24 2 15 3 16 13 22 8 16 3 9 24 20 10 9 26 25 27 4 1 18 24 14 29 28 5 6 21 29 19 7 25 6 19 8 8 20 17 16 18 17 1 22 5 30 16 10 16 3 4 7 13 6 4 8 15 9 30 18 9 6 15 3 27 8 14 30 5 14 13 28 7 8 19 10 17 24 1 12 25 15 3 6 3 3 20 4 1 24 12 3 25 23 15 20 16 14 1 9 5 5 16 18 15 9 11 29 2 8 13 8 6
10 29 10 24 8 21 14 27 17 13 29 22 1 8 14 3 20 25 23 4 13 28 14 7 12 11 12 17 26 28 30 15 24 29 11 6 9 7 10 23 9 20 12 8 11 12 4 23 17 27 16 30 27 20 15 2 30 16 11 1 10 18 7 15 4 23 1 1 14 6 22 28 17 27 8 16 10 27 18 1 3 18 12 16 2 1 26 5 22 11 18 9 1 12 8 28 15 22 18 16 11 23 17 20 21 29 14 8 6 26 23 7 19 16 9 24 9 7 19 18 28 3 29 8 13 2 8 27 14 16 8 15 28 9 10 17 21 7 11 14 4 10 27 16 30 5 5 9 21 1 7 13 28 24 24 13 13 23 9 21 26 29 28 6 18 4 18 30 14 3 22 12 19 2 13 22 14 14 22 9 24 30 18 1 22 13 23 10 3 22 21 28 3 19 25 25 13 7 6 16 26 9 12 14 14 11 28 27 2 23 23 19 17 12 7 10 9 17 28 18 15 13 2 5 14 17 1 23 21 3 20 20 23 11 4 19 14 11 14 2 16 26 23 17 4 19 5 9 24 18 24 22 16 29 28 30 5 4 10 16 4 28 20 11 28 15 12 24 14 17 12 8 9 11 1 30 26 4 1 8 7 18 11 10 2 5 6 13 26 14 17 16 10 12 17 24 29 3 11 24 27 19 26 2 22 10 9 23 2 23 3 7 21 10 10 26 10 10 25 18 3 25 20 12 2 28 28 21 13 27 13 24 11 22 19 27 17 20 18 16 12 7 10 26 25 9 23 28 3 28 19 17 16 17 19 11 8 11 24 7 2 7 25 25 15 18 8 13 22 9 29 2 9 20 28 2 21 27 27 2 14 17 25 16 3 17 28 13 30 1 5 2 28 7 5 14 9 27 24 2 28 16 19 25 8 3 25 20 8 1 28 20 26 26 3 24 15 26 24 26 20 4 13 3 28 15 22 15 26 6 8 17 12 7 7 15 12 8 7 30 5 30 30 10 8 17 11 3 13 24 7 12 1 7 9 1 6 23 19 17 11 26 8 13 30 27 22 12 7 29 25 28 26 29 19 5 20 7 26 21 20 10 4 16 6 12 30 21 6 5 11 27 26 8 14 26 9 15 18 9 20 29 9 13 20 10 4 21 19 20 13 17 3 23 30 26 25 23 10 14 29 10 5 24 15 24 4 11 6 22 5 26 8 26 26 30 5 26 8 2 25 11 16 11 19 6 22 24 13 5 24 19 19 27 8 7 10 12 26 11 16 7 25 19 25 14 24 16 22 17 14 9 28 13 26 22 17 28 21 21 11 7 20 24 12 20 19 7 14 11 9 16 20 1 30 7 7 22 19 10 7 17 1 29 21 2 3 6 4 15 14 15 8 1 24 3 11 26 28 7 3 12 24 21 27 15 17 1 5 7 9 13 14 14 22 11 16 9 11 27 8 11 15 11 9 17 23 4 16 3 27 29 13 25 27 16 26 4 29 19 22 10 23 29 8 22 22 14 28 26 29 24 19 24 22 22 23 14 26 17 1 1 15 7 21 27 19 10 22 20 26 23 30 13 9 3 15 24 16 28
0 14 1
473
0 14 2
74 601
1 4 8
634 526 134 132 561 651 524 485
1 3 6
395 142 305 137 648 191
0 3 1
112
0 2 3
504 694 57
0 20 1
80
1 1 3
244 392 688
2 16 6
76 643 467 630 209 415
1 6 5
304 536 9 585 398
1 7 3
678 584 551
0 14 2
99 665
0 6 1
243
1 8 5
280 369 629 389 502
0 16 3
100 200 680
0 8 1
388
0 3 2
476 309
0 15 6
242 101 686 50 546 560
1 19 8
220 570 103 138 541 353 435 380
0 10 1
436
0 15 2
193 607
1 8 4
625 404 368 445
0 4 4
98 588 155 160
0 9 1
563
0 4 3
35 692 655
0 11 2
501 136
0 14 2
195 63
0 20 2
578 426
1 15 4
656 294 377 624
0 12 1
391
0 15 1
70
0 10 4
196 265 73 129
1 11 8
257 148 441 531 620 679 186 693
0 8 3
87 314 465
0 12 6
549 393 233 636 505 383
0 4 2
363 490
0 18 2
644 464
0 19 3
598 522 81
0 7 2
175 552
1 10 3
2 602 381
0 13 2
400 342
1 20 8
107 41 666 516 72 33 162 292
0 18 1
241
0 19 5
119 250 189 587 559
0 14 1
267
0 11 2
77 301
0 14 3
637 538 603
0 9 1
170
0 17 2
300 416
0 20 1
511
0 9 2
179 211
2 11 6
484 34 461 37 109 562
1 3 3
188 49 488
0 5 4
207 698 320 116
1 7 4
108 330 43 649
0 2 3
59 412 84
0 3 3
663 554 121
0 12 3
530 130 497
0 18 4
88 641 379 106
1 5 4
308 227 141 535
0 18 3
245 327 370
0 17 3
659 316 172
2 9 4
340 334 478 455
1 14 5
556 180 674 165 433
0 16 6
58 32 483 6 335 645
0 1 4
127 156 642 374
1 18 3
30 517 275
4 9 9
192 474 378 633 621 269 506 256 4
0 9 1
532
0 18 4
111 318 405 616
0 16 1
581
0 19 1
12
1 18 4
173 591 45 632
0 11 2
271 249
1 2 5
545 272 221 429 542
3 17 6
224 260 230 557 150 471
1 15 6
78 652 566 61 572 472
0 9 4
52 583 382 343
0 1 3
609 371 291
0 7 1
85
1 14 3
417 520 266
1 10 4
336 456 569 159
0 11 1
187
0 4 1
425
4 11 8
409 40 592 696 627 8 204 571
1 12 5
1 331 407 25 618
2 6 6
123 146 670 28 232 82
0 16 1
296
1 36 1
0
3 18 1
3
2 15 1
5
1 19 2
7 384
4 29 2
10 93
2 21 1
11
6 28 1
13
1 22 1
14
1 22 2
15 223
4 25 1
16
3 24 1
17
4 22 1
18
1 19 1
19
4 21 1
20
4 9 2
21 347
3 26 1
22
3 18 2
23 91
2 23 1
24
4 29 1
26
2 27 1
27
1 29 1
29
2 27 1
31
3 25 1
36
2 8 1
38
2 12 1
39
2 25 1
42
2 6 1
44
5 28 1
46
1 16 1
47
4 22 1
48
3 11 2
51 312
1 34 1
53
2 25 1
54
1 27 1
55
1 15 1
56
2 30 2
60 206
1 35 1
62
1 30 1
64
2 34 1
65
1 13 1
66
2 28 1
67
5 27 1
68
3 15 1
69
2 17 1
71
2 25 1
75
1 26 1
79
2 23 1
83
5 23 1
86
1 18 1
89
4 16 1
90
1 22 1
92
2 12 1
94
2 24 1
95
1 20 1
96
2 5 1
97
3 25 1
102
2 4 1
104
2 24 1
105
2 10 2
110 355
3 22 1
113
3 14 2
114 332
1 21 2
115 290
2 16 1
117
2 20 1
118
1 25 1
120
2 20 1
122
3 13 1
124
1 34 1
125
2 27 1
126
2 33 1
128
2 31 1
131
2 14 1
133
2 21 1
135
4 16 1
139
3 22 1
140
2 22 1
143
2 28 1
144
1 31 1
145
2 33 1
147
1 25 1
149
1 29 1
151
3 28 1
152
1 29 1
153
4 23 1
154
1 23 1
157
2 16 1
158
4 13 1
161
4 23 1
163
1 19 1
164
5 17 1
166
1 28 1
167
1 26 1
168
2 13 1
169
1 17 1
171
1 26 1
174
1 23 1
176
3 29 1
177
3 8 1
178
2 21 1
181
2 28 1
182
1 20 1
183
2 26 1
184
2 19 1
185
2 28 1
190
4 15 1
194
1 14 1
197
4 28 1
198
3 21 1
199
1 26 1
201
1 25 1
202
1 35 1
203
4 19 1
205
3 11 1
208
1 26 1
210
1 24 1
212
2 37 1
213
4 27 1
214
1 36 1
215
2 9 1
216
2 21 1
217
3 17 1
218
1 25 1
219
2 10 1
222
1 23 1
225
2 29 2
226 479
2 13 1
228
1 29 1
229
4 15 1
231
1 24 1
234
1 3 2
235 285
3 23 1
236
4 11 1
237
1 20 1
238
5 14 1
239
2 22 1
240
3 26 1
246
1 25 1
247
1 33 1
248
2 28 1
251
1 18 1
252
1 32 1
253
3 38 1
254
7 20 1
255
1 15 1
258
3 12 1
259
2 11 1
261
1 26 1
262
1 16 1
263
2 33 1
264
6 29 1
268
1 24 1
270
2 26 1
273
1 23 1
274
4 20 1
276
4 12 2
277 344
1 21 1
278
1 23 1
279
3 20 1
281
1 22 1
282
1 29 1
283
3 33 1
284
2 25 1
286
4 22 1
287
3 35 2
288 658
1 20 1
289
4 14 1
293
4 31 1
295
3 38 1
297
2 24 1
298
2 28 1
299
2 29 1
302
1 17 1
303
1 28 1
306
4 11 1
307
1 20 1
310
2 34 1
311
2 6 1
313
2 31 1
315
2 18 1
317
2 15 1
319
2 26 1
321
2 22 1
322
2 25 1
323
2 33 1
324
3 27 1
325
1 17 1
326
2 36 1
328
1 16 1
329
1 10 1
333
3 24 1
337
1 11 1
338
3 31 1
339
1 21 1
341
1 28 1
345
1 34 2
346 394
2 21 1
348
3 14 1
349
4 21 1
350
4 13 1
351
1 18 2
352 475
4 19 1
354
1 13 1
356
2 30 1
357
2 17 1
358
1 7 1
359
1 27 1
360
2 35 1
361
1 23 1
362
2 17 1
364
2 17 1
365
1 8 1
366
2 10 1
367
3 14 1
372
3 24 1
373
3 37 1
375
2 32 1
376
4 28 1
385
1 34 1
386
1 20 1
387
1 31 1
390
2 19 1
396
3 30 1
397
2 15 1
399
1 12 1
401
1 17 1
402
2 27 1
403
3 19 1
406
5 32 1
408
2 27 1
410
1 38 1
411
3 36 1
413
2 15 1
414
2 20 1
418
1 29 1
419
1 30 1
420
1 23 1
421
2 28 1
422
3 31 1
423
3 15 1
424
1 21 1
427
2 6 1
428
4 4 1
430
1 21 1
431
2 28 1
432
4 10 1
434
1 21 1
437
1 15 1
438
2 13 1
439
2 29 1
440
1 23 1
442
2 32 1
443
3 8 1
444
2 12 2
446 494
1 24 1
447
1 38 1
448
3 23 1
449
2 28 1
450
2 22 1
451
3 22 2
452 495
2 29 1
453
3 20 1
454
1 26 1
457
1 30 1
458
2 24 1
459
1 34 1
460
1 26 1
462
1 33 1
463
3 14 1
466
2 36 1
468
7 27 1
469
1 20 1
470
1 4 1
477
3 11 1
480
1 6 1
481
2 19 1
482
2 18 2
486 667
1 19 1
487
5 27 1
489
2 19 1
491
3 13 1
492
5 20 1
493
2 27 1
496
2 18 1
498
3 29 1
499
1 15 1
500
1 11 1
503
2 25 1
507
1 9 1
508
2 19 2
509 608
4 24 1
510
1 23 1
512
2 19 1
513
1 26 1
514
3 26 1
515
3 31 1
518
1 21 1
519
2 33 1
521
2 35 1
523
4 8 1
525
4 20 1
527
4 17 1
528
2 5 1
529
3 17 1
533
4 17 1
534
1 14 1
537
1 13 1
539
1 29 1
540
3 35 1
543
4 22 1
544
1 31 1
547
3 12 1
548
1 21 1
550
2 36 1
553
3 23 1
555
2 38 1
558
3 27 1
564
2 6 1
565
1 30 1
567
1 17 1
568
2 28 1
573
1 30 1
574
2 20 1
575
2 30 1
576
1 12 1
577
2 8 1
579
1 3 1
580
1 23 1
582
4 36 1
586
2 18 1
589
2 11 1
590
1 31 1
593
4 23 1
594
1 17 1
595
1 31 1
596
3 19 1
597
2 19 1
599
4 20 1
600
2 35 1
604
2 16 1
605
1 25 1
606
2 19 1
610
3 5 1
611
2 33 1
612
1 22 1
613
1 11 1
614
3 22 1
615
2 14 1
617
1 14 1
619
2 11 1
622
4 16 1
623
3 17 1
626
2 29 1
628
2 19 1
631
1 24 1
635
2 22 1
638
2 22 1
639
1 24 1
640
2 18 1
646
1 13 1
647
2 18 1
650
3 15 1
653
3 18 1
654
4 24 1
657
2 15 1
660
2 27 1
661
5 24 1
662
5 17 1
664
2 21 1
668
1 28 1
669
1 28 1
671
1 34 1
672
3 15 1
673
1 8 1
675
2 25 1
676
4 16 1
677
2 30 1
681
1 19 1
682
2 27 1
683
2 34 1
684
2 36 1
685
2 19 1
687
2 16 1
689
1 21 1
690
2 30 1
691
2 34 1
695
3 31 1
697
1 32 1
699
