800 524 1240 53
19 19 12 5 14 5 11 15 30 30 22 25 24 1 6 19 24 19 25 6 28 24 20 3 2 28 6 6 2 30 17 9 15 28 24 5 15 18 8 24 4 26 6 10 20 24 29 5 18 28 25 7 19 9 20 18 24 27 13 8 24 18 20 4 24 7 3 7 23 11 9 14 3 16 10 19 19 27 17 3 29 21 19 16 19 12 7 6 3 25 3 9 27 11 11 11 29 21 15 11 6 13 3 21 24 12 26 18 27 6 11 6 3 25 18 18 14 22 15 23 7 11 13 30 13 1 5 9 27 20 21 28 21 3 25 22 14 4 8 17 15 2 28 28 6 6 6 24 22 8 8 22 21 17 20 19 5 4 15 3 27 27 24 30 13 6 6 4 13 28 6 28 16 2 1 16 27 2 15 27 3 28 19 19 8 22 19 1 20 4 30 20 9 17 5 23 14 30 12 19 13 3 5 4 2 22 21 21 24 16 7 18 29 16 22 21 28 12 11 23 6 9 17 8 27 26 1 10 14 20 16 29 6 10 8 23 18 26 1 13 13 12 25 9 7 26 22 10 5 29 25 21 3 24 17 12 11 1 13 15 29 26 13 21 24 5 18 6 25 16 13 21 14 23 4 24 21 17 14 6 10 22 9 2 26 7 4 18 13 14 12 28 25 19 11 23 11 13 13 4 4 23 25 19 5 18 27 29 28 30 16 24 28 12 8 10 10 29 14 24 8 8 16 18 25 19 11 18 12 10 16 16 16 30 23 12 27 30 28 15 16 24 8 2 17 26 1 13 8 16 17 20 4 9 19 25 29 4 20 9 23 30 22 23 9 7 13 5 22 7 26 6 11 12 5 11 30 2 1 3 16 10 12 20 30 10 15 12 27 26 20 3 22 16 20 3 4 23 17 20 9 13 16 19 4 5 18 6 10 13 11 5 17 9 14 29 28 25 21 5 16 2 21 4 27 7 26 24 1 24 18 1 22 10 28 12 18 4 21 16 1 14 8 6 25 1 25 20 19 21 22 15 14 2 24 23 26 15 2 7 2 17 19 12 17 2 20 21 26 16 12 12 12 16 23 3 10 10 25 29 10 3 6 9 30 27 9 17 24 17 8 8 7 11 26 19 24 6 22 22 11 27 17 1 15 29 18 11 16 25 21 27 24 6 28 10 11 20 11 16 2 19 5 15 29 2 7 9 23 21 12 13 6 30 9 5 21 17 20 16 8 8 28 23 2 20 19 26 30 5 7 14 5 26 29 21 27 27 13 1 4 8 18 12 26 23 21 1 12 12 23 10 14 30 29 6 7 14 11 24 29 30 21 18 20 13 12 13 1 22 13 5 23 1 13 4 19 23 12 7 16 3 23 25 18 15 15 21 10 3 18 18 17 4 16 3 9 6 5 11 21 25 27 25 18 12 2 10 2 2 13 17 23 18 2 3 5 30 19 25 17 8 18 9 23 3 4 1 1 7 19 20 29 13 11 3 6 21 23 19 6 19 21 19 28 9 15 15 30 10 22 18 13 13 7 13 28 3 7 5 22 12 20 1 21 29 19 20 10 20 13 4 5 14 20 12 20 18 16 28 28 22 28 1 26 28 6 10 3 29 22 19 5 15 2 28 1 2 9 27 14 20 3 13 4 13 6 16 6 3 16 24 26 21 18 7 5 13 16 30 27 23 27 16 24 22 12 12 29 22 30 6 1 2 19 13 15 27 25 21 16 10 25 1 22 21 3 5 29 23 4 27 24 25 9 9 23 4 6 25 29 6 23 16 9 25 17 3 30 21 8 9 26 21 19 18 3 4 19 11
3 7 24 18 12 19 30 19 3 20 26 17 25 22 9 25 9 28 14 25 29 2 2 14 17 3 13 14 8 19 22 23 27 25 27 15 5 3 18 4 11 19 22 13 6 26 26 16 2 10 1 24 8 15 28 23 16 25 13 1 18 7 3 15 18 18 21 18 1 28 22 4 18 13 24 15 19 3 15 12 26 16 8 12 8 13 25 27 22 24 22 30 23 6 7 14 9 28 22 28 29 28 26 21 6 29 29 15 24 29 10 15 14 27 22 27 20 17 28 23 17 30 2 9 17 24 13 21 16 15 29 14 10 9 1 1 27 15 17 6 23 4 4 28 18 22 8 27 7 27 27 29 9 11 26 27 28 21 20 29 9 30 28 26 15 3 9 1 8 15 27 10 4 24 17 10 22 15 10 19 14 23 8 19 16 11 3 23 14 29 2 27 22 22 16 5 3 26 5 18 22 30 26 2 25 23 13 12 7 1 7 25 20 13 22 8 1 5 15 29 14 17 3 5 22 11 9 23 13 8 30 15 17 26 5 25 23 1 22 24 16 14 2 6 11 16 8 21 9 20 19 5 11 20 26 3 20 21 23 15 14 3 27 26 4 6 13 9 5 28 25 26 3 15 11 11 25 27 19 16 21 27 30 21 26 26 15 15 8 29 25 6 20 14 24 19 7 29 8 12 19 17 30 28 26 18 4 14 30 9 24 24 10 25 13 4 13 10 1 8 26 8 28 5 4 8 6 10 12 12 30 5 20 10 17 11 29 1 25 2 9 16 3 22 20 4 13 13 1 29 21 4 23 15 7 14 18 28 15 19 14 28 20 26 2 23 10 27 11 24 23 22 8 24 18 23 13 19 2 2 11 17 30 26 30 11 18 25 1 8 17 22 12 2 3 26 14 6 17 26 7 17 12 15 13 8 1 7 14 18 9 11 27 15 6 17 28 9 5 9 23 11 12 21 23 17 1 20 26 27 13 7 29 3 3 11 15 20 22 26 18 10 16 15 4 16 28 26 29 5 27 16 21 13 19 25 15 12 17 9 2 21 19 21 16 15 1 6 30 17 1 25 4 24 27 10 30 6 10 17 12 29 11 24 23 16 25 4 5 6 5 24 6 6 23 25 25 8 6 8 4 25 3 29 3 9 13 16 18 6 25 19 23 22 13 3 30 7 9 10 7 26 9 25 17 20 19 5 13 25 3 21 23 24 24 8 17 2 3 27 4 24 14 24 10 23 8 16 12 14 24 18 8 3 11 20 23 17 9 1 16 23 12 13 3 28 14 29 2 26 22 30 26 1 30 1 28 7 4 7 19 19 5 16 6 3 29 30 12 10 9 23 16 5 14 18 8 18 27 24 2 14 4 10 22 8 15 4 22 9 9 6 15 2 8 11 9 2 13 9 23 20 8 26 9 30 21 22 2 30 7 21 3 18 18 29 28 27 8 12 29 15 17 17 13 19 17 1 16 18 16 23 8 24 28 13 15 14 4 16 6 1 1 20 26 5 27 10 12 14 28 28 1 21 8 9 17 24 29 7 14 13 17 22 23 3 7 13 25 25 11 9 30 21 2 25 2 27 2 21 14 6 15 27 21 11 16 9 25 26 5 18 28 20 20 22 22 8 6 26 23 1 7 30 27 23 12 20 9 12 27 17 23 9 13 21 3 9 11 19 6 14 10 12 14 20 3 21 12 17 17 16 23 17 22 6 25 6 12 4 25 6 30 16 24 8 2 28 16 25 27 7 22 4 4 27 13 1 11 24 25 15 15 4 13 1 1 8 14 1 19 8 22 15 4 15 11 13 8 27
0 11 5
310 549 423 302 675
0 1 8
696 482 382 97 499 181 0 163
0 8 7
563 101 512 70 734 632 610
0 13 3
373 454 149
0 20 2
148 272
0 9 2
708 663
0 13 5
318 188 700 154 255
0 19 4
102 54 450 104
0 17 5
180 554 37 662 593
3 5 6
602 293 179 229 574 168
0 10 6
681 48 615 469 212 268
0 20 6
397 545 28 224 122 330
0 6 2
208 364
1 3 4
788 717 566 718
0 13 3
35 343 522
3 18 8
296 68 538 405 30 15 690 206
1 19 3
737 358 686
1 4 5
674 731 766 425 404
0 17 5
548 611 371 713 603
1 2 7
126 424 76 635 387 732 540
0 4 2
643 642
0 11 1
362
0 6 3
775 584 437
3 19 6
569 597 715 162 392 176
0 16 2
661 513
1 17 8
351 24 600 676 263 146 177 453
0 13 1
236
0 14 5
456 666 565 103 98
0 7 2
794 25
0 16 6
590 537 280 724 95 297
0 11 2
528 169
1 13 4
113 520 633 516
2 12 7
9 366 669 167 624 798 416
1 5 7
107 67 698 594 774 697 132
0 5 3
518 706 556
0 17 7
478 621 120 430 327 648 467
0 4 5
83 783 464 475 645
0 3 4
420 4 752 51
0 1 3
620 726 292
0 2 7
61 8 342 105 374 505 124
0 3 1
129
0 16 2
432 189
0 7 4
41 466 116 613
0 20 5
561 498 59 612 210
0 19 3
796 486 493
0 20 2
481 57
1 12 4
517 73 476 630
0 19 2
754 403
0 6 2
285 128
0 2 3
399 536 87
2 2 5
194 653 587 641 225
0 12 5
72 287 628 141 692
1 11 4
32 727 172 471
0 9 3
234 684 487
0 10 2
321 257
1 16 5
325 704 543 408 701
0 2 1
350
1 6 3
614 747 744
0 18 4
291 753 108 440
2 2 6
79 96 494 629 417 656
0 17 6
284 216 16 119 153 596
0 17 3
347 765 289
1 5 6
324 204 19 235 123 694
0 20 6
209 352 702 441 529 248
0 17 3
99 106 723
1 7 5
254 507 764 515 1
0 12 1
559
1 8 2
226 623
0 15 2
56 572
0 17 3
385 640 298
0 12 3
644 426 502
0 11 3
710 159 323
0 3 3
100 243 80
2 3 7
384 691 379 43 444 396 158
0 11 1
551
1 1 6
220 276 335 576 604 355
0 9 2
542 55
1 12 5
250 46 294 365 510
1 13 5
465 348 442 421 782
1 6 3
668 503 62
0 11 3
190 135 52
1 4 4
246 790 109 12
0 4 1
660
0 12 1
570
2 9 1
2
2 25 1
3
1 7 1
5
1 22 1
6
3 26 1
7
1 26 1
10
1 15 2
11 130
1 10 1
13
2 12 1
14
3 19 1
17
1 16 1
18
1 21 1
20
1 31 1
21
2 14 1
22
1 37 2
23 778
1 40 1
26
2 4 1
27
2 12 2
29 187
3 17 1
31
2 26 1
33
1 39 1
34
1 39 1
36
4 11 1
38
1 18 1
39
2 15 1
40
3 18 1
42
4 17 2
44 488
2 22 2
45 655
5 22 2
47 336
2 28 1
49
1 20 1
50
1 17 1
53
2 31 1
58
2 28 2
60 438
1 34 2
63 400
5 7 1
64
4 30 1
65
1 31 1
66
4 10 1
69
1 23 1
71
2 30 1
74
1 5 1
75
1 24 1
77
1 23 1
78
7 17 1
81
1 6 1
82
3 19 1
84
1 15 1
85
1 33 1
86
1 35 2
88 665
2 13 1
89
1 29 1
90
2 12 1
91
2 22 1
92
1 20 1
93
1 16 2
94 707
2 19 1
110
2 17 1
111
1 26 1
112
4 25 1
114
3 24 1
115
2 16 1
117
1 33 1
118
2 13 1
121
1 26 2
125 230
1 30 1
127
7 24 1
131
2 25 1
133
2 34 1
134
3 24 1
136
3 20 1
137
2 14 2
138 581
2 10 1
139
2 13 1
140
3 7 1
142
1 35 1
143
2 31 2
144 313
2 27 1
145
2 30 1
147
1 12 1
150
1 14 1
151
3 17 2
152 773
2 34 1
155
1 16 1
156
1 25 2
157 480
1 32 1
160
3 9 2
161 534
2 30 1
164
5 16 1
165
1 40 1
166
2 19 1
170
2 32 1
171
2 20 1
173
4 15 1
174
1 30 1
175
1 18 1
178
1 26 1
182
1 34 1
183
3 21 1
184
1 25 1
185
1 16 1
186
4 17 1
191
1 14 1
192
1 23 1
193
1 19 1
195
2 20 1
196
1 8 1
197
3 23 1
198
4 20 1
199
2 30 1
200
4 19 1
201
1 18 1
202
1 24 1
203
2 30 1
205
1 22 1
207
3 23 1
211
2 7 1
213
3 25 1
214
2 24 1
215
1 26 1
217
1 27 1
218
1 24 1
219
1 24 1
221
1 27 1
222
2 12 1
223
1 21 1
227
1 30 1
228
1 28 1
231
2 21 1
232
2 36 1
233
2 15 1
237
1 30 1
238
1 33 1
239
1 19 1
240
1 23 1
241
5 24 1
242
2 35 1
244
1 24 1
245
1 25 1
247
4 24 1
249
4 23 1
251
2 23 1
252
1 40 1
253
3 35 1
256
2 21 1
258
1 29 1
259
1 29 1
260
2 22 1
261
2 23 1
262
1 21 1
264
4 5 1
265
5 19 1
266
1 29 1
267
1 23 1
269
3 37 1
270
5 16 1
271
2 10 1
273
4 23 1
274
1 36 2
275 363
2 11 1
277
2 28 1
278
2 17 1
279
1 21 1
281
3 22 1
282
1 15 1
283
3 21 1
286
4 10 1
288
3 37 1
290
1 13 1
295
1 30 3
299 354 557
1 27 1
300
3 5 1
301
1 27 1
303
1 33 1
304
3 24 1
305
1 11 1
306
1 31 1
307
2 19 1
308
2 14 1
309
1 24 2
311 585
1 22 1
312
1 6 1
314
1 30 1
315
1 9 1
316
1 16 1
317
2 27 1
319
1 21 1
320
1 17 1
322
1 11 1
326
1 13 2
328 524
1 5 1
329
1 11 1
331
1 7 1
332
1 9 1
333
1 20 1
334
2 24 1
337
4 16 2
338 786
3 14 2
339 479
1 17 1
340
4 7 1
341
1 36 1
344
3 22 1
345
1 40 1
346
2 21 1
349
2 22 1
353
2 20 1
356
1 18 1
357
2 14 1
359
3 39 1
360
8 25 1
361
1 31 1
367
2 19 1
368
4 15 1
369
1 10 1
370
3 19 1
372
2 18 1
375
1 30 1
376
3 36 1
377
1 12 1
378
5 7 1
380
1 30 1
381
1 17 1
383
2 23 1
386
3 14 1
388
2 19 1
389
2 29 1
390
1 26 1
391
2 34 1
393
1 31 1
394
2 12 2
395 483
2 15 1
398
2 18 1
401
2 12 1
402
4 6 1
406
2 27 1
407
1 37 1
409
2 37 1
410
3 31 1
411
2 24 1
412
3 13 1
413
2 21 1
414
1 22 1
415
7 16 1
418
3 19 1
419
2 15 1
422
1 30 2
427 616
2 12 1
428
2 29 1
429
4 6 1
431
2 18 1
433
2 8 1
434
3 12 1
435
3 3 1
436
3 14 1
439
1 16 1
443
1 12 1
445
2 33 1
446
3 15 1
447
2 13 1
448
3 28 1
449
1 36 1
451
4 24 1
452
1 9 1
455
1 26 1
457
1 22 1
458
1 34 1
459
2 29 1
460
2 30 1
461
1 24 1
462
1 13 1
463
1 20 1
468
2 35 1
470
1 12 1
472
4 15 1
473
3 8 1
474
3 20 1
477
1 6 1
484
1 27 1
485
1 15 1
489
1 7 1
490
1 20 1
491
1 31 1
492
3 32 1
495
5 11 1
496
3 28 1
497
4 32 1
500
3 24 1
501
1 30 1
504
1 7 1
506
2 27 1
508
1 26 1
509
1 29 1
511
2 16 1
514
2 26 1
519
1 13 1
521
2 24 1
523
1 21 1
525
1 20 1
526
2 24 1
527
1 24 1
530
2 7 1
531
2 3 1
532
2 12 1
533
2 24 1
535
4 9 1
539
2 14 1
541
1 22 1
544
2 23 1
546
2 25 1
547
2 15 1
550
3 35 2
552 693
3 32 1
553
1 15 1
555
1 16 1
558
2 13 1
560
4 5 1
562
2 18 1
564
2 27 1
567
1 25 1
568
1 33 1
571
3 26 1
573
1 15 1
575
2 19 1
577
2 27 1
578
1 30 1
579
4 32 1
580
3 17 1
582
4 18 1
583
1 22 1
586
1 20 1
588
1 15 1
589
4 19 1
591
4 13 1
592
2 28 1
595
2 27 1
598
1 26 1
599
2 31 1
601
1 12 1
605
1 24 1
606
1 12 1
607
1 18 1
608
2 18 1
609
1 13 1
617
2 14 2
618 760
2 24 1
619
5 35 1
622
1 19 1
625
1 25 1
626
2 21 1
627
1 9 1
631
2 6 1
634
1 31 1
636
8 15 1
637
1 22 1
638
1 19 1
639
4 21 1
646
2 34 1
647
1 23 2
649 659
2 34 1
650
1 21 1
651
1 19 1
652
1 24 1
654
1 16 1
657
5 14 1
658
2 21 1
664
2 15 1
667
1 29 1
670
1 30 1
671
2 20 1
672
2 14 1
673
1 39 1
677
3 23 1
678
1 27 1
679
1 37 1
680
1 29 1
682
2 8 1
683
1 21 1
685
2 29 1
687
2 15 1
688
4 15 1
689
1 33 1
695
1 16 1
699
1 27 1
703
1 28 1
705
3 29 1
709
2 19 1
711
3 9 1
712
3 17 1
714
2 21 1
716
1 4 1
719
1 25 1
720
1 20 1
721
3 33 1
722
1 25 1
725
1 5 1
728
2 19 1
729
1 21 1
730
4 21 1
733
1 24 1
735
1 33 1
736
1 22 1
738
1 14 1
739
2 13 1
740
4 8 1
741
1 22 1
742
3 33 1
743
6 5 1
745
2 22 1
746
2 26 1
748
1 20 1
749
4 14 1
750
1 32 1
751
2 26 1
755
1 29 1
756
2 11 1
757
2 12 1
758
2 28 1
759
1 7 1
761
1 6 1
762
2 4 1
763
1 15 1
767
1 16 1
768
8 31 2
769 771
2 32 1
770
4 24 1
772
1 25 1
776
1 8 1
777
3 22 1
779
1 7 1
780
5 11 1
781
1 4 1
784
5 18 1
785
2 13 1
787
2 9 1
789
2 28 1
791
1 14 1
792
2 8 1
793
2 5 1
795
1 15 1
797
1 30 1
799
