500 355 775 33
23 23 4 26 5 9 29 21 4 11 9 14 27 14 25 2 16 20 7 4 9 21 18 22 21 4 3 28 22 22 22 2 24 28 19 13 28 20 8 12 3 21 17 5 30 14 26 12 9 13 29 26 6 12 8 20 7 16 8 2 6 27 27 2 18 22 21 22 27 13 15 6 2 19 8 26 21 6 30 24 25 10 7 9 16 30 2 27 2 7 13 25 12 15 26 24 5 15 8 14 2 24 28 25 11 17 27 5 25 27 4 2 30 26 13 23 27 25 22 6 6 29 1 28 28 8 28 30 23 3 9 16 27 5 14 9 7 13 26 15 28 10 23 8 10 7 4 14 30 13 16 2 13 8 27 30 6 15 7 6 7 7 9 2 24 21 15 22 8 7 23 18 17 6 2 23 11 3 23 18 12 22 12 26 29 9 22 19 17 6 8 22 30 10 27 21 22 25 7 9 17 14 3 12 25 16 3 8 12 29 27 28 14 8 24 4 8 25 30 5 17 23 11 12 3 23 26 15 29 24 6 1 14 30 20 16 13 21 15 16 11 2 3 5 29 30 6 8 6 7 17 27 21 28 18 15 3 13 15 29 11 10 2 15 17 1 15 13 5 3 29 16 22 18 2 14 28 19 27 20 20 13 14 15 11 1 19 21 18 21 5 17 26 14 6 13 28 13 18 10 22 1 10 20 14 4 25 15 21 4 25 23 20 16 29 10 12 5 8 28 4 28 2 17 30 26 9 26 25 7 30 22 12 20 23 14 4 24 21 9 29 11 18 2 21 3 17 19 5 18 7 19 1 10 15 9 8 19 27 7 29 17 7 11 20 10 25 21 30 12 23 16 3 15 30 16 14 23 6 28 23 30 26 27 2 4 14 27 23 8 5 18 29 18 26 28 25 27 2 17 1 16 30 18 19 6 30 17 6 9 1 22 4 9 27 7 10 8 28 5 23 16 11 23 2 29 23 24 26 5 1 26 7 8 13 15 20 11 9 5 20 16 25 24 3 23 7 27 29 29 27 18 8 30 1 16 12 14 12 6 26 19 7 11 7 18 28 2 30 7 8 20 7 28 20 19 18 5 9 28 15 20 9 8 10 30 3 17 26 16 30 29 11 3 12 15 16 12 20 22
2 10 27 15 22 7 28 5 22 19 19 27 23 6 30 26 6 1 1 27 26 2 7 23 30 2 30 4 11 23 10 30 4 22 12 19 3 27 2 13 23 2 11 9 1 10 1 26 29 23 10 11 23 10 9 5 5 25 16 23 9 1 21 15 2 18 12 16 10 25 12 16 13 13 8 5 25 28 19 17 29 2 28 15 19 30 23 22 10 16 23 30 11 27 12 2 4 2 24 3 22 27 13 12 5 29 11 20 1 24 26 17 3 19 29 30 30 9 7 21 24 2 3 18 27 27 22 18 26 16 5 8 9 6 30 5 5 10 16 17 18 10 9 21 1 16 17 22 17 25 9 16 18 12 13 20 10 25 19 23 17 1 28 5 27 19 25 5 18 29 3 1 5 8 29 15 25 20 28 5 21 25 6 19 7 15 4 8 17 18 7 7 12 7 5 18 12 3 30 22 25 17 26 9 10 7 18 20 15 19 23 19 27 20 29 4 7 17 23 27 22 9 30 10 12 1 4 2 13 30 6 30 7 27 21 15 27 10 30 21 21 24 5 29 14 11 23 20 1 12 10 24 1 24 28 30 18 17 9 1 20 23 12 3 29 21 5 19 24 24 14 28 24 7 1 13 29 6 5 18 22 28 13 20 27 10 26 4 2 29 13 7 19 11 22 23 8 1 11 17 13 29 21 10 7 3 12 19 15 16 23 7 12 22 1 27 24 8 20 19 13 20 18 23 27 9 10 11 30 5 4 25 3 23 12 4 23 13 19 21 4 16 25 30 10 12 6 30 16 30 19 1 24 15 4 9 7 16 8 22 23 1 14 3 6 6 27 10 30 24 1 10 26 8 16 23 4 6 1 9 29 9 16 24 5 21 30 28 21 1 5 21 24 18 13 5 8 28 18 16 8 25 19 20 4 4 5 1 15 24 23 17 10 22 25 29 10 11 24 9 2 5 2 5 10 21 17 1 18 7 12 3 25 12 5 19 30 9 20 9 7 27 4 22 28 11 17 24 25 16 17 26 28 27 1 7 25 2 15 5 20 25 4 5 25 10 25 3 24 9 8 27 21 7 17 21 13 26 26 1 20 3 18 27 13 5 10 4 4 12 11 7 23 16 20 29 17 21 26 17
0 13 2
428 82
0 12 2
54 108
0 10 6
90 55 408 363 328 219
1 13 6
496 296 268 485 371 174
0 10 2
406 4
0 10 2
316 288
0 17 2
228 369
0 19 1
374
0 13 1
65
0 6 4
270 36 33 450
1 12 6
213 102 362 209 239 457
0 4 2
294 366
2 19 6
376 340 78 154 433 292
0 3 2
480 173
0 18 2
373 298
1 4 4
386 486 29 284
0 19 2
179 423
0 13 4
295 208 306 111
0 11 4
313 225 332 350
0 15 2
66 210
0 12 2
86 160
1 17 5
344 163 30 35 379
1 19 3
206 97 305
0 1 1
133
0 6 4
336 377 255 180
0 17 3
263 142 51
0 2 3
321 39 396
0 15 1
124
0 13 2
85 415
0 14 2
32 430
0 13 5
238 202 458 137 220
0 10 3
243 418 495
0 11 1
426
0 4 2
71 70
0 16 5
456 120 88 158 297
0 9 4
15 451 310 95
1 3 3
293 403 3
1 2 4
493 419 103 28
0 16 3
424 41 139
0 4 2
138 5
0 9 4
454 381 421 245
0 13 2
389 260
0 20 2
227 383
1 17 3
446 52 48
0 14 1
204
1 2 3
68 14 497
0 7 3
11 188 346
0 4 5
460 17 443 390 276
0 17 2
145 438
0 9 2
125 126
0 12 2
248 339
0 14 3
283 329 432
0 4 2
128 470
0 12 3
106 119 164
0 12 4
388 16 46 172
0 13 4
244 42 464 382
0 15 2
242 166
0 6 2
413 77
0 7 3
365 468 385
0 10 2
360 8
0 16 5
240 378 184 19 161
0 20 2
107 439
0 13 2
285 380
0 4 1
135
0 5 1
67
0 2 2
40 398
1 9 4
372 290 434 274
1 6 3
477 347 442
0 8 1
193
2 17 5
185 9 20 308 307
0 4 1
301
0 17 3
75 230 187
0 18 3
76 157 353
2 36 1
0
1 34 1
1
1 22 1
2
1 29 1
6
1 31 1
7
1 14 1
10
1 16 1
12
2 18 1
13
2 25 1
18
1 25 1
21
1 23 1
22
2 17 1
23
1 25 1
24
1 18 1
25
3 19 1
26
4 11 1
27
3 32 1
31
2 22 1
34
2 34 1
37
1 12 1
38
1 13 1
43
1 10 1
44
1 16 2
45 322
1 19 1
47
1 19 1
49
3 32 1
50
2 27 1
53
1 10 1
56
2 17 1
57
3 30 1
58
2 19 1
59
2 32 1
60
2 16 1
61
2 30 1
62
1 29 2
63 343
2 29 1
64
1 20 1
69
1 23 1
72
2 8 1
73
2 19 1
74
1 29 1
79
2 15 1
80
2 20 1
81
1 17 1
83
1 18 1
84
1 37 1
87
2 26 1
89
1 28 1
91
3 25 1
92
2 12 1
93
1 6 1
94
3 27 1
96
2 32 1
98
2 18 1
99
2 33 1
100
1 29 1
101
3 15 1
104
1 28 1
105
1 21 1
109
2 24 1
110
2 24 1
112
2 20 1
113
3 33 1
114
2 25 2
115 471
2 28 1
116
3 23 1
117
2 27 1
118
1 12 1
121
1 33 1
122
1 22 1
123
1 21 1
127
2 34 1
129
1 18 1
130
2 25 1
131
2 32 1
132
1 22 1
134
1 9 1
136
2 30 1
140
2 13 1
141
3 19 1
143
1 8 1
144
1 27 1
146
2 11 1
147
2 32 1
148
2 22 1
149
1 23 1
150
2 19 1
151
1 11 1
152
3 32 2
153 182
2 8 1
155
3 34 1
156
2 20 1
159
1 27 1
162
2 22 1
165
1 22 1
167
2 22 1
168
2 10 1
169
2 36 1
170
2 18 2
171 198
2 24 1
175
2 22 1
176
2 10 1
177
1 19 1
178
2 36 1
181
1 30 1
183
1 24 1
186
2 37 1
189
1 17 1
190
1 16 1
191
1 22 1
192
2 21 1
194
1 26 1
195
3 18 1
196
2 28 1
197
1 23 1
199
1 22 1
200
1 12 1
201
2 18 1
203
1 12 2
205 333
3 14 1
207
1 21 1
211
3 21 1
212
1 25 1
214
3 10 1
215
1 21 1
216
3 21 1
217
2 17 1
218
2 16 1
221
2 8 1
222
1 30 1
223
2 19 1
224
2 15 1
226
2 22 1
229
1 20 1
231
2 18 1
232
1 26 1
233
2 8 1
234
3 17 1
235
1 25 1
236
2 21 1
237
1 15 1
241
2 25 1
246
1 16 1
247
2 28 1
249
2 27 1
250
2 14 1
251
3 25 2
252 345
4 23 1
253
2 24 2
254 448
3 6 1
256
3 15 1
257
1 30 1
258
4 8 1
259
2 26 1
261
2 27 1
262
2 20 1
264
1 17 1
265
2 19 1
266
1 20 1
267
2 36 1
269
3 19 1
271
2 37 1
272
2 16 1
273
1 28 1
275
2 15 1
277
2 15 1
278
1 17 1
279
2 26 1
280
1 37 1
281
1 29 1
282
2 17 2
286 334
2 22 1
287
2 23 1
289
2 15 1
291
2 7 1
299
2 28 1
300
2 22 1
302
2 9 1
303
1 13 1
304
2 23 1
309
1 31 1
311
1 29 1
312
1 24 1
314
1 16 1
315
1 22 1
317
1 27 1
318
2 34 1
319
2 19 1
320
1 25 1
323
1 27 1
324
1 19 1
325
1 29 1
326
1 23 1
327
1 22 1
330
1 35 1
331
1 10 1
335
1 25 1
337
1 15 1
338
1 16 1
341
1 29 1
342
2 27 1
348
2 24 1
349
1 12 1
351
2 30 1
352
2 15 1
354
1 26 1
355
3 15 1
356
1 30 1
357
1 7 1
358
2 24 1
359
1 15 1
361
3 18 1
364
2 32 1
367
2 26 1
368
1 13 1
370
2 28 1
375
1 19 1
384
2 37 1
387
2 21 1
391
2 22 1
392
1 13 1
393
2 20 1
394
2 26 1
395
1 39 1
397
1 21 1
399
1 14 1
400
3 23 1
401
1 20 2
402 499
1 25 1
404
1 23 1
405
2 33 1
407
1 25 1
409
1 12 1
410
1 25 1
411
2 37 1
412
2 33 1
414
2 31 1
416
1 26 1
417
2 19 1
420
2 13 1
422
2 25 1
425
1 23 1
427
2 29 1
429
3 13 1
431
2 30 1
435
1 19 1
436
1 29 1
437
1 21 1
440
1 27 1
441
1 32 1
444
2 26 1
445
2 21 1
447
1 21 1
449
2 35 1
452
1 25 1
453
2 24 1
455
2 4 1
459
2 29 1
461
1 31 1
462
2 27 1
463
2 18 1
465
2 15 1
466
1 24 1
467
1 26 1
469
2 19 1
472
2 26 1
473
2 15 1
474
1 22 1
475
1 19 1
476
1 10 1
478
2 21 1
479
2 24 1
481
1 26 1
482
2 14 1
483
1 6 2
484 494
1 24 1
487
2 26 1
488
2 21 1
489
1 30 1
490
2 28 1
491
2 9 1
492
1 19 1
498
