800 565 1240 53
15 6 14 30 22 24 21 27 11 23 3 2 7 24 10 28 11 16 12 24 8 15 4 3 17 3 7 28 3 2 15 17 9 1 21 21 8 8 14 21 26 5 1 29 11 13 12 10 26 6 6 27 19 25 2 8 13 30 30 30 7 28 11 10 4 17 6 23 1 8 25 29 8 25 2 15 1 29 18 6 26 10 15 14 5 26 2 5 6 24 19 9 21 18 25 19 29 11 16 1 11 4 16 7 11 21 29 25 17 13 5 18 14 4 4 2 4 11 16 21 15 25 7 7 6 13 9 16 3 20 8 12 10 24 11 13 9 17 8 29 10 23 20 9 13 12 17 23 30 27 17 6 18 16 21 4 28 8 12 20 22 11 17 14 23 30 15 13 5 11 9 5 5 14 22 16 16 22 4 15 8 3 13 27 7 27 4 16 13 4 18 11 27 29 21 8 21 11 8 24 4 19 2 9 23 25 25 17 21 23 9 21 21 9 20 18 17 24 8 8 10 10 27 7 22 5 10 25 21 5 23 24 23 5 12 10 16 11 4 3 17 13 24 1 29 29 19 7 9 12 6 19 4 5 11 17 1 26 28 26 17 28 7 18 4 7 1 21 3 13 15 19 14 25 29 4 25 3 28 17 2 23 6 13 21 27 4 5 1 2 6 19 17 10 8 16 6 6 15 19 5 25 9 21 7 27 27 20 22 2 23 12 30 14 2 24 18 9 25 13 22 17 19 4 14 4 19 1 11 13 3 17 23 12 2 27 7 13 30 12 24 11 17 23 23 18 3 1 15 21 16 19 27 4 17 2 1 19 28 2 21 14 9 2 7 26 24 30 16 16 25 30 2 9 25 27 13 6 13 14 15 16 6 7 2 8 12 14 22 18 29 19 26 16 23 8 1 12 6 15 2 20 26 22 24 5 25 22 6 25 30 22 2 27 13 13 15 24 27 27 28 24 1 13 18 15 12 25 9 19 18 19 27 22 30 10 23 9 28 18 4 23 27 11 29 11 19 14 4 4 1 8 11 16 22 18 26 29 22 30 24 6 1 28 3 8 17 16 28 6 6 25 7 11 16 3 12 12 29 13 1 16 29 30 30 26 9 8 17 12 30 17 13 14 25 12 11 11 14 15 18 27 17 6 13 15 13 30 21 2 15 8 1 6 21 13 10 17 12 3 6 19 10 17 29 25 20 12 14 14 26 14 26 25 1 17 7 11 29 26 28 1 19 3 9 22 26 10 24 26 18 26 5 13 19 5 27 15 10 10 11 4 11 24 28 9 7 3 8 12 18 25 10 29 25 4 14 15 10 18 28 21 11 11 27 5 8 16 29 30 29 16 10 10 27 24 9 17 3 16 2 2 9 2 10 13 18 13 3 28 3 20 17 4 18 19 22 28 5 5 22 15 8 6 24 4 25 27 2 23 12 30 10 23 15 30 12 20 29 7 30 10 16 9 5 13 6 2 24 24 22 21 4 8 6 19 1 10 3 4 5 3 15 27 26 3 1 27 19 25 27 7 7 16 7 6 13 22 25 8 27 9 13 4 27 8 21 29 25 5 26 23 6 5 10 9 5 19 2 30 16 30 21 8 25 6 14 24 5 8 11 18 15 11 1 21 4 8 26 11 5 19 27 13 20 8 23 5 28 7 11 17 8 3 17 5 27 5 2 2 14 7 2 5 16 26 19 29 9 24 18 15 12 27 2 21 13 13 20 18 26 3 17 5 28 2 11 18 14 25 29 23 16 18 25 3 23 24 29 19 26 7 2 26 16 7 16 16 13 23 15 24 20 29 13 15 23 25 10 4
6 3 18 3 13 9 10 10 21 28 25 21 20 16 30 22 2 27 15 8 15 11 5 12 9 11 6 30 18 23 23 1 26 29 4 14 26 23 9 22 28 24 17 17 12 27 13 13 16 20 6 3 1 16 26 13 22 4 26 4 16 12 10 30 24 25 18 6 19 29 9 24 17 5 10 18 21 5 16 4 1 11 20 21 7 15 26 18 17 18 24 14 20 22 10 11 25 23 18 12 7 8 26 14 2 20 22 8 17 1 28 30 15 27 3 29 18 25 4 25 16 16 21 14 1 13 12 30 23 15 5 22 20 24 30 11 16 18 19 17 13 1 3 18 19 7 13 18 2 5 15 28 18 20 18 20 24 20 28 27 21 18 22 25 1 17 18 25 21 12 22 3 3 10 29 14 10 14 14 7 5 20 4 1 16 3 3 28 19 24 26 28 21 8 11 8 1 4 26 15 27 8 20 19 5 16 23 16 21 12 11 3 17 5 20 11 7 26 30 2 29 22 24 22 21 8 3 4 29 20 16 22 13 17 5 11 29 23 30 16 15 3 27 8 27 18 11 24 9 22 30 6 18 12 16 30 28 17 20 19 14 10 19 9 17 18 25 18 6 24 13 4 12 3 30 30 21 11 23 7 16 2 9 28 15 9 18 21 30 14 15 3 29 26 7 21 18 6 19 12 18 13 5 12 4 30 18 26 29 10 28 18 9 23 21 10 7 20 18 26 11 7 29 3 1 18 24 10 20 21 12 24 18 13 17 3 26 10 20 2 29 22 27 12 24 10 20 24 4 9 18 22 5 8 24 13 30 6 12 18 20 20 7 7 19 3 3 5 23 23 7 17 28 24 7 4 24 18 5 16 6 28 11 5 27 16 29 16 4 1 7 2 27 12 3 23 8 9 11 7 29 6 28 9 30 20 13 30 25 8 3 21 28 28 12 8 4 17 29 6 30 20 11 21 12 15 15 17 26 27 12 7 19 16 9 25 15 7 6 28 23 20 2 6 8 16 6 17 14 17 15 19 14 24 21 7 27 24 16 21 15 16 24 26 1 5 29 29 21 8 24 15 3 26 18 16 16 26 7 13 11 7 4 26 3 1 19 2 21 15 12 25 14 28 22 14 16 5 24 28 10 30 21 7 8 24 11 12 11 29 22 11 20 3 18 5 7 5 8 20 10 15 15 11 16 25 26 30 17 23 2 28 26 30 26 8 4 10 19 14 29 11 14 8 17 1 25 12 8 26 17 4 20 4 6 21 11 22 4 21 9 4 17 23 28 2 10 3 26 23 29 12 15 10 19 28 28 16 16 21 8 25 4 14 14 25 25 18 29 26 20 1 7 17 3 15 18 23 29 15 6 19 3 8 9 4 15 24 24 17 15 20 19 5 21 8 21 14 26 16 18 28 8 16 25 16 14 6 29 2 24 26 16 17 25 21 23 18 10 29 28 16 8 15 19 6 4 28 27 29 26 24 12 21 22 17 2 11 16 11 8 4 29 30 3 22 16 28 28 16 17 15 12 25 24 11 11 1 2 5 13 18 20 6 15 14 8 10 24 12 30 14 18 7 2 20 3 6 12 1 14 10 10 22 20 4 28 21 15 7 7 28 27 26 14 2 28 21 16 24 12 17 26 14 7 6 16 27 27 12 26 24 25 19 10 10 2 17 27 4 6 23 7 14 10 1 20 4 17 1 19 23 3 14 11 23 25 14 21 4 26 3 7 21 11 4 4 11 25 17 8 9 24 11 21 1 9 26 13 26 24 23 13 6 2 4 15 6 29 17 8 21 26 12 8 26 6 2 22 5
0 14 3
297 615 200
1 12 4
423 583 261 157
1 3 3
525 225 344
1 20 5
633 284 559 214 85
0 7 1
23
0 20 3
242 218 148
0 12 2
239 365
0 18 2
654 250
0 19 2
638 710
0 17 4
28 747 457 702
0 8 2
730 426
0 5 4
369 713 208 196
0 18 5
125 116 586 400 201
0 18 1
656
1 7 6
416 414 211 311 364 595
0 3 2
134 607
0 10 5
489 45 197 519 596
0 6 1
573
0 10 3
264 368 621
0 6 1
48
0 7 2
608 726
0 18 1
612
0 12 4
233 420 684 160
0 20 1
169
0 17 1
18
2 17 4
501 55 597 224
0 17 6
348 35 303 665 190 106
1 2 5
767 703 358 696 83
0 18 5
248 632 73 49 63
1 20 4
640 320 432 507
1 14 6
574 171 367 715 391 359
1 19 4
761 514 185 598
0 9 2
675 5
1 6 5
220 374 562 114 159
3 10 7
464 60 700 172 746 296 136
0 12 3
315 734 740
0 3 1
776
0 6 3
716 70 792
2 3 5
110 216 292 435 36
2 12 9
701 610 52 698 539 381 360 538 642
1 18 6
634 681 316 84 304 323
0 2 4
38 101 39 13
2 15 7
575 549 74 402 62 179 437
0 6 3
217 653 68
0 6 1
463
0 2 5
356 693 375 447 671
0 1 1
256
0 19 3
334 104 553
0 14 1
556
1 15 5
560 616 259 27 127
0 6 5
108 177 487 744 500
0 4 3
582 479 456
2 15 6
82 679 777 143 118 682
0 8 4
56 194 132 308
0 16 2
628 766
0 9 2
339 441
0 12 8
241 274 422 649 741 263 244 791
0 10 1
759
0 12 3
587 77 459
1 4 5
184 279 235 451 723
0 4 4
473 398 540 15
0 12 2
192 313
1 17 4
705 137 144 664
0 7 2
434 100
0 18 1
341
0 6 1
494
0 3 7
115 280 180 733 273 513 287
0 18 2
600 534
0 7 1
57
0 12 1
683
1 12 5
626 237 278 578 576
0 17 2
478 109
1 20 6
238 756 719 96 694 623
2 3 7
236 631 213 99 128 731 230
0 17 2
2 774
1 12 7
293 113 387 592 439 580 484
0 20 1
627
0 13 2
565 260
0 8 2
773 298
2 2 6
139 691 526 442 327 433
0 11 1
123
0 10 1
120
0 7 2
111 577
0 11 2
624 552
2 13 4
265 483 310 130
0 7 1
737
0 13 3
452 67 401
2 6 7
797 72 581 530 762 9 481
0 2 3
798 584 799
2 29 1
0
1 21 1
1
6 17 1
3
1 24 1
4
2 13 1
6
2 20 1
7
1 17 1
8
1 16 1
10
4 30 1
11
2 28 1
12
1 34 1
14
2 20 2
16 92
2 25 1
17
1 16 2
19 378
3 12 1
20
1 27 1
21
2 19 2
22 247
1 24 1
24
1 11 1
25
1 21 1
26
1 19 1
29
5 19 1
30
7 16 1
31
3 16 1
32
3 21 1
33
2 27 1
34
2 36 1
37
2 21 1
40
2 24 1
41
1 16 1
42
1 25 1
43
2 18 1
44
1 19 1
46
7 27 1
47
3 21 1
50
1 15 1
51
1 32 1
53
3 20 2
54 735
1 37 1
58
2 8 1
59
1 29 1
61
2 14 1
64
5 37 1
65
2 15 1
66
2 16 1
69
1 16 1
71
2 12 1
75
5 9 1
76
1 22 1
78
1 23 1
79
1 26 1
80
5 35 1
81
2 17 1
86
3 9 1
87
1 14 1
88
1 18 1
89
1 32 2
90 345
1 18 2
91 325
3 9 1
93
3 19 1
94
1 29 2
95 482
1 23 1
97
3 21 1
98
2 20 1
102
2 22 1
103
4 12 1
105
1 6 1
107
2 38 1
112
1 30 1
117
2 24 1
119
2 14 1
121
1 16 1
122
2 20 1
124
3 19 1
126
1 17 1
129
6 25 1
131
1 18 1
133
1 13 1
135
6 32 1
138
3 19 1
140
1 26 1
141
1 17 1
142
1 30 1
145
4 7 1
146
2 13 1
147
1 34 1
149
1 35 1
150
3 30 1
151
2 7 2
152 444
1 29 2
153 383
1 19 1
154
3 21 1
155
1 24 1
156
2 24 1
158
1 17 1
161
3 21 1
162
1 22 1
163
1 9 1
164
3 9 1
165
2 8 2
166 666
1 12 1
167
6 33 2
168 468
2 31 1
170
4 16 1
173
5 5 1
174
5 32 1
175
1 21 1
176
4 16 1
178
1 26 1
181
1 16 1
182
3 20 1
183
1 37 1
186
1 13 1
187
2 5 1
188
3 30 1
189
1 14 1
191
1 22 1
193
5 23 1
195
2 17 1
198
2 38 2
199 660
1 19 1
202
6 25 1
203
3 25 1
204
3 25 1
205
4 34 1
206
3 37 1
207
1 29 1
209
2 35 1
210
1 10 1
212
3 20 1
215
3 27 1
219
1 23 1
221
5 30 2
222 436
2 23 1
223
1 26 1
226
2 16 1
227
6 29 1
228
3 22 1
229
1 22 1
231
1 9 1
232
2 20 1
234
2 30 1
240
1 23 1
243
1 20 1
245
1 9 1
246
3 30 1
249
1 38 1
251
1 37 1
252
1 21 1
253
4 12 1
254
3 30 1
255
3 19 2
257 617
2 30 1
258
3 6 1
262
2 13 1
266
1 32 1
267
1 27 1
268
1 31 2
269 440
1 13 1
270
1 10 1
271
5 34 1
272
1 15 1
275
1 26 1
276
5 26 1
277
1 10 1
281
1 16 1
282
2 18 2
283 493
2 23 1
285
1 17 1
286
3 4 1
288
2 17 1
289
1 26 1
290
1 24 1
291
1 36 1
294
3 14 1
295
1 21 1
299
1 20 1
300
1 29 1
301
6 27 1
302
1 10 1
305
1 19 1
306
4 14 1
307
3 37 1
309
1 25 1
312
1 23 1
314
1 28 1
317
3 18 1
318
1 24 1
319
1 20 2
321 677
1 18 1
322
1 33 1
324
2 24 1
326
3 27 1
328
3 37 1
329
1 34 1
330
4 12 1
331
3 22 1
332
1 22 1
333
3 24 1
335
2 31 1
336
1 21 1
337
1 26 1
338
2 19 1
340
1 9 2
342 425
1 20 1
343
3 30 1
346
2 6 1
347
2 24 1
349
3 39 1
350
1 16 1
351
1 20 1
352
2 9 1
353
3 16 1
354
2 9 1
355
1 18 1
357
1 31 1
361
9 23 1
362
2 6 1
363
7 13 1
366
7 20 1
370
1 24 2
371 652
1 32 1
372
1 14 1
373
3 24 1
376
1 29 1
377
5 8 1
379
2 13 1
380
3 38 1
382
1 37 1
384
2 25 1
385
1 29 1
386
3 37 1
388
1 30 1
389
2 19 1
390
1 31 1
392
5 19 1
393
1 20 1
394
1 36 1
395
1 20 2
396 739
1 24 1
397
5 37 1
399
2 24 1
403
1 28 1
404
4 19 1
405
1 27 1
406
2 16 1
407
1 14 1
408
6 17 1
409
2 21 1
410
1 27 1
411
1 21 1
412
3 22 1
413
3 10 1
415
3 28 1
417
4 28 1
418
1 13 1
419
1 10 1
421
1 15 1
424
3 25 1
427
5 40 1
428
1 16 1
429
1 20 1
430
1 16 1
431
1 20 1
438
3 5 1
443
1 34 1
445
1 15 1
446
1 5 1
448
1 27 1
449
4 18 1
450
2 20 1
453
3 37 2
454 658
1 14 1
455
4 13 1
458
1 13 1
460
2 20 1
461
1 19 1
462
1 23 1
465
1 20 1
466
1 23 1
467
1 10 1
469
7 30 1
470
2 18 1
471
1 14 1
472
1 19 1
474
3 35 1
475
1 34 1
476
1 14 1
477
1 29 1
480
1 17 1
485
4 19 1
486
2 20 1
488
6 24 1
490
1 12 1
491
1 13 1
492
1 9 2
495 599
1 26 1
496
2 31 1
497
1 35 1
498
7 21 1
499
2 20 1
502
1 20 1
503
4 25 1
504
1 20 1
505
2 17 1
506
1 24 1
508
1 24 1
509
1 20 1
510
3 32 1
511
1 27 1
512
1 34 1
515
2 23 1
516
1 32 1
517
2 27 1
518
1 37 1
520
1 16 1
521
2 18 1
522
5 26 1
523
2 30 1
524
1 37 1
527
4 20 1
528
1 23 1
529
1 26 1
531
1 9 1
532
1 27 1
533
2 24 1
535
2 7 1
536
1 18 1
537
3 29 1
541
1 21 1
542
3 19 1
543
2 22 1
544
4 27 1
545
3 8 1
546
3 17 1
547
4 9 1
548
1 26 1
550
1 28 1
551
1 9 1
554
1 36 1
555
1 19 1
557
2 17 1
558
1 18 1
561
1 22 1
563
1 19 1
564
4 10 1
566
1 28 1
567
1 17 1
568
1 36 1
569
5 9 1
570
2 18 1
571
5 23 1
572
1 18 1
579
9 28 1
585
1 19 1
588
2 28 1
589
1 20 1
590
2 26 1
591
6 27 1
593
1 8 1
594
1 31 2
601 787
1 28 1
602
2 14 1
603
2 6 1
604
1 9 1
605
1 20 1
606
1 25 1
609
1 13 1
611
2 24 1
613
2 19 1
614
1 24 1
618
4 15 1
619
1 21 1
620
6 21 1
622
1 26 1
625
4 22 1
629
1 17 1
630
1 14 1
635
1 11 1
636
3 20 1
637
1 15 1
639
2 30 1
641
5 27 1
643
1 12 1
644
1 34 1
645
1 23 1
646
2 32 1
647
1 24 1
648
9 32 1
650
1 6 1
651
2 40 1
655
2 27 1
657
6 28 1
659
2 24 1
661
2 33 1
662
2 18 1
663
1 15 1
667
1 25 1
668
1 18 1
669
2 21 1
670
1 29 1
672
3 17 1
673
1 20 1
674
5 30 1
676
2 20 1
678
1 20 1
680
7 9 1
685
1 25 1
686
2 17 1
687
1 28 1
688
1 30 1
689
1 10 1
690
1 30 1
692
4 21 1
695
1 30 1
697
1 18 1
699
1 21 1
704
3 22 1
706
5 33 1
707
4 14 1
708
2 12 1
709
1 25 1
711
1 13 1
712
5 10 1
714
1 17 1
717
3 12 1
718
1 24 1
720
3 23 1
721
1 26 1
722
2 23 1
724
1 22 1
725
6 20 1
727
3 16 1
728
3 22 1
729
2 9 1
732
1 16 1
736
2 13 1
738
1 20 1
742
1 23 1
743
1 21 1
745
3 35 1
748
1 18 1
749
4 31 1
750
2 7 1
751
1 26 1
752
2 38 1
753
3 10 1
754
1 9 1
755
1 21 1
757
1 10 1
758
5 17 1
760
3 22 1
763
3 27 1
764
1 13 1
765
2 13 1
768
2 26 1
769
1 20 1
770
1 33 1
771
4 29 1
772
1 32 1
775
1 25 1
778
1 31 1
779
4 18 1
780
6 35 1
781
3 22 1
782
2 29 1
783
1 21 1
784
4 15 1
785
1 11 1
786
1 20 1
788
2 5 1
789
4 10 1
790
1 11 1
793
4 37 1
794
3 30 1
795
1 23 1
796
