1000 654 1550 67
14 26 26 11 29 11 17 12 26 28 7 18 11 1 23 15 26 17 19 8 13 14 27 15 18 3 3 21 27 18 27 8 21 30 17 11 2 4 6 14 12 10 20 15 23 16 18 29 11 20 7 21 29 23 1 9 12 2 28 5 13 21 13 22 30 10 3 18 23 6 18 20 20 7 24 12 26 17 19 5 24 7 24 1 29 7 10 20 25 27 4 9 16 30 19 4 4 19 13 29 19 8 7 10 22 20 20 28 24 10 22 14 16 2 4 20 27 20 19 17 18 7 22 4 28 21 25 4 1 2 8 21 11 28 22 22 25 15 10 15 10 21 19 4 8 10 16 11 19 7 13 10 23 30 29 7 21 24 6 26 21 26 9 26 30 1 28 27 15 20 11 30 1 15 18 30 9 23 1 26 1 30 16 8 1 7 12 25 7 13 11 16 21 26 27 11 22 30 23 4 14 25 30 28 18 7 12 28 20 30 24 20 20 5 19 11 8 5 30 8 11 16 16 21 20 25 21 26 28 15 7 22 11 25 24 17 17 4 12 8 22 27 26 15 8 3 21 25 16 29 15 28 27 15 7 8 19 20 23 21 17 30 15 7 14 29 30 9 6 19 16 1 4 3 26 18 26 25 27 8 13 29 6 15 6 9 24 1 3 27 13 23 19 30 1 2 20 12 12 10 27 9 23 12 30 19 21 27 29 28 28 30 11 18 7 10 22 19 16 30 23 23 1 14 3 24 19 10 22 12 23 8 27 11 9 21 18 28 13 10 5 3 19 20 14 13 16 29 4 29 15 27 23 18 27 1 17 29 19 17 9 14 19 15 29 16 26 3 4 19 19 3 23 16 8 24 17 20 18 1 19 28 2 5 12 7 30 3 6 13 29 11 19 18 26 11 27 29 13 5 30 25 29 16 6 2 10 22 3 18 1 4 7 10 26 22 20 1 3 14 9 26 18 9 9 1 6 24 25 15 5 21 20 29 7 7 26 6 25 12 19 22 18 21 18 1 14 17 2 21 2 14 6 28 30 19 17 15 14 7 27 7 15 28 20 1 27 22 8 13 17 7 9 25 7 10 24 28 14 3 2 7 28 3 27 23 26 2 30 2 7 9 4 22 17 20 8 25 20 8 9 22 25 28 30 11 16 6 7 14 21 17 4 3 20 25 1 24 14 23 7 27 6 1 22 24 12 30 23 23 28 21 26 11 22 22 5 8 9 13 12 20 5 22 20 22 9 2 6 5 25 1 8 6 2 13 2 4 7 7 26 8 9 29 16 3 26 18 23 6 26 7 18 21 27 22 5 26 17 28 11 5 15 23 23 17 15 1 17 28 13 16 30 25 18 3 19 17 20 6 7 27 29 30 4 3 22 22 13 1 10 6 15 24 1 13 30 22 14 13 8 11 17 26 23 9 24 3 25 21 2 11 5 18 16 8 29 19 24 17 14 1 30 7 26 22 18 25 23 20 14 10 13 18 4 27 6 7 15 28 9 24 18 1 30 25 20 5 20 25 4 8 18 15 18 18 3 3 1 9 17 10 16 18 13 15 5 13 7 12 20 6 29 3 19 24 1 16 22 29 21 20 26 29 28 11 26 15 28 7 8 12 3 22 7 4 10 28 29 27 16 14 24 10 12 4 6 4 22 14 10 3 22 30 20 22 10 13 29 24 17 20 9 12 24 24 4 14 17 5 28 8 14 21 11 28 23 2 17 5 2 12 27 3 1 20 14 4 27 26 2 12 28 18 10 11 2 20 18 13 26 24 23 5 12 4 23 3 18 27 16 7 7 18 14 30 23 22 26 20 21 21 8 23 20 15 16 20 12 4 3 23 13 5 11 24 25 11 14 6 18 24 22 4 23 17 19 20 16 12 1 11 8 2 18 13 5 30 16 24 14 22 9 28 30 25 29 9 3 16 11 24 10 20 10 23 4 4 26 6 26 22 22 1 7 22 14 4 12 8 11 29 10 24 20 10 9 10 17 30 14 6 19 1 20 14 22 11 12 3 5 12 5 3 11 30 15 30 1 20 6 27 8 11 7 7 18 13 1 16 20 18 30 6 17 14 10 30 30 22 28 23 16 28 21 21 20 22 14 13 18 16 16 30 25 10 12 29 10 4 17 28 30 7 9 21 25 12 19 10 1 13 18 13 28 12 11 20 23 5 30 3 17 2 5 22 21 18 2 12 25 2 14 11 11 5 21 19 3 5 22 30 23 7 30 25 17 19 1 18 5 13 29 17 16 10 1 19 3 2
15 14 7 25 10 25 9 11 16 3 27 5 29 11 1 28 2 23 4 27 6 14 21 4 12 12 13 29 27 2 29 30 26 2 12 28 30 16 18 23 14 27 26 28 30 17 6 2 27 18 17 7 20 3 5 6 19 4 11 6 29 8 30 2 19 30 5 19 2 23 30 2 9 14 16 27 25 20 9 13 1 26 19 3 7 27 3 1 11 5 25 22 21 15 5 5 17 19 20 12 9 5 20 29 1 19 17 29 16 8 3 1 3 20 22 3 21 13 12 20 28 7 26 13 18 6 25 14 24 4 11 29 28 22 26 9 16 11 15 21 4 18 27 14 10 4 30 18 5 29 24 21 13 6 28 26 26 6 22 21 14 8 19 20 13 19 20 13 7 15 29 7 22 18 17 4 3 5 6 19 30 23 27 22 10 10 13 21 23 9 6 17 5 13 20 21 21 2 3 13 3 9 25 19 20 15 24 11 22 19 22 18 14 15 4 8 8 7 17 27 23 2 19 14 15 15 20 18 30 22 4 3 7 8 12 24 14 8 21 11 27 15 4 5 2 10 9 23 7 29 4 27 2 6 21 2 19 19 11 5 16 3 30 28 29 25 30 8 9 5 6 3 23 7 7 15 14 8 14 23 12 26 1 11 22 14 5 11 14 28 22 23 13 20 3 18 22 27 1 22 2 7 14 15 29 29 14 24 8 16 30 3 18 3 16 22 23 6 19 7 26 17 12 10 13 18 23 20 18 3 17 12 11 27 14 13 22 30 4 10 25 27 25 29 21 11 4 8 25 4 6 27 12 14 30 7 29 8 18 17 3 13 29 4 11 6 25 16 14 12 18 16 16 19 26 26 25 23 2 5 15 15 30 14 20 8 1 11 17 13 6 3 22 21 18 6 6 12 17 9 11 6 29 12 9 23 11 24 3 25 28 22 3 7 21 7 13 11 23 2 7 28 29 1 19 15 2 27 4 30 16 19 15 30 3 1 19 13 30 3 12 30 25 13 7 1 7 6 3 24 22 18 6 23 23 1 20 4 25 6 3 22 10 26 27 28 20 24 30 28 16 27 9 1 18 1 5 13 7 2 27 7 8 11 6 22 13 13 9 2 30 29 30 11 5 11 29 6 30 25 18 30 30 8 8 1 18 5 18 2 9 8 17 8 5 4 30 22 28 22 26 6 20 10 1 9 24 13 24 1 20 24 28 14 1 5 10 16 7 26 8 25 12 8 24 22 6 11 27 12 28 17 17 2 16 5 4 4 23 23 13 9 15 13 23 9 24 7 28 11 10 10 19 3 16 26 24 2 19 7 10 10 21 7 20 19 10 21 29 19 19 8 22 3 18 4 29 8 11 23 1 3 20 7 5 25 24 23 1 12 30 5 14 4 20 21 2 12 16 30 28 11 26 14 26 12 7 13 13 17 9 16 9 17 3 9 11 5 6 14 11 14 3 1 22 25 26 6 27 16 9 6 27 20 23 4 17 2 27 25 4 27 14 26 17 16 14 14 4 30 20 23 13 17 10 21 2 11 16 14 14 26 18 18 27 27 28 5 26 2 26 7 14 7 6 18 23 19 12 26 14 25 16 21 1 11 25 8 23 2 18 15 21 18 2 28 5 26 15 13 9 25 28 23 2 20 19 8 22 17 1 6 5 26 24 1 25 8 28 21 21 9 20 22 13 23 4 24 15 12 9 3 30 2 14 28 1 24 3 13 23 14 15 19 30 11 7 13 28 19 12 23 18 18 14 27 1 1 18 7 1 18 11 19 10 20 27 24 6 4 6 4 20 22 12 29 28 29 16 29 18 6 14 7 18 15 21 2 3 20 25 21 4 22 11 26 9 26 29 18 20 18 25 9 18 19 20 4 13 14 16 20 1 15 14 27 5 5 14 25 25 9 3 17 2 23 22 6 7 11 10 10 11 29 3 1 24 20 23 2 10 27 9 23 6 3 3 1 30 8 12 1 6 28 28 14 15 15 13 25 10 4 2 29 20 11 8 23 5 9 5 18 5 1 16 13 20 5 20 10 8 11 30 21 3 7 8 27 27 21 2 14 8 6 26 1 27 11 26 16 3 25 11 9 6 5 10 25 1 26 16 12 4 11 20 24 9 17 23 30 24 7 25 21 12 21 22 30 12 2 8 27 9 13 26 23 25 27 23 25 23 20 8 30 27 22 13 3 27 30 28 9 4 6 30 26 24 7 23 17 3 8 15 22 29 27 21 19 24 3 11 18 13 22 26 26 15 5 4 12
0 10 3
574 147 266
1 2 4
734 220 738 529
1 14 3
559 541 536
0 14 2
940 557
0 10 3
528 870 929
0 15 2
390 871
0 9 8
216 731 662 594 57 633 899 863
0 15 5
842 998 105 923 584
0 1 1
195
0 16 3
768 486 868
1 10 5
56 411 493 819 626
0 6 6
814 121 115 403 440 2
0 17 6
502 510 386 992 757 531
0 6 7
44 73 406 207 92 538 568
0 5 4
815 19 489 456
0 8 2
478 995
0 3 3
353 643 811
0 13 1
679
0 4 4
854 3 669 47
2 15 5
192 817 375 268 698
0 18 1
684
1 7 5
572 302 970 644 308
0 20 2
921 782
0 12 2
892 603
1 17 4
855 620 505 172
0 5 1
748
1 13 4
715 577 148 318
0 8 2
450 64
0 18 6
300 867 968 209 427 534
1 20 6
396 709 404 78 70 51
2 11 7
683 466 566 154 191 234 587
3 14 8
245 742 974 773 82 221 558 483
4 6 8
912 520 948 137 127 548 232 737
0 14 4
846 875 886 637
1 18 6
893 271 24 545 430 376
0 11 1
650
1 12 4
351 429 997 618
1 17 7
978 876 517 211 1 193 385
2 1 6
359 874 131 107 909 167
0 10 2
630 982
2 18 5
178 657 511 182 258
0 5 6
988 588 744 387 611 171
3 4 7
681 725 652 951 552 853 556
0 5 2
860 287
0 1 4
374 214 175 831
1 2 4
834 930 823 242
0 12 2
186 960
1 6 4
46 705 648 571
0 12 5
436 304 959 412 498
0 7 3
14 83 516
0 14 1
312
0 15 2
827 702
0 6 9
400 455 417 971 208 468 454 691 984
0 2 1
701
1 18 10
470 352 72 754 168 710 307 367 113 7
0 7 2
337 448
0 11 9
393 472 849 697 932 952 604 605 728
1 5 10
525 160 980 366 999 989 257 451 471 243
0 11 4
573 173 187 937
2 15 6
444 658 331 825 699 469
2 7 6
348 656 724 916 530 339
4 20 9
126 905 690 492 917 499 449 826 251
0 15 4
162 639 395 283
2 6 4
169 767 881 256
0 1 4
902 314 967 712
3 15 11
4 944 28 252 500 919 759 969 772 719 372
1 3 6
565 222 708 848 170 13
2 15 5
915 158 726 496 402
0 1 1
661
0 14 2
155 598
1 11 4
910 329 591 655
0 19 3
663 157 806
1 5 5
887 518 750 532 144
0 3 1
555
4 7 9
602 619 753 279 452 606 685 672 235
2 19 7
327 539 504 490 428 664 217
0 17 2
774 963
0 8 2
441 350
1 1 3
281 90 419
0 3 7
931 197 718 457 462 674 199
2 14 6
807 249 479 793 631 740
2 16 8
752 145 560 880 63 776 779 786
0 14 1
945
1 14 4
53 292 29 84
0 2 2
392 34
0 10 1
355
0 2 2
764 592
0 11 8
695 347 717 301 38 443 607 513
1 4 5
957 354 906 896 895
8 11 1
0
6 18 1
5
2 30 1
6
3 19 1
8
2 26 1
9
2 29 1
10
7 20 1
11
2 29 1
12
6 33 1
15
2 15 1
16
3 12 1
17
4 38 1
18
7 5 1
20
2 14 1
21
6 32 1
22
1 10 1
23
1 22 1
25
2 27 2
26 330
2 28 1
27
2 24 1
30
1 19 2
31 632
5 8 1
32
1 29 1
33
2 28 1
35
6 31 1
36
1 19 1
37
1 21 1
39
5 25 1
40
5 19 1
41
2 21 2
42 993
1 24 1
43
5 7 1
45
2 10 1
48
2 8 1
49
1 29 1
50
1 16 1
52
1 26 1
54
5 13 1
55
2 19 1
58
5 24 1
59
11 21 1
60
2 32 1
61
1 15 1
62
6 27 1
65
1 32 1
66
2 17 1
67
1 16 1
68
5 12 1
69
2 27 1
71
8 22 1
74
2 36 1
75
3 20 1
76
5 15 1
77
6 18 1
79
2 19 1
80
3 28 1
81
1 6 1
85
1 22 1
86
1 19 1
87
1 17 1
88
1 27 1
89
6 17 2
91 244
10 16 1
93
3 31 1
94
1 18 1
95
1 4 1
96
1 22 1
97
1 24 1
98
1 18 1
99
4 8 1
100
4 15 1
101
7 31 1
102
1 30 2
103 961
2 13 2
104 628
1 23 1
106
2 3 1
108
1 21 1
109
3 23 1
110
2 22 1
111
6 28 1
112
1 27 1
114
4 28 2
116 749
3 3 1
117
3 21 1
118
3 13 2
119 830
2 4 1
120
2 26 1
122
2 14 1
123
5 8 1
124
1 29 1
125
3 24 1
128
1 16 1
129
5 14 1
130
2 24 1
132
2 28 1
133
5 11 1
134
1 24 1
135
3 19 1
136
2 8 1
138
3 6 1
139
2 16 1
140
1 32 1
141
2 12 1
142
2 23 1
143
2 25 1
146
2 5 1
149
2 31 1
150
2 34 1
151
5 21 1
152
1 34 1
153
2 27 2
156 405
2 26 1
159
2 20 1
161
3 8 1
163
3 29 1
164
7 21 1
165
1 13 1
166
2 8 2
174 286
1 26 1
176
2 24 1
177
3 9 1
179
2 19 1
180
2 4 1
181
3 17 1
183
1 36 1
184
5 20 1
185
1 20 2
188 447
2 19 2
189 320
4 37 1
190
2 13 1
194
1 31 1
196
6 27 1
198
1 4 1
200
7 11 1
201
1 20 1
202
1 15 1
203
2 20 1
204
3 13 1
205
4 18 1
206
1 31 2
210 966
2 13 1
212
1 21 1
213
4 33 2
215 983
1 33 1
218
1 25 1
219
2 29 1
223
4 25 1
224
4 21 2
225 488
3 15 1
226
1 8 1
227
2 7 2
228 852
6 19 1
229
6 27 1
230
5 34 1
231
2 21 1
233
1 12 1
236
1 16 3
237 636 689
3 33 1
238
1 20 1
239
2 12 1
240
5 14 1
241
3 23 1
246
4 8 1
247
1 2 1
248
2 20 1
250
4 28 1
253
2 21 2
254 485
2 31 1
255
2 13 1
259
2 21 1
260
8 20 1
261
1 10 2
262 373
1 25 2
263 888
6 23 1
264
5 23 1
265
1 9 1
267
2 10 1
269
2 18 1
270
1 18 1
272
1 21 1
273
3 15 1
274
4 13 1
275
2 20 1
276
3 31 1
277
5 32 1
278
8 21 1
280
3 25 1
282
8 21 1
284
7 31 1
285
2 27 1
288
3 28 1
289
2 9 1
290
3 14 1
291
2 8 1
293
3 12 2
294 878
2 16 1
295
4 28 1
296
8 34 1
297
4 38 1
298
1 14 1
299
6 25 1
303
1 19 1
305
2 10 1
306
2 4 1
309
1 25 1
310
4 35 1
311
2 14 1
313
1 10 1
315
2 20 1
316
6 34 1
317
10 21 1
319
5 32 1
321
4 22 1
322
2 25 1
323
3 30 1
324
5 18 1
325
6 26 1
326
1 14 1
328
1 20 1
332
2 20 1
333
3 11 1
334
3 19 1
335
3 31 1
336
2 26 1
338
1 19 1
340
1 21 1
341
1 21 1
342
1 25 1
343
1 26 1
344
6 29 1
345
2 30 1
346
1 12 1
349
1 35 1
356
1 24 1
357
3 29 1
358
1 33 1
360
3 18 1
361
5 20 1
362
3 27 1
363
2 29 2
364 746
1 20 1
365
1 24 1
368
1 25 1
369
2 28 1
370
1 6 1
371
1 24 1
377
7 23 1
378
3 9 1
379
8 26 1
380
8 18 1
381
1 15 2
382 445
2 14 1
383
1 7 1
384
4 15 1
388
2 17 1
389
2 4 1
391
4 10 1
394
6 17 1
397
1 29 2
398 600
5 20 1
399
2 19 1
401
6 28 1
407
3 16 1
408
2 26 1
409
1 35 1
410
5 13 1
413
2 22 1
414
1 17 1
415
1 15 2
416 703
6 14 1
418
4 8 1
420
1 13 1
421
7 31 1
422
2 19 1
423
7 19 1
424
2 10 1
425
1 3 1
426
1 35 1
431
3 27 1
432
6 18 1
433
1 21 2
434 800
2 6 1
435
4 7 1
437
1 18 1
438
2 19 1
439
1 19 1
442
2 7 1
446
2 22 1
453
1 9 1
458
1 32 1
459
1 26 1
460
1 14 1
461
2 26 1
463
5 17 1
464
2 30 1
465
1 15 1
467
2 29 1
473
4 30 1
474
3 16 1
475
2 32 2
476 481
6 32 1
477
3 27 1
480
5 15 1
482
1 32 1
484
4 25 1
487
4 21 1
491
1 16 1
494
2 17 1
495
1 15 1
497
2 24 1
501
2 20 1
503
2 26 1
506
2 7 1
507
1 29 2
508 621
4 30 1
509
2 26 1
512
3 28 1
514
2 21 2
515 946
3 21 1
519
1 21 2
521 625
5 33 1
522
2 33 1
523
6 20 1
524
1 26 1
526
2 19 1
527
2 23 1
533
2 17 1
535
1 27 1
537
2 27 1
540
1 21 1
542
4 17 1
543
6 26 1
544
1 38 1
546
1 21 1
547
1 10 1
549
1 29 2
550 839
8 3 1
551
2 18 1
553
1 15 1
554
1 12 1
561
1 24 1
562
2 32 1
563
3 27 1
564
3 17 1
567
7 19 1
569
2 8 1
570
3 16 1
575
1 33 1
576
9 9 2
578 866
2 39 1
579
6 25 2
580 950
1 12 1
581
2 17 1
582
2 9 1
583
5 19 1
585
1 12 1
586
1 28 1
589
3 26 1
590
2 18 2
593 682
1 7 1
595
2 35 1
596
1 12 1
597
4 11 2
599 809
1 25 2
601 954
3 26 1
608
2 15 1
609
1 15 2
610 758
2 32 1
612
2 26 1
613
2 13 1
614
1 13 1
615
3 30 1
616
1 23 1
617
7 20 1
622
8 22 1
623
1 12 1
624
2 25 2
627 673
1 17 1
629
2 27 1
634
5 23 1
635
1 29 1
638
2 19 2
640 801
1 16 1
641
1 16 1
642
2 18 1
645
3 16 1
646
2 16 1
647
3 23 1
649
2 26 1
651
3 20 1
653
2 25 1
654
2 17 1
659
4 13 1
660
2 18 1
665
1 25 1
666
1 10 1
667
2 37 1
668
1 22 1
670
6 19 1
671
4 40 1
675
1 24 1
676
2 12 1
677
2 23 1
678
9 17 1
680
2 20 1
686
1 17 1
687
1 33 1
688
1 32 1
692
2 10 1
693
5 9 1
694
1 26 1
696
1 7 1
700
5 9 1
704
5 9 1
706
1 3 1
707
2 32 1
711
2 14 1
713
3 21 1
714
2 18 1
716
3 9 2
720 901
2 11 1
721
5 23 1
722
2 18 1
723
1 32 1
727
11 29 1
729
5 8 1
730
2 20 1
732
1 24 1
733
2 24 1
735
2 10 1
736
2 30 1
739
2 29 1
741
2 30 1
743
1 12 1
745
3 25 1
747
2 14 1
751
2 22 1
755
1 8 1
756
3 15 1
760
5 12 1
761
4 15 1
762
2 17 1
763
1 25 1
765
2 27 1
766
1 20 1
769
2 9 1
770
5 36 1
771
1 22 1
775
2 6 1
777
3 29 1
778
5 11 1
780
2 15 1
781
1 12 1
783
10 8 1
784
1 28 1
785
1 10 1
787
2 35 1
788
1 34 1
789
2 18 1
790
1 21 1
791
8 29 1
792
2 26 1
794
1 37 1
795
8 19 1
796
2 23 1
797
1 20 1
798
1 34 1
799
1 13 1
802
5 20 1
803
2 18 1
804
3 22 1
805
2 23 1
808
5 22 1
810
6 24 1
812
5 9 1
813
2 20 1
816
2 25 1
818
2 27 1
820
1 21 2
821 869
2 13 1
822
2 8 1
824
1 16 1
828
5 24 1
829
5 7 1
832
4 18 1
833
2 14 1
835
2 14 1
836
1 33 1
837
2 26 1
838
4 24 1
840
6 16 1
841
1 17 1
843
5 13 1
844
3 16 1
845
8 34 1
847
1 23 1
850
3 24 1
851
2 15 1
856
2 22 1
857
2 27 1
858
2 13 1
859
2 18 1
861
2 16 1
862
5 19 1
864
1 16 2
865 936
1 26 1
872
2 10 1
873
2 19 1
877
4 15 2
879 918
2 22 1
882
2 18 1
883
3 20 1
884
4 21 1
885
1 20 1
889
1 34 1
890
1 21 1
891
2 20 1
894
2 8 1
897
5 5 1
898
8 16 1
900
2 6 1
903
6 28 1
904
3 29 1
907
5 5 1
908
1 15 1
911
8 16 1
913
1 22 1
914
1 9 1
920
4 19 1
922
3 27 1
924
6 22 1
925
1 21 1
926
1 24 1
927
1 13 1
928
4 38 1
933
3 7 1
934
2 35 1
935
1 5 1
938
2 17 1
939
1 28 1
941
6 16 1
942
3 28 1
943
3 27 1
947
6 18 1
949
1 10 1
953
2 23 1
955
5 11 1
956
1 21 1
958
1 13 1
962
3 10 1
964
2 17 1
965
1 30 1
972
3 16 1
973
2 12 1
975
2 14 1
976
4 21 1
977
2 19 1
979
2 20 1
981
2 27 1
985
3 12 1
986
1 19 1
987
1 3 1
990
2 28 1
991
3 14 1
994
2 18 1
996
