800 538 1240 53
16 9 13 25 18 23 27 30 22 1 29 10 25 3 1 10 5 3 20 4 4 24 27 22 8 13 1 16 3 8 24 9 13 5 29 17 23 3 23 18 11 19 17 9 7 22 23 1 12 25 24 7 24 15 9 25 9 1 17 26 21 24 30 26 30 20 13 9 23 10 15 5 6 28 5 8 19 11 13 29 3 30 6 19 27 20 4 29 4 1 25 4 29 1 14 29 15 22 17 14 29 29 4 14 7 11 22 6 22 12 28 2 11 10 24 6 28 9 17 14 6 23 28 24 11 4 18 23 29 22 13 22 19 24 25 16 4 22 3 26 12 25 17 27 5 10 7 3 21 30 7 16 13 15 5 5 12 17 26 28 7 13 20 22 14 18 7 28 14 16 27 20 2 16 21 2 23 26 28 7 2 30 2 9 6 27 24 24 9 30 13 24 4 11 7 17 23 22 29 11 25 30 13 8 4 30 3 25 18 17 10 30 14 11 4 1 2 3 11 18 9 30 10 4 13 30 15 9 25 15 29 7 19 19 24 5 11 18 18 20 14 12 22 21 5 18 11 3 28 2 16 18 12 6 10 10 1 27 8 7 30 5 16 30 15 11 1 3 12 9 25 8 3 25 2 10 20 16 20 1 28 13 27 9 24 15 25 10 1 9 6 14 10 1 12 11 19 11 29 3 5 2 24 7 7 8 13 30 4 10 16 8 24 5 29 29 23 17 12 14 20 29 30 23 22 9 26 11 1 5 6 21 3 15 23 24 30 17 11 30 18 28 28 1 10 11 12 17 11 6 23 9 19 12 10 24 6 16 14 15 29 10 20 14 13 26 7 4 4 3 7 15 7 4 2 7 18 11 22 17 26 2 20 6 21 28 13 16 19 21 29 4 13 28 11 5 28 4 17 5 19 1 8 1 5 4 9 19 16 20 21 16 12 7 23 30 12 9 26 15 4 19 12 3 10 13 17 7 18 27 23 26 15 30 9 27 3 5 4 22 24 10 12 9 24 16 26 7 6 12 9 21 29 30 1 2 13 20 8 11 8 12 29 5 26 20 27 1 5 28 12 9 12 8 27 27 7 17 20 13 29 15 18 5 26 29 11 10 5 6 3 16 25 23 26 21 14 6 25 29 8 17 11 9 13 17 23 22 18 21 19 7 2 25 25 18 10 11 12 4 4 25 16 19 21 13 13 19 11 24 14 15 8 27 23 22 21 16 23 16 20 20 22 20 9 7 10 28 6 26 17 7 28 4 20 9 9 5 1 18 17 25 29 2 14 17 2 27 16 27 21 16 23 24 26 16 11 26 17 2 5 2 30 4 26 9 6 18 20 16 3 17 29 6 20 11 13 10 14 25 26 20 15 30 18 1 24 17 6 1 2 3 4 26 26 10 6 29 4 23 16 17 28 28 1 4 12 6 13 13 13 21 17 17 27 5 21 7 27 1 2 27 5 19 11 5 7 18 16 5 25 6 20 19 19 8 24 29 10 10 4 12 1 25 7 28 17 25 4 27 23 14 17 20 15 28 1 13 17 10 26 16 4 9 24 23 14 12 9 28 7 22 8 7 1 5 13 1 9 10 5 1 21 7 23 8 6 14 5 15 6 18 13 20 23 16 30 12 21 25 12 16 4 23 15 6 26 7 22 25 13 24 15 25 6 4 8 5 20 12 29 12 3 4 24 7 22 8 5 5 12 13 16 17 11 25 6 23 29 11 18 7 5 8 30 12 15 9 13 30 13 14 21 29 16 13 20 14 20 5 18 17 1 12 17 19 27 28 13 22 24 2 30 27 15 28 8 10 24 16
20 23 8 30 13 9 7 11 5 18 21 24 25 9 15 18 12 2 22 22 22 29 8 5 11 25 30 17 24 24 19 12 13 6 16 14 12 8 2 8 4 11 28 17 15 28 14 18 23 2 23 15 13 10 16 11 3 15 22 28 12 21 14 11 10 28 9 24 23 6 8 17 22 16 16 9 11 19 10 8 2 16 9 17 13 4 7 22 16 16 1 22 30 14 15 14 3 10 5 22 2 6 22 28 12 15 24 21 16 20 1 27 5 6 20 27 2 30 8 19 26 4 23 17 6 2 3 6 13 3 20 19 26 4 22 27 20 3 20 17 24 16 15 15 17 17 13 13 24 30 20 6 5 16 13 25 25 6 7 18 30 16 6 8 17 6 18 14 26 16 25 3 14 12 24 26 28 23 12 21 4 6 28 26 25 15 14 17 5 25 13 7 2 10 18 29 11 15 17 14 5 9 13 17 16 14 3 10 17 20 16 20 7 30 21 29 22 14 30 17 19 3 18 6 13 27 29 15 29 10 21 26 10 13 25 23 29 6 22 23 29 8 26 17 2 24 14 6 1 5 4 7 3 25 14 5 10 27 18 29 25 18 26 24 19 21 7 18 18 27 1 17 6 4 6 6 4 28 7 4 27 16 9 10 12 24 9 20 5 8 14 4 30 15 2 16 24 20 10 8 26 11 16 25 30 12 10 11 7 23 30 19 13 10 25 26 15 25 4 16 7 19 11 28 17 11 25 30 18 29 12 1 23 16 3 4 18 26 9 10 30 29 15 11 26 1 4 13 4 22 6 3 22 11 29 4 14 6 6 26 13 20 17 15 8 1 14 18 5 16 4 21 20 28 13 3 28 15 19 20 23 26 2 2 6 6 1 26 9 8 23 3 29 8 26 23 29 5 7 12 16 14 28 11 5 3 20 26 1 5 26 12 25 29 3 28 12 24 24 22 29 25 15 19 5 10 21 11 23 30 27 4 14 26 9 15 11 17 20 2 11 7 10 29 1 10 1 15 28 27 3 18 15 22 19 25 21 15 28 19 23 28 6 24 12 23 20 30 30 4 9 8 17 27 22 24 1 21 10 23 22 16 24 11 18 30 30 23 30 19 24 30 1 18 13 29 23 17 16 15 3 24 17 14 28 28 28 4 4 10 11 11 26 1 25 20 20 11 4 14 10 10 17 4 3 28 19 28 17 16 20 12 10 14 17 29 27 25 24 15 2 5 22 14 20 23 24 20 2 5 7 6 22 22 23 10 6 3 25 10 15 8 17 28 13 8 21 22 27 27 19 22 14 5 21 12 9 13 29 28 18 4 10 27 6 8 6 13 20 2 28 11 9 2 2 27 12 28 27 7 9 6 24 18 14 18 18 15 24 19 25 21 7 30 25 16 5 8 25 10 30 30 25 25 15 16 24 10 23 16 7 21 28 6 13 11 25 26 26 24 27 27 21 5 15 24 11 22 17 29 23 6 20 25 1 23 26 29 16 21 25 6 5 11 9 9 6 12 15 9 25 22 29 11 10 18 12 19 19 20 24 22 17 16 8 2 11 4 23 21 5 21 10 26 2 16 16 17 18 15 12 2 18 14 16 28 26 6 21 18 17 3 9 2 24 28 22 21 17 6 7 5 11 4 24 4 20 14 21 10 6 25 19 17 30 29 8 24 13 15 15 4 2 5 30 19 22 19 1 20 4 14 1 8 1 14 1 14 5 24 2 28 11 3 25 3 5 26 18 5 27 8 28 8 7 27 19 4 7 20 12 27 10 15 1 24 11 17 21 27 6 7 19 1 10 1 3 30 8 17
0 18 1
414
0 13 8
780 416 306 75 548 37 740 363
2 3 6
257 38 322 706 242 76
1 20 5
431 583 331 169 193
0 18 2
536 205
0 2 1
691
0 15 2
135 153
0 2 2
243 267
0 8 2
754 606
0 13 6
622 448 645 247 395 284
0 20 2
95 252
0 2 2
466 7
0 11 3
361 224 304
0 10 1
680
0 10 3
231 619 576
0 13 3
258 229 234
1 17 3
531 665 761
1 15 4
3 698 704 391
2 9 6
610 10 385 709 255 524
1 2 6
400 771 237 458 312 494
0 7 3
301 402 55
0 18 1
122
1 19 3
208 147 701
0 11 2
611 695
1 20 5
351 383 441 226 667
0 12 3
302 321 278
1 4 6
202 590 440 308 518 496
0 9 3
696 260 134
2 10 7
733 453 718 734 183 547 362
0 2 2
238 81
2 15 8
729 251 532 535 380 72 140 640
1 2 5
603 310 779 719 139
0 18 1
543
2 13 6
783 404 228 436 166 593
0 9 1
173
1 9 5
737 468 758 295 443
1 17 4
157 16 194 0
0 12 1
236
1 7 7
119 80 6 94 405 88 561
1 9 4
629 175 110 269
0 15 1
374
0 12 2
595 91
1 18 7
347 394 477 637 456 748 281
0 2 3
106 131 744
0 3 3
558 553 688
0 20 3
463 303 346
1 12 7
533 625 158 605 745 752 18
1 10 4
738 632 103 82
1 5 3
582 422 366
1 12 4
145 433 636 309
0 12 2
586 470
0 14 3
74 52 68
2 20 6
408 1 83 203 604 471
0 16 3
685 672 659
1 6 4
649 130 608 613
0 15 4
334 11 97 457
0 8 4
756 300 789 418
0 18 1
25
0 6 2
117 47
0 20 4
291 727 26 449
0 8 1
705
1 18 3
133 266 452
0 7 1
51
0 3 2
200 272
0 4 2
27 545
0 15 5
199 473 739 215 515
0 16 2
540 753
0 3 6
501 724 294 24 141 221
1 12 9
520 256 14 742 195 529 20 607 462
1 11 4
796 485 297 30
0 14 1
137
0 6 3
490 775 594
0 19 5
58 127 120 778 609
1 2 7
681 439 677 743 218 736 683
0 19 3
211 767 572
0 4 5
319 506 177 343 732
0 12 1
176
0 15 6
601 432 787 429 223 136
1 18 6
658 751 527 426 22 676
2 20 6
164 668 797 293 49 689
1 10 3
768 588 513
1 10 4
512 570 61 71
0 8 2
64 326
2 1 6
214 516 384 345 138 700
2 1 5
276 161 232 311 217
0 18 2
493 481
2 5 6
648 409 162 711 154 451
2 12 1
2
1 30 1
4
2 27 1
5
1 8 1
8
4 11 1
9
1 20 1
12
2 24 1
13
1 22 1
15
1 31 2
17 125
1 31 1
19
1 14 1
21
4 24 1
23
1 31 1
28
3 26 1
29
2 23 1
31
4 30 1
32
2 37 1
33
2 20 1
34
1 22 1
35
6 7 1
36
1 8 1
39
2 21 1
40
1 30 1
41
2 17 1
42
1 6 1
43
2 25 2
44 126
1 33 1
45
1 27 1
46
2 28 1
48
1 12 1
50
2 18 1
53
1 24 1
54
2 22 1
56
2 28 1
57
4 21 1
59
4 3 1
60
1 7 1
62
1 17 1
63
2 13 1
65
2 20 1
66
1 23 1
67
4 22 1
69
7 32 2
70 565
3 6 1
73
1 21 1
77
2 14 1
78
2 11 1
79
2 23 1
84
1 17 1
85
5 19 2
86 357
1 7 1
87
3 38 1
89
1 23 1
90
1 26 1
92
9 15 1
93
1 13 1
96
4 23 1
98
1 26 1
99
4 17 1
100
2 26 1
101
2 33 1
102
2 18 1
104
1 30 1
105
3 31 1
107
1 38 1
108
2 29 1
109
3 13 1
111
2 24 1
112
1 22 1
113
1 18 2
114 749
2 16 1
115
1 8 2
116 447
2 22 1
118
1 4 1
121
1 13 1
123
1 15 1
124
2 18 1
128
6 15 1
129
1 15 1
132
2 10 1
142
3 28 1
143
3 12 1
144
3 18 1
146
2 28 1
148
1 15 1
149
2 34 1
150
1 13 2
151 235
4 38 1
152
3 15 1
155
1 14 1
156
7 14 1
159
3 21 1
160
7 6 1
163
2 27 1
165
3 27 1
167
2 27 1
168
4 29 1
170
1 16 1
171
2 36 1
172
2 21 1
174
2 23 1
178
6 6 1
179
1 33 1
180
4 38 1
181
3 14 1
182
3 32 1
184
1 18 2
185 282
2 25 1
186
1 10 1
187
1 33 1
188
4 22 2
189 210
1 28 1
190
2 23 1
191
2 29 1
192
1 22 1
196
2 18 1
197
1 22 1
198
2 24 2
201 511
1 12 1
204
2 15 1
206
2 27 1
207
2 19 1
209
1 24 1
212
2 10 1
213
1 12 1
216
2 15 1
219
1 26 1
220
2 25 1
222
1 22 1
225
1 11 1
227
1 28 2
230 717
3 13 1
233
3 30 1
239
6 21 1
240
1 33 1
241
3 20 1
244
2 14 1
245
3 5 1
246
2 27 1
248
2 10 1
249
3 15 1
250
2 24 1
253
1 30 1
254
2 33 1
259
4 22 1
261
1 15 1
262
2 13 1
263
2 23 1
264
1 25 1
265
4 19 1
268
2 27 1
270
1 33 1
271
2 27 1
273
2 31 2
274 633
2 13 1
275
2 33 1
277
3 14 1
279
3 14 1
280
1 24 1
283
2 32 1
285
1 28 1
286
2 17 1
287
2 34 1
288
1 23 1
289
2 9 1
290
2 17 1
292
1 36 1
296
1 25 1
298
1 24 1
299
4 23 1
305
1 33 1
307
1 31 1
313
3 32 1
314
2 12 1
315
2 20 1
316
3 33 1
317
1 19 1
318
1 38 1
320
1 29 1
323
2 25 1
324
1 33 1
325
1 32 1
327
1 19 2
328 777
3 32 1
329
2 13 1
330
5 27 1
332
2 16 1
333
1 28 1
335
7 33 1
336
1 16 1
337
2 12 1
338
2 39 1
339
3 26 1
340
3 27 1
341
2 14 1
342
3 15 1
344
3 7 2
348 559
1 15 1
349
3 23 1
350
3 17 1
352
2 28 1
353
2 32 1
354
2 26 1
355
2 25 1
356
3 24 1
358
2 24 1
359
1 37 1
360
3 20 1
364
6 19 1
365
4 14 1
367
2 14 1
368
2 27 1
369
2 14 1
370
1 14 1
371
2 20 1
372
2 24 1
373
2 22 1
375
2 26 1
376
2 27 1
377
2 8 1
378
1 23 1
379
1 31 1
381
1 21 2
382 387
1 18 1
386
1 34 1
388
5 11 1
389
4 26 2
390 392
2 20 1
393
2 20 1
396
2 25 1
397
6 19 1
398
1 37 1
399
1 15 1
401
2 20 1
403
2 16 1
406
1 30 1
407
1 6 1
410
2 20 1
411
2 27 1
412
1 21 2
413 617
3 30 1
415
6 19 1
417
4 16 1
419
7 27 1
420
2 16 1
421
4 22 1
423
2 10 2
424 555
2 18 1
425
2 18 1
427
4 28 1
428
2 11 1
430
4 7 1
434
2 28 1
435
2 10 1
437
2 27 2
438 534
2 27 1
442
5 22 1
444
4 22 2
445 450
1 25 1
446
1 15 1
454
1 30 2
455 575
2 28 1
459
1 16 1
460
3 30 1
461
1 28 1
464
1 21 1
465
2 25 1
467
1 32 1
469
1 25 1
472
1 18 1
474
1 18 1
475
3 14 1
476
5 5 1
478
2 27 1
479
1 29 1
480
3 30 1
482
2 31 1
483
2 16 1
484
4 27 1
486
2 31 1
487
2 24 1
488
2 16 1
489
6 16 1
491
1 17 2
492 702
1 6 1
495
1 11 1
497
1 7 1
498
4 5 1
499
3 16 1
500
3 35 1
502
4 26 1
503
2 27 1
504
1 26 1
505
1 16 1
507
2 19 1
508
2 21 1
509
2 10 1
510
2 14 2
514 656
1 19 1
517
2 30 1
519
1 8 1
521
2 32 1
522
2 21 1
523
1 30 1
525
2 22 1
526
2 26 1
528
2 20 1
530
1 25 1
537
1 13 1
538
2 17 1
539
4 22 1
541
1 25 1
542
4 27 1
544
2 35 2
546 585
1 27 1
549
1 23 1
550
3 22 1
551
1 27 1
552
1 22 1
554
2 30 1
556
3 12 1
557
2 27 1
560
3 26 1
562
1 20 1
563
2 32 1
564
2 20 1
566
2 20 1
567
2 29 1
568
1 21 1
569
2 27 1
571
3 24 1
573
8 29 1
574
1 5 1
577
2 22 1
578
1 18 1
579
7 23 1
580
1 32 1
581
2 26 1
584
2 19 1
587
1 15 1
589
2 37 2
591 720
1 15 1
592
4 30 1
596
6 9 1
597
4 30 1
598
2 33 1
599
1 3 1
600
1 22 2
602 663
2 28 1
612
2 17 1
614
1 10 1
615
1 23 1
616
4 23 1
618
1 21 1
620
2 7 1
621
2 20 1
623
4 31 1
624
2 13 1
626
3 33 1
627
2 24 1
628
1 15 1
630
3 7 1
631
2 20 1
634
5 12 1
635
2 29 1
638
8 12 1
639
2 33 1
641
2 16 1
642
2 18 1
643
3 31 2
644 781
1 36 1
646
2 35 1
647
2 24 1
650
6 12 1
651
2 22 1
652
2 12 1
653
3 25 1
654
1 18 1
655
2 30 1
657
9 25 1
660
1 30 1
661
1 24 1
662
1 15 1
664
7 10 2
666 674
1 33 1
669
1 33 1
670
3 17 1
671
2 15 1
673
1 17 1
675
6 15 1
678
2 32 1
679
4 11 1
682
1 14 1
684
1 13 1
686
2 24 1
687
3 20 1
690
2 20 1
692
2 33 1
693
6 35 1
694
1 22 1
697
4 8 1
699
2 15 1
703
3 25 1
707
1 24 1
708
3 11 1
710
1 28 1
712
2 21 1
713
1 33 1
714
1 30 1
715
1 36 1
716
1 13 1
721
3 22 1
722
1 15 1
723
3 26 1
725
1 25 1
726
6 7 1
728
6 25 1
730
2 32 1
731
3 4 1
735
4 9 1
741
1 14 1
746
6 19 1
747
1 32 1
750
2 36 1
755
1 33 1
757
3 18 1
759
4 20 1
760
2 35 1
762
2 28 1
763
2 27 1
764
1 39 1
765
2 26 1
766
2 23 1
769
2 27 1
770
3 39 1
772
4 39 1
773
2 30 1
774
6 20 1
776
2 22 1
782
2 28 1
784
3 14 1
785
2 18 1
786
2 16 1
788
3 30 1
790
2 22 1
791
3 8 1
792
1 20 1
793
1 18 1
794
2 19 1
795
1 20 1
798
1 38 1
799
