300 233 465 20
9 12 22 5 27 16 23 12 27 2 18 7 4 1 10 23 20 19 9 30 20 13 21 29 12 15 27 4 7 14 23 13 27 30 4 27 30 3 23 10 29 15 21 9 5 12 30 7 23 10 20 27 28 11 22 12 5 6 25 5 2 1 4 10 16 3 9 17 3 7 16 10 18 16 25 30 11 28 28 26 19 16 11 16 1 1 14 8 28 29 22 8 12 18 16 6 12 30 1 5 7 28 14 4 21 30 30 14 13 5 12 10 7 7 1 5 26 13 14 21 24 6 2 27 19 25 29 22 7 17 25 1 2 27 26 18 1 9 23 20 24 26 7 7 21 10 10 10 13 4 28 8 5 1 1 1 26 4 4 8 25 5 3 13 25 17 29 13 20 19 30 21 18 19 9 20 20 11 30 1 21 27 17 14 27 22 25 19 29 7 4 3 20 15 2 21 16 16 4 20 24 21 16 20 12 23 12 20 25 1 6 10 9 23 14 6 8 7 20 8 3 22 28 25 6 2 5 26 26 26 27 11 22 12 15 20 16 13 28 2 6 7 21 26 30 2 18 25 10 3 25 11 17 29 6 12 4 12 14 29 18 7 15 29 10 7 28 30 9 29 26 24 2 29 18 4 16 8 5 9 14 4 4 22 10 8 6 19 22 9 26 21 13 30 23 9 3 24 3 22
4 3 27 6 24 7 10 7 5 20 20 11 16 4 21 7 4 23 9 11 6 28 4 3 19 11 22 13 18 28 11 17 3 14 25 9 23 13 24 3 2 14 28 13 30 6 15 2 15 13 23 26 17 26 13 7 27 12 1 2 10 4 24 8 24 30 26 20 4 9 9 4 4 2 25 30 17 9 8 21 16 19 17 23 13 17 11 21 23 7 22 28 8 20 25 22 2 29 21 24 5 4 28 7 11 17 9 10 10 26 28 19 23 29 29 21 23 24 30 6 29 1 3 23 20 18 3 12 13 10 8 17 14 19 2 11 26 1 6 10 22 21 16 5 19 23 16 1 11 8 27 1 3 23 20 15 12 13 3 4 7 27 14 4 4 27 10 4 17 1 4 12 10 27 1 29 23 30 20 17 19 26 9 30 27 13 17 20 17 30 17 10 10 27 25 5 21 4 19 8 23 14 11 30 14 16 23 26 28 28 27 5 4 20 20 24 10 4 14 20 14 19 7 21 5 15 6 11 30 25 21 28 8 25 8 6 19 10 24 27 22 21 16 7 26 30 14 23 24 26 26 12 4 28 4 30 22 11 10 3 23 17 5 9 19 16 12 25 30 1 30 13 9 23 22 30 6 19 23 22 23 11 6 30 14 18 16 15 13 26 11 21 2 30 13 12 24 22 15 15
0 2 1
190
0 15 1
219
0 18 4
12 86 252 232
0 19 4
161 211 194 230
0 6 2
143 10
0 14 2
254 50
0 2 4
11 120 128 114
0 4 1
276
0 14 1
110
0 9 1
91
1 1 3
29 263 224
0 19 2
129 135
0 5 3
183 250 38
0 5 1
246
0 19 4
187 26 46 17
0 1 3
60 180 248
0 12 2
192 196
1 15 3
31 53 77
0 6 3
265 9 241
0 19 1
117
0 2 1
197
0 17 2
111 243
0 2 2
149 247
0 2 3
145 3 207
0 1 2
205 0
0 8 2
52 88
0 13 2
21 96
0 7 1
109
0 15 2
200 150
0 11 2
1 290
0 12 1
67
0 5 2
34 282
0 16 1
286
0 6 1
75
0 8 2
63 208
0 18 2
15 126
0 6 1
193
0 13 1
144
0 5 3
61 18 204
1 16 4
41 139 249 85
0 12 2
167 256
0 11 1
154
0 14 1
273
0 14 2
269 40
1 15 2
222 116
1 14 3
209 274 153
0 15 3
140 122 102
0 12 2
234 130
0 10 1
185
0 7 3
225 272 260
0 3 1
278
0 6 3
206 298 295
0 14 1
80
0 4 2
199 13
1 9 3
30 105 152
0 13 1
284
0 11 2
44 293
0 7 2
181 127
0 14 2
24 216
0 5 1
33
0 20 2
79 212
0 8 1
28
1 25 1
2
1 25 1
4
1 14 1
5
1 24 1
6
1 25 1
7
1 18 1
8
1 33 1
14
1 27 1
16
1 25 1
19
1 10 1
20
1 31 1
22
2 11 1
23
1 19 1
25
1 18 1
27
1 10 1
32
3 21 1
35
1 13 1
36
2 27 1
37
2 28 1
39
1 39 1
42
1 21 2
43 299
1 30 1
45
2 30 1
47
1 18 1
48
1 31 1
49
2 23 1
51
2 23 1
54
1 27 1
55
1 21 1
56
2 29 1
57
1 13 1
58
2 20 1
59
1 21 1
62
2 16 1
64
1 17 1
65
1 23 1
66
1 20 1
68
1 22 1
69
1 9 1
70
2 19 2
71 268
1 23 1
72
2 18 1
73
3 25 1
74
1 25 1
76
1 29 1
78
2 19 1
81
1 21 1
82
1 20 1
83
2 19 1
84
1 24 1
87
1 18 1
89
1 20 1
90
2 24 1
92
1 29 1
93
2 19 1
94
1 33 1
95
1 27 1
97
1 32 1
98
1 26 1
99
1 19 1
100
1 28 1
101
1 3 1
103
1 23 2
104 214
2 17 1
106
1 10 1
107
1 19 1
108
1 17 1
112
2 27 1
113
1 18 1
115
1 18 1
118
1 27 1
119
1 20 1
121
1 14 1
123
1 32 1
124
1 21 1
125
1 29 1
131
1 24 1
132
2 26 1
133
2 16 1
134
1 27 1
136
1 17 1
137
3 31 1
138
1 22 1
141
1 31 1
142
1 16 1
146
1 29 1
147
1 26 1
148
2 12 1
151
3 18 1
155
1 39 1
156
2 18 1
157
2 9 1
158
1 20 1
159
1 21 1
160
1 23 2
162 242
1 27 1
163
1 28 1
164
1 19 1
165
1 24 1
166
1 20 1
168
2 6 1
169
2 7 1
170
1 19 1
171
1 35 1
172
1 27 1
173
1 33 1
174
2 22 1
175
2 19 1
176
1 16 1
177
2 14 1
178
1 20 1
179
1 16 1
182
2 19 1
184
1 11 1
186
2 8 1
188
1 13 1
189
1 27 1
191
2 25 1
195
2 17 1
198
1 5 1
201
1 25 1
202
2 29 1
203
1 6 1
210
2 29 1
213
1 9 1
215
2 15 1
217
1 20 1
218
1 19 1
220
1 29 1
221
2 12 1
223
1 21 1
226
1 23 1
227
1 22 1
228
1 20 1
229
1 16 1
231
1 22 1
233
1 13 1
235
1 38 1
236
1 10 1
237
2 13 1
238
2 26 1
239
2 18 2
240 279
2 24 1
244
2 28 1
245
2 23 1
251
1 21 1
253
2 17 1
255
1 29 1
257
2 17 1
258
1 19 1
259
1 16 1
261
1 7 1
262
1 25 1
264
1 28 1
266
1 16 1
267
2 21 1
270
2 17 1
271
1 22 1
275
1 18 1
277
1 20 1
280
1 35 1
281
1 28 1
283
1 28 1
285
1 21 1
287
2 18 1
288
2 29 1
289
1 28 1
291
1 25 1
292
1 35 1
294
2 28 1
296
1 21 1
297
