700 166 1085 20
34 40 12 38 30 38 39 11 15 35 21 33 22 35 40 18 15 19 29 30 39 31 27 38 33 22 20 23 17 21 40 22 40 27 13 40 40 38 13 24 32 20 19 31 29 13 28 13 13 26 13 28 23 29 21 34 16 17 31 20 25 27 32 36 40 16 31 37 40 34 38 37 20 23 33 20 21 22 12 29 16 40 32 20 18 20 21 38 20 27 30 30 14 16 31 30 31 39 13 30 23 33 25 20 11 11 34 18 22 36 40 18 33 25 25 32 27 37 14 11 20 16 24 26 39 34 13 19 39 35 14 36 33 28 30 37 25 16 40 25 16 38 37 26 18 35 39 19 21 27 24 35 23 30 17 39 23 29 12 30 29 33 12 12 22 20 30 19 18 36 20 18 27 35 22 34 34 12 26 11 36 24 31 37 37 29 16 14 28 11 32 12 19 30 39 16 14 33 32 27 33 37 19 32 11 11 32 25 33 14 24 29 37 18 24 30 23 31 17 32 40 29 39 37 27 23 28 38 30 11 13 37 35 19 15 28 38 30 24 32 12 29 16 34 39 25 33 32 21 37 17 20 27 23 29 29 19 14 37 37 17 31 18 16 14 24 18 39 24 26 33 23 27 20 13 24 13 28 36 25 23 13 18 15 37 24 33 14 33 35 22 30 18 25 17 27 13 15 20 11 31 18 15 38 18 26 35 31 30 39 21 19 35 23 17 21 21 28 23 29 39 22 31 40 15 25 20 21 23 26 18 19 16 18 39 14 26 36 15 16 22 12 16 31 37 14 22 35 27 13 31 17 36 14 34 17 11 22 30 27 20 18 17 21 12 13 40 36 32 25 28 14 33 13 13 17 11 19 23 27 33 35 30 38 21 30 21 11 35 11 25 39 20 19 26 22 34 38 38 28 31 24 18 17 37 27 11 14 13 33 30 30 17 23 24 30 12 18 20 21 14 36 34 31 25 31 28 17 40 23 35 25 29 35 17 35 17 25 24 14 38 38 38 33 25 12 20 11 19 22 29 36 37 21 33 33 40 30 29 21 38 28 35 23 12 26 32 11 34 39 15 35 38 26 27 33 38 16 17 17 12 22 12 13 19 28 11 14 23 22 13 13 37 22 39 32 13 30 26 26 16 28 22 36 35 15 14 32 22 40 22 25 15 22 40 39 16 32 40 36 39 33 11 34 18 29 16 23 33 40 40 36 23 27 20 13 25 40 23 15 17 36 16 32 22 26 14 29 35 18 21 27 15 11 30 28 13 37 24 20 39 21 25 32 30 38 19 30 13 40 20 16 14 35 25 29 17 23 27 35 24 34 22 32 13 25 33 22 38 28 37 12 38 19 15 24 28 14 16 20 20 20 33 11 38 35 32 18 31 14 35 12 26 37 19 35 23 29 26 27 26 33 27 15 14 12 18 32 37 34 17 25 24 31 20 14 26 37 37 28 32 39 23 31 14 11 19 14 12 32 12 31 19 19 22 26 15 24 33 17 29 27 23 18 38 37 11 20 28 26 20 13 17 39 18 11 36 34 34 18 22 21 33 26 22 40 12 37 30 39 39 21 26 14 16 25 27 24 13 33
24 30 2 28 20 28 29 1 5 25 11 23 12 25 30 8 5 9 19 20 29 21 17 28 23 12 10 13 7 11 30 12 30 17 3 30 30 28 3 14 22 10 9 21 19 3 18 3 3 16 3 18 13 19 11 24 6 7 21 10 15 17 22 26 30 6 21 27 30 24 28 27 10 13 23 10 11 12 2 19 6 30 22 10 8 10 11 28 10 17 20 20 4 6 21 20 21 29 3 20 13 23 15 10 1 1 24 8 12 26 30 8 23 15 15 22 17 27 4 1 10 6 14 16 29 24 3 9 29 25 4 26 23 18 20 27 15 6 30 15 6 28 27 16 8 25 29 9 11 17 14 25 13 20 7 29 13 19 2 20 19 23 2 2 12 10 20 9 8 26 10 8 17 25 12 24 24 2 16 1 26 14 21 27 27 19 6 4 18 1 22 2 9 20 29 6 4 23 22 17 23 27 9 22 1 1 22 15 23 4 14 19 27 8 14 20 13 21 7 22 30 19 29 27 17 13 18 28 20 1 3 27 25 9 5 18 28 20 14 22 2 19 6 24 29 15 23 22 11 27 7 10 17 13 19 19 9 4 27 27 7 21 8 6 4 14 8 29 14 16 23 13 17 10 3 14 3 18 26 15 13 3 8 5 27 14 23 4 23 25 12 20 8 15 7 17 3 5 10 1 21 8 5 28 8 16 25 21 20 29 11 9 25 13 7 11 11 18 13 19 29 12 21 30 5 15 10 11 13 16 8 9 6 8 29 4 16 26 5 6 12 2 6 21 27 4 12 25 17 3 21 7 26 4 24 7 1 12 20 17 10 8 7 11 2 3 30 26 22 15 18 4 23 3 3 7 1 9 13 17 23 25 20 28 11 20 11 1 25 1 15 29 10 9 16 12 24 28 28 18 21 14 8 7 27 17 1 4 3 23 20 20 7 13 14 20 2 8 10 11 4 26 24 21 15 21 18 7 30 13 25 15 19 25 7 25 7 15 14 4 28 28 28 23 15 2 10 1 9 12 19 26 27 11 23 23 30 20 19 11 28 18 25 13 2 16 22 1 24 29 5 25 28 16 17 23 28 6 7 7 2 12 2 3 9 18 1 4 13 12 3 3 27 12 29 22 3 20 16 16 6 18 12 26 25 5 4 22 12 30 12 15 5 12 30 29 6 22 30 26 29 23 1 24 8 19 6 13 23 30 30 26 13 17 10 3 15 30 13 5 7 26 6 22 12 16 4 19 25 8 11 17 5 1 20 18 3 27 14 10 29 11 15 22 20 28 9 20 3 30 10 6 4 25 15 19 7 13 17 25 14 24 12 22 3 15 23 12 28 18 27 2 28 9 5 14 18 4 6 10 10 10 23 1 28 25 22 8 21 4 25 2 16 27 9 25 13 19 16 17 16 23 17 5 4 2 8 22 27 24 7 15 14 21 10 4 16 27 27 18 22 29 13 21 4 1 9 4 2 22 2 21 9 9 12 16 5 14 23 7 19 17 13 8 28 27 1 10 18 16 10 3 7 29 8 1 26 24 24 8 12 11 23 16 12 30 2 27 20 29 29 11 16 4 6 15 17 14 3 23
0 18 23
302 21 507 138 171 134 662 36 304 504 596 632 482 387 628 48 544 494 79 168 448 205 563
0 6 13
423 591 692 115 644 564 381 634 689 203 426 422 160
0 17 21
101 531 390 446 350 126 601 555 607 338 172 72 150 58 480 532 495 404 340 280 406
0 15 27
455 100 654 471 656 696 296 526 492 300 240 651 229 322 535 459 53 372 418 156 343 144 162 94 425 479 430
0 8 5
493 452 611 612 253
0 19 22
572 648 298 23 242 133 435 98 610 410 5 358 600 30 283 121 215 11 679 289 690 371
0 9 26
76 317 483 413 458 584 136 436 182 345 31 660 106 78 128 503 341 86 485 194 519 272 294 281 498 216
0 13 2
523 641
0 18 9
391 373 77 189 499 256 66 677 408
0 13 27
649 357 412 437 699 491 2 9 405 547 214 125 221 552 175 366 10 369 697 409 674 4 257 42 153 99 332
0 7 22
376 415 258 540 60 90 120 231 560 681 666 239 252 466 268 222 606 196 141 665 308 580
0 18 23
250 46 61 347 370 623 571 174 33 244 694 7 311 642 163 178 0 460 234 297 443 386 314
0 8 18
49 228 389 510 129 93 661 249 201 13 64 438 619 344 334 276 388 672
0 18 10
254 83 307 68 290 236 173 655 130 52
0 13 17
200 190 110 267 646 618 431 562 579 183 359 180 226 28 419 377 132
0 14 17
12 489 209 88 474 620 402 449 592 80 548 553 306 63 198 533 26
0 4 17
384 19 185 164 521 414 40 353 645 313 16 140 392 367 515 223 368
0 14 8
147 374 541 321 107 245 38 27
0 1 24
204 56 251 47 87 520 576 490 326 142 657 104 529 454 561 117 407 248 488 647 139 683 464 187
0 14 16
505 260 95 320 170 602 691 434 310 380 586 467 259 549 119 166
0 16 11
678 456 416 292 527 517 241 116 595 273 158
0 3 7
212 420 379 534 148 637 352
0 16 15
152 265 75 81 261 573 363 621 74 497 195 550 335 566 230
0 1 15
35 109 67 514 400 557 462 246 186 567 577 220 232 69 473
0 13 10
18 102 551 37 213 429 271 282 329 188
0 17 5
303 614 676 146 581
0 15 27
151 546 496 360 509 440 330 169 684 131 574 270 537 513 433 339 59 664 501 585 105 525 247 54 331 554 57
0 9 26
453 299 630 73 219 599 274 318 315 355 668 670 62 145 362 179 698 675 45 349 411 295 157 154 91 323
0 14 23
378 626 605 568 643 457 32 293 524 337 543 233 197 578 8 111 556 570 55 472 502 539 96
0 4 16
364 208 650 155 1 671 210 291 469 680 589 640 112 476 264 382
0 3 16
123 465 324 518 312 285 336 477 278 346 255 92 624 522 309 636
0 9 17
530 161 328 70 114 124 41 508 588 590 613 206 583 24 202 316 653
0 2 12
191 441 652 263 325 17 217 542 266 118 399 218
1 35 2
3 199
1 33 1
6
1 19 1
14
1 31 1
15
1 33 1
20
1 21 1
22
1 11 1
25
1 10 1
29
1 18 1
34
1 31 2
39 108
1 4 2
43 478
1 32 1
44
1 16 1
50
1 26 1
51
1 17 1
65
1 6 1
71
1 9 2
82 609
1 35 1
84
1 36 1
85
1 10 1
89
1 23 2
97 342
1 5 2
103 288
1 22 1
113
1 26 2
122 593
1 18 1
127
1 35 1
135
1 21 1
137
1 33 1
143
1 20 1
149
1 23 1
159
1 27 1
165
1 4 2
167 427
1 24 1
176
1 21 1
177
1 31 1
181
1 27 2
184 575
1 27 1
192
1 27 1
193
1 23 1
207
1 12 1
211
1 9 1
224
1 22 1
225
1 10 1
227
1 35 1
235
1 23 2
237 625
1 28 1
238
1 32 1
243
1 17 2
262 582
1 17 2
269 275
1 14 1
277
1 24 1
279
1 33 1
284
1 16 1
286
1 25 2
287 361
1 32 1
301
1 32 1
305
1 32 1
319
1 31 2
327 639
1 16 1
333
1 28 2
348 617
1 27 1
351
1 17 1
354
1 32 1
356
1 33 1
365
1 26 1
375
1 30 1
383
1 32 1
385
1 23 2
393 604
1 14 1
394
1 20 1
395
1 26 1
396
1 29 1
397
1 10 1
398
1 17 1
401
1 25 1
403
1 25 1
417
1 35 1
421
1 22 1
424
1 26 1
428
1 35 1
432
1 21 1
439
1 28 1
442
1 13 1
444
1 31 2
445 687
1 32 1
447
1 26 1
450
1 34 1
451
1 20 1
461
1 27 1
463
1 18 1
468
1 22 1
470
1 36 1
475
1 16 1
481
1 10 1
484
1 11 1
486
1 36 1
487
1 26 1
500
1 15 1
506
1 33 1
511
1 31 1
512
1 24 1
516
1 33 2
528 594
1 13 1
536
1 27 1
538
1 25 1
545
1 27 1
558
1 22 1
559
1 30 1
565
1 32 1
569
1 22 1
587
1 36 1
597
1 20 1
598
1 20 1
603
1 15 1
608
1 32 1
615
1 24 2
616 638
1 17 1
622
1 20 1
627
1 19 2
629 695
1 22 1
631
1 18 1
633
1 21 1
635
1 25 1
658
1 19 1
659
1 30 1
663
1 11 1
667
1 15 1
669
1 23 1
673
1 31 1
682
1 7 1
685
1 29 1
686
1 19 1
688
1 20 1
693
