800 174 1240 18
32 14 31 37 14 34 23 22 36 25 25 33 11 15 15 19 25 20 21 22 21 33 22 17 40 23 17 17 31 20 23 28 27 30 18 14 16 28 23 18 13 37 29 22 27 12 27 27 32 33 26 31 33 22 12 40 23 39 22 32 18 27 38 33 20 31 11 38 25 22 27 14 16 34 22 31 28 40 15 21 31 31 16 15 32 39 28 15 34 17 34 34 15 36 27 17 16 34 28 27 19 31 28 34 15 20 24 31 24 36 40 36 21 23 16 33 38 15 24 20 33 29 36 24 13 38 17 19 17 18 39 16 20 23 19 11 14 32 27 26 24 39 27 24 18 35 13 22 36 29 28 21 20 27 16 23 24 37 39 24 33 38 25 34 11 26 33 27 16 32 25 40 36 19 29 28 11 26 26 11 32 22 22 26 19 32 30 31 18 24 20 39 27 36 24 27 40 29 16 24 16 39 11 21 35 30 16 38 14 19 17 19 14 26 35 24 34 37 21 34 38 14 35 25 36 31 29 29 36 16 19 21 39 18 17 14 18 12 13 24 12 18 16 14 34 19 32 31 34 23 28 22 21 17 31 18 17 35 16 32 18 23 32 13 15 12 28 38 21 36 34 20 32 26 20 19 12 32 13 25 31 28 11 32 31 24 23 34 18 33 35 33 31 39 19 23 19 12 16 36 29 31 23 35 34 19 34 25 31 25 14 26 34 14 32 35 28 35 14 15 27 25 20 26 30 12 29 18 11 24 37 39 27 34 13 29 35 13 36 25 26 27 36 40 27 16 37 33 34 13 40 22 25 19 30 29 16 26 24 30 35 15 35 16 13 17 32 33 40 35 24 24 26 20 18 33 38 33 16 33 13 37 25 26 40 28 27 21 20 26 31 24 36 29 11 37 16 29 31 32 16 13 13 27 24 35 36 25 11 38 24 36 35 28 16 27 33 11 39 34 17 39 21 13 29 18 25 32 24 35 29 13 14 30 29 32 17 12 24 11 12 17 31 12 36 33 27 35 34 35 32 18 12 40 34 18 38 13 14 27 11 37 30 32 38 40 25 19 32 12 35 22 14 32 36 36 32 22 33 31 40 13 15 22 15 37 13 26 35 30 19 20 23 23 32 38 16 12 27 24 23 38 36 40 14 34 12 15 25 18 30 24 22 40 19 27 31 27 15 39 38 17 32 24 13 30 19 33 25 17 22 27 28 13 19 21 17 31 38 39 29 37 37 20 35 25 29 37 17 21 22 12 11 29 27 25 35 19 18 15 14 20 36 18 22 13 13 12 18 33 24 34 11 15 13 39 37 14 37 14 39 12 30 35 16 11 22 34 17 15 30 17 22 23 36 24 35 20 38 16 21 40 25 24 17 20 33 17 35 29 38 36 15 12 19 29 39 26 28 30 36 38 38 19 30 24 31 15 18 40 33 35 17 24 34 38 29 32 34 27 37 38 25 21 20 15 14 38 13 26 15 29 12 25 22 17 23 38 14 24 40 40 40 22 12 23 20 16 36 26 37 11 28 37 18 20 23 26 32 36 23 20 25 18 29 39 20 28 24 16 25 14 33 12 25 13 27 30 26 22 12 25 32 25 24 31 26 28 11 11 14 22 24 20 12 37 28 17 22 12 38 34 28 22 23 13 30 28 27 33 30 33 17 20 13 22 40 38 24 15 17 35 12 25 29 20 18 12 15 22 30 20 30 40 39 30 35 40 39 12 30 12 25 29 24 26 31 39 12 21 24 19 20 23 31 13 23 21 18 17 31 14 39 33 29 27 13 20 17 11 32 36 37 23 21 15 14 23 18 11
22 4 21 27 4 24 13 12 26 15 15 23 1 5 5 9 15 10 11 12 11 23 12 7 30 13 7 7 21 10 13 18 17 20 8 4 6 18 13 8 3 27 19 12 17 2 17 17 22 23 16 21 23 12 2 30 13 29 12 22 8 17 28 23 10 21 1 28 15 12 17 4 6 24 12 21 18 30 5 11 21 21 6 5 22 29 18 5 24 7 24 24 5 26 17 7 6 24 18 17 9 21 18 24 5 10 14 21 14 26 30 26 11 13 6 23 28 5 14 10 23 19 26 14 3 28 7 9 7 8 29 6 10 13 9 1 4 22 17 16 14 29 17 14 8 25 3 12 26 19 18 11 10 17 6 13 14 27 29 14 23 28 15 24 1 16 23 17 6 22 15 30 26 9 19 18 1 16 16 1 22 12 12 16 9 22 20 21 8 14 10 29 17 26 14 17 30 19 6 14 6 29 1 11 25 20 6 28 4 9 7 9 4 16 25 14 24 27 11 24 28 4 25 15 26 21 19 19 26 6 9 11 29 8 7 4 8 2 3 14 2 8 6 4 24 9 22 21 24 13 18 12 11 7 21 8 7 25 6 22 8 13 22 3 5 2 18 28 11 26 24 10 22 16 10 9 2 22 3 15 21 18 1 22 21 14 13 24 8 23 25 23 21 29 9 13 9 2 6 26 19 21 13 25 24 9 24 15 21 15 4 16 24 4 22 25 18 25 4 5 17 15 10 16 20 2 19 8 1 14 27 29 17 24 3 19 25 3 26 15 16 17 26 30 17 6 27 23 24 3 30 12 15 9 20 19 6 16 14 20 25 5 25 6 3 7 22 23 30 25 14 14 16 10 8 23 28 23 6 23 3 27 15 16 30 18 17 11 10 16 21 14 26 19 1 27 6 19 21 22 6 3 3 17 14 25 26 15 1 28 14 26 25 18 6 17 23 1 29 24 7 29 11 3 19 8 15 22 14 25 19 3 4 20 19 22 7 2 14 1 2 7 21 2 26 23 17 25 24 25 22 8 2 30 24 8 28 3 4 17 1 27 20 22 28 30 15 9 22 2 25 12 4 22 26 26 22 12 23 21 30 3 5 12 5 27 3 16 25 20 9 10 13 13 22 28 6 2 17 14 13 28 26 30 4 24 2 5 15 8 20 14 12 30 9 17 21 17 5 29 28 7 22 14 3 20 9 23 15 7 12 17 18 3 9 11 7 21 28 29 19 27 27 10 25 15 19 27 7 11 12 2 1 19 17 15 25 9 8 5 4 10 26 8 12 3 3 2 8 23 14 24 1 5 3 29 27 4 27 4 29 2 20 25 6 1 12 24 7 5 20 7 12 13 26 14 25 10 28 6 11 30 15 14 7 10 23 7 25 19 28 26 5 2 9 19 29 16 18 20 26 28 28 9 20 14 21 5 8 30 23 25 7 14 24 28 19 22 24 17 27 28 15 11 10 5 4 28 3 16 5 19 2 15 12 7 13 28 4 14 30 30 30 12 2 13 10 6 26 16 27 1 18 27 8 10 13 16 22 26 13 10 15 8 19 29 10 18 14 6 15 4 23 2 15 3 17 20 16 12 2 15 22 15 14 21 16 18 1 1 4 12 14 10 2 27 18 7 12 2 28 24 18 12 13 3 20 18 17 23 20 23 7 10 3 12 30 28 14 5 7 25 2 15 19 10 8 2 5 12 20 10 20 30 29 20 25 30 29 2 20 2 15 19 14 16 21 29 2 11 14 9 10 13 21 3 13 11 8 7 21 4 29 23 19 17 3 10 7 1 22 26 27 13 11 5 4 13 8 1
0 8 18
229 275 715 781 256 391 91 451 683 68 379 609 160 552 548 170 455 550
0 13 19
228 636 427 432 474 501 235 202 435 366 97 224 723 509 447 290 655 722 582
0 2 29
754 271 100 600 526 711 167 500 295 199 106 59 578 494 574 551 637 233 601 166 743 56 394 497 490 207 437 76 658
0 15 17
307 470 603 436 348 752 553 585 458 506 656 165 81 131 422 113 783
0 17 3
696 116 73
0 1 29
45 523 662 130 238 731 599 243 152 714 767 486 517 368 406 405 784 190 646 42 676 795 163 704 180 534 709 567 631
0 6 4
345 792 64 118
0 9 8
354 83 572 269 250 729 774 482
0 5 16
591 171 241 342 104 12 54 24 737 659 527 688 219 508 319 485
0 20 21
135 184 115 32 625 433 177 425 695 384 346 420 757 13 452 477 540 265 554 786 89
0 7 4
61 192 633 730
0 17 7
726 217 77 126 251 398 320
0 5 33
65 259 724 536 21 221 663 291 321 402 316 516 313 397 338 748 727 94 283 293 581 30 418 524 372 764 242 108 303 236 563 399 255
0 19 14
355 329 694 209 63 409 612 159 306 5 138 779 298 750
0 18 6
411 701 103 651 333 791
0 6 22
206 532 579 439 562 393 364 376 705 36 288 788 375 568 732 522 634 266 623 798 128 620
0 10 22
627 82 610 598 29 657 525 137 693 602 777 134 314 547 503 299 240 489 350 139 153 194
0 6 18
699 349 544 142 67 69 759 512 325 330 415 172 423 278 248 725 365 53
0 20 9
692 277 789 381 741 385 708 429 621
0 11 24
225 408 92 515 352 127 109 96 182 518 58 751 296 336 653 359 157 587 588 796 766 388 543 344
0 15 19
390 681 521 606 247 728 14 284 149 9 86 261 675 471 614 262 417 576 776
0 8 32
80 644 287 392 556 362 640 558 340 445 434 214 297 560 274 111 545 619 264 121 326 71 267 48 772 339 407 337 155 173 698 328
0 19 22
400 60 638 718 617 566 674 222 442 679 528 312 141 150 787 175 193 686 301 416 734 178
0 1 19
514 507 249 498 382 466 99 145 361 46 140 17 665 476 755 448 15 47 645
0 4 15
347 311 218 467 440 780 254 535 136 35 575 110 768 386 680
0 5 13
144 481 6 487 687 424 450 52 334 75 102 360 289
0 8 22
782 280 252 179 196 387 62 358 480 223 459 628 541 383 286 186 756 647 428 542 33 632
0 6 33
49 34 310 555 472 356 513 189 706 154 673 370 11 426 55 773 473 661 281 341 510 499 746 231 164 282 335 396 244 438 595 488 371
0 5 18
117 431 593 158 112 667 317 689 322 245 38 195 343 413 263 246 188 716
0 7 21
684 300 72 607 302 74 577 270 201 273 185 234 78 227 253 87 210 769 395 85 652
0 2 18
181 629 203 323 147 707 799 502 712 294 16 605 519 660 717 479 765 469
0 19 27
357 496 654 443 215 292 454 670 95 596 183 31 668 735 649 161 733 747 483 710 672 677 590 119 401 530 66
0 17 22
237 22 758 740 504 327 742 449 592 114 785 257 570 456 151 373 635 268 584 101 478 146
0 20 28
462 537 511 204 162 315 492 465 624 187 495 324 564 505 0 26 608 713 107 309 430 37 557 28 20 630 88 641
0 16 12
211 168 198 738 571 739 3 685 57 98 464 125
1 36 1
1
1 34 1
2
1 13 1
4
1 12 1
7
1 11 1
8
1 24 1
10
1 15 1
18
1 13 1
19
1 9 1
23
1 28 1
25
1 25 2
27 549
1 10 1
39
1 29 2
40 790
1 20 1
41
1 15 2
43 276
1 35 2
44 613
1 14 1
50
1 15 1
51
1 23 2
70 546
1 13 1
79
1 21 1
84
1 24 1
90
1 27 4
93 213 304 702
1 26 1
105
1 20 1
120
1 34 1
122
1 22 1
123
1 17 1
124
1 30 1
129
1 35 2
132 616
1 11 2
133 484
1 22 1
143
1 29 1
148
1 4 1
156
1 11 1
169
1 7 1
174
1 28 1
176
1 33 1
191
1 25 1
197
1 28 1
200
1 20 1
205
1 11 2
208 212
1 30 1
216
1 35 1
220
1 18 1
226
1 14 1
230
1 34 1
232
1 26 1
239
1 22 1
258
1 26 2
260 594
1 16 1
272
1 11 1
279
1 7 1
285
1 20 1
305
1 7 1
308
1 19 1
318
1 10 1
331
1 28 1
332
1 11 1
351
1 23 1
353
1 26 1
363
1 14 1
367
1 23 1
369
1 26 1
374
1 37 1
377
1 10 1
378
1 24 1
380
1 28 1
389
1 7 2
403 749
1 12 1
404
1 26 1
410
1 39 1
412
1 22 1
414
1 24 1
419
1 26 1
421
1 25 1
441
1 34 1
444
1 27 2
446 569
1 24 2
453 664
1 24 1
457
1 28 1
460
1 39 1
461
1 28 1
463
1 32 1
468
1 26 1
475
1 29 1
491
1 12 1
493
1 6 1
520
1 12 1
529
1 26 1
531
1 20 1
533
1 27 1
538
1 12 1
539
1 33 1
559
1 24 1
561
1 14 1
565
1 13 1
573
1 28 1
580
1 23 2
583 770
1 39 1
586
1 18 1
589
1 20 1
597
1 37 1
604
1 32 1
611
1 20 1
615
1 14 1
618
1 14 1
622
1 11 1
626
1 23 2
639 761
1 31 1
642
1 28 1
643
1 11 1
648
1 12 1
650
1 11 1
666
1 27 1
669
1 34 1
671
1 12 1
678
1 21 1
682
1 27 1
690
1 28 1
691
1 22 1
697
1 11 1
700
1 24 1
703
1 18 1
719
1 23 1
720
1 37 1
721
1 15 1
736
1 16 1
744
1 19 1
745
1 23 1
753
1 20 1
760
1 22 1
762
1 16 1
763
1 6 1
771
1 11 1
775
1 28 1
778
1 21 1
793
1 6 1
794
1 21 1
797
