500 130 775 10
13 31 37 34 25 38 13 39 37 11 27 39 16 21 40 33 38 25 39 19 39 37 32 25 31 40 37 25 30 24 22 31 11 25 15 33 29 18 22 20 33 25 12 16 32 16 20 20 26 30 32 27 40 36 36 39 21 16 31 27 33 17 31 32 40 37 38 30 29 35 31 33 35 13 35 33 24 15 11 31 36 27 38 14 28 11 38 26 36 40 21 20 16 15 17 36 36 34 14 39 33 12 20 13 16 29 29 37 20 25 29 40 36 23 22 29 26 12 18 23 39 38 29 34 12 27 32 39 19 19 12 16 14 29 39 36 32 19 21 15 39 33 30 26 34 34 31 37 19 35 37 15 24 37 27 11 22 19 18 37 15 32 40 20 23 26 36 25 22 28 30 39 28 30 39 29 39 30 29 18 11 29 21 37 17 28 25 19 24 22 17 19 23 39 20 26 34 12 25 22 38 25 14 33 33 35 19 35 13 12 22 40 20 11 18 20 14 37 14 23 40 18 27 30 35 39 25 38 37 31 36 19 23 25 32 14 26 14 30 33 29 36 33 28 23 12 24 38 37 24 33 34 18 26 30 38 23 28 34 15 29 23 18 35 27 36 29 38 14 26 34 17 35 16 25 33 38 25 32 29 33 36 13 28 19 15 33 20 22 30 15 40 11 14 39 37 39 36 20 30 18 24 31 20 32 16 26 28 20 39 24 21 18 23 16 37 40 31 17 22 39 37 39 39 19 38 24 37 13 24 12 28 17 31 36 29 40 30 16 12 26 19 37 33 37 14 11 12 40 20 27 17 24 12 33 11 27 21 12 18 29 23 23 38 12 24 28 12 29 18 12 11 38 14 22 15 36 17 20 16 36 31 21 27 39 11 40 12 30 13 30 19 32 12 37 36 13 19 28 16 25 30 35 27 36 34 33 26 38 28 37 14 27 26 16 19 32 39 24 35 35 40 38 29 33 15 17 38 36 29 31 13 37 23 30 15 36 19 18 14 23 35 13 40 40 39 21 11 27 32 14 38 14 21 34 34 21 22 28 37 35 39 23 22 24 29 34 36 39 33 28 38 14 31 36 30 27 13 17 11 21 28 35 23 24 40 32 37 20 38 18 20 35 31 37 20 36 13 32 40
3 21 27 24 15 28 3 29 27 1 17 29 6 11 30 23 28 15 29 9 29 27 22 15 21 30 27 15 20 14 12 21 1 15 5 23 19 8 12 10 23 15 2 6 22 6 10 10 16 20 22 17 30 26 26 29 11 6 21 17 23 7 21 22 30 27 28 20 19 25 21 23 25 3 25 23 14 5 1 21 26 17 28 4 18 1 28 16 26 30 11 10 6 5 7 26 26 24 4 29 23 2 10 3 6 19 19 27 10 15 19 30 26 13 12 19 16 2 8 13 29 28 19 24 2 17 22 29 9 9 2 6 4 19 29 26 22 9 11 5 29 23 20 16 24 24 21 27 9 25 27 5 14 27 17 1 12 9 8 27 5 22 30 10 13 16 26 15 12 18 20 29 18 20 29 19 29 20 19 8 1 19 11 27 7 18 15 9 14 12 7 9 13 29 10 16 24 2 15 12 28 15 4 23 23 25 9 25 3 2 12 30 10 1 8 10 4 27 4 13 30 8 17 20 25 29 15 28 27 21 26 9 13 15 22 4 16 4 20 23 19 26 23 18 13 2 14 28 27 14 23 24 8 16 20 28 13 18 24 5 19 13 8 25 17 26 19 28 4 16 24 7 25 6 15 23 28 15 22 19 23 26 3 18 9 5 23 10 12 20 5 30 1 4 29 27 29 26 10 20 8 14 21 10 22 6 16 18 10 29 14 11 8 13 6 27 30 21 7 12 29 27 29 29 9 28 14 27 3 14 2 18 7 21 26 19 30 20 6 2 16 9 27 23 27 4 1 2 30 10 17 7 14 2 23 1 17 11 2 8 19 13 13 28 2 14 18 2 19 8 2 1 28 4 12 5 26 7 10 6 26 21 11 17 29 1 30 2 20 3 20 9 22 2 27 26 3 9 18 6 15 20 25 17 26 24 23 16 28 18 27 4 17 16 6 9 22 29 14 25 25 30 28 19 23 5 7 28 26 19 21 3 27 13 20 5 26 9 8 4 13 25 3 30 30 29 11 1 17 22 4 28 4 11 24 24 11 12 18 27 25 29 13 12 14 19 24 26 29 23 18 28 4 21 26 20 17 3 7 1 11 18 25 13 14 30 22 27 10 28 8 10 25 21 27 10 26 3 22 30
0 14 9
78 482 0 114 154 321 251 189 253
0 10 14
142 186 21 244 428 12 270 434 129 46 217 219 290 32
0 14 22
279 205 194 181 486 449 143 312 391 269 209 324 145 297 288 191 92 473 316 443 120 271
0 11 3
139 16 48
0 18 15
262 86 485 390 71 395 254 396 459 149 283 261 243 67 91
0 9 21
490 73 407 274 38 98 44 93 371 370 284 248 13 403 41 325 252 175 349 95 148
0 12 3
69 394 366
0 4 10
327 241 266 402 356 76 246 17 50 239
0 19 17
233 427 74 113 107 435 467 289 287 440 323 431 359 448 415 64 25
0 9 3
36 334 461
0 10 20
432 300 39 385 22 294 132 235 453 123 27 491 344 89 63 465 52 418 85 130
0 12 8
207 59 28 180 392 451 468 342
0 15 14
439 291 393 108 304 348 208 124 179 319 337 165 57 151
0 20 17
298 90 381 170 426 331 118 137 147 134 352 375 423 455 62 295 94
0 5 8
273 332 488 302 116 350 259 441
0 11 20
203 24 404 210 472 227 377 450 457 2 442 481 5 346 382 162 389 460 412 267
0 8 19
135 326 33 436 306 34 42 10 121 496 263 483 372 54 177 138 268 293 454
0 9 14
99 223 249 276 79 51 23 446 380 341 361 140 19 463
0 14 7
176 236 401 260 37 477 178
0 6 14
97 184 245 383 308 204 53 478 322 216 82 458 364 475
0 17 3
388 317 9
0 5 5
202 133 100 281 347
0 10 16
14 141 315 152 109 206 65 187 495 7 408 215 240 492 101 275
0 7 2
265 115
0 17 8
26 320 70 338 339 201 360 56
0 19 5
285 136 125 40 416
0 13 19
374 494 480 226 60 378 335 131 55 470 333 45 307 220 211 221 111 301 286
0 13 10
167 49 466 30 387 362 61 258 255 173
0 1 19
452 182 122 411 430 193 282 318 400 47 397 6 456 66 410 343 234 409 367
0 14 15
314 355 169 299 437 479 292 214 497 171 405 398 84 369 174
0 14 1
351
0 19 8
155 417 363 278 96 3 296 103
0 9 4
172 422 88 336
0 5 17
445 310 87 166 433 105 161 373 212 160 471 328 231 159 419 311 384
0 11 5
256 464 406 257 237
0 7 2
127 110
0 29 1
1
0 32 2
4 358
0 33 2
8 183
0 10 1
11
0 33 1
15
0 37 1
18
0 28 1
20
0 24 1
29
0 29 2
31 68
0 28 1
35
0 19 1
43
0 33 2
58 200
0 30 1
72
0 5 1
75
0 17 1
77
0 13 1
80
0 29 1
81
0 28 1
83
0 28 1
102
0 34 3
104 188 272
0 21 1
106
0 17 1
112
0 26 1
117
0 39 1
119
0 15 1
126
0 18 2
128 156
0 17 1
144
0 11 2
146 379
0 16 1
150
0 19 1
153
0 30 1
157
0 22 1
158
0 23 1
163
0 15 1
164
0 14 1
168
0 26 1
185
0 25 1
190
0 27 1
192
0 31 1
195
0 23 1
196
0 25 1
197
0 26 1
198
0 19 1
199
0 32 2
213 222
0 11 1
218
0 24 1
224
0 17 1
225
0 29 1
228
0 16 1
229
0 33 1
230
0 30 1
232
0 29 1
238
0 13 1
242
0 19 1
247
0 15 1
250
0 31 1
264
0 21 1
277
0 19 1
280
0 38 1
303
0 13 1
305
0 29 1
309
0 23 1
313
0 20 1
329
0 16 1
330
0 9 1
340
0 27 1
345
0 34 1
353
0 19 1
354
0 37 1
357
0 27 1
365
0 19 1
368
0 27 1
376
0 27 1
386
0 27 1
399
0 14 1
413
0 16 1
414
0 15 1
420
0 16 1
421
0 30 1
424
0 20 1
425
0 23 1
429
0 10 1
438
0 9 1
444
0 32 1
447
0 25 1
462
0 22 1
469
0 23 1
474
0 39 1
476
0 22 1
484
0 21 1
487
0 20 1
489
0 20 1
493
0 25 1
498
0 31 1
499
