700 173 1085 20
35 33 35 20 25 20 32 27 29 36 14 37 17 37 13 29 29 29 25 19 12 22 11 11 38 30 24 35 14 40 39 22 15 22 36 37 27 40 34 19 23 26 33 36 22 26 20 37 23 37 17 33 35 39 14 40 18 14 32 32 19 16 13 14 31 22 30 29 34 13 19 17 24 33 20 22 27 40 25 15 12 34 20 37 35 40 21 24 17 38 13 31 18 24 28 33 22 36 29 31 38 35 39 27 17 29 27 37 11 18 30 28 33 20 37 20 30 16 15 18 30 11 20 20 28 23 33 15 36 23 24 18 18 13 18 21 32 26 30 27 24 39 22 29 13 40 23 35 14 31 33 23 15 14 27 35 20 26 32 25 30 27 24 11 32 40 23 25 18 18 19 20 38 37 12 23 32 19 21 36 30 30 21 37 39 16 40 34 11 27 27 17 16 35 12 16 15 24 22 16 14 38 22 13 22 11 27 16 25 14 29 22 28 31 26 19 23 34 14 40 18 16 11 18 17 26 27 14 34 25 13 39 35 19 30 38 25 30 23 30 30 11 14 38 25 19 13 21 24 27 16 31 14 35 22 17 15 15 17 11 13 12 19 15 20 38 38 26 40 23 11 28 16 40 31 35 38 24 40 27 17 28 25 29 37 32 17 23 23 21 34 33 21 16 31 39 16 24 30 26 14 17 12 18 19 38 38 32 14 33 18 12 21 25 22 23 18 24 11 19 17 18 22 21 13 35 35 38 18 31 19 22 39 36 22 12 28 14 11 37 27 16 24 36 40 40 15 27 28 14 15 26 15 25 28 11 40 30 18 24 40 40 26 22 29 38 31 34 37 29 40 33 40 19 34 38 26 19 16 11 17 40 28 30 31 16 24 25 18 30 20 18 13 12 11 11 26 31 11 14 28 29 34 34 27 19 20 37 16 30 37 33 22 23 21 11 40 36 17 34 12 20 32 32 32 17 33 27 32 40 22 35 38 25 40 28 17 33 38 28 25 15 12 20 21 19 30 18 14 34 36 25 19 24 25 34 27 14 32 11 38 20 33 34 15 38 31 21 38 25 25 29 30 33 25 15 29 16 20 27 37 29 40 30 30 18 25 36 21 28 36 29 37 37 21 23 39 25 40 30 31 12 31 22 13 27 11 31 38 30 29 40 35 21 24 15 39 38 23 20 33 26 36 18 22 23 13 30 29 17 27 23 35 22 13 36 31 24 40 14 17 15 33 22 26 35 33 18 33 31 21 21 12 17 18 19 36 14 25 36 22 14 18 16 15 14 40 25 36 35 36 24 27 11 17 16 21 25 17 22 28 20 19 19 14 19 12 40 23 35 22 14 26 31 32 18 31 33 23 37 12 31 35 28 36 12 14 33 36 28 12 11 39 39 17 11 34 37 33 37 14 12 11 23 35 24 27 16 40 26 26 21 37 16 24 34 38 21 11 11 29 34 14 36 16 17 18 23 40 37 21 19 26 23 39 19 12 39 33 13 40 18 28 31 13 39 36 19 16 14 39 34 12 23 19 29 38 16 19 34 11 22 34 27 30 21 39 13 31 15 19 23 32 36 21 38 28 33 22 23
25 23 25 10 15 10 22 17 19 26 4 27 7 27 3 19 19 19 15 9 2 12 1 1 28 20 14 25 4 30 29 12 5 12 26 27 17 30 24 9 13 16 23 26 12 16 10 27 13 27 7 23 25 29 4 30 8 4 22 22 9 6 3 4 21 12 20 19 24 3 9 7 14 23 10 12 17 30 15 5 2 24 10 27 25 30 11 14 7 28 3 21 8 14 18 23 12 26 19 21 28 25 29 17 7 19 17 27 1 8 20 18 23 10 27 10 20 6 5 8 20 1 10 10 18 13 23 5 26 13 14 8 8 3 8 11 22 16 20 17 14 29 12 19 3 30 13 25 4 21 23 13 5 4 17 25 10 16 22 15 20 17 14 1 22 30 13 15 8 8 9 10 28 27 2 13 22 9 11 26 20 20 11 27 29 6 30 24 1 17 17 7 6 25 2 6 5 14 12 6 4 28 12 3 12 1 17 6 15 4 19 12 18 21 16 9 13 24 4 30 8 6 1 8 7 16 17 4 24 15 3 29 25 9 20 28 15 20 13 20 20 1 4 28 15 9 3 11 14 17 6 21 4 25 12 7 5 5 7 1 3 2 9 5 10 28 28 16 30 13 1 18 6 30 21 25 28 14 30 17 7 18 15 19 27 22 7 13 13 11 24 23 11 6 21 29 6 14 20 16 4 7 2 8 9 28 28 22 4 23 8 2 11 15 12 13 8 14 1 9 7 8 12 11 3 25 25 28 8 21 9 12 29 26 12 2 18 4 1 27 17 6 14 26 30 30 5 17 18 4 5 16 5 15 18 1 30 20 8 14 30 30 16 12 19 28 21 24 27 19 30 23 30 9 24 28 16 9 6 1 7 30 18 20 21 6 14 15 8 20 10 8 3 2 1 1 16 21 1 4 18 19 24 24 17 9 10 27 6 20 27 23 12 13 11 1 30 26 7 24 2 10 22 22 22 7 23 17 22 30 12 25 28 15 30 18 7 23 28 18 15 5 2 10 11 9 20 8 4 24 26 15 9 14 15 24 17 4 22 1 28 10 23 24 5 28 21 11 28 15 15 19 20 23 15 5 19 6 10 17 27 19 30 20 20 8 15 26 11 18 26 19 27 27 11 13 29 15 30 20 21 2 21 12 3 17 1 21 28 20 19 30 25 11 14 5 29 28 13 10 23 16 26 8 12 13 3 20 19 7 17 13 25 12 3 26 21 14 30 4 7 5 23 12 16 25 23 8 23 21 11 11 2 7 8 9 26 4 15 26 12 4 8 6 5 4 30 15 26 25 26 14 17 1 7 6 11 15 7 12 18 10 9 9 4 9 2 30 13 25 12 4 16 21 22 8 21 23 13 27 2 21 25 18 26 2 4 23 26 18 2 1 29 29 7 1 24 27 23 27 4 2 1 13 25 14 17 6 30 16 16 11 27 6 14 24 28 11 1 1 19 24 4 26 6 7 8 13 30 27 11 9 16 13 29 9 2 29 23 3 30 8 18 21 3 29 26 9 6 4 29 24 2 13 9 19 28 6 9 24 1 12 24 17 20 11 29 3 21 5 9 13 22 26 11 28 18 23 12 13
0 10 25
559 255 254 517 147 329 477 269 667 582 320 38 85 316 379 539 182 291 373 485 619 629 545 116 652
0 6 6
24 150 96 109 353 522
0 4 30
252 598 265 410 61 222 90 173 219 596 187 4 341 60 253 562 98 437 699 670 198 113 389 200 359 463 500 459 112 93
0 8 28
686 529 512 56 282 564 158 2 526 169 391 337 58 399 236 569 523 469 492 358 665 617 554 30 413 104 478 326
0 17 8
209 669 516 572 416 132 439 17
0 20 10
527 579 494 81 412 362 395 501 374 164
0 7 9
266 653 118 361 144 666 325 386 690
0 4 22
95 14 231 515 251 39 538 72 65 192 40 380 581 366 426 651 42 292 232 25 433 638
0 1 25
659 499 13 146 407 151 350 330 592 409 541 518 318 372 474 693 119 495 455 242 71 460 418 601 162
0 16 5
149 250 346 664 674
0 19 33
568 89 68 585 70 352 275 311 230 10 508 215 486 355 290 310 595 444 387 228 400 217 398 268 18 9 553 233 302 189 245 680 88
0 19 28
443 205 682 249 451 244 304 647 600 160 370 12 639 365 161 620 175 83 190 226 136 220 129 369 552 580 67 621
0 12 3
191 157 505
0 10 11
204 229 396 560 470 307 156 212 48 247 270
0 18 29
467 50 248 377 27 641 102 37 468 404 103 276 207 185 631 154 176 383 339 321 264 259 41 440 59 556 45 530 15
0 7 24
54 421 294 611 7 241 605 673 613 51 1 34 563 394 640 551 449 531 628 577 69 606 139 547
0 14 16
349 574 435 371 385 388 678 452 668 397 170 558 43 111 97 19
0 6 28
607 511 536 263 106 80 107 332 555 378 375 401 482 227 235 627 110 183 403 587 473 261 238 550 363 504 74 281
0 7 5
348 66 584 535 534
0 9 8
489 239 614 442 632 323 52 663
0 9 23
447 476 368 635 288 576 420 488 319 636 622 134 335 64 384 75 125 53 578 654 696 55 5
0 10 10
624 691 32 87 181 428 267 285 298 422
0 5 13
683 49 608 210 91 44 406 258 692 206 571 645 120
0 4 7
461 8 159 448 179 86 0
0 19 13
121 123 336 487 216 322 658 425 194 143 445 214 297
0 3 6
446 26 540 415 427 177
0 13 7
465 544 694 312 155 262 450
0 12 19
525 520 360 519 130 79 546 483 472 484 456 3 441 356 646 524 630 84 306
0 7 12
657 567 464 271 656 256 436 115 434 279 225 503
0 16 18
240 644 57 178 338 105 180 623 561 280 274 610 29 689 697 351 618 390
0 4 4
498 6 20 537
0 20 13
662 197 328 626 493 201 260 466 612 660 382 135 438
0 18 14
357 575 202 141 126 308 684 633 637 293 284 16 345 405
0 12 11
46 188 195 208 199 634 507 287 327 393 137
0 7 27
676 573 334 414 114 11 340 490 167 273 234 272 543 643 432 430 591 299 257 604 586 174 510 675 289 133 698
0 19 6
309 31 597 286 590 661
1 32 1
21
1 15 1
22
1 20 1
23
1 21 1
28
1 23 2
33 296
1 23 1
35
1 32 1
36
1 10 1
47
1 30 1
62
1 26 1
63
1 5 1
73
1 13 1
76
1 36 1
77
1 16 1
78
1 25 1
82
1 24 1
92
1 29 1
94
1 31 1
99
1 19 1
100
1 24 1
101
1 30 1
108
1 15 1
117
1 26 1
122
1 16 1
124
1 26 1
127
1 31 1
128
1 29 1
131
1 24 1
138
1 32 1
140
1 9 1
142
1 38 1
145
1 10 1
148
1 5 2
152 344
1 14 1
153
1 29 1
163
1 15 1
165
1 11 1
166
1 24 2
168 278
1 23 1
171
1 16 1
172
1 22 1
184
1 24 1
186
1 17 1
193
1 8 1
196
1 24 1
203
1 21 1
211
1 23 1
213
1 29 1
218
1 28 1
221
1 26 1
223
1 31 1
224
1 9 1
237
1 23 2
243 649
1 21 1
246
1 26 1
277
1 18 2
283 566
1 26 1
295
1 16 1
300
1 39 1
301
1 23 2
303 364
1 13 1
305
1 14 1
313
1 27 1
314
1 17 1
315
1 17 1
317
1 8 1
324
1 31 1
331
1 27 1
333
1 24 1
342
1 38 1
343
1 12 1
347
1 31 1
354
1 17 1
367
1 16 1
376
1 33 1
381
1 27 1
392
1 12 1
402
1 10 1
408
1 22 1
411
1 22 2
417 583
1 22 1
419
1 31 1
423
1 25 1
424
1 38 1
429
1 23 1
431
1 11 1
453
1 19 1
454
1 14 1
457
1 29 1
458
1 29 1
462
1 14 1
471
1 26 1
475
1 22 1
479
1 18 1
480
1 22 1
481
1 39 1
491
1 30 1
496
1 32 1
497
1 8 1
502
1 26 1
506
1 26 1
509
1 16 1
513
1 14 1
514
1 20 1
521
1 28 1
528
1 11 1
532
1 24 1
533
1 37 1
542
1 17 1
548
1 24 1
549
1 19 1
557
1 11 1
565
1 23 1
570
1 17 1
588
1 36 1
589
1 17 1
593
1 17 1
594
1 13 1
599
1 17 1
602
1 20 1
603
1 23 1
609
1 8 1
615
1 38 1
616
1 19 1
625
1 24 1
642
1 24 1
648
1 39 1
650
1 13 1
655
1 15 1
671
1 23 1
672
1 11 1
677
1 18 1
679
1 28 1
681
1 30 1
685
1 27 1
687
1 21 1
688
1 19 1
695
