300 101 465 10
36 29 38 26 11 22 33 38 37 18 37 28 12 22 35 22 34 37 18 40 30 32 14 39 24 15 24 39 13 18 30 11 28 20 27 40 16 32 15 34 34 18 17 34 16 25 16 38 26 23 17 18 16 37 22 35 27 23 28 32 32 16 25 37 27 26 13 11 36 25 17 28 31 37 19 23 25 20 25 33 38 35 37 37 14 38 22 39 28 40 23 26 14 14 23 18 33 38 30 36 26 13 23 24 31 38 39 21 30 26 12 33 25 17 26 27 11 12 14 29 18 31 36 39 13 23 37 18 15 22 36 32 33 32 22 24 33 38 16 37 35 18 40 20 18 14 18 39 24 27 35 12 12 30 30 28 26 31 37 18 11 40 33 28 32 35 20 25 20 14 24 37 17 39 25 13 29 28 19 33 37 30 32 37 14 18 25 34 15 16 32 30 23 30 30 31 14 13 33 39 34 34 14 17 21 17 22 33 29 17 30 19 26 21 18 28 23 37 21 24 12 33 31 25 24 33 29 23 20 34 13 21 34 18 31 25 27 29 31 18 38 27 31 29 31 14 29 28 24 37 14 39 23 12 23 24 38 31 36 37 34 34 39 34 22 34 33 17 21 20 39 28 16 13 13 13 40 11 32 20 40 38 24 15 37 20 12 39 11 18 24 33 33 14 39 26 39 28 17 15
26 19 28 16 1 12 23 28 27 8 27 18 2 12 25 12 24 27 8 30 20 22 4 29 14 5 14 29 3 8 20 1 18 10 17 30 6 22 5 24 24 8 7 24 6 15 6 28 16 13 7 8 6 27 12 25 17 13 18 22 22 6 15 27 17 16 3 1 26 15 7 18 21 27 9 13 15 10 15 23 28 25 27 27 4 28 12 29 18 30 13 16 4 4 13 8 23 28 20 26 16 3 13 14 21 28 29 11 20 16 2 23 15 7 16 17 1 2 4 19 8 21 26 29 3 13 27 8 5 12 26 22 23 22 12 14 23 28 6 27 25 8 30 10 8 4 8 29 14 17 25 2 2 20 20 18 16 21 27 8 1 30 23 18 22 25 10 15 10 4 14 27 7 29 15 3 19 18 9 23 27 20 22 27 4 8 15 24 5 6 22 20 13 20 20 21 4 3 23 29 24 24 4 7 11 7 12 23 19 7 20 9 16 11 8 18 13 27 11 14 2 23 21 15 14 23 19 13 10 24 3 11 24 8 21 15 17 19 21 8 28 17 21 19 21 4 19 18 14 27 4 29 13 2 13 14 28 21 26 27 24 24 29 24 12 24 23 7 11 10 29 18 6 3 3 3 30 1 22 10 30 28 14 5 27 10 2 29 1 8 14 23 23 4 29 16 29 18 7 5
0 5 2
17 217
0 11 9
228 42 51 66 24 225 177 36 134
1 15 3
7 39 263
0 15 10
106 69 291 23 0 60 206 297 271 235
0 14 6
4 267 224 110 164 141
0 16 5
195 254 162 125 268
0 19 4
168 229 93 13
0 9 2
284 172
0 17 3
61 101 142
0 18 3
252 191 232
0 8 3
114 6 30
0 13 5
74 147 55 126 196
0 17 5
47 161 159 165 189
0 16 4
160 77 199 129
0 11 4
26 79 11 178
0 1 8
198 207 115 261 99 146 73 12
0 6 5
204 223 31 34 68
0 18 2
120 117
0 20 8
131 293 67 244 242 248 40 158
0 11 9
185 275 279 209 256 190 116 183 151
0 10 12
109 83 50 64 104 130 123 285 86 247 58 227
0 4 5
29 240 103 273 230
0 1 11
38 295 138 170 89 127 274 1 286 128 21
0 18 3
59 175 76
0 2 10
290 197 49 100 57 20 239 62 246 188
0 14 13
124 211 192 213 174 200 118 283 276 81 132 180 15
0 14 3
27 249 210
0 2 2
237 245
0 13 9
238 5 234 45 37 108 9 181 16
0 4 7
136 143 121 135 90 253 222
0 7 3
270 163 154
1 19 3
152 260 102
0 6 14
111 35 208 187 153 10 53 97 226 150 243 288 173 122
0 2 3
105 219 280
0 8 9
214 92 255 281 107 265 71 272 182
0 10 9
84 205 218 98 257 56 167 145 194
0 9 4
266 169 88 87
0 3 2
231 215
0 16 13
19 186 262 148 155 236 95 8 63 54 264 250 258
1 19 1
2
1 31 1
3
1 31 1
14
1 10 1
18
1 14 1
22
1 7 2
25 282
1 14 1
28
1 17 1
32
1 25 1
33
1 24 2
41 157
1 25 1
43
1 21 1
44
1 16 1
46
1 18 1
48
1 37 1
52
1 11 1
65
1 13 1
70
1 38 1
72
1 20 1
75
1 22 1
78
1 12 1
80
1 19 1
82
1 18 2
85 212
1 21 1
91
1 13 1
94
1 21 1
96
1 34 1
112
1 38 1
113
1 19 1
119
1 27 1
133
1 17 1
137
1 30 1
139
1 20 1
140
1 19 1
144
1 19 1
149
1 23 1
156
1 27 1
166
1 12 1
171
1 19 1
176
1 16 1
179
1 32 1
184
1 29 1
193
1 21 1
201
1 21 1
202
1 8 1
203
1 21 1
216
1 5 1
220
1 13 1
221
1 18 1
233
1 18 1
241
1 15 1
251
1 26 1
259
1 4 1
269
1 25 1
277
1 27 1
278
1 7 1
287
1 27 1
289
1 13 1
292
1 24 1
294
1 4 1
296
1 20 1
298
1 22 1
299
