300 101 465 10
13 38 35 34 27 37 17 18 34 30 38 36 37 26 30 25 22 21 22 33 15 39 39 38 24 14 13 12 34 22 21 32 18 30 25 19 20 22 15 18 17 25 39 37 29 38 20 38 28 33 36 34 35 20 30 34 24 27 28 23 36 23 24 34 19 13 38 15 20 17 16 26 18 39 22 35 27 14 31 13 38 13 16 22 27 24 37 28 33 30 24 28 24 30 18 15 22 11 39 17 31 11 37 34 16 15 36 24 27 11 27 36 11 14 19 14 31 13 21 36 13 20 30 27 28 35 18 21 27 17 11 15 12 14 25 17 40 24 34 11 23 26 16 22 31 14 20 14 19 33 29 13 30 27 36 32 39 16 14 18 28 35 36 35 25 15 24 17 16 25 17 11 40 39 12 31 31 35 18 34 18 26 16 17 26 40 15 23 11 40 17 26 12 40 25 29 19 18 11 28 37 21 35 36 25 39 19 23 29 32 24 12 14 40 36 23 19 34 31 11 21 24 17 23 30 18 39 40 11 11 26 26 13 38 16 26 16 33 40 37 15 15 14 27 16 29 38 18 22 26 29 22 12 26 21 22 18 30 19 29 35 30 38 30 37 13 30 37 38 24 37 26 15 40 18 40 21 23 16 21 16 12 15 38 11 20 27 12 27 20 15 27 34 16 32 24 27 34 33 17
3 28 25 24 17 27 7 8 24 20 28 26 27 16 20 15 12 11 12 23 5 29 29 28 14 4 3 2 24 12 11 22 8 20 15 9 10 12 5 8 7 15 29 27 19 28 10 28 18 23 26 24 25 10 20 24 14 17 18 13 26 13 14 24 9 3 28 5 10 7 6 16 8 29 12 25 17 4 21 3 28 3 6 12 17 14 27 18 23 20 14 18 14 20 8 5 12 1 29 7 21 1 27 24 6 5 26 14 17 1 17 26 1 4 9 4 21 3 11 26 3 10 20 17 18 25 8 11 17 7 1 5 2 4 15 7 30 14 24 1 13 16 6 12 21 4 10 4 9 23 19 3 20 17 26 22 29 6 4 8 18 25 26 25 15 5 14 7 6 15 7 1 30 29 2 21 21 25 8 24 8 16 6 7 16 30 5 13 1 30 7 16 2 30 15 19 9 8 1 18 27 11 25 26 15 29 9 13 19 22 14 2 4 30 26 13 9 24 21 1 11 14 7 13 20 8 29 30 1 1 16 16 3 28 6 16 6 23 30 27 5 5 4 17 6 19 28 8 12 16 19 12 2 16 11 12 8 20 9 19 25 20 28 20 27 3 20 27 28 14 27 16 5 30 8 30 11 13 6 11 6 2 5 28 1 10 17 2 17 10 5 17 24 6 22 14 17 24 23 7
0 2 10
114 49 20 229 22 243 85 136 240 294
0 18 4
180 160 105 290
0 4 4
169 253 14 147
0 10 6
279 298 238 184 81 179
0 17 10
143 164 133 233 263 189 101 0 242 278
0 16 9
297 113 241 62 9 26 295 246 182
0 3 12
293 250 228 73 21 285 209 234 38 215 226 194
0 7 3
13 292 220
0 7 8
89 227 218 149 204 104 236 94
0 8 6
39 76 43 275 210 90
0 8 9
47 197 118 237 144 5 83 65 270
0 6 10
255 80 176 123 4 1 37 12 146 31
0 5 7
86 11 247 7 129 34 134
0 2 7
157 224 124 35 239 82 72
0 13 3
97 150 274
0 17 7
111 19 272 135 95 41 152
1 14 3
186 137 271
0 5 10
183 172 71 212 193 59 214 208 110 79
0 1 7
57 173 66 190 10 6 200
0 18 5
216 106 2 142 138
0 3 1
260
0 1 1
192
0 1 10
50 181 203 51 92 107 74 217 291 17
0 9 11
87 163 211 68 141 252 15 77 128 282 244
0 10 13
125 171 151 284 36 139 165 30 100 201 256 283 78
0 15 10
251 131 221 155 268 166 56 23 232 230
0 6 7
162 257 177 269 170 121 45
0 17 6
122 199 196 53 206 93
0 17 2
99 259
0 10 1
258
0 6 1
70
0 14 11
63 98 120 54 156 16 265 28 276 153 286
0 19 5
75 108 213 168 191
0 1 10
132 88 25 33 254 119 46 289 158 29
0 13 3
102 178 202
0 32 1
3
0 6 1
8
0 9 1
18
0 8 1
24
0 22 1
27
0 32 1
32
0 18 1
40
0 16 1
42
0 10 1
44
0 16 1
48
0 19 1
52
0 27 1
55
0 25 1
58
0 15 1
60
0 12 1
61
0 18 1
64
0 8 1
67
0 18 1
69
0 18 1
84
0 4 1
91
0 24 1
96
0 16 1
103
0 23 1
109
0 14 1
112
0 25 1
115
0 23 1
116
0 3 1
117
0 8 1
126
0 22 1
127
0 13 1
130
0 11 1
140
0 5 1
145
0 14 1
148
0 26 1
154
0 19 2
159 188
0 14 1
161
0 23 1
167
0 23 1
174
0 29 1
175
0 16 1
185
0 7 2
187 231
0 25 1
195
0 11 1
198
0 11 1
205
0 4 1
207
0 20 1
219
0 22 1
222
0 21 1
223
0 26 1
225
0 6 1
235
0 2 1
245
0 14 1
248
0 19 1
249
0 22 1
261
0 14 1
262
0 25 1
264
0 20 1
266
0 9 1
267
0 24 1
273
0 26 1
277
0 12 1
280
0 15 1
281
0 21 1
287
0 23 1
288
0 25 1
296
0 33 1
299
