1000 216 1550 9
12 34 26 34 15 36 37 26 28 30 12 12 15 24 21 20 29 31 23 23 24 26 37 29 17 33 15 14 21 14 21 18 20 13 15 17 17 20 20 37 20 35 27 17 39 19 39 19 29 14 28 18 11 35 23 39 37 14 39 15 14 29 23 37 26 11 19 31 16 15 39 40 11 17 31 28 25 35 29 16 24 11 28 33 36 26 36 36 29 29 15 22 33 11 34 39 38 28 17 39 23 37 16 36 28 17 11 17 26 24 29 19 31 34 32 28 37 13 33 16 28 16 28 11 11 37 13 19 22 22 31 12 32 33 31 29 13 11 31 23 13 32 19 25 19 31 32 22 27 23 20 32 27 11 23 16 38 36 40 15 28 36 22 16 11 15 27 14 39 38 27 15 15 36 36 16 21 13 24 12 37 38 26 33 11 14 29 18 17 18 23 19 12 19 27 26 40 30 13 33 35 35 23 22 16 23 31 12 31 12 21 23 28 30 18 19 18 16 31 17 11 15 12 17 33 15 28 36 14 13 17 39 22 14 19 34 19 35 13 33 14 25 14 28 21 24 15 23 32 32 34 40 28 34 37 38 17 20 37 11 32 31 27 18 14 40 22 39 24 16 23 25 29 12 23 30 22 38 15 14 35 33 26 25 30 39 23 16 29 32 28 23 18 24 23 16 17 29 23 32 16 35 18 32 31 15 33 24 16 24 33 26 25 22 25 37 33 18 35 40 24 32 19 15 35 20 30 23 29 30 30 27 18 40 11 27 16 24 23 29 13 39 30 37 12 22 26 29 18 32 25 29 13 37 39 28 34 25 28 26 32 13 40 34 40 15 33 22 19 14 24 28 13 26 38 12 19 24 17 22 19 25 17 40 40 35 36 15 40 18 16 15 13 23 17 31 20 11 23 32 39 25 26 30 14 28 23 21 36 25 14 24 28 21 29 38 39 22 35 33 20 39 23 20 37 12 11 12 21 15 21 35 34 31 17 14 30 29 11 15 30 34 34 36 21 17 27 34 12 29 24 30 13 25 15 38 21 20 22 14 40 16 40 36 26 26 26 39 14 24 39 16 15 12 13 20 11 11 32 24 31 40 30 39 32 34 23 27 27 24 32 37 21 26 20 21 35 39 33 38 40 24 39 23 15 31 15 25 25 11 15 38 18 26 23 18 39 11 12 21 12 15 38 37 26 17 14 17 26 37 15 21 18 27 12 18 37 22 21 23 40 30 14 29 21 28 19 34 30 29 28 22 32 33 40 13 29 32 15 29 16 20 11 14 16 19 35 35 19 30 27 34 15 19 16 38 22 22 38 14 33 12 39 24 31 15 40 35 14 25 13 13 23 28 12 13 25 20 11 15 37 37 33 25 14 34 27 16 31 23 25 39 21 12 28 18 11 23 35 38 39 40 25 25 28 24 37 39 16 11 20 24 14 32 20 27 38 16 38 33 28 22 11 20 30 26 35 16 26 13 11 21 18 37 19 11 36 31 30 31 22 37 18 38 15 34 22 31 25 18 37 21 31 18 14 28 18 25 33 15 34 19 33 25 32 31 17 12 17 34 35 15 28 34 11 33 12 19 16 17 22 20 38 26 20 36 28 11 39 18 27 38 11 25 29 22 38 15 30 35 32 30 25 13 17 29 21 16 29 38 26 14 12 13 16 22 15 13 38 37 22 18 29 18 38 25 31 12 29 19 15 29 35 35 35 21 30 12 26 11 35 38 35 28 30 34 25 16 32 11 36 14 30 25 21 32 29 11 27 12 27 12 32 24 34 24 28 22 20 17 36 34 14 33 31 20 31 34 24 24 29 21 15 32 23 36 33 31 22 30 31 21 24 39 25 11 22 20 36 32 31 30 32 20 33 26 22 19 12 26 23 22 15 26 37 40 19 17 26 28 19 15 36 22 12 39 36 11 30 20 29 16 19 28 23 27 32 40 20 15 28 33 36 24 34 29 29 31 15 40 29 12 32 32 21 32 32 40 24 15 36 22 27 23 37 35 19 28 28 37 37 21 35 11 22 40 20 16 36 24 32 12 18 25 36 20 20 14 11 30 22 31 23 19 19 29 21 34 15 32 11 37 29 31 33 34 25 33 37 15 28 33 31 27 16 34 28 31 35 19 28 33 37 11 24 40 24 35 12 34 35 15 30 18 18 27 21 38 40 30 27 26 24 39 20 13 32 27 33 39 19 26 17 35 37 17 37 35 25 20 30 37 26 26 29 26 24 37 21 29 20 16 11 32 23 19 40 39 39 34
2 24 16 24 5 26 27 16 18 20 2 2 5 14 11 10 19 21 13 13 14 16 27 19 7 23 5 4 11 4 11 8 10 3 5 7 7 10 10 27 10 25 17 7 29 9 29 9 19 4 18 8 1 25 13 29 27 4 29 5 4 19 13 27 16 1 9 21 6 5 29 30 1 7 21 18 15 25 19 6 14 1 18 23 26 16 26 26 19 19 5 12 23 1 24 29 28 18 7 29 13 27 6 26 18 7 1 7 16 14 19 9 21 24 22 18 27 3 23 6 18 6 18 1 1 27 3 9 12 12 21 2 22 23 21 19 3 1 21 13 3 22 9 15 9 21 22 12 17 13 10 22 17 1 13 6 28 26 30 5 18 26 12 6 1 5 17 4 29 28 17 5 5 26 26 6 11 3 14 2 27 28 16 23 1 4 19 8 7 8 13 9 2 9 17 16 30 20 3 23 25 25 13 12 6 13 21 2 21 2 11 13 18 20 8 9 8 6 21 7 1 5 2 7 23 5 18 26 4 3 7 29 12 4 9 24 9 25 3 23 4 15 4 18 11 14 5 13 22 22 24 30 18 24 27 28 7 10 27 1 22 21 17 8 4 30 12 29 14 6 13 15 19 2 13 20 12 28 5 4 25 23 16 15 20 29 13 6 19 22 18 13 8 14 13 6 7 19 13 22 6 25 8 22 21 5 23 14 6 14 23 16 15 12 15 27 23 8 25 30 14 22 9 5 25 10 20 13 19 20 20 17 8 30 1 17 6 14 13 19 3 29 20 27 2 12 16 19 8 22 15 19 3 27 29 18 24 15 18 16 22 3 30 24 30 5 23 12 9 4 14 18 3 16 28 2 9 14 7 12 9 15 7 30 30 25 26 5 30 8 6 5 3 13 7 21 10 1 13 22 29 15 16 20 4 18 13 11 26 15 4 14 18 11 19 28 29 12 25 23 10 29 13 10 27 2 1 2 11 5 11 25 24 21 7 4 20 19 1 5 20 24 24 26 11 7 17 24 2 19 14 20 3 15 5 28 11 10 12 4 30 6 30 26 16 16 16 29 4 14 29 6 5 2 3 10 1 1 22 14 21 30 20 29 22 24 13 17 17 14 22 27 11 16 10 11 25 29 23 28 30 14 29 13 5 21 5 15 15 1 5 28 8 16 13 8 29 1 2 11 2 5 28 27 16 7 4 7 16 27 5 11 8 17 2 8 27 12 11 13 30 20 4 19 11 18 9 24 20 19 18 12 22 23 30 3 19 22 5 19 6 10 1 4 6 9 25 25 9 20 17 24 5 9 6 28 12 12 28 4 23 2 29 14 21 5 30 25 4 15 3 3 13 18 2 3 15 10 1 5 27 27 23 15 4 24 17 6 21 13 15 29 11 2 18 8 1 13 25 28 29 30 15 15 18 14 27 29 6 1 10 14 4 22 10 17 28 6 28 23 18 12 1 10 20 16 25 6 16 3 1 11 8 27 9 1 26 21 20 21 12 27 8 28 5 24 12 21 15 8 27 11 21 8 4 18 8 15 23 5 24 9 23 15 22 21 7 2 7 24 25 5 18 24 1 23 2 9 6 7 12 10 28 16 10 26 18 1 29 8 17 28 1 15 19 12 28 5 20 25 22 20 15 3 7 19 11 6 19 28 16 4 2 3 6 12 5 3 28 27 12 8 19 8 28 15 21 2 19 9 5 19 25 25 25 11 20 2 16 1 25 28 25 18 20 24 15 6 22 1 26 4 20 15 11 22 19 1 17 2 17 2 22 14 24 14 18 12 10 7 26 24 4 23 21 10 21 24 14 14 19 11 5 22 13 26 23 21 12 20 21 11 14 29 15 1 12 10 26 22 21 20 22 10 23 16 12 9 2 16 13 12 5 16 27 30 9 7 16 18 9 5 26 12 2 29 26 1 20 10 19 6 9 18 13 17 22 30 10 5 18 23 26 14 24 19 19 21 5 30 19 2 22 22 11 22 22 30 14 5 26 12 17 13 27 25 9 18 18 27 27 11 25 1 12 30 10 6 26 14 22 2 8 15 26 10 10 4 1 20 12 21 13 9 9 19 11 24 5 22 1 27 19 21 23 24 15 23 27 5 18 23 21 17 6 24 18 21 25 9 18 23 27 1 14 30 14 25 2 24 25 5 20 8 8 17 11 28 30 20 17 16 14 29 10 3 22 17 23 29 9 16 7 25 27 7 27 25 15 10 20 27 16 16 19 16 14 27 11 19 10 6 1 22 13 9 30 29 29 24
0 17 9
834 213 397 67 865 84 214 802 639
0 12 28
441 433 77 795 694 170 337 686 83 362 782 643 314 974 90 483 744 175 216 631 374 668 393 24 718 89 368 268
0 2 16
12 297 35 48 426 122 969 663 363 309 618 752 667 173 310 448
0 18 21
580 92 989 864 360 69 554 815 323 955 168 692 498 18 614 909 783 573 13 208 708
0 5 32
920 474 885 319 30 127 358 16 589 821 762 226 824 895 63 691 273 601 99 302 11 595 345 777 522 679 685 768 728 6 401 661
0 14 18
684 457 496 518 966 521 125 873 693 767 953 332 102 335 683 799 879 608
0 8 11
936 285 781 572 195 78 304 1 288 237 525
0 5 4
27 902 514 723
0 9 33
578 513 259 144 435 822 635 186 192 778 896 757 487 223 135 58 136 750 855 910 146 751 164 755 94 615 854 906 863 803 197 722 32
0 7 30
70 240 704 265 120 736 829 583 621 269 840 602 469 458 891 502 464 359 481 455 532 739 528 330 832 658 76 296 465 347
0 19 34
986 326 926 403 198 983 352 847 204 500 300 669 930 17 613 169 328 439 931 671 569 230 305 450 353 647 274 415 222 789 110 91 939 379
0 4 13
452 184 141 975 424 687 292 540 743 842 79 445 607
0 19 5
73 770 610 617 101
0 12 31
566 870 742 901 61 261 715 871 673 947 908 205 459 612 925 367 145 884 275 460 548 249 482 510 15 702 581 543 577 429 624
0 8 8
790 476 620 371 725 318 438 224
0 19 6
501 115 308 293 531 869
0 2 31
890 653 756 107 932 74 81 527 162 591 539 964 242 991 178 349 57 676 306 191 271 421 364 494 575 307 176 646 202 709 794
0 3 7
132 570 410 220 786 377 903
0 4 34
14 286 278 243 641 967 650 199 291 826 284 398 992 856 155 695 748 351 823 55 447 916 550 700 451 965 530 958 699 165 407 301 785 814
0 6 13
520 880 735 841 51 915 860 193 878 140 881 724 972
0 9 26
39 945 333 629 98 747 807 820 816 616 8 417 537 355 924 754 759 418 72 194 23 927 741 793 839 232
0 14 19
997 819 985 710 383 150 250 787 555 929 544 147 904 121 835 961 938 852 534
0 15 41
949 632 625 515 627 644 49 812 46 495 567 26 948 720 954 408 512 20 96 386 769 221 737 645 428 599 981 606 343 82 738 431 334 825 619 721 511 370 361 922 0
0 20 32
705 535 436 40 434 849 773 592 859 489 294 442 919 942 100 707 25 563 626 907 471 203 956 217 689 272 466 473 160 848 582 131
0 12 3
93 180 356
0 9 43
188 559 746 36 47 740 206 181 980 764 123 604 42 190 130 159 257 109 774 419 316 38 411 128 893 375 86 882 556 588 338 701 558 682 395 446 594 648 541 331 638 373 941
0 13 24
571 387 400 858 154 158 295 97 56 628 479 430 312 833 124 388 350 251 649 868 657 526 209 41
0 7 24
779 853 996 449 585 236 327 414 241 52 179 579 392 937 280 50 281 784 112 960 239 357 872 172
0 1 20
321 126 598 519 596 138 497 850 507 156 437 64 551 796 477 861 993 218 897 990
0 10 19
576 593 499 478 247 369 325 270 664 394 963 315 340 766 376 346 486 413 857
0 10 17
260 560 917 776 503 688 365 547 603 586 698 108 402 336 118 674 149
0 20 34
851 951 562 212 843 256 564 509 976 163 984 838 119 772 730 971 139 524 538 354 444 21 129 114 533 348 898 968 946 324 775 287 913 167
0 6 17
952 54 391 485 143 5 933 690 888 681 65 590 806 506 258 45 277
0 5 11
105 959 999 655 883 467 696 517 183 703 470
0 7 14
246 587 810 665 219 553 422 7 845 290 166 95 339 113
0 11 3
3 10 231
0 10 34
636 9 71 276 549 137 923 238 805 229 950 600 656 253 492 798 899 666 329 490 651 659 943 508 37 874 546 384 104 4 712 934 605 404
0 13 22
342 672 60 529 889 760 142 299 900 33 818 228 491 475 733 210 940 189 279 973 914 817
0 13 8
454 201 390 480 68 713 267 472
0 16 5
808 813 2 171 372
1 40 3
19 597 731
1 26 1
22
1 15 1
28
1 14 1
29
1 24 1
31
1 33 1
34
1 13 2
43 800
1 29 1
44
1 26 1
53
1 37 1
59
1 18 1
62
1 12 1
66
1 26 1
75
1 19 1
80
1 34 1
85
1 20 1
87
1 36 1
88
1 28 1
103
1 13 1
106
1 24 1
111
1 20 1
116
1 33 1
117
1 19 1
133
1 32 1
134
1 13 1
148
1 7 1
151
1 26 2
152 382
1 18 2
153 622
1 20 1
157
1 15 1
161
1 28 2
174 867
1 29 1
177
1 19 1
182
1 39 1
185
1 14 1
187
1 22 2
196 640
1 12 1
200
1 20 1
207
1 31 1
211
1 11 2
215 677
1 20 2
225 944
1 21 1
227
1 22 1
233
1 32 1
234
1 11 2
235 678
1 25 2
244 406
1 19 1
245
1 17 1
248
1 11 1
252
1 32 1
254
1 25 1
255
1 13 2
262 282
1 26 1
263
1 18 1
264
1 12 2
266 670
1 23 1
283
1 6 1
289
1 22 1
298
1 34 1
303
1 17 1
311
1 10 2
313 875
1 27 1
317
1 15 1
320
1 22 1
322
1 10 1
341
1 21 1
344
1 14 1
366
1 18 1
378
1 25 2
380 831
1 26 1
381
1 14 2
385 432
1 16 1
389
1 7 1
396
1 29 1
399
1 12 1
405
1 38 1
409
1 24 1
412
1 17 1
416
1 10 1
420
1 23 1
423
1 15 1
425
1 22 1
427
1 13 1
440
1 11 1
443
1 17 1
453
1 7 2
456 935
1 24 1
461
1 35 1
462
1 14 1
463
1 3 1
468
1 19 1
484
1 13 1
488
1 26 1
493
1 11 1
504
1 9 1
505
1 19 1
516
1 29 1
523
1 30 1
536
1 19 1
542
1 15 1
545
1 21 1
552
1 21 2
557 918
1 23 1
561
1 27 3
565 637 719
1 32 1
568
1 21 1
574
1 25 2
584 911
1 29 2
609 734
1 19 1
611
1 14 1
623
1 35 1
630
1 18 1
633
1 36 1
634
1 22 2
642 697
1 27 1
652
1 23 1
654
1 30 1
660
1 19 1
662
1 20 1
675
1 20 1
680
1 7 1
706
1 21 1
711
1 9 1
714
1 28 1
716
1 7 1
717
1 21 1
726
1 29 1
727
1 12 1
729
1 25 1
732
1 12 1
745
1 20 1
749
1 20 1
753
1 23 1
758
1 14 2
761 837
1 5 1
763
1 9 1
765
1 11 1
771
1 12 1
780
1 37 1
788
1 23 1
791
1 22 1
792
1 17 1
797
1 26 1
801
1 25 1
804
1 26 1
809
1 20 1
811
1 34 1
827
1 20 1
828
1 19 1
830
1 35 1
836
1 14 1
844
1 16 1
846
1 22 1
862
1 12 1
866
1 10 1
876
1 28 1
877
1 15 1
886
1 8 1
887
1 16 1
892
1 32 1
894
1 19 1
905
1 13 1
912
1 18 1
921
1 9 1
928
1 19 1
957
1 29 1
962
1 25 1
970
1 17 1
977
1 28 1
978
1 27 1
979
1 27 1
982
1 15 1
987
1 18 1
988
1 19 1
994
1 6 1
995
1 10 1
998
