800 176 1240 9
19 32 23 15 15 11 19 15 32 35 16 20 15 31 14 38 16 31 37 39 11 20 32 31 26 37 27 31 36 39 21 18 16 31 14 31 26 19 35 19 17 16 19 30 27 34 19 14 32 35 33 35 17 15 32 21 26 29 26 34 35 30 28 37 24 37 37 35 36 34 36 36 29 16 19 32 23 25 24 21 16 13 38 31 40 38 32 23 28 27 14 20 31 22 31 22 31 28 40 30 28 35 25 40 17 32 16 34 15 20 23 20 27 17 39 19 37 18 22 12 16 38 31 24 24 39 34 20 32 31 40 18 37 20 30 15 33 13 27 39 40 29 29 37 20 11 20 35 19 32 13 24 21 19 12 37 37 22 26 27 31 39 17 34 29 33 19 40 11 27 25 33 27 20 20 19 11 37 26 15 14 16 25 11 31 32 39 11 29 17 14 12 24 28 14 15 24 30 30 37 25 34 13 12 40 35 40 12 11 26 34 21 13 30 35 33 12 33 39 23 35 16 36 18 17 25 40 19 25 24 38 13 20 29 21 20 32 20 24 18 30 18 12 32 40 17 38 11 33 39 36 23 36 39 15 22 29 15 19 21 31 39 38 36 21 26 35 34 28 17 26 29 22 11 36 19 38 15 32 36 21 16 27 39 19 14 35 25 11 11 32 36 12 25 11 14 13 16 35 22 14 12 39 25 33 27 17 27 26 39 29 24 26 36 17 38 13 35 33 33 19 14 17 17 32 21 25 39 12 35 39 32 20 12 32 25 32 33 15 28 29 40 12 13 31 18 17 15 39 21 36 29 36 33 31 35 15 31 25 30 29 34 29 12 17 40 32 17 31 34 30 38 28 23 17 38 16 29 38 34 24 22 23 19 38 26 34 30 19 33 29 31 33 35 18 36 32 30 27 26 19 35 28 33 33 16 16 20 11 30 28 33 20 39 22 31 37 29 36 32 11 33 20 26 33 33 37 11 40 24 29 21 20 33 31 25 27 35 39 20 37 32 32 34 19 14 21 20 30 38 34 24 35 21 23 30 13 31 31 31 39 37 34 19 24 20 34 13 19 31 30 32 15 28 36 37 17 34 23 39 37 35 40 32 40 27 36 29 13 13 19 25 25 28 14 19 29 28 14 38 17 14 32 39 32 25 15 17 33 19 31 38 27 23 25 24 19 11 38 19 13 39 34 19 13 17 26 20 13 40 22 26 37 26 26 11 21 34 18 31 21 35 26 37 16 20 13 19 36 21 14 31 40 19 34 19 16 21 39 11 38 29 26 38 33 40 11 29 17 35 12 29 32 28 32 23 12 39 36 23 36 14 11 11 32 20 38 27 29 22 29 27 24 38 40 21 12 16 19 28 26 30 11 22 38 33 38 15 19 15 26 14 30 33 39 12 17 19 19 11 28 17 31 31 21 20 24 40 17 23 14 19 33 17 25 29 28 36 15 19 25 24 32 36 21 25 36 24 33 40 40 15 16 39 24 12 29 29 35 20 35 35 14 33 13 14 37 33 17 33 29 28 23 26 13 24 39 19 23 19 31 36 23 40 38 34 20 34 28 18 25 24 25 15 30 11 31 29 40 40 12 32 24 14 29 12 19 25 37 20 37 17 11 24 31 15 17 19 30 19 21 37 34 26 22 18 35 18 13 32 39 31 35 23 40 16 19 16 11 27 40 13 11 12 33 24 24 21 37 12 24 35 36 20 37 24 29 38 14 22 17 24 21 19 34 26 31 37 29 25 28 22 36 38 40 26 13 20 40 12 39 36 34 20 31 21 29 26 24 26 31 23 21 17 38 32 32 12 35 30
9 22 13 5 5 1 9 5 22 25 6 10 5 21 4 28 6 21 27 29 1 10 22 21 16 27 17 21 26 29 11 8 6 21 4 21 16 9 25 9 7 6 9 20 17 24 9 4 22 25 23 25 7 5 22 11 16 19 16 24 25 20 18 27 14 27 27 25 26 24 26 26 19 6 9 22 13 15 14 11 6 3 28 21 30 28 22 13 18 17 4 10 21 12 21 12 21 18 30 20 18 25 15 30 7 22 6 24 5 10 13 10 17 7 29 9 27 8 12 2 6 28 21 14 14 29 24 10 22 21 30 8 27 10 20 5 23 3 17 29 30 19 19 27 10 1 10 25 9 22 3 14 11 9 2 27 27 12 16 17 21 29 7 24 19 23 9 30 1 17 15 23 17 10 10 9 1 27 16 5 4 6 15 1 21 22 29 1 19 7 4 2 14 18 4 5 14 20 20 27 15 24 3 2 30 25 30 2 1 16 24 11 3 20 25 23 2 23 29 13 25 6 26 8 7 15 30 9 15 14 28 3 10 19 11 10 22 10 14 8 20 8 2 22 30 7 28 1 23 29 26 13 26 29 5 12 19 5 9 11 21 29 28 26 11 16 25 24 18 7 16 19 12 1 26 9 28 5 22 26 11 6 17 29 9 4 25 15 1 1 22 26 2 15 1 4 3 6 25 12 4 2 29 15 23 17 7 17 16 29 19 14 16 26 7 28 3 25 23 23 9 4 7 7 22 11 15 29 2 25 29 22 10 2 22 15 22 23 5 18 19 30 2 3 21 8 7 5 29 11 26 19 26 23 21 25 5 21 15 20 19 24 19 2 7 30 22 7 21 24 20 28 18 13 7 28 6 19 28 24 14 12 13 9 28 16 24 20 9 23 19 21 23 25 8 26 22 20 17 16 9 25 18 23 23 6 6 10 1 20 18 23 10 29 12 21 27 19 26 22 1 23 10 16 23 23 27 1 30 14 19 11 10 23 21 15 17 25 29 10 27 22 22 24 9 4 11 10 20 28 24 14 25 11 13 20 3 21 21 21 29 27 24 9 14 10 24 3 9 21 20 22 5 18 26 27 7 24 13 29 27 25 30 22 30 17 26 19 3 3 9 15 15 18 4 9 19 18 4 28 7 4 22 29 22 15 5 7 23 9 21 28 17 13 15 14 9 1 28 9 3 29 24 9 3 7 16 10 3 30 12 16 27 16 16 1 11 24 8 21 11 25 16 27 6 10 3 9 26 11 4 21 30 9 24 9 6 11 29 1 28 19 16 28 23 30 1 19 7 25 2 19 22 18 22 13 2 29 26 13 26 4 1 1 22 10 28 17 19 12 19 17 14 28 30 11 2 6 9 18 16 20 1 12 28 23 28 5 9 5 16 4 20 23 29 2 7 9 9 1 18 7 21 21 11 10 14 30 7 13 4 9 23 7 15 19 18 26 5 9 15 14 22 26 11 15 26 14 23 30 30 5 6 29 14 2 19 19 25 10 25 25 4 23 3 4 27 23 7 23 19 18 13 16 3 14 29 9 13 9 21 26 13 30 28 24 10 24 18 8 15 14 15 5 20 1 21 19 30 30 2 22 14 4 19 2 9 15 27 10 27 7 1 14 21 5 7 9 20 9 11 27 24 16 12 8 25 8 3 22 29 21 25 13 30 6 9 6 1 17 30 3 1 2 23 14 14 11 27 2 14 25 26 10 27 14 19 28 4 12 7 14 11 9 24 16 21 27 19 15 18 12 26 28 30 16 3 10 30 2 29 26 24 10 21 11 19 16 14 16 21 13 11 7 28 22 22 2 25 20
0 6 13
169 492 530 689 263 757 773 498 431 582 464 72 511
0 18 15
241 281 760 700 533 493 208 325 172 184 322 427 28 341 178
0 13 18
108 629 88 786 634 14 124 771 733 289 650 180 799 426 505 510 598 277
0 6 20
246 190 22 240 481 791 128 231 606 245 84 168 16 660 435 55 639 722 473 635
0 5 4
577 768 558 789
0 15 1
404
0 2 2
724 632
0 16 29
300 495 78 50 490 787 638 475 265 572 439 171 161 379 651 259 316 9 467 397 714 772 645 226 199 609 454 344 207
0 3 5
608 661 460 299 275
0 6 8
83 201 559 670 545 774 575 528
0 14 11
193 86 87 681 358 734 97 488 237 579 665
0 11 5
366 672 731 560 765
0 20 32
25 732 506 381 211 513 229 11 568 369 98 319 137 712 474 664 411 792 225 458 603 735 174 261 307 286 514 279 329 187 338 96
0 4 30
158 709 740 73 503 613 526 273 588 136 183 456 131 617 519 188 247 69 715 502 54 57 440 566 320 89 518 285 500 436
0 5 4
142 235 63 354
0 15 26
391 37 663 384 600 6 628 284 58 146 378 590 413 611 564 727 352 251 469 249 362 497 112 432 447 466
0 13 29
726 200 219 301 755 472 206 562 31 173 355 442 291 756 537 723 666 294 710 434 718 742 612 321 350 17 679 64 372
0 2 12
260 452 323 463 228 56 49 383 385 403 659 507
0 3 33
138 589 706 626 353 85 68 399 581 45 101 67 441 720 380 622 711 636 104 601 5 687 697 357 109 536 676 656 527 46 7 508 191
0 5 25
752 455 759 264 749 751 775 667 340 244 62 318 524 292 179 557 305 65 425 99 373 368 236 747 412
0 14 10
194 212 643 770 167 563 658 673 100 400
0 4 7
374 255 342 415 266 543 132
0 9 14
274 145 252 741 739 486 790 287 170 328 164 448 631 36
0 13 32
784 767 148 181 129 346 166 394 107 737 544 509 336 238 429 390 242 103 457 254 257 546 154 553 491 51 52 704 750 512 485 343
0 9 19
296 213 317 334 42 144 591 276 532 705 248 698 535 21 185 573 224 521 324
0 5 30
71 221 35 713 746 646 538 233 685 499 446 117 438 738 620 90 66 10 80 745 159 703 152 516 216 337 297 189 652 694
0 1 29
483 615 356 728 370 416 122 333 623 766 550 409 761 539 210 401 702 44 239 716 271 594 327 780 476 414 182 153 256
0 16 20
633 282 461 111 60 43 478 139 315 92 13 61 443 496 587 616 523 113 156 541
0 11 28
690 360 680 630 102 347 669 552 134 270 20 262 410 39 648 618 24 477 127 135 209 671 269 794 311 688 748 627
0 3 33
796 571 692 149 614 33 684 641 0 668 428 398 130 580 555 556 143 375 230 753 406 114 674 361 484 504 26 602 525 133 778 779 420
0 6 24
444 160 126 433 570 725 302 730 53 91 644 27 110 451 701 621 392 303 569 250 554 642 272 531
0 7 19
449 453 268 186 547 365 487 30 4 549 637 331 298 74 118 267 593 520 596
0 11 5
217 548 708 754 647
0 5 24
683 744 34 585 783 578 678 363 335 76 332 218 763 38 304 788 396 326 175 417 215 222 278 743
0 9 26
232 79 141 542 377 782 382 23 165 12 721 471 19 655 653 693 551 227 707 75 610 686 529 699 625 155
0 11 1
192
0 20 3
605 501 77
0 8 2
1 798
0 20 1
2
0 11 1
3
0 32 1
8
0 26 1
15
0 21 2
18 797
0 29 1
29
0 23 1
32
0 10 1
40
0 7 1
41
0 4 1
47
0 11 1
48
0 16 1
59
0 24 1
70
0 29 1
81
0 15 2
82 121
0 19 1
93
0 22 1
94
0 27 1
95
0 17 1
105
0 17 1
106
0 25 1
115
0 19 1
116
0 23 2
119 310
0 27 1
120
0 22 2
123 280
0 22 1
125
0 25 1
140
0 36 2
147 597
0 26 1
150
0 17 1
151
0 15 1
157
0 31 1
162
0 38 1
163
0 19 1
176
0 14 1
177
0 22 1
195
0 16 1
196
0 18 1
197
0 14 1
198
0 25 1
202
0 27 1
203
0 13 1
204
0 24 1
205
0 11 1
214
0 16 1
220
0 18 1
223
0 15 1
234
0 23 1
243
0 31 1
253
0 10 1
258
0 21 1
283
0 10 1
288
0 25 2
290 729
0 13 1
293
0 6 1
295
0 6 2
306 345
0 23 1
308
0 9 1
309
0 9 1
312
0 9 1
313
0 3 1
314
0 12 2
330 677
0 20 1
339
0 7 1
348
0 34 1
349
0 20 1
351
0 19 2
359 468
0 22 2
364 619
0 11 1
367
0 6 1
371
0 10 3
376 522 793
0 18 1
386
0 18 1
387
0 20 1
388
0 19 1
389
0 19 1
393
0 21 1
395
0 5 1
402
0 24 1
405
0 24 1
407
0 8 1
408
0 30 1
418
0 27 1
419
0 24 1
421
0 24 1
422
0 22 1
423
0 11 1
424
0 21 1
430
0 19 1
437
0 15 1
445
0 7 1
450
0 17 1
459
0 16 1
462
0 26 1
465
0 20 1
470
0 25 1
479
0 22 1
480
0 25 1
482
0 21 1
489
0 8 1
494
0 20 1
515
0 15 1
517
0 17 1
534
0 15 1
540
0 26 1
561
0 7 1
565
0 16 1
567
0 28 1
574
0 6 1
576
0 17 1
583
0 5 1
584
0 11 1
586
0 10 1
592
0 19 1
595
0 25 1
599
0 17 1
604
0 17 1
607
0 15 2
624 654
0 7 1
640
0 33 1
649
0 14 1
657
0 14 1
662
0 12 1
675
0 17 1
682
0 11 1
691
0 35 1
695
0 29 1
696
0 19 1
717
0 6 1
719
0 16 1
736
0 14 1
758
0 20 1
762
0 10 1
764
0 11 1
769
0 19 1
776
0 17 2
777 781
0 21 1
785
0 20 1
795
