300 96 465 10
34 15 32 38 32 34 18 26 26 21 16 24 16 23 31 33 20 26 31 11 31 20 36 38 28 25 31 19 19 25 18 38 17 27 19 23 38 15 27 38 36 21 13 39 24 17 35 28 11 20 40 12 39 27 14 31 20 17 38 35 37 22 14 34 25 15 32 30 22 33 14 25 12 30 26 11 11 12 25 24 33 35 23 23 16 40 35 18 25 28 26 13 31 18 13 29 14 22 27 28 27 24 35 33 40 27 27 14 12 38 34 25 37 30 27 16 32 28 34 22 15 39 15 35 29 22 26 25 34 21 25 35 30 24 29 25 39 25 17 17 26 28 40 30 37 34 19 11 17 39 33 33 31 20 34 21 39 14 23 11 35 35 34 39 38 26 22 14 33 20 14 14 29 31 36 29 37 28 15 23 30 23 20 29 30 34 15 36 22 37 30 23 14 31 26 17 27 14 39 19 35 29 14 30 24 23 30 14 18 34 20 11 17 18 38 37 28 26 14 21 26 36 17 26 22 38 39 39 13 20 25 29 16 25 27 20 19 21 18 32 25 36 31 29 35 40 29 21 14 21 14 36 15 30 21 23 36 29 35 31 11 23 16 20 22 30 35 30 21 21 37 38 26 20 15 26 29 34 12 24 29 19 39 35 33 30 20 27 32 38 16 30 19 37 21 18 33 39 30 19
24 5 22 28 22 24 8 16 16 11 6 14 6 13 21 23 10 16 21 1 21 10 26 28 18 15 21 9 9 15 8 28 7 17 9 13 28 5 17 28 26 11 3 29 14 7 25 18 1 10 30 2 29 17 4 21 10 7 28 25 27 12 4 24 15 5 22 20 12 23 4 15 2 20 16 1 1 2 15 14 23 25 13 13 6 30 25 8 15 18 16 3 21 8 3 19 4 12 17 18 17 14 25 23 30 17 17 4 2 28 24 15 27 20 17 6 22 18 24 12 5 29 5 25 19 12 16 15 24 11 15 25 20 14 19 15 29 15 7 7 16 18 30 20 27 24 9 1 7 29 23 23 21 10 24 11 29 4 13 1 25 25 24 29 28 16 12 4 23 10 4 4 19 21 26 19 27 18 5 13 20 13 10 19 20 24 5 26 12 27 20 13 4 21 16 7 17 4 29 9 25 19 4 20 14 13 20 4 8 24 10 1 7 8 28 27 18 16 4 11 16 26 7 16 12 28 29 29 3 10 15 19 6 15 17 10 9 11 8 22 15 26 21 19 25 30 19 11 4 11 4 26 5 20 11 13 26 19 25 21 1 13 6 10 12 20 25 20 11 11 27 28 16 10 5 16 19 24 2 14 19 9 29 25 23 20 10 17 22 28 6 20 9 27 11 8 23 29 20 9
0 13 10
233 226 22 249 171 291 24 239 148 128
0 5 8
209 82 138 135 36 168 16 95
0 4 13
154 116 208 101 251 139 207 124 262 253 188 143 121
0 2 8
229 182 197 179 292 193 172 118
0 6 7
108 174 142 30 94 120 196
0 6 5
210 194 129 136 216
0 13 6
144 296 276 183 146 289
0 9 5
25 147 295 112 19
0 9 5
153 237 272 60 192
0 19 5
261 215 263 64 247
0 18 10
7 242 254 260 72 63 151 65 259 277
0 5 12
102 111 81 273 198 96 205 166 294 51 133 201
0 20 1
55
0 5 9
287 180 241 68 293 4 86 134 87
0 1 4
45 246 43 167
0 15 6
257 150 49 161 33 145
0 9 3
92 190 252
0 4 8
91 38 0 234 222 100 175 266
0 15 8
271 199 71 184 137 181 214 123
0 11 5
203 244 232 189 110
0 14 11
76 140 178 77 280 236 152 74 163 98 285
0 18 7
62 202 279 26 80 61 20
0 1 10
278 162 230 176 231 97 104 177 211 212
0 1 9
8 39 88 255 250 99 206 83 106
0 16 13
119 299 85 219 220 141 66 58 70 13 269 21 59
0 1 8
31 156 6 173 11 238 10 37
0 19 8
218 113 75 283 195 105 52 5
0 7 6
40 282 225 164 32 290
0 8 2
69 267
0 7 11
288 248 191 14 187 3 35 1 50 159 243
0 19 5
186 217 41 2 79
0 3 6
18 46 245 34 298 157
1 17 1
9
1 6 1
12
1 8 1
15
1 27 1
17
1 8 1
23
1 2 1
27
1 20 1
28
1 19 1
29
1 11 1
42
1 8 1
44
1 27 1
47
1 16 1
48
1 4 1
53
1 25 1
54
1 11 1
56
1 29 1
57
1 18 1
67
1 38 1
73
1 23 1
78
1 5 1
84
1 23 1
89
1 6 1
90
1 21 1
93
1 24 1
103
1 5 1
107
1 11 1
109
1 18 1
114
1 21 1
115
1 25 1
117
1 6 1
122
1 8 1
125
1 39 1
126
1 20 1
127
1 27 1
130
1 24 1
131
1 11 1
132
1 28 1
149
1 32 1
155
1 22 2
158 275
1 6 1
160
1 14 1
165
1 15 1
169
1 16 1
170
1 9 1
185
1 20 1
200
1 31 1
204
1 25 1
213
1 23 1
221
1 26 2
223 270
1 28 1
224
1 21 1
227
1 23 1
228
1 12 1
235
1 6 1
240
1 9 1
256
1 34 1
258
1 10 1
264
1 7 1
265
1 20 1
268
1 18 1
274
1 6 1
281
1 16 1
284
1 20 1
286
1 16 1
297
