800 193 1240 18
39 15 34 24 39 34 39 33 22 33 19 31 16 15 12 16 23 36 40 12 33 19 28 17 11 37 18 31 32 34 31 14 24 15 30 16 40 13 37 24 29 22 31 19 24 40 31 22 22 31 35 19 16 36 31 19 23 17 13 21 33 19 18 22 11 29 25 31 31 15 12 18 14 14 37 39 12 31 23 36 15 40 27 18 16 30 40 29 22 25 13 35 38 33 30 32 35 37 31 13 20 27 22 34 22 35 16 35 24 21 15 40 32 23 14 20 33 28 23 34 20 39 39 36 26 36 15 11 30 13 36 27 19 34 39 34 25 15 29 31 34 26 25 22 15 22 33 34 16 24 13 29 15 32 16 32 32 23 19 27 23 34 14 39 16 15 17 35 14 28 11 11 24 40 28 35 36 14 26 18 18 37 38 21 16 14 12 36 13 39 11 37 17 39 28 22 35 38 40 21 35 17 32 30 37 22 35 18 37 13 13 25 18 18 36 12 25 19 19 24 17 19 30 39 35 15 13 11 20 40 36 21 14 24 22 24 36 32 37 18 30 14 37 29 33 28 24 27 19 31 14 37 17 11 14 21 32 29 23 40 31 19 16 13 35 28 40 12 21 34 39 13 29 13 28 11 33 20 33 21 40 32 35 19 17 18 17 34 27 33 39 27 32 17 25 38 20 34 30 32 21 38 36 39 18 19 26 36 33 33 39 12 37 31 37 26 22 16 11 20 27 40 18 25 11 27 24 12 29 39 31 15 26 19 37 37 33 25 37 16 14 15 31 33 25 33 12 34 17 34 11 39 27 12 38 35 21 27 29 34 16 33 31 40 15 34 12 30 33 34 14 29 15 15 19 14 23 17 38 23 16 14 38 12 29 14 36 35 29 30 26 15 18 20 19 18 19 33 40 40 15 33 13 17 14 11 13 22 26 15 21 18 11 40 34 15 23 38 11 21 16 35 36 19 25 17 28 26 32 31 29 24 18 35 11 26 37 19 24 26 37 17 11 15 19 29 14 38 25 26 17 39 28 16 30 23 36 11 33 30 36 36 29 24 30 31 39 22 38 11 32 35 32 18 14 16 12 35 20 34 38 23 23 39 34 18 31 33 34 16 14 33 35 28 29 36 27 38 21 12 25 16 11 24 39 33 34 38 25 14 27 11 11 36 17 22 16 13 18 28 37 11 33 19 39 31 23 37 24 25 26 20 37 23 17 31 38 23 40 16 28 21 38 31 13 13 38 19 37 22 25 27 30 18 13 31 33 27 27 24 19 12 28 23 37 11 19 36 16 12 13 25 19 16 31 27 40 36 18 33 32 18 13 20 23 28 27 32 36 40 23 31 38 25 13 17 31 15 11 35 11 23 25 20 27 32 19 20 11 35 19 39 39 20 27 17 39 37 17 26 40 37 20 22 39 37 22 35 25 32 20 24 23 24 38 32 21 34 24 14 27 16 13 13 25 38 23 35 26 32 29 22 27 31 30 29 39 39 40 14 35 13 26 21 21 33 30 22 30 16 29 39 27 20 30 14 34 28 30 36 28 38 18 19 22 25 18 33 39 26 25 35 30 28 19 26 21 23 24 16 31 19 37 32 21 20 11 39 24 20 21 25 24 24 17 40 33 40 32 28 40 28 18 34 21 37 27 13 39 30 32 32 40 24 18 26 13 13 35 11 22 39 37 30 27 19 28 20 33 21 39 27 30 32 33 40 27 28 19 39 16 37 12 19 32 23 14 24 25 36 11 12 13 15 27 33 13 16 19 27 30 28 25 20 16 31 24 40 26 24 24 25 23 17 28 34 34 33 36 20
29 5 24 14 29 24 29 23 12 23 9 21 6 5 2 6 13 26 30 2 23 9 18 7 1 27 8 21 22 24 21 4 14 5 20 6 30 3 27 14 19 12 21 9 14 30 21 12 12 21 25 9 6 26 21 9 13 7 3 11 23 9 8 12 1 19 15 21 21 5 2 8 4 4 27 29 2 21 13 26 5 30 17 8 6 20 30 19 12 15 3 25 28 23 20 22 25 27 21 3 10 17 12 24 12 25 6 25 14 11 5 30 22 13 4 10 23 18 13 24 10 29 29 26 16 26 5 1 20 3 26 17 9 24 29 24 15 5 19 21 24 16 15 12 5 12 23 24 6 14 3 19 5 22 6 22 22 13 9 17 13 24 4 29 6 5 7 25 4 18 1 1 14 30 18 25 26 4 16 8 8 27 28 11 6 4 2 26 3 29 1 27 7 29 18 12 25 28 30 11 25 7 22 20 27 12 25 8 27 3 3 15 8 8 26 2 15 9 9 14 7 9 20 29 25 5 3 1 10 30 26 11 4 14 12 14 26 22 27 8 20 4 27 19 23 18 14 17 9 21 4 27 7 1 4 11 22 19 13 30 21 9 6 3 25 18 30 2 11 24 29 3 19 3 18 1 23 10 23 11 30 22 25 9 7 8 7 24 17 23 29 17 22 7 15 28 10 24 20 22 11 28 26 29 8 9 16 26 23 23 29 2 27 21 27 16 12 6 1 10 17 30 8 15 1 17 14 2 19 29 21 5 16 9 27 27 23 15 27 6 4 5 21 23 15 23 2 24 7 24 1 29 17 2 28 25 11 17 19 24 6 23 21 30 5 24 2 20 23 24 4 19 5 5 9 4 13 7 28 13 6 4 28 2 19 4 26 25 19 20 16 5 8 10 9 8 9 23 30 30 5 23 3 7 4 1 3 12 16 5 11 8 1 30 24 5 13 28 1 11 6 25 26 9 15 7 18 16 22 21 19 14 8 25 1 16 27 9 14 16 27 7 1 5 9 19 4 28 15 16 7 29 18 6 20 13 26 1 23 20 26 26 19 14 20 21 29 12 28 1 22 25 22 8 4 6 2 25 10 24 28 13 13 29 24 8 21 23 24 6 4 23 25 18 19 26 17 28 11 2 15 6 1 14 29 23 24 28 15 4 17 1 1 26 7 12 6 3 8 18 27 1 23 9 29 21 13 27 14 15 16 10 27 13 7 21 28 13 30 6 18 11 28 21 3 3 28 9 27 12 15 17 20 8 3 21 23 17 17 14 9 2 18 13 27 1 9 26 6 2 3 15 9 6 21 17 30 26 8 23 22 8 3 10 13 18 17 22 26 30 13 21 28 15 3 7 21 5 1 25 1 13 15 10 17 22 9 10 1 25 9 29 29 10 17 7 29 27 7 16 30 27 10 12 29 27 12 25 15 22 10 14 13 14 28 22 11 24 14 4 17 6 3 3 15 28 13 25 16 22 19 12 17 21 20 19 29 29 30 4 25 3 16 11 11 23 20 12 20 6 19 29 17 10 20 4 24 18 20 26 18 28 8 9 12 15 8 23 29 16 15 25 20 18 9 16 11 13 14 6 21 9 27 22 11 10 1 29 14 10 11 15 14 14 7 30 23 30 22 18 30 18 8 24 11 27 17 3 29 20 22 22 30 14 8 16 3 3 25 1 12 29 27 20 17 9 18 10 23 11 29 17 20 22 23 30 17 18 9 29 6 27 2 9 22 13 4 14 15 26 1 2 3 5 17 23 3 6 9 17 20 18 15 10 6 21 14 30 16 14 14 15 13 7 18 24 24 23 26 10
0 6 30
727 524 281 297 560 123 290 416 321 497 51 426 760 65 589 591 248 535 732 685 306 604 697 336 586 618 769 43 694 682
0 13 29
94 487 93 564 362 299 124 180 695 163 454 102 327 655 356 425 320 329 161 189 741 614 536 623 177 444 165 771 219
0 6 20
553 9 606 704 383 758 795 601 176 256 509 412 495 402 87 199 753 403 292 546
0 2 7
90 392 46 332 377 379 14
0 18 6
680 289 135 344 607 193
0 2 7
109 358 341 231 318 203 145
0 5 9
305 766 381 333 424 104 5 543 624
0 1 27
366 209 787 258 361 493 259 247 669 388 699 473 304 772 730 393 113 775 316 279 225 309 58 649 590 294 783
0 10 3
492 520 364
0 7 26
689 549 152 774 436 455 431 405 3 652 721 659 127 453 406 573 582 167 141 778 187 740 561 319 278 146
0 7 19
532 197 548 375 66 313 220 49 427 725 417 230 195 605 522 390 612 537 484
0 1 9
610 81 325 419 19 708 44 53 126
0 13 7
707 252 211 368 428 59 100
0 5 7
528 54 348 770 250 726 596
0 5 9
477 627 198 531 301 446 668 489 125
0 11 22
628 602 767 747 568 676 603 745 374 23 42 342 756 490 255 262 703 575 510 418 552 744
0 9 5
340 57 583 99 114
0 6 19
139 371 644 672 503 172 162 619 343 45 308 236 17 391 74 223 759 701 494
0 9 21
253 557 700 469 415 429 434 776 92 438 470 35 518 157 395 641 18 335 709 656 228
0 1 18
288 234 722 409 413 293 164 488 2 690 269 64 34 115 200 523 119 763
0 14 4
4 241 597 792
0 10 9
793 182 129 372 637 12 24 1 681
0 15 21
8 648 720 485 471 661 411 465 11 408 287 779 149 565 0 205 373 70 257 762 61
0 15 15
719 404 184 794 275 367 507 457 312 277 39 702 633 91 459
0 1 25
734 280 101 539 423 646 693 735 317 360 168 213 89 204 95 263 505 349 784 584 432 475 728 464 687
0 8 13
378 757 666 110 692 729 85 748 478 433 486 48 630
0 4 30
527 768 78 609 533 265 445 237 69 625 323 773 52 285 194 613 235 142 224 463 206 705 474 291 567 491 214 437 190 579
0 12 25
723 276 541 330 201 183 154 482 191 218 55 380 517 264 785 407 550 674 215 442 588 781 148 738 351
0 15 26
578 761 645 188 131 328 369 68 76 158 251 352 137 467 506 7 144 210 751 435 103 558 169 580 173 650
0 12 15
178 254 6 796 501 737 626 270 27 466 324 107 401 678 777
0 17 17
108 242 75 80 581 10 314 160 452 272 384 150 788 511 221 642 636
0 9 32
159 363 84 480 13 534 40 562 461 394 789 629 286 576 502 222 315 547 551 608 540 598 153 166 79 202 396 621 300 710 97 632
0 1 19
86 544 716 410 675 538 170 566 472 357 244 780 660 192 21 208 448 122 422
0 1 24
718 232 72 298 121 481 653 20 47 651 462 133 25 37 50 684 246 635 671 376 514 136 585 212
0 8 18
71 559 639 386 140 443 456 616 529 370 654 245 530 98 742 229 733 572
0 10 2
617 752
0 17 27
724 151 712 22 132 662 782 331 711 691 283 790 227 499 105 458 15 797 310 500 736 382 249 664 243 450 791
0 13 8
441 261 385 421 260 577 545 574
1 16 2
16 440
1 17 1
26
1 17 1
28
1 7 2
29 447
1 11 1
30
1 18 1
31
1 22 1
32
1 24 2
33 62
1 13 1
36
1 23 2
38 599
1 24 2
41 326
1 6 1
56
1 9 1
60
1 22 2
63 216
1 21 1
67
1 21 2
73 138
1 10 2
77 706
1 6 1
82
1 11 1
83
1 7 1
88
1 22 1
96
1 20 1
106
1 10 1
111
1 31 1
112
1 12 1
116
1 3 1
117
1 19 1
118
1 23 1
120
1 15 1
128
1 25 1
130
1 10 1
134
1 6 1
143
1 7 1
147
1 25 1
155
1 23 1
156
1 21 1
171
1 13 1
174
1 14 1
175
1 20 1
179
1 6 1
181
1 17 1
185
1 11 1
186
1 22 1
196
1 19 1
207
1 17 1
217
1 16 1
226
1 18 1
233
1 14 1
238
1 13 1
239
1 18 1
240
1 26 1
266
1 25 1
267
1 16 1
268
1 25 1
271
1 17 1
273
1 32 1
274
1 19 1
282
1 27 1
284
1 7 1
295
1 15 1
296
1 12 1
302
1 28 1
303
1 16 1
307
1 22 1
311
1 32 1
322
1 16 1
334
1 19 1
337
1 24 2
338 746
1 14 1
339
1 20 1
345
1 7 2
346 542
1 27 1
347
1 18 1
350
1 16 1
353
1 13 1
354
1 12 1
355
1 28 2
359 430
1 20 1
365
1 22 2
387 611
1 15 1
389
1 20 1
397
1 10 2
398 460
1 10 1
399
1 22 1
400
1 20 1
414
1 18 1
420
1 5 1
439
1 16 1
449
1 21 1
451
1 21 1
468
1 19 1
476
1 14 1
479
1 11 1
483
1 14 1
496
1 19 1
498
1 20 1
504
1 16 1
508
1 19 1
512
1 20 1
513
1 26 1
515
1 2 1
516
1 6 1
519
1 17 1
521
1 2 1
525
1 2 1
526
1 22 3
554 713 750
1 23 1
555
1 2 1
556
1 26 1
563
1 29 1
569
1 12 1
570
1 16 1
571
1 11 1
587
1 25 1
592
1 21 1
593
1 22 1
594
1 18 1
595
1 9 1
600
1 19 1
615
1 25 1
620
1 25 1
622
1 22 1
631
1 22 1
634
1 20 1
638
1 16 1
640
1 19 1
643
1 25 1
647
1 15 1
657
1 11 1
658
1 33 1
663
1 7 1
665
1 27 1
667
1 32 1
670
1 2 1
673
1 13 1
677
1 13 1
679
1 19 1
683
1 7 1
686
1 7 1
688
1 28 1
696
1 30 1
698
1 14 1
714
1 24 1
715
1 5 1
717
1 7 1
731
1 33 1
739
1 16 1
743
1 29 1
749
1 25 1
754
1 26 1
755
1 15 1
764
1 9 1
765
1 19 1
786
1 13 1
798
1 24 1
799
