500 136 775 10
16 18 39 11 12 19 11 36 26 13 21 13 21 37 29 39 16 19 28 23 17 33 36 18 38 29 13 12 30 38 20 18 39 11 17 37 13 29 18 18 37 14 13 13 11 33 16 19 35 13 26 34 21 15 35 35 11 20 14 37 39 12 38 11 30 22 20 20 28 13 19 14 19 39 23 37 30 19 27 15 40 39 17 33 21 33 12 15 26 26 26 25 32 26 13 27 31 38 24 34 21 28 11 16 16 23 13 35 11 17 12 17 11 30 26 17 18 40 14 27 32 12 26 39 25 18 19 39 13 38 32 39 37 11 15 16 30 31 24 12 28 27 22 11 17 39 11 35 40 30 18 36 19 26 16 31 23 26 39 21 17 21 27 12 18 18 16 12 34 17 32 28 16 37 33 11 26 26 38 26 32 30 27 28 40 32 31 24 27 19 31 36 20 36 23 34 31 13 16 39 21 31 33 33 14 26 33 26 27 34 22 14 25 16 20 30 38 19 24 17 34 26 27 37 38 26 34 12 40 18 20 22 14 24 12 34 22 28 34 25 14 38 25 17 21 35 21 38 24 11 11 16 30 28 23 20 11 37 13 40 23 31 29 40 33 31 39 16 15 18 40 17 27 28 34 17 39 14 31 23 17 25 36 11 35 32 23 38 14 38 14 25 28 19 21 20 32 18 23 40 17 36 18 13 11 19 39 36 38 19 33 25 35 18 28 31 27 28 17 27 36 38 13 34 15 38 18 14 15 28 18 13 11 18 19 12 16 38 11 15 26 35 12 31 22 15 26 29 35 39 32 15 19 31 38 24 20 18 20 34 20 34 15 22 19 20 21 12 16 24 37 36 19 35 11 22 37 12 40 27 14 30 37 21 30 27 34 30 17 24 39 27 25 16 11 26 16 27 28 27 13 22 31 37 22 24 28 13 12 18 28 28 14 37 34 15 14 35 13 18 23 18 21 12 30 29 33 13 12 36 18 24 15 32 38 23 38 35 31 28 25 30 15 16 35 24 30 37 22 30 16 40 25 33 32 39 34 16 30 20 22 28 17 33 33 32 32 16 16 15 36 29 24 26 13 15 11 14 33 40 25 20 20 36 27 25 22 26 21 37 25 23 36 19 33 23 27 28 11 14
6 8 29 1 2 9 1 26 16 3 11 3 11 27 19 29 6 9 18 13 7 23 26 8 28 19 3 2 20 28 10 8 29 1 7 27 3 19 8 8 27 4 3 3 1 23 6 9 25 3 16 24 11 5 25 25 1 10 4 27 29 2 28 1 20 12 10 10 18 3 9 4 9 29 13 27 20 9 17 5 30 29 7 23 11 23 2 5 16 16 16 15 22 16 3 17 21 28 14 24 11 18 1 6 6 13 3 25 1 7 2 7 1 20 16 7 8 30 4 17 22 2 16 29 15 8 9 29 3 28 22 29 27 1 5 6 20 21 14 2 18 17 12 1 7 29 1 25 30 20 8 26 9 16 6 21 13 16 29 11 7 11 17 2 8 8 6 2 24 7 22 18 6 27 23 1 16 16 28 16 22 20 17 18 30 22 21 14 17 9 21 26 10 26 13 24 21 3 6 29 11 21 23 23 4 16 23 16 17 24 12 4 15 6 10 20 28 9 14 7 24 16 17 27 28 16 24 2 30 8 10 12 4 14 2 24 12 18 24 15 4 28 15 7 11 25 11 28 14 1 1 6 20 18 13 10 1 27 3 30 13 21 19 30 23 21 29 6 5 8 30 7 17 18 24 7 29 4 21 13 7 15 26 1 25 22 13 28 4 28 4 15 18 9 11 10 22 8 13 30 7 26 8 3 1 9 29 26 28 9 23 15 25 8 18 21 17 18 7 17 26 28 3 24 5 28 8 4 5 18 8 3 1 8 9 2 6 28 1 5 16 25 2 21 12 5 16 19 25 29 22 5 9 21 28 14 10 8 10 24 10 24 5 12 9 10 11 2 6 14 27 26 9 25 1 12 27 2 30 17 4 20 27 11 20 17 24 20 7 14 29 17 15 6 1 16 6 17 18 17 3 12 21 27 12 14 18 3 2 8 18 18 4 27 24 5 4 25 3 8 13 8 11 2 20 19 23 3 2 26 8 14 5 22 28 13 28 25 21 18 15 20 5 6 25 14 20 27 12 20 6 30 15 23 22 29 24 6 20 10 12 18 7 23 23 22 22 6 6 5 26 19 14 16 3 5 1 4 23 30 15 10 10 26 17 15 12 16 11 27 15 13 26 9 23 13 17 18 1 4
0 10 7
232 170 79 286 43 92 203
0 6 16
494 246 403 152 326 451 393 343 495 389 338 37 219 429 423 437
0 9 14
245 427 214 488 31 274 131 398 227 355 215 123 4 17
0 4 15
445 114 351 150 36 18 478 306 358 273 392 187 236 145 316
0 20 11
91 179 456 258 83 112 477 296 448 496 291
0 20 15
194 396 263 319 56 47 491 301 282 230 367 464 348 345 118
0 17 9
406 412 182 102 166 151 365 237 261
0 18 2
453 122
0 6 18
425 247 10 136 298 362 471 134 70 159 66 129 438 174 137 397 490 34
0 5 13
454 473 11 460 188 360 226 314 486 107 87 373 382
0 16 15
84 161 97 75 233 189 186 125 342 221 111 350 222 204 359
0 9 11
168 431 468 461 450 335 269 341 498 377 100
0 20 12
347 198 252 353 256 205 3 178 305 144 480 380
0 13 8
46 366 135 378 371 253 386 64
0 16 7
95 408 297 419 80 128 254
0 11 13
76 390 1 158 417 413 379 173 85 313 311 73 281
0 12 16
361 376 474 86 27 322 181 271 395 93 103 57 262 394 248 257
0 5 12
51 55 193 21 105 160 143 241 268 7 387 318
0 17 5
484 434 312 407 447
0 1 3
231 106 421
0 5 2
15 44
0 19 5
415 28 411 364 99
0 2 10
299 479 243 5 165 149 207 354 467 466
0 9 17
300 108 177 109 497 169 424 443 197 462 346 428 328 54 278 22 224
0 3 14
372 416 334 336 264 339 285 216 190 26 404 16 388 20
0 15 18
310 265 499 200 259 332 63 385 162 213 163 290 74 475 113 324 53 295
0 14 6
276 228 472 455 130 463
0 16 11
6 340 140 483 8 251 38 333 280 30 409
0 10 3
308 452 69
0 12 15
267 439 184 303 250 294 370 391 440 223 121 242 405 148 117
0 5 17
71 432 482 39 459 78 275 202 67 493 430 283 104 470 368 288 23
0 11 11
157 2 352 410 52 58 331 119 124 363 418
0 17 7
50 206 45 101 192 374 244
0 2 6
146 289 255 132 249 240
0 11 20
42 433 442 94 284 260 304 239 32 321 446 266 211 127 402 449 13 426 14 325
0 8 7
375 317 235 142 292 469 41
1 21 1
0
1 21 1
9
1 13 1
12
1 14 1
19
1 18 1
24
1 27 1
25
1 21 1
29
1 15 1
33
1 33 2
35 172
1 31 1
40
1 6 1
48
1 33 1
49
1 7 1
59
1 21 1
60
1 20 1
61
1 23 1
62
1 17 1
65
1 14 1
68
1 25 2
72 171
1 18 3
77 210 457
1 17 1
81
1 20 1
82
1 23 1
88
1 4 1
89
1 21 1
90
1 21 1
96
1 10 1
98
1 23 1
110
1 12 1
115
1 19 2
116 138
1 37 1
120
1 10 1
126
1 33 1
133
1 22 2
139 465
1 7 1
141
1 19 1
147
1 24 1
153
1 14 1
154
1 22 1
155
1 19 1
156
1 18 1
164
1 31 1
167
1 17 2
175 302
1 11 1
176
1 28 1
180
1 26 2
183 436
1 18 2
185 492
1 32 1
191
1 21 1
195
1 28 1
196
1 20 1
199
1 20 1
201
1 13 1
208
1 9 1
209
1 32 1
212
1 30 1
217
1 14 1
218
1 9 1
220
1 25 1
225
1 15 1
229
1 9 1
234
1 29 1
238
1 15 1
270
1 10 1
272
1 25 1
277
1 30 1
279
1 34 1
287
1 29 1
293
1 22 1
307
1 8 1
309
1 19 1
315
1 11 1
320
1 6 1
323
1 16 1
327
1 26 1
329
1 11 1
330
1 33 1
337
1 16 1
344
1 23 1
349
1 25 1
356
1 38 1
357
1 15 1
369
1 40 1
381
1 28 1
383
1 25 1
384
1 13 1
399
1 28 1
400
1 30 1
401
1 22 1
414
1 21 1
420
1 36 1
422
1 27 1
435
1 25 1
441
1 19 1
444
1 21 1
458
1 25 1
476
1 7 1
481
1 10 1
485
1 30 1
487
1 14 1
489
