800 248 1240 9
19 19 12 5 14 5 11 15 30 30 22 25 24 1 6 19 24 19 25 6 28 24 20 3 2 28 6 6 2 30 17 9 15 28 24 5 15 18 8 24 4 26 6 10 20 24 29 5 18 28 25 7 19 9 20 18 24 27 13 8 24 18 20 4 24 7 3 7 23 11 9 14 3 16 10 19 19 27 17 3 29 21 19 16 19 12 7 6 3 25 3 9 27 11 11 11 29 21 15 11 6 13 3 21 24 12 26 18 27 6 11 6 3 25 18 18 14 22 15 23 7 11 13 30 13 1 5 9 27 20 21 28 21 3 25 22 14 4 8 17 15 2 28 28 6 6 6 24 22 8 8 22 21 17 20 19 5 4 15 3 27 27 24 30 13 6 6 4 13 28 6 28 16 2 1 16 27 2 15 27 3 28 19 19 8 22 19 1 20 4 30 20 9 17 5 23 14 30 12 19 13 3 5 4 2 22 21 21 24 16 7 18 29 16 22 21 28 12 11 23 6 9 17 8 27 26 1 10 14 20 16 29 6 10 8 23 18 26 1 13 13 12 25 9 7 26 22 10 5 29 25 21 3 24 17 12 11 1 13 15 29 26 13 21 24 5 18 6 25 16 13 21 14 23 4 24 21 17 14 6 10 22 9 2 26 7 4 18 13 14 12 28 25 19 11 23 11 13 13 4 4 23 25 19 5 18 27 29 28 30 16 24 28 12 8 10 10 29 14 24 8 8 16 18 25 19 11 18 12 10 16 16 16 30 23 12 27 30 28 15 16 24 8 2 17 26 1 13 8 16 17 20 4 9 19 25 29 4 20 9 23 30 22 23 9 7 13 5 22 7 26 6 11 12 5 11 30 2 1 3 16 10 12 20 30 10 15 12 27 26 20 3 22 16 20 3 4 23 17 20 9 13 16 19 4 5 18 6 10 13 11 5 17 9 14 29 28 25 21 5 16 2 21 4 27 7 26 24 1 24 18 1 22 10 28 12 18 4 21 16 1 14 8 6 25 1 25 20 19 21 22 15 14 2 24 23 26 15 2 7 2 17 19 12 17 2 20 21 26 16 12 12 12 16 23 3 10 10 25 29 10 3 6 9 30 27 9 17 24 17 8 8 7 11 26 19 24 6 22 22 11 27 17 1 15 29 18 11 16 25 21 27 24 6 28 10 11 20 11 16 2 19 5 15 29 2 7 9 23 21 12 13 6 30 9 5 21 17 20 16 8 8 28 23 2 20 19 26 30 5 7 14 5 26 29 21 27 27 13 1 4 8 18 12 26 23 21 1 12 12 23 10 14 30 29 6 7 14 11 24 29 30 21 18 20 13 12 13 1 22 13 5 23 1 13 4 19 23 12 7 16 3 23 25 18 15 15 21 10 3 18 18 17 4 16 3 9 6 5 11 21 25 27 25 18 12 2 10 2 2 13 17 23 18 2 3 5 30 19 25 17 8 18 9 23 3 4 1 1 7 19 20 29 13 11 3 6 21 23 19 6 19 21 19 28 9 15 15 30 10 22 18 13 13 7 13 28 3 7 5 22 12 20 1 21 29 19 20 10 20 13 4 5 14 20 12 20 18 16 28 28 22 28 1 26 28 6 10 3 29 22 19 5 15 2 28 1 2 9 27 14 20 3 13 4 13 6 16 6 3 16 24 26 21 18 7 5 13 16 30 27 23 27 16 24 22 12 12 29 22 30 6 1 2 19 13 15 27 25 21 16 10 25 1 22 21 3 5 29 23 4 27 24 25 9 9 23 4 6 25 29 6 23 16 9 25 17 3 30 21 8 9 26 21 19 18 3 4 19 11
3 7 24 18 12 19 30 19 3 20 26 17 25 22 9 25 9 28 14 25 29 2 2 14 17 3 13 14 8 19 22 23 27 25 27 15 5 3 18 4 11 19 22 13 6 26 26 16 2 10 1 24 8 15 28 23 16 25 13 1 18 7 3 15 18 18 21 18 1 28 22 4 18 13 24 15 19 3 15 12 26 16 8 12 8 13 25 27 22 24 22 30 23 6 7 14 9 28 22 28 29 28 26 21 6 29 29 15 24 29 10 15 14 27 22 27 20 17 28 23 17 30 2 9 17 24 13 21 16 15 29 14 10 9 1 1 27 15 17 6 23 4 4 28 18 22 8 27 7 27 27 29 9 11 26 27 28 21 20 29 9 30 28 26 15 3 9 1 8 15 27 10 4 24 17 10 22 15 10 19 14 23 8 19 16 11 3 23 14 29 2 27 22 22 16 5 3 26 5 18 22 30 26 2 25 23 13 12 7 1 7 25 20 13 22 8 1 5 15 29 14 17 3 5 22 11 9 23 13 8 30 15 17 26 5 25 23 1 22 24 16 14 2 6 11 16 8 21 9 20 19 5 11 20 26 3 20 21 23 15 14 3 27 26 4 6 13 9 5 28 25 26 3 15 11 11 25 27 19 16 21 27 30 21 26 26 15 15 8 29 25 6 20 14 24 19 7 29 8 12 19 17 30 28 26 18 4 14 30 9 24 24 10 25 13 4 13 10 1 8 26 8 28 5 4 8 6 10 12 12 30 5 20 10 17 11 29 1 25 2 9 16 3 22 20 4 13 13 1 29 21 4 23 15 7 14 18 28 15 19 14 28 20 26 2 23 10 27 11 24 23 22 8 24 18 23 13 19 2 2 11 17 30 26 30 11 18 25 1 8 17 22 12 2 3 26 14 6 17 26 7 17 12 15 13 8 1 7 14 18 9 11 27 15 6 17 28 9 5 9 23 11 12 21 23 17 1 20 26 27 13 7 29 3 3 11 15 20 22 26 18 10 16 15 4 16 28 26 29 5 27 16 21 13 19 25 15 12 17 9 2 21 19 21 16 15 1 6 30 17 1 25 4 24 27 10 30 6 10 17 12 29 11 24 23 16 25 4 5 6 5 24 6 6 23 25 25 8 6 8 4 25 3 29 3 9 13 16 18 6 25 19 23 22 13 3 30 7 9 10 7 26 9 25 17 20 19 5 13 25 3 21 23 24 24 8 17 2 3 27 4 24 14 24 10 23 8 16 12 14 24 18 8 3 11 20 23 17 9 1 16 23 12 13 3 28 14 29 2 26 22 30 26 1 30 1 28 7 4 7 19 19 5 16 6 3 29 30 12 10 9 23 16 5 14 18 8 18 27 24 2 14 4 10 22 8 15 4 22 9 9 6 15 2 8 11 9 2 13 9 23 20 8 26 9 30 21 22 2 30 7 21 3 18 18 29 28 27 8 12 29 15 17 17 13 19 17 1 16 18 16 23 8 24 28 13 15 14 4 16 6 1 1 20 26 5 27 10 12 14 28 28 1 21 8 9 17 24 29 7 14 13 17 22 23 3 7 13 25 25 11 9 30 21 2 25 2 27 2 21 14 6 15 27 21 11 16 9 25 26 5 18 28 20 20 22 22 8 6 26 23 1 7 30 27 23 12 20 9 12 27 17 23 9 13 21 3 9 11 19 6 14 10 12 14 20 3 21 12 17 17 16 23 17 22 6 25 6 12 4 25 6 30 16 24 8 2 28 16 25 27 7 22 4 4 27 13 1 11 24 25 15 15 4 13 1 1 8 14 1 19 8 22 15 4 15 11 13 8 27
0 3 10
755 533 549 423 278 483 638 672 675 760
0 11 8
696 482 795 532 97 196 181 0
0 4 13
563 230 617 101 512 53 734 357 632 326 316 568 610
0 1 6
178 354 557 454 149 245
0 1 5
133 148 272 500 733
0 8 6
708 682 402 663 165 267
0 3 5
86 154 221 255 558
0 13 6
102 54 730 450 461 104
0 19 5
554 407 37 662 593
0 20 10
602 293 18 179 229 139 777 439 574 5
0 17 11
681 508 48 581 547 469 758 212 598 268 175
0 9 9
307 397 545 224 695 122 330 71 492
0 4 6
202 738 370 364 631 490
0 13 8
788 447 173 717 541 273 745 718
0 5 11
195 606 231 343 670 626 522 315 10 685 657
0 19 11
595 68 409 538 405 125 30 88 665 619 690
0 6 4
671 737 200 358
0 17 13
674 418 546 443 81 735 138 197 731 741 425 488 404
0 17 5
548 609 611 371 713
0 5 11
126 424 76 434 436 635 415 387 712 540 295
0 5 3
643 642 93
0 1 5
60 362 29 240 252
0 20 4
775 575 584 437
0 1 15
36 569 131 218 769 622 771 242 715 162 34 544 270 392 176
0 6 5
49 31 743 233 513
0 20 13
215 24 676 263 393 249 146 134 759 372 177 646 453
0 3 2
182 236
0 1 2
217 381
0 13 12
703 459 50 258 666 7 527 565 42 238 98 720
0 13 6
772 452 794 412 214 485
0 18 11
247 590 649 207 280 659 724 95 63 297 143
0 20 2
528 169
0 19 9
11 361 750 130 127 756 113 520 495
0 14 9
9 78 669 251 491 725 429 283 416
0 4 12
107 192 67 698 594 406 773 697 132 688 340 185
0 10 2
706 556
0 17 13
478 110 92 621 353 155 120 430 736 648 170 414 467
0 7 11
83 359 783 14 464 550 475 645 156 634 797
0 2 6
526 477 519 435 511 91
0 1 10
420 4 472 618 752 793 288 555 51 306
0 4 5
620 375 320 292 17
0 3 12
61 763 8 342 683 586 789 739 213 13 505 309
0 10 4
329 333 129 314
0 11 2
742 451
0 4 2
458 189
0 6 8
41 466 116 2 514 277 613 729
0 20 11
561 498 585 300 26 160 680 241 612 210 303
1 19 7
796 427 486 136 493 616 573
0 14 4
481 112 260 57
0 16 13
517 73 390 711 476 689 767 630 785 388 651 89 460
0 8 6
754 636 403 677 553 650
0 17 3
285 448 128
0 13 2
399 87
0 2 12
64 479 194 653 587 641 225 591 339 637 719 431
0 19 11
117 72 121 45 367 628 141 655 501 152 692
0 5 7
449 369 727 787 172 471 530
0 14 4
234 684 487 489
0 17 6
264 223 768 321 319 376
0 7 7
325 704 722 608 408 693 552
0 2 2
331 350
0 16 7
614 378 336 47 137 744 211
0 11 15
291 753 184 349 108 709 308 470 440 256 400 3 259 377 411
0 19 5
607 707 94 85 317
0 13 11
496 142 201 79 560 96 39 494 629 417 656
0 13 8
216 261 33 664 118 446 153 147
0 12 2
344 289
0 12 10
324 204 506 19 282 474 286 123 694 161
0 5 12
244 410 144 523 209 386 253 352 313 171 304 248
0 16 6
275 504 99 106 363 723
0 5 4
328 507 764 515
0 4 3
699 559 394
0 17 5
757 322 226 114 623
0 3 3
56 535 572
0 4 13
419 183 583 640 705 228 778 23 647 199 438 687 721
0 13 4
644 426 502 564
0 9 6
710 654 205 791 740 323
0 11 9
100 728 422 673 243 356 80 589 82
0 3 15
345 384 691 379 27 301 140 266 779 714 341 762 43 444 158
0 17 1
551
0 1 11
220 276 265 335 227 749 84 187 576 604 355
0 3 4
445 652 55 599
0 2 12
281 115 582 592 658 786 46 294 365 480 510 237
0 3 7
465 203 368 348 74 571 421
0 3 4
503 455 539 62
0 20 4
312 135 66 52
0 1 8
534 246 150 271 262 790 109 12
0 16 5
338 780 191 521 69
0 7 2
21 570
0 11 1
1
0 13 1
6
0 24 1
15
0 17 1
16
0 16 1
20
0 27 1
22
0 23 1
25
0 22 1
28
0 11 1
32
0 21 1
35
0 31 1
38
0 39 1
40
0 27 1
44
0 34 1
58
0 33 1
59
0 25 1
65
0 24 1
70
0 13 1
75
0 33 1
77
0 17 1
90
0 16 1
103
0 7 1
105
0 32 1
111
0 18 1
119
0 19 1
124
0 7 1
145
0 26 1
151
0 15 1
157
0 29 1
159
0 15 1
163
0 39 1
164
0 26 1
166
0 17 1
167
0 40 1
168
0 21 1
174
0 23 1
180
0 31 1
186
0 14 1
188
0 36 1
190
0 11 1
193
0 9 1
198
0 23 1
206
0 5 1
208
0 22 1
219
0 21 1
222
0 17 1
232
0 29 1
235
0 22 1
239
0 19 1
250
0 25 1
254
0 22 1
257
0 15 1
269
0 22 1
274
0 29 1
279
0 21 1
284
0 29 1
287
0 30 1
290
0 20 1
296
0 14 1
298
0 23 1
299
0 6 1
302
0 23 1
305
0 16 2
310 667
0 13 1
311
0 7 1
318
0 33 1
327
0 36 1
332
0 15 1
334
0 20 1
337
0 8 1
346
0 16 1
347
0 21 1
351
0 14 1
360
0 18 1
366
0 6 1
373
0 10 1
374
0 2 1
380
0 19 1
382
0 4 1
383
0 24 1
385
0 19 1
389
0 22 1
391
0 20 1
395
0 23 1
396
0 4 1
398
0 8 1
401
0 3 1
413
0 19 1
428
0 7 1
432
0 20 1
433
0 24 1
441
0 20 1
442
0 14 1
456
0 30 1
457
0 14 1
462
0 13 1
463
0 27 1
468
0 7 1
473
0 15 1
484
0 9 1
497
0 15 1
499
0 30 1
509
0 20 1
516
0 22 1
518
0 18 1
524
0 32 1
525
0 21 1
529
0 26 1
531
0 20 1
536
0 29 1
537
0 16 1
542
0 8 1
543
0 6 1
562
0 24 1
566
0 9 1
567
0 4 1
577
0 33 1
578
0 18 1
579
0 20 1
580
0 18 1
588
0 26 1
596
0 21 1
597
0 32 1
600
0 18 1
601
0 20 1
603
0 7 1
605
0 37 1
615
0 18 1
624
0 22 1
625
0 6 1
627
0 38 1
633
0 21 1
639
0 34 1
660
0 12 1
661
0 23 1
668
0 30 1
678
0 35 1
679
0 20 1
686
0 20 1
700
0 20 1
701
0 16 1
702
0 12 1
716
0 6 1
726
0 8 1
732
0 22 1
746
0 19 1
747
0 15 1
748
0 20 1
751
0 16 1
761
0 21 1
765
0 34 1
766
0 23 1
770
0 5 1
774
0 15 1
776
0 14 1
781
0 14 1
782
0 4 1
784
0 27 1
792
0 19 1
798
0 32 1
799
