800 249 1240 9
15 6 14 30 22 24 21 27 11 23 3 2 7 24 10 28 11 16 12 24 8 15 4 3 17 3 7 28 3 2 15 17 9 1 21 21 8 8 14 21 26 5 1 29 11 13 12 10 26 6 6 27 19 25 2 8 13 30 30 30 7 28 11 10 4 17 6 23 1 8 25 29 8 25 2 15 1 29 18 6 26 10 15 14 5 26 2 5 6 24 19 9 21 18 25 19 29 11 16 1 11 4 16 7 11 21 29 25 17 13 5 18 14 4 4 2 4 11 16 21 15 25 7 7 6 13 9 16 3 20 8 12 10 24 11 13 9 17 8 29 10 23 20 9 13 12 17 23 30 27 17 6 18 16 21 4 28 8 12 20 22 11 17 14 23 30 15 13 5 11 9 5 5 14 22 16 16 22 4 15 8 3 13 27 7 27 4 16 13 4 18 11 27 29 21 8 21 11 8 24 4 19 2 9 23 25 25 17 21 23 9 21 21 9 20 18 17 24 8 8 10 10 27 7 22 5 10 25 21 5 23 24 23 5 12 10 16 11 4 3 17 13 24 1 29 29 19 7 9 12 6 19 4 5 11 17 1 26 28 26 17 28 7 18 4 7 1 21 3 13 15 19 14 25 29 4 25 3 28 17 2 23 6 13 21 27 4 5 1 2 6 19 17 10 8 16 6 6 15 19 5 25 9 21 7 27 27 20 22 2 23 12 30 14 2 24 18 9 25 13 22 17 19 4 14 4 19 1 11 13 3 17 23 12 2 27 7 13 30 12 24 11 17 23 23 18 3 1 15 21 16 19 27 4 17 2 1 19 28 2 21 14 9 2 7 26 24 30 16 16 25 30 2 9 25 27 13 6 13 14 15 16 6 7 2 8 12 14 22 18 29 19 26 16 23 8 1 12 6 15 2 20 26 22 24 5 25 22 6 25 30 22 2 27 13 13 15 24 27 27 28 24 1 13 18 15 12 25 9 19 18 19 27 22 30 10 23 9 28 18 4 23 27 11 29 11 19 14 4 4 1 8 11 16 22 18 26 29 22 30 24 6 1 28 3 8 17 16 28 6 6 25 7 11 16 3 12 12 29 13 1 16 29 30 30 26 9 8 17 12 30 17 13 14 25 12 11 11 14 15 18 27 17 6 13 15 13 30 21 2 15 8 1 6 21 13 10 17 12 3 6 19 10 17 29 25 20 12 14 14 26 14 26 25 1 17 7 11 29 26 28 1 19 3 9 22 26 10 24 26 18 26 5 13 19 5 27 15 10 10 11 4 11 24 28 9 7 3 8 12 18 25 10 29 25 4 14 15 10 18 28 21 11 11 27 5 8 16 29 30 29 16 10 10 27 24 9 17 3 16 2 2 9 2 10 13 18 13 3 28 3 20 17 4 18 19 22 28 5 5 22 15 8 6 24 4 25 27 2 23 12 30 10 23 15 30 12 20 29 7 30 10 16 9 5 13 6 2 24 24 22 21 4 8 6 19 1 10 3 4 5 3 15 27 26 3 1 27 19 25 27 7 7 16 7 6 13 22 25 8 27 9 13 4 27 8 21 29 25 5 26 23 6 5 10 9 5 19 2 30 16 30 21 8 25 6 14 24 5 8 11 18 15 11 1 21 4 8 26 11 5 19 27 13 20 8 23 5 28 7 11 17 8 3 17 5 27 5 2 2 14 7 2 5 16 26 19 29 9 24 18 15 12 27 2 21 13 13 20 18 26 3 17 5 28 2 11 18 14 25 29 23 16 18 25 3 23 24 29 19 26 7 2 26 16 7 16 16 13 23 15 24 20 29 13 15 23 25 10 4
6 3 18 3 13 9 10 10 21 28 25 21 20 16 30 22 2 27 15 8 15 11 5 12 9 11 6 30 18 23 23 1 26 29 4 14 26 23 9 22 28 24 17 17 12 27 13 13 16 20 6 3 1 16 26 13 22 4 26 4 16 12 10 30 24 25 18 6 19 29 9 24 17 5 10 18 21 5 16 4 1 11 20 21 7 15 26 18 17 18 24 14 20 22 10 11 25 23 18 12 7 8 26 14 2 20 22 8 17 1 28 30 15 27 3 29 18 25 4 25 16 16 21 14 1 13 12 30 23 15 5 22 20 24 30 11 16 18 19 17 13 1 3 18 19 7 13 18 2 5 15 28 18 20 18 20 24 20 28 27 21 18 22 25 1 17 18 25 21 12 22 3 3 10 29 14 10 14 14 7 5 20 4 1 16 3 3 28 19 24 26 28 21 8 11 8 1 4 26 15 27 8 20 19 5 16 23 16 21 12 11 3 17 5 20 11 7 26 30 2 29 22 24 22 21 8 3 4 29 20 16 22 13 17 5 11 29 23 30 16 15 3 27 8 27 18 11 24 9 22 30 6 18 12 16 30 28 17 20 19 14 10 19 9 17 18 25 18 6 24 13 4 12 3 30 30 21 11 23 7 16 2 9 28 15 9 18 21 30 14 15 3 29 26 7 21 18 6 19 12 18 13 5 12 4 30 18 26 29 10 28 18 9 23 21 10 7 20 18 26 11 7 29 3 1 18 24 10 20 21 12 24 18 13 17 3 26 10 20 2 29 22 27 12 24 10 20 24 4 9 18 22 5 8 24 13 30 6 12 18 20 20 7 7 19 3 3 5 23 23 7 17 28 24 7 4 24 18 5 16 6 28 11 5 27 16 29 16 4 1 7 2 27 12 3 23 8 9 11 7 29 6 28 9 30 20 13 30 25 8 3 21 28 28 12 8 4 17 29 6 30 20 11 21 12 15 15 17 26 27 12 7 19 16 9 25 15 7 6 28 23 20 2 6 8 16 6 17 14 17 15 19 14 24 21 7 27 24 16 21 15 16 24 26 1 5 29 29 21 8 24 15 3 26 18 16 16 26 7 13 11 7 4 26 3 1 19 2 21 15 12 25 14 28 22 14 16 5 24 28 10 30 21 7 8 24 11 12 11 29 22 11 20 3 18 5 7 5 8 20 10 15 15 11 16 25 26 30 17 23 2 28 26 30 26 8 4 10 19 14 29 11 14 8 17 1 25 12 8 26 17 4 20 4 6 21 11 22 4 21 9 4 17 23 28 2 10 3 26 23 29 12 15 10 19 28 28 16 16 21 8 25 4 14 14 25 25 18 29 26 20 1 7 17 3 15 18 23 29 15 6 19 3 8 9 4 15 24 24 17 15 20 19 5 21 8 21 14 26 16 18 28 8 16 25 16 14 6 29 2 24 26 16 17 25 21 23 18 10 29 28 16 8 15 19 6 4 28 27 29 26 24 12 21 22 17 2 11 16 11 8 4 29 30 3 22 16 28 28 16 17 15 12 25 24 11 11 1 2 5 13 18 20 6 15 14 8 10 24 12 30 14 18 7 2 20 3 6 12 1 14 10 10 22 20 4 28 21 15 7 7 28 27 26 14 2 28 21 16 24 12 17 26 14 7 6 16 27 27 12 26 24 25 19 10 10 2 17 27 4 6 23 7 14 10 1 20 4 17 1 19 23 3 14 11 23 25 14 21 4 26 3 7 21 11 4 4 11 25 17 8 9 24 11 21 1 9 26 13 26 24 23 13 6 2 4 15 6 29 17 8 21 26 12 8 26 6 2 22 5
0 4 6
297 615 200 515 652 372
0 14 3
527 193 324
0 8 6
745 465 583 541 151 157
0 19 11
525 215 146 736 413 685 605 300 363 225 344
0 11 13
389 646 428 329 707 112 655 643 284 559 763 214 85
0 12 15
270 164 23 328 147 506 427 714 570 690 187 609 353 76 588
0 16 4
218 148 508 53
0 3 1
365
1 10 3
654 569 250
0 20 6
497 620 350 601 638 710
0 9 4
457 330 702 784
0 7 10
88 770 472 338 639 460 495 730 599 26
0 2 8
369 167 357 796 713 66 208 196
1 20 7
125 102 116 586 400 201 641
0 3 6
249 309 37 656 382 61
0 12 2
153 4
0 8 11
205 390 416 414 412 211 311 364 595 554 165
0 18 4
532 134 607 378
0 11 6
312 519 275 1 291 596
1 19 3
590 505 408
0 3 2
573 234
0 17 8
264 544 289 368 621 285 663 661
0 2 7
48 191 462 322 521 717 141
0 8 1
608
0 9 2
612 326
0 5 10
669 233 420 720 474 684 89 561 757 160
0 9 5
448 446 305 231 107
0 18 6
267 207 753 169 533 658
1 13 2
18 294
0 18 15
501 55 482 272 597 650 388 150 224 65 567 742 283 383 445
0 7 13
94 348 303 721 511 665 190 106 735 210 748 406 614
0 12 6
767 379 174 696 59 83
0 7 6
632 377 73 49 63 204
0 7 5
640 320 591 432 795
0 3 13
32 407 277 711 171 226 138 367 715 126 391 103 461
0 3 10
520 761 514 185 440 269 523 504 598 752
0 2 3
51 675 321
0 10 6
220 374 562 114 159 331
0 1 14
464 676 60 418 700 172 131 746 488 760 296 86 301 136
0 2 7
145 343 315 775 466 692 740
0 20 1
776
0 6 9
716 70 335 644 438 415 458 535 687
0 4 6
110 216 292 755 435 36
0 10 11
701 610 52 698 295 539 381 538 642 738 393
0 2 7
286 548 219 307 566 140 695
0 6 10
634 670 681 119 589 618 316 58 304 323
0 7 7
38 39 564 443 13 282 332
0 17 2
503 8
0 18 7
549 782 402 62 437 203 168
0 1 2
477 677
0 12 6
793 71 455 217 43 467
0 2 4
790 558 91 325
0 3 9
356 396 680 430 129 253 375 447 671
0 9 3
536 256 493
0 20 4
334 290 553 386
0 17 4
788 674 90 556
0 20 11
560 662 475 616 259 771 361 34 622 21 127
0 17 8
108 751 75 579 177 487 10 744
0 5 9
429 582 262 479 546 728 20 98 25
0 17 13
545 82 679 410 161 81 617 777 118 14 499 572 682
0 17 4
194 132 308 223
0 2 3
699 628 766
0 7 5
657 339 673 142 354
0 18 10
686 274 422 649 697 524 741 263 244 791
0 15 2
557 480
0 20 3
24 587 571
0 11 10
87 184 279 786 271 729 235 451 723 152
0 14 11
425 473 342 376 257 50 398 636 540 15 706
0 12 7
121 678 522 349 496 192 313
0 19 12
370 470 392 228 186 137 602 17 144 47 781 664
0 3 3
434 100 135
0 9 3
739 341 251
0 18 2
494 758
0 6 12
444 115 280 421 352 733 732 40 513 42 281 287
0 19 5
613 600 534 11 337
0 10 2
397 299
0 3 1
245
0 12 11
173 626 237 743 551 278 255 578 724 189 41
0 3 7
529 0 794 478 672 109 528
0 9 15
258 688 238 756 199 79 399 476 170 384 769 719 96 694 623
0 6 14
635 380 424 347 236 631 29 54 213 99 128 366 232 516
0 17 10
124 319 175 2 404 12 774 162 317 30
0 3 9
178 293 785 772 113 592 580 780 202
0 11 3
647 158 243
0 12 5
183 306 385 565 260
0 14 10
708 718 44 537 773 298 754 355 668 155
0 7 8
3 594 666 442 166 409 433 288
0 13 2
276 123
1 18 3
351 120 333
0 11 4
111 469 577 630
0 2 5
209 624 314 552 491
0 5 12
19 362 265 394 483 31 336 310 222 436 130 659
0 12 3
6 737 22
0 15 7
778 509 704 452 67 517 401
0 17 12
105 97 727 419 797 72 581 709 530 254 762 9
0 11 6
798 584 749 799 604 603
0 20 1
5
0 16 1
7
0 18 1
16
0 32 1
27
0 12 1
28
0 22 1
33
0 12 1
35
0 13 1
45
0 11 1
46
0 37 1
56
0 30 1
57
0 20 1
64
0 22 1
68
0 7 1
69
0 36 1
74
0 38 1
77
0 20 1
78
0 25 1
80
0 23 1
84
0 14 1
92
0 22 1
93
0 27 1
95
0 20 1
101
0 28 1
104
0 21 1
117
0 20 1
122
0 17 1
133
0 16 1
139
0 36 1
143
0 17 1
149
0 16 2
154 387
0 24 1
156
0 23 1
163
0 28 1
176
0 25 1
179
0 20 1
180
0 19 1
181
0 32 1
182
0 15 1
188
0 21 1
195
0 23 1
197
0 19 1
198
0 20 1
206
0 10 1
212
0 17 1
221
0 21 1
227
0 21 1
229
0 8 1
230
0 20 1
239
0 16 1
240
0 21 1
241
0 34 1
242
0 14 1
246
0 14 1
247
0 12 1
248
0 19 1
252
0 15 1
261
0 27 1
266
0 18 1
268
0 18 1
273
0 28 1
302
0 9 1
318
0 12 1
327
0 23 1
340
0 23 1
345
0 24 1
346
0 18 1
358
0 21 1
359
0 13 1
360
0 20 1
371
0 34 1
373
0 25 1
395
0 14 1
403
0 24 1
405
0 10 1
411
0 6 1
417
0 13 1
423
0 10 1
426
0 6 1
431
0 6 1
439
0 24 1
441
0 18 1
449
0 24 1
450
0 27 1
453
0 30 1
454
0 17 1
456
0 40 1
459
0 22 1
463
0 37 1
468
0 9 1
471
0 36 1
481
0 6 1
484
0 20 1
485
0 14 1
486
0 25 1
489
0 20 1
490
0 28 1
492
0 12 2
498 747
0 27 1
500
0 10 1
502
0 24 1
507
0 20 1
510
0 29 1
512
0 35 1
518
0 10 1
526
0 25 1
531
0 14 1
542
0 27 2
543 637
0 30 1
547
0 26 1
550
0 31 1
555
0 18 1
563
0 24 1
568
0 13 1
574
0 27 1
575
0 23 1
576
0 20 1
585
0 40 1
593
0 17 1
606
0 22 1
611
0 11 1
619
0 13 1
625
0 14 1
627
0 16 1
629
0 13 1
633
0 20 1
645
0 20 1
648
0 33 1
651
0 15 1
653
0 19 1
660
0 5 1
667
0 9 1
683
0 16 1
689
0 19 1
691
0 21 1
693
0 14 1
703
0 21 1
705
0 37 1
712
0 28 1
722
0 8 1
725
0 10 1
726
0 15 1
731
0 18 1
734
0 6 1
750
0 16 1
759
0 13 1
764
0 3 1
765
0 37 1
768
0 4 1
779
0 33 1
783
0 15 1
787
0 20 1
789
0 8 1
792
