700 231 1085 10
8 7 28 16 1 16 11 4 4 26 20 30 24 24 14 23 4 18 6 22 22 28 18 3 1 3 4 30 30 11 12 26 9 13 27 18 25 24 28 18 27 28 9 13 22 26 21 12 16 15 24 6 30 8 9 26 16 21 10 15 2 21 1 30 2 29 7 10 17 1 17 1 20 11 12 24 27 25 10 2 14 9 24 6 8 2 25 3 21 21 16 24 21 6 29 19 20 22 16 26 30 27 6 6 9 13 13 20 28 8 26 18 24 9 22 9 6 21 23 10 30 26 16 7 20 30 27 12 20 5 5 17 23 14 24 14 8 17 9 14 14 16 29 15 30 18 8 19 29 16 28 20 22 26 29 20 8 27 16 30 23 1 16 24 22 1 21 24 24 3 2 5 6 20 14 16 9 17 25 10 26 21 7 15 10 7 21 14 29 25 13 3 3 16 14 26 29 30 29 26 30 18 21 14 16 7 28 11 23 11 30 24 19 4 9 29 10 13 13 15 23 6 8 26 19 1 16 5 15 1 15 2 11 27 12 8 19 15 5 9 3 12 25 13 30 23 5 23 26 24 14 7 21 4 5 4 7 20 27 10 9 19 7 25 17 21 19 5 4 30 11 22 5 15 23 28 14 12 26 8 13 3 9 18 16 28 3 9 22 11 21 6 26 25 10 1 26 4 7 26 24 15 27 12 7 24 2 13 13 4 23 25 25 9 25 6 28 21 13 18 20 25 9 2 7 15 8 20 23 7 25 6 21 29 7 6 17 10 19 29 15 30 12 14 15 14 26 2 5 26 10 24 29 10 17 5 3 3 11 20 24 10 18 13 6 7 14 22 7 9 1 29 7 3 17 24 28 4 6 19 18 20 30 19 20 2 24 14 18 18 22 21 9 26 17 18 12 2 1 8 26 24 30 10 24 5 12 3 22 11 8 4 19 18 23 30 1 9 20 9 7 21 4 7 11 9 23 3 26 23 23 9 26 11 26 2 22 28 10 16 11 10 6 30 9 9 29 6 29 27 22 17 20 8 28 19 4 25 20 5 8 5 16 22 16 27 2 13 22 17 4 20 12 30 16 6 5 8 21 12 9 17 23 2 23 10 8 27 16 2 28 28 17 27 12 14 23 2 15 11 5 15 19 13 1 19 19 10 24 4 1 6 23 14 2 3 2 29 13 6 16 16 24 8 28 14 9 21 18 13 9 30 25 29 16 4 2 14 28 10 3 29 4 2 21 6 30 24 18 4 23 9 25 2 20 15 6 20 17 17 1 2 9 19 20 19 3 24 27 20 5 12 6 22 6 11 27 27 19 21 24 12 20 21 23 19 20 11 24 2 15 3 16 13 22 8 16 3 9 24 20 10 9 26 25 27 4 1 18 24 14 29 28 5 6 21 29 19 7 25 6 19 8 8 20 17 16 18 17 1 22 5 30 16 10 16 3 4 7 13 6 4 8 15 9 30 18 9 6 15 3 27 8 14 30 5 14 13 28 7 8 19 10 17 24 1 12 25 15 3 6 3 3 20 4 1 24 12 3 25 23 15 20 16 14 1 9 5 5 16 18 15 9 11 29 2 8 13 8 6
10 29 10 24 8 21 14 27 17 13 29 22 1 8 14 3 20 25 23 4 13 28 14 7 12 11 12 17 26 28 30 15 24 29 11 6 9 7 10 23 9 20 12 8 11 12 4 23 17 27 16 30 27 20 15 2 30 16 11 1 10 18 7 15 4 23 1 1 14 6 22 28 17 27 8 16 10 27 18 1 3 18 12 16 2 1 26 5 22 11 18 9 1 12 8 28 15 22 18 16 11 23 17 20 21 29 14 8 6 26 23 7 19 16 9 24 9 7 19 18 28 3 29 8 13 2 8 27 14 16 8 15 28 9 10 17 21 7 11 14 4 10 27 16 30 5 5 9 21 1 7 13 28 24 24 13 13 23 9 21 26 29 28 6 18 4 18 30 14 3 22 12 19 2 13 22 14 14 22 9 24 30 18 1 22 13 23 10 3 22 21 28 3 19 25 25 13 7 6 16 26 9 12 14 14 11 28 27 2 23 23 19 17 12 7 10 9 17 28 18 15 13 2 5 14 17 1 23 21 3 20 20 23 11 4 19 14 11 14 2 16 26 23 17 4 19 5 9 24 18 24 22 16 29 28 30 5 4 10 16 4 28 20 11 28 15 12 24 14 17 12 8 9 11 1 30 26 4 1 8 7 18 11 10 2 5 6 13 26 14 17 16 10 12 17 24 29 3 11 24 27 19 26 2 22 10 9 23 2 23 3 7 21 10 10 26 10 10 25 18 3 25 20 12 2 28 28 21 13 27 13 24 11 22 19 27 17 20 18 16 12 7 10 26 25 9 23 28 3 28 19 17 16 17 19 11 8 11 24 7 2 7 25 25 15 18 8 13 22 9 29 2 9 20 28 2 21 27 27 2 14 17 25 16 3 17 28 13 30 1 5 2 28 7 5 14 9 27 24 2 28 16 19 25 8 3 25 20 8 1 28 20 26 26 3 24 15 26 24 26 20 4 13 3 28 15 22 15 26 6 8 17 12 7 7 15 12 8 7 30 5 30 30 10 8 17 11 3 13 24 7 12 1 7 9 1 6 23 19 17 11 26 8 13 30 27 22 12 7 29 25 28 26 29 19 5 20 7 26 21 20 10 4 16 6 12 30 21 6 5 11 27 26 8 14 26 9 15 18 9 20 29 9 13 20 10 4 21 19 20 13 17 3 23 30 26 25 23 10 14 29 10 5 24 15 24 4 11 6 22 5 26 8 26 26 30 5 26 8 2 25 11 16 11 19 6 22 24 13 5 24 19 19 27 8 7 10 12 26 11 16 7 25 19 25 14 24 16 22 17 14 9 28 13 26 22 17 28 21 21 11 7 20 24 12 20 19 7 14 11 9 16 20 1 30 7 7 22 19 10 7 17 1 29 21 2 3 6 4 15 14 15 8 1 24 3 11 26 28 7 3 12 24 21 27 15 17 1 5 7 9 13 14 14 22 11 16 9 11 27 8 11 15 11 9 17 23 4 16 3 27 29 13 25 27 16 26 4 29 19 22 10 23 29 8 22 22 14 28 26 29 24 19 24 22 22 23 14 26 17 1 1 15 7 21 27 19 10 22 20 26 23 30 13 9 3 15 24 16 28
0 14 1
473
0 4 4
420 74 601 238
0 14 10
526 134 132 561 626 651 611 524 439 485
0 10 10
395 430 565 161 142 305 137 648 191 222
0 4 3
612 65 128
0 12 3
112 44 217
0 3 6
124 548 178 694 57 281
0 14 4
0 593 80 411
0 19 8
631 481 392 307 351 688 90 660
0 20 6
547 76 643 533 209 499
0 3 6
304 536 356 673 181 398
1 11 7
164 486 678 480 584 667 551
0 2 3
99 665 92
0 9 6
326 258 243 500 508 519
0 20 6
358 280 369 629 389 502
0 15 7
553 676 100 200 498 376 680
0 1 3
475 223 388
1 16 4
476 309 568 428
0 16 8
242 686 479 50 546 422 560 324
0 13 10
220 570 361 103 138 541 353 518 297 435
0 6 3
576 352 436
0 20 3
193 14 607
0 7 7
625 404 368 239 319 194 445
0 3 6
329 98 588 155 550 160
0 14 4
67 563 299 539
0 5 3
599 35 655
1 6 3
501 315 136
0 14 8
96 345 669 514 595 195 63 421
0 8 4
426 413 697 373
0 7 6
656 294 27 377 624 16
1 16 2
391 362
0 3 2
248 70
0 8 9
635 446 494 265 73 129 323 310 507
0 12 11
257 148 75 441 531 89 653 620 679 650 186
0 3 8
87 118 590 314 465 169 671 117
0 3 7
610 393 233 636 60 505 383
0 15 4
39 363 490 135
0 8 4
240 54 79 675
0 19 1
464
0 15 7
463 598 522 234 397 143 203
0 10 5
279 175 690 333 183
1 4 2
270 457
0 15 6
2 662 623 259 381 113
0 16 4
400 325 342 199
0 8 8
41 666 72 33 684 17 162 292
0 4 2
241 254
0 4 5
125 119 250 189 559
0 14 2
387 575
0 9 2
77 537
0 14 14
637 23 306 613 538 86 354 287 677 166 69 458 603 589
0 4 2
170 126
1 17 6
300 262 145 215 229 416
0 11 5
198 154 131 510 511
0 2 4
179 438 211 682
0 14 13
484 34 461 440 617 37 109 268 492 231 360 562 596
0 19 9
372 237 188 289 236 452 49 488 313
0 20 11
247 207 290 115 303 66 263 698 197 320 157
0 16 3
108 330 649
0 15 8
97 59 412 84 654 332 529 418
0 12 3
554 104 121
0 10 6
399 158 151 167 130 497
0 15 11
521 122 558 88 468 604 641 513 379 462 394
0 3 6
308 227 487 401 141 535
0 10 8
691 245 31 448 327 661 370 311
0 8 5
190 659 390 316 147
0 11 8
657 184 95 340 573 334 478 455
0 6 9
174 443 26 556 180 606 527 42 433
0 8 12
58 540 32 483 219 6 346 55 335 567 437 645
0 10 8
171 156 355 110 185 579 642 374
0 12 9
30 450 597 460 339 685 275 283 13
0 19 13
664 192 512 205 378 633 621 286 269 273 506 256 4
0 4 2
619 622
0 15 11
639 302 111 328 253 405 29 509 11 616 608
0 7 7
683 68 408 274 658 581 491
0 13 7
152 638 288 140 284 12 555
0 18 9
423 615 173 591 489 213 632 523 46
0 9 2
249 646
0 19 9
528 580 359 545 221 614 18 51 542
0 3 9
224 582 144 375 214 230 672 150 471
0 7 10
10 337 78 93 534 566 572 544 472 295
0 10 4
583 382 312 94
0 20 8
609 371 470 285 235 477 291 278
0 10 2
85 47
0 15 10
24 417 520 493 276 424 102 365 298 427
1 13 7
687 336 208 48 456 569 159
0 7 5
681 628 187 202 357
0 20 3
605 425 689
0 13 10
149 409 414 40 454 592 696 627 8 204
0 18 7
1 83 331 407 212 25 618
0 5 10
123 5 36 364 670 21 232 82 210 444
0 19 1
296
0 17 1
3
0 10 1
7
0 15 1
9
0 18 1
15
0 12 1
19
0 31 1
20
0 18 1
22
0 15 1
28
0 29 1
38
0 27 1
43
0 29 1
45
0 13 1
52
0 26 1
53
0 23 1
56
0 14 1
61
0 14 1
62
0 39 1
64
0 11 1
71
0 27 1
81
0 20 1
91
0 23 1
101
0 18 1
105
0 29 1
106
0 17 1
107
0 30 1
114
0 33 1
116
0 28 1
120
0 13 1
127
0 23 1
133
0 24 1
139
0 20 1
146
0 33 1
153
0 21 1
163
0 21 1
165
0 25 1
168
0 15 1
172
0 19 1
176
0 26 1
177
0 32 1
182
0 12 1
196
0 28 1
201
0 17 1
206
0 33 1
216
0 10 1
218
0 39 1
225
0 31 1
226
0 16 1
228
0 39 1
244
0 12 1
246
0 18 1
251
0 17 1
252
0 19 1
255
0 11 1
260
0 11 1
261
0 30 1
264
0 22 1
266
0 18 1
267
0 29 1
271
0 39 1
272
0 35 1
277
0 19 1
282
0 25 1
293
0 13 1
301
0 19 1
317
0 27 1
318
0 16 1
321
0 19 1
322
0 6 1
338
0 29 1
341
0 18 1
343
0 22 1
344
0 21 1
347
0 26 1
348
0 17 1
349
0 16 1
350
0 22 1
366
0 15 1
367
0 20 1
380
0 15 1
384
0 11 1
385
0 11 1
386
0 40 1
396
0 29 1
402
0 27 2
403 469
0 7 1
406
0 30 1
410
0 24 1
415
0 11 1
419
0 22 1
429
0 15 1
431
0 20 1
432
0 39 1
434
0 24 1
442
0 28 1
447
0 29 1
449
0 28 1
451
0 8 1
453
0 9 1
459
0 21 1
466
0 33 1
467
0 33 1
474
0 13 1
482
0 28 1
495
0 15 1
496
0 21 1
503
0 17 1
504
0 27 1
515
0 23 1
516
0 32 1
517
0 34 1
525
0 12 1
530
0 23 1
532
0 22 1
543
0 14 1
549
0 17 1
552
0 16 1
557
0 26 1
564
0 28 1
571
0 35 1
574
0 22 1
577
0 20 1
578
0 6 1
585
0 24 1
586
0 11 1
587
0 18 1
594
0 23 1
600
0 35 1
602
0 30 1
630
0 32 1
634
0 14 1
640
0 39 1
644
0 32 1
647
0 13 1
652
0 25 1
663
0 34 1
668
0 10 1
674
0 24 1
692
0 32 1
693
0 35 1
695
0 24 1
699
