800 253 1240 9
10 26 17 4 9 3 20 10 11 4 28 21 24 23 10 5 13 24 4 6 25 20 14 23 23 21 13 24 3 24 3 29 2 9 20 23 2 19 3 10 29 30 21 3 11 29 28 8 10 3 7 28 1 30 30 9 30 18 17 21 19 6 13 17 2 19 25 13 29 9 4 19 6 9 13 25 5 19 24 9 13 12 21 22 9 14 4 12 9 14 6 11 3 12 5 7 20 18 21 17 13 5 20 1 15 6 24 16 9 18 12 8 3 20 6 27 10 23 1 7 10 6 30 19 11 26 25 7 20 7 27 16 22 13 3 21 17 25 22 25 29 24 1 21 4 27 28 5 21 23 18 16 22 8 16 20 30 18 24 20 8 16 17 12 29 20 25 23 28 2 1 3 20 4 15 7 7 18 7 1 18 4 7 22 20 22 11 24 28 4 5 18 4 23 26 16 3 7 17 20 23 4 20 5 15 12 9 2 9 19 13 1 3 11 4 7 16 28 24 12 21 6 18 22 10 20 10 3 21 8 12 28 9 24 28 20 28 21 3 9 26 3 27 17 29 26 30 8 14 15 18 29 19 10 30 26 26 5 17 25 18 28 14 11 30 27 20 19 15 24 23 25 19 2 9 11 24 14 21 8 19 3 4 13 24 14 3 25 22 12 22 13 3 11 24 13 10 9 10 28 18 30 17 15 17 28 29 20 6 13 27 25 18 15 23 17 10 14 4 19 22 11 13 1 2 12 10 3 14 21 28 15 9 24 13 25 15 10 4 12 15 29 28 27 22 22 18 16 5 18 23 5 11 14 29 29 11 14 6 23 28 22 27 9 8 18 29 24 25 30 12 20 6 15 26 22 1 23 9 22 25 24 7 11 12 1 24 25 10 9 3 3 23 9 30 26 12 25 2 29 15 23 26 1 4 25 14 6 7 26 10 18 9 4 15 8 24 18 12 15 7 9 6 12 28 2 29 2 2 20 5 20 2 6 28 5 25 15 27 27 1 13 22 4 1 25 13 8 26 3 27 21 7 18 13 21 23 22 12 4 7 7 10 28 25 24 30 2 26 15 3 3 25 7 13 17 16 29 12 27 10 18 24 2 29 22 18 18 20 11 26 13 9 2 29 8 12 25 1 7 12 28 9 5 22 11 9 6 26 25 28 24 10 3 23 19 15 13 13 15 24 23 11 5 10 7 12 26 26 23 19 25 2 22 1 17 19 29 11 20 25 28 24 22 2 11 12 5 15 30 30 23 20 24 22 29 15 9 20 12 4 21 27 1 4 28 30 17 15 6 20 3 14 15 20 6 27 22 13 24 11 9 26 12 7 6 21 10 7 14 6 30 2 26 28 10 10 26 17 18 5 18 13 11 8 23 22 15 13 21 19 23 4 18 5 25 11 23 27 16 13 5 30 15 28 16 5 1 25 8 17 21 7 17 4 16 1 10 4 22 13 4 12 15 24 15 19 23 23 21 12 28 23 12 21 8 27 20 22 15 28 28 19 5 2 25 20 30 26 13 14 5 5 26 18 14 30 29 24 20 12 25 7 26 14 22 26 5 30 7 24 13 29 14 7 1 19 15 15 16 8 3 9 21 3 7 4 15 26 22 17 21 7 16 18 28 9 2 22 22 11 17 21 11 8 12 1 29 1 10 5 19 27 8 24 27 23 15 14 1 16 10 27 23 27 1 18 30 27 3 1 23 24 8 22 29 17 29 24 7 17 29 30 25 8 22 1 6 14 4 11 17 23 23 11 13 5 2 24 21 19 3 17 23 14 6 28 9 24 19 20 17 24 29 9 28 25 24 1 28
19 12 2 22 26 11 7 30 11 13 28 1 16 7 24 18 15 8 19 7 24 26 14 17 9 8 16 16 15 22 8 14 16 25 18 11 29 5 25 7 11 16 11 7 25 10 25 28 23 26 18 11 23 9 4 17 20 21 18 21 27 3 5 12 8 22 8 16 11 17 1 14 18 19 6 12 25 2 17 22 15 2 11 26 26 3 23 12 21 10 6 9 5 2 6 29 4 28 5 23 30 30 14 11 30 3 26 28 16 27 2 29 8 8 9 13 4 21 12 11 19 2 28 10 6 2 8 3 21 13 25 2 16 17 22 19 30 4 3 18 21 27 26 29 28 18 17 16 10 6 13 20 12 22 3 26 16 24 28 13 11 23 28 3 20 4 22 11 26 5 30 29 15 16 8 7 24 28 27 6 13 14 11 29 2 4 8 9 22 5 9 23 15 24 29 29 7 19 14 28 30 17 10 17 27 10 16 12 22 20 12 8 16 11 24 7 30 3 7 24 7 2 12 10 15 11 6 13 3 3 20 13 30 6 9 18 1 9 12 19 10 19 7 28 19 1 7 8 27 21 15 7 16 2 19 3 3 12 17 4 11 11 26 16 25 16 14 22 9 19 10 10 4 11 17 6 23 6 3 26 24 18 14 20 26 30 2 16 16 29 22 16 21 24 15 24 1 22 5 19 4 7 11 9 22 5 13 2 19 5 6 12 17 7 14 3 28 22 12 24 23 7 23 7 30 26 20 2 16 8 30 2 16 20 27 8 27 12 12 8 2 8 24 18 20 10 11 11 10 13 5 19 9 11 26 9 9 1 20 15 25 6 12 12 25 24 7 17 24 27 21 20 10 8 30 2 23 14 24 6 29 14 18 10 30 22 20 17 5 30 16 25 24 17 19 14 24 15 23 15 22 4 6 17 14 26 10 11 13 9 2 16 4 5 21 30 1 11 29 29 17 25 28 6 30 25 1 29 27 11 29 17 18 2 1 29 15 26 9 3 10 2 11 24 9 13 5 10 17 15 1 7 8 24 18 12 27 1 23 9 9 12 8 27 5 8 6 4 15 30 15 26 4 26 1 20 27 25 22 24 23 17 19 10 23 25 15 17 2 2 10 24 18 6 14 18 17 24 27 15 14 25 6 13 19 13 9 2 27 19 13 3 29 11 3 18 29 21 24 13 8 27 10 20 28 29 7 16 1 13 19 29 25 23 11 29 10 26 11 21 21 11 18 14 10 16 1 13 5 16 13 27 27 26 3 9 14 4 15 21 2 21 9 4 30 19 14 9 20 25 17 4 4 23 22 23 27 8 26 11 27 13 13 7 21 7 25 14 20 8 2 24 22 3 23 22 21 7 11 16 4 7 5 12 30 12 22 2 15 28 3 16 13 2 19 6 3 22 18 12 25 19 21 2 9 24 20 6 30 4 17 24 19 29 2 4 13 4 22 30 4 25 26 9 8 28 5 22 9 2 6 21 23 27 25 9 5 21 17 23 19 20 30 14 2 26 2 8 19 5 6 11 22 19 5 26 30 24 23 15 9 23 21 24 7 29 27 5 9 27 15 20 18 28 23 15 1 8 6 7 3 5 7 9 27 27 14 4 22 11 9 15 4 14 12 25 20 28 1 6 24 7 11 13 22 6 26 23 23 19 25 24 28 25 10 9 1 18 9 12 15 15 7 10 22 26 19 28 25 14 16 18 7 18 9 27 26 30 11 22 24 24 13 28 14 24 6 25 26 9 23 24 23 2 9 4 8 6 21 15 13 12 10 6 14 21 6 7 21 12 12 20 22 10 20 6 13 19 2 5
0 5 10
270 585 774 785 711 330 247 363 479 622
0 4 9
284 292 62 582 764 675 659 359 617
0 1 3
512 524 38
0 19 7
354 667 615 694 374 99 686
1 15 6
682 360 98 552 382 190
0 6 4
243 613 203 34
0 6 13
161 523 589 538 339 704 228 412 650 700 313 571 398
0 9 5
474 110 383 119 217
0 7 12
528 495 529 25 89 787 551 83 789 321 371 509
0 1 1
565
0 11 8
570 207 697 554 289 786 385 712
0 12 10
61 644 456 542 743 540 166 763 96 225
0 1 6
662 630 638 28 494 242
0 16 14
727 547 447 606 503 214 591 784 39 799 72 448 14 666
0 20 4
272 87 566 159
0 10 3
168 493 530
0 8 11
27 174 706 223 282 206 487 668 37 758 111
0 12 13
123 492 138 581 612 271 404 618 769 588 257 710 775
0 12 5
102 756 170 195 740
0 16 9
770 47 117 53 309 269 658 707 249
0 3 11
427 643 60 732 790 796 562 145 560 204 162
0 19 2
579 619
0 6 8
508 274 286 235 45 749 762 674
0 6 5
516 567 120 657 665
0 13 3
381 633 783
0 11 4
73 236 259 499
0 12 10
67 788 691 193 501 344 201 139 669 481
0 8 7
485 335 793 30 568 429 332
0 9 10
645 595 625 663 384 646 696 183 472 734
0 15 6
513 425 500 133 445 182
0 12 10
148 56 535 373 304 92 768 82 305 731
0 14 6
673 121 702 419 52 387
0 11 10
621 127 777 575 278 791 103 186 600 442
0 17 13
753 724 403 165 266 244 378 460 209 233 372 219 331
0 19 11
402 216 178 407 114 736 267 303 467 325 504
0 18 4
252 414 679 293
0 15 11
156 564 255 31 135 301 422 341 573 33 416
0 19 3
386 158 51
0 9 2
507 125
0 3 11
437 510 351 561 90 681 68 275 80 522 57
0 18 11
364 218 483 475 624 683 459 601 446 670 347
0 3 6
399 296 544 400 797 452
0 4 4
44 627 527 480
0 15 6
245 377 361 154 396 196
0 15 7
326 100 742 455 637 690 101
0 5 10
773 393 15 279 722 264 559 614 107 340
0 20 1
63
0 12 7
346 433 576 338 112 766 698
0 12 10
268 634 708 719 333 128 514 431 760 729
0 13 6
765 520 144 105 593 106
0 14 4
7 253 636 5
0 10 14
356 54 151 369 153 189 392 79 77 167 132 521 689 677
0 16 11
357 350 287 779 655 642 435 798 345 124 639
1 1 9
491 518 328 231 74 180 755 432 443
0 2 9
176 463 294 413 95 197 230 379 337
0 11 5
306 569 198 496 583
0 2 14
656 169 137 24 368 8 299 291 358 362 177 376 188 482
0 20 13
390 64 735 558 55 648 609 283 397 4 324 590 652
0 12 4
353 69 685 661
0 10 4
761 635 0 726
0 2 9
263 85 739 29 440 714 199 288 525
0 6 5
720 97 733 215 745
0 5 2
678 35
0 3 4
71 555 213 76
0 6 8
549 365 91 434 261 370 750 490
0 15 9
438 436 563 505 484 608 502 65 84
0 17 13
473 43 391 149 258 78 251 415 367 323 792 532 536
0 6 5
50 599 246 224 464
0 11 7
705 654 641 239 94 307 597
0 13 9
541 699 746 671 290 451 157 688 134
0 17 2
1 147
0 20 1
118
0 7 6
66 660 462 308 12 17
1 6 4
222 238 113 718
0 6 7
780 411 781 322 343 171 316
0 13 9
262 587 46 647 389 300 210 248 40
0 18 2
13 115
0 17 4
136 449 607 439
0 6 8
2 428 548 240 285 754 172 32
0 18 3
519 22 329
0 9 3
184 470 104
0 11 7
36 93 58 497 352 408 200
0 19 8
517 721 302 594 421 539 234 757
0 1 7
744 21 725 336 227 250 596
0 19 11
631 578 10 680 751 738 320 185 315 194 208
0 6 2
603 187
0 17 5
146 713 265 794 126
0 7 9
319 649 543 717 348 140 280 310 572
0 2 6
672 577 150 409 723 772
0 1 3
546 795 778
0 5 3
767 163 653
1 29 1
3
1 23 1
6
1 35 1
9
1 22 1
11
1 36 1
16
1 21 1
18
1 11 1
19
1 31 1
20
1 33 1
23
1 20 1
26
1 22 1
41
1 20 1
42
1 23 1
48
1 13 1
49
1 17 1
59
1 32 1
70
1 24 1
75
1 16 1
81
1 24 1
86
1 10 1
88
1 18 1
108
1 14 1
109
1 14 1
116
1 17 1
122
1 19 1
129
1 19 1
130
1 9 1
131
1 24 1
141
1 16 1
142
1 30 1
143
1 29 1
152
1 19 1
155
1 14 1
160
1 33 1
164
1 19 1
173
1 13 1
175
1 25 1
179
1 18 1
181
1 20 1
191
1 17 1
192
1 25 1
202
1 25 1
205
1 22 1
211
1 20 1
212
1 15 1
220
1 23 1
221
1 22 1
226
1 24 1
229
1 22 1
232
1 13 1
237
1 27 1
241
1 22 1
254
1 35 1
256
1 10 1
260
1 24 1
273
1 7 1
276
1 18 1
277
1 16 1
281
1 18 1
295
1 22 1
297
1 10 1
298
1 16 1
311
1 17 1
312
1 17 1
314
1 5 1
317
1 27 2
318 580
1 20 1
327
1 24 1
334
1 7 1
342
1 29 1
349
1 14 1
355
1 37 1
366
1 19 1
375
1 13 1
380
1 21 1
388
1 27 1
394
1 26 1
395
1 22 1
401
1 25 1
405
1 17 1
406
1 25 2
410 728
1 31 1
417
1 20 1
418
1 6 1
420
1 20 1
423
1 15 1
424
1 23 1
426
1 8 1
430
1 17 1
441
1 11 1
444
1 13 1
450
1 20 1
453
1 4 1
454
1 15 1
457
1 14 1
458
1 19 1
461
1 26 1
465
1 27 1
466
1 23 1
468
1 18 1
469
1 25 1
471
1 15 1
476
1 31 1
477
1 30 1
478
1 21 1
486
1 25 1
488
1 32 1
489
1 9 1
498
1 15 1
506
1 6 1
511
1 27 1
515
1 7 1
526
1 15 1
531
1 21 1
533
1 17 1
534
1 29 1
537
1 25 1
545
1 27 1
550
1 22 1
553
1 15 1
556
1 20 1
557
1 36 1
574
1 14 1
584
1 14 1
586
1 39 1
592
1 7 1
598
1 16 1
602
1 36 1
604
1 16 1
605
1 38 1
610
1 16 1
611
1 24 1
616
1 24 1
620
1 29 1
623
1 19 1
626
1 25 1
628
1 14 1
629
1 18 1
632
1 26 1
640
1 15 1
651
1 28 1
664
1 19 1
676
1 17 1
684
1 15 1
687
1 13 1
692
1 19 1
693
1 30 1
695
1 35 1
701
1 25 1
703
1 28 1
709
1 26 1
715
1 6 1
716
1 11 1
730
1 25 1
737
1 23 1
741
1 39 1
747
1 26 1
748
1 7 1
752
1 30 1
759
1 27 1
771
1 13 1
776
1 11 1
782
