500 172 775 10
6 27 24 26 18 6 19 7 22 12 8 5 20 25 30 17 1 13 3 27 14 16 9 15 9 18 28 22 18 4 10 19 1 25 18 17 7 9 6 28 19 3 1 13 10 23 6 20 13 7 29 29 16 27 28 11 14 13 29 15 8 22 3 1 19 27 21 13 25 5 17 19 6 13 16 26 26 15 4 17 3 23 12 3 6 12 28 20 17 21 26 2 3 6 18 10 20 28 5 5 25 12 12 12 19 28 4 21 23 21 29 23 29 3 11 26 4 13 13 25 21 11 5 7 27 19 18 8 15 15 19 28 1 19 3 11 18 5 23 18 21 10 7 5 8 21 3 18 1 7 9 27 18 8 23 13 30 11 16 28 13 28 21 15 4 22 16 4 22 28 10 12 10 5 11 23 3 16 29 7 15 20 8 28 5 10 16 5 12 29 7 7 9 19 4 25 25 8 15 1 5 17 24 28 17 8 2 13 28 7 25 13 16 30 18 8 19 29 14 24 30 29 26 21 6 20 15 20 14 18 20 12 3 6 25 19 28 4 11 8 14 10 8 5 23 11 3 12 22 22 4 19 18 7 4 19 9 28 21 1 17 18 21 1 7 18 7 16 21 30 24 4 22 21 9 17 17 1 7 15 26 21 11 18 7 18 19 11 2 28 1 2 2 15 13 26 26 23 5 13 21 10 1 15 26 5 25 7 21 12 1 15 7 10 2 9 24 25 28 14 14 29 28 5 20 8 10 29 4 10 10 22 30 3 12 10 18 6 30 5 9 5 22 21 4 28 22 2 11 7 8 3 8 21 18 8 21 1 14 22 10 14 1 29 7 28 19 21 6 8 26 7 20 9 28 13 2 4 15 17 20 15 7 22 22 17 5 12 14 25 1 9 8 23 20 26 23 20 27 9 24 10 11 18 18 26 21 14 9 1 10 16 1 17 27 23 5 17 7 26 4 28 29 10 14 24 10 14 2 8 11 10 30 23 20 24 10 29 29 26 11 12 24 4 23 30 8 15 18 9 25 9 5 4 18 17 2 7 2 23 23 1 8 16 26 8 18 25 21 27 7 23 20 29 5 25 30 22 9 24 26 4 11 12 9 25 24 4 15 8 16 27 23 24 11 25 11 13 22 28
12 13 14 2 6 17 19 13 7 15 26 22 3 27 20 10 18 28 19 28 23 8 2 2 1 13 2 9 14 13 4 22 6 6 10 29 3 21 5 5 5 10 28 27 14 9 23 3 23 29 16 21 25 2 4 19 21 9 26 26 1 25 22 26 7 10 20 22 25 6 6 23 15 6 29 1 24 1 15 15 3 25 15 1 4 29 6 2 7 15 19 9 5 20 25 21 26 30 9 11 1 21 17 25 2 13 5 2 4 11 3 24 19 26 1 28 17 8 5 18 23 7 13 16 24 17 24 20 22 19 27 14 23 19 19 25 17 8 1 20 21 10 18 30 5 25 22 12 11 18 7 4 18 3 28 3 12 5 1 22 28 30 18 29 5 25 16 13 22 28 28 11 19 15 6 5 5 25 11 7 23 19 6 25 19 10 29 28 1 8 10 25 4 15 27 20 15 12 11 16 21 21 30 25 21 29 21 14 12 8 13 4 2 18 12 11 14 5 24 29 19 17 19 6 5 7 15 29 28 29 3 21 26 4 29 2 17 17 25 3 6 17 21 5 2 18 10 25 18 30 14 21 6 19 2 23 15 30 18 10 5 27 19 6 5 25 6 9 13 15 23 22 16 20 14 28 23 24 24 12 14 20 16 17 22 14 5 12 15 12 23 17 20 21 15 6 24 7 27 27 9 4 21 6 8 23 9 28 4 24 24 11 12 1 7 19 23 9 22 27 13 3 21 19 6 19 13 10 30 28 20 11 4 22 11 17 10 7 2 11 21 5 24 7 26 6 18 16 28 29 7 2 17 3 11 29 12 26 14 29 10 8 10 10 6 1 6 1 22 27 3 16 6 4 1 5 15 13 3 24 22 17 14 24 1 20 19 16 27 5 1 25 10 22 7 1 15 24 28 22 14 19 12 26 22 6 15 8 24 21 28 11 14 30 16 14 30 17 8 3 4 21 14 13 12 4 11 5 28 26 15 6 26 24 30 11 19 20 15 6 27 29 15 13 9 18 9 22 22 1 14 13 3 9 26 30 11 5 1 13 12 7 12 20 27 29 8 5 20 1 22 18 18 26 5 14 20 5 30 9 11 8 13 11 19 27 27 10 20 30 21 22 5 1 27 30 7 3 14 29
0 1 7
186 481 241 1 393 312 385
0 8 5
396 124 165 177 279
0 6 8
172 192 193 12 71 234 380 349
0 1 8
223 482 121 332 347 345 350 304
1 5 10
257 149 414 120 399 244 54 499 254 367
0 7 6
409 326 354 390 72 379
0 12 4
451 454 225 221
0 11 7
467 273 212 164 122 388 75
0 16 3
139 456 215
0 17 8
89 4 170 384 397 32 412 265
0 13 8
34 129 371 91 479 290 269 360
0 5 3
268 394 319
0 11 7
114 282 316 159 416 447 438
0 2 5
370 60 156 366 80
0 8 6
420 493 236 311 94 21
0 11 5
407 395 485 352 66
0 3 3
323 249 135
0 4 2
276 372
0 10 5
143 435 343 51 142
0 1 5
20 299 413 189 27
0 1 2
462 50
1 6 3
301 344 356
1 16 9
15 200 410 128 173 251 226 196 335
0 20 7
70 497 178 346 123 422 495
0 7 8
318 231 134 431 40 243 57 105
0 10 8
285 23 286 404 198 98 199 138
0 14 6
361 378 233 169 374 336
1 11 7
88 294 109 117 86 158 307
0 14 6
457 195 130 362 2 248
1 12 2
498 218
0 3 5
421 90 161 125 264
0 14 4
427 76 446 303
0 3 8
107 475 194 351 205 325 73 473
0 7 7
55 415 364 35 41 288 3
0 2 1
278
0 10 7
425 334 11 368 470 306 391
1 18 4
492 131 183 458
0 18 3
62 387 329
0 9 3
53 464 450
0 15 7
359 240 436 373 365 83 341
0 7 5
267 261 418 317 84
0 14 6
36 111 432 144 363 443
0 12 2
185 26
0 15 5
228 468 78 235 453
0 20 5
477 118 480 203 253
0 8 5
305 67 490 434 342
0 10 6
408 87 180 324 232 320
0 4 4
230 45 28 132
0 18 2
59 106
1 13 4
489 295 444 247
0 2 3
250 147 49
0 10 2
9 496
0 18 5
386 419 382 472 8
0 2 6
39 168 160 99 338 358
0 15 9
209 463 108 133 424 63 206 47 331
0 9 6
217 148 100 38 68 293
0 7 5
314 102 176 104 154
0 5 3
439 222 33
0 2 3
300 29 127
0 12 4
283 309 284 82
0 8 5
466 191 445 494 46
1 16 7
210 281 322 174 287 150 61
0 5 4
182 392 19 79
0 5 9
18 441 56 110 14 16 398 474 140
0 1 6
214 400 126 201 417 459
0 14 5
263 313 433 315 224
0 6 1
469
0 3 8
339 277 340 96 167 162 31 333
0 3 8
256 116 237 171 291 271 213 152
0 15 4
145 220 488 141
0 16 3
297 449 157
1 16 3
402 289 5
1 14 8
448 30 187 238 43 137 292 321
0 10 3
270 155 442
0 3 6
204 430 252 175 119 219
0 7 8
405 403 166 112 296 308 69 7
0 12 4
184 423 460 455
0 13 1
74
0 7 2
369 92
0 21 1
0
0 19 1
6
0 6 1
10
0 17 1
13
0 30 1
17
0 25 1
22
0 21 1
24
0 24 1
25
0 11 1
37
0 17 1
42
0 29 1
44
0 9 1
48
0 23 1
52
0 33 1
58
0 32 1
64
0 27 1
65
0 23 1
77
0 13 1
81
0 22 1
85
0 14 1
93
0 21 1
95
0 10 1
97
0 28 1
101
0 20 1
103
0 15 1
113
0 17 1
115
0 32 1
136
0 3 1
146
0 24 1
151
0 17 1
153
0 38 1
163
0 18 1
179
0 21 1
181
0 8 1
188
0 18 1
190
0 17 1
197
0 16 1
202
0 14 1
207
0 12 1
208
0 20 1
211
0 23 1
216
0 14 1
227
0 4 1
229
0 13 1
239
0 32 1
242
0 15 1
245
0 20 1
246
0 22 1
255
0 13 1
258
0 12 1
259
0 7 1
260
0 22 1
262
0 21 1
266
0 8 1
272
0 6 1
274
0 17 1
275
0 18 1
280
0 13 1
298
0 28 1
302
0 25 1
310
0 15 1
327
0 18 1
328
0 25 1
330
0 30 1
337
0 22 1
348
0 21 1
353
0 17 1
355
0 14 1
357
0 6 1
375
0 27 1
376
0 12 1
377
0 11 1
381
0 3 1
383
0 15 1
389
0 22 1
401
0 19 1
406
0 8 1
411
0 14 1
426
0 31 1
428
0 28 1
429
0 23 1
437
0 26 1
440
0 7 1
452
0 30 1
461
0 13 1
465
0 21 1
471
0 24 1
476
0 10 1
478
0 17 1
483
0 9 1
484
0 24 1
486
0 37 1
487
0 14 1
491
