800 249 1240 9
16 9 13 25 18 23 27 30 22 1 29 10 25 3 1 10 5 3 20 4 4 24 27 22 8 13 1 16 3 8 24 9 13 5 29 17 23 3 23 18 11 19 17 9 7 22 23 1 12 25 24 7 24 15 9 25 9 1 17 26 21 24 30 26 30 20 13 9 23 10 15 5 6 28 5 8 19 11 13 29 3 30 6 19 27 20 4 29 4 1 25 4 29 1 14 29 15 22 17 14 29 29 4 14 7 11 22 6 22 12 28 2 11 10 24 6 28 9 17 14 6 23 28 24 11 4 18 23 29 22 13 22 19 24 25 16 4 22 3 26 12 25 17 27 5 10 7 3 21 30 7 16 13 15 5 5 12 17 26 28 7 13 20 22 14 18 7 28 14 16 27 20 2 16 21 2 23 26 28 7 2 30 2 9 6 27 24 24 9 30 13 24 4 11 7 17 23 22 29 11 25 30 13 8 4 30 3 25 18 17 10 30 14 11 4 1 2 3 11 18 9 30 10 4 13 30 15 9 25 15 29 7 19 19 24 5 11 18 18 20 14 12 22 21 5 18 11 3 28 2 16 18 12 6 10 10 1 27 8 7 30 5 16 30 15 11 1 3 12 9 25 8 3 25 2 10 20 16 20 1 28 13 27 9 24 15 25 10 1 9 6 14 10 1 12 11 19 11 29 3 5 2 24 7 7 8 13 30 4 10 16 8 24 5 29 29 23 17 12 14 20 29 30 23 22 9 26 11 1 5 6 21 3 15 23 24 30 17 11 30 18 28 28 1 10 11 12 17 11 6 23 9 19 12 10 24 6 16 14 15 29 10 20 14 13 26 7 4 4 3 7 15 7 4 2 7 18 11 22 17 26 2 20 6 21 28 13 16 19 21 29 4 13 28 11 5 28 4 17 5 19 1 8 1 5 4 9 19 16 20 21 16 12 7 23 30 12 9 26 15 4 19 12 3 10 13 17 7 18 27 23 26 15 30 9 27 3 5 4 22 24 10 12 9 24 16 26 7 6 12 9 21 29 30 1 2 13 20 8 11 8 12 29 5 26 20 27 1 5 28 12 9 12 8 27 27 7 17 20 13 29 15 18 5 26 29 11 10 5 6 3 16 25 23 26 21 14 6 25 29 8 17 11 9 13 17 23 22 18 21 19 7 2 25 25 18 10 11 12 4 4 25 16 19 21 13 13 19 11 24 14 15 8 27 23 22 21 16 23 16 20 20 22 20 9 7 10 28 6 26 17 7 28 4 20 9 9 5 1 18 17 25 29 2 14 17 2 27 16 27 21 16 23 24 26 16 11 26 17 2 5 2 30 4 26 9 6 18 20 16 3 17 29 6 20 11 13 10 14 25 26 20 15 30 18 1 24 17 6 1 2 3 4 26 26 10 6 29 4 23 16 17 28 28 1 4 12 6 13 13 13 21 17 17 27 5 21 7 27 1 2 27 5 19 11 5 7 18 16 5 25 6 20 19 19 8 24 29 10 10 4 12 1 25 7 28 17 25 4 27 23 14 17 20 15 28 1 13 17 10 26 16 4 9 24 23 14 12 9 28 7 22 8 7 1 5 13 1 9 10 5 1 21 7 23 8 6 14 5 15 6 18 13 20 23 16 30 12 21 25 12 16 4 23 15 6 26 7 22 25 13 24 15 25 6 4 8 5 20 12 29 12 3 4 24 7 22 8 5 5 12 13 16 17 11 25 6 23 29 11 18 7 5 8 30 12 15 9 13 30 13 14 21 29 16 13 20 14 20 5 18 17 1 12 17 19 27 28 13 22 24 2 30 27 15 28 8 10 24 16
20 23 8 30 13 9 7 11 5 18 21 24 25 9 15 18 12 2 22 22 22 29 8 5 11 25 30 17 24 24 19 12 13 6 16 14 12 8 2 8 4 11 28 17 15 28 14 18 23 2 23 15 13 10 16 11 3 15 22 28 12 21 14 11 10 28 9 24 23 6 8 17 22 16 16 9 11 19 10 8 2 16 9 17 13 4 7 22 16 16 1 22 30 14 15 14 3 10 5 22 2 6 22 28 12 15 24 21 16 20 1 27 5 6 20 27 2 30 8 19 26 4 23 17 6 2 3 6 13 3 20 19 26 4 22 27 20 3 20 17 24 16 15 15 17 17 13 13 24 30 20 6 5 16 13 25 25 6 7 18 30 16 6 8 17 6 18 14 26 16 25 3 14 12 24 26 28 23 12 21 4 6 28 26 25 15 14 17 5 25 13 7 2 10 18 29 11 15 17 14 5 9 13 17 16 14 3 10 17 20 16 20 7 30 21 29 22 14 30 17 19 3 18 6 13 27 29 15 29 10 21 26 10 13 25 23 29 6 22 23 29 8 26 17 2 24 14 6 1 5 4 7 3 25 14 5 10 27 18 29 25 18 26 24 19 21 7 18 18 27 1 17 6 4 6 6 4 28 7 4 27 16 9 10 12 24 9 20 5 8 14 4 30 15 2 16 24 20 10 8 26 11 16 25 30 12 10 11 7 23 30 19 13 10 25 26 15 25 4 16 7 19 11 28 17 11 25 30 18 29 12 1 23 16 3 4 18 26 9 10 30 29 15 11 26 1 4 13 4 22 6 3 22 11 29 4 14 6 6 26 13 20 17 15 8 1 14 18 5 16 4 21 20 28 13 3 28 15 19 20 23 26 2 2 6 6 1 26 9 8 23 3 29 8 26 23 29 5 7 12 16 14 28 11 5 3 20 26 1 5 26 12 25 29 3 28 12 24 24 22 29 25 15 19 5 10 21 11 23 30 27 4 14 26 9 15 11 17 20 2 11 7 10 29 1 10 1 15 28 27 3 18 15 22 19 25 21 15 28 19 23 28 6 24 12 23 20 30 30 4 9 8 17 27 22 24 1 21 10 23 22 16 24 11 18 30 30 23 30 19 24 30 1 18 13 29 23 17 16 15 3 24 17 14 28 28 28 4 4 10 11 11 26 1 25 20 20 11 4 14 10 10 17 4 3 28 19 28 17 16 20 12 10 14 17 29 27 25 24 15 2 5 22 14 20 23 24 20 2 5 7 6 22 22 23 10 6 3 25 10 15 8 17 28 13 8 21 22 27 27 19 22 14 5 21 12 9 13 29 28 18 4 10 27 6 8 6 13 20 2 28 11 9 2 2 27 12 28 27 7 9 6 24 18 14 18 18 15 24 19 25 21 7 30 25 16 5 8 25 10 30 30 25 25 15 16 24 10 23 16 7 21 28 6 13 11 25 26 26 24 27 27 21 5 15 24 11 22 17 29 23 6 20 25 1 23 26 29 16 21 25 6 5 11 9 9 6 12 15 9 25 22 29 11 10 18 12 19 19 20 24 22 17 16 8 2 11 4 23 21 5 21 10 26 2 16 16 17 18 15 12 2 18 14 16 28 26 6 21 18 17 3 9 2 24 28 22 21 17 6 7 5 11 4 24 4 20 14 21 10 6 25 19 17 30 29 8 24 13 15 15 4 2 5 30 19 22 19 1 20 4 14 1 8 1 14 1 14 5 24 2 28 11 3 25 3 5 26 18 5 27 8 28 8 7 27 19 4 7 20 12 27 10 15 1 24 11 17 21 27 6 7 19 1 10 1 3 30 8 17
0 14 3
591 28 599
0 18 12
780 35 416 387 306 548 382 37 740 45 592 90
1 1 12
257 350 631 38 322 728 706 242 478 495 76 410
1 13 7
431 583 375 670 331 169 193
0 19 6
277 84 536 793 205 612
0 3 3
691 123 85
0 6 2
135 299
0 20 2
403 243
0 6 3
766 754 606
0 18 8
185 622 448 645 702 247 575 284
0 9 9
763 568 95 252 562 799 722 150 358
0 2 8
466 219 7 759 499 785 411 213
0 9 3
361 224 304
0 15 5
174 2 626 680 338
0 18 3
253 602 663
0 2 9
692 231 619 686 712 576 178 98 687
0 20 6
258 795 673 254 234 197
0 8 9
455 585 531 747 324 665 546 761 769
0 1 8
3 407 560 776 698 704 391 107
0 13 11
332 639 10 50 385 709 544 255 364 524 160
0 8 8
400 635 771 312 389 476 494 149
0 20 5
118 301 402 132 55
0 12 4
537 122 552 525
0 2 4
720 701 772 773
0 11 4
662 275 556 643
0 11 10
392 320 184 351 461 239 441 57 226 667
0 8 6
302 321 278 327 549 454
0 10 11
202 656 250 379 514 367 445 492 308 518 496
0 14 4
696 192 534 260
0 9 12
733 651 151 453 718 183 146 66 547 362 190 56
0 11 2
497 81
0 10 10
474 502 504 729 251 532 72 365 140 640
0 6 10
539 603 741 557 541 115 719 139 34 179
0 13 5
715 388 399 543 714
0 18 15
783 627 791 404 228 189 313 336 436 166 707 589 159 593 580
0 17 1
173
0 19 8
737 170 758 295 99 443 13 353
0 15 2
721 62
0 19 15
420 157 16 240 617 17 172 70 125 265 194 522 44 0 398
0 9 2
236 723
0 12 13
119 507 80 94 405 561 23 664 486 206 69 425 100
0 2 4
629 230 110 269
1 8 3
374 369 377
0 7 7
595 112 186 479 587 564 91
0 2 11
725 347 790 394 755 477 637 456 428 618 152
0 18 11
634 315 510 106 131 652 330 316 744 121 342
0 19 10
233 406 498 558 735 559 553 688 555 424
0 19 5
731 463 784 303 286
0 5 7
533 661 285 158 605 349 18
0 11 6
128 738 632 103 82 690
0 13 10
566 87 792 447 582 508 116 422 264 366
0 20 4
145 433 636 309
0 2 8
314 509 167 396 373 726 586 381
0 12 5
679 442 74 52 68
0 12 12
1 526 325 573 646 248 781 83 329 203 604 471
0 4 6
114 685 296 672 271 283
0 9 4
54 419 608 613
0 9 11
334 11 105 750 4 188 63 446 97 457 307
0 17 11
756 623 788 300 352 789 528 279 418 31 29
0 10 3
472 180 25
0 5 3
117 47 8
0 2 8
291 669 305 274 480 26 335 449
0 16 2
563 360
0 15 5
212 171 705 67 227
0 12 5
133 760 266 452 624
0 2 2
51 273
0 5 6
124 465 200 272 615 386
0 18 3
27 216 554
0 14 8
199 713 473 104 475 739 215 5
0 13 7
143 540 376 517 753 340 207
0 9 9
12 501 328 777 538 24 141 221 655
0 12 10
520 551 14 742 500 786 195 529 607 462
0 9 1
542
0 3 2
796 30
0 14 2
794 137
0 17 9
191 650 490 703 370 42 550 521 594
0 12 14
58 127 102 120 581 109 778 196 483 609 339 148 770 33
0 12 10
681 60 675 798 523 677 743 218 736 683
0 7 8
211 765 717 716 108 323 572 46
0 7 12
73 246 484 506 249 710 177 348 280 616 343 732
0 11 7
222 176 393 182 262 155 156
0 9 15
601 787 519 762 571 567 489 429 356 223 488 628 288 136 412
0 19 9
658 751 444 757 426 467 511 22 676
0 15 11
168 164 668 797 293 32 354 49 181 689 647
0 5 3
19 578 225
0 12 8
768 588 417 397 598 268 513 53
0 9 3
144 61 71
0 18 5
459 64 326 92 77
0 3 7
214 384 59 345 700 378 357
0 2 11
699 621 276 161 232 437 311 217 600 666 491
0 8 5
493 165 487 638 481
0 3 13
282 648 671 409 162 711 287 434 154 451 39 660 642
1 13 2
235 96
0 14 1
6
0 17 1
9
0 38 1
15
0 32 1
20
0 22 1
21
0 21 1
36
0 22 1
40
0 17 1
41
0 29 1
43
0 20 1
48
0 23 1
65
0 26 1
75
0 13 1
78
0 18 1
79
0 15 1
86
0 26 1
88
0 15 1
89
0 23 1
93
0 10 1
101
0 21 1
111
0 25 1
113
0 27 1
126
0 23 1
129
0 29 1
130
0 21 2
134 438
0 20 1
138
0 8 1
142
0 21 1
147
0 23 1
153
0 15 1
163
0 21 1
175
0 33 1
187
0 32 1
198
0 10 1
201
0 28 1
204
0 4 1
208
0 10 1
209
0 28 1
210
0 22 1
220
0 22 1
229
0 16 1
237
0 16 1
238
0 24 1
241
0 29 1
244
0 30 1
245
0 31 1
256
0 15 1
259
0 24 1
261
0 14 1
263
0 21 1
267
0 29 1
270
0 13 1
281
0 28 1
289
0 5 1
290
0 18 1
292
0 20 1
294
0 5 1
297
0 36 1
298
0 19 1
310
0 22 1
317
0 18 1
318
0 22 1
319
0 28 1
333
0 20 1
337
0 12 1
341
0 39 1
344
0 27 1
346
0 12 1
355
0 20 1
359
0 33 1
363
0 18 1
368
0 8 1
371
0 28 1
372
0 22 1
380
0 28 1
383
0 16 1
390
0 30 1
395
0 21 1
401
0 24 1
408
0 27 1
413
0 16 1
414
0 37 1
415
0 9 1
421
0 11 1
423
0 11 1
427
0 11 1
430
0 15 1
432
0 27 1
435
0 32 1
439
0 13 1
440
0 29 1
450
0 17 1
458
0 27 1
460
0 22 1
464
0 30 1
468
0 17 1
469
0 13 1
470
0 16 1
482
0 18 1
485
0 13 1
503
0 25 1
505
0 27 1
512
0 33 1
515
0 23 1
516
0 21 1
527
0 36 1
530
0 30 1
535
0 38 1
545
0 28 1
565
0 30 1
569
0 23 1
570
0 31 1
574
0 25 1
577
0 28 1
579
0 37 1
584
0 27 1
590
0 7 1
596
0 22 1
597
0 32 1
610
0 29 1
611
0 20 1
614
0 27 1
620
0 17 1
625
0 30 1
630
0 4 1
633
0 17 1
641
0 22 1
644
0 19 1
649
0 25 1
653
0 29 1
654
0 6 1
657
0 10 1
659
0 17 1
674
0 21 1
678
0 31 1
682
0 18 1
684
0 9 1
693
0 19 1
694
0 30 1
695
0 11 1
697
0 18 1
708
0 15 1
724
0 22 1
727
0 32 1
730
0 22 1
734
0 21 1
745
0 34 1
746
0 11 1
748
0 32 1
749
0 11 1
752
0 20 1
764
0 14 1
767
0 26 1
774
0 18 1
775
0 23 1
779
0 7 1
782
