1000 272 1550 9
27 5 3 22 4 7 30 8 27 26 12 29 22 15 10 18 23 14 4 7 16 2 4 6 10 8 22 21 10 10 23 3 22 19 29 11 6 29 5 12 10 18 15 23 11 24 15 7 19 17 17 7 30 12 11 6 28 9 20 18 5 14 29 24 8 23 2 22 18 29 16 9 30 28 24 19 17 21 20 27 3 10 17 21 24 15 12 29 3 30 2 1 17 3 6 27 20 27 3 5 22 29 13 5 26 4 29 25 21 6 6 3 15 17 27 1 22 15 11 22 11 7 20 4 2 28 28 24 26 7 5 8 10 1 18 13 11 10 22 3 6 27 7 15 14 21 4 26 9 25 25 10 5 20 26 14 20 16 11 11 16 23 27 3 5 13 16 19 15 14 3 28 24 3 4 2 19 6 2 21 29 8 28 3 29 24 10 30 29 7 18 21 6 14 10 5 15 6 11 23 14 3 22 3 5 10 24 9 10 2 23 7 23 28 7 14 15 30 6 12 19 18 13 11 23 29 29 7 14 16 22 17 29 12 17 27 21 15 26 9 22 25 25 26 11 6 19 20 12 1 28 6 13 1 18 7 7 30 2 18 20 28 17 7 21 9 19 9 23 1 28 5 10 14 28 28 2 14 29 29 12 12 6 6 28 3 11 20 16 8 23 19 22 17 19 30 6 15 2 22 11 5 7 26 9 18 14 3 23 26 19 5 16 21 17 17 7 30 19 29 4 27 15 9 17 3 26 30 14 14 23 11 4 10 25 22 3 10 18 11 13 18 23 12 11 16 22 2 1 1 5 3 25 14 1 13 2 14 15 21 3 15 11 20 22 23 24 19 14 20 4 14 22 22 28 23 24 14 3 29 28 19 27 25 15 22 12 20 15 15 4 17 30 25 18 3 5 19 3 16 25 23 18 25 21 4 10 11 22 8 27 25 13 17 22 8 6 3 23 20 20 7 4 20 2 2 15 21 30 2 2 2 21 14 12 27 4 6 16 22 3 20 2 17 3 13 11 21 17 5 25 19 6 21 4 14 24 6 9 4 24 19 3 2 8 2 11 12 1 16 3 22 6 22 7 27 28 27 20 5 9 21 13 13 25 26 30 28 29 1 8 4 7 26 26 26 8 26 10 12 16 3 25 16 29 3 23 15 17 12 17 4 28 14 28 2 9 24 1 22 12 30 10 20 10 22 9 12 12 7 3 11 21 20 8 29 8 17 22 18 28 15 4 29 1 24 22 1 11 2 7 13 28 19 26 9 28 16 3 15 26 13 4 20 24 11 15 29 28 12 11 6 25 13 19 11 20 14 12 28 21 1 26 10 5 11 22 6 29 25 23 15 17 23 20 1 23 23 18 2 20 10 29 29 27 1 10 17 27 12 27 4 23 7 19 24 1 5 2 25 20 21 12 5 26 24 18 11 8 8 16 20 27 6 8 20 18 12 25 23 27 12 4 13 11 21 16 21 3 13 5 9 20 16 17 30 15 23 8 30 18 9 27 22 19 14 17 15 27 18 2 28 13 11 4 9 12 19 25 9 19 2 30 22 22 26 28 27 6 21 14 17 30 22 26 11 30 14 6 5 13 4 25 23 14 18 26 19 4 30 29 12 3 27 11 7 6 4 12 21 27 5 3 16 5 30 27 15 26 11 2 28 6 19 5 17 23 8 12 23 25 23 1 7 12 6 15 30 8 28 11 24 4 6 18 17 7 19 24 18 21 20 18 9 24 14 22 25 10 3 1 7 12 26 12 25 20 17 29 27 22 10 28 14 24 30 28 24 11 10 6 8 1 14 26 20 18 13 9 25 28 7 15 9 25 1 6 2 13 20 29 13 20 11 15 2 4 9 30 4 30 16 8 10 22 2 1 3 18 22 16 5 13 5 14 28 19 24 6 26 7 27 29 8 22 2 21 2 3 2 5 21 28 30 30 17 4 6 16 8 20 21 8 1 20 2 19 20 22 14 1 19 8 9 12 3 8 27 17 17 8 23 8 5 19 2 25 12 30 5 15 6 11 6 1 13 7 24 19 14 4 7 29 26 11 23 30 18 26 17 8 28 19 25 24 18 9 20 24 20 25 8 18 8 26 10 26 1 19 26 4 2 26 17 28 30 12 30 27 25 3 8 19 18 5 20 12 30 8 1 29 6 13 4 28 11 24 4 24 15 20 4 10 1 23 2 18 7 6 25 14 20 26 12 16 24 19 20 8 20 29 26 13 28 22 23 25 19 8 18 12 16 4 16 16 17 7 28 29 11
28 10 4 27 1 11 7 13 4 3 1 1 6 21 2 24 6 2 7 14 18 1 24 30 4 10 23 15 22 17 19 24 28 4 28 15 25 3 15 26 5 11 22 14 4 4 23 8 3 4 6 12 6 24 25 23 15 19 18 22 15 19 30 29 22 13 6 17 5 18 1 18 13 9 10 14 28 6 11 19 25 26 6 27 24 9 9 18 3 26 13 4 12 19 27 22 5 10 27 15 14 29 18 9 11 16 6 24 27 5 17 13 5 8 17 8 15 25 7 11 5 16 13 3 10 26 24 20 30 8 25 24 9 9 26 24 17 10 15 28 24 9 27 14 27 5 30 30 1 24 29 30 23 30 13 4 21 22 2 11 3 22 10 14 9 14 1 29 22 3 30 3 19 18 23 11 12 16 5 24 15 4 9 30 7 3 10 24 21 14 16 29 6 6 1 8 17 20 12 17 20 8 17 17 2 18 13 2 1 18 7 3 29 9 28 2 30 3 21 11 24 21 19 10 28 14 18 6 16 12 19 12 9 30 25 21 9 17 3 4 23 2 22 26 28 5 22 23 27 15 17 23 14 8 22 9 28 19 10 24 30 26 25 19 1 9 8 7 5 3 7 28 12 27 15 21 13 8 10 28 16 3 10 14 9 24 28 6 17 4 3 24 16 11 6 7 2 5 24 19 17 1 15 24 11 23 23 14 8 5 24 26 14 21 15 23 24 7 16 7 10 21 4 24 5 3 14 27 14 8 4 11 26 13 8 29 20 26 3 23 13 29 21 23 27 30 7 28 29 29 25 21 21 22 26 1 2 23 15 3 20 22 26 26 5 6 5 14 24 22 22 1 16 1 10 24 21 3 30 28 11 1 3 8 30 30 24 25 23 28 17 18 1 7 3 28 17 24 14 24 27 28 17 21 13 8 15 27 4 25 12 12 18 22 15 10 25 21 25 18 25 5 5 28 20 7 25 29 28 1 30 25 29 5 18 14 27 22 4 28 25 20 7 23 3 23 17 26 29 30 13 7 22 6 30 16 18 27 4 27 11 17 9 14 29 26 14 18 23 8 7 3 12 8 24 14 1 8 3 16 5 2 27 9 27 4 3 23 2 20 11 7 17 13 16 18 1 2 29 20 10 14 17 28 22 2 7 4 8 12 23 11 26 12 21 22 28 12 4 25 19 9 3 24 10 18 9 15 25 7 13 8 19 4 6 2 29 30 9 1 27 18 12 3 1 25 23 20 24 27 27 30 20 9 24 21 19 25 5 1 19 13 8 5 24 28 1 14 19 26 28 21 24 24 20 1 9 26 29 14 18 15 4 28 14 20 10 17 14 17 17 11 21 30 21 11 5 22 14 10 16 12 13 1 30 29 20 14 3 26 14 13 4 3 1 30 17 26 23 16 8 13 8 8 20 24 8 9 25 3 23 18 29 26 22 21 9 19 11 9 17 27 15 4 8 3 22 15 3 24 30 21 11 15 10 30 28 7 8 19 5 6 3 2 24 8 14 23 27 29 16 18 3 18 19 20 19 2 15 12 14 12 17 11 10 30 4 4 24 17 16 14 6 13 3 12 11 19 4 5 18 6 12 29 20 5 21 9 20 9 24 25 4 27 2 15 3 23 23 27 1 4 23 21 24 23 29 20 1 18 19 14 30 29 6 11 6 22 25 14 18 11 26 7 23 1 7 22 15 4 17 30 15 15 9 2 13 6 28 1 25 11 19 23 7 2 10 27 23 6 19 4 14 16 24 11 11 29 5 9 4 27 23 9 10 16 30 4 1 6 5 2 1 17 3 11 22 27 4 6 12 20 10 28 29 14 23 8 19 21 26 25 13 11 3 26 13 8 9 30 10 2 8 16 25 12 12 17 17 22 22 20 5 4 22 7 19 28 16 16 12 26 1 23 2 27 16 4 28 23 24 5 7 1 12 4 10 14 2 11 9 24 19 17 20 30 27 22 30 23 13 24 12 19 16 9 29 9 2 15 2 13 7 29 6 27 17 27 10 20 21 12 3 8 22 12 28 8 23 26 9 21 8 26 12 30 27 7 28 11 8 19 11 17 30 21 28 8 19 6 16 17 11 25 5 28 3 21 19 20 14 14 28 5 20 30 24 4 8 9 4 28 4 14 21 23 23 30 9 30 6 16 18 29 3 26 28 1 19 7 27 30 5 29 13 1 23 18 30 23 4 11 30 17 11 5 19 7 3 24 21 14 27 7 11 1 28 9 4 7 12 14 9 4 29 28 5 7 25 9
0 14 4
144 63 862 757
0 5 10
81 134 72 838 708 525 426 50 207 90
0 5 14
316 369 237 575 616 751 355 632 389 167 310 927 49 196
0 7 2
839 385
0 17 2
688 311
0 16 16
601 659 130 483 470 806 739 409 678 173 704 166 657 662 513 748
0 13 5
978 543 21 411 280
0 13 15
939 879 392 801 500 362 108 991 750 359 210 15 29 627 127
0 4 17
952 919 625 16 7 604 887 405 38 561 408 744 683 770 383 31 171
0 17 17
786 836 292 815 772 191 868 652 647 832 914 303 933 220 771 246 873
0 3 13
521 646 540 160 778 684 185 327 165 421 508 407 61
0 15 12
264 32 499 553 378 291 455 523 951 115 42 891
0 11 10
155 387 835 911 11 912 477 334 495 974
0 14 16
841 672 425 23 154 164 844 736 550 754 97 273 390 138 777 526
0 16 16
314 281 198 481 233 435 434 215 671 633 656 711 752 271 256 319
0 14 16
515 135 810 733 502 622 613 813 528 645 37 940 245 905 350 975
0 18 5
486 467 897 145 250
0 7 17
251 103 961 104 109 307 200 976 954 685 258 329 665 530 244 560 471
0 9 2
773 84
0 2 9
332 52 468 761 797 428 360 20 825
0 3 5
463 921 92 59 852
0 19 6
963 570 982 156 45 781
0 6 14
94 412 437 199 539 774 960 734 472 436 263 537 506 80
0 12 2
987 824
0 16 9
77 462 176 922 600 669 571 473 235
0 15 14
328 51 958 338 186 232 361 949 705 699 945 968 249 814
0 17 9
223 756 404 96 182 121 743 323 148
0 9 12
195 848 692 157 363 302 47 505 787 376 749 257
1 14 7
320 352 880 78 240 807 482
0 19 10
180 56 582 649 966 501 318 172 677 650
0 18 14
901 105 446 79 890 189 62 89 514 368 584 13 735 593
0 5 13
442 443 163 878 262 962 255 188 986 861 517 87 898
0 2 9
554 36 226 765 624 535 712 519 869
0 14 11
762 177 424 118 661 67 330 599 812 399 12
0 9 13
821 902 614 942 265 287 631 219 680 660 46 997 904
0 17 3
0 864 356
0 13 14
312 179 674 269 721 568 857 802 8 17 33 903 782 917
0 17 11
696 793 335 441 703 907 276 589 564 996 450
0 17 3
587 618 202
0 17 2
730 175
0 10 10
635 916 229 706 920 524 158 872 18 989
0 17 3
950 415 531
0 14 12
700 324 306 136 224 973 654 367 384 27 315 768
0 6 10
451 965 190 924 538 547 125 648 591 790
0 3 6
941 929 85 351 120 386
0 17 10
420 243 301 41 289 948 242 444 865 253
0 18 13
676 694 689 503 984 212 573 201 236 944 673 747 823
0 13 2
798 831
0 10 4
565 741 658 544
0 5 7
988 283 414 211 197 461 458
0 15 16
112 617 610 817 74 643 382 592 86 720 840 804 785 994 106 440
0 16 18
400 964 820 637 529 270 184 574 416 892 511 718 702 68 35 628 586 474
0 7 17
999 690 871 183 336 928 763 639 353 854 992 795 146 609 697 896 181
0 7 2
837 874
0 12 6
131 438 309 168 317 24
0 13 5
800 370 55 465 745
0 19 12
230 9 686 272 304 629 796 391 562 737 642 208
0 9 7
724 998 169 484 228 71 946
0 1 13
956 418 555 558 53 466 738 123 99 214 380 464 341
0 19 13
759 799 139 548 2 858 833 116 101 278 114 731 557
0 17 14
395 132 325 40 286 279 585 682 882 977 980 345 885 371
0 18 7
487 203 792 899 716 54 504
0 6 2
401 522
0 9 17
266 621 248 300 159 606 612 241 651 602 931 259 866 10 26 808 725
0 13 11
298 331 58 82 365 70 875 722 234 322 619
0 18 16
569 926 194 497 1 479 675 588 485 932 206 393 542 457 217 881
0 15 7
398 282 321 809 83 364 698
0 7 4
493 527 910 374
0 15 1
900
0 13 10
755 552 847 995 366 143 834 507 779 979
0 13 3
653 719 726
0 11 13
469 126 851 760 883 581 433 732 30 641 816 373 342
0 7 18
717 454 784 766 985 867 305 95 789 354 655 638 419 403 938 480 729 238
0 14 11
93 972 993 339 284 475 75 358 595 520 422
0 4 7
430 605 679 990 608 5 170
0 8 1
957
0 10 5
534 379 791 908 710
0 1 8
357 133 805 231 439 822 275 489
0 15 6
19 417 333 888 73 267
0 9 10
91 668 406 102 971 410 746 758 113 549
0 19 12
218 344 819 870 516 559 849 187 65 510 142 239
0 19 16
119 895 967 664 666 803 556 915 707 129 598 348 830 150 846 713
0 19 9
644 152 843 149 742 701 447 930 545
0 20 6
496 709 856 43 955 909
0 13 8
124 295 117 970 260 925 28 162
0 1 4
494 943 740 876
1 28 1
3
1 34 1
4
1 35 1
6
1 32 1
14
1 12 1
22
1 27 1
25
1 17 1
34
1 18 1
39
1 30 1
44
1 18 1
48
1 27 1
57
1 26 1
60
1 34 1
64
1 32 1
66
1 33 1
69
1 19 1
76
1 15 1
88
1 28 1
98
1 14 1
100
1 35 1
107
1 16 1
110
1 30 1
111
1 16 1
122
1 19 1
128
1 13 1
137
1 14 1
140
1 31 1
141
1 14 1
147
1 25 1
151
1 29 1
153
1 23 1
161
1 21 1
174
1 29 1
178
1 24 1
192
1 16 1
193
1 22 1
204
1 22 1
205
1 23 1
209
1 35 1
213
1 33 1
216
1 19 1
221
1 18 1
222
1 22 1
225
1 30 2
227 285
1 30 2
247 268
1 28 1
252
1 7 1
254
1 24 1
261
1 18 1
274
1 36 1
277
1 6 1
288
1 24 1
290
1 17 1
293
1 16 1
294
1 33 1
296
1 23 1
297
1 31 1
299
1 16 1
308
1 21 1
313
1 29 1
326
1 19 1
337
1 12 1
340
1 23 1
343
1 22 1
346
1 23 1
347
1 20 1
349
1 14 1
372
1 32 1
375
1 27 1
377
1 17 1
381
1 28 1
388
1 36 1
394
1 31 1
396
1 14 1
397
1 36 1
402
1 27 1
413
1 17 1
423
1 22 2
427 459
1 24 1
429
1 19 1
431
1 30 1
432
1 33 1
445
1 27 1
448
1 37 1
449
1 4 1
452
1 31 1
453
1 13 1
456
1 12 1
460
1 24 1
476
1 20 1
478
1 11 1
488
1 24 1
490
1 25 1
491
1 32 1
492
1 33 1
498
1 10 1
509
1 23 1
512
1 14 1
518
1 31 1
532
1 23 1
533
1 19 1
536
1 28 1
541
1 39 1
546
1 23 1
551
1 22 1
563
1 32 1
566
1 16 1
567
1 25 1
572
1 23 1
576
1 8 1
577
1 34 1
578
1 17 1
579
1 33 1
580
1 21 1
583
1 30 1
590
1 18 1
594
1 22 1
596
1 19 1
597
1 28 1
603
1 31 1
607
1 17 1
611
1 37 1
615
1 24 1
620
1 25 1
623
1 9 1
626
1 35 1
630
1 20 1
634
1 27 1
636
1 28 1
640
1 18 1
663
1 26 1
667
1 16 1
670
1 32 1
681
1 32 1
687
1 18 1
691
1 23 1
693
1 20 1
695
1 14 1
714
1 16 1
715
1 13 1
723
1 36 1
727
1 32 1
728
1 28 1
753
1 20 1
764
1 29 1
767
1 25 1
769
1 25 1
775
1 20 1
776
1 19 1
780
1 26 1
783
1 21 1
788
1 30 1
794
1 28 1
811
1 6 1
818
1 31 1
826
1 7 1
827
1 32 1
828
1 28 1
829
1 18 1
842
1 15 1
845
1 25 1
850
1 23 1
853
1 20 1
855
1 31 1
859
1 34 1
860
1 28 1
863
1 18 1
877
1 28 1
884
1 25 1
886
1 28 1
889
1 10 1
893
1 20 1
894
1 31 1
906
1 23 1
913
1 34 1
918
1 24 1
923
1 18 1
934
1 32 1
935
1 33 1
936
1 37 1
937
1 15 1
947
1 19 1
953
1 36 1
959
1 31 1
969
1 33 1
981
1 37 1
983
