500 198 775 10
6 4 1 29 25 15 3 20 26 10 1 3 21 24 3 27 28 29 25 15 5 2 3 14 2 18 24 5 19 29 21 3 3 13 4 21 16 1 5 19 21 21 4 1 19 6 4 25 1 18 8 7 26 11 17 19 23 26 23 3 17 20 4 11 9 20 24 18 7 10 13 27 16 12 15 16 17 11 16 29 22 17 13 25 10 13 7 19 4 19 29 24 15 20 24 27 19 8 10 9 3 22 30 27 29 6 3 4 28 8 11 30 23 12 1 1 18 24 6 23 11 10 6 23 16 5 19 2 18 30 16 19 13 30 15 23 7 16 19 17 13 10 21 16 22 4 19 14 22 25 15 15 9 30 4 16 8 15 2 15 24 12 28 7 2 21 15 2 25 1 24 26 8 26 13 15 16 16 28 25 13 18 27 8 21 15 17 3 27 1 14 9 11 18 15 8 28 7 12 13 11 23 7 6 1 9 28 3 29 15 19 30 26 18 12 21 21 1 3 24 14 9 18 23 16 10 12 14 25 15 8 19 4 3 18 22 13 7 24 28 21 20 7 27 2 14 11 16 4 21 1 21 22 24 10 17 25 30 29 5 16 24 1 14 22 27 22 6 28 7 1 13 13 19 4 12 1 23 4 29 30 15 16 22 28 19 10 27 28 16 1 26 2 19 9 8 3 3 19 19 28 16 11 23 1 15 3 26 2 6 15 22 3 7 5 23 25 6 22 27 9 8 26 14 30 19 22 11 19 6 20 10 17 20 9 20 19 4 14 4 20 8 12 18 1 10 2 28 4 18 13 19 27 8 11 20 27 16 17 2 1 30 30 19 15 19 23 26 24 11 5 10 12 10 20 1 12 4 26 1 25 28 19 22 6 6 9 18 17 2 27 17 16 29 18 7 19 16 1 19 13 12 16 15 14 12 20 18 7 28 30 4 13 17 2 6 6 13 15 14 14 30 5 22 13 4 13 1 9 30 28 25 17 1 10 18 25 17 15 26 26 28 2 13 17 15 27 30 4 9 24 22 17 9 28 30 12 3 10 8 7 11 1 12 12 27 7 8 4 10 19 8 25 27 14 11 29 23 7 14 18 3 30 9 23 21 10 18 25 17 27 4 12 15 15 8 15 6 13 10
28 1 13 15 3 1 27 19 29 18 6 2 21 18 14 24 23 4 1 16 29 4 16 24 7 19 25 14 26 15 29 26 19 25 23 1 14 15 10 8 16 6 23 9 5 16 20 5 8 30 28 25 27 5 1 15 15 25 2 19 8 17 13 7 30 2 29 11 5 6 15 28 2 15 3 10 14 26 3 21 9 20 16 11 10 8 26 18 27 9 23 14 6 25 25 29 8 7 4 7 16 25 2 20 8 5 4 18 25 22 28 5 2 14 11 17 30 11 26 30 29 26 19 2 6 10 19 29 9 20 1 29 7 17 8 11 15 17 24 7 29 30 18 2 19 15 23 12 20 28 18 14 2 25 30 24 29 17 6 8 10 22 12 13 8 15 14 24 23 17 5 19 3 21 23 3 4 12 29 3 10 16 29 26 4 15 5 5 30 17 14 21 7 2 27 5 16 17 25 28 17 22 15 12 23 3 15 24 8 2 9 15 10 9 30 7 29 23 21 29 19 2 27 7 8 14 15 24 30 17 26 29 20 20 21 22 15 19 5 15 12 14 29 19 16 6 22 26 11 19 13 15 6 14 24 9 26 22 22 26 16 10 9 22 29 11 30 1 27 29 3 1 28 13 22 27 9 30 20 21 26 1 16 15 5 22 2 17 27 18 18 11 21 25 14 3 10 15 27 6 19 22 5 22 6 25 27 17 28 11 6 25 5 22 27 12 6 2 20 25 7 16 21 14 26 22 16 27 17 21 13 22 18 14 30 27 22 2 18 29 13 14 29 13 9 3 9 2 3 1 29 12 27 28 21 8 22 27 27 8 11 25 6 28 23 25 15 6 21 8 2 8 20 11 5 16 19 27 30 9 5 12 7 6 10 15 19 1 26 11 15 25 14 6 22 22 3 29 11 4 30 5 18 6 13 13 6 12 13 11 20 22 15 10 19 13 16 10 25 25 1 27 11 8 9 27 2 29 20 15 26 9 30 5 20 7 25 18 28 25 12 1 25 2 1 16 1 25 1 29 15 8 18 1 11 11 11 20 6 27 4 9 21 8 27 12 4 24 6 23 16 22 29 9 15 2 10 23 15 3 9 16 20 25 6 27 29 15 10 2 15 15 13 23 21 18 24 6 25 14
0 2 7
186 449 255 250 29 181 139
0 7 7
107 239 59 206 18 261 234
0 9 3
122 60 382
0 9 9
249 344 17 423 240 492 218 184 428
0 16 3
172 228 268
0 1 7
210 73 374 128 312 20 90
0 4 3
499 4 230
0 9 3
326 397 264
0 8 3
253 194 479
0 20 2
451 418
0 19 8
368 298 0 321 310 339 50 216
0 14 3
241 299 396
0 10 7
337 433 256 237 398 71 92
0 10 2
157 431
0 11 3
88 361 278
0 10 1
354
0 4 6
144 384 80 437 463 394
0 14 7
24 108 39 405 411 141 286
0 9 3
125 111 56
0 5 1
457
0 13 8
359 119 429 348 497 401 480 19
1 10 3
45 350 342
0 6 2
400 81
0 8 4
32 464 192 217
0 17 5
102 420 199 132 274
0 2 1
113
0 2 5
6 145 242 482 271
0 5 2
35 435
0 9 7
322 5 220 106 262 174 25
1 6 4
44 360 179 392
1 2 3
390 393 104
0 6 3
97 163 130
0 13 7
446 346 258 422 407 100 338
0 14 6
334 439 231 15 438 236
0 14 3
379 222 121
0 11 5
456 103 349 426 432
0 13 5
454 391 7 26 191
0 9 8
469 452 1 445 30 330 77 475
0 20 3
399 211 476
0 16 5
455 226 79 489 182
0 16 3
238 470 373
0 1 4
447 31 155 296
0 12 1
170
0 18 2
367 8
0 19 3
459 117 306
0 8 3
498 421 247
0 4 6
69 468 37 83 285 289
0 3 5
169 409 453 410 356
0 1 3
94 376 340
0 2 4
297 133 386 425
0 11 8
41 166 173 75 484 488 189 187
0 13 10
283 91 471 138 486 375 465 146 291 320
0 10 4
273 152 14 93
0 14 4
427 188 318 28
0 5 7
205 460 221 164 372 434 301
0 13 3
496 332 195
0 18 4
65 366 335 197
0 13 5
153 490 55 257 63
0 4 3
224 325 323
0 6 7
443 293 245 414 472 461 10
0 13 4
491 209 203 134
0 18 5
47 260 225 198 36
0 14 4
212 266 317 2
0 3 7
161 276 377 207 336 370 229
0 8 8
281 23 284 109 430 357 114 34
0 8 4
287 295 43 159
0 1 6
175 87 389 265 70 112
0 5 7
246 388 307 185 313 448 351
0 9 1
64
0 2 6
259 416 150 67 135 450
1 1 4
54 193 89 440
1 10 2
61 462
0 17 7
333 82 232 123 466 148 311
0 8 7
304 315 269 99 219 358 483
0 11 6
147 200 33 303 95 254
0 16 3
442 444 137
1 18 8
341 76 381 52 244 324 270 124
0 9 6
3 487 74 355 495 494
0 9 4
371 329 436 204
0 16 6
116 21 408 251 167 214
0 10 5
168 252 49 62 412
0 15 5
478 11 316 42 118
0 33 1
9
0 19 1
12
0 23 1
13
0 34 1
16
0 18 1
22
0 23 1
27
0 14 1
38
0 9 1
40
0 2 1
46
0 21 1
48
0 11 1
51
0 13 1
53
0 6 2
57 309
0 30 1
58
0 11 1
66
0 13 1
68
0 11 1
72
0 16 1
78
0 6 1
84
0 21 1
85
0 29 1
86
0 27 1
96
0 19 1
98
0 28 1
101
0 23 1
105
0 20 1
110
0 10 1
115
0 17 1
120
0 13 1
126
0 24 1
127
0 30 1
129
0 24 1
131
0 15 1
136
0 18 1
140
0 9 1
142
0 7 1
143
0 31 1
149
0 14 1
151
0 15 1
154
0 23 2
156 424
0 15 1
158
0 18 1
160
0 20 1
162
0 18 1
165
0 21 1
171
0 25 1
176
0 8 1
177
0 14 1
178
0 14 1
180
0 22 1
183
0 2 1
190
0 29 1
196
0 11 1
201
0 16 1
202
0 16 1
208
0 16 1
213
0 9 1
215
0 8 1
223
0 30 1
227
0 25 1
233
0 20 1
235
0 19 1
243
0 17 1
248
0 31 1
263
0 17 1
267
0 35 1
272
0 6 1
275
0 11 1
277
0 22 1
279
0 27 1
280
0 18 1
282
0 26 1
288
0 17 1
290
0 14 1
292
0 18 1
294
0 9 1
300
0 32 1
302
0 17 1
305
0 14 1
308
0 14 1
314
0 10 1
319
0 34 1
327
0 22 1
328
0 18 1
331
0 19 1
343
0 7 1
345
0 17 1
347
0 19 1
352
0 27 1
353
0 24 1
362
0 11 1
363
0 15 1
364
0 27 1
365
0 6 1
369
0 20 1
378
0 17 2
380 417
0 27 1
383
0 10 1
385
0 24 1
387
0 23 1
395
0 11 1
402
0 13 1
403
0 16 1
404
0 11 1
406
0 23 1
413
0 24 1
415
0 29 1
419
0 29 1
441
0 14 1
458
0 25 1
467
0 27 1
473
0 14 1
474
0 19 1
477
0 22 1
481
0 20 1
485
0 27 1
493
