1000 274 1550 18
27 22 11 2 10 6 18 19 26 22 18 3 19 5 19 21 4 3 21 22 14 5 28 1 21 3 11 30 9 23 26 26 30 1 12 8 27 9 13 4 28 20 1 21 7 18 28 15 12 26 18 6 29 25 28 7 20 21 7 30 8 17 29 1 5 17 26 24 23 2 6 2 6 5 9 3 14 9 24 21 9 8 9 1 25 27 3 14 6 15 1 22 28 7 22 28 22 24 18 29 25 12 4 21 18 9 19 26 2 5 13 7 8 27 21 13 6 25 11 17 24 18 27 20 11 8 22 16 9 25 16 14 25 25 11 30 3 27 22 21 9 10 3 28 25 11 19 10 16 28 19 30 11 19 24 28 4 12 25 3 21 15 27 14 5 26 24 4 30 8 26 5 9 17 29 13 12 18 21 22 3 25 29 26 5 16 12 24 17 9 11 28 6 13 15 9 21 22 12 27 16 26 11 8 14 3 2 20 19 19 12 20 9 10 27 26 14 2 24 15 21 24 13 16 10 25 27 6 21 25 24 6 22 4 4 29 13 2 4 17 28 9 2 19 9 27 25 15 21 6 7 27 16 18 21 13 7 28 3 13 24 25 19 10 14 10 27 28 19 8 13 16 16 19 2 26 19 30 29 11 16 20 24 13 10 13 24 19 9 15 20 24 1 2 19 13 9 17 29 1 21 13 9 7 14 26 7 11 25 26 23 8 20 11 5 4 30 13 29 13 8 6 27 1 15 13 2 11 12 16 1 11 24 25 18 10 2 20 14 28 15 22 22 27 30 20 14 22 20 6 27 29 6 12 14 18 25 5 14 20 26 30 11 12 19 25 28 17 2 3 6 12 19 28 11 23 20 13 14 5 2 20 6 12 25 20 10 1 26 22 14 17 25 5 10 8 29 8 3 23 7 5 14 23 9 4 14 27 24 24 26 21 1 21 21 15 7 11 1 14 24 25 6 17 28 2 15 19 4 10 24 19 22 15 26 19 12 11 30 21 15 8 27 25 22 1 21 17 3 28 16 8 12 17 23 13 13 9 12 4 13 14 30 17 6 26 18 8 2 3 29 18 6 25 3 16 3 30 6 5 17 4 11 8 14 29 19 6 17 3 28 10 14 1 25 15 2 25 28 28 21 29 13 16 25 29 30 13 26 10 1 4 9 25 20 23 26 9 9 25 29 13 30 17 26 15 23 25 7 16 17 16 26 16 11 12 4 16 29 1 2 8 8 19 9 9 6 25 16 1 9 23 1 15 4 27 5 15 29 19 11 28 4 9 20 5 5 27 22 22 11 25 28 30 1 29 1 2 13 4 11 2 18 25 8 10 22 24 25 27 26 5 3 13 15 13 17 10 1 29 30 19 10 2 7 24 10 26 17 18 11 21 8 25 12 19 7 5 19 19 10 23 22 24 1 4 7 28 5 29 24 21 12 29 26 1 10 21 3 17 7 27 22 13 10 20 28 16 26 27 26 14 10 6 21 29 23 30 8 7 14 17 16 17 3 12 1 18 14 30 14 24 12 9 1 12 7 19 12 16 3 13 28 7 5 1 16 26 30 29 17 26 19 8 29 20 23 13 15 8 12 10 17 13 20 10 21 15 24 26 12 12 21 26 4 21 5 2 22 29 12 24 5 17 12 10 23 25 16 16 30 11 4 16 20 17 27 10 28 13 12 17 14 8 21 30 14 13 10 12 15 23 1 4 22 11 20 14 21 8 8 15 6 18 4 12 28 15 3 14 29 28 9 30 12 9 23 19 4 13 16 18 13 3 3 12 30 27 15 5 14 18 14 10 12 20 12 3 19 27 9 30 27 20 23 3 5 29 10 10 28 29 29 18 8 6 12 2 14 16 30 5 2 20 15 1 2 10 22 25 18 13 1 29 27 28 10 29 7 15 15 23 27 6 13 14 27 18 18 18 2 7 13 25 4 27 6 18 25 19 7 16 9 12 7 19 24 1 25 30 15 26 13 12 24 23 25 10 2 30 5 13 7 23 23 19 8 26 17 10 21 20 11 21 29 15 13 23 16 20 18 8 30 16 23 4 3 14 23 19 18 11 22 9 6 25 20 5 26 30 1 26 24 17 28 17 12 22 21 28 26 22 27 26 20 30 20 2 1 30 12 3 5 28 16 16 25 29 11 11 2 27 6 12 3 6 17 9 9 23 24 20 8 11 24 12 25 16 1 1 11 4 17 5 21 8 15 11 12 1 6 8 30 21 8 5 4 29 4 10 13 28 29 21 25 16 23 3 19 5
24 28 4 18 13 21 11 30 4 2 13 28 8 12 15 29 29 7 11 16 30 7 2 4 24 18 17 23 18 27 2 8 29 6 21 14 1 25 25 15 22 28 19 21 1 25 2 14 5 14 2 2 11 28 24 23 14 16 1 9 17 15 14 22 15 26 28 9 10 19 23 25 2 27 9 29 1 17 4 11 18 13 4 11 14 15 18 10 13 2 21 24 28 27 8 14 16 23 24 23 17 25 27 2 27 18 13 1 22 23 10 12 20 15 20 18 8 8 28 10 16 10 5 2 7 2 30 7 4 1 17 29 2 28 6 20 8 21 1 17 22 10 24 22 24 28 10 26 7 20 24 20 13 2 27 12 27 24 26 27 7 26 12 22 3 24 20 6 22 1 16 24 7 15 18 9 14 23 17 17 15 8 11 17 2 15 22 25 6 27 9 27 20 20 19 12 4 23 1 27 21 7 15 19 21 28 9 10 11 9 1 14 11 17 7 14 11 26 15 24 8 3 1 21 27 16 23 1 13 27 10 6 4 29 27 24 30 26 14 30 8 16 26 18 3 24 4 1 4 10 26 4 25 6 19 3 7 12 14 3 27 8 25 23 12 15 23 16 28 4 23 13 2 30 21 2 24 14 18 23 25 3 22 4 11 25 28 23 29 28 8 18 6 7 23 19 26 23 5 27 18 11 19 12 17 21 30 1 17 25 15 6 11 11 1 17 20 8 30 5 19 30 19 30 5 22 10 1 17 26 9 1 30 4 5 10 8 14 30 22 13 25 15 8 16 23 23 4 5 24 20 29 3 18 2 14 18 4 15 16 21 27 18 19 2 24 11 1 2 14 21 21 3 16 29 17 26 6 9 5 24 19 6 13 5 7 24 27 12 22 22 18 13 10 8 27 11 28 3 6 24 23 27 12 29 26 10 6 12 11 8 10 12 20 13 7 19 18 10 2 2 29 28 10 26 16 12 9 7 4 21 14 19 28 11 8 5 17 21 28 28 1 9 26 13 19 6 26 23 22 3 12 11 12 6 20 4 29 3 24 12 14 7 22 14 28 19 26 5 17 12 28 18 11 7 24 17 9 20 23 30 25 14 5 7 27 22 25 20 17 15 25 25 30 24 1 6 2 12 16 9 26 1 6 22 11 29 30 1 6 15 9 2 5 3 14 6 20 8 11 7 10 27 30 13 30 30 23 29 20 8 30 2 18 30 7 13 12 11 14 2 7 22 26 10 27 8 28 26 20 21 23 26 26 9 21 10 23 5 16 30 18 30 24 3 18 22 11 25 25 19 15 24 15 11 19 12 7 3 19 14 13 4 14 10 6 24 21 8 25 10 24 20 28 26 18 25 23 15 10 21 10 18 8 20 21 27 2 16 13 11 29 28 8 3 8 27 27 19 23 12 4 10 8 28 16 9 3 20 29 18 11 19 30 24 25 11 27 7 24 2 29 24 16 3 10 11 2 23 2 19 7 22 12 27 7 11 27 9 2 11 2 2 11 10 5 1 20 7 27 25 1 4 1 16 29 9 12 22 11 29 18 12 9 17 16 15 4 25 5 21 17 17 6 9 21 9 5 10 10 11 21 19 18 13 11 14 10 2 10 15 7 7 17 20 11 1 20 4 27 14 12 5 28 10 9 29 23 4 3 26 26 14 2 6 10 24 11 22 3 14 27 8 15 17 15 11 19 13 15 8 1 22 14 5 7 24 8 11 10 30 1 17 12 19 17 22 4 22 16 19 20 16 7 24 29 26 26 9 5 21 18 29 4 16 1 8 5 1 9 2 22 6 29 2 22 20 10 11 14 12 7 23 22 22 13 19 26 3 1 24 22 13 20 4 22 17 6 15 22 13 26 19 1 7 25 27 21 6 21 1 20 18 7 19 24 10 18 22 27 24 24 16 12 22 28 20 6 6 30 2 8 21 26 13 14 13 19 25 28 10 20 5 10 28 5 20 22 23 10 3 22 1 4 15 10 8 23 18 28 15 20 6 29 28 12 3 8 27 5 5 27 19 3 6 10 5 7 10 22 6 25 30 1 18 17 22 17 6 24 18 28 5 12 24 3 15 5 4 15 24 13 4 16 6 27 28 13 2 7 15 25 24 17 30 8 28 5 29 14 3 30 20 27 12 13 10 25 23 16 2 27 14 1 25 24 4 15 2 18 11 24 8 28 28 3 30 1 11 27 6 2 3 6 13 17 2 26 17 22 5 13 12 17 1 1 5 10 14 20 14 29 17 15 11 6 18 28 17 14
0 7 3
604 486 950
0 12 14
934 358 633 96 919 297 185 982 153 707 60 574 121 444
0 20 11
774 790 580 853 299 529 49 412 605 125 967
0 14 12
270 181 848 407 92 289 830 544 127 182 223 960
0 5 11
341 546 199 839 355 334 614 943 28 575 327
0 4 3
86 772 380
0 3 5
365 475 690 240 348
0 15 4
292 599 876 759
0 16 3
477 601 488
0 3 4
204 762 14 209
0 5 9
989 654 855 591 698 36 939 470 284
0 8 5
941 807 283 992 216
0 19 1
868
0 11 3
808 757 845
0 8 11
128 331 449 489 540 702 473 573 362 525 696
0 5 8
780 767 404 745 683 68 615 973
0 17 7
760 695 801 507 306 648 779
0 17 15
471 620 155 970 396 721 822 273 930 6 610 150 24 360 873
0 14 3
280 817 139
0 9 13
421 197 671 179 415 345 368 617 259 44 508 815 749
0 3 18
372 346 743 603 722 420 456 159 688 487 255 879 628 534 851 866 195 10
0 20 8
501 942 213 612 312 325 426 557
0 11 16
354 854 296 250 663 975 184 562 38 15 734 485 495 539 713 260
0 2 7
339 114 282 338 370 50 227
0 9 5
54 349 578 717 438
0 8 9
791 5 647 274 618 738 938 384 538
0 18 5
747 31 664 269 233
0 19 6
700 402 651 652 440 947
0 19 16
731 541 608 892 972 865 816 701 55 23 78 588 20 129 446 711
0 5 17
607 985 411 51 123 58 596 141 172 190 769 797 739 324 623 827 147
1 16 8
836 590 83 763 119 389 143 506
0 3 2
234 694
0 16 1
857
0 9 4
510 806 497 173
0 17 13
712 120 261 70 810 225 37 969 310 278 201 445 550
0 18 2
158 314
0 3 6
395 869 496 978 800 77
0 20 16
768 522 183 813 170 102 393 794 359 413 535 99 902 999 986 929
0 8 5
287 106 724 753 458
0 4 3
874 336 318
0 5 6
523 917 814 961 406 826
0 15 8
130 895 571 295 888 188 376 632
0 14 13
8 211 937 965 667 231 383 285 521 277 766 171 79
0 7 2
215 559
0 12 13
381 635 298 226 304 834 286 825 435 955 913 882 787
0 5 9
63 775 25 582 232 824 448 307 515
0 15 2
385 798
0 4 13
217 629 870 467 29 12 899 80 391 194 584 940 62
0 8 10
781 302 611 275 351 228 994 686 134 531
0 13 3
88 551 625
0 10 7
755 401 821 293 996 222 880
0 16 5
460 34 687 490 110
0 6 8
493 98 803 186 850 208 704 594
0 3 17
650 909 583 500 669 991 81 335 802 103 727 819 69 18 47 43 235
0 5 14
925 881 330 547 773 405 347 151 21 177 842 517 301 236
0 13 14
242 674 410 820 928 581 162 67 729 210 746 980 906 555
0 12 11
356 366 963 706 741 646 715 966 352 246 481
0 20 16
390 998 954 990 165 576 442 214 39 585 901 397 626 364 514 903
0 12 11
849 340 266 248 653 703 256 268 545 859 400
0 14 3
889 154 350
0 6 3
392 548 149
0 5 5
723 174 474 94 837
1 11 5
730 180 465 132 953
0 19 3
416 846 569
0 6 10
710 660 619 579 157 205 206 167 675 427
0 6 16
685 116 639 357 572 593 520 793 459 558 598 342 926 680 56 237
0 5 12
908 951 126 987 613 478 245 944 59 443 840 207
0 6 2
230 111
0 20 11
504 337 82 403 30 333 19 452 751 997 219
0 17 2
343 554
0 16 5
113 146 424 169 377
0 18 6
592 122 281 432 977 783
0 7 15
367 320 203 786 676 914 408 353 560 750 887 434 491 733 841
0 18 3
818 586 35
1 8 5
640 140 714 388 511
0 8 16
988 518 479 437 52 577 66 17 105 642 856 371 609 124 979 804
0 5 8
423 414 7 61 662 509 428 189
0 9 6
833 382 291 597 530 784
0 3 11
630 212 332 220 166 931 64 805 175 466 875
0 5 7
894 785 644 542 861 689 681
0 12 2
387 144
0 9 8
433 843 290 374 948 145 904 526
0 2 10
915 983 251 527 425 498 85 945 430 666
0 20 7
418 896 566 657 852 4 463
0 7 11
971 386 263 744 912 587 492 294 484 691 84
0 3 5
40 770 638 22 379
0 15 10
670 53 454 799 264 502 737 792 643 252
1 16 12
42 505 536 161 133 137 224 933 668 89 659 809
0 16 18
326 678 363 532 677 429 309 897 708 900 257 728 589 191 776 138 267 288
0 17 14
156 606 249 858 524 97 563 462 46 956 303 920 187 777
0 13 1
877
0 7 11
447 373 736 436 472 684 725 860 811 2 108
0 12 10
202 11 375 735 561 254 512 57 568 838
0 1 14
752 764 241 831 73 682 782 993 503 718 468 645 636 602
0 6 11
65 959 109 104 315 699 624 921 276 765 719
0 19 16
981 469 872 417 976 631 952 328 218 829 107 832 835 101 229 431
0 12 9
549 883 221 924 742 600 946 656 867
1 20 1
0
1 19 1
1
1 26 1
3
1 18 1
9
1 31 1
13
1 18 1
16
1 23 1
26
1 10 1
27
1 33 1
32
1 20 1
33
1 13 1
41
1 20 1
45
1 18 3
48 317 482
1 28 1
71
1 16 1
72
1 21 1
74
1 15 1
75
1 25 1
76
1 9 1
87
1 24 1
90
1 18 1
91
1 24 1
93
1 21 1
95
1 16 1
100
1 23 1
112
1 14 1
115
1 32 1
117
1 34 1
118
1 23 1
131
1 22 1
135
1 20 1
136
1 32 1
142
1 20 1
148
1 12 1
152
1 25 1
160
1 8 1
163
1 17 1
164
1 17 1
168
1 29 1
176
1 14 1
178
1 24 1
192
1 12 1
193
1 21 1
196
1 16 1
198
1 39 1
200
1 20 1
238
1 17 1
239
1 14 1
243
1 26 1
244
1 30 1
247
1 21 1
253
1 28 1
258
1 20 1
262
1 19 1
265
1 30 1
271
1 14 1
272
1 16 1
279
1 10 1
300
1 33 1
305
1 14 1
308
1 16 1
311
1 26 1
313
1 35 1
316
1 15 1
319
1 24 1
321
1 21 1
322
1 19 2
323 949
1 30 1
329
1 24 1
344
1 26 1
361
1 30 1
369
1 32 1
378
1 37 1
394
1 21 1
398
1 17 1
399
1 26 1
409
1 36 1
419
1 26 1
422
1 22 1
439
1 23 1
441
1 14 1
450
1 16 1
451
1 21 1
453
1 13 1
455
1 9 1
457
1 26 1
461
1 17 1
464
1 18 1
476
1 10 1
480
1 17 1
483
1 12 1
494
1 15 1
499
1 9 1
513
1 27 1
516
1 12 1
519
1 33 1
528
1 11 1
533
1 6 1
537
1 27 1
543
1 20 1
552
1 20 1
553
1 33 1
556
1 31 1
564
1 8 1
565
1 17 1
567
1 21 1
570
1 28 1
595
1 26 2
616 758
1 15 1
621
1 33 1
622
1 29 1
627
1 23 1
634
1 33 1
637
1 7 1
641
1 35 1
649
1 22 1
655
1 13 1
658
1 13 2
661 936
1 19 1
665
1 32 1
672
1 27 1
673
1 25 1
679
1 17 1
692
1 15 1
693
1 27 1
697
1 26 1
705
1 15 1
709
1 10 2
716 885
1 27 1
720
1 18 1
726
1 16 1
732
1 11 1
740
1 27 1
748
1 10 1
754
1 22 1
756
1 24 1
761
1 27 1
771
1 25 1
778
1 18 1
788
1 38 1
789
1 28 1
795
1 21 1
796
1 23 1
812
1 14 1
823
1 17 1
828
1 20 1
844
1 18 1
847
1 12 1
862
1 17 1
863
1 40 1
864
1 26 1
871
1 18 1
878
1 17 1
884
1 38 1
886
1 24 1
890
1 10 1
891
1 37 1
893
1 23 1
898
1 25 1
905
1 20 1
907
1 19 1
910
1 27 1
911
1 38 1
916
1 19 1
918
1 25 1
922
1 22 1
923
1 13 1
927
1 37 1
932
1 11 1
935
1 11 1
957
1 28 1
958
1 19 1
962
1 15 1
964
1 28 1
968
1 23 1
974
1 34 1
984
1 10 1
995
