300 204 465 20
22 29 28 24 8 13 28 18 5 1 12 16 2 10 17 5 1 4 30 19 28 23 3 12 6 28 19 23 14 20 24 2 29 18 8 8 30 28 26 11 23 1 28 11 12 24 9 8 27 17 11 25 6 8 16 23 16 9 19 18 13 19 27 12 30 17 22 18 26 12 20 17 2 29 10 23 17 23 25 25 8 11 19 4 25 5 12 25 20 16 11 20 18 3 14 26 12 1 20 17 21 29 15 27 19 16 25 13 28 3 2 15 12 24 16 11 9 20 8 16 20 29 21 15 17 1 7 2 24 25 4 8 27 27 30 5 23 12 1 30 3 18 28 19 9 22 16 7 12 22 1 21 27 28 3 15 25 4 5 26 27 29 16 27 13 5 19 28 30 9 25 25 22 23 20 20 25 2 28 18 16 16 27 21 22 11 16 16 12 4 2 7 21 15 4 17 13 19 27 20 19 15 27 18 7 22 13 21 22 20 6 19 13 8 8 18 17 17 29 1 28 14 18 23 15 10 15 13 24 8 9 28 13 2 30 28 11 11 11 26 16 3 21 8 22 24 17 26 29 4 1 7 5 30 22 25 19 15 15 19 25 24 14 10 15 15 23 4 15 10 18 19 8 16 5 12 18 10 22 10 12 30 18 15 11 23 5 6 22 22 21 5 14 8 17 10 22 8 6 10
24 2 14 1 12 25 27 26 26 19 27 11 11 26 4 17 22 8 7 16 29 8 11 11 26 10 15 13 23 28 30 10 21 2 19 24 27 8 15 3 3 16 8 18 8 30 13 20 20 24 21 17 7 5 29 22 7 30 23 24 1 21 27 9 1 10 18 23 3 3 23 27 22 13 30 24 13 7 19 25 1 14 17 5 27 1 19 27 22 30 20 15 18 4 8 7 28 6 14 16 1 28 20 7 7 21 7 6 28 12 15 17 3 13 13 5 8 7 27 10 6 11 20 24 20 13 25 26 3 1 22 3 8 27 9 22 14 23 18 27 13 3 2 9 16 3 30 13 9 6 19 26 3 16 12 2 29 23 12 21 1 14 14 12 10 13 24 18 9 9 20 10 3 4 23 24 11 18 23 5 28 7 14 15 22 1 7 6 5 26 9 13 29 14 5 6 12 9 23 11 3 2 8 9 2 14 30 15 9 1 30 14 3 23 7 4 13 2 13 24 27 4 2 3 5 1 16 13 25 7 15 25 21 19 13 14 27 21 25 2 20 12 2 1 3 27 4 6 4 12 22 15 8 16 25 12 7 2 25 3 7 3 9 1 15 24 27 20 12 2 2 14 22 7 26 17 5 12 3 19 2 15 26 22 18 12 28 4 13 3 13 29 13 10 22 14 17 8 13 11
0 20 1
263
0 3 2
279 178
1 6 3
206 46 248
0 9 3
171 258 239
2 13 5
233 289 204 61 216
1 2 3
165 164 210
0 2 1
126
0 4 4
62 203 209 118
2 5 4
228 249 109 52
0 3 1
176
1 7 4
148 264 105 236
0 4 3
142 175 259
0 4 2
179 82
0 7 4
292 37 101 273
0 5 1
94
0 11 2
6 103
1 13 3
260 143 75
0 20 1
115
0 9 2
247 152
0 3 1
181
1 6 3
158 44 170
0 13 1
200
0 19 3
128 69 53
0 2 1
155
1 18 3
161 168 191
0 20 2
177 81
0 5 1
231
0 19 1
254
0 2 1
147
0 8 1
89
1 12 4
243 230 232 0
0 14 3
64 83 107
0 9 2
196 85
0 19 2
290 86
2 15 6
122 113 100 180 241 48
0 4 2
27 49
1 15 4
220 110 271 16
0 5 2
287 42
1 3 3
238 194 23
0 1 2
167 32
0 3 2
96 8
0 15 2
26 4
0 12 2
149 237
0 1 2
270 7
0 4 2
31 245
0 5 1
87
1 3 4
291 18 2 39
0 17 1
74
0 12 2
186 280
0 14 1
173
2 13 4
35 172 272 274
0 15 2
139 252
0 15 3
276 269 12
0 11 1
199
0 3 1
275
0 2 2
132 193
0 9 2
250 102
0 9 2
41 76
1 10 3
268 30 225
0 3 1
47
0 6 4
119 17 141 99
1 19 3
88 1 22
0 18 1
73
0 3 1
185
0 15 2
104 266
0 12 1
195
0 20 3
140 150 223
1 7 3
58 202 56
0 14 2
211 297
0 4 2
21 229
0 1 2
29 226
0 2 1
136
2 19 4
36 70 28 222
1 3 3
145 298 108
1 31 1
3
1 26 1
5
1 27 1
9
1 21 1
10
1 17 1
11
2 24 1
13
1 15 1
14
1 21 1
15
1 21 1
19
1 19 1
20
1 12 1
24
2 28 1
25
1 8 1
33
1 10 2
34 93
1 17 1
38
1 35 1
40
1 21 1
43
1 23 1
45
1 19 1
50
1 21 1
51
1 11 1
54
1 40 1
55
3 17 1
57
2 22 1
59
1 11 1
60
2 17 1
63
1 34 1
65
2 10 1
66
1 21 1
67
1 13 1
68
1 6 1
71
1 33 1
72
1 14 1
77
2 20 1
78
1 13 1
79
2 21 1
80
1 23 1
84
2 13 1
90
2 5 1
91
1 29 1
92
1 23 1
95
2 7 1
97
1 6 1
98
2 27 1
106
1 18 1
111
1 17 1
112
1 24 1
114
2 20 1
116
1 33 1
117
1 20 1
120
1 17 1
121
1 26 1
123
2 15 1
124
1 14 1
125
1 35 1
127
1 13 1
129
1 5 1
130
1 32 1
131
1 9 1
133
2 25 1
134
1 18 1
135
1 17 1
137
2 23 1
138
1 5 1
144
1 26 1
146
1 21 1
151
2 21 1
153
1 8 1
154
1 37 1
156
2 7 1
157
1 14 1
159
1 21 1
160
2 5 1
162
1 19 1
163
1 24 1
166
1 10 1
169
1 38 1
174
1 16 1
182
2 8 1
183
1 21 1
184
2 10 1
187
1 24 1
188
1 3 1
189
1 7 1
190
2 35 1
192
1 10 1
197
1 14 1
198
1 23 1
201
1 18 1
205
1 14 1
207
1 14 1
208
1 16 1
212
1 7 1
213
1 23 1
214
1 15 1
215
2 21 1
217
1 28 1
218
1 8 1
219
2 7 1
221
1 16 1
224
1 5 1
227
1 6 1
234
2 34 1
235
1 24 1
240
1 19 1
242
1 21 1
244
1 22 1
246
1 15 1
251
1 4 1
253
1 7 1
255
1 21 1
256
1 12 1
257
2 12 1
261
1 30 1
262
3 7 1
265
1 20 1
267
2 28 1
277
1 22 1
278
1 21 1
281
1 21 1
282
1 25 1
283
1 8 1
284
1 32 1
285
1 34 1
286
1 21 1
288
1 24 1
293
1 24 1
294
1 11 1
295
1 6 1
296
1 10 1
299
