300 206 465 20
4 24 15 18 11 25 10 9 16 1 9 16 4 10 21 23 16 2 29 11 23 16 22 30 20 6 30 11 13 18 11 19 8 26 21 17 8 9 4 8 20 6 9 18 27 6 10 10 30 19 4 19 10 9 12 27 19 26 14 30 7 7 19 27 16 4 23 30 21 18 11 21 12 9 17 4 17 16 16 18 21 9 8 22 30 10 13 28 17 11 27 1 3 8 11 28 21 29 13 7 24 19 26 26 9 13 22 26 19 19 20 25 9 6 21 21 14 22 20 23 18 20 20 19 9 5 18 4 6 14 3 24 12 1 15 6 6 21 9 17 25 18 8 22 25 7 23 17 3 22 3 30 14 9 6 27 29 4 1 27 22 14 23 9 12 26 4 7 21 4 18 15 7 5 28 27 13 7 28 15 21 2 25 11 7 4 30 24 6 28 12 9 11 16 14 14 18 3 4 17 18 15 26 14 6 2 10 13 12 19 29 11 16 2 15 12 6 22 4 17 7 30 24 27 30 24 15 9 9 7 15 22 26 5 8 5 10 18 11 13 15 22 7 26 24 3 11 21 29 5 22 15 24 11 1 28 23 30 24 2 2 25 23 21 11 25 26 1 23 15 12 10 12 16 2 6 9 13 4 21 21 9 13 12 17 27 29 13 17 12 6 22 19 19 27 20 22 29 24 15
14 4 27 26 13 2 17 28 14 11 13 20 27 1 3 13 8 28 19 17 9 18 17 23 5 30 13 2 29 30 20 3 7 27 29 6 7 13 16 4 29 19 21 30 9 7 26 9 27 30 11 20 23 24 10 10 7 17 7 8 15 5 13 18 6 2 19 28 17 14 13 22 15 22 8 21 16 15 23 24 8 30 30 12 18 12 15 11 13 3 2 13 6 2 11 6 3 17 22 29 21 4 24 13 22 25 4 25 24 10 1 30 23 5 15 2 28 14 6 28 15 10 12 20 8 29 10 24 22 7 1 13 19 15 18 23 27 11 3 9 7 18 30 2 5 19 22 11 20 3 15 28 17 14 22 10 13 3 29 5 3 18 15 18 28 3 9 5 29 10 15 23 19 26 30 14 15 29 28 10 4 14 2 5 30 25 10 22 4 28 30 10 13 11 5 2 7 28 11 29 4 1 3 1 3 7 10 24 9 13 30 6 1 21 24 19 14 11 30 23 26 3 5 25 6 11 22 27 2 22 17 1 12 15 14 4 22 17 10 4 10 15 26 5 29 6 1 5 26 27 22 22 20 8 22 23 19 2 8 10 18 21 30 23 30 26 20 11 16 13 2 25 29 25 14 3 3 26 27 26 10 29 21 9 2 26 2 15 11 30 5 23 12 10 1 10 23 12 7 6
0 19 3
5 268 119
0 5 2
74 246
0 4 2
112 43
1 14 3
50 160 21
2 18 4
171 19 151 249
0 16 1
184
0 11 2
269 67
0 2 1
157
1 16 3
237 296 243
0 1 1
252
0 7 2
30 24
0 10 1
92
0 3 1
34
0 17 2
3 216
0 13 1
233
0 2 3
31 213 94
0 8 1
152
0 6 1
57
0 7 1
277
1 20 2
82 52
0 10 3
232 68 133
0 7 4
42 285 230 49
0 6 3
145 257 141
0 11 4
226 16 13 129
0 4 3
46 9 61
0 10 1
235
1 2 3
183 93 126
2 9 4
255 104 81 77
0 5 4
86 37 287 140
1 16 3
161 192 159
0 3 1
29
1 7 4
293 263 4 6
1 8 2
78 206
1 18 3
73 156 85
0 12 2
244 224
0 17 2
260 288
0 18 2
212 200
1 1 2
174 69
0 13 2
26 132
0 14 4
128 248 107 54
2 7 4
199 136 0 175
0 14 2
204 14
0 19 1
12
0 18 3
298 56 162
0 12 1
241
1 1 3
234 114 223
0 7 3
177 261 194
0 20 3
290 294 134
0 18 2
273 118
0 11 1
15
0 15 1
286
0 9 1
125
0 5 1
123
1 1 3
20 148 191
0 16 1
79
0 14 2
63 242
1 8 4
239 291 121 267
0 19 2
163 83
0 2 3
247 238 39
0 13 5
165 227 295 283 51
1 7 4
143 210 149 122
0 1 1
99
0 16 1
218
1 10 3
190 71 276
0 20 2
10 275
0 6 2
278 40
1 7 4
214 251 11 44
1 17 4
266 203 7 280
2 14 1
1
1 15 1
2
1 33 1
8
1 31 1
17
3 12 1
18
1 16 1
22
1 21 1
23
1 25 1
25
1 17 1
27
2 12 1
28
2 23 1
32
1 7 1
33
1 7 1
35
1 19 1
36
1 11 1
38
1 27 1
41
2 11 1
45
1 14 1
47
1 38 1
48
1 16 1
53
1 10 1
55
1 11 1
58
1 26 1
59
2 25 2
60 101
3 23 1
62
2 27 1
64
1 21 1
65
1 23 1
66
1 33 1
70
2 34 2
72 155
1 19 1
75
1 19 1
76
3 34 1
80
1 19 1
84
1 31 1
87
1 8 1
88
1 12 1
89
3 25 1
90
1 28 1
91
1 33 1
95
1 15 1
96
2 36 1
97
1 22 1
98
1 4 1
100
1 7 1
102
1 24 1
103
2 19 1
105
1 14 1
106
1 12 1
108
1 17 1
109
3 27 1
110
1 18 1
111
1 22 1
113
1 32 1
115
2 26 1
116
1 7 1
117
1 23 1
120
1 21 1
124
3 36 1
127
2 21 1
130
1 11 1
131
1 12 1
135
3 20 1
137
1 14 1
138
1 12 1
139
1 21 1
142
1 27 1
144
1 25 1
146
3 20 1
147
1 38 1
150
1 12 1
153
1 23 1
154
1 26 1
158
1 20 1
164
1 25 1
166
1 17 1
167
2 2 1
168
1 20 1
169
2 28 1
170
1 24 1
172
1 35 1
173
2 23 1
176
2 23 1
178
1 17 1
179
1 25 1
180
1 8 1
181
1 38 1
182
1 9 1
185
1 9 1
186
2 20 1
187
1 22 1
188
4 19 1
189
1 17 1
193
1 22 1
195
1 16 1
196
1 30 1
197
1 29 1
198
1 9 1
201
1 5 1
202
1 26 1
205
1 13 1
207
2 32 1
208
2 19 1
209
1 6 1
211
1 20 1
215
1 19 1
217
1 21 1
219
1 16 1
220
1 19 1
221
1 21 1
222
1 22 1
225
1 21 1
228
1 14 1
229
2 25 1
231
1 6 1
236
1 14 1
240
1 23 1
245
1 30 1
250
1 23 1
253
1 31 1
254
2 30 1
256
1 24 1
258
1 7 1
259
1 23 1
262
1 9 1
264
3 23 1
265
1 29 1
270
1 11 1
271
1 26 1
272
1 8 1
274
1 18 1
279
1 20 1
281
1 26 1
282
1 14 1
284
1 30 1
289
1 30 1
292
1 20 1
297
2 11 1
299
