1000 471 1550 67
27 5 3 22 4 7 30 8 27 26 12 29 22 15 10 18 23 14 4 7 16 2 4 6 10 8 22 21 10 10 23 3 22 19 29 11 6 29 5 12 10 18 15 23 11 24 15 7 19 17 17 7 30 12 11 6 28 9 20 18 5 14 29 24 8 23 2 22 18 29 16 9 30 28 24 19 17 21 20 27 3 10 17 21 24 15 12 29 3 30 2 1 17 3 6 27 20 27 3 5 22 29 13 5 26 4 29 25 21 6 6 3 15 17 27 1 22 15 11 22 11 7 20 4 2 28 28 24 26 7 5 8 10 1 18 13 11 10 22 3 6 27 7 15 14 21 4 26 9 25 25 10 5 20 26 14 20 16 11 11 16 23 27 3 5 13 16 19 15 14 3 28 24 3 4 2 19 6 2 21 29 8 28 3 29 24 10 30 29 7 18 21 6 14 10 5 15 6 11 23 14 3 22 3 5 10 24 9 10 2 23 7 23 28 7 14 15 30 6 12 19 18 13 11 23 29 29 7 14 16 22 17 29 12 17 27 21 15 26 9 22 25 25 26 11 6 19 20 12 1 28 6 13 1 18 7 7 30 2 18 20 28 17 7 21 9 19 9 23 1 28 5 10 14 28 28 2 14 29 29 12 12 6 6 28 3 11 20 16 8 23 19 22 17 19 30 6 15 2 22 11 5 7 26 9 18 14 3 23 26 19 5 16 21 17 17 7 30 19 29 4 27 15 9 17 3 26 30 14 14 23 11 4 10 25 22 3 10 18 11 13 18 23 12 11 16 22 2 1 1 5 3 25 14 1 13 2 14 15 21 3 15 11 20 22 23 24 19 14 20 4 14 22 22 28 23 24 14 3 29 28 19 27 25 15 22 12 20 15 15 4 17 30 25 18 3 5 19 3 16 25 23 18 25 21 4 10 11 22 8 27 25 13 17 22 8 6 3 23 20 20 7 4 20 2 2 15 21 30 2 2 2 21 14 12 27 4 6 16 22 3 20 2 17 3 13 11 21 17 5 25 19 6 21 4 14 24 6 9 4 24 19 3 2 8 2 11 12 1 16 3 22 6 22 7 27 28 27 20 5 9 21 13 13 25 26 30 28 29 1 8 4 7 26 26 26 8 26 10 12 16 3 25 16 29 3 23 15 17 12 17 4 28 14 28 2 9 24 1 22 12 30 10 20 10 22 9 12 12 7 3 11 21 20 8 29 8 17 22 18 28 15 4 29 1 24 22 1 11 2 7 13 28 19 26 9 28 16 3 15 26 13 4 20 24 11 15 29 28 12 11 6 25 13 19 11 20 14 12 28 21 1 26 10 5 11 22 6 29 25 23 15 17 23 20 1 23 23 18 2 20 10 29 29 27 1 10 17 27 12 27 4 23 7 19 24 1 5 2 25 20 21 12 5 26 24 18 11 8 8 16 20 27 6 8 20 18 12 25 23 27 12 4 13 11 21 16 21 3 13 5 9 20 16 17 30 15 23 8 30 18 9 27 22 19 14 17 15 27 18 2 28 13 11 4 9 12 19 25 9 19 2 30 22 22 26 28 27 6 21 14 17 30 22 26 11 30 14 6 5 13 4 25 23 14 18 26 19 4 30 29 12 3 27 11 7 6 4 12 21 27 5 3 16 5 30 27 15 26 11 2 28 6 19 5 17 23 8 12 23 25 23 1 7 12 6 15 30 8 28 11 24 4 6 18 17 7 19 24 18 21 20 18 9 24 14 22 25 10 3 1 7 12 26 12 25 20 17 29 27 22 10 28 14 24 30 28 24 11 10 6 8 1 14 26 20 18 13 9 25 28 7 15 9 25 1 6 2 13 20 29 13 20 11 15 2 4 9 30 4 30 16 8 10 22 2 1 3 18 22 16 5 13 5 14 28 19 24 6 26 7 27 29 8 22 2 21 2 3 2 5 21 28 30 30 17 4 6 16 8 20 21 8 1 20 2 19 20 22 14 1 19 8 9 12 3 8 27 17 17 8 23 8 5 19 2 25 12 30 5 15 6 11 6 1 13 7 24 19 14 4 7 29 26 11 23 30 18 26 17 8 28 19 25 24 18 9 20 24 20 25 8 18 8 26 10 26 1 19 26 4 2 26 17 28 30 12 30 27 25 3 8 19 18 5 20 12 30 8 1 29 6 13 4 28 11 24 4 24 15 20 4 10 1 23 2 18 7 6 25 14 20 26 12 16 24 19 20 8 20 29 26 13 28 22 23 25 19 8 18 12 16 4 16 16 17 7 28 29 11
28 10 4 27 1 11 7 13 4 3 1 1 6 21 2 24 6 2 7 14 18 1 24 30 4 10 23 15 22 17 19 24 28 4 28 15 25 3 15 26 5 11 22 14 4 4 23 8 3 4 6 12 6 24 25 23 15 19 18 22 15 19 30 29 22 13 6 17 5 18 1 18 13 9 10 14 28 6 11 19 25 26 6 27 24 9 9 18 3 26 13 4 12 19 27 22 5 10 27 15 14 29 18 9 11 16 6 24 27 5 17 13 5 8 17 8 15 25 7 11 5 16 13 3 10 26 24 20 30 8 25 24 9 9 26 24 17 10 15 28 24 9 27 14 27 5 30 30 1 24 29 30 23 30 13 4 21 22 2 11 3 22 10 14 9 14 1 29 22 3 30 3 19 18 23 11 12 16 5 24 15 4 9 30 7 3 10 24 21 14 16 29 6 6 1 8 17 20 12 17 20 8 17 17 2 18 13 2 1 18 7 3 29 9 28 2 30 3 21 11 24 21 19 10 28 14 18 6 16 12 19 12 9 30 25 21 9 17 3 4 23 2 22 26 28 5 22 23 27 15 17 23 14 8 22 9 28 19 10 24 30 26 25 19 1 9 8 7 5 3 7 28 12 27 15 21 13 8 10 28 16 3 10 14 9 24 28 6 17 4 3 24 16 11 6 7 2 5 24 19 17 1 15 24 11 23 23 14 8 5 24 26 14 21 15 23 24 7 16 7 10 21 4 24 5 3 14 27 14 8 4 11 26 13 8 29 20 26 3 23 13 29 21 23 27 30 7 28 29 29 25 21 21 22 26 1 2 23 15 3 20 22 26 26 5 6 5 14 24 22 22 1 16 1 10 24 21 3 30 28 11 1 3 8 30 30 24 25 23 28 17 18 1 7 3 28 17 24 14 24 27 28 17 21 13 8 15 27 4 25 12 12 18 22 15 10 25 21 25 18 25 5 5 28 20 7 25 29 28 1 30 25 29 5 18 14 27 22 4 28 25 20 7 23 3 23 17 26 29 30 13 7 22 6 30 16 18 27 4 27 11 17 9 14 29 26 14 18 23 8 7 3 12 8 24 14 1 8 3 16 5 2 27 9 27 4 3 23 2 20 11 7 17 13 16 18 1 2 29 20 10 14 17 28 22 2 7 4 8 12 23 11 26 12 21 22 28 12 4 25 19 9 3 24 10 18 9 15 25 7 13 8 19 4 6 2 29 30 9 1 27 18 12 3 1 25 23 20 24 27 27 30 20 9 24 21 19 25 5 1 19 13 8 5 24 28 1 14 19 26 28 21 24 24 20 1 9 26 29 14 18 15 4 28 14 20 10 17 14 17 17 11 21 30 21 11 5 22 14 10 16 12 13 1 30 29 20 14 3 26 14 13 4 3 1 30 17 26 23 16 8 13 8 8 20 24 8 9 25 3 23 18 29 26 22 21 9 19 11 9 17 27 15 4 8 3 22 15 3 24 30 21 11 15 10 30 28 7 8 19 5 6 3 2 24 8 14 23 27 29 16 18 3 18 19 20 19 2 15 12 14 12 17 11 10 30 4 4 24 17 16 14 6 13 3 12 11 19 4 5 18 6 12 29 20 5 21 9 20 9 24 25 4 27 2 15 3 23 23 27 1 4 23 21 24 23 29 20 1 18 19 14 30 29 6 11 6 22 25 14 18 11 26 7 23 1 7 22 15 4 17 30 15 15 9 2 13 6 28 1 25 11 19 23 7 2 10 27 23 6 19 4 14 16 24 11 11 29 5 9 4 27 23 9 10 16 30 4 1 6 5 2 1 17 3 11 22 27 4 6 12 20 10 28 29 14 23 8 19 21 26 25 13 11 3 26 13 8 9 30 10 2 8 16 25 12 12 17 17 22 22 20 5 4 22 7 19 28 16 16 12 26 1 23 2 27 16 4 28 23 24 5 7 1 12 4 10 14 2 11 9 24 19 17 20 30 27 22 30 23 13 24 12 19 16 9 29 9 2 15 2 13 7 29 6 27 17 27 10 20 21 12 3 8 22 12 28 8 23 26 9 21 8 26 12 30 27 7 28 11 8 19 11 17 30 21 28 8 19 6 16 17 11 25 5 28 3 21 19 20 14 14 28 5 20 30 24 4 8 9 4 28 4 14 21 23 23 30 9 30 6 16 18 29 3 26 28 1 19 7 27 30 5 29 13 1 23 18 30 23 4 11 30 17 11 5 19 7 3 24 21 14 27 7 11 1 28 9 4 7 12 14 9 4 29 28 5 7 25 9
0 5 4
144 63 862 757
0 7 7
81 708 525 50 207 254 90
4 16 10
48 397 204 369 237 575 355 389 310 196
0 13 3
839 385 923
0 17 5
688 630 227 311 285
1 15 14
906 296 659 806 739 409 678 173 166 657 662 513 178 748
1 14 5
978 764 543 411 953
6 14 12
147 939 879 392 801 500 991 359 210 15 29 127
4 7 10
919 16 7 887 38 408 744 456 770 383
2 2 10
836 815 4 868 652 914 303 933 220 873
0 19 9
670 540 778 684 327 137 421 407 61
1 12 6
216 378 455 811 523 115
3 15 8
155 387 835 11 912 477 334 495
5 9 10
841 23 154 164 299 754 97 273 390 526
4 19 12
314 281 233 435 434 215 633 563 656 711 256 319
5 5 10
135 566 810 845 813 37 245 413 905 975
0 14 4
486 897 826 250
2 8 11
103 109 307 174 976 954 329 349 530 244 560
0 13 1
773
2 17 6
468 428 360 827 20 825
1 10 5
463 921 92 59 852
2 14 5
963 570 111 64 781
1 3 10
313 94 437 199 539 774 960 734 472 506
4 13 9
77 161 462 922 25 429 571 473 235
2 5 8
958 186 232 361 949 705 699 814
2 16 7
223 756 427 182 743 323 727
1 7 9
692 157 363 505 787 749 536 603 886
1 13 5
352 880 78 807 482
2 9 5
491 56 501 318 677
0 19 7
901 105 79 445 368 13 593
4 18 9
442 443 262 962 255 188 986 818 898
0 9 5
554 226 624 597 869
3 18 9
762 424 67 599 579 812 290 399 12
4 5 13
821 902 614 942 265 631 219 576 680 753 46 997 904
0 7 2
611 853
0 13 2
274 356
3 11 11
179 269 721 802 8 877 17 192 33 903 917
1 14 9
696 703 907 276 297 589 564 996 450
0 8 2
587 618
0 15 8
635 533 229 706 920 158 872 18
0 19 2
950 983
6 19 10
343 324 306 136 224 367 384 337 141 768
3 13 7
190 924 293 547 125 591 790
0 19 6
723 941 776 929 351 386
2 19 7
420 301 375 948 242 444 253
3 12 9
676 694 689 583 503 573 201 236 944
0 11 2
798 831
0 15 2
572 741
2 10 6
988 577 211 197 381 458
2 7 9
112 817 643 382 86 840 994 106 440
1 13 12
400 820 637 529 574 416 892 702 68 628 586 474
2 2 12
783 690 871 294 183 928 763 854 992 795 609 181
0 5 1
837
0 17 6
131 438 309 168 24 969
0 7 1
667
1 17 11
230 9 686 304 629 796 562 737 642 208 153
1 3 6
998 169 484 228 71 490
0 6 9
956 418 947 53 738 123 99 214 100
4 7 10
799 139 548 2 116 278 114 546 557 66
4 5 11
395 40 286 585 682 882 977 980 345 885 371
1 16 8
487 203 792 899 580 492 716 607
0 8 2
401 522
4 16 13
621 248 159 606 612 241 651 931 866 884 26 808 725
1 1 8
298 331 594 58 423 82 365 619
1 1 10
449 569 107 620 1 588 485 206 457 217
0 1 4
398 321 809 83
0 18 2
431 596
0 17 5
493 527 261 910 374
0 11 1
863
2 1 6
476 60 143 834 507 779
0 20 2
57 726
4 16 11
469 126 851 88 883 581 732 30 641 373 342
3 3 9
717 454 985 867 305 95 655 938 238
1 6 4
222 972 475 358
0 4 4
430 679 608 170
0 1 1
957
0 6 3
534 791 710
2 19 7
805 231 822 122 39 140 34
0 4 5
19 417 333 888 73
0 17 3
410 746 758
1 6 11
218 541 344 819 516 849 65 510 394 889 981
3 16 11
119 895 967 666 803 775 707 129 348 830 713
4 2 9
644 843 149 498 742 859 447 930 545
0 14 4
496 709 209 909
1 14 6
295 117 970 260 925 162
1 2 3
494 740 876
2 14 1
0
2 36 1
3
1 18 2
5 605
3 32 2
6 504
1 24 1
10
4 29 1
14
3 27 1
21
7 15 1
22
1 38 1
27
1 21 1
28
8 14 2
31 683
3 18 2
32 42
3 14 1
35
2 22 1
36
1 27 1
41
1 20 1
43
1 31 1
44
5 30 1
45
1 24 1
47
7 21 1
49
3 19 1
51
3 23 1
52
1 31 1
54
5 14 1
55
1 32 1
62
6 15 1
69
4 17 2
70 751
2 26 1
72
4 8 1
74
1 23 1
75
4 9 1
76
3 13 1
80
2 26 1
84
1 37 1
85
8 28 1
87
1 24 1
89
1 18 1
91
1 25 1
93
1 24 1
96
1 19 1
98
5 23 1
101
1 19 1
102
1 18 1
104
9 21 1
108
2 12 1
110
1 26 1
113
2 33 1
118
1 28 2
120 550
1 35 1
121
3 31 1
124
8 23 1
128
2 16 2
130 855
7 21 1
132
3 33 1
133
2 14 1
134
1 15 1
138
2 13 1
142
1 29 1
145
3 15 1
146
3 17 1
148
3 32 1
150
3 13 2
151 698
5 4 1
152
4 21 1
156
2 26 1
160
1 23 1
163
1 27 1
165
9 32 1
167
6 9 1
171
1 27 2
172 180
1 17 1
175
1 17 1
176
1 32 1
177
2 30 1
184
2 28 1
185
2 12 1
187
1 28 1
189
1 19 1
191
1 38 1
193
2 6 1
194
1 26 1
195
3 32 1
198
6 15 1
200
1 15 1
202
1 21 1
205
1 13 1
212
1 19 1
213
1 26 1
221
1 20 1
225
3 17 1
234
2 25 1
239
1 24 1
240
8 21 1
243
2 9 1
246
3 31 1
247
5 23 1
249
2 13 1
251
3 35 1
252
3 10 1
257
6 24 1
258
1 30 1
259
3 16 1
263
3 15 1
264
5 18 1
266
1 20 2
267 602
2 26 1
268
2 28 2
270 483
3 32 3
271 671 752
3 18 1
272
5 32 1
275
2 13 1
277
7 14 1
279
1 19 1
280
1 5 1
282
8 15 1
283
1 20 1
284
2 11 1
287
1 37 1
288
3 25 1
289
3 31 1
291
6 20 1
292
8 21 1
300
4 14 1
302
2 32 1
308
1 21 1
312
3 32 1
315
10 25 1
316
1 36 1
317
1 24 1
320
4 15 1
322
7 14 1
325
2 28 1
326
5 8 1
328
2 37 1
330
3 31 1
332
3 21 1
335
5 7 1
336
1 9 1
338
2 13 1
339
2 33 2
340 508
1 12 1
341
1 5 1
346
9 32 1
347
3 6 1
350
5 11 1
353
8 13 2
354 480
5 38 1
357
2 19 1
362
3 12 1
364
7 20 1
366
5 26 1
370
3 21 1
372
1 24 1
376
8 19 1
377
3 12 1
379
1 23 1
380
1 34 1
388
3 31 1
391
4 11 1
393
3 26 1
396
4 26 1
402
1 14 1
403
5 25 1
404
2 20 1
405
1 28 2
406 432
3 10 1
412
2 27 1
414
1 26 1
415
3 17 1
419
1 24 2
422 520
5 24 1
425
2 8 1
426
5 23 1
433
3 10 1
436
1 38 1
439
3 15 1
441
1 29 1
446
5 21 1
448
1 30 1
451
1 37 1
452
2 23 2
453 870
2 30 2
459 509
1 32 1
460
8 26 1
461
1 20 1
464
2 24 1
465
1 14 2
466 695
1 33 1
467
1 30 1
470
2 25 1
471
5 14 1
478
1 19 1
479
9 24 2
481 502
1 20 1
488
1 34 1
489
4 17 2
497 598
3 13 1
499
3 15 1
511
1 22 1
512
1 35 1
514
6 22 1
515
8 20 1
517
3 8 1
518
2 25 1
519
2 32 1
521
1 22 1
524
1 15 1
528
1 20 1
531
1 29 1
532
2 17 1
535
3 11 1
537
2 30 1
538
4 20 1
542
1 20 1
544
1 29 1
549
3 22 1
551
5 4 1
552
3 17 1
553
1 24 1
555
3 29 1
556
1 17 1
558
2 14 1
559
1 15 1
561
1 16 1
565
2 22 1
567
7 27 1
568
1 27 1
578
2 14 1
582
1 34 1
584
3 33 1
590
1 8 1
592
2 19 1
595
8 16 1
600
1 23 1
601
1 26 1
604
2 12 1
610
1 22 1
613
2 22 1
615
9 28 1
616
8 16 1
617
3 21 1
622
1 11 1
623
8 14 1
625
4 26 1
626
2 27 1
627
1 17 1
632
1 2 1
634
1 28 1
636
8 10 1
638
1 17 1
639
1 35 1
640
1 20 1
645
1 25 1
646
6 7 1
647
4 14 1
648
3 12 1
649
8 12 1
650
2 34 1
653
2 38 1
654
1 28 1
658
3 19 1
660
1 26 1
661
8 35 1
663
2 33 1
664
6 24 1
665
1 33 1
668
8 22 1
669
3 21 1
672
2 19 1
673
3 17 1
674
3 3 1
675
3 29 2
681 747
1 25 1
685
2 32 1
687
3 29 1
691
1 12 1
693
5 15 1
697
8 21 1
700
2 19 1
701
2 32 1
704
2 22 1
712
1 11 1
714
2 32 1
715
1 28 1
718
2 33 1
719
1 26 1
720
2 14 1
722
5 15 1
724
8 24 1
728
5 10 1
729
1 29 1
730
1 24 1
731
5 8 1
733
1 31 1
735
1 10 1
736
2 12 1
745
1 24 1
750
3 15 1
755
1 24 1
759
3 22 1
760
5 20 1
761
1 26 1
765
5 6 1
766
2 29 1
767
1 31 2
769 987
1 3 1
771
2 17 1
772
8 19 1
777
1 13 1
780
2 24 1
782
3 19 1
784
8 9 1
785
6 9 1
786
3 18 1
788
8 19 1
789
3 20 1
793
1 11 1
794
3 31 2
797 842
4 8 1
800
7 18 1
804
2 31 1
816
7 17 1
823
1 28 1
824
2 20 1
828
2 26 1
829
2 15 1
832
1 11 1
833
2 10 1
838
3 10 1
844
1 22 1
846
1 7 2
847 995
1 15 1
848
8 32 1
850
1 27 1
856
5 14 1
857
8 26 1
858
1 11 2
860 945
1 26 1
861
2 23 1
864
2 36 1
865
1 24 1
874
4 17 1
875
3 30 1
878
3 17 1
881
1 21 1
890
3 19 1
891
3 10 1
893
4 19 1
894
3 4 1
896
1 14 1
900
3 9 1
908
5 32 1
911
5 5 1
913
8 23 1
915
1 18 1
916
1 30 1
918
1 11 1
926
1 24 1
927
1 18 1
932
4 11 1
934
1 18 1
935
9 23 1
936
2 23 1
937
4 6 1
940
1 21 1
943
1 17 1
946
2 25 1
951
3 8 1
952
1 26 1
955
3 16 1
959
1 19 1
961
3 29 1
964
6 30 1
965
5 27 1
966
5 21 1
968
1 30 1
971
5 24 1
973
5 28 1
974
2 18 1
979
1 22 1
982
2 32 1
984
1 29 1
989
1 11 1
990
2 23 1
993
2 15 1
999
