700 364 1085 47
16 12 3 29 15 28 11 13 2 23 2 2 21 21 25 2 20 1 30 4 15 4 1 30 5 22 21 8 11 20 21 11 7 20 26 28 5 17 28 7 7 28 15 13 14 24 30 20 21 28 30 25 10 20 15 30 20 29 1 12 22 8 21 24 8 29 9 28 7 13 19 24 25 20 18 16 27 14 16 27 16 18 19 19 11 24 10 27 29 12 29 19 6 14 5 24 5 25 20 24 17 27 25 3 13 10 3 16 18 14 23 6 10 12 7 21 19 1 17 15 20 17 29 10 17 28 24 14 7 6 19 25 19 21 4 20 14 5 24 15 28 18 20 29 18 3 19 21 27 6 14 30 17 14 10 5 16 5 4 23 25 10 13 12 2 17 11 21 24 15 11 15 6 20 7 13 11 19 23 5 16 26 17 1 2 8 5 16 26 23 26 4 17 19 21 15 24 13 8 15 28 21 6 11 4 18 25 15 26 5 16 28 3 9 17 10 15 27 2 3 5 29 24 9 10 22 20 10 20 22 8 5 2 13 21 6 25 24 2 30 29 25 20 18 26 11 5 29 11 1 12 1 11 28 24 4 24 4 24 15 17 18 29 7 21 22 4 20 2 5 15 20 28 22 3 14 29 12 3 20 27 29 21 30 11 15 10 6 4 11 18 27 25 26 13 7 6 16 7 30 9 18 22 6 22 23 21 10 7 4 2 8 9 17 22 19 6 20 24 20 14 7 13 29 30 23 24 14 6 23 3 29 19 16 26 4 12 25 23 18 21 7 8 20 10 4 21 12 13 1 2 8 6 14 7 14 21 5 22 4 27 25 11 12 6 21 11 17 15 29 16 11 20 6 22 22 21 7 14 3 18 9 15 22 13 19 29 4 28 22 11 15 16 8 11 25 4 26 2 1 25 3 1 5 11 24 16 25 8 18 20 18 21 15 16 28 21 7 21 6 30 26 25 28 21 11 12 27 13 22 27 10 15 10 11 1 30 6 13 18 30 1 23 20 10 12 13 6 4 28 29 21 21 26 28 23 26 15 23 7 10 21 24 7 1 13 7 22 18 6 15 13 3 29 11 16 10 4 19 15 19 4 22 8 25 6 15 16 23 28 30 26 5 25 7 21 17 21 3 16 17 23 5 15 21 12 22 2 12 20 28 8 1 10 14 17 12 27 11 4 24 8 11 23 9 2 14 20 21 21 16 27 29 9 17 10 16 26 1 2 21 28 13 13 18 29 5 10 7 6 2 30 28 4 22 11 15 19 4 29 17 3 25 27 19 26 27 23 14 12 1 1 1 27 27 10 13 17 28 15 6 26 8 29 5 28 5 5 2 3 28 19 29 21 5 22 28 26 23 30 20 12 12 24 22 18 28 19 16 26 18 17 6 2 17 24 18 23 29 11 15 29 23 23 12 22 23 29 24 13 25 17 5 19 27 7 10 20 30 25 5 7 19 25 3 2 20 29 10 24 1 14 1 6 5 4 23 17 12 19 29 5 1 23 16 7 15 7 15 22 30 4 23 19 5 9 12 11 13 4 16 21 22 29 3 7 21 23 4 23 3 2 26 28 26 9 26 30 4 15
22 23 30 13 30 14 25 24 4 9 29 22 2 22 19 14 27 29 21 19 13 30 19 27 17 3 25 23 8 14 20 12 11 22 9 18 24 13 15 5 22 17 11 22 13 23 1 12 2 16 8 5 4 1 26 3 10 1 26 15 25 19 11 11 11 18 11 8 10 29 20 6 12 11 6 28 19 21 23 23 21 13 5 23 11 28 10 21 26 10 8 15 7 10 15 20 2 27 13 29 6 19 21 14 16 14 29 6 10 22 19 4 6 30 13 8 24 5 9 17 28 19 23 8 25 8 16 20 30 24 25 18 28 27 21 2 3 7 19 24 3 7 19 19 13 30 6 30 1 25 30 22 10 26 15 17 10 5 25 13 14 28 7 24 8 16 11 14 29 24 16 26 16 9 25 17 4 21 3 22 21 9 23 15 7 27 15 26 25 28 28 20 5 22 27 3 4 23 12 2 17 25 9 4 22 19 25 8 18 10 25 2 17 17 19 17 11 9 3 9 19 17 11 6 8 30 11 30 13 20 20 17 26 21 18 13 27 11 17 27 24 10 20 24 22 23 21 19 12 9 29 23 10 29 1 21 22 13 8 3 7 7 13 6 13 9 17 23 9 4 21 5 25 16 26 10 19 5 3 14 7 15 30 15 30 19 14 20 16 26 30 7 25 20 15 25 27 19 17 3 23 21 21 19 2 6 7 30 13 11 7 16 25 9 22 24 12 26 15 19 2 3 7 16 19 21 12 26 14 19 21 21 15 30 4 20 23 13 22 2 26 21 11 16 28 9 24 3 10 11 30 11 3 28 2 18 3 3 28 12 8 27 6 17 24 15 20 23 3 8 25 15 22 18 9 18 5 30 18 15 20 11 7 26 9 13 17 14 11 26 15 14 5 1 21 24 4 1 8 6 23 13 14 3 24 24 16 26 20 14 27 2 14 21 26 9 12 15 9 1 20 19 25 10 19 30 20 28 6 7 4 26 10 6 2 24 14 5 6 1 28 3 1 13 24 1 2 11 22 7 16 5 28 23 10 14 27 9 13 27 19 29 2 10 28 15 28 20 23 25 8 11 11 15 4 1 27 24 28 30 9 26 20 7 28 5 17 20 16 26 2 13 30 6 19 19 5 1 24 2 25 25 5 14 15 12 9 1 25 27 20 5 4 20 23 18 11 6 24 7 3 26 13 5 13 2 11 18 17 25 6 8 24 2 9 25 7 11 1 13 22 13 1 22 2 17 12 3 18 16 5 17 3 7 19 22 18 16 9 12 9 18 21 7 26 17 27 26 15 27 9 20 15 23 14 2 25 4 28 29 4 19 4 13 29 29 30 25 15 11 3 21 3 22 10 27 21 12 27 1 13 7 30 11 17 14 25 12 24 22 7 11 20 1 13 23 29 22 13 9 26 29 9 5 13 30 11 19 24 27 23 23 12 7 23 7 3 30 16 13 23 8 4 8 23 16 22 18 21 23 30 6 11 13 6 13 12 25 11 12 17 10 27 5 18 18 30 17 2 3 5 4 25 28 24 14 21 4 3 9 20 1 25 25 16 27 16 15 9 15 26 2 23 7 29 20 14 15 21 9
1 3 4
340 191 40 187
2 14 8
152 584 619 478 664 185 413 43
0 12 3
120 598 225
0 1 6
612 116 244 396 138 386
2 11 9
468 287 119 83 171 463 222 97 492
1 12 10
604 74 567 130 544 224 221 442 146 350
2 10 7
254 182 634 332 369 633 629
0 20 2
336 339
0 3 3
375 362 75
1 17 4
161 121 473 87
0 17 4
501 354 231 670
3 11 9
94 352 39 7 174 195 393 5 679
1 19 3
652 134 214
1 14 3
170 345 128
3 2 8
188 122 593 592 585 519 595 257
1 3 6
507 638 179 514 98 512
1 18 10
129 88 71 488 578 526 698 550 25 438
0 9 7
441 419 650 305 156 162 391
0 16 3
538 127 529
1 11 6
337 168 540 180 99 238
1 7 3
410 124 398
0 4 4
93 668 159 316
0 10 2
177 247
0 17 3
631 81 618
1 4 7
536 248 318 460 390 107 281
0 16 4
525 17 589 497
1 6 5
56 133 348 626 307
1 19 5
14 346 376 233 211
2 19 9
408 687 556 691 573 570 406 95 101
0 17 2
143 466
0 4 2
575 371
1 5 5
657 363 641 427 405
0 9 7
373 82 464 524 462 207 625
0 9 10
470 58 688 461 290 577 194 114 693 479
0 2 6
416 582 334 264 275 59
0 13 1
193
1 8 7
697 644 686 263 484 576 465
2 15 6
312 388 210 599 611 482
1 3 6
436 383 104 237 658 674
0 19 4
377 678 202 506
2 10 7
546 474 357 440 690 73 452
0 7 2
125 204
0 7 4
50 3 610 435
1 2 3
685 654 80
0 17 2
267 607
1 18 6
351 301 449 325 563 615
0 8 2
184 662
1 17 6
549 541 671 48 166 13
1 11 4
230 26 649 558
0 19 10
206 173 517 379 630 255 241 258 656 65
1 6 3
150 144 418
3 14 6
273 374 240 52 84 663
0 7 6
313 289 135 392 624 403
0 11 3
680 70 252
1 18 3
113 439 574
4 13 8
651 314 96 493 579 695 236 421
0 8 3
548 136 628
2 2 10
2 63 298 504 669 285 370 203 92 534
3 19 12
523 531 503 46 467 33 425 0 635 4 588 642
0 5 2
277 459
0 15 2
476 637
0 14 1
149
1 5 8
508 554 323 420 271 200 402 509
0 17 4
155 571 486 294
0 8 6
67 400 60 414 153 407
0 12 5
228 251 256 38 389
0 20 4
326 250 132 342
0 15 2
496 583
0 13 2
646 632
1 9 4
616 511 115 382
0 15 2
54 609
0 13 4
489 515 102 291
1 14 6
426 90 61 696 37 181
0 19 1
178
1 13 4
434 235 110 605
0 18 4
453 537 292 226
0 8 1
490
0 19 4
164 385 272 487
1 17 9
422 481 163 288 317 535 103 293 49
0 18 5
447 310 689 260 431
0 8 4
338 167 249 215
1 6 5
627 477 229 451 68
1 20 5
343 358 319 647 590
2 27 1
1
2 17 2
6 91
2 14 1
8
6 12 1
9
2 33 1
10
2 19 1
11
2 31 2
12 401
1 24 1
15
1 21 1
16
3 23 1
18
2 21 1
19
1 26 1
20
1 23 1
21
2 37 1
22
1 25 1
23
3 23 1
24
3 39 1
27
1 32 1
28
3 11 2
29 660
4 30 1
30
3 27 1
31
2 29 1
32
2 27 1
34
2 29 1
35
2 19 1
36
2 14 1
41
2 29 1
42
3 28 1
44
2 13 1
45
1 18 1
47
1 16 1
51
1 8 1
53
2 26 1
55
1 30 1
57
3 17 1
62
2 26 1
64
1 16 1
66
1 24 1
69
3 30 1
72
2 30 1
76
3 16 1
77
1 22 1
78
2 8 1
79
2 21 1
85
3 33 1
86
2 23 1
89
4 32 1
100
2 23 1
105
2 34 1
106
1 24 2
108 682
2 22 1
109
1 26 1
111
1 25 1
112
1 10 1
117
3 33 1
118
1 27 1
123
2 21 1
126
1 25 1
131
2 15 2
137 699
2 32 1
139
2 21 1
140
3 20 1
141
2 11 1
142
4 21 1
145
1 18 1
147
1 18 1
148
1 20 1
151
1 21 1
154
3 17 1
157
2 24 1
158
1 14 1
160
2 24 1
165
1 26 1
169
2 25 1
172
1 18 1
175
2 15 1
176
2 20 2
183 217
1 22 1
186
3 22 1
189
4 19 1
190
6 13 1
192
1 10 1
196
2 20 1
197
3 28 1
198
5 20 1
199
2 23 1
201
2 28 1
205
1 15 1
208
4 30 1
209
3 26 1
212
1 21 1
213
4 16 1
216
1 27 1
218
3 20 2
219 498
2 23 1
220
2 14 1
223
1 27 1
227
3 13 1
232
2 30 1
234
3 35 2
239 437
4 9 1
242
2 32 1
243
1 23 1
245
5 34 1
246
4 22 1
253
3 23 1
259
2 13 1
261
1 15 1
262
3 14 1
265
4 26 2
266 424
2 14 1
268
1 32 1
269
3 30 1
270
1 20 1
274
1 27 1
276
3 16 1
278
1 36 1
279
1 26 1
280
2 10 1
282
5 21 1
283
1 31 1
284
2 18 1
286
2 14 1
295
2 17 1
296
3 31 1
297
1 27 1
299
1 21 1
300
2 18 1
302
1 16 1
303
3 26 1
304
1 30 1
306
4 5 1
308
1 20 1
309
1 19 1
311
3 24 1
315
4 8 2
320 677
4 14 1
321
1 11 1
322
2 25 1
324
4 33 1
327
3 20 1
328
1 28 1
329
1 7 1
330
2 20 1
331
2 13 1
333
1 12 1
335
2 9 1
341
3 19 1
344
2 15 1
347
2 35 1
349
1 14 2
353 365
1 29 1
355
2 28 1
356
2 19 1
359
1 14 1
360
3 24 2
361 673
1 27 1
364
1 11 1
366
1 37 1
367
1 32 1
368
3 29 1
372
1 25 1
378
1 21 1
380
1 21 1
381
3 25 1
384
1 14 1
387
2 22 1
394
1 5 1
395
2 28 1
397
2 28 1
399
2 16 1
404
2 35 1
409
1 14 1
411
1 24 1
412
2 17 1
415
4 28 1
417
1 32 1
423
4 33 1
428
3 21 1
429
1 23 1
430
3 28 1
432
2 20 1
433
4 28 1
443
3 25 1
444
2 18 1
445
2 19 1
446
2 24 1
448
1 19 1
450
1 7 1
454
2 17 1
455
1 9 1
456
1 32 1
457
1 35 1
458
3 32 1
469
1 37 1
471
1 26 1
472
2 25 1
475
2 16 1
480
2 16 1
483
2 16 1
485
4 17 1
491
2 22 1
494
2 24 1
495
1 19 1
499
2 22 1
500
1 11 1
502
4 38 1
505
2 20 1
510
1 18 1
513
5 16 1
516
2 31 1
518
3 20 1
520
1 16 1
521
1 23 1
522
2 18 1
527
1 7 1
528
1 28 1
530
1 30 1
532
1 20 1
533
1 29 1
539
1 11 1
542
2 10 1
543
2 28 1
545
2 39 1
547
4 8 1
551
2 8 1
552
1 24 1
553
2 23 1
555
2 19 1
557
1 6 1
559
2 14 1
560
1 19 1
561
2 29 1
562
3 33 1
564
2 14 1
565
2 23 1
566
1 33 1
568
5 20 1
569
2 11 1
572
3 23 1
580
4 20 1
581
1 20 1
586
1 30 1
587
1 21 1
591
3 32 1
594
4 25 1
596
1 15 1
597
2 27 1
600
1 12 1
601
3 16 1
602
2 11 1
603
2 26 1
606
1 28 1
608
2 16 1
613
1 23 1
614
2 23 1
617
2 18 1
620
3 34 1
621
1 34 1
622
2 14 1
623
3 22 1
636
3 20 1
639
1 29 1
640
2 22 1
643
2 19 1
645
3 26 1
648
1 33 1
653
2 30 1
655
2 14 1
659
2 6 1
661
3 12 1
665
2 28 1
666
4 10 1
667
3 22 1
672
3 25 1
675
4 25 1
676
2 20 1
681
3 22 1
683
2 34 1
684
2 38 1
692
1 29 1
694
