800 403 1240 53
18 20 6 24 4 17 20 9 9 6 12 24 8 21 13 20 29 20 2 4 19 24 24 26 21 30 30 22 16 22 5 9 13 11 15 27 20 6 11 16 26 16 3 29 4 15 5 17 10 28 21 14 16 16 20 18 5 23 10 7 19 3 8 30 2 7 5 2 24 22 2 15 8 23 27 2 21 28 3 23 21 22 6 4 23 8 16 30 14 25 15 21 7 9 6 25 9 29 25 17 26 29 5 19 17 15 2 14 18 4 3 29 2 9 28 19 25 25 24 24 30 23 19 24 4 6 12 23 17 15 28 21 19 25 24 6 3 21 9 10 8 7 20 13 4 20 1 9 4 4 10 18 20 17 23 4 12 19 13 9 20 10 10 11 13 7 28 19 18 15 25 29 14 22 30 22 16 7 15 27 23 4 22 28 26 6 5 14 10 14 27 29 3 12 16 19 1 26 17 22 27 3 13 16 20 15 25 21 7 29 27 8 6 29 21 13 10 9 26 11 14 16 29 20 26 24 3 16 29 9 8 5 27 25 28 10 13 11 30 18 3 9 5 21 6 22 12 7 9 20 15 29 3 21 26 14 30 2 6 16 27 16 16 2 7 26 10 10 28 19 17 21 20 1 29 6 12 26 16 20 1 15 19 16 23 5 2 23 6 7 3 10 13 13 27 16 6 29 26 24 7 20 3 18 13 12 5 6 21 8 28 6 4 3 1 5 25 13 27 3 7 7 9 24 3 27 16 16 21 25 12 3 14 14 9 14 12 23 14 17 20 1 16 19 17 1 11 26 10 6 17 24 23 16 19 23 17 17 29 14 29 16 26 20 20 12 16 12 22 17 7 15 29 14 25 24 10 30 19 9 25 9 23 17 20 20 25 1 9 25 4 23 23 30 9 22 28 12 16 19 24 24 23 28 25 6 7 24 21 6 5 22 24 10 18 23 23 15 1 20 11 3 21 4 3 11 17 6 13 8 15 29 21 23 24 26 15 19 29 14 10 4 4 29 25 16 2 2 10 7 14 22 25 21 8 10 11 15 10 28 21 30 15 24 24 15 6 25 26 14 23 17 19 5 21 23 10 25 9 12 20 12 29 22 4 2 24 5 8 25 5 17 18 23 19 26 3 4 22 25 11 8 22 24 14 9 23 13 24 22 28 15 20 21 25 29 18 16 17 5 17 7 10 3 1 4 5 5 17 23 3 12 16 28 11 4 29 17 16 29 2 23 30 28 1 4 26 15 17 5 14 8 20 26 13 13 16 9 27 22 8 30 27 7 12 24 23 4 1 2 27 7 16 13 11 20 13 3 24 21 12 2 12 4 28 17 28 9 22 18 29 9 12 22 23 16 9 13 28 18 29 25 6 12 13 23 15 5 10 16 11 22 19 25 30 12 16 16 25 29 19 21 23 30 19 29 29 6 3 3 10 7 15 16 17 18 2 4 8 27 25 12 21 2 2 19 7 20 1 4 10 30 6 12 19 19 8 14 12 3 21 6 23 22 10 19 16 17 15 14 29 13 23 3 28 7 27 2 4 16 6 11 9 19 20 9 23 25 30 14 7 1 27 6 20 30 8 12 3 8 7 13 25 29 26 7 9 26 1 27 24 3 8 8 6 6 23 10 20 25 27 3 23 5 23 18 12 13 14 17 21 3 25 9 22 2 27 30 10 15 17 15 26 10 2 26 15 8 26 20 7 23 12 20 5 5 27 22 2 17 30 21 15 7 18 7 7 2 15 5 12 24 5 29 25 3 17 18 7 7 14 29 22 9 10 7 4 26 17 20 27 15 22 7 24 14 21 26 6 30
13 28 16 7 4 10 8 13 8 23 14 10 19 1 9 18 4 21 11 2 18 11 26 22 28 26 7 11 15 10 3 11 23 27 1 29 25 23 24 14 12 25 15 16 17 4 15 3 2 30 5 18 5 14 20 25 27 6 14 8 30 20 3 18 16 4 17 11 9 10 7 26 11 6 29 4 7 27 28 16 15 30 28 7 20 6 11 30 21 4 9 14 16 5 21 14 2 17 29 4 12 5 5 26 8 6 15 24 25 25 15 24 28 3 23 20 13 22 26 25 13 14 5 27 2 2 20 20 23 20 12 14 18 3 16 21 20 12 1 9 7 2 21 4 13 20 22 30 12 1 22 20 18 2 7 29 3 18 9 9 7 19 22 2 16 15 11 10 9 27 6 9 4 14 6 18 19 6 10 5 14 17 18 5 30 18 22 6 1 18 4 27 3 15 22 30 24 20 28 29 11 20 17 29 3 27 29 21 9 21 15 27 13 5 6 28 4 7 16 21 5 8 25 3 13 21 23 29 4 14 28 11 11 25 25 22 13 14 26 13 29 29 11 7 12 6 15 20 5 3 7 18 20 25 12 30 7 12 8 9 23 27 7 6 29 15 19 23 9 7 14 16 15 1 22 30 29 1 11 23 26 30 1 29 22 22 3 15 13 30 26 20 10 14 29 12 21 19 2 10 23 16 19 25 23 3 27 28 2 21 22 22 24 16 1 15 26 12 1 20 15 8 10 24 20 24 17 30 11 15 25 11 5 6 29 27 18 19 16 8 1 25 20 7 25 29 10 20 25 22 10 18 13 28 21 12 22 9 19 13 11 30 10 6 9 16 14 10 1 29 1 29 12 12 4 8 3 18 7 24 12 17 12 9 14 18 25 19 22 6 3 21 2 27 20 26 24 18 29 11 18 24 11 23 16 30 10 10 16 28 10 29 27 7 23 22 16 10 29 15 22 25 24 6 6 5 5 26 18 19 27 3 20 25 25 17 3 7 25 25 2 25 27 2 18 6 22 8 16 7 26 14 6 18 9 23 6 2 22 22 1 21 20 1 17 30 30 9 22 28 22 10 20 25 13 1 23 4 5 8 8 11 10 24 28 2 1 18 17 4 28 30 17 27 28 23 27 17 11 26 19 10 12 14 14 29 11 14 26 26 2 3 30 1 3 27 22 29 18 11 6 2 21 12 2 14 27 20 2 14 4 8 20 21 21 8 11 17 26 20 28 9 25 18 14 23 8 23 15 4 21 7 19 3 29 7 30 24 4 29 15 17 6 2 29 3 17 8 9 21 1 29 9 30 20 26 7 26 24 21 28 28 25 15 3 4 22 18 10 7 8 14 18 18 21 15 9 1 4 9 10 12 15 16 16 28 10 14 21 24 26 14 14 2 24 11 2 14 5 14 26 22 1 13 1 22 30 7 20 5 8 21 13 14 4 17 21 9 25 30 17 20 17 11 22 3 26 24 12 2 20 19 5 27 21 8 13 5 20 1 11 14 21 26 23 24 16 18 7 12 12 1 23 19 17 29 29 16 13 26 17 10 14 28 30 22 22 1 8 7 29 18 29 28 21 11 24 25 14 16 10 24 30 12 17 16 19 21 13 13 14 10 28 29 10 13 11 11 24 6 18 11 28 21 2 24 7 25 10 28 14 14 15 23 11 17 10 13 2 3 12 19 10 21 10 27 13 18 12 28 25 11 19 27 6 11 21 13 3 23 26 14 13 12 17 30 23 16 29 28 28 10 12 13 5 10 17 26 25 9 21 11 30 21 22 8 20 25 30 17 7 23 1 19 10 23 24 3 19 10
4 13 8
319 422 258 386 723 703 726 395
3 1 8
541 436 152 313 509 253 18 165
0 20 3
716 494 98
0 18 4
150 529 388 156
1 14 5
308 72 672 134 414
2 7 8
556 348 336 404 727 87 379 531
1 9 4
284 725 613 132
1 17 7
659 172 215 223 729 526 255
0 16 2
31 45
2 10 4
640 572 744 286
0 10 2
224 547
2 7 5
774 239 103 605 549
1 7 9
582 270 23 111 187 74 681 583 647
0 11 8
576 625 260 746 327 206 357 771
3 20 6
655 48 25 778 153 516
1 3 10
624 551 68 426 75 383 338 733 264 86
0 19 2
310 577
0 13 5
39 484 416 203 498
2 16 7
446 420 290 335 246 609 451
1 16 5
180 569 188 622 154
3 14 9
540 244 285 78 765 217 4 46 751
1 13 6
467 151 493 575 108 561
2 4 8
332 717 473 745 432 674 22 472
0 6 1
218
1 10 5
656 544 126 411 517
0 12 1
219
0 6 2
21 515
1 2 4
730 205 595 389
0 7 3
250 181 660
0 1 3
138 77 466
1 10 7
654 80 95 67 772 230 452
3 3 12
158 548 256 748 677 339 635 287 66 794 663 161
0 12 2
127 222
0 9 4
718 297 469 638
1 5 5
71 1 618 559 796
0 19 2
400 666
1 11 5
141 711 92 600 512
3 12 6
163 93 684 369 657 757
2 6 6
358 107 317 399 113 368
1 19 7
539 168 680 688 30 533 89
0 15 2
483 720
0 7 1
696
1 13 4
604 346 349 47
5 10 9
110 495 398 137 443 658 574 199 617
0 3 2
157 354
0 9 7
500 700 599 442 686 266 340
1 3 6
6 468 361 377 291 412
0 18 3
96 240 769
5 9 12
118 789 433 167 409 735 455 453 233 129 192 704
4 6 8
97 64 596 701 508 146 7 171
0 19 3
520 756 316
1 5 6
631 629 197 123 36 702
2 3 7
465 279 26 102 125 288 479
1 13 7
334 397 195 785 606 792 462
0 4 5
627 620 578 642 312
0 8 3
671 5 390
1 12 4
170 347 670 780
0 19 5
99 376 352 741 303
1 3 7
763 724 429 355 322 573 742
0 11 4
758 193 602 630
1 10 3
558 147 32
0 5 6
532 131 731 176 196 710
0 14 4
16 44 598 753
1 19 5
706 738 752 401 37
0 15 1
321
3 20 10
116 707 356 204 179 795 374 503 109 63
0 5 2
15 695
0 1 1
586
0 10 3
278 460 694
0 18 3
208 430 364
0 20 4
619 227 766 440
1 9 10
425 410 554 661 457 210 144 477 699 747
0 15 4
190 62 474 2
0 18 2
482 323
1 14 4
330 770 615 213
1 20 11
81 435 112 119 797 669 592 35 344 311 597
0 4 3
372 513 318
3 14 6
651 623 415 673 366 424
0 11 6
689 552 652 528 182 737
1 20 5
650 768 685 431 486
1 4 7
189 307 90 610 282 106 714
1 1 4
506 120 225 82
0 2 3
607 262 679
5 1 9
265 754 762 450 496 743 247 267 537
2 15 11
216 645 121 202 405 160 488 588 728 306 387
3 8 6
12 375 393 194 641 519
4 5 8
637 373 201 293 235 476 351 52
1 7 4
584 198 237 668
1 5 7
305 342 585 454 678 790 564
1 17 5
759 527 449 248 734
0 6 2
362 211
1 16 1
0
1 27 1
3
1 22 1
8
6 18 1
9
2 27 1
10
1 24 1
11
3 23 1
13
2 39 1
14
2 13 1
17
5 11 1
19
2 22 1
20
1 22 1
24
2 20 1
27
3 14 1
28
1 10 1
29
2 24 1
33
1 30 1
34
3 14 1
38
3 19 1
40
5 21 1
41
1 28 1
42
3 23 1
43
2 5 1
49
1 27 1
50
1 14 1
51
2 17 1
53
1 14 1
54
6 26 1
55
1 33 1
56
1 23 2
57 380
1 15 1
58
2 23 1
59
1 25 1
60
4 20 1
61
3 20 1
65
2 13 1
69
2 19 1
70
1 25 1
73
8 22 1
76
2 31 1
79
2 21 1
83
6 30 1
84
1 23 1
85
4 32 1
88
3 29 1
91
2 16 1
94
5 9 1
100
2 10 1
101
2 36 1
104
1 21 1
105
3 13 1
114
1 15 1
115
1 20 2
117 363
1 24 1
122
1 21 1
124
1 15 1
128
1 22 2
130 220
1 22 1
133
4 25 1
135
3 19 1
136
1 14 1
139
2 6 1
140
5 19 1
142
2 23 1
143
4 8 1
145
2 23 1
148
1 27 1
149
1 23 1
155
1 28 1
159
1 17 1
162
1 8 1
164
2 23 1
166
1 34 1
169
2 16 1
173
2 25 1
174
1 30 1
175
2 7 1
177
3 14 1
178
3 23 1
183
6 8 1
184
5 12 1
185
1 10 1
186
1 31 1
191
1 22 1
200
1 11 1
207
1 17 1
209
2 20 1
212
3 30 1
214
4 10 1
221
1 29 1
226
4 19 1
228
1 26 1
229
6 25 1
231
2 30 1
232
6 13 1
234
1 17 1
236
1 26 1
238
3 17 1
241
1 23 2
242 535
3 10 1
243
1 14 1
245
1 20 1
249
2 20 1
251
2 14 1
252
2 31 1
254
1 39 1
257
3 22 1
259
1 5 1
261
3 21 1
263
3 27 1
268
1 12 2
269 590
2 13 1
271
2 26 1
272
1 24 1
273
2 21 2
274 304
2 16 1
275
2 36 1
276
2 25 1
277
1 24 1
280
1 27 1
281
1 27 1
283
3 23 1
289
2 12 1
292
3 29 1
294
5 27 1
295
3 16 1
296
6 18 1
298
1 34 2
299 470
5 7 1
300
2 40 1
301
1 12 1
302
2 23 1
309
1 19 1
314
1 13 1
315
3 20 1
320
3 17 1
324
3 32 1
325
2 27 1
326
1 15 1
328
3 29 1
329
2 22 1
331
2 23 1
333
6 23 1
337
3 23 1
341
1 6 1
343
5 23 1
345
1 33 1
350
3 33 1
353
1 14 1
359
2 31 1
360
2 25 1
365
2 31 1
367
2 25 1
370
2 27 1
371
2 28 1
378
3 16 1
381
2 13 1
382
1 22 1
384
1 12 1
385
3 23 1
391
1 28 1
392
2 31 1
394
2 12 1
396
1 28 1
402
1 25 1
403
2 25 1
406
2 17 2
407 471
2 16 1
408
1 16 1
413
2 19 1
417
5 25 1
418
2 39 1
419
1 26 2
421 550
1 34 2
423 788
3 18 1
427
1 20 2
428 740
1 26 1
434
4 12 2
437 782
2 27 1
438
1 19 1
439
3 24 1
441
3 26 1
444
1 7 1
445
1 17 1
447
3 30 1
448
1 18 1
456
2 15 1
458
5 10 1
459
2 21 1
461
2 11 1
463
1 21 1
464
2 24 1
475
1 39 1
478
1 34 1
480
1 28 1
481
1 28 1
485
1 16 1
487
3 14 1
489
1 15 1
490
1 18 1
491
3 27 1
492
3 17 1
497
1 19 1
499
4 23 1
501
1 6 1
502
2 23 1
504
2 25 1
505
1 26 1
507
3 27 1
510
1 5 1
511
2 24 2
514 713
1 25 1
518
1 12 1
521
2 22 1
522
2 27 1
523
1 29 1
524
1 23 1
525
2 21 1
530
4 21 1
534
2 34 1
536
2 15 1
538
1 30 1
542
1 11 1
543
2 21 1
545
1 8 1
546
1 16 1
553
2 30 1
555
2 23 1
557
3 13 1
560
1 26 1
562
3 24 1
563
5 16 1
565
1 38 1
566
1 3 1
567
1 15 1
568
2 40 1
570
2 16 1
571
3 24 1
579
2 19 1
580
1 17 1
581
1 17 1
587
5 14 1
589
1 30 1
591
2 40 1
593
1 10 1
594
1 25 1
601
3 35 1
603
1 14 1
608
3 16 1
611
2 35 1
612
3 15 1
614
1 31 1
616
6 22 1
621
1 16 1
626
1 30 1
628
1 39 1
632
1 10 1
633
2 20 1
634
3 12 1
636
1 26 1
639
4 33 1
643
1 12 1
644
3 25 1
646
2 30 1
648
2 14 1
649
1 25 1
653
6 26 1
662
1 38 1
664
3 15 1
665
2 23 1
667
1 25 1
675
2 30 1
676
2 23 1
682
1 21 1
683
2 27 1
687
1 24 1
690
2 17 1
691
1 31 1
692
1 11 1
693
2 21 2
697 783
2 16 1
698
2 4 1
705
1 6 1
708
3 38 1
709
2 26 1
712
2 22 1
715
2 23 1
719
3 15 1
721
2 17 1
722
1 19 1
732
5 31 1
736
4 30 1
739
1 29 1
749
2 22 1
750
1 26 1
755
2 39 1
760
2 11 1
761
2 15 1
764
3 23 1
767
2 31 1
773
1 24 1
775
1 23 1
776
1 18 1
777
2 7 1
779
1 12 1
781
1 8 1
784
2 31 1
786
2 19 1
787
4 37 1
791
1 24 1
793
1 9 1
798
2 35 1
799
