1000 461 1550 67
27 22 11 2 10 6 18 19 26 22 18 3 19 5 19 21 4 3 21 22 14 5 28 1 21 3 11 30 9 23 26 26 30 1 12 8 27 9 13 4 28 20 1 21 7 18 28 15 12 26 18 6 29 25 28 7 20 21 7 30 8 17 29 1 5 17 26 24 23 2 6 2 6 5 9 3 14 9 24 21 9 8 9 1 25 27 3 14 6 15 1 22 28 7 22 28 22 24 18 29 25 12 4 21 18 9 19 26 2 5 13 7 8 27 21 13 6 25 11 17 24 18 27 20 11 8 22 16 9 25 16 14 25 25 11 30 3 27 22 21 9 10 3 28 25 11 19 10 16 28 19 30 11 19 24 28 4 12 25 3 21 15 27 14 5 26 24 4 30 8 26 5 9 17 29 13 12 18 21 22 3 25 29 26 5 16 12 24 17 9 11 28 6 13 15 9 21 22 12 27 16 26 11 8 14 3 2 20 19 19 12 20 9 10 27 26 14 2 24 15 21 24 13 16 10 25 27 6 21 25 24 6 22 4 4 29 13 2 4 17 28 9 2 19 9 27 25 15 21 6 7 27 16 18 21 13 7 28 3 13 24 25 19 10 14 10 27 28 19 8 13 16 16 19 2 26 19 30 29 11 16 20 24 13 10 13 24 19 9 15 20 24 1 2 19 13 9 17 29 1 21 13 9 7 14 26 7 11 25 26 23 8 20 11 5 4 30 13 29 13 8 6 27 1 15 13 2 11 12 16 1 11 24 25 18 10 2 20 14 28 15 22 22 27 30 20 14 22 20 6 27 29 6 12 14 18 25 5 14 20 26 30 11 12 19 25 28 17 2 3 6 12 19 28 11 23 20 13 14 5 2 20 6 12 25 20 10 1 26 22 14 17 25 5 10 8 29 8 3 23 7 5 14 23 9 4 14 27 24 24 26 21 1 21 21 15 7 11 1 14 24 25 6 17 28 2 15 19 4 10 24 19 22 15 26 19 12 11 30 21 15 8 27 25 22 1 21 17 3 28 16 8 12 17 23 13 13 9 12 4 13 14 30 17 6 26 18 8 2 3 29 18 6 25 3 16 3 30 6 5 17 4 11 8 14 29 19 6 17 3 28 10 14 1 25 15 2 25 28 28 21 29 13 16 25 29 30 13 26 10 1 4 9 25 20 23 26 9 9 25 29 13 30 17 26 15 23 25 7 16 17 16 26 16 11 12 4 16 29 1 2 8 8 19 9 9 6 25 16 1 9 23 1 15 4 27 5 15 29 19 11 28 4 9 20 5 5 27 22 22 11 25 28 30 1 29 1 2 13 4 11 2 18 25 8 10 22 24 25 27 26 5 3 13 15 13 17 10 1 29 30 19 10 2 7 24 10 26 17 18 11 21 8 25 12 19 7 5 19 19 10 23 22 24 1 4 7 28 5 29 24 21 12 29 26 1 10 21 3 17 7 27 22 13 10 20 28 16 26 27 26 14 10 6 21 29 23 30 8 7 14 17 16 17 3 12 1 18 14 30 14 24 12 9 1 12 7 19 12 16 3 13 28 7 5 1 16 26 30 29 17 26 19 8 29 20 23 13 15 8 12 10 17 13 20 10 21 15 24 26 12 12 21 26 4 21 5 2 22 29 12 24 5 17 12 10 23 25 16 16 30 11 4 16 20 17 27 10 28 13 12 17 14 8 21 30 14 13 10 12 15 23 1 4 22 11 20 14 21 8 8 15 6 18 4 12 28 15 3 14 29 28 9 30 12 9 23 19 4 13 16 18 13 3 3 12 30 27 15 5 14 18 14 10 12 20 12 3 19 27 9 30 27 20 23 3 5 29 10 10 28 29 29 18 8 6 12 2 14 16 30 5 2 20 15 1 2 10 22 25 18 13 1 29 27 28 10 29 7 15 15 23 27 6 13 14 27 18 18 18 2 7 13 25 4 27 6 18 25 19 7 16 9 12 7 19 24 1 25 30 15 26 13 12 24 23 25 10 2 30 5 13 7 23 23 19 8 26 17 10 21 20 11 21 29 15 13 23 16 20 18 8 30 16 23 4 3 14 23 19 18 11 22 9 6 25 20 5 26 30 1 26 24 17 28 17 12 22 21 28 26 22 27 26 20 30 20 2 1 30 12 3 5 28 16 16 25 29 11 11 2 27 6 12 3 6 17 9 9 23 24 20 8 11 24 12 25 16 1 1 11 4 17 5 21 8 15 11 12 1 6 8 30 21 8 5 4 29 4 10 13 28 29 21 25 16 23 3 19 5
24 28 4 18 13 21 11 30 4 2 13 28 8 12 15 29 29 7 11 16 30 7 2 4 24 18 17 23 18 27 2 8 29 6 21 14 1 25 25 15 22 28 19 21 1 25 2 14 5 14 2 2 11 28 24 23 14 16 1 9 17 15 14 22 15 26 28 9 10 19 23 25 2 27 9 29 1 17 4 11 18 13 4 11 14 15 18 10 13 2 21 24 28 27 8 14 16 23 24 23 17 25 27 2 27 18 13 1 22 23 10 12 20 15 20 18 8 8 28 10 16 10 5 2 7 2 30 7 4 1 17 29 2 28 6 20 8 21 1 17 22 10 24 22 24 28 10 26 7 20 24 20 13 2 27 12 27 24 26 27 7 26 12 22 3 24 20 6 22 1 16 24 7 15 18 9 14 23 17 17 15 8 11 17 2 15 22 25 6 27 9 27 20 20 19 12 4 23 1 27 21 7 15 19 21 28 9 10 11 9 1 14 11 17 7 14 11 26 15 24 8 3 1 21 27 16 23 1 13 27 10 6 4 29 27 24 30 26 14 30 8 16 26 18 3 24 4 1 4 10 26 4 25 6 19 3 7 12 14 3 27 8 25 23 12 15 23 16 28 4 23 13 2 30 21 2 24 14 18 23 25 3 22 4 11 25 28 23 29 28 8 18 6 7 23 19 26 23 5 27 18 11 19 12 17 21 30 1 17 25 15 6 11 11 1 17 20 8 30 5 19 30 19 30 5 22 10 1 17 26 9 1 30 4 5 10 8 14 30 22 13 25 15 8 16 23 23 4 5 24 20 29 3 18 2 14 18 4 15 16 21 27 18 19 2 24 11 1 2 14 21 21 3 16 29 17 26 6 9 5 24 19 6 13 5 7 24 27 12 22 22 18 13 10 8 27 11 28 3 6 24 23 27 12 29 26 10 6 12 11 8 10 12 20 13 7 19 18 10 2 2 29 28 10 26 16 12 9 7 4 21 14 19 28 11 8 5 17 21 28 28 1 9 26 13 19 6 26 23 22 3 12 11 12 6 20 4 29 3 24 12 14 7 22 14 28 19 26 5 17 12 28 18 11 7 24 17 9 20 23 30 25 14 5 7 27 22 25 20 17 15 25 25 30 24 1 6 2 12 16 9 26 1 6 22 11 29 30 1 6 15 9 2 5 3 14 6 20 8 11 7 10 27 30 13 30 30 23 29 20 8 30 2 18 30 7 13 12 11 14 2 7 22 26 10 27 8 28 26 20 21 23 26 26 9 21 10 23 5 16 30 18 30 24 3 18 22 11 25 25 19 15 24 15 11 19 12 7 3 19 14 13 4 14 10 6 24 21 8 25 10 24 20 28 26 18 25 23 15 10 21 10 18 8 20 21 27 2 16 13 11 29 28 8 3 8 27 27 19 23 12 4 10 8 28 16 9 3 20 29 18 11 19 30 24 25 11 27 7 24 2 29 24 16 3 10 11 2 23 2 19 7 22 12 27 7 11 27 9 2 11 2 2 11 10 5 1 20 7 27 25 1 4 1 16 29 9 12 22 11 29 18 12 9 17 16 15 4 25 5 21 17 17 6 9 21 9 5 10 10 11 21 19 18 13 11 14 10 2 10 15 7 7 17 20 11 1 20 4 27 14 12 5 28 10 9 29 23 4 3 26 26 14 2 6 10 24 11 22 3 14 27 8 15 17 15 11 19 13 15 8 1 22 14 5 7 24 8 11 10 30 1 17 12 19 17 22 4 22 16 19 20 16 7 24 29 26 26 9 5 21 18 29 4 16 1 8 5 1 9 2 22 6 29 2 22 20 10 11 14 12 7 23 22 22 13 19 26 3 1 24 22 13 20 4 22 17 6 15 22 13 26 19 1 7 25 27 21 6 21 1 20 18 7 19 24 10 18 22 27 24 24 16 12 22 28 20 6 6 30 2 8 21 26 13 14 13 19 25 28 10 20 5 10 28 5 20 22 23 10 3 22 1 4 15 10 8 23 18 28 15 20 6 29 28 12 3 8 27 5 5 27 19 3 6 10 5 7 10 22 6 25 30 1 18 17 22 17 6 24 18 28 5 12 24 3 15 5 4 15 24 13 4 16 6 27 28 13 2 7 15 25 24 17 30 8 28 5 29 14 3 30 20 27 12 13 10 25 23 16 2 27 14 1 25 24 4 15 2 18 11 24 8 28 28 3 30 1 11 27 6 2 3 6 13 17 2 26 17 22 5 13 12 17 1 1 5 10 14 20 14 29 17 15 11 6 18 28 17 14
1 12 5
604 486 494 950 927
6 14 12
934 96 919 297 185 982 567 153 136 60 574 121
0 4 5
529 932 697 412 967
1 15 10
181 253 848 164 92 196 289 127 223 637
3 3 8
341 199 322 943 28 575 399 327
1 11 4
365 964 475 240
0 5 4
292 599 876 72
1 17 3
477 488 258
0 9 1
209
0 20 9
989 654 855 591 698 36 939 470 284
1 2 5
90 941 992 135 995
0 8 3
868 76 916
0 19 1
238
4 5 9
128 331 489 540 702 455 573 362 696
2 3 7
767 404 655 745 683 68 615
1 9 5
695 890 949 306 779
5 18 10
471 620 155 970 396 822 273 6 150 360
0 20 1
817
2 4 11
553 451 421 197 176 179 415 617 259 75 95
1 15 9
372 743 603 722 456 159 628 866 10
3 7 8
886 501 942 213 612 312 325 426
2 5 11
354 854 296 250 184 562 38 15 734 539 260
2 4 6
282 338 323 370 50 227
0 13 3
54 349 717
2 16 8
791 5 274 907 519 938 384 538
0 3 3
747 31 269
1 13 9
461 700 528 651 419 160 652 200 947
2 20 9
911 608 892 816 55 893 20 129 711
2 14 8
123 58 596 769 797 739 324 147
0 5 2
836 83
1 19 3
935 234 694
0 6 2
857 439
0 5 4
726 510 806 173
1 20 9
712 261 3 70 812 225 969 278 445
0 16 2
158 244
2 7 4
395 496 978 800
4 8 9
170 102 393 794 359 413 535 99 999
0 5 5
287 106 262 724 753
0 3 2
874 336
0 12 6
523 917 814 961 406 826
0 2 5
895 888 672 112 632
5 7 10
8 667 231 383 564 285 521 277 766 171
0 15 3
215 559 41
3 16 8
635 226 962 825 435 117 955 787
1 13 5
63 232 824 448 515
0 7 1
798
3 1 10
870 467 29 12 899 974 80 391 940 918
0 19 3
781 302 686
0 20 3
88 878 627
1 4 5
755 516 821 293 996
0 4 4
665 460 34 687
2 11 9
493 533 98 803 186 850 740 704 594
1 19 10
650 583 692 500 669 709 727 69 18 47
2 2 12
925 398 881 330 547 773 453 151 21 177 842 517
5 13 12
910 674 410 820 67 729 210 142 746 980 906 555
1 17 12
356 963 319 706 741 329 646 715 966 361 481 9
0 10 9
390 998 990 165 442 585 364 514 903
2 14 13
48 247 849 340 248 653 483 256 268 545 400 482 378
0 9 3
889 154 350
0 18 3
392 548 149
0 4 2
723 94
1 13 4
730 180 465 953
0 20 1
569
6 3 11
265 570 710 660 579 796 317 634 205 206 427
0 13 11
357 572 593 520 459 558 598 342 552 926 680
6 7 12
908 951 126 905 987 613 478 480 245 59 443 207
0 20 1
111
1 18 9
504 82 403 864 30 313 333 409 219
0 18 1
554
2 17 5
146 424 795 169 377
1 13 4
122 432 271 977
7 4 14
367 198 320 203 898 676 914 353 27 434 491 733 272 841
0 14 4
818 586 35 679
1 20 3
640 388 511
2 4 5
642 856 124 71 804
0 18 9
414 7 936 61 457 662 509 428 26
1 13 5
382 279 291 530 784
0 1 11
630 212 332 923 220 537 931 805 175 466 875
1 4 4
644 828 344 689
0 4 10
823 433 616 290 374 758 168 948 904 526
3 19 9
915 983 251 527 425 498 85 430 666
1 13 8
418 896 566 32 657 852 4 463
4 11 9
386 263 744 912 492 294 862 308 84
1 16 4
638 163 22 379
2 5 6
670 53 454 502 91 643
2 8 5
137 224 668 659 809
3 7 11
363 532 309 900 728 191 776 138 267 720 288
2 13 11
156 441 249 858 524 97 462 46 956 920 777
1 3 3
239 100 877
2 5 9
373 193 736 436 115 684 725 860 108
2 17 8
0 202 11 735 561 512 568 838
2 12 8
241 682 476 993 503 718 645 602
1 1 8
109 104 315 699 624 921 765 719
1 7 18
981 469 872 789 958 976 631 952 328 218 829 107 832 118 13 835 101 431
0 19 4
549 883 946 656
5 10 1
1
1 13 2
2 772
3 28 1
14
3 30 1
16
4 6 1
17
4 22 2
19 997
1 40 1
23
1 38 1
24
4 29 1
25
1 20 2
33 647
1 27 1
37
2 15 1
39
2 34 1
40
1 28 1
42
3 34 2
43 957
5 7 1
44
1 25 1
45
3 12 1
49
8 18 1
51
8 18 1
52
1 14 1
56
3 21 1
57
4 3 1
62
1 17 1
64
1 13 1
65
1 17 1
66
3 21 1
73
4 7 1
74
4 8 1
77
7 34 1
78
2 21 1
79
4 31 1
81
1 25 1
86
2 19 1
87
6 9 1
89
2 21 1
93
3 38 3
103 673 991
4 8 1
105
1 17 1
110
4 20 1
113
4 18 1
114
1 32 1
116
2 16 1
119
3 33 1
120
1 7 1
125
3 15 1
130
3 18 1
131
3 25 1
132
4 12 1
133
2 31 1
134
1 23 1
139
2 33 1
140
4 31 2
141 172
2 8 1
143
1 20 1
144
1 22 1
145
1 33 1
148
4 12 1
152
4 21 1
157
1 12 1
161
1 19 1
162
1 5 1
166
4 5 1
167
2 24 1
174
5 30 1
178
1 23 1
182
7 15 1
183
4 17 1
187
1 20 1
188
1 37 1
189
1 17 1
190
4 31 1
192
6 4 1
194
3 17 1
195
3 39 1
201
1 14 1
204
4 27 1
208
6 8 1
211
2 27 1
214
1 20 1
216
2 6 1
217
2 27 1
221
4 9 1
222
3 23 1
228
2 27 1
229
1 24 1
230
1 15 1
233
4 30 1
235
2 22 1
236
1 30 1
237
10 17 1
242
2 13 1
243
1 23 1
246
6 9 2
252 799
2 31 1
254
3 19 1
255
1 8 1
257
3 9 1
264
2 33 1
266
2 25 1
270
3 37 1
275
1 21 1
276
1 26 1
280
2 30 1
281
4 7 1
283
3 20 1
286
3 12 1
295
4 27 2
298 913
3 13 1
299
2 23 1
300
4 20 1
301
2 29 1
303
1 36 1
304
2 17 1
305
4 26 1
307
3 30 1
310
4 21 1
311
1 21 1
314
1 25 1
316
1 17 1
318
3 27 1
321
2 16 1
326
4 7 1
334
1 39 1
335
2 36 1
337
1 24 1
339
1 38 1
343
5 18 1
345
2 20 1
346
3 6 1
347
2 24 1
348
2 38 1
351
2 26 1
352
2 17 1
355
8 17 1
358
2 22 1
366
5 8 1
368
2 34 1
369
3 14 1
371
4 20 1
375
3 6 1
376
1 9 1
380
2 25 1
381
1 26 1
385
1 5 1
387
2 10 1
389
1 17 1
394
1 30 1
397
4 11 1
401
2 32 1
402
3 21 1
405
2 17 1
407
5 18 1
408
5 18 1
411
1 37 1
416
2 12 1
417
2 32 1
420
8 13 1
422
1 23 1
423
2 26 1
429
3 24 1
437
2 24 1
438
2 27 1
440
3 24 1
444
7 31 1
446
5 19 1
447
8 18 1
449
1 15 1
450
4 21 1
452
2 19 1
458
4 8 1
464
1 13 1
468
5 18 1
472
3 18 1
473
2 8 1
474
1 22 1
479
1 26 1
484
1 13 1
485
3 20 1
487
1 12 1
490
6 9 1
495
1 13 1
497
3 22 1
499
7 28 1
505
1 8 2
506 590
5 23 1
507
1 24 1
508
1 3 1
513
1 10 1
518
1 20 1
522
2 25 1
525
3 32 2
531 783
1 35 1
534
1 11 1
536
3 30 1
541
4 11 1
542
1 18 1
543
2 34 1
544
5 16 1
546
3 31 1
550
2 22 1
551
3 21 1
556
5 10 1
557
4 20 1
560
4 24 1
563
9 21 1
565
3 6 1
571
3 23 1
576
1 24 1
577
2 30 1
578
3 9 1
580
3 22 1
581
1 20 1
582
6 20 1
584
1 14 1
587
4 37 1
588
4 20 1
589
4 18 1
592
1 24 1
595
2 32 1
597
2 20 1
600
2 28 1
601
3 20 1
605
3 15 1
606
1 18 1
607
3 13 1
609
1 33 1
610
1 37 1
611
3 5 1
614
5 21 1
618
3 18 1
619
4 24 1
621
5 29 1
622
2 19 1
623
2 33 1
625
2 19 1
626
3 14 1
629
4 25 1
633
5 25 1
636
1 28 1
639
1 7 1
641
5 25 1
648
3 6 1
649
3 26 1
658
1 20 1
661
4 21 1
663
1 4 1
664
5 11 1
671
3 13 1
675
4 9 1
677
2 12 1
678
4 16 1
681
1 31 1
685
3 33 1
688
4 30 1
690
4 27 1
691
1 8 1
693
1 22 1
701
4 21 1
703
2 28 1
705
5 17 1
707
1 10 1
708
1 17 1
713
2 36 1
714
1 32 1
716
5 21 1
721
2 25 1
731
1 23 1
732
6 12 1
737
2 35 1
738
2 24 1
742
2 18 1
748
1 22 1
749
2 19 1
750
2 33 1
751
1 17 1
752
6 19 1
754
1 32 1
756
1 23 1
757
1 25 1
759
1 13 1
760
2 15 1
761
2 22 1
762
2 22 1
763
5 32 1
764
10 22 1
768
4 23 1
770
3 20 1
771
2 17 1
774
5 18 1
775
7 11 1
778
3 13 1
780
4 28 1
782
1 17 1
785
10 15 1
786
1 19 1
788
3 17 2
790 853
3 25 1
792
1 33 1
793
1 17 1
801
4 24 1
802
2 6 1
807
3 26 1
808
3 23 1
810
4 9 1
811
4 12 1
813
5 9 1
815
2 24 1
819
3 24 1
827
2 28 1
830
5 17 1
831
1 26 1
833
4 34 1
834
2 11 1
837
2 20 1
839
1 10 1
840
1 17 1
843
2 24 1
844
3 28 1
845
1 38 1
846
2 22 1
847
1 35 1
851
5 17 1
859
1 11 1
861
2 20 1
863
7 36 1
865
2 24 1
867
4 26 1
869
2 28 1
871
1 26 1
873
1 28 1
879
2 11 1
880
2 29 1
882
4 5 1
884
1 34 1
885
2 24 1
887
1 28 1
891
2 20 1
894
1 19 1
897
2 23 1
901
8 22 1
902
2 24 1
909
1 8 1
922
1 37 1
924
2 20 1
928
2 13 1
929
1 25 1
930
6 13 1
933
2 25 1
937
5 14 1
944
1 23 1
945
3 15 1
954
3 20 1
959
2 19 1
960
8 21 1
965
1 10 1
968
1 15 1
971
2 36 1
972
4 7 1
973
4 22 1
975
6 23 1
979
4 29 1
984
2 19 1
985
2 28 1
986
2 9 1
988
1 39 1
994
