1000 456 1550 67
28 6 28 22 18 23 24 19 23 13 13 16 2 2 6 11 30 17 6 6 20 18 5 2 13 4 10 6 16 12 12 10 9 26 26 24 19 2 20 7 18 14 7 28 14 21 3 19 11 29 16 29 24 24 17 8 17 26 11 25 10 13 18 11 11 3 14 1 21 25 4 12 10 4 17 21 29 18 4 19 8 25 5 26 3 9 8 19 26 6 22 18 1 15 18 11 9 15 26 19 23 18 21 13 17 30 6 16 1 9 23 5 13 21 26 18 10 23 15 11 4 28 14 3 11 30 28 15 29 1 11 11 20 29 30 4 8 24 20 2 19 4 2 13 20 25 28 29 5 18 18 30 17 26 6 16 4 8 12 28 12 20 24 30 30 12 14 19 3 17 2 24 1 3 14 26 27 12 18 24 21 9 26 18 12 16 29 2 17 7 10 30 9 30 6 29 2 29 1 28 22 15 27 17 3 14 14 30 21 30 10 3 16 29 16 29 9 1 4 25 6 28 26 5 21 30 9 14 29 26 12 3 30 25 17 8 7 28 1 6 30 2 27 8 21 21 19 3 8 30 28 6 29 9 21 29 15 17 6 1 6 30 7 29 6 30 20 16 21 22 19 14 30 24 15 20 4 26 8 24 24 15 2 16 14 11 16 14 9 29 7 27 22 2 23 2 6 14 20 20 16 12 11 29 6 17 15 12 23 1 18 22 9 26 12 21 28 19 29 6 10 3 26 14 14 4 6 14 29 6 12 21 17 8 5 24 5 3 27 25 28 5 5 15 28 7 21 27 10 12 3 30 17 9 24 2 19 17 27 14 2 20 18 19 26 28 2 20 8 18 20 9 5 3 16 9 28 3 28 6 21 27 17 30 2 27 27 8 10 11 12 3 26 26 26 18 13 23 3 21 20 12 22 14 28 11 18 14 26 9 1 1 15 7 25 13 24 16 3 9 9 29 24 18 8 28 30 25 10 2 4 6 11 14 13 14 22 21 9 14 3 18 7 5 12 16 29 23 12 6 25 22 23 29 1 21 1 25 8 12 5 1 12 29 4 30 11 5 24 4 12 5 25 3 1 2 25 10 26 13 3 11 17 28 27 22 13 29 23 8 19 7 23 19 26 5 9 6 13 12 11 19 8 12 5 13 26 19 1 6 21 13 2 16 20 21 25 4 7 7 27 24 3 24 4 24 26 25 20 24 15 3 8 17 2 14 10 6 20 28 8 7 17 17 27 11 2 2 22 24 5 17 24 2 17 22 9 7 8 28 6 5 21 19 29 6 23 22 21 5 6 27 8 23 17 2 20 23 12 2 5 3 14 23 24 20 5 5 4 28 25 16 25 5 18 27 29 29 16 23 12 24 23 1 21 24 28 15 4 29 29 10 20 9 22 27 5 27 1 27 2 30 30 8 9 16 30 9 28 24 9 3 27 9 26 6 17 8 16 12 30 21 30 22 3 2 4 6 1 9 12 29 18 29 7 26 13 10 8 6 9 2 10 30 20 23 23 17 9 21 20 27 16 3 6 5 8 18 20 8 18 26 11 5 10 13 4 23 18 28 24 24 5 13 29 3 18 10 8 17 26 21 13 11 1 20 3 17 7 13 25 15 27 19 30 17 5 23 11 5 20 20 1 9 29 3 25 17 3 28 29 6 5 5 3 14 7 6 26 6 16 11 8 23 25 26 1 5 26 11 13 21 24 27 1 16 10 8 4 30 28 22 19 11 1 30 21 14 2 5 9 22 30 29 2 1 19 6 17 16 15 14 1 15 19 9 9 19 30 21 28 13 27 9 27 18 24 17 20 6 27 25 13 5 12 23 24 22 3 26 11 10 12 29 30 19 4 16 25 10 4 23 25 18 26 5 11 15 12 11 20 28 16 26 18 2 27 9 25 21 2 2 18 25 4 24 4 8 1 21 18 17 9 10 17 16 25 15 22 8 14 19 27 3 21 25 27 27 21 27 28 29 17 13 11 4 2 4 28 6 28 22 13 26 2 13 5 18 25 11 19 19 18 26 6 11 5 13 10 4 25 8 15 11 5 6 26 15 8 12 21 24 20 6 14 21 9 12 19 1 16 8 1 6 18 10 18 24 8 25 17 20 23 16 21 19 19 23 11 24 19 10 7 17 10 28 15 6 14 29 22 18 30 1 21 22 8 18 15 6 10 27 28 17 21 29 7 6 15 17 7 6 18 18 1 29 17 24 28 21 21 13 15 8 18 22 21 11 26 5 9 10 30 10 13 9 20 12 18 2
13 2 21 23 11 5 17 24 25 5 3 8 1 25 14 15 26 2 9 19 13 12 8 29 17 2 14 20 1 19 24 19 23 1 1 24 4 9 24 23 2 23 3 29 6 29 18 7 20 15 27 3 29 28 2 25 17 3 25 7 25 16 22 2 13 12 2 4 17 19 25 28 13 8 20 2 24 20 5 10 22 24 17 3 21 22 8 24 5 21 17 13 30 25 24 25 7 16 21 12 23 22 8 5 7 16 7 12 20 25 18 16 17 17 26 6 7 10 17 12 14 26 17 27 27 24 13 5 11 27 1 17 29 27 4 6 12 1 8 14 12 5 5 3 28 27 24 17 30 15 10 17 3 5 17 4 16 21 26 20 22 17 9 3 2 17 6 20 1 11 30 9 23 6 29 10 14 8 11 13 26 15 2 22 14 26 7 9 21 15 11 29 24 6 5 16 13 19 27 21 17 6 28 24 27 3 26 1 25 9 28 29 4 5 10 6 27 25 27 5 15 16 8 9 17 1 11 20 20 19 4 18 14 23 5 18 7 23 6 28 23 1 6 29 12 3 22 14 26 1 20 1 23 30 7 21 14 21 23 16 20 1 9 5 11 15 14 1 4 4 13 11 16 5 27 5 10 16 8 28 29 27 13 5 8 3 12 17 5 25 18 4 1 5 29 28 30 26 6 19 5 15 25 6 25 5 13 28 4 2 23 13 5 30 5 23 18 15 8 19 2 14 15 25 5 18 15 20 16 11 21 1 29 8 18 2 1 14 24 5 21 17 13 23 20 18 5 30 2 16 7 24 2 16 5 18 6 20 21 11 4 17 24 22 9 4 22 30 12 19 3 6 1 9 5 27 8 12 29 16 5 5 22 15 10 22 6 11 25 27 16 29 20 15 27 25 6 8 6 5 17 13 4 4 25 13 22 4 9 6 19 22 4 20 2 18 13 19 30 3 7 24 19 6 19 8 24 26 15 30 24 6 10 16 6 29 22 26 27 21 5 8 30 9 23 15 14 26 23 28 19 8 6 20 5 29 25 15 23 7 26 19 24 28 3 25 9 18 5 2 16 9 28 6 23 4 11 17 11 24 1 28 1 19 21 8 6 24 10 4 9 1 28 21 19 4 12 12 23 17 13 10 13 27 24 23 16 29 24 25 2 6 11 1 12 22 11 13 8 17 22 22 25 23 13 20 30 4 2 25 23 15 17 1 17 28 15 3 11 10 17 29 12 5 22 25 5 30 24 24 23 2 1 24 6 6 23 29 10 17 16 3 12 1 21 18 29 14 22 24 6 27 24 23 9 26 23 10 15 9 21 26 29 1 29 28 5 23 22 2 18 18 5 22 19 11 19 4 10 21 19 7 27 10 22 14 28 29 5 30 23 2 19 28 7 25 20 12 10 12 18 27 25 16 26 10 17 3 6 25 30 15 16 1 7 9 30 10 28 11 17 2 21 15 27 2 17 16 25 16 17 27 28 28 24 23 14 6 21 10 12 12 10 19 9 24 24 4 14 28 12 17 25 2 4 12 4 27 6 2 20 20 4 13 3 6 23 12 9 17 12 13 11 24 5 26 5 8 14 22 13 3 13 7 15 6 22 30 30 26 11 7 16 8 21 27 5 5 19 14 10 20 1 11 29 5 28 14 21 28 29 23 21 2 19 17 26 18 10 30 29 2 4 21 29 16 24 7 4 2 22 27 7 18 27 30 27 6 23 18 23 24 20 11 21 3 9 25 6 28 4 17 26 2 29 15 10 22 15 5 6 22 6 23 20 26 1 9 23 18 16 3 18 25 19 5 4 6 15 5 20 1 17 27 13 17 15 7 11 8 25 10 12 18 21 16 30 3 20 9 2 20 28 19 29 5 14 5 4 7 25 1 8 11 17 25 25 4 27 6 3 10 7 24 14 9 7 15 5 16 12 2 17 7 20 18 25 4 8 18 23 1 16 23 13 5 20 12 29 22 23 7 26 10 12 26 17 8 24 6 27 12 25 12 13 25 28 8 17 7 3 1 7 11 24 28 13 28 9 20 11 30 6 14 16 10 21 11 19 8 2 26 15 9 25 11 9 19 5 5 6 5 24 14 5 13 9 26 20 22 18 18 9 25 18 17 10 16 6 22 15 6 17 24 7 13 1 4 25 28 28 25 9 10 23 13 23 10 7 20 21 22 5 24 26 26 28 14 20 13 25 15 12 27 18 11 18 29 9 23 17 12 30 13 17 28 20 6 22 19 24 11 10 7 13 6 17 6 18 27
6 7 12
923 33 954 10 906 99 810 580 902 368 161 937
0 8 2
676 808
0 7 7
890 504 364 343 274 698 91
0 16 4
184 881 219 821
4 5 12
176 420 221 92 437 2 632 415 562 610 574 731
0 5 12
124 461 214 820 975 431 615 13 567 829 164 8
0 11 3
897 646 936
4 2 10
289 260 89 967 201 46 147 718 112 366
2 20 7
405 188 266 796 213 918 978
1 7 4
714 742 984 117
4 4 9
239 606 727 852 56 811 153 473 120
0 4 2
479 62
4 6 10
947 434 903 801 675 142 856 95 736 133
6 17 12
619 720 709 481 21 508 682 414 843 648 792 36
2 10 10
799 14 332 963 730 766 199 421 855 139
5 8 14
231 845 168 523 359 173 670 61 187 512 39 788 776 292
2 18 6
532 69 651 402 350 391
1 11 13
301 566 418 27 534 111 495 846 103 114 370 232 101
4 5 8
997 79 462 159 973 432 660 557
0 5 4
769 422 457 456
0 12 4
93 862 780 719
0 1 1
952
1 10 10
413 68 681 406 832 82 331 583 836 525
1 9 11
839 773 26 679 602 992 630 130 933 294 86
0 8 1
510
1 20 3
715 323 32
0 14 1
833
2 1 8
125 755 374 466 728 105 568 52
0 10 1
51
0 20 5
700 395 429 241 876
0 16 2
122 141
1 5 7
428 77 181 53 178 50 866
1 20 10
119 594 909 67 453 656 672 264 458 353
0 14 4
300 278 762 661
1 17 5
262 972 245 339 488
0 7 1
382
0 8 4
859 138 169 273
0 5 3
561 507 760
3 15 10
570 571 271 158 560 971 470 38 964 627
0 13 9
35 116 851 244 729 775 265 898 392
0 9 11
748 789 910 913 514 450 802 238 47 543 327
2 4 13
191 251 515 394 198 994 298 537 107 78 237 126 381
4 11 13
858 317 725 162 486 669 81 892 824 335 750 137 969
1 17 3
763 365 275
1 17 3
491 20 988
1 20 9
399 631 217 498 590 175 751 699 393
3 13 10
416 40 900 685 341 884 246 822 379 72
3 12 10
996 785 962 930 787 965 601 842 529 544
1 3 5
804 916 654 5 407
2 7 10
299 397 383 706 430 904 724 344 671 614
3 19 9
270 647 106 891 547 427 599 701 500
6 17 12
782 768 1 649 702 874 928 243 740 475 882 0
2 6 11
835 559 373 955 80 926 45 70 170 236 316
1 6 4
639 888 830 282
0 10 4
200 140 64 741
2 9 14
665 132 674 143 556 44 697 582 90 827 553 887 329 581
1 2 5
54 542 738 151 735
6 19 14
878 108 333 945 793 707 285 875 868 638 927 754 293 806
3 9 10
96 533 131 280 286 854 541 193 948 31
2 7 6
870 87 165 896 539 686
1 14 5
377 757 784 623 34
0 8 12
380 465 653 451 552 618 841 746 800 389 319 423
3 11 10
554 320 330 949 4 259 494 932 311 521
0 11 13
480 677 624 940 865 149 211 355 163 817 816 42 459
2 2 10
454 288 635 235 48 983 979 336 659 263
2 6 7
314 604 254 519 944 268 869
0 10 3
953 778 310
4 7 8
387 691 807 442 678 576 528 976
0 8 1
643
3 9 12
535 167 809 255 398 828 531 598 592 694 215 227
0 1 5
650 218 361 925 505
1 12 13
777 483 687 390 637 37 708 306 297 616 772 549 546
0 17 4
472 190 527 497
0 13 8
7 148 102 225 439 252 375 63
1 6 2
657 348
1 13 4
85 530 195 612
4 12 12
586 194 277 328 338 986 520 129 551 16 914 304
4 14 9
182 526 634 959 919 873 644 524 71
0 2 2
642 987
0 7 2
840 593
2 17 6
157 968 94 269 826 59
1 5 5
957 803 939 815 204
1 14 5
867 695 179 863 477
0 13 5
150 222 104 84 347
1 4 6
893 409 569 663 837 790
2 19 1
3
5 8 1
6
3 14 1
9
3 6 2
11 240
3 19 1
12
7 31 1
15
1 26 1
17
2 19 1
18
3 16 1
19
2 13 1
22
6 24 1
23
1 29 1
24
7 13 1
25
6 23 1
28
6 12 1
29
3 17 1
30
4 8 2
41 247
4 17 2
43 518
4 36 1
49
5 14 1
55
4 27 1
57
3 19 1
58
5 10 1
60
3 30 1
65
2 25 1
66
2 29 1
73
2 28 1
74
3 15 1
75
1 17 1
76
5 25 1
83
1 17 1
88
6 23 2
97 478
1 17 1
98
2 17 2
100 848
5 32 1
109
4 21 2
110 349
6 20 1
113
2 32 1
115
1 30 1
118
1 20 1
121
4 32 1
123
2 25 1
127
5 9 1
128
2 37 1
134
1 19 1
135
3 27 2
136 716
3 18 1
144
8 19 1
145
2 37 1
146
3 22 1
152
5 11 1
154
3 22 1
155
6 22 1
156
2 21 1
160
1 18 1
166
2 21 1
171
9 8 1
172
2 27 1
174
1 25 1
177
6 15 1
180
1 22 1
183
1 30 1
185
2 24 1
186
4 31 1
189
3 18 2
192 603
3 9 2
196 284
5 12 1
197
1 11 1
202
8 11 1
203
6 28 1
205
1 15 1
206
2 22 1
207
1 22 1
208
1 14 1
209
1 25 1
210
1 19 1
212
1 23 1
216
2 34 1
220
6 16 1
223
4 24 2
224 710
3 24 1
226
2 19 1
228
1 12 1
229
1 30 1
230
1 20 1
233
6 19 1
234
1 27 1
242
3 19 1
248
3 32 1
249
4 29 1
250
8 12 1
253
4 17 1
256
4 26 1
257
1 14 1
258
2 32 1
261
2 26 1
267
9 11 1
272
1 12 1
276
1 11 1
279
1 16 1
281
2 20 1
283
1 21 1
287
1 11 1
290
3 19 1
291
1 20 1
295
6 17 1
296
1 5 1
302
5 15 1
303
1 25 2
305 326
3 10 1
307
1 13 1
308
2 16 1
309
5 16 1
312
1 30 1
313
3 24 1
315
3 22 1
318
3 9 1
321
1 15 1
322
2 14 1
324
2 16 1
325
2 12 1
334
7 17 2
337 666
4 14 1
340
1 15 2
342 920
3 16 1
345
4 22 1
346
3 19 1
351
6 32 1
352
1 28 1
354
3 24 2
356 501
1 15 1
357
1 9 1
358
1 18 1
360
3 27 1
362
1 28 2
363 490
3 26 1
367
6 27 1
369
5 13 1
371
1 16 1
372
4 23 1
376
1 25 1
378
4 29 1
384
1 13 2
385 935
3 25 1
386
5 13 1
388
1 22 1
396
1 14 1
400
4 34 1
401
4 22 1
403
1 13 1
404
1 20 1
408
6 4 2
410 516
6 18 1
411
3 17 2
412 743
1 12 1
417
4 29 1
419
1 16 1
424
4 24 1
425
1 33 1
426
1 18 1
433
2 25 1
435
2 20 1
436
6 15 1
438
6 7 1
440
5 26 1
441
3 18 1
443
4 22 1
444
4 32 1
445
3 4 1
446
4 37 1
447
1 17 1
448
3 22 1
449
7 24 1
452
2 32 1
455
1 19 1
460
1 21 1
463
3 31 1
464
1 10 1
467
1 14 1
468
3 14 1
469
8 7 1
471
5 19 1
474
6 34 1
476
1 12 1
482
4 32 1
484
1 30 1
485
3 23 1
487
1 20 1
489
4 18 1
492
6 16 1
493
1 9 1
496
1 20 1
499
2 15 1
502
2 16 1
503
3 12 1
506
5 18 1
509
1 30 1
511
2 29 1
513
2 23 1
517
3 12 1
522
4 25 1
536
1 16 1
538
5 12 1
540
5 18 1
545
1 9 1
548
1 21 1
550
1 10 1
555
6 16 1
558
2 33 1
563
3 18 1
564
2 23 1
565
5 6 1
572
4 37 1
573
4 25 1
575
1 27 1
577
5 25 1
578
2 17 1
579
4 4 1
584
2 18 1
585
1 14 1
587
3 22 1
588
6 28 1
589
3 29 1
591
2 18 1
595
6 20 1
596
6 23 1
597
3 27 1
600
6 19 1
605
1 10 1
607
2 13 1
608
2 19 1
609
1 3 1
611
4 10 2
613 664
2 33 1
617
1 30 3
620 991 993
7 19 1
621
4 19 1
622
1 24 1
625
3 18 1
626
6 22 1
628
4 29 1
629
3 13 1
633
2 31 1
636
2 14 1
640
2 11 1
641
9 25 1
645
2 17 1
652
3 22 1
655
8 14 1
658
2 34 1
662
1 31 1
667
2 23 1
668
1 21 1
673
3 15 1
680
10 9 1
683
3 11 1
684
2 25 1
688
3 23 2
689 831
5 23 1
690
2 28 1
692
6 24 1
693
2 16 1
696
1 14 1
703
3 11 1
704
2 19 1
705
2 28 1
711
1 20 1
712
3 19 1
713
2 17 1
717
1 13 1
721
3 28 1
722
4 29 1
723
1 12 1
726
4 23 1
732
2 22 1
733
1 22 2
734 908
3 16 1
737
4 37 1
739
2 12 1
744
2 30 1
745
1 16 1
747
1 16 1
749
1 19 1
752
3 19 1
753
2 33 1
756
3 16 1
758
7 16 1
759
1 13 1
761
1 8 1
764
1 18 1
765
3 14 1
767
1 24 1
770
1 19 1
771
7 17 1
774
4 39 1
779
2 29 1
781
5 13 1
783
3 28 1
786
5 10 1
791
2 6 1
794
4 14 1
795
5 10 1
797
2 30 1
798
3 7 1
805
5 7 1
812
5 19 1
813
4 32 1
814
2 24 1
818
4 16 1
819
2 21 1
823
2 24 1
825
3 22 1
834
10 21 1
838
2 19 1
844
4 8 1
847
3 26 1
849
3 15 1
850
1 12 1
853
10 34 1
857
3 14 1
860
6 14 1
861
1 21 1
864
2 27 1
871
3 20 1
872
6 8 1
877
1 33 1
879
2 28 1
880
1 18 1
883
1 16 1
885
3 25 1
886
4 22 1
889
4 12 1
894
2 27 1
895
3 31 1
899
2 22 1
901
5 13 1
905
5 17 1
907
2 30 1
911
7 25 1
912
1 20 1
915
5 26 1
917
3 13 1
921
1 18 1
922
3 29 1
924
4 30 1
929
1 9 1
931
3 22 1
934
1 24 1
938
6 12 1
941
2 20 1
942
1 10 1
943
7 21 1
946
1 19 1
950
6 6 1
951
1 26 1
956
1 5 1
958
1 9 1
960
1 23 1
961
3 27 1
966
1 15 1
970
1 36 1
974
1 14 1
977
1 30 1
980
6 12 1
981
2 24 1
982
2 22 1
985
4 34 1
989
3 21 1
990
3 19 1
995
5 30 1
998
1 22 1
999
