500 311 775 33
13 18 2 5 16 11 17 30 29 6 24 26 10 6 13 15 1 11 24 21 3 7 2 23 21 29 10 11 27 12 22 27 6 24 18 18 27 15 4 18 6 17 17 15 17 5 4 11 10 20 14 28 30 6 13 29 20 1 3 22 11 10 11 6 7 5 30 16 21 29 13 17 26 17 18 27 6 15 15 24 17 2 8 21 9 30 25 23 19 30 20 5 16 3 5 14 22 2 30 21 9 15 22 6 14 9 22 18 29 13 2 7 23 14 7 26 27 2 29 1 7 8 5 3 8 17 26 7 30 9 3 30 17 10 11 13 6 8 25 12 26 19 27 3 17 3 20 27 18 9 12 28 10 14 9 9 22 17 16 1 10 26 22 15 25 29 29 6 13 4 20 18 16 9 1 27 28 15 21 20 25 11 27 24 7 26 17 8 2 13 9 20 4 10 30 13 24 23 1 16 24 8 30 27 12 30 13 7 27 27 10 12 6 16 7 21 3 24 22 15 28 4 16 29 3 16 16 22 17 10 20 5 3 11 14 30 26 29 16 19 8 6 22 26 20 1 2 9 23 5 17 20 12 6 6 3 28 23 2 22 28 26 25 11 26 24 21 7 21 17 2 2 20 6 4 28 20 11 24 8 12 14 30 10 14 21 28 12 10 24 7 20 16 22 7 15 18 24 1 21 5 23 8 11 7 26 9 6 30 10 17 20 29 11 21 30 27 9 23 19 29 16 10 1 10 21 24 6 8 2 19 7 17 19 16 8 17 23 22 29 27 11 13 7 6 29 25 18 28 5 3 16 16 27 4 3 6 4 18 18 7 10 11 3 7 1 10 10 23 5 27 7 16 27 17 7 28 25 28 14 17 18 23 24 8 18 17 30 14 19 28 14 22 22 11 11 13 13 1 1 5 18 14 8 4 2 10 23 6 13 28 24 26 26 17 21 30 2 11 28 22 20 1 6 1 29 5 18 17 9 8 15 9 17 30 15 14 5 11 7 22 8 27 9 28 3 29 22 6 20 21 17 25 19 30 27 13 7 16 26 5 28 22 29 12 6 12 19 24 24 15 5 16 24 2 23 16 11 2 8 8 9 10 14 16 5 30 23 25 2 20 21 11 18 9 11 18 21 10 23
11 10 26 26 14 21 6 30 10 18 1 17 4 6 23 1 18 5 12 4 20 21 20 1 29 20 8 24 13 4 2 1 3 10 3 24 9 21 29 9 5 10 8 2 20 2 19 19 3 22 23 11 18 3 24 27 8 18 17 12 26 4 20 10 14 8 3 20 21 7 28 3 18 17 5 6 30 26 7 21 21 2 25 26 5 25 10 14 4 25 18 8 9 1 17 29 3 4 25 27 6 11 23 11 12 5 2 13 11 26 2 3 14 21 17 28 27 1 4 8 14 26 3 14 19 19 4 2 15 16 23 14 18 23 16 13 7 28 6 8 10 11 24 24 12 17 23 12 13 5 5 24 15 23 10 6 20 29 4 16 22 10 30 23 4 14 22 19 7 12 8 19 11 12 3 8 1 19 17 13 28 21 18 3 8 28 14 14 24 1 3 12 15 15 9 10 6 2 26 19 17 7 21 2 2 7 17 25 15 16 19 12 13 8 17 29 25 25 7 21 26 17 21 27 3 13 23 22 3 8 9 20 26 10 5 18 8 8 3 17 16 26 27 1 11 25 21 13 29 7 25 25 18 23 5 15 23 21 6 25 23 5 11 19 4 16 30 7 30 27 2 1 29 3 24 11 15 2 7 25 25 15 16 29 4 19 30 11 17 18 23 3 8 22 13 2 5 7 16 9 8 22 15 25 14 1 20 15 21 26 19 23 27 12 27 7 18 29 10 29 16 22 12 13 15 9 5 6 19 3 9 10 17 20 16 26 15 24 7 15 14 30 11 2 30 22 18 24 20 3 18 21 28 14 12 14 18 29 6 12 15 22 9 17 15 29 11 6 13 20 29 27 4 17 19 27 15 10 16 7 19 22 28 14 8 4 5 28 10 26 26 7 8 5 7 23 20 13 16 22 15 13 7 26 27 14 7 10 26 27 10 13 17 5 15 9 21 6 1 10 29 21 16 9 4 15 4 20 22 23 15 23 11 4 29 24 22 12 13 22 22 12 29 19 21 18 7 14 28 22 29 10 4 8 24 30 1 13 18 27 11 23 3 11 5 5 16 14 8 29 7 27 20 2 25 26 28 6 1 1 11 14 3 9 19 3 15 5 19 11 6 13 15 17 10 29 14 1 10 12
2 12 5
321 138 430 415 374
0 15 4
499 328 196 257
1 16 3
392 287 403
0 20 2
399 308
0 19 2
429 365
1 16 4
114 128 322 424
0 11 4
236 224 243 241
2 9 5
238 347 187 400 344
2 10 6
286 293 473 408 320 373
0 4 3
6 377 25
0 15 2
309 475
2 18 5
135 311 299 460 103
1 3 5
351 200 412 306 49
0 10 4
94 2 86 71
0 1 1
96
2 15 4
21 194 53 464
0 16 2
423 180
0 16 1
72
2 9 4
315 387 329 23
4 7 8
382 116 210 22 497 278 240 230
0 20 1
255
1 7 3
161 4 108
0 2 4
337 340 353 264
0 18 3
417 326 177
0 7 4
495 414 350 231
2 8 4
163 84 139 297
1 1 3
147 34 449
0 20 5
115 171 39 345 433
0 15 4
357 217 170 273
2 5 5
331 391 410 70 59
0 4 6
168 268 95 142 477 13
1 12 3
12 247 334
0 6 4
190 185 209 303
0 16 2
463 420
0 13 3
54 148 290
3 14 7
197 492 482 133 442 198 109
1 15 4
215 466 43 260
1 7 3
250 288 50
2 20 4
421 159 484 363
0 6 2
144 206
0 18 1
233
1 8 4
291 167 310 339
1 8 6
405 143 378 252 480 81
0 18 4
289 229 203 176
0 20 1
63
0 2 4
104 214 335 8
1 19 4
62 259 189 222
0 5 2
57 157
0 17 3
120 60 89
0 5 1
211
0 7 3
469 160 0
0 14 2
237 360
0 17 2
316 381
0 7 4
1 124 28 434
2 8 5
246 364 402 155 388
0 13 1
336
0 16 2
327 389
0 2 4
478 251 450 27
1 16 4
226 481 249 263
1 13 4
474 444 409 68
1 15 4
136 479 397 24
0 19 1
122
0 9 3
195 361 292
1 18 5
294 202 488 17 77
0 3 2
218 272
0 11 2
358 42
0 10 3
416 87 183
0 12 2
80 153
0 11 1
325
0 6 2
221 258
0 19 1
225
0 17 1
146
0 6 1
406
0 11 4
457 112 396 118
0 1 1
172
0 10 1
234
2 12 5
366 285 296 131 486
0 9 4
175 317 343 186
0 19 3
156 248 181
0 13 3
462 485 117
0 14 4
58 330 91 438
1 17 5
267 93 107 390 270
0 10 1
208
0 17 1
282
1 36 1
3
1 29 1
5
1 16 1
7
1 30 1
9
2 28 1
10
1 30 1
11
2 28 1
14
1 31 1
15
1 23 1
16
1 33 1
18
1 17 1
19
2 23 2
20 134
4 17 1
26
1 31 1
29
1 21 1
30
1 33 1
31
5 32 1
32
1 12 1
33
4 25 2
35 459
2 37 1
36
1 19 1
37
1 33 1
38
1 18 1
40
4 22 2
41 223
2 27 1
44
1 20 1
45
1 17 1
46
1 23 1
47
1 11 1
48
1 17 1
51
1 20 1
52
2 12 1
55
1 31 1
56
2 26 1
61
1 26 1
64
1 35 1
65
1 26 1
66
1 32 1
67
3 16 1
69
2 29 1
73
1 23 1
74
1 36 1
75
1 20 1
76
2 25 1
78
2 38 1
79
1 17 1
82
2 19 1
83
1 18 1
85
1 26 1
88
1 23 1
90
1 16 1
92
1 32 1
97
1 25 1
98
4 24 1
99
2 19 1
100
1 17 1
101
2 12 1
102
5 21 1
105
5 30 1
106
1 32 1
110
1 30 1
111
1 33 1
113
2 30 1
119
4 27 1
121
1 34 1
123
2 17 1
125
2 20 1
126
1 34 1
127
1 31 1
129
1 4 1
130
2 37 1
132
2 21 1
137
5 32 2
140 165
1 23 1
141
1 25 1
145
1 24 1
149
1 16 1
150
2 39 1
151
1 18 1
152
2 22 1
154
2 33 1
158
2 20 1
162
2 24 1
164
3 8 1
166
1 21 1
169
1 11 1
173
1 5 1
174
1 22 1
178
1 12 1
179
1 16 1
182
1 16 1
184
1 25 1
188
4 28 1
191
1 5 1
192
2 30 1
193
2 9 1
199
1 31 1
201
1 27 1
204
1 20 1
205
1 12 1
207
3 21 1
212
1 21 1
213
3 22 1
216
1 5 1
219
2 11 1
220
1 21 1
227
1 25 1
228
1 24 1
232
1 18 1
235
1 21 1
239
1 27 1
242
2 25 1
244
1 32 1
245
3 26 1
253
1 27 1
254
2 23 1
256
4 23 1
261
1 21 1
262
1 38 1
265
1 22 1
266
1 9 1
269
2 24 1
271
1 26 1
274
1 35 1
275
1 26 1
276
2 13 1
277
1 11 1
279
1 20 1
280
2 24 1
281
4 26 1
283
1 8 1
284
2 19 1
295
1 16 1
298
2 17 1
300
1 23 1
301
1 29 1
302
3 16 1
304
4 31 1
305
1 15 1
307
1 22 1
312
1 21 1
313
1 19 1
314
5 17 1
318
2 25 1
319
1 22 1
323
2 26 1
324
3 18 1
332
1 36 1
333
1 24 1
338
1 24 1
341
1 31 1
342
1 38 1
346
2 35 1
348
1 36 1
349
4 33 1
352
4 33 1
354
1 33 1
355
2 34 1
356
1 24 1
359
2 30 1
362
1 36 1
367
1 28 1
368
1 18 1
369
1 21 1
370
5 26 1
371
2 17 1
372
1 30 1
375
2 24 1
376
1 32 1
379
4 25 1
380
1 13 1
383
1 24 1
384
1 18 1
385
1 26 1
386
2 12 1
393
1 7 1
394
1 25 1
395
1 27 1
398
1 16 1
401
1 28 1
404
1 27 1
407
1 24 1
411
4 24 1
413
1 35 1
418
2 28 1
419
2 16 1
422
2 32 1
425
2 33 1
426
2 18 1
427
1 17 1
428
2 29 1
431
1 17 1
432
4 33 1
435
1 16 1
436
1 28 1
437
2 29 1
439
2 14 1
440
1 26 1
441
1 22 1
443
2 29 1
445
1 27 1
446
1 18 1
447
3 17 1
448
2 32 1
451
2 23 1
452
3 20 1
453
1 28 1
454
1 18 1
455
1 16 1
456
2 26 1
458
1 22 1
461
1 32 1
465
2 18 1
467
1 36 1
468
1 29 1
470
1 20 1
471
1 32 1
472
3 23 1
476
4 35 1
483
1 23 1
487
1 23 1
489
1 21 1
490
1 24 1
491
1 22 1
493
1 35 1
494
1 20 1
496
1 21 1
498
