500 38 775 20
13 18 2 5 16 11 17 30 29 6 24 26 10 6 13 15 1 11 24 21 3 7 2 23 21 29 10 11 27 12 22 27 6 24 18 18 27 15 4 18 6 17 17 15 17 5 4 11 10 20 14 28 30 6 13 29 20 1 3 22 11 10 11 6 7 5 30 16 21 29 13 17 26 17 18 27 6 15 15 24 17 2 8 21 9 30 25 23 19 30 20 5 16 3 5 14 22 2 30 21 9 15 22 6 14 9 22 18 29 13 2 7 23 14 7 26 27 2 29 1 7 8 5 3 8 17 26 7 30 9 3 30 17 10 11 13 6 8 25 12 26 19 27 3 17 3 20 27 18 9 12 28 10 14 9 9 22 17 16 1 10 26 22 15 25 29 29 6 13 4 20 18 16 9 1 27 28 15 21 20 25 11 27 24 7 26 17 8 2 13 9 20 4 10 30 13 24 23 1 16 24 8 30 27 12 30 13 7 27 27 10 12 6 16 7 21 3 24 22 15 28 4 16 29 3 16 16 22 17 10 20 5 3 11 14 30 26 29 16 19 8 6 22 26 20 1 2 9 23 5 17 20 12 6 6 3 28 23 2 22 28 26 25 11 26 24 21 7 21 17 2 2 20 6 4 28 20 11 24 8 12 14 30 10 14 21 28 12 10 24 7 20 16 22 7 15 18 24 1 21 5 23 8 11 7 26 9 6 30 10 17 20 29 11 21 30 27 9 23 19 29 16 10 1 10 21 24 6 8 2 19 7 17 19 16 8 17 23 22 29 27 11 13 7 6 29 25 18 28 5 3 16 16 27 4 3 6 4 18 18 7 10 11 3 7 1 10 10 23 5 27 7 16 27 17 7 28 25 28 14 17 18 23 24 8 18 17 30 14 19 28 14 22 22 11 11 13 13 1 1 5 18 14 8 4 2 10 23 6 13 28 24 26 26 17 21 30 2 11 28 22 20 1 6 1 29 5 18 17 9 8 15 9 17 30 15 14 5 11 7 22 8 27 9 28 3 29 22 6 20 21 17 25 19 30 27 13 7 16 26 5 28 22 29 12 6 12 19 24 24 15 5 16 24 2 23 16 11 2 8 8 9 10 14 16 5 30 23 25 2 20 21 11 18 9 11 18 21 10 23
11 10 26 26 14 21 6 30 10 18 1 17 4 6 23 1 18 5 12 4 20 21 20 1 29 20 8 24 13 4 2 1 3 10 3 24 9 21 29 9 5 10 8 2 20 2 19 19 3 22 23 11 18 3 24 27 8 18 17 12 26 4 20 10 14 8 3 20 21 7 28 3 18 17 5 6 30 26 7 21 21 2 25 26 5 25 10 14 4 25 18 8 9 1 17 29 3 4 25 27 6 11 23 11 12 5 2 13 11 26 2 3 14 21 17 28 27 1 4 8 14 26 3 14 19 19 4 2 15 16 23 14 18 23 16 13 7 28 6 8 10 11 24 24 12 17 23 12 13 5 5 24 15 23 10 6 20 29 4 16 22 10 30 23 4 14 22 19 7 12 8 19 11 12 3 8 1 19 17 13 28 21 18 3 8 28 14 14 24 1 3 12 15 15 9 10 6 2 26 19 17 7 21 2 2 7 17 25 15 16 19 12 13 8 17 29 25 25 7 21 26 17 21 27 3 13 23 22 3 8 9 20 26 10 5 18 8 8 3 17 16 26 27 1 11 25 21 13 29 7 25 25 18 23 5 15 23 21 6 25 23 5 11 19 4 16 30 7 30 27 2 1 29 3 24 11 15 2 7 25 25 15 16 29 4 19 30 11 17 18 23 3 8 22 13 2 5 7 16 9 8 22 15 25 14 1 20 15 21 26 19 23 27 12 27 7 18 29 10 29 16 22 12 13 15 9 5 6 19 3 9 10 17 20 16 26 15 24 7 15 14 30 11 2 30 22 18 24 20 3 18 21 28 14 12 14 18 29 6 12 15 22 9 17 15 29 11 6 13 20 29 27 4 17 19 27 15 10 16 7 19 22 28 14 8 4 5 28 10 26 26 7 8 5 7 23 20 13 16 22 15 13 7 26 27 14 7 10 26 27 10 13 17 5 15 9 21 6 1 10 29 21 16 9 4 15 4 20 22 23 15 23 11 4 29 24 22 12 13 22 22 12 29 19 21 18 7 14 28 22 29 10 4 8 24 30 1 13 18 27 11 23 3 11 5 5 16 14 8 29 7 27 20 2 25 26 28 6 1 1 11 14 3 9 19 3 15 5 19 11 6 13 15 17 10 29 14 1 10 12
1 17 22
184 321 138 451 430 425 415 374 499 328 196 257 235 392 287 403 445 399 308 19 58 167
1 7 13
472 429 365 404 454 446 114 128 78 79 99 151 298
1 11 14
322 295 424 236 224 14 243 1 18 146 185 312 439 450
1 3 13
241 238 347 187 223 400 48 156 189 218 311 470 478
1 8 24
490 344 286 293 52 473 121 408 298 320 373 37 6 15 92 135 147 165 197 206 232 260 270 353
1 16 18
377 173 471 493 25 489 309 475 245 149 333 342 21 51 93 258 280 379
1 3 20
79 135 106 311 411 283 299 460 103 351 166 219 85 101 117 143 244 407 456 479
1 11 24
200 412 306 49 393 443 101 94 324 2 487 86 71 100 192 74 83 109 168 198 341 345 458 486
1 11 26
102 96 428 476 21 341 56 194 53 464 32 51 67 468 423 90 180 491 398 113 72 110 124 397 417 492
1 6 20
386 152 315 387 368 329 23 280 382 116 210 22 274 497 278 272 328 334 337 488
1 12 16
318 240 230 255 31 161 4 108 452 337 8 82 111 281 317 490
1 20 8
340 353 264 140 182 361 445 471
1 12 26
38 417 326 177 495 242 414 350 46 178 231 163 84 371 380 139 427 297 204 383 432 147 80 253 358 390
1 7 20
34 449 174 98 384 115 171 275 39 345 16 201 433 357 125 314 217 170 123 220
1 2 24
319 273 269 331 391 410 70 59 168 268 95 142 279 477 182 369 13 76 12 91 203 385 396 420
1 10 17
247 334 150 190 185 209 303 338 92 44 494 37 67 77 166 321 325
1 13 27
463 420 75 379 54 148 15 290 197 492 482 133 228 442 193 20 198 109 100 115 123 139 178 179 259 426 438
1 13 23
215 261 158 466 43 260 64 244 232 250 496 441 288 50 421 159 435 61 172 193 355 398 497
1 12 10
484 363 276 394 144 206 217 305 455 485
1 14 6
126 233 52 56 107 447
1 7 19
73 18 129 291 167 310 304 35 339 253 78 7 82 458 405 103 130 225 354
1 1 32
143 378 252 480 81 127 289 418 229 203 176 63 36 265 355 33 104 214 335 45 227 8 62 346 72 150 223 275 424 437 473 484
1 10 9
439 151 305 30 300 307 309 342 409
1 17 10
259 189 222 356 302 162 332 125 157 235
1 16 13
216 57 220 157 55 120 60 89 154 16 213 331 422
1 10 18
211 179 395 469 239 85 160 0 237 28 35 90 186 187 201 256 271 446
1 3 23
191 422 352 307 448 360 316 5 29 453 381 413 465 164 372 1 47 122 137 144 365 400 481
1 3 23
47 124 28 434 440 246 61 364 402 155 388 256 359 447 407 336 327 389 59 221 222 240 435
1 13 18
478 251 450 467 130 27 212 226 483 481 249 354 99 263 127 192 230 314
1 7 31
66 69 41 474 119 444 385 409 68 105 136 11 479 397 24 30 110 470 122 195 361 292 294 202 137 121 152 170 196 384 442
1 6 27
488 3 17 77 218 199 456 272 277 145 401 358 42 416 87 207 88 183 60 159 173 219 318 324 339 359 366
1 9 18
80 262 111 153 26 436 19 375 325 40 300 271 221 258 391 410 412 482
1 16 27
349 225 65 146 97 406 266 457 112 396 74 141 323 118 301 172 284 498 48 234 455 83 366 285 296 327 375
1 1 10
431 131 486 175 317 50 105 177 430 436
1 7 21
461 281 419 343 376 134 186 156 248 181 188 10 362 169 462 485 117 129 332 383 477
1 2 15
254 58 9 312 330 91 438 367 267 165 93 140 107 390 483
1 5 14
459 270 208 213 437 205 370 426 10 63 161 169 457 491
1 2 10
313 282 348 132 96 163 200 333 404 414
