300 35 465 20
20 16 12 14 8 12 1 22 21 15 19 12 3 30 29 12 8 25 29 8 9 9 13 5 26 13 1 10 20 13 21 6 11 20 19 15 27 27 11 3 10 9 23 6 3 8 13 19 18 19 14 30 19 27 24 19 18 20 22 17 23 18 5 22 14 8 20 1 25 7 13 28 2 9 13 29 4 22 7 14 7 20 15 17 20 13 5 18 9 15 23 22 5 30 28 8 24 12 18 14 25 24 1 29 16 13 7 10 29 29 29 22 20 20 29 14 13 7 21 18 8 13 7 11 30 7 1 18 6 5 23 12 29 23 17 19 23 5 23 14 5 10 7 4 30 2 14 2 3 30 22 5 9 9 13 5 5 23 10 22 13 21 4 18 9 27 1 4 6 13 21 26 2 28 27 6 1 15 21 16 8 7 29 24 20 25 29 6 24 17 18 28 21 15 28 20 12 27 26 3 13 30 14 23 19 21 2 28 20 4 24 30 3 20 29 28 11 26 19 8 19 29 23 6 13 28 24 16 5 21 27 15 26 22 29 1 27 12 27 22 9 14 5 30 19 9 8 6 28 1 7 8 16 23 21 15 18 9 11 9 22 25 25 16 11 17 23 12 29 7 29 20 22 22 2 28 21 21 27 21 27 12 8 16 21 12 10 24 2 16 2 13 18 15 27 20 14 19 6 20
20 20 26 7 24 27 13 26 14 20 22 23 13 24 17 21 21 19 11 3 28 22 2 14 30 20 1 15 19 6 3 18 24 7 27 23 27 1 16 27 7 17 21 25 2 28 28 3 9 26 4 18 11 14 10 15 2 28 28 1 5 11 25 18 21 24 27 1 20 19 11 3 10 4 10 7 3 2 24 23 8 18 29 26 30 25 5 6 27 17 27 8 1 19 4 26 12 30 29 20 21 1 21 24 18 12 16 8 10 13 3 29 21 10 28 29 26 29 3 22 3 25 24 19 24 25 22 1 10 22 21 28 3 12 7 28 26 14 16 3 22 25 8 9 12 4 3 4 18 11 27 13 19 11 3 5 7 1 23 6 3 26 5 7 26 7 13 13 7 15 11 2 12 14 4 16 23 23 13 4 7 7 6 19 9 17 16 19 9 21 23 14 19 25 13 24 23 3 15 22 1 27 5 26 13 12 4 14 6 1 28 19 16 1 14 7 15 21 28 3 28 22 13 8 17 29 24 22 27 30 24 29 5 9 26 18 7 13 28 17 26 28 6 9 13 15 21 26 11 8 14 26 13 25 26 8 30 2 12 23 26 17 4 11 19 28 11 1 7 25 28 27 27 1 3 26 25 15 8 10 1 13 26 18 11 8 6 6 26 29 23 23 30 7 3 10 10 27 3 8
1 10 6
147 45 280 22 28 188
1 3 18
254 284 203 13 20 96 153 272 141 43 291 106 113 121 48 91 110 221
1 15 16
182 197 124 174 164 247 162 173 262 67 2 85 103 179 255 284
1 2 16
256 4 11 167 58 179 79 249 16 122 221 212 63 116 214 251
1 9 10
185 246 282 200 21 78 139 172 260 262
1 14 17
75 184 218 236 239 109 143 102 261 52 19 31 36 124 192 211 294
1 4 10
250 299 177 287 49 98 183 125 99 249
1 2 11
137 85 192 61 187 1 27 35 42 106 273
1 20 8
26 41 201 16 74 136 224 238
1 6 13
65 35 10 55 214 294 134 206 159 126 51 176 197
1 6 14
220 274 169 62 252 93 118 257 38 37 31 144 145 258
1 11 14
107 231 2 168 87 235 56 34 54 279 32 273 175 268
1 10 16
83 60 29 178 190 74 39 207 21 69 104 219 44 58 73 168
1 19 18
255 186 30 165 50 27 123 48 281 188 7 42 44 290 271 76 129 267
1 19 4
129 59 115 266
1 4 18
136 6 295 181 241 18 298 210 108 232 151 228 36 259 97 37 68 112
1 5 11
28 226 266 8 150 223 99 270 5 40 279
1 3 6
269 288 268 1 187 227
1 3 12
233 199 267 135 72 101 123 140 230 264 270 299
1 16 14
172 53 251 145 208 131 215 12 73 195 240 100 95 128
1 3 5
64 158 66 186 212
1 16 13
116 234 243 86 189 132 175 225 149 166 72 59 84
1 3 13
293 157 89 244 148 120 193 296 237 140 132 143 275
1 3 13
275 204 3 161 15 9 66 25 191 248 41 88 118
1 5 13
154 258 180 47 81 133 242 155 227 57 38 87 170
1 9 21
40 46 156 217 78 229 139 171 260 146 253 198 222 19 245 8 29 100 213 277 282
1 6 9
230 14 160 194 32 34 256 274 281
1 3 10
285 84 292 24 92 91 0 130 149 252
1 11 20
114 163 283 77 144 152 17 224 101 289 277 238 278 297 86 155 165 218 229 254
1 20 11
265 88 71 264 90 138 47 57 69 216 242
1 17 16
70 263 196 23 119 63 105 112 110 94 82 52 54 208 243 276
1 18 6
276 117 216 18 111 271
1 2 12
202 127 33 103 286 111 51 81 102 104 199 257
1 15 5
95 176 76 97 166
1 8 13
213 205 211 142 80 130 209 68 128 170 122 125 217
