500 42 775 20
20 18 28 13 1 9 19 14 9 17 24 20 7 24 16 21 18 22 14 20 13 4 8 29 17 27 5 9 11 12 20 11 14 13 15 21 6 26 10 19 17 6 8 24 11 29 14 30 8 14 12 11 8 23 9 1 6 12 4 29 1 7 9 30 11 7 12 14 28 14 30 5 23 20 27 20 30 14 9 17 7 8 1 20 14 1 15 5 13 11 11 6 7 24 17 5 24 23 20 18 21 1 19 7 22 13 27 13 1 22 2 13 22 10 28 23 11 20 16 26 23 6 3 23 23 11 23 2 9 9 9 24 17 14 3 12 12 18 25 25 28 26 29 19 19 12 16 13 2 10 8 7 2 25 3 19 12 15 23 7 28 4 22 3 9 21 18 3 30 12 19 21 15 2 26 25 4 22 7 22 4 10 26 16 29 13 7 13 21 23 13 18 28 14 26 23 17 30 17 19 18 12 25 4 22 17 2 12 10 12 20 28 18 4 7 26 4 4 21 17 7 8 10 12 2 5 19 29 8 26 7 23 19 6 22 30 28 24 6 9 15 15 20 21 3 16 3 4 29 10 16 13 7 5 12 4 12 4 28 4 5 20 2 20 20 14 3 16 13 10 24 9 4 12 28 19 6 9 10 3 30 9 11 2 29 25 3 18 2 12 29 9 6 20 18 14 28 22 17 27 8 3 23 17 12 7 2 19 3 15 15 28 10 18 24 6 16 12 6 4 26 10 1 20 16 11 22 7 5 2 24 25 3 6 15 17 16 7 22 3 2 23 10 20 7 11 28 11 13 15 19 11 6 5 30 26 18 1 29 24 29 14 5 27 29 26 14 12 13 9 19 29 16 26 12 30 8 13 17 24 23 9 1 14 23 9 7 23 11 18 25 22 12 10 8 12 15 13 3 1 30 6 8 12 5 17 7 19 5 19 12 2 17 26 21 27 11 22 6 4 27 14 11 21 22 1 16 6 16 6 21 1 12 5 25 1 7 13 30 6 9 1 23 1 28 9 5 26 30 7 24 30 3 7 6 19 12 14 22 12 28 24 28 18 11 24 17 2 29 6 11 26 20 16 22 21 17 14 29 26 15 27 10 21 29 2 3 9 24 16 4 28 19 12 25 1 8 23 18 16
30 18 11 10 9 1 26 11 3 17 28 14 27 1 13 24 17 9 18 29 8 6 28 28 13 30 2 15 11 1 23 21 27 10 13 10 29 7 19 16 8 14 29 1 29 6 11 23 30 17 14 24 17 3 18 18 21 1 2 2 11 10 16 4 5 18 11 27 10 26 29 23 26 24 3 6 17 12 21 15 19 4 18 19 22 11 26 22 18 22 17 25 18 2 19 6 14 16 11 29 27 18 4 2 8 5 5 18 6 30 3 4 6 18 24 10 1 9 15 6 23 11 5 30 21 23 10 28 5 1 5 10 25 29 27 6 12 14 18 12 11 1 27 21 24 5 1 15 12 23 14 8 2 18 1 8 30 1 18 13 22 22 17 13 27 15 5 1 9 5 20 1 2 28 11 27 10 23 25 14 12 8 24 6 29 13 6 20 8 5 23 27 27 25 15 6 26 7 14 15 22 29 12 19 30 18 2 18 27 9 14 30 9 21 17 18 25 29 13 24 27 28 17 27 20 19 14 16 2 26 3 18 7 15 14 20 17 23 11 8 23 25 29 5 3 29 11 8 24 13 12 9 7 14 24 11 13 21 1 19 18 19 21 16 3 3 5 30 6 7 12 4 11 24 20 16 1 16 15 26 16 27 29 30 6 28 3 16 20 2 1 13 12 27 2 22 14 14 1 2 22 7 14 17 20 4 29 12 14 26 10 26 11 24 26 28 9 15 29 16 2 12 28 9 8 27 4 1 4 12 26 5 14 13 6 20 23 9 12 25 5 26 2 23 4 19 11 8 17 27 2 4 13 28 24 2 12 29 17 2 25 10 1 28 13 15 23 12 23 9 13 14 25 3 22 29 9 6 6 18 23 10 19 28 8 8 30 20 18 29 18 23 5 21 4 8 21 16 8 28 4 25 12 12 9 16 6 6 1 5 15 29 19 1 15 9 10 27 21 16 12 29 23 7 19 13 14 15 24 11 2 15 18 6 17 3 13 7 7 8 11 17 5 4 29 23 8 30 26 7 23 17 14 28 12 15 8 28 18 29 13 10 30 1 18 16 7 12 25 10 6 19 3 29 27 19 20 19 12 12 23 5 21 9 10 21 30 17 12 22 27 1 15 2 5 15 20 2 18 22
1 20 29
378 80 324 207 433 166 343 395 366 428 31 22 206 476 469 66 35 89 300 362 229 480 147 277 62 261 384 451 482
1 15 10
23 363 298 311 398 186 121 145 429 470
1 2 26
292 245 196 230 355 215 93 175 140 12 143 465 285 316 338 204 488 192 220 268 381 52 340 392 122 453
1 13 32
190 373 68 406 384 43 156 335 6 368 36 149 158 294 92 408 189 394 410 248 21 439 351 14 38 47 130 269 282 400 434 436
1 5 12
353 310 42 380 224 176 27 29 50 72 342 427
1 16 22
19 473 418 142 3 344 463 396 337 231 306 426 51 348 387 422 255 494 481 56 187 310
1 19 17
447 10 232 486 15 28 423 475 61 203 83 16 111 185 21 250 397
1 12 17
76 134 123 164 197 424 205 106 259 113 440 225 438 87 277 358 393
1 13 11
435 84 9 484 115 450 28 97 197 323 437
1 11 9
154 374 38 472 138 305 351 389 496
1 16 12
320 63 241 471 479 278 33 78 79 81 297 474
1 18 15
330 409 110 282 71 257 383 161 270 59 217 177 188 251 479
1 9 5
288 243 246 385 432
1 9 29
349 267 216 69 172 133 367 482 145 60 121 412 492 178 443 314 466 219 296 263 319 434 210 157 430 42 58 191 454
1 5 15
371 209 165 146 459 271 114 150 455 425 490 388 305 265 452
1 4 6
262 5 51 135 380 415
1 9 22
290 237 75 182 441 98 405 82 457 183 129 235 11 458 342 437 119 81 89 211 270 439
1 19 29
25 483 358 193 386 431 77 489 187 456 163 293 47 17 382 46 357 208 173 377 393 118 11 93 168 217 256 320 493
1 8 4
122 334 181 272
1 7 30
213 67 295 411 214 497 40 184 131 283 70 107 252 153 79 361 376 26 160 50 41 287 496 61 192 195 315 327 410 418
1 1 31
64 401 180 375 250 474 244 179 194 116 390 478 370 331 148 453 212 308 128 200 25 40 100 129 134 141 348 366 369 450 483
1 19 7
137 404 251 299 211 13 153
1 14 11
414 454 495 369 53 168 63 203 220 249 468
1 20 28
48 151 273 226 436 327 417 139 350 352 234 467 318 449 333 354 364 281 222 109 272 30 108 130 326 43 186 413
1 6 6
389 246 445 12 189 403
1 1 14
280 399 345 317 360 18 379 284 477 0 24 88 283 375
1 13 24
240 249 104 228 289 239 279 413 202 100 462 365 152 58 117 260 159 253 171 84 184 219 326 368
1 8 15
242 54 78 372 57 102 62 33 451 223 274 22 137 291 395
1 3 35
336 302 341 470 491 90 162 97 138 322 2 20 498 468 304 332 261 303 44 328 144 32 276 307 91 213 257 268 377 396 426 438 440 449 464
1 18 18
87 99 329 199 167 312 96 181 464 170 135 415 112 29 34 281 334 484
1 19 13
419 45 126 266 1 141 4 444 218 49 67 362 374
1 5 12
74 416 402 191 24 397 0 403 264 80 113 443
1 20 15
72 65 385 34 201 265 427 258 95 94 73 193 207 285 357
1 14 16
321 313 236 7 356 452 347 297 39 227 125 323 120 176 353 398
1 6 17
359 238 432 221 400 256 499 339 269 325 101 55 76 163 311 394 414
1 10 8
346 85 13 3 65 112 116 271
1 13 13
275 448 195 127 169 8 64 258 300 308 391 408 488
1 8 15
460 391 174 291 37 55 461 286 247 36 105 243 279 446 458
1 5 20
88 446 86 254 105 155 429 487 421 420 315 407 124 162 190 238 313 401 486 497
1 12 15
485 136 132 198 309 1 59 125 143 167 171 201 202 214 337
1 4 10
233 103 73 301 56 45 106 111 194 239
1 8 10
442 493 10 17 23 30 140 175 212 275
