500 35 775 20
22 15 13 25 23 13 16 29 8 25 16 13 7 19 24 2 19 6 21 15 16 8 17 18 21 18 11 9 29 16 20 23 11 27 23 29 20 1 26 7 5 19 1 28 17 6 14 22 26 7 21 15 20 4 24 5 6 28 26 20 28 3 2 2 29 30 11 16 27 14 5 15 8 28 2 26 13 11 29 16 18 30 2 16 24 20 10 10 17 4 26 23 30 1 15 10 13 18 15 24 16 7 3 14 12 22 28 15 5 9 6 24 27 28 9 14 28 9 20 28 1 3 17 13 11 28 20 15 21 18 20 18 24 10 18 13 1 1 9 22 26 6 9 25 25 8 25 6 21 23 26 28 5 13 30 15 21 29 24 4 26 7 2 3 26 29 18 7 21 10 9 14 10 4 20 16 13 6 14 26 9 13 7 14 12 13 14 11 13 9 14 27 15 11 22 8 5 23 1 9 14 23 29 17 26 14 1 15 26 5 18 27 19 23 16 16 9 18 19 5 19 16 25 18 20 27 24 6 2 12 22 24 6 6 24 8 17 20 16 5 10 18 5 22 30 27 3 2 2 26 29 19 24 8 21 9 1 21 25 2 19 8 18 25 19 7 22 26 6 29 2 9 27 27 2 1 6 3 6 23 21 5 22 10 6 22 20 25 3 22 1 27 5 4 10 13 4 24 8 30 25 20 5 26 27 10 18 25 30 2 8 18 29 4 7 19 8 3 6 19 6 27 2 29 16 17 29 28 2 21 15 20 20 2 27 5 9 16 14 3 4 24 17 19 4 6 10 20 19 14 7 19 21 30 6 7 2 29 6 26 26 29 3 13 28 24 19 27 11 3 28 26 2 11 5 6 25 9 10 17 28 21 3 16 11 4 1 13 29 6 3 5 29 2 27 9 28 10 12 13 11 19 14 20 23 19 15 17 23 1 2 20 1 25 5 14 27 18 7 3 1 18 16 25 25 3 30 27 6 24 26 28 28 2 5 28 23 29 24 29 18 14 7 6 30 25 9 6 14 11 1 7 15 3 25 2 14 24 25 20 13 7 8 11 19 30 10 30 16 8 26 15 30 23 28 4 7 30 20 24 23 2 19 28 17 12 20 23 18 4 14 20 14 28 12 19 20 28 17 11
13 18 30 11 25 16 10 19 8 15 13 21 2 22 3 17 1 13 10 20 27 10 11 26 9 27 13 3 21 29 1 8 16 1 10 30 27 5 5 30 17 2 28 28 13 20 12 18 23 2 16 22 3 13 28 11 18 5 15 22 17 5 16 9 29 28 23 10 7 28 27 7 6 12 18 5 5 29 9 8 5 8 19 2 23 6 4 5 22 10 13 11 1 17 29 25 22 9 16 16 14 11 18 4 14 16 13 9 5 7 23 21 20 1 19 2 13 29 10 3 28 29 17 22 1 18 13 29 6 5 6 21 30 18 16 8 19 26 19 13 6 25 3 14 27 29 13 28 30 4 12 12 28 30 26 22 12 4 26 7 5 15 12 2 10 16 22 7 26 11 14 22 3 30 9 15 24 14 23 13 19 6 14 14 25 30 17 25 7 26 22 7 10 14 27 1 12 7 17 18 18 18 4 21 7 13 17 3 9 2 9 25 10 22 6 8 1 5 7 14 13 10 30 23 15 11 18 6 2 8 6 25 14 11 30 14 25 10 7 7 8 7 27 27 1 12 2 7 30 30 2 15 8 9 5 26 18 26 3 16 27 3 24 22 5 15 24 21 22 7 26 8 8 10 19 10 9 2 26 26 16 23 19 14 19 29 6 5 5 7 13 19 23 9 2 20 24 13 9 20 22 24 3 18 14 13 12 18 17 22 11 27 23 10 20 17 25 5 6 27 24 3 17 22 3 5 13 13 6 30 3 17 15 10 19 8 16 25 28 12 28 29 29 19 25 11 10 8 8 6 18 8 22 1 29 4 17 3 20 17 30 17 9 27 7 22 6 2 14 11 24 1 17 9 17 17 9 17 1 30 25 19 11 14 23 4 22 30 18 30 12 25 29 13 16 14 21 19 2 7 8 24 19 18 24 20 17 28 16 15 19 12 23 13 3 22 13 17 23 12 6 12 8 16 20 30 4 25 29 11 3 1 23 3 8 15 16 3 6 22 4 11 10 27 18 16 10 28 11 10 12 29 13 15 23 15 14 30 5 28 29 25 17 28 27 13 22 29 11 25 17 13 23 18 25 22 14 3 1 15 1 14 18 9 8 4 22 28 2 26 28 14 18 2 13 30 19 9 6 14
1 1 24
443 402 226 339 220 404 101 212 394 245 184 76 269 36 118 175 302 110 201 257 311 82 360 305
1 9 23
250 13 51 343 123 387 252 223 475 456 315 455 493 276 17 230 236 460 9 132 176 191 453
1 13 25
227 46 265 153 9 121 352 267 440 39 78 40 156 71 210 381 270 431 37 465 100 241 247 291 456
1 15 9
272 52 134 448 294 89 141 238 424
1 13 5
331 170 345 68 471
1 13 21
273 83 67 225 367 332 139 379 35 7 172 389 235 405 307 388 400 392 62 94 119
1 4 24
70 297 151 289 237 499 382 163 10 228 189 253 214 422 124 91 497 117 128 447 430 16 239 358
1 6 10
116 202 274 444 167 40 216 332 367 402
1 9 31
296 199 412 229 79 474 333 66 319 145 144 306 87 335 177 149 31 483 238 103 239 376 217 5 458 29 100 183 372 383 440
1 19 15
255 292 321 232 472 473 113 16 490 207 437 194 6 274 360
1 8 9
92 469 478 260 19 79 88 115 279
1 14 14
384 126 359 336 42 415 241 90 102 177 343 353 370 459
1 13 20
433 368 72 366 22 312 424 451 80 159 375 231 477 59 105 172 266 326 439 450
1 17 25
327 55 49 330 154 349 173 111 133 347 21 494 354 3 165 192 353 271 19 428 287 70 108 186 346
1 7 23
397 242 318 364 398 155 182 491 480 185 73 308 259 152 213 411 60 293 295 313 322 347 437
1 17 20
20 93 234 344 190 372 198 178 15 496 313 244 211 325 148 408 98 102 482 69
1 12 7
435 147 427 418 73 103 169
1 15 26
268 44 215 358 95 256 467 391 323 109 299 338 348 438 436 420 195 205 12 112 242 306 310 416 461 479
1 8 30
454 86 233 309 351 346 390 99 107 168 161 425 442 69 457 174 193 301 432 32 38 111 187 199 250 263 272 363 435 489
1 12 22
281 8 284 136 463 74 340 362 2 495 355 282 114 59 295 421 337 356 429 410 158 257
1 5 24
60 43 75 130 278 96 459 57 224 416 216 479 180 63 328 279 182 190 201 297 373 396 425 480
1 4 12
280 171 481 138 157 34 221 283 121 268 276 497
1 3 22
350 106 310 0 204 150 303 1 197 33 386 81 104 18 68 240 293 71 74 116 301 331
1 15 31
166 4 206 38 11 396 90 320 449 89 329 143 378 140 470 445 53 476 395 28 164 29 370 263 260 334 338 341 344 379 468
1 11 18
254 58 181 135 200 62 146 45 137 143 218 298 345 366 387 393 458 484
1 15 34
342 249 32 385 403 196 401 316 248 160 317 129 426 485 251 363 414 94 97 219 169 324 176 484 371 21 50 167 290 325 376 400 429 454
1 1 24
383 361 222 291 258 461 162 23 417 48 468 141 179 322 409 266 65 147 152 259 273 412 477 496
1 18 13
125 127 84 247 462 137 406 131 20 126 188 419 481
1 4 21
45 132 85 399 439 112 466 492 373 357 246 120 64 374 127 161 330 394 397 463 486
1 13 30
209 275 277 187 27 393 208 77 285 380 369 218 24 119 115 486 407 334 489 54 186 108 113 170 270 287 316 409 438 467
1 14 9
142 243 183 262 41 229 286 302 473
1 13 11
450 300 423 441 64 76 86 196 206 237 351
1 4 6
290 314 207 349 414 452
1 19 27
471 446 498 487 61 47 122 419 56 188 26 14 88 203 453 464 264 365 377 304 261 488 109 198 205 305 455
1 18 17
30 191 288 286 434 50 105 341 413 6 298 452 25 326 57 222 228
