300 75 465
32 26 26 33 26 22 12 12 11 27 34 22 32 28 33 12 25 37 12 25 26 26 18 29 38 30 31 16 25 32 30 36 34 28 21 40 31 24 29 27 17 26 15 28 12 29 31 21 23 29 13 36 15 33 24 14 17 15 27 17 24 22 19 13 35 37 34 35 38 21 21 13 33 14 30 13 14 17 16 23 25 38 12 35 25 12 19 19 35 20 19 22 13 34 11 17 15 15 11 20 16 11 20 12 34 22 20 27 26 36 23 34 12 27 27 19 19 36 35 32 28 37 15 34 25 19 39 24 24 37 15 26 14 22 31 38 24 32 14 18 20 13 21 31 21 38 40 21 37 38 38 11 35 26 31 25 33 11 24 17 31 19 26 20 21 30 34 12 27 31 19 26 21 30 26 40 16 21 20 34 13 32 21 36 11 31 35 17 13 20 24 37 27 22 28 38 22 18 29 15 19 24 35 19 33 15 28 22 29 36 31 18 14 14 31 23 34 34 23 37 37 28 21 22 19 35 15 13 19 26 39 33 19 21 13 18 29 33 33 31 33 12 20 32 19 34 24 34 22 16 13 35 14 20 26 40 40 25 17 37 35 29 14 26 32 11 37 11 35 12 18 39 34 39 22 39 17 26 33 13 34 31 33 36 26 40 38 29 17 34 28 16 11 28 36 20 13 20 35 13
22 16 16 23 16 12 2 2 1 17 24 12 22 18 23 2 15 27 2 15 16 16 8 19 28 20 21 6 15 22 20 26 24 18 11 30 21 14 19 17 7 16 5 18 2 19 21 11 13 19 3 26 5 23 14 4 7 5 17 7 14 12 9 3 25 27 24 25 28 11 11 3 23 4 20 3 4 7 6 13 15 28 2 25 15 2 9 9 25 10 9 12 3 24 1 7 5 5 1 10 6 1 10 2 24 12 10 17 16 26 13 24 2 17 17 9 9 26 25 22 18 27 5 24 15 9 29 14 14 27 5 16 4 12 21 28 14 22 4 8 10 3 11 21 11 28 30 11 27 28 28 1 25 16 21 15 23 1 14 7 21 9 16 10 11 20 24 2 17 21 9 16 11 20 16 30 6 11 10 24 3 22 11 26 1 21 25 7 3 10 14 27 17 12 18 28 12 8 19 5 9 14 25 9 23 5 18 12 19 26 21 8 4 4 21 13 24 24 13 27 27 18 11 12 9 25 5 3 9 16 29 23 9 11 3 8 19 23 23 21 23 2 10 22 9 24 14 24 12 6 3 25 4 10 16 30 30 15 7 27 25 19 4 16 22 1 27 1 25 2 8 29 24 29 12 29 7 16 23 3 24 21 23 26 16 30 28 19 7 24 18 6 1 18 26 10 3 10 25 3
3 18 5
96 251 23 12 64
1 8 6
264 103 209 226 258 79
4 17 6
51 39 210 1 134 29
1 14 2
57 111
2 20 4
24 216 285 224
3 13 5
73 83 54 114 164
1 24 2
245 104
2 23 3
240 289 32
2 10 3
161 74 167
1 14 2
153 274
2 15 4
206 46 122 282
1 13 2
265 31
1 11 5
250 105 68 102 149
2 12 4
61 197 243 201
2 14 5
5 221 278 238 121
2 20 3
254 230 155
1 8 2
139 211
2 12 5
151 170 202 35 203
2 11 6
298 246 293 124 109 85
1 27 2
256 67
3 13 5
88 267 268 106 232
1 6 3
241 7 290
4 14 6
55 168 178 143 200 191
2 11 4
228 33 173 59
2 12 5
70 156 179 277 130
2 11 5
58 20 171 269 181
1 12 4
72 225 276 97
1 10 5
299 247 172 294 95
1 5 2
94 116
2 9 6
242 62 13 218 235 93
2 9 5
38 131 144 89 138
1 7 4
80 248 28 112
2 16 4
215 129 270 220
2 10 5
119 78 236 140 44
2 17 4
17 162 120 186
3 9 5
30 227 63 263 86
1 15 3
60 208 81
4 10 6
159 3 15 222 11 34
1 16 3
273 281 157
1 9 3
182 108 187
2 17 3
91 147 255
2 11 6
284 280 82 25 142 137
1 4 2
141 291
1 7 6
47 84 196 184 199 146
3 19 5
237 194 148 26 183
1 9 6
219 40 180 271 66 174
1 16 2
212 135
1 2 2
292 213
2 10 6
231 53 52 190 158 295
1 17 3
283 266 234
1 7 2
92 233
1 12 2
48 133
4 12 6
257 101 127 99 259 253
2 15 5
217 71 152 117 169
2 11 4
165 204 252 8
1 9 2
207 100
1 15 2
244 36
2 16 4
76 123 185 160
4 16 6
166 41 223 176 126 261
2 19 3
107 193 286
3 13 6
192 154 145 297 128 132
1 15 2
150 50
1 7 5
249 189 118 22 125
2 13 4
75 2 113 198
2 15 5
42 205 0 195 260
1 9 5
87 239 27 272 6
2 8 5
98 296 188 69 275
1 6 5
21 136 110 77 4
1 6 2
163 18
1 10 4
45 279 214 37
3 18 5
65 175 115 287 16
1 13 3
56 43 14
1 10 3
9 90 19
1 11 2
49 262
2 12 4
10 177 288 229
