300 35 465 20
22 29 28 24 8 13 28 18 5 1 12 16 2 10 17 5 1 4 30 19 28 23 3 12 6 28 19 23 14 20 24 2 29 18 8 8 30 28 26 11 23 1 28 11 12 24 9 8 27 17 11 25 6 8 16 23 16 9 19 18 13 19 27 12 30 17 22 18 26 12 20 17 2 29 10 23 17 23 25 25 8 11 19 4 25 5 12 25 20 16 11 20 18 3 14 26 12 1 20 17 21 29 15 27 19 16 25 13 28 3 2 15 12 24 16 11 9 20 8 16 20 29 21 15 17 1 7 2 24 25 4 8 27 27 30 5 23 12 1 30 3 18 28 19 9 22 16 7 12 22 1 21 27 28 3 15 25 4 5 26 27 29 16 27 13 5 19 28 30 9 25 25 22 23 20 20 25 2 28 18 16 16 27 21 22 11 16 16 12 4 2 7 21 15 4 17 13 19 27 20 19 15 27 18 7 22 13 21 22 20 6 19 13 8 8 18 17 17 29 1 28 14 18 23 15 10 15 13 24 8 9 28 13 2 30 28 11 11 11 26 16 3 21 8 22 24 17 26 29 4 1 7 5 30 22 25 19 15 15 19 25 24 14 10 15 15 23 4 15 10 18 19 8 16 5 12 18 10 22 10 12 30 18 15 11 23 5 6 22 22 21 5 14 8 17 10 22 8 6 10
24 2 14 1 12 25 27 26 26 19 27 11 11 26 4 17 22 8 7 16 29 8 11 11 26 10 15 13 23 28 30 10 21 2 19 24 27 8 15 3 3 16 8 18 8 30 13 20 20 24 21 17 7 5 29 22 7 30 23 24 1 21 27 9 1 10 18 23 3 3 23 27 22 13 30 24 13 7 19 25 1 14 17 5 27 1 19 27 22 30 20 15 18 4 8 7 28 6 14 16 1 28 20 7 7 21 7 6 28 12 15 17 3 13 13 5 8 7 27 10 6 11 20 24 20 13 25 26 3 1 22 3 8 27 9 22 14 23 18 27 13 3 2 9 16 3 30 13 9 6 19 26 3 16 12 2 29 23 12 21 1 14 14 12 10 13 24 18 9 9 20 10 3 4 23 24 11 18 23 5 28 7 14 15 22 1 7 6 5 26 9 13 29 14 5 6 12 9 23 11 3 2 8 9 2 14 30 15 9 1 30 14 3 23 7 4 13 2 13 24 27 4 2 3 5 1 16 13 25 7 15 25 21 19 13 14 27 21 25 2 20 12 2 1 3 27 4 6 4 12 22 15 8 16 25 12 7 2 25 3 7 3 9 1 15 24 27 20 12 2 2 14 22 7 26 17 5 12 3 19 2 15 26 22 18 12 28 4 13 3 13 29 13 10 22 14 17 8 13 11
1 15 7
117 263 214 159 279 178 57
1 17 4
206 10 46 248
1 8 15
123 171 188 258 242 239 233 289 204 61 216 157 165 162 246
1 17 11
164 210 126 11 288 62 203 209 224 118 228
1 12 12
249 109 52 133 190 176 198 138 148 264 105 236
1 18 14
142 284 175 259 240 182 121 20 179 82 292 37 101 273
1 10 5
94 78 116 129 267
1 11 12
207 6 103 92 134 260 143 75 59 115 55 247
1 1 12
152 281 125 213 66 181 71 299 221 158 44 170
1 18 7
200 15 114 294 174 128 69
1 9 7
5 53 155 91 19 153 106
1 1 9
161 168 191 286 177 81 50 293 231
1 5 13
163 278 43 254 65 147 130 144 95 68 80 89 197
1 9 9
243 256 124 230 232 0 201 64 83
1 3 5
107 196 24 160 85
1 7 13
45 283 218 290 86 122 113 100 180 241 48 27 49
1 13 7
33 220 110 271 16 277 235
1 1 6
154 287 42 77 257 238
1 18 8
194 183 187 23 184 169 167 32
1 6 5
96 97 8 217 26
1 10 7
4 9 131 149 237 84 251
1 1 7
219 227 270 7 31 245 98
1 1 2
87 54
1 2 5
291 18 2 39 156
1 19 8
74 186 208 280 215 137 173 3
1 11 5
72 135 295 63 35
1 11 11
172 285 272 274 192 139 252 276 212 269 12
1 1 7
199 14 120 275 132 193 250
1 9 8
102 151 93 261 67 41 13 25
1 5 8
76 268 30 90 225 47 79 119
1 1 6
17 141 99 88 1 22
1 1 12
73 262 255 185 40 166 104 266 205 195 146 127
1 11 15
140 150 244 223 58 202 56 282 211 38 297 51 296 111 21
1 8 9
229 29 189 34 226 136 60 234 36
1 14 9
70 28 222 145 253 112 298 265 108
