500 36 775 20
22 15 23 24 6 29 3 10 29 6 15 28 13 2 19 17 25 19 20 7 8 18 11 2 21 6 12 26 9 23 2 24 11 10 2 21 2 22 4 10 16 23 4 26 3 9 10 27 14 13 20 3 7 25 12 14 18 2 16 6 24 12 22 26 17 18 13 4 13 23 7 23 25 5 28 6 24 4 22 8 26 20 25 30 30 9 3 6 16 4 8 15 2 19 24 11 20 8 17 5 6 30 13 28 6 20 8 19 7 18 19 10 20 17 11 20 10 1 26 9 4 13 15 20 24 17 22 5 16 29 16 30 25 6 3 1 9 13 25 1 9 3 18 7 12 18 27 23 1 17 25 16 15 12 1 6 9 17 4 7 8 28 5 13 15 9 29 24 15 10 15 8 14 7 4 2 16 9 13 29 25 4 1 13 16 26 7 4 24 12 9 30 10 18 14 8 16 17 24 6 7 2 1 19 27 6 18 13 25 29 25 26 28 29 22 26 8 25 23 28 30 3 5 22 29 20 9 20 8 24 6 7 20 8 12 19 6 6 5 24 14 18 1 20 29 27 30 13 6 25 11 12 30 17 4 4 7 16 27 13 14 6 23 24 24 3 27 6 25 19 19 7 19 25 11 22 29 19 9 17 4 15 24 28 5 3 4 18 12 28 22 28 9 8 8 24 19 27 16 26 14 23 18 20 25 29 7 20 13 2 21 12 27 8 21 2 17 10 22 12 5 11 13 5 5 24 16 11 16 2 10 26 8 23 12 28 19 21 7 22 9 9 20 24 6 1 5 17 2 16 18 15 21 10 9 26 23 26 18 2 4 3 24 20 24 5 2 16 25 22 8 29 7 8 4 6 24 18 18 10 5 16 4 22 9 8 5 26 8 14 18 17 4 27 12 26 29 9 1 2 5 8 23 25 1 1 21 10 4 27 28 21 10 25 5 23 8 2 1 12 1 21 26 12 22 16 14 27 29 27 16 11 10 8 14 29 6 6 2 9 7 4 26 22 6 10 30 22 15 1 15 7 19 30 19 4 30 3 28 26 15 7 18 23 26 3 26 19 23 25 15 17 19 18 29 18 3 12 15 25 8 5 14 4 12 17 7 20 15 17 17 15 22 3 1 15 30 24 18 7
7 20 11 26 10 1 14 16 1 13 1 8 18 6 20 15 19 8 13 15 11 23 20 17 30 30 10 10 24 8 18 28 10 11 19 13 15 25 14 18 24 22 9 24 4 5 18 15 2 8 2 19 12 1 25 13 1 3 2 2 9 22 15 19 22 2 23 14 2 26 24 3 9 10 25 8 6 25 3 9 13 17 4 14 13 11 21 24 25 29 4 12 24 2 15 2 20 30 26 2 14 10 22 27 30 25 27 29 30 2 7 28 10 11 22 5 16 11 20 3 21 13 20 28 22 17 18 28 1 19 28 5 10 18 6 9 18 20 13 18 7 14 14 1 23 12 19 9 26 4 10 12 3 13 19 13 17 23 6 20 13 11 11 14 23 7 2 29 15 8 9 28 27 23 13 12 10 8 26 28 4 14 8 6 14 5 15 3 27 16 27 21 2 24 25 1 20 23 1 13 28 28 10 14 15 21 3 10 20 10 25 10 23 25 16 22 30 5 16 5 2 9 5 6 26 11 29 11 15 9 26 22 30 22 19 8 10 4 18 24 21 2 15 26 18 20 24 20 9 16 2 14 14 22 24 23 25 9 28 13 12 14 27 16 12 8 13 24 6 2 19 20 10 3 30 28 21 4 24 29 22 19 20 28 23 15 28 22 15 7 13 5 25 18 18 2 27 2 24 9 26 30 4 8 8 24 12 2 6 16 30 22 7 21 24 8 13 18 23 15 14 11 27 22 28 13 22 20 20 10 17 30 3 2 17 2 4 11 2 9 3 1 6 16 13 17 20 21 7 16 22 29 2 4 11 25 4 27 21 4 2 17 28 6 8 29 18 18 3 15 7 23 18 18 5 20 12 27 25 8 13 19 20 5 8 24 1 12 22 15 16 2 20 29 17 19 19 1 20 5 18 29 19 2 7 26 27 19 11 18 9 15 3 6 19 16 2 3 19 8 26 7 22 12 14 22 9 6 1 18 2 3 15 2 14 28 28 11 17 16 2 8 28 14 12 3 29 20 20 12 16 28 12 1 1 6 17 1 19 7 14 22 4 23 14 20 2 22 19 3 7 9 5 11 30 30 1 15 25 10 30 22 11 9 11 16 22 20 7 14 25 25 2 23 23 6 10 9 23 10
1 17 8
78 129 218 334 141 10 194 28
1 9 8
147 72 168 432 305 344 467 131
1 8 21
103 350 238 317 95 427 85 404 46 452 385 252 0 300 181 406 260 383 414 203 497
1 13 15
11 268 213 486 298 447 297 390 157 258 235 153 367 492 177
1 5 7
246 178 257 215 96 244 472
1 16 24
75 209 232 123 171 208 342 463 188 489 338 278 2 201 399 137 457 269 57 91 70 419 309 302
1 14 13
480 228 422 20 161 237 29 306 138 121 355 243 5
1 13 23
460 387 155 38 110 376 190 6 135 134 382 478 240 371 311 144 418 496 283 4 97 374 60
1 13 9
313 230 167 187 22 119 295 477 483
1 19 15
357 37 327 31 375 86 79 80 364 104 159 202 436 88 214
1 10 24
337 206 67 314 165 270 359 485 473 426 26 346 163 499 455 239 122 407 169 440 53 445 372 284
1 8 3
24 333 401
1 16 4
176 275 84 182
1 15 16
424 361 267 197 62 354 54 65 413 405 494 465 273 41 114 48
1 11 14
145 49 332 217 394 186 360 498 393 322 236 39 3 438
1 19 10
263 14 12 149 224 112 185 310 166 50
1 16 9
150 34 151 231 180 490 328 325 100
1 13 19
442 170 255 279 493 116 227 439 286 156 32 400 81 484 199 293 234 395 17
1 11 19
210 127 462 66 220 140 454 89 373 61 136 351 319 174 83 412 453 192 358
1 17 23
58 101 204 154 15 347 282 30 158 370 433 225 468 71 448 381 304 63 94 352 198 326 108
1 4 25
64 33 330 366 173 16 471 164 316 68 397 118 111 388 13 107 281 212 446 409 266 183 77 162 391
1 7 3
428 265 139
1 18 7
191 292 1 458 299 102 441
1 16 23
380 226 250 444 469 254 82 356 256 398 417 160 193 362 481 179 223 415 343 402 264 249 130
1 19 12
487 430 271 221 345 479 261 21 233 280 44 308
1 19 22
222 336 184 369 285 482 19 132 450 9 434 248 349 42 200 247 291 348 410 90 27 125
1 18 2
76 403
1 18 22
386 421 423 43 459 437 117 195 340 272 384 312 47 320 396 318 288 74 461 262 420 73
1 20 7
51 456 435 253 59 476 287
1 16 16
431 106 99 321 296 18 277 378 411 93 211 92 120 216 7 365
1 16 20
56 245 451 329 392 241 142 113 466 307 126 379 488 449 36 98 301 323 109 443
1 13 17
429 143 303 175 23 219 40 276 290 207 324 196 470 294 205 353 368
1 10 6
115 377 259 69 474 341
1 11 11
52 274 229 389 408 331 148 475 416 289 242
1 19 12
105 189 495 55 363 315 491 35 124 425 25 45
1 6 11
133 464 172 339 8 146 87 335 251 128 152
