300 134 465 2
32 26 26 33 26 22 12 12 11 27 34 22 32 28 33 12 25 37 12 25 26 26 18 29 38 30 31 16 25 32 30 36 34 28 21 40 31 24 29 27 17 26 15 28 12 29 31 21 23 29 13 36 15 33 24 14 17 15 27 17 24 22 19 13 35 37 34 35 38 21 21 13 33 14 30 13 14 17 16 23 25 38 12 35 25 12 19 19 35 20 19 22 13 34 11 17 15 15 11 20 16 11 20 12 34 22 20 27 26 36 23 34 12 27 27 19 19 36 35 32 28 37 15 34 25 19 39 24 24 37 15 26 14 22 31 38 24 32 14 18 20 13 21 31 21 38 40 21 37 38 38 11 35 26 31 25 33 11 24 17 31 19 26 20 21 30 34 12 27 31 19 26 21 30 26 40 16 21 20 34 13 32 21 36 11 31 35 17 13 20 24 37 27 22 28 38 22 18 29 15 19 24 35 19 33 15 28 22 29 36 31 18 14 14 31 23 34 34 23 37 37 28 21 22 19 35 15 13 19 26 39 33 19 21 13 18 29 33 33 31 33 12 20 32 19 34 24 34 22 16 13 35 14 20 26 40 40 25 17 37 35 29 14 26 32 11 37 11 35 12 18 39 34 39 22 39 17 26 33 13 34 31 33 36 26 40 38 29 17 34 28 16 11 28 36 20 13 20 35 13
22 16 16 23 16 12 2 2 1 17 24 12 22 18 23 2 15 27 2 15 16 16 8 19 28 20 21 6 15 22 20 26 24 18 11 30 21 14 19 17 7 16 5 18 2 19 21 11 13 19 3 26 5 23 14 4 7 5 17 7 14 12 9 3 25 27 24 25 28 11 11 3 23 4 20 3 4 7 6 13 15 28 2 25 15 2 9 9 25 10 9 12 3 24 1 7 5 5 1 10 6 1 10 2 24 12 10 17 16 26 13 24 2 17 17 9 9 26 25 22 18 27 5 24 15 9 29 14 14 27 5 16 4 12 21 28 14 22 4 8 10 3 11 21 11 28 30 11 27 28 28 1 25 16 21 15 23 1 14 7 21 9 16 10 11 20 24 2 17 21 9 16 11 20 16 30 6 11 10 24 3 22 11 26 1 21 25 7 3 10 14 27 17 12 18 28 12 8 19 5 9 14 25 9 23 5 18 12 19 26 21 8 4 4 21 13 24 24 13 27 27 18 11 12 9 25 5 3 9 16 29 23 9 11 3 8 19 23 23 21 23 2 10 22 9 24 14 24 12 6 3 25 4 10 16 30 30 15 7 27 25 19 4 16 22 1 27 1 25 2 8 29 24 29 12 29 7 16 23 3 24 21 23 26 16 30 28 19 7 24 18 6 1 18 26 10 3 10 25 3
2 18 4
96 251 12 64
0 8 6
264 103 209 226 258 79
3 17 6
51 39 210 1 134 29
0 14 1
111
2 20 4
24 216 285 224
3 13 5
73 83 54 114 164
1 24 2
245 104
1 23 2
240 32
1 10 3
161 74 167
1 14 2
153 274
2 15 4
206 46 122 282
1 13 2
265 31
0 11 2
250 102
1 12 3
61 197 243
2 14 5
5 221 278 238 121
1 20 2
230 155
1 8 2
139 211
1 12 4
151 170 202 203
1 11 5
298 246 293 124 109
0 27 2
256 67
3 13 5
88 267 268 106 232
1 6 3
241 7 290
1 14 2
178 191
0 11 2
228 173
1 12 5
70 156 179 277 130
1 11 3
58 20 171
0 12 2
72 225
0 10 5
299 247 172 294 95
1 9 6
242 62 13 218 235 93
2 9 5
38 131 144 89 138
0 7 3
248 28 112
1 16 3
215 129 270
1 10 3
119 78 140
0 17 2
17 186
1 9 3
63 263 86
0 15 3
60 208 81
3 10 5
159 3 15 11 34
0 16 3
273 281 157
0 9 1
187
0 17 1
255
1 11 5
280 82 25 142 137
0 4 1
291
0 7 5
47 84 184 199 146
3 19 5
237 194 148 26 183
0 9 4
180 271 66 174
0 16 1
135
1 2 2
292 213
1 10 4
231 52 158 295
0 17 3
283 266 234
0 7 1
92
0 12 2
48 133
2 12 6
257 101 127 99 259 253
1 15 3
217 152 169
1 11 3
204 252 8
0 9 1
100
0 15 1
244
1 16 3
76 185 160
1 16 3
41 223 261
1 19 3
107 193 286
2 13 4
192 154 145 128
0 15 2
150 50
0 7 3
249 189 118
2 13 4
75 2 113 198
1 15 5
42 205 0 195 260
0 9 4
87 239 27 272
1 8 4
98 296 188 275
0 6 4
21 136 77 4
0 6 2
163 18
0 10 4
45 279 214 37
2 18 5
65 175 115 287 16
1 13 3
56 43 14
0 10 2
9 19
0 11 2
49 262
2 12 4
10 177 288 229
1 21 1
6
1 19 1
22
2 35 1
23
2 24 1
30
1 28 1
33
2 29 2
35 91
1 22 1
36
1 20 1
40
2 30 1
44
2 21 1
53
4 31 1
55
1 22 1
57
1 16 1
59
1 19 1
68
1 35 1
69
2 27 1
71
1 17 1
80
2 23 1
85
1 21 1
90
1 22 1
94
1 19 1
97
1 25 1
105
1 17 1
108
1 18 1
110
1 11 1
116
2 24 1
117
1 32 1
120
2 34 1
123
1 17 1
125
1 23 1
126
1 28 1
132
1 13 1
141
4 30 1
143
2 29 1
147
1 27 1
149
2 35 1
162
1 22 1
165
1 25 1
166
2 29 1
168
1 32 1
176
2 21 1
181
1 17 1
182
1 22 1
190
1 13 1
196
3 23 1
200
2 27 1
201
1 17 1
207
1 31 1
212
1 19 1
219
2 28 1
220
1 16 1
222
1 24 1
227
1 17 1
233
2 29 1
236
2 37 1
254
2 29 1
269
1 24 1
276
1 21 1
284
1 38 1
289
1 20 1
297
