1000 313 1550 67
12 33 16 18 30 30 37 26 39 13 23 34 21 27 17 22 22 31 33 40 14 27 32 17 20 34 35 12 38 26 16 22 25 28 26 39 30 13 24 18 27 33 39 11 28 21 27 30 21 37 21 37 16 17 27 21 37 40 21 31 37 19 13 11 36 28 18 16 37 17 32 24 29 16 36 16 38 32 26 21 25 29 35 34 39 25 11 31 11 31 38 29 19 37 17 20 11 32 38 35 22 39 27 18 17 14 38 34 17 25 28 36 16 15 31 20 40 25 15 29 11 37 30 32 14 13 40 31 36 30 30 23 13 11 16 12 23 31 28 15 19 28 32 26 38 24 19 31 26 30 31 30 35 12 35 33 31 11 13 12 30 12 29 37 36 28 33 40 39 23 14 37 17 16 13 34 32 37 14 26 13 16 26 19 31 13 31 24 35 37 27 15 37 28 12 13 25 38 14 12 12 32 23 21 35 22 18 23 34 31 15 21 34 29 29 31 40 34 11 12 30 11 11 15 29 12 21 37 40 13 26 33 20 34 25 32 29 13 34 21 33 24 35 31 32 11 33 19 24 30 22 29 12 30 26 33 31 36 16 36 21 39 35 38 17 37 21 30 12 26 29 11 15 35 32 20 15 22 31 34 14 12 39 33 22 40 25 25 26 34 32 11 18 26 32 31 11 29 30 12 23 18 27 15 15 30 35 16 23 11 26 28 24 23 40 26 17 24 40 23 26 20 28 35 37 40 26 15 15 39 35 11 32 22 15 22 37 32 13 25 36 17 39 16 36 18 38 29 16 12 25 17 24 19 18 24 34 19 29 12 13 34 30 40 18 29 32 18 37 28 28 24 30 37 13 13 20 16 27 18 30 12 26 15 27 27 24 12 19 15 23 37 37 22 25 19 21 39 16 12 27 16 27 24 15 21 29 29 23 27 31 36 21 30 19 28 24 38 37 28 16 12 31 18 12 12 34 28 37 24 28 17 33 16 35 11 28 27 30 16 30 33 22 30 24 32 38 16 34 39 35 16 33 39 14 23 35 16 12 11 11 32 26 14 35 27 21 24 18 25 31 21 40 29 21 37 36 26 40 31 40 31 38 20 16 11 35 13 14 22 24 14 28 17 32 14 26 22 34 20 12 19 39 22 13 39 31 36 20 40 35 28 12 39 35 14 23 31 35 29 38 28 29 14 37 28 35 26 33 13 33 14 26 28 40 18 32 19 40 40 27 36 18 32 22 35 38 13 36 20 27 30 35 35 19 30 27 22 32 17 17 13 32 37 21 27 15 15 36 40 27 21 34 29 13 34 16 25 37 27 30 25 23 28 17 23 40 31 34 37 14 24 36 26 36 36 24 12 26 17 19 20 34 13 19 22 26 26 22 37 17 37 27 18 15 24 20 25 14 13 25 37 38 32 15 13 21 38 11 32 33 14 32 26 38 24 16 22 33 20 39 37 15 20 34 28 24 30 35 14 25 13 13 19 36 24 31 32 40 32 21 21 20 36 19 23 37 11 22 14 19 31 18 27 37 34 24 38 21 35 30 30 27 18 29 22 20 26 37 13 18 15 11 21 13 28 19 30 16 20 24 38 31 21 26 21 33 14 11 12 23 24 40 39 36 18 20 17 20 32 26 32 11 18 13 22 15 37 26 39 29 27 34 11 32 20 38 14 31 24 14 40 25 30 17 20 17 33 39 37 15 34 14 40 23 31 24 37 33 30 30 18 35 28 23 11 39 28 30 40 29 23 23 27 11 25 20 16 26 16 35 39 25 29 34 34 15 14 36 29 28 22 31 25 31 35 17 12 38 25 27 21 14 36 35 28 19 29 40 37 31 24 25 12 39 40 17 22 20 29 40 20 31 13 28 35 12 39 16 32 18 11 12 32 18 30 12 25 22 23 27 23 30 21 28 13 24 26 28 11 30 37 33 13 17 32 38 12 30 27 13 19 35 31 40 17 11 19 17 33 37 21 22 13 14 24 29 26 26 36 40 29 11 37 16 38 33 24 15 27 37 19 13 36 27 32 34 34 18 13 25 22 24 18 20 21 22 17 33 28 18 21 25 19 23 13 23 21 27 29 20 24 37 18 38 30 12 23 15 13 24 27 24 12 17 40 17 37 29 19 32 25 27 36 39 27 21 14 39 22 26 29 40 31 28 40 30 16 34 22 12 32 35 35 29 12 28 12 40 33 38 11 35 18 17 28 12 29 14 31 30 20 36 15 27 13 30 23 20 13 19 29 15 24 25 24 17 22 28 24
2 23 6 8 20 20 27 16 29 3 13 24 11 17 7 12 12 21 23 30 4 17 22 7 10 24 25 2 28 16 6 12 15 18 16 29 20 3 14 8 17 23 29 1 18 11 17 20 11 27 11 27 6 7 17 11 27 30 11 21 27 9 3 1 26 18 8 6 27 7 22 14 19 6 26 6 28 22 16 11 15 19 25 24 29 15 1 21 1 21 28 19 9 27 7 10 1 22 28 25 12 29 17 8 7 4 28 24 7 15 18 26 6 5 21 10 30 15 5 19 1 27 20 22 4 3 30 21 26 20 20 13 3 1 6 2 13 21 18 5 9 18 22 16 28 14 9 21 16 20 21 20 25 2 25 23 21 1 3 2 20 2 19 27 26 18 23 30 29 13 4 27 7 6 3 24 22 27 4 16 3 6 16 9 21 3 21 14 25 27 17 5 27 18 2 3 15 28 4 2 2 22 13 11 25 12 8 13 24 21 5 11 24 19 19 21 30 24 1 2 20 1 1 5 19 2 11 27 30 3 16 23 10 24 15 22 19 3 24 11 23 14 25 21 22 1 23 9 14 20 12 19 2 20 16 23 21 26 6 26 11 29 25 28 7 27 11 20 2 16 19 1 5 25 22 10 5 12 21 24 4 2 29 23 12 30 15 15 16 24 22 1 8 16 22 21 1 19 20 2 13 8 17 5 5 20 25 6 13 1 16 18 14 13 30 16 7 14 30 13 16 10 18 25 27 30 16 5 5 29 25 1 22 12 5 12 27 22 3 15 26 7 29 6 26 8 28 19 6 2 15 7 14 9 8 14 24 9 19 2 3 24 20 30 8 19 22 8 27 18 18 14 20 27 3 3 10 6 17 8 20 2 16 5 17 17 14 2 9 5 13 27 27 12 15 9 11 29 6 2 17 6 17 14 5 11 19 19 13 17 21 26 11 20 9 18 14 28 27 18 6 2 21 8 2 2 24 18 27 14 18 7 23 6 25 1 18 17 20 6 20 23 12 20 14 22 28 6 24 29 25 6 23 29 4 13 25 6 2 1 1 22 16 4 25 17 11 14 8 15 21 11 30 19 11 27 26 16 30 21 30 21 28 10 6 1 25 3 4 12 14 4 18 7 22 4 16 12 24 10 2 9 29 12 3 29 21 26 10 30 25 18 2 29 25 4 13 21 25 19 28 18 19 4 27 18 25 16 23 3 23 4 16 18 30 8 22 9 30 30 17 26 8 22 12 25 28 3 26 10 17 20 25 25 9 20 17 12 22 7 7 3 22 27 11 17 5 5 26 30 17 11 24 19 3 24 6 15 27 17 20 15 13 18 7 13 30 21 24 27 4 14 26 16 26 26 14 2 16 7 9 10 24 3 9 12 16 16 12 27 7 27 17 8 5 14 10 15 4 3 15 27 28 22 5 3 11 28 1 22 23 4 22 16 28 14 6 12 23 10 29 27 5 10 24 18 14 20 25 4 15 3 3 9 26 14 21 22 30 22 11 11 10 26 9 13 27 1 12 4 9 21 8 17 27 24 14 28 11 25 20 20 17 8 19 12 10 16 27 3 8 5 1 11 3 18 9 20 6 10 14 28 21 11 16 11 23 4 1 2 13 14 30 29 26 8 10 7 10 22 16 22 1 8 3 12 5 27 16 29 19 17 24 1 22 10 28 4 21 14 4 30 15 20 7 10 7 23 29 27 5 24 4 30 13 21 14 27 23 20 20 8 25 18 13 1 29 18 20 30 19 13 13 17 1 15 10 6 16 6 25 29 15 19 24 24 5 4 26 19 18 12 21 15 21 25 7 2 28 15 17 11 4 26 25 18 9 19 30 27 21 14 15 2 29 30 7 12 10 19 30 10 21 3 18 25 2 29 6 22 8 1 2 22 8 20 2 15 12 13 17 13 20 11 18 3 14 16 18 1 20 27 23 3 7 22 28 2 20 17 3 9 25 21 30 7 1 9 7 23 27 11 12 3 4 14 19 16 16 26 30 19 1 27 6 28 23 14 5 17 27 9 3 26 17 22 24 24 8 3 15 12 14 8 10 11 12 7 23 18 8 11 15 9 13 3 13 11 17 19 10 14 27 8 28 20 2 13 5 3 14 17 14 2 7 30 7 27 19 9 22 15 17 26 29 17 11 4 29 12 16 19 30 21 18 30 20 6 24 12 2 22 25 25 19 2 18 2 30 23 28 1 25 8 7 18 2 19 4 21 20 10 26 5 17 3 20 13 10 3 9 19 5 14 15 14 7 12 18 14
2 18 4
99 301 452 719
1 8 2
439 205
0 5 3
806 542 146
2 10 7
521 290 429 344 730 720 553
0 8 4
96 316 905 506
5 12 15
18 47 444 814 464 1 940 633 849 405 771 641 358 72 769
2 18 3
638 307 391
0 21 1
749
0 10 4
319 388 470 509
0 4 10
592 33 9 533 537 919 364 701 194 511
1 18 3
843 342 477
1 5 12
417 154 157 571 136 107 251 915 273 908 374 110
4 13 8
339 605 646 512 760 945 876 263
0 21 2
148 189
0 3 12
682 690 311 454 113 287 472 534 42 772 433 122
0 3 9
591 15 836 92 706 346 662 789 787
1 8 2
854 639
1 5 14
109 212 573 39 987 181 819 350 647 871 53 780 26 902
1 13 4
463 967 428 143
3 10 7
415 226 179 979 921 239 983
2 7 14
973 147 923 658 597 847 52 278 861 489 314 485 892 232
1 14 5
725 714 265 242 268
0 5 7
580 480 235 875 822 317 300
4 12 6
31 913 329 182 321 43
1 7 10
338 70 852 407 152 777 927 156 172 891
0 16 2
610 620
1 15 5
596 514 241 211 123
4 13 8
117 459 515 149 457 422 982 838
0 6 5
77 363 907 710 292
0 3 2
118 281
2 8 8
2 745 853 618 679 734 988 399
1 7 10
249 518 554 611 715 825 183 8 35 0
0 13 4
111 128 295 397
4 13 8
127 569 869 761 649 247 274 728
1 13 5
347 563 36 948 166
4 10 14
413 190 453 54 369 195 793 594 957 536 996 178 213 129
3 11 8
145 703 650 900 466 532 674 993
0 9 4
448 631 510 293
1 11 4
552 583 846 878
1 10 6
585 831 385 427 881 535
1 22 3
548 308 106
4 10 12
29 603 217 606 490 671 520 494 28 595 584 629
0 10 4
352 824 766 862
0 7 5
85 742 829 97 280
0 4 9
4 492 257 264 231 644 402 184 558
0 11 3
918 269 859
1 4 15
807 306 924 260 949 837 236 879 612 624 938 479 977 206 507
3 11 10
192 460 832 776 355 259 713 431 245 216
4 13 12
486 561 208 657 857 449 669 741 160 482 214 601
2 14 4
155 51 112 670
0 1 2
425 331
0 17 1
944
1 6 10
666 893 197 368 115 222 783 3 564 541
2 9 8
240 24 22 168 722 962 765 950
1 9 6
866 636 279 505 567 325
4 9 16
707 899 225 916 574 103 458 475 608 336 785 356 801 177 790 289
4 14 9
555 731 487 230 651 367 21 991 815
0 11 2
961 588
1 19 3
688 365 436
0 5 6
71 380 581 387 91 882
0 22 2
856 437
2 10 10
349 873 972 6 126 451 632 727 767 345
4 11 7
196 275 896 326 992 371 752
4 16 8
516 411 256 261 186 11 130 497
0 20 2
935 398
1 15 4
478 496 462 447
8 17 14
501 589 64 826 330 885 87 805 41 851 442 820 201 228
1 15 4
209 63 751 34
0 6 3
105 691 379
5 11 10
816 763 568 971 390 743 689 874 863 7
2 13 5
732 170 445 911 855
5 12 10
998 954 199 313 784 133 974 332 348 165
1 10 6
835 144 142 243 493 296
1 6 3
912 132 299
1 17 4
809 430 62 74
8 11 18
740 965 770 320 754 928 524 244 672 334 65 587 984 517 888 315 775 981
4 11 8
169 227 582 499 203 910 839 421
0 7 2
303 643
3 12 9
803 547 288 613 455 744 450 976 538
0 14 1
887
2 10 7
932 897 291 737 990 513 401
0 18 2
171 151
2 9 10
377 810 57 699 759 845 465 920 491 370
1 8 9
929 69 488 704 609 10 681 952 119
0 13 2
362 159
2 10 9
44 617 684 781 821 150 800 621 173
2 12 8
702 73 739 409 880 922 726 960
1 12 5
985 233 930 811 175
2 16 7
560 634 844 640 733 495 98
4 9 14
622 389 757 333 238 32 139 382 272 424 328 337 162 474
2 11 10
934 193 868 386 167 82 83 14 966 788
0 2 14
141 323 901 723 678 579 735 663 351 125 931 659 748 768
1 13 4
12 207 297 341
4 14 8
185 833 848 5 503 687 870 970
0 12 3
818 56 933
2 10 7
519 840 366 360 955 473 796
8 11 16
995 615 864 86 782 951 224 860 423 812 277 655 100 298 677 55
0 8 4
565 778 134 549
4 13 9
406 546 645 625 37 131 946 753 736
2 13 7
525 262 200 738 93 590 204
4 11 12
120 498 220 877 708 526 968 164 446 898 660 586
1 11 3
59 309 889
0 6 7
959 550 95 802 324 607 661
3 15 10
675 626 88 456 137 654 894 404 361 712
1 7 4
140 343 686 557
2 13 7
438 842 163 942 999 158 937
1 4 14
310 755 747 218 642 302 266 68 721 89 440 904 729 435
12 13 20
865 258 121 909 400 616 700 378 883 50 23 906 376 792 797 964 539 27 432 527
0 12 3
396 418 484
8 10 16
680 858 135 353 210 926 619 253 357 48 795 529 559 914 467 808
0 5 5
354 67 665 395 116
2 11 5
718 13 668 221 502
1 13 4
652 872 246 570
2 13 1
16
1 13 1
17
1 5 1
19
1 20 1
20
4 21 2
25 174
2 17 1
30
5 19 1
38
1 8 1
40
2 22 1
45
1 14 1
46
4 21 1
49
2 22 1
58
1 27 1
60
3 26 1
61
2 29 1
66
2 25 1
75
1 29 1
76
2 28 1
78
4 29 1
79
1 19 1
80
1 26 1
81
1 27 1
84
2 22 1
90
1 18 1
94
1 11 1
101
2 18 1
102
1 29 1
104
1 11 1
108
1 21 1
114
1 32 1
124
3 28 1
138
3 18 1
153
2 29 1
161
4 19 1
176
2 15 1
180
1 34 1
187
1 19 1
188
3 23 1
191
2 18 1
198
1 13 1
202
3 22 1
215
2 13 1
219
1 14 1
223
4 20 1
229
1 31 1
234
1 33 1
237
1 14 1
248
1 20 2
250 963
2 23 1
252
1 30 1
254
1 23 1
255
1 13 1
267
1 24 1
270
2 30 1
271
2 19 1
276
1 22 1
282
1 23 1
283
1 14 1
284
4 23 1
285
2 16 1
286
3 21 1
294
1 17 1
304
1 18 1
305
1 11 1
312
2 30 1
318
1 16 1
322
4 25 1
327
6 23 1
335
4 23 1
340
2 28 1
359
5 31 1
372
1 6 1
373
1 24 2
375 476
4 20 1
381
1 15 1
383
1 17 1
384
2 17 1
392
1 38 1
393
2 18 1
394
1 21 1
403
4 26 1
408
6 20 1
410
4 26 1
412
3 18 1
414
1 8 1
416
1 17 1
419
1 25 1
420
1 12 1
426
3 20 1
434
3 20 1
441
1 19 1
443
1 25 1
461
2 12 1
468
3 22 1
469
2 19 1
471
1 17 1
481
8 23 1
483
4 20 1
500
8 23 1
504
1 10 1
508
1 13 1
522
1 20 1
523
1 24 1
528
2 26 1
530
4 23 1
531
6 20 1
540
1 17 1
543
3 29 1
544
1 19 1
545
3 23 1
551
3 25 1
556
1 21 1
562
2 16 1
566
5 27 2
572 895
2 31 1
575
1 8 1
576
6 23 1
577
2 17 1
578
4 22 1
593
1 36 1
598
1 12 1
599
2 23 1
600
3 15 1
602
1 19 1
604
4 22 1
614
3 23 1
623
1 27 1
627
1 15 1
628
2 29 1
630
4 23 1
635
1 15 1
637
2 22 1
648
1 18 1
653
2 21 1
656
3 23 1
664
2 14 1
667
1 33 1
673
2 27 1
676
1 24 1
683
1 22 1
685
1 9 1
692
2 21 1
693
5 26 1
694
1 20 1
695
4 19 1
696
1 13 1
697
2 16 1
698
1 9 1
705
1 15 1
709
2 17 1
711
4 27 1
716
1 15 1
717
3 17 1
724
8 27 1
746
1 6 1
750
1 20 1
756
2 26 1
758
3 28 1
762
6 30 1
764
1 16 1
773
1 15 1
774
1 38 1
779
8 28 1
786
2 25 1
791
2 19 1
794
1 17 1
798
3 23 1
799
1 10 1
804
3 16 1
813
2 23 1
817
2 18 1
823
2 11 1
827
1 14 1
828
3 12 1
830
1 27 1
834
3 24 1
841
4 23 1
850
3 17 1
867
1 18 1
884
1 25 1
886
3 32 1
890
2 17 1
903
1 13 1
917
2 17 1
925
1 17 1
936
2 21 1
939
1 21 1
941
1 15 1
943
4 21 1
947
4 24 1
953
1 15 1
956
1 17 1
958
5 27 1
969
6 19 1
975
2 26 1
978
4 18 1
980
2 26 1
986
2 28 1
989
2 26 1
994
4 21 1
997
