1000 268 1550 6
36 18 30 18 22 18 22 30 28 27 31 28 30 19 15 37 36 32 23 32 29 17 18 35 37 34 13 39 15 29 32 40 30 36 35 17 40 16 38 39 29 20 14 30 35 37 11 39 25 33 23 33 23 33 38 16 21 32 22 26 24 20 12 33 16 23 33 30 40 11 24 20 30 39 39 36 35 20 27 32 20 32 14 11 20 39 20 22 38 11 25 31 23 13 17 13 11 12 23 24 28 33 21 31 15 15 19 28 16 32 12 18 24 22 18 31 21 12 30 28 38 40 28 13 24 26 17 25 34 18 19 21 28 15 23 33 34 34 27 18 26 27 30 19 29 29 25 35 11 37 16 40 21 25 31 14 38 12 40 40 38 12 19 40 27 18 36 29 29 20 22 37 13 38 23 34 29 16 22 18 11 11 38 15 20 38 23 28 14 27 14 14 38 38 19 29 38 27 34 31 26 24 38 11 32 30 39 19 35 20 18 12 13 17 25 11 38 15 12 31 14 27 33 40 26 34 17 31 26 11 27 23 35 15 11 40 11 14 16 12 19 13 36 15 14 12 22 40 26 33 16 31 24 24 27 32 40 23 16 35 23 39 24 21 21 38 19 13 38 33 22 33 20 34 25 12 32 16 36 26 40 37 39 37 38 30 33 18 38 28 18 14 38 31 30 15 17 20 22 20 23 14 36 15 23 17 33 26 18 32 30 13 22 21 38 14 24 21 14 16 30 29 16 34 27 25 17 13 22 17 38 11 18 22 24 12 18 31 22 32 36 38 14 38 14 31 38 12 13 31 37 11 16 12 35 12 18 34 28 29 21 30 20 13 27 37 26 18 17 24 38 31 25 38 16 28 28 24 24 21 39 20 29 11 30 32 40 24 25 16 13 27 17 28 19 30 11 24 25 36 17 29 13 20 39 14 23 38 13 13 33 19 38 40 11 20 19 20 34 19 26 38 12 26 28 27 24 30 21 25 11 39 38 34 22 13 23 15 11 24 25 18 37 29 28 38 31 23 40 24 13 29 17 12 23 40 17 28 30 38 20 19 32 21 25 21 27 39 39 27 21 11 37 40 35 27 34 31 21 13 17 38 36 30 23 20 25 34 28 14 13 34 16 22 20 14 36 22 38 17 29 34 36 21 17 34 25 38 23 28 24 34 15 24 13 25 25 37 40 36 28 36 11 30 31 15 28 32 24 37 11 15 13 25 26 14 20 20 20 16 19 21 24 19 36 29 34 20 23 21 16 21 27 18 15 17 36 14 26 23 36 17 28 39 29 25 27 33 32 22 12 11 15 35 27 21 21 32 16 37 15 33 27 19 22 37 25 21 25 14 23 26 23 38 18 26 34 35 31 35 33 17 35 17 35 28 17 28 29 22 27 18 22 18 30 32 13 35 31 33 26 34 35 20 16 24 20 40 16 25 38 22 28 16 17 19 30 24 22 16 28 25 39 29 25 26 26 30 16 23 27 18 39 39 28 30 12 18 33 11 31 35 14 23 12 40 28 34 34 23 18 27 12 20 16 26 32 34 23 34 32 32 33 33 25 31 39 27 19 25 31 24 18 13 36 31 21 28 34 20 33 33 18 11 24 12 23 21 26 35 40 30 34 15 11 11 25 35 33 36 18 33 13 15 27 12 25 39 13 16 15 35 15 18 29 21 20 20 23 20 37 16 20 31 12 17 17 34 34 34 16 26 11 12 40 35 27 37 39 12 15 29 25 17 34 40 19 21 36 33 26 11 12 30 30 26 20 34 30 17 18 14 36 22 11 37 22 28 15 21 17 14 25 15 28 38 33 28 15 16 29 15 20 29 39 25 30 30 35 26 26 39 15 13 30 36 36 15 31 34 40 37 34 33 31 24 33 15 22 23 21 11 25 39 36 25 21 31 37 35 39 33 22 39 22 15 18 31 38 20 33 27 37 33 39 19 24 16 25 14 16 40 19 28 40 29 11 26 38 13 19 13 30 33 34 13 19 33 16 32 28 38 31 29 20 13 38 30 25 14 38 24 14 27 24 22 33 34 23 21 31 30 18 27 16 20 14 32 34 33 23 39 22 21 33 34 35 13 13 38 21 32 19 29 15 14 22 24 11 18 11 38 31 12 37 25 31 29 16 27 33 26 29 20 25 15 14 20 13 35 13 19 23 18 13 40 19 37 13 21 14 27 27 19 12 37 19 34 17 21 29 20 30 28 13 26 29 26 36 36 16 22 27 26 22 30 13 39 13 30 14 21 16 37 40 17 20 33 37 27
26 8 20 8 12 8 12 20 18 17 21 18 20 9 5 27 26 22 13 22 19 7 8 25 27 24 3 29 5 19 22 30 20 26 25 7 30 6 28 29 19 10 4 20 25 27 1 29 15 23 13 23 13 23 28 6 11 22 12 16 14 10 2 23 6 13 23 20 30 1 14 10 20 29 29 26 25 10 17 22 10 22 4 1 10 29 10 12 28 1 15 21 13 3 7 3 1 2 13 14 18 23 11 21 5 5 9 18 6 22 2 8 14 12 8 21 11 2 20 18 28 30 18 3 14 16 7 15 24 8 9 11 18 5 13 23 24 24 17 8 16 17 20 9 19 19 15 25 1 27 6 30 11 15 21 4 28 2 30 30 28 2 9 30 17 8 26 19 19 10 12 27 3 28 13 24 19 6 12 8 1 1 28 5 10 28 13 18 4 17 4 4 28 28 9 19 28 17 24 21 16 14 28 1 22 20 29 9 25 10 8 2 3 7 15 1 28 5 2 21 4 17 23 30 16 24 7 21 16 1 17 13 25 5 1 30 1 4 6 2 9 3 26 5 4 2 12 30 16 23 6 21 14 14 17 22 30 13 6 25 13 29 14 11 11 28 9 3 28 23 12 23 10 24 15 2 22 6 26 16 30 27 29 27 28 20 23 8 28 18 8 4 28 21 20 5 7 10 12 10 13 4 26 5 13 7 23 16 8 22 20 3 12 11 28 4 14 11 4 6 20 19 6 24 17 15 7 3 12 7 28 1 8 12 14 2 8 21 12 22 26 28 4 28 4 21 28 2 3 21 27 1 6 2 25 2 8 24 18 19 11 20 10 3 17 27 16 8 7 14 28 21 15 28 6 18 18 14 14 11 29 10 19 1 20 22 30 14 15 6 3 17 7 18 9 20 1 14 15 26 7 19 3 10 29 4 13 28 3 3 23 9 28 30 1 10 9 10 24 9 16 28 2 16 18 17 14 20 11 15 1 29 28 24 12 3 13 5 1 14 15 8 27 19 18 28 21 13 30 14 3 19 7 2 13 30 7 18 20 28 10 9 22 11 15 11 17 29 29 17 11 1 27 30 25 17 24 21 11 3 7 28 26 20 13 10 15 24 18 4 3 24 6 12 10 4 26 12 28 7 19 24 26 11 7 24 15 28 13 18 14 24 5 14 3 15 15 27 30 26 18 26 1 20 21 5 18 22 14 27 1 5 3 15 16 4 10 10 10 6 9 11 14 9 26 19 24 10 13 11 6 11 17 8 5 7 26 4 16 13 26 7 18 29 19 15 17 23 22 12 2 1 5 25 17 11 11 22 6 27 5 23 17 9 12 27 15 11 15 4 13 16 13 28 8 16 24 25 21 25 23 7 25 7 25 18 7 18 19 12 17 8 12 8 20 22 3 25 21 23 16 24 25 10 6 14 10 30 6 15 28 12 18 6 7 9 20 14 12 6 18 15 29 19 15 16 16 20 6 13 17 8 29 29 18 20 2 8 23 1 21 25 4 13 2 30 18 24 24 13 8 17 2 10 6 16 22 24 13 24 22 22 23 23 15 21 29 17 9 15 21 14 8 3 26 21 11 18 24 10 23 23 8 1 14 2 13 11 16 25 30 20 24 5 1 1 15 25 23 26 8 23 3 5 17 2 15 29 3 6 5 25 5 8 19 11 10 10 13 10 27 6 10 21 2 7 7 24 24 24 6 16 1 2 30 25 17 27 29 2 5 19 15 7 24 30 9 11 26 23 16 1 2 20 20 16 10 24 20 7 8 4 26 12 1 27 12 18 5 11 7 4 15 5 18 28 23 18 5 6 19 5 10 19 29 15 20 20 25 16 16 29 5 3 20 26 26 5 21 24 30 27 24 23 21 14 23 5 12 13 11 1 15 29 26 15 11 21 27 25 29 23 12 29 12 5 8 21 28 10 23 17 27 23 29 9 14 6 15 4 6 30 9 18 30 19 1 16 28 3 9 3 20 23 24 3 9 23 6 22 18 28 21 19 10 3 28 20 15 4 28 14 4 17 14 12 23 24 13 11 21 20 8 17 6 10 4 22 24 23 13 29 12 11 23 24 25 3 3 28 11 22 9 19 5 4 12 14 1 8 1 28 21 2 27 15 21 19 6 17 23 16 19 10 15 5 4 10 3 25 3 9 13 8 3 30 9 27 3 11 4 17 17 9 2 27 9 24 7 11 19 10 20 18 3 16 19 16 26 26 6 12 17 16 12 20 3 29 3 20 4 11 6 27 30 7 10 23 27 17
0 11 1
111
3 9 11
246 681 276 201 639 168 183 898 437 443 172
0 10 3
737 549 685
3 6 18
439 257 253 788 920 187 794 85 546 873 21 789 62 791 349 761 562 758
4 12 9
769 45 753 83 29 222 948 508 273
2 17 3
140 440 711
3 11 10
230 770 974 353 455 815 534 509 647 778
0 21 2
477 227
5 11 15
731 541 258 188 987 578 375 777 365 317 853 209 553 913 708
5 14 10
104 598 595 68 855 745 427 834 823 78
6 11 10
483 592 225 124 707 928 383 461 507 542
2 5 17
444 610 555 447 656 137 488 462 392 19 91 650 445 979 503 170 569
2 7 13
709 703 740 996 142 914 579 991 905 736 334 899 127
0 13 1
485
3 8 18
688 195 713 565 597 376 563 159 95 43 783 200 131 270 614 380 564 863
0 4 9
161 543 916 958 396 229 666 152 293
5 14 9
700 13 232 690 999 476 298 926 941
1 22 2
506 679
3 11 9
730 128 424 103 408 171 573 938 155
1 6 9
345 154 992 167 294 277 333 426 238
2 6 14
199 287 965 971 450 524 862 448 748 560 717 228 699 906
0 9 3
686 271 166
5 14 11
282 84 108 359 16 6 998 456 919 722 896
2 17 6
652 611 458 4 820 436
3 8 16
583 313 94 404 843 811 77 223 93 763 64 662 165 870 254 695
0 11 3
370 9 612
3 15 9
660 38 283 751 169 24 756 47 216
1 4 13
255 231 574 219 779 460 5 764 829 812 718 89 984
0 11 2
401 340
4 9 15
385 720 132 245 864 98 454 724 993 322 133 884 391 235 23
6 13 13
911 682 366 324 659 179 423 1 386 226 39 341 297
0 4 5
964 390 267 368 590
0 5 10
693 936 116 599 762 772 73 582 247 963
8 13 16
492 687 704 593 932 602 369 315 490 594 459 422 484 466 457 323
6 14 13
501 407 526 244 842 550 616 176 976 728 796 934 997
0 5 9
411 927 943 775 710 872 918 694 351
3 8 14
995 321 664 81 749 819 139 354 87 434 601 160 977 420
1 6 8
44 361 428 260 379 285 615 405
0 20 1
795
4 8 15
240 850 122 586 698 609 539 97 80 925 88 983 865 186 429
7 12 14
950 561 185 504 900 733 364 252 286 885 326 66 242 566
6 10 17
641 243 588 430 2 435 949 493 147 742 110 802 972 327 502 70 474
4 11 14
27 786 331 754 494 360 537 192 117 119 418 402 861 314
2 7 11
644 236 275 63 626 604 412 141 933 723 487
2 11 6
174 878 954 302 416 982
3 10 6
291 41 463 824 985 663
4 11 9
519 403 480 944 468 637 554 729 799
5 10 15
310 464 248 893 190 816 640 606 33 568 701 755 635 670 726
6 12 17
840 114 804 725 481 373 118 197 830 74 203 337 471 890 18 513 367
7 14 14
888 747 417 511 535 734 817 220 959 387 17 837 897 25
2 10 11
145 357 807 532 22 521 101 692 393 250 478
6 11 14
99 988 48 706 636 780 608 633 34 473 346 975 715 877
5 14 11
54 129 921 381 523 413 838 130 496 894 768
0 6 9
531 465 661 304 833 603 798 827 766
1 5 9
634 266 931 883 624 589 249 968 362
0 3 16
955 544 512 630 962 536 295 515 288 572 125 746 497 881 757 907
1 14 4
571 628 697 158
0 7 4
452 320 472 937
1 15 4
14 619 727 470
7 11 16
570 935 164 667 525 732 410 262 92 792 414 184 318 538 908 930
5 8 16
835 621 335 867 784 617 849 625 969 237 567 210 580 887 352 882
0 5 7
138 53 60 739 839 479 528
7 11 13
178 50 902 760 675 193 678 814 148 851 311 826 35
3 11 8
915 239 7 956 607 831 587 866
0 3 9
750 52 891 212 632 551 860 10 657
0 19 1
912
6 11 13
691 929 214 144 469 363 31 303 11 102 813 683 251
3 8 11
194 75 575 486 42 213 765 966 889 869 67
2 18 5
653 533 281 115 28
1 17 4
627 467 680 721
4 13 9
215 495 591 821 774 336 712 330 618
0 7 2
623 960
1 11 4
994 106 499 3
1 14 3
374 620 399
5 10 12
425 674 421 109 782 904 409 400 32 378 946 947
2 10 5
522 305 65 655 844
1 7 8
419 735 135 121 600 343 377 292
1 4 17
348 917 942 552 790 30 836 397 859 585 785 529 939 514 516 189 261
0 6 5
274 355 847 800 259
0 7 6
803 233 797 49 163 177
0 6 7
489 299 241 752 107 577 868
2 9 7
809 312 892 356 441 895 517
1 8 6
669 382 20 290 71 970
8 13 16
880 684 527 150 773 325 388 852 738 953 432 787 438 980 146 234
1 6 9
263 719 36 658 433 629 714 37 743
0 14 2
316 672
0 5 4
776 86 389 57
1 6 10
8 339 59 264 175 556 202 350 76 301
1 26 1
0
2 12 1
12
4 22 1
15
4 23 1
26
2 15 1
40
1 17 1
46
2 21 1
51
3 14 1
55
1 11 1
56
4 19 1
58
1 15 1
61
1 22 1
69
1 18 1
72
1 12 1
79
2 17 1
82
4 27 1
90
1 20 1
96
1 15 1
100
2 19 1
105
1 16 1
112
7 21 1
113
2 27 1
120
1 16 1
123
5 26 1
126
2 18 1
134
1 9 1
136
4 22 1
143
1 19 1
149
1 10 2
151 329
5 22 1
153
2 14 1
156
10 23 1
157
3 20 1
162
2 11 1
173
1 17 1
180
4 34 1
181
2 14 1
182
1 11 1
191
1 27 1
196
1 18 1
198
2 15 1
204
2 15 1
205
4 24 1
206
3 15 1
207
1 23 1
208
1 20 1
211
2 19 1
217
1 16 1
218
5 22 1
221
1 19 1
224
4 18 1
256
1 17 1
265
3 29 1
268
7 19 1
269
2 17 1
272
2 18 1
278
2 12 1
279
4 28 2
280 981
2 18 1
284
2 17 1
289
1 11 1
296
5 22 1
300
1 20 1
306
7 26 1
307
1 21 1
308
5 22 1
309
1 18 1
319
1 16 2
328 910
3 12 1
332
2 14 1
338
11 25 2
342 945
1 17 1
344
1 19 1
347
1 23 1
358
1 19 1
371
1 16 1
372
2 14 1
384
7 18 1
394
2 15 1
395
2 28 1
398
5 21 1
406
1 16 1
415
4 21 1
431
1 14 1
442
1 14 1
446
2 19 1
449
4 16 1
451
1 7 1
453
1 23 1
475
1 30 1
482
2 21 1
491
10 24 1
498
2 11 2
500 559
1 21 1
505
2 15 1
510
1 16 1
518
1 11 1
520
8 26 1
530
3 23 1
540
3 22 1
545
1 16 1
547
5 16 1
548
7 22 1
557
1 32 1
558
1 13 1
576
4 17 1
581
1 34 1
584
2 16 1
596
6 25 1
605
2 15 1
613
4 23 1
622
6 26 1
631
3 25 1
638
3 32 1
642
2 11 1
643
1 17 1
645
2 19 1
646
1 27 1
648
2 17 1
649
1 14 1
651
5 22 1
654
1 14 1
665
1 34 1
668
2 25 1
671
5 21 1
673
1 16 1
676
3 23 1
677
4 29 1
689
1 15 1
696
2 14 1
702
2 21 1
705
2 15 1
716
7 17 1
741
3 20 1
744
6 22 1
759
8 28 1
767
4 21 1
771
1 18 1
781
7 19 1
793
4 21 1
801
2 18 1
805
1 21 1
806
5 19 1
808
1 17 1
810
1 11 1
818
2 14 1
822
1 9 1
825
2 17 1
828
1 11 1
832
3 20 1
841
4 18 1
845
7 19 1
846
1 18 1
848
1 17 1
854
2 13 1
856
5 23 1
857
1 16 1
858
1 11 1
871
7 22 1
874
3 22 1
875
2 16 1
876
2 16 1
879
4 19 1
886
1 14 1
901
2 18 1
903
2 13 1
909
1 18 1
922
2 17 1
923
1 16 1
924
7 24 1
940
2 18 1
951
1 11 1
952
1 21 1
957
1 14 1
961
3 29 1
967
2 18 1
973
5 22 1
978
1 21 1
986
10 23 1
989
1 11 1
990
