800 242 1240 5
36 13 37 40 27 22 22 37 22 40 36 24 29 38 12 40 18 26 33 20 18 39 19 21 38 31 12 14 29 29 20 32 29 11 19 25 19 32 18 13 35 25 28 18 39 37 35 37 19 32 37 30 40 15 36 19 37 26 33 16 11 35 18 15 15 35 34 29 31 17 24 32 11 25 37 20 38 31 25 25 37 26 34 33 20 30 21 31 25 23 23 15 28 13 25 36 25 21 23 18 29 19 33 25 18 24 19 31 13 19 13 32 13 16 22 40 38 39 12 27 34 13 18 30 21 23 40 25 11 13 38 20 32 20 29 24 11 32 12 25 33 36 17 33 35 12 18 21 32 26 24 15 31 14 27 26 12 31 18 37 20 34 14 35 33 16 27 16 40 20 37 15 14 12 30 31 31 32 40 37 20 19 15 22 25 21 38 25 33 24 27 29 37 33 38 24 15 33 24 18 17 19 20 17 14 16 12 25 38 27 29 22 16 35 38 21 14 28 34 37 11 17 14 36 21 22 30 24 17 12 35 17 21 24 35 38 25 33 12 21 33 12 14 34 39 21 18 12 18 16 11 36 37 30 37 33 25 35 32 24 18 34 21 24 34 39 34 33 19 30 18 20 23 20 36 29 33 35 27 37 30 27 35 23 16 35 18 32 33 20 29 17 20 36 25 31 35 21 39 36 38 19 29 13 13 32 34 30 30 22 18 12 37 29 23 39 19 12 35 20 24 28 35 37 25 14 29 25 25 28 29 12 36 24 17 24 21 39 25 24 39 12 40 22 25 17 37 20 24 11 28 22 19 12 11 18 16 30 35 37 38 15 35 38 36 33 32 17 26 18 21 31 26 31 32 26 32 22 35 25 31 24 22 25 36 21 16 35 35 39 28 27 12 40 25 20 31 40 24 16 38 15 36 26 13 38 40 27 29 17 22 36 34 18 18 32 23 24 17 40 17 12 22 22 25 40 14 31 22 14 19 30 32 39 13 23 28 34 35 36 13 21 23 20 18 11 24 26 19 33 30 11 11 25 15 16 37 30 26 19 33 32 19 39 13 16 36 31 23 31 25 14 30 39 22 20 22 15 12 26 20 13 34 31 40 26 35 14 32 23 35 11 32 32 18 13 17 17 20 23 30 30 34 40 14 21 26 37 30 37 29 39 16 16 17 28 11 29 24 38 36 15 20 36 33 16 14 14 22 25 26 34 18 15 14 20 32 15 23 12 30 27 24 35 30 38 27 14 20 19 29 36 17 24 13 13 39 22 12 25 38 11 23 29 37 16 18 36 30 30 24 25 23 36 19 34 27 11 18 26 40 39 28 30 34 28 40 25 26 17 22 30 14 15 24 28 26 31 22 32 11 16 11 40 39 36 39 29 15 38 29 38 20 14 25 11 28 40 27 28 40 30 35 31 29 12 15 32 13 39 26 30 13 31 34 17 17 37 21 30 34 11 13 18 20 39 25 38 23 33 22 11 31 25 16 33 17 39 23 39 32 24 38 32 16 19 23 28 21 12 29 12 28 18 17 34 22 37 33 37 30 38 21 24 17 29 31 19 21 19 21 38 11 33 15 27 20 39 12 34 27 31 23 19 34 38 37 31 25 38 29 12 13 15 34 11 38 23 39 28 17 40 20 27 27 22 24 27 19 23 23 23 19 24 36 31 19 16 35 18 36 12 30 28 34 26 36 24 36 11 28 23 37 30 38 18 30 38 19 21 17 24 15 25 13 37 21 11 37 27 26 21 16 22 34 21 36 15 40 26 31 19 26 19 32 33 38 18 16 38 23 19 36 27 14 35 15 38 40 20
26 3 27 30 17 12 12 27 12 30 26 14 19 28 2 30 8 16 23 10 8 29 9 11 28 21 2 4 19 19 10 22 19 1 9 15 9 22 8 3 25 15 18 8 29 27 25 27 9 22 27 20 30 5 26 9 27 16 23 6 1 25 8 5 5 25 24 19 21 7 14 22 1 15 27 10 28 21 15 15 27 16 24 23 10 20 11 21 15 13 13 5 18 3 15 26 15 11 13 8 19 9 23 15 8 14 9 21 3 9 3 22 3 6 12 30 28 29 2 17 24 3 8 20 11 13 30 15 1 3 28 10 22 10 19 14 1 22 2 15 23 26 7 23 25 2 8 11 22 16 14 5 21 4 17 16 2 21 8 27 10 24 4 25 23 6 17 6 30 10 27 5 4 2 20 21 21 22 30 27 10 9 5 12 15 11 28 15 23 14 17 19 27 23 28 14 5 23 14 8 7 9 10 7 4 6 2 15 28 17 19 12 6 25 28 11 4 18 24 27 1 7 4 26 11 12 20 14 7 2 25 7 11 14 25 28 15 23 2 11 23 2 4 24 29 11 8 2 8 6 1 26 27 20 27 23 15 25 22 14 8 24 11 14 24 29 24 23 9 20 8 10 13 10 26 19 23 25 17 27 20 17 25 13 6 25 8 22 23 10 19 7 10 26 15 21 25 11 29 26 28 9 19 3 3 22 24 20 20 12 8 2 27 19 13 29 9 2 25 10 14 18 25 27 15 4 19 15 15 18 19 2 26 14 7 14 11 29 15 14 29 2 30 12 15 7 27 10 14 1 18 12 9 2 1 8 6 20 25 27 28 5 25 28 26 23 22 7 16 8 11 21 16 21 22 16 22 12 25 15 21 14 12 15 26 11 6 25 25 29 18 17 2 30 15 10 21 30 14 6 28 5 26 16 3 28 30 17 19 7 12 26 24 8 8 22 13 14 7 30 7 2 12 12 15 30 4 21 12 4 9 20 22 29 3 13 18 24 25 26 3 11 13 10 8 1 14 16 9 23 20 1 1 15 5 6 27 20 16 9 23 22 9 29 3 6 26 21 13 21 15 4 20 29 12 10 12 5 2 16 10 3 24 21 30 16 25 4 22 13 25 1 22 22 8 3 7 7 10 13 20 20 24 30 4 11 16 27 20 27 19 29 6 6 7 18 1 19 14 28 26 5 10 26 23 6 4 4 12 15 16 24 8 5 4 10 22 5 13 2 20 17 14 25 20 28 17 4 10 9 19 26 7 14 3 3 29 12 2 15 28 1 13 19 27 6 8 26 20 20 14 15 13 26 9 24 17 1 8 16 30 29 18 20 24 18 30 15 16 7 12 20 4 5 14 18 16 21 12 22 1 6 1 30 29 26 29 19 5 28 19 28 10 4 15 1 18 30 17 18 30 20 25 21 19 2 5 22 3 29 16 20 3 21 24 7 7 27 11 20 24 1 3 8 10 29 15 28 13 23 12 1 21 15 6 23 7 29 13 29 22 14 28 22 6 9 13 18 11 2 19 2 18 8 7 24 12 27 23 27 20 28 11 14 7 19 21 9 11 9 11 28 1 23 5 17 10 29 2 24 17 21 13 9 24 28 27 21 15 28 19 2 3 5 24 1 28 13 29 18 7 30 10 17 17 12 14 17 9 13 13 13 9 14 26 21 9 6 25 8 26 2 20 18 24 16 26 14 26 1 18 13 27 20 28 8 20 28 9 11 7 14 5 15 3 27 11 1 27 17 16 11 6 12 24 11 26 5 30 16 21 9 16 9 22 23 28 8 6 28 13 9 26 17 4 25 5 28 30 10
3 13 8
779 337 191 401 234 12 1 554
1 14 3
54 375 522
0 16 3
143 233 577
2 18 3
129 486 141
1 8 7
379 687 138 765 331 647 696
3 11 9
770 240 164 489 446 241 676 610 232
6 13 12
176 767 663 102 362 321 182 78 50 744 84 414
2 9 5
301 783 42 316 572
1 9 6
416 239 657 588 698 91
1 6 11
296 315 587 569 213 2 482 548 267 6 596
0 10 4
616 324 640 114
0 15 3
738 376 256
1 17 3
219 693 246
4 10 13
702 788 211 199 768 47 459 215 451 135 407 0 688
0 11 2
121 631
4 12 11
671 525 476 250 786 374 67 216 472 292 251
1 10 3
310 490 497
1 4 14
242 360 504 535 659 722 418 397 349 510 74 221 126 521
0 10 4
130 714 209 124
3 9 15
511 488 17 733 404 77 339 148 438 51 311 645 168 468 261
0 19 1
661
2 16 3
605 782 286
3 12 11
169 634 80 210 93 205 623 53 478 606 568
2 8 8
711 741 162 430 118 437 745 155
7 12 12
428 36 584 658 579 732 399 308 269 791 327 581
2 8 11
409 678 305 709 717 682 104 533 167 45 136
2 10 10
161 285 772 295 26 117 122 664 449 163
0 15 2
442 154
5 11 11
719 567 385 466 134 203 43 197 787 264 273
1 10 5
726 183 505 260 571
1 7 11
494 426 355 137 545 690 15 667 227 406 746
2 14 4
272 750 452 87
3 13 7
373 563 558 553 668 193 186
1 20 4
580 149 481 573
2 7 13
369 619 280 485 492 334 448 643 653 420 342 629 650
0 14 3
559 456 589
1 17 5
673 323 502 365 405
1 5 11
283 144 345 633 276 670 479 383 519 348 701
1 6 11
740 7 555 453 259 761 660 268 443 394 41
1 5 9
157 540 648 351 781 728 204 99 550
3 12 11
672 181 393 146 797 618 503 258 111 537 8
2 15 5
586 225 320 83 388
0 10 3
798 90 410
1 10 5
692 487 686 128 329
0 11 4
748 372 198 174
2 14 5
544 508 424 113 532
2 5 12
70 156 395 656 190 303 411 759 14 471 147 630
0 9 3
18 590 159
1 5 13
223 720 611 172 500 179 279 165 177 60 142 613 37
2 7 9
799 319 674 515 63 615 16 151 389
0 8 4
727 391 530 300
0 3 12
598 625 574 576 763 266 217 160 271 718 185 543
2 9 10
341 48 483 20 115 628 683 306 496 340
0 6 4
518 368 609 228
1 6 10
646 593 547 288 133 370 632 318 666 565
0 8 3
755 328 607
4 9 14
178 253 599 403 469 655 441 644 514 291 710 680 608 382
2 9 8
263 425 356 354 627 689 417 152
2 13 6
294 187 173 707 531 32
0 6 8
699 180 529 378 49 526 275 464
1 5 3
206 444 654
0 9 3
651 46 38
2 13 6
408 207 677 313 427 513
5 12 11
499 106 322 730 302 685 243 330 585 749 470
3 8 7
796 59 29 34 212 641 635
0 3 11
57 445 752 789 277 549 415 343 387 326 22
1 9 7
314 72 73 107 429 366 564
2 11 7
364 377 708 396 402 170 455
1 7 9
697 132 238 270 97 88 557 542 601
2 13 6
284 637 757 278 583 119
1 9 3
777 192 171
1 7 9
353 480 201 65 381 98 560 11 715
2 12 5
33 304 361 575 255
0 10 2
541 108
1 10 6
281 460 762 140 775 312
4 11 9
731 776 112 665 347 792 145 101 597
5 13 12
317 662 725 89 684 265 617 371 595 614 131 780
0 4 10
774 517 604 68 694 352 299 230 734 784
1 7 11
454 13 512 249 23 551 350 120 400 603 602
0 12 3
76 561 85
2 13 7
756 539 706 700 58 773 66
3 12 7
447 462 754 21 336 247 458
3 12 8
235 729 123 527 25 175 95 220
1 5 10
716 257 245 594 433 412 491 422 523 691
3 14 6
413 298 465 188 254 127
4 12 11
116 793 713 79 208 274 769 109 570 520 431
0 15 1
695
1 12 4
282 28 495 200
0 7 3
477 125 62
1 15 5
758 380 237 92 236
0 8 3
736 71 669
0 30 2
484 3
2 21 1
4
1 11 1
5
1 35 1
9
3 20 1
10
1 15 1
19
2 15 1
24
1 14 1
27
5 26 1
30
1 14 1
31
2 13 1
35
1 24 1
39
2 26 1
40
1 20 1
44
2 21 2
52 463
2 17 1
55
3 15 1
56
3 31 1
61
2 19 1
64
3 18 1
69
1 20 1
75
3 23 1
81
3 17 1
82
1 14 1
86
3 16 1
94
1 18 1
96
3 19 1
100
1 21 1
103
3 21 1
105
5 24 1
110
1 22 1
139
2 14 1
150
5 24 1
153
1 8 2
158 297
1 24 1
166
1 17 1
184
1 16 1
189
3 22 1
194
3 29 1
195
3 28 1
196
3 21 1
202
2 10 1
214
3 29 1
218
3 17 1
222
1 11 2
224 747
2 12 1
226
2 22 1
229
1 15 1
231
3 25 1
244
2 18 1
248
2 18 1
252
1 20 1
262
1 9 1
287
4 27 1
289
2 22 1
290
3 22 1
293
3 22 1
307
1 15 1
309
1 18 1
325
4 20 1
332
2 20 1
333
6 26 1
335
1 17 1
338
2 14 1
344
1 19 1
346
6 24 1
357
1 22 1
358
3 22 1
359
3 27 1
363
4 18 1
367
3 22 1
384
2 27 1
386
1 17 1
390
4 28 1
392
2 19 1
398
3 17 1
419
4 19 1
421
1 16 1
423
5 24 1
432
4 21 1
434
1 18 1
435
1 13 1
436
2 18 1
439
2 14 1
440
2 18 1
450
2 13 1
457
1 9 1
461
1 19 1
467
3 20 1
473
2 17 1
474
5 20 1
475
3 23 1
493
1 17 1
498
2 20 1
501
1 8 1
506
1 29 1
507
2 16 1
509
4 25 1
516
1 30 1
524
2 21 1
528
4 17 1
534
3 13 1
536
4 15 1
538
1 12 1
546
1 13 1
552
1 23 1
556
1 28 1
562
5 24 1
566
2 13 1
578
2 24 1
582
1 21 1
591
1 12 1
592
3 22 1
600
4 24 1
612
2 17 1
620
2 14 1
621
3 24 1
622
2 20 1
624
1 23 1
626
3 27 1
636
3 35 1
638
2 17 1
639
1 16 1
642
3 18 1
649
2 13 1
652
3 22 1
675
3 29 1
679
1 50 1
681
1 19 1
703
1 26 1
704
2 26 1
705
1 16 1
712
3 20 1
721
1 24 1
723
1 19 1
724
3 24 1
735
1 18 1
737
3 27 1
739
1 15 1
742
3 22 1
743
1 17 1
751
1 16 1
753
5 22 1
760
2 27 1
764
1 23 1
766
1 8 1
771
2 12 1
778
4 21 1
785
2 14 1
790
1 21 1
794
3 32 1
795
