300 146 465 20
34 35 21 30 36 32 28 17 30 32 25 16 23 19 14 15 33 12 14 33 25 28 34 18 30 32 28 27 20 18 39 15 35 22 18 27 28 27 15 11 12 18 22 14 19 17 11 16 27 30 11 32 27 23 38 34 30 39 34 21 35 24 23 39 13 31 37 33 40 11 12 37 36 18 29 15 12 17 21 26 25 33 23 21 36 14 23 22 30 26 30 35 38 35 14 26 36 33 19 33 29 40 12 17 17 16 37 28 28 40 20 12 16 16 36 18 31 29 25 16 15 30 24 40 23 27 21 20 38 17 12 19 21 22 22 29 35 25 19 28 19 13 36 20 34 27 26 34 13 13 17 38 37 11 12 13 29 40 25 16 31 13 29 40 23 16 11 26 32 17 17 22 34 22 24 21 29 25 25 40 14 40 29 36 13 15 24 39 14 16 20 11 13 40 40 40 21 15 25 36 16 15 24 28 19 27 33 16 18 26 27 18 13 35 16 17 33 23 33 21 17 30 26 27 24 20 11 39 36 24 17 23 34 37 27 11 12 40 19 35 37 36 12 29 36 29 28 11 32 35 40 40 32 28 12 40 12 24 40 28 36 17 33 17 23 13 29 15 27 39 24 31 11 31 37 14 29 37 24 24 20 20 14 37 40 38 13 20 11 18 28 27 18 22 34 29 40 21 37 20
24 25 11 20 26 22 18 7 20 22 15 6 13 9 4 5 23 2 4 23 15 18 24 8 20 22 18 17 10 8 29 5 25 12 8 17 18 17 5 1 2 8 12 4 9 7 1 6 17 20 1 22 17 13 28 24 20 29 24 11 25 14 13 29 3 21 27 23 30 1 2 27 26 8 19 5 2 7 11 16 15 23 13 11 26 4 13 12 20 16 20 25 28 25 4 16 26 23 9 23 19 30 2 7 7 6 27 18 18 30 10 2 6 6 26 8 21 19 15 6 5 20 14 30 13 17 11 10 28 7 2 9 11 12 12 19 25 15 9 18 9 3 26 10 24 17 16 24 3 3 7 28 27 1 2 3 19 30 15 6 21 3 19 30 13 6 1 16 22 7 7 12 24 12 14 11 19 15 15 30 4 30 19 26 3 5 14 29 4 6 10 1 3 30 30 30 11 5 15 26 6 5 14 18 9 17 23 6 8 16 17 8 3 25 6 7 23 13 23 11 7 20 16 17 14 10 1 29 26 14 7 13 24 27 17 1 2 30 9 25 27 26 2 19 26 19 18 1 22 25 30 30 22 18 2 30 2 14 30 18 26 7 23 7 13 3 19 5 17 29 14 21 1 21 27 4 19 27 14 14 10 10 4 27 30 28 3 10 1 8 18 17 8 12 24 19 30 11 27 10
0 14 2
244 80
2 12 5
227 82 248 208 204
2 11 5
213 69 293 140 287
0 15 2
0 215
1 16 4
160 251 109 297
1 17 4
65 249 127 1
0 9 2
61 78
0 22 1
26
3 11 5
118 189 46 138 241
1 22 2
255 177
1 13 3
97 298 253
1 13 4
216 33 93 90
0 14 1
37
2 19 4
9 152 235 264
0 16 2
92 51
0 16 1
125
0 11 2
173 41
0 17 2
172 290
0 9 3
86 4 184
0 10 3
76 28 273
0 11 3
47 209 192
0 18 3
269 8 239
1 22 2
274 205
1 20 3
221 30 134
3 11 6
145 38 48 276 34 79
2 14 4
147 279 212 229
1 7 6
263 211 11 115 260 271
4 15 6
114 151 42 14 170 162
1 14 3
294 246 64
3 11 6
44 52 299 199 203 201
1 19 2
108 237
2 8 4
116 77 267 110
0 10 2
232 258
2 17 4
15 35 168 57
0 5 2
150 148
1 12 4
19 39 266 142
0 8 1
210
0 19 1
139
2 10 4
247 141 296 133
1 9 5
159 223 202 217 231
0 13 2
259 53
0 10 2
126 95
1 18 3
195 280 157
0 8 3
186 132 135
0 8 3
146 234 207
1 9 2
169 270
0 17 2
73 84
0 7 3
100 171 261
0 9 5
174 89 50 181 178
0 13 2
98 196
0 14 3
206 91 85
0 16 1
284
0 12 2
75 58
1 12 3
70 257 123
2 9 3
226 143 21
0 7 4
164 83 282 220
2 10 6
289 155 236 136 233 256
0 16 1
185
0 11 3
5 131 281
2 7 4
119 286 218 180
1 18 4
68 36 165 144
1 7 3
154 130 122
0 9 2
102 124
1 8 3
49 112 18
0 8 5
238 27 24 166 187
0 14 2
224 96
1 14 4
43 252 188 268
0 18 1
107
1 10 3
265 32 111
1 14 3
2 242 250
0 16 2
101 254
1 10 3
190 277 161
0 9 4
63 153 295 56
1 13 4
245 117 121 158
1 26 1
3
1 30 1
6
1 20 1
7
1 21 1
10
1 25 1
12
3 15 1
13
2 24 1
16
2 16 1
17
1 33 1
20
1 33 1
22
1 22 1
23
2 25 1
25
1 29 1
29
1 18 1
31
1 25 1
40
3 22 1
45
1 30 1
54
1 22 1
55
1 36 1
59
1 23 1
60
1 23 1
62
1 30 1
66
1 31 1
67
1 25 1
71
1 25 1
72
1 30 1
74
2 21 1
81
1 23 1
87
2 16 1
88
2 27 1
94
1 25 1
99
1 20 1
103
1 29 1
104
1 23 1
105
1 36 1
106
1 19 1
113
1 16 1
120
1 23 1
128
1 20 1
129
1 19 1
137
3 22 1
149
2 27 1
156
1 18 1
163
2 27 1
167
1 24 1
175
1 22 1
176
1 25 1
179
1 24 1
182
1 27 1
183
1 23 1
191
2 33 1
193
1 23 1
194
1 21 1
197
2 20 1
198
2 36 1
200
1 27 1
214
1 26 1
219
1 23 1
222
1 32 1
225
2 27 1
228
1 25 1
230
1 26 1
240
1 32 1
243
2 22 1
262
2 17 1
272
1 26 1
275
1 21 1
278
2 23 1
283
1 24 1
285
1 12 1
288
1 24 1
291
1 27 1
292
