300 139 465 2
29 19 32 37 18 12 20 36 21 18 28 30 40 19 18 11 30 39 12 12 27 12 27 12 16 27 34 23 18 12 15 32 25 34 31 11 18 33 33 39 34 28 20 37 36 21 37 27 22 22 12 13 15 28 25 39 33 15 12 32 14 38 15 25 21 32 28 14 35 13 18 17 16 34 31 12 14 25 32 31 35 31 34 36 26 31 16 19 39 27 13 32 11 28 40 16 21 17 14 30 22 24 20 34 24 29 26 19 25 32 38 38 20 23 30 24 24 39 38 23 27 25 24 11 26 14 27 38 37 21 16 35 29 20 27 28 31 33 28 28 11 29 20 26 33 18 30 40 21 23 14 38 36 26 32 21 19 37 23 11 12 16 30 12 38 34 39 31 19 33 27 24 22 25 21 33 15 26 37 34 30 12 14 35 16 23 27 17 25 17 21 31 34 23 26 13 26 17 40 23 20 29 28 21 11 36 33 32 24 27 35 29 22 15 25 16 25 32 17 24 26 37 33 33 32 31 20 20 25 38 16 22 35 24 12 16 12 25 13 23 36 34 34 32 24 17 40 31 27 22 25 38 24 16 21 36 22 28 24 33 32 39 20 40 35 28 13 32 13 15 18 23 33 38 29 13 24 25 16 22 28 20 39 18 38 14 37 39 35 21 35 13 21 40 14 38 27 33 31 22
19 9 22 27 8 2 10 26 11 8 18 20 30 9 8 1 20 29 2 2 17 2 17 2 6 17 24 13 8 2 5 22 15 24 21 1 8 23 23 29 24 18 10 27 26 11 27 17 12 12 2 3 5 18 15 29 23 5 2 22 4 28 5 15 11 22 18 4 25 3 8 7 6 24 21 2 4 15 22 21 25 21 24 26 16 21 6 9 29 17 3 22 1 18 30 6 11 7 4 20 12 14 10 24 14 19 16 9 15 22 28 28 10 13 20 14 14 29 28 13 17 15 14 1 16 4 17 28 27 11 6 25 19 10 17 18 21 23 18 18 1 19 10 16 23 8 20 30 11 13 4 28 26 16 22 11 9 27 13 1 2 6 20 2 28 24 29 21 9 23 17 14 12 15 11 23 5 16 27 24 20 2 4 25 6 13 17 7 15 7 11 21 24 13 16 3 16 7 30 13 10 19 18 11 1 26 23 22 14 17 25 19 12 5 15 6 15 22 7 14 16 27 23 23 22 21 10 10 15 28 6 12 25 14 2 6 2 15 3 13 26 24 24 22 14 7 30 21 17 12 15 28 14 6 11 26 12 18 14 23 22 29 10 30 25 18 3 22 3 5 8 13 23 28 19 3 14 15 6 12 18 10 29 8 28 4 27 29 25 11 25 3 11 30 4 28 17 23 21 12
0 11 2
13 169
1 5 4
213 52 60 28
2 7 4
248 227 275 163
0 6 4
249 58 44 197
1 12 3
23 142 146
1 16 2
162 209
2 12 5
141 16 253 161 47
0 15 1
88
2 20 5
273 43 34 123 240
0 13 3
109 82 69
0 10 2
8 0
1 17 3
222 94 174
1 11 4
116 99 281 91
2 11 3
269 46 195
0 26 1
3
0 12 3
205 50 241
0 15 2
37 270
2 17 5
280 226 17 80 158
1 15 5
258 45 56 261 183
1 11 3
196 107 246
0 11 2
112 212
2 13 4
62 104 247 105
1 11 3
89 277 22
1 24 2
201 147
3 6 5
238 19 5 159 139
1 19 3
136 263 73
3 11 6
59 137 4 239 156 29
0 7 3
70 225 230
0 15 3
26 206 271
0 14 1
297
1 15 3
145 98 198
2 12 5
31 27 296 129 130
2 7 5
231 187 216 95 42
0 21 2
157 124
0 19 1
79
0 7 5
143 291 184 36 237
1 10 5
234 286 126 113 283
1 11 5
18 257 288 236 244
0 16 2
122 221
0 21 2
290 10
1 10 5
84 264 115 57 117
0 11 3
150 155 2
0 21 1
128
0 6 4
101 194 133 176
0 7 5
9 223 266 135 218
1 9 5
232 138 114 285 235
0 8 4
190 121 279 7
1 25 2
260 127
1 11 4
250 78 40 65
0 10 3
210 15 164
1 14 2
179 215
1 13 3
106 191 202
1 17 3
151 140 175
1 14 3
66 134 41
3 20 5
24 293 132 295 85
0 8 3
172 208 298
0 10 2
245 119
0 13 3
81 38 33
0 10 3
75 149 256
0 9 4
14 287 61 125
1 14 3
233 39 219
1 11 3
171 77 182
0 19 1
55
1 12 2
199 204
0 14 3
30 102 251
1 8 4
25 35 100 87
0 25 2
68 83
0 20 1
229
0 13 2
11 274
0 10 2
186 214
0 10 4
200 63 289 131
0 25 2
152 166
2 11 4
6 49 252 177
1 13 3
188 53 211
1 19 1
1
1 27 1
12
1 28 1
20
1 20 1
21
1 12 1
32
2 21 1
48
1 13 1
51
1 19 1
54
3 25 1
64
2 35 1
67
2 39 1
71
1 24 1
72
1 23 1
74
1 33 1
76
2 22 1
86
1 20 1
90
2 16 1
92
1 28 1
93
1 37 1
96
1 27 1
97
2 26 1
103
1 46 1
108
1 23 1
110
1 40 1
111
3 26 1
118
1 40 1
120
1 31 1
144
1 33 1
148
1 25 1
153
1 27 1
154
1 24 1
160
1 24 1
165
1 37 1
167
1 34 1
168
1 18 1
170
2 37 1
173
1 31 1
178
1 39 1
180
1 29 1
181
2 24 1
185
1 27 1
189
1 30 1
192
1 27 1
193
2 23 1
203
1 27 1
207
2 24 1
217
1 17 2
220 259
1 24 1
224
1 36 1
228
1 25 1
242
2 17 1
243
1 19 1
254
1 39 1
255
1 24 1
262
2 21 1
265
1 29 1
267
1 24 1
268
2 24 1
272
1 23 1
276
2 22 1
278
1 26 1
282
2 25 1
284
1 14 1
292
1 22 1
294
1 16 1
299
