700 220 1085 4
19 22 23 32 34 32 32 33 28 35 35 38 17 36 35 24 33 19 17 14 20 34 23 36 39 31 34 38 37 14 18 17 39 23 18 22 34 32 34 35 27 40 11 24 22 14 11 35 35 13 22 18 27 25 36 27 38 13 32 29 27 34 21 38 29 13 13 11 27 26 11 14 17 14 38 23 21 11 32 14 30 32 22 17 11 19 13 40 21 31 33 24 15 15 28 22 27 39 30 38 33 27 26 25 17 14 14 35 36 36 15 30 27 38 32 24 30 32 19 24 35 26 20 32 11 20 37 31 22 12 15 17 37 17 39 39 39 23 28 31 33 16 30 15 39 17 39 22 13 11 20 18 31 31 23 18 26 13 34 36 21 29 32 27 33 40 16 28 29 17 19 32 33 17 17 15 28 20 39 17 27 13 15 20 28 29 27 21 12 19 17 11 24 17 16 19 14 34 27 39 14 15 28 25 35 34 12 13 20 24 19 35 25 13 37 32 40 23 34 34 31 39 27 37 22 18 15 38 28 29 15 13 36 21 30 24 38 12 17 38 25 15 34 31 26 17 32 11 34 35 21 35 14 27 33 18 33 39 18 21 22 38 34 30 36 40 36 40 25 29 20 13 19 15 15 28 35 32 25 21 24 29 12 19 35 31 40 29 21 32 30 24 30 21 12 18 20 17 11 36 27 31 29 25 23 37 29 24 28 29 13 21 31 14 11 16 17 19 14 24 35 24 23 36 14 13 12 35 36 32 14 38 14 36 13 35 24 21 19 15 38 27 35 17 12 33 20 20 26 40 11 36 15 31 22 32 21 38 13 30 25 27 27 40 35 13 30 40 37 37 38 31 20 30 26 31 27 27 23 32 27 15 21 20 22 34 30 35 28 25 37 38 30 31 13 28 34 40 36 15 29 24 38 26 19 23 38 12 38 18 22 27 30 40 33 13 24 35 12 20 11 19 15 39 15 32 34 17 31 30 35 29 39 33 39 13 15 21 17 40 28 33 26 22 26 24 19 33 28 34 32 35 39 25 25 11 17 25 13 38 18 13 23 31 17 38 37 18 28 13 23 23 33 19 29 16 28 38 28 39 15 18 24 19 27 31 28 14 39 32 23 36 24 39 32 12 17 28 22 21 11 31 31 40 26 17 31 19 19 20 17 31 17 26 17 12 31 15 28 39 37 21 16 16 19 19 32 28 24 33 39 22 24 24 22 12 24 29 38 18 29 11 24 27 20 12 11 14 26 23 14 13 38 26 40 39 30 22 22 38 35 20 34 32 19 35 17 24 29 25 26 39 11 24 24 40 13 38 32 20 18 14 31 24 27 32 14 11 40 17 21 27 19 31 17 35 40 35 32 25 14 15 13 26 40 28 27 40 29 22 11 25 29 32 13 25 24 34 30 35 16 37 26 34 21 28 40 35 17 38 23 29 18 14 14 38 17 36 23 13 33 22 21 28 24 25 24 36 30 19 18 19 28 18 13 18 26 12 15 28 33 17 31 21 23 21 37 17 26 32 40 40 39 20 40 24 16 17 20 40 11 35 21 15 26 21 20 15 40 11 19 14 11 40 18 40 38 38 39 39
9 12 13 22 24 22 22 23 18 25 25 28 7 26 25 14 23 9 7 4 10 24 13 26 29 21 24 28 27 4 8 7 29 13 8 12 24 22 24 25 17 30 1 14 12 4 1 25 25 3 12 8 17 15 26 17 28 3 22 19 17 24 11 28 19 3 3 1 17 16 1 4 7 4 28 13 11 1 22 4 20 22 12 7 1 9 3 30 11 21 23 14 5 5 18 12 17 29 20 28 23 17 16 15 7 4 4 25 26 26 5 20 17 28 22 14 20 22 9 14 25 16 10 22 1 10 27 21 12 2 5 7 27 7 29 29 29 13 18 21 23 6 20 5 29 7 29 12 3 1 10 8 21 21 13 8 16 3 24 26 11 19 22 17 23 30 6 18 19 7 9 22 23 7 7 5 18 10 29 7 17 3 5 10 18 19 17 11 2 9 7 1 14 7 6 9 4 24 17 29 4 5 18 15 25 24 2 3 10 14 9 25 15 3 27 22 30 13 24 24 21 29 17 27 12 8 5 28 18 19 5 3 26 11 20 14 28 2 7 28 15 5 24 21 16 7 22 1 24 25 11 25 4 17 23 8 23 29 8 11 12 28 24 20 26 30 26 30 15 19 10 3 9 5 5 18 25 22 15 11 14 19 2 9 25 21 30 19 11 22 20 14 20 11 2 8 10 7 1 26 17 21 19 15 13 27 19 14 18 19 3 11 21 4 1 6 7 9 4 14 25 14 13 26 4 3 2 25 26 22 4 28 4 26 3 25 14 11 9 5 28 17 25 7 2 23 10 10 16 30 1 26 5 21 12 22 11 28 3 20 15 17 17 30 25 3 20 30 27 27 28 21 10 20 16 21 17 17 13 22 17 5 11 10 12 24 20 25 18 15 27 28 20 21 3 18 24 30 26 5 19 14 28 16 9 13 28 2 28 8 12 17 20 30 23 3 14 25 2 10 1 9 5 29 5 22 24 7 21 20 25 19 29 23 29 3 5 11 7 30 18 23 16 12 16 14 9 23 18 24 22 25 29 15 15 1 7 15 3 28 8 3 13 21 7 28 27 8 18 3 13 13 23 9 19 6 18 28 18 29 5 8 14 9 17 21 18 4 29 22 13 26 14 29 22 2 7 18 12 11 1 21 21 30 16 7 21 9 9 10 7 21 7 16 7 2 21 5 18 29 27 11 6 6 9 9 22 18 14 23 29 12 14 14 12 2 14 19 28 8 19 1 14 17 10 2 1 4 16 13 4 3 28 16 30 29 20 12 12 28 25 10 24 22 9 25 7 14 19 15 16 29 1 14 14 30 3 28 22 10 8 4 21 14 17 22 4 1 30 7 11 17 9 21 7 25 30 25 22 15 4 5 3 16 30 18 17 30 19 12 1 15 19 22 3 15 14 24 20 25 6 27 16 24 11 18 30 25 7 28 13 19 8 4 4 28 7 26 13 3 23 12 11 18 14 15 14 26 20 9 8 9 18 8 3 8 16 2 5 18 23 7 21 11 13 11 27 7 16 22 30 30 29 10 30 14 6 7 10 30 1 25 11 5 16 11 10 5 30 1 9 4 1 30 8 30 28 28 29 29
2 9 8
236 636 375 189 574 483 535 344
2 13 5
488 437 17 300 639
2 10 5
531 283 513 582 461
0 18 1
312
2 11 5
591 64 484 673 584
0 23 1
14
4 15 8
663 689 370 562 322 249 152 559
0 4 11
315 151 620 198 9 183 586 675 156 317 305
0 9 1
304
2 19 5
227 68 425 7 6
1 24 2
184 216
2 9 8
389 150 173 163 589 218 599 631
1 9 9
641 400 206 672 55 442 577 346 652
1 17 4
80 108 536 452
4 14 8
501 58 102 430 188 79 567 27
4 13 10
11 250 587 696 397 444 128 492 242 13
1 9 6
324 32 200 351 395 329
3 9 7
20 602 84 522 601 646 594
3 17 6
670 157 334 297 202 199
5 13 10
263 180 607 78 690 23 667 278 654 524
3 9 11
194 239 359 176 460 609 383 37 83 657 225
2 9 10
101 24 125 287 306 393 35 121 311 558
0 4 11
132 288 555 230 405 573 364 557 499 51 100
3 9 9
471 254 517 627 147 421 129 611 606
0 6 5
66 217 195 496 269
3 10 9
590 111 261 303 533 65 12 82 664
0 7 4
142 62 440 410
0 15 3
485 248 233
0 9 4
467 691 130 391
0 8 4
382 569 50 94
1 6 5
139 279 487 155 181
1 17 3
348 201 257
0 5 6
237 642 187 25 386 333
1 11 4
274 598 623 676
3 15 7
541 453 493 538 296 153 340
1 11 5
88 678 619 5 537
2 13 6
290 212 379 96 275 4
2 7 11
75 52 268 596 648 105 162 433 482 204 185
1 14 4
97 411 363 408
1 8 7
422 561 622 473 511 399 116
0 5 9
466 446 451 450 46 674 338 149 161
2 9 10
330 228 568 600 387 530 415 635 542 146
0 6 6
523 350 103 138 595 373
0 9 5
518 426 449 87 284
1 8 9
277 158 251 134 616 190 358 520 294
2 7 11
390 438 61 660 605 256 86 15 455 603 209
2 10 9
168 681 114 255 597 328 643 339 191
3 11 10
110 131 41 396 470 472 3 112 677 651
0 11 2
630 592
4 13 11
545 632 434 464 53 495 668 685 205 167 398
0 6 8
367 246 519 265 223 441 293 28
1 20 2
443 563
1 12 4
684 280 341 177
2 8 10
435 508 260 447 694 115 179 56 477 570
5 10 10
475 478 354 384 428 247 336 220 392 608
0 16 1
319
2 11 10
468 439 583 33 427 307 366 679 171 521
5 13 10
699 588 431 241 661 170 469 91 388 494
4 13 7
581 210 565 136 365 638 376
4 17 9
615 178 107 349 612 133 624 361 165
0 9 2
266 572
1 12 2
291 332
4 14 9
154 625 649 372 604 47 245 637 39
4 8 11
548 98 509 224 656 401 326 416 175 436 271
3 15 8
144 314 234 459 310 253 516 240
3 9 9
655 498 270 36 207 417 653 665 474
2 10 6
160 347 282 38 534 650
2 8 4
566 514 16 456
0 7 2
169 510
1 11 7
127 695 302 353 166 423 489
0 15 3
219 193 140
2 10 9
659 610 197 413 458 550 123 69 298
3 8 9
546 394 229 273 385 276 343 634 258
0 4 7
578 295 457 525 576 159 244
2 8 6
143 118 43 31 580 196
1 7 8
113 89 148 231 579 463 285 272
1 10 5
117 644 81 186 527
0 9 4
42 553 418 182
0 17 3
74 141 335
2 17 5
211 60 77 432 490
1 19 2
454 414
2 9 5
213 26 692 252 292
0 11 5
10 448 503 360 337
3 12 8
67 8 682 369 238 2 500 48
0 8 7
29 377 345 380 286 504 621
2 8 13
323 497 645 698 18 666 76 628 419 613 262 226 626
0 6 7
356 203 90 145 539 309 481
3 17 1
0
3 20 1
1
1 11 1
19
3 17 1
21
1 15 1
22
1 20 1
30
1 29 1
34
3 17 1
40
3 26 1
44
1 33 1
45
2 15 1
49
1 29 1
54
2 21 1
57
1 20 1
59
2 29 1
63
1 13 1
70
3 23 1
71
4 24 1
72
3 18 1
73
3 19 1
85
5 24 1
92
2 16 1
93
1 20 1
95
2 15 1
99
4 26 1
104
3 22 1
106
3 15 1
109
1 23 1
119
3 24 1
120
3 22 1
122
3 18 1
124
3 20 1
126
6 28 1
135
1 19 1
137
2 18 1
164
1 15 1
172
2 32 1
174
1 16 1
192
3 27 1
208
1 22 1
214
3 17 1
215
3 17 1
221
1 21 1
222
2 28 1
232
1 18 1
235
1 20 1
243
1 24 1
259
1 27 1
264
5 25 1
267
1 22 1
281
2 16 1
289
1 11 1
299
3 17 1
301
1 18 1
308
1 21 1
313
3 26 1
316
1 36 1
318
3 21 1
320
2 22 1
321
5 22 1
325
3 28 1
327
1 27 1
331
1 15 1
342
2 29 1
352
1 13 1
355
4 18 1
357
1 20 1
362
3 17 1
368
1 40 1
371
5 18 1
374
2 20 1
378
2 22 1
381
1 15 1
402
2 33 1
403
1 18 1
404
1 22 1
406
1 21 1
407
1 23 1
409
1 19 1
412
3 21 1
420
3 26 1
424
2 25 1
429
5 26 1
445
3 19 1
462
5 23 1
465
1 20 1
476
5 26 1
479
1 20 1
480
4 25 1
486
1 20 1
491
3 20 1
502
1 22 1
505
5 22 1
506
1 13 1
507
1 19 1
512
2 18 1
515
3 19 1
526
1 18 1
528
3 24 1
529
1 20 1
532
1 16 1
540
1 14 1
543
3 28 1
544
1 22 1
547
2 25 1
549
3 20 1
551
3 19 1
552
1 18 1
554
1 20 1
556
1 14 1
560
4 28 1
564
4 22 1
571
3 34 1
575
2 22 1
585
1 14 1
593
1 15 1
614
5 20 1
617
3 22 1
618
3 25 1
629
2 19 1
633
1 15 1
640
2 22 1
647
3 25 1
658
1 16 1
662
4 19 1
669
2 21 1
671
1 8 1
680
4 19 1
683
4 26 1
686
1 20 1
687
4 21 1
688
1 22 1
693
2 22 1
697
