1000 304 1550 6
12 32 37 16 11 20 18 31 40 31 31 30 30 13 39 36 39 35 39 20 24 26 32 26 32 26 26 20 19 32 13 33 34 34 33 29 34 29 22 12 14 15 14 14 25 21 22 39 24 30 19 11 37 25 20 36 25 12 11 27 19 15 36 26 18 20 13 24 35 39 14 14 31 28 36 25 35 12 22 26 32 24 36 32 18 17 25 40 32 39 36 11 13 21 19 31 19 14 35 33 28 25 31 20 13 16 23 35 14 30 31 33 15 13 22 39 18 15 25 24 24 39 36 14 20 35 20 35 38 24 27 30 37 30 38 36 26 34 17 26 28 31 14 17 22 16 39 13 24 23 31 19 27 24 11 39 12 34 13 38 17 11 17 18 36 28 15 36 14 18 11 38 13 26 15 24 11 17 39 16 30 23 22 28 18 26 13 32 15 18 22 13 16 30 30 40 21 31 12 39 29 36 17 34 28 26 40 13 21 12 27 15 38 33 33 38 25 12 32 31 34 38 21 32 40 12 23 32 25 22 29 12 22 39 31 17 15 17 22 18 30 13 16 31 37 30 12 33 21 14 27 38 22 24 28 12 40 27 39 40 21 27 35 30 32 34 30 34 17 38 16 37 29 37 17 16 18 15 16 39 14 30 29 39 28 27 36 32 15 33 28 22 26 14 13 32 11 36 38 31 21 25 17 15 39 12 17 40 16 14 17 13 27 36 27 11 27 16 17 29 28 34 30 16 13 34 36 19 40 12 37 25 20 16 25 26 21 25 30 33 17 21 37 40 27 30 32 31 28 23 20 39 11 17 34 17 37 23 37 23 25 23 31 34 12 30 31 37 34 34 30 13 15 11 24 14 12 36 40 38 14 34 40 29 35 32 24 21 28 23 28 29 12 23 37 29 35 17 16 27 21 19 23 20 17 22 26 35 36 25 35 33 28 31 38 15 26 23 37 12 18 22 20 13 19 24 36 21 38 27 19 28 33 22 28 23 12 30 40 13 39 21 33 25 36 34 23 34 27 40 36 40 30 31 36 13 17 29 26 13 20 14 29 14 24 14 17 18 19 13 16 32 39 24 40 25 13 18 38 31 29 22 17 12 12 34 11 11 20 24 16 22 18 27 21 23 22 19 23 11 26 31 22 40 19 34 14 12 11 30 23 29 11 26 13 34 28 35 35 24 34 14 15 32 35 35 12 35 35 36 31 11 17 15 24 23 40 29 18 38 12 32 31 25 39 24 39 34 24 39 40 32 23 12 28 18 14 15 31 11 20 15 19 33 17 34 17 21 11 14 40 20 12 16 22 15 17 23 12 20 29 19 12 31 11 25 21 20 26 25 33 20 17 17 18 13 26 17 33 13 13 28 35 11 20 11 35 38 39 39 18 25 22 36 19 21 16 25 21 19 40 33 24 19 16 14 38 35 24 19 24 16 31 13 32 17 26 28 11 21 24 33 17 22 19 36 18 18 16 31 32 39 19 35 34 22 20 22 27 32 11 33 33 40 25 39 24 19 28 24 18 21 28 30 37 13 39 18 22 20 26 11 23 12 17 15 12 33 33 40 32 26 27 27 24 30 40 25 31 30 33 25 14 18 24 20 14 33 16 29 16 32 37 39 13 27 12 25 16 21 25 20 33 21 21 28 34 24 28 22 14 33 37 31 12 34 32 15 28 35 27 36 33 22 15 20 18 25 21 21 24 30 23 23 23 36 39 34 17 39 16 27 15 22 14 18 22 20 12 31 25 20 38 12 39 38 13 17 20 29 24 13 29 32 27 40 26 13 14 33 27 32 21 38 19 23 11 39 12 33 34 30 20 25 23 31 35 31 29 39 32 18 16 30 38 20 31 15 25 17 15 16 32 15 17 18 18 18 26 39 28 40 40 14 18 26 14 40 22 25 21 40 38 31 17 17 26 28 30 38 34 36 36 36 14 40 31 24 26 27 38 25 35 27 35 34 35 28 13 14 17 23 13 37 22 31 38 14 30 18 19 31 25 19 20 40 35 21 24 38 29 39 30 24 30 35 36 20 16 27 30 34 18 24 23 39 28 16 28 29 36 19 29 31 40 30 24 29 33 17 22 16 28 27 40 37 38 28 17 40 21 26 36 29 35 39 15 36 17 18 22 40 36 17 11 32 17 16 19 19 20 18 17 29 33 29 14 29 38 13 14 30 15 38 22 30 23 11 26 27 29 37 20 22 20 37 24 16 36 39 12 39 28 33 15 16 28 14 22 34 12 12 40 31 23 40 17 23 25 26
2 22 27 6 1 10 8 21 30 21 21 20 20 3 29 26 29 25 29 10 14 16 22 16 22 16 16 10 9 22 3 23 24 24 23 19 24 19 12 2 4 5 4 4 15 11 12 29 14 20 9 1 27 15 10 26 15 2 1 17 9 5 26 16 8 10 3 14 25 29 4 4 21 18 26 15 25 2 12 16 22 14 26 22 8 7 15 30 22 29 26 1 3 11 9 21 9 4 25 23 18 15 21 10 3 6 13 25 4 20 21 23 5 3 12 29 8 5 15 14 14 29 26 4 10 25 10 25 28 14 17 20 27 20 28 26 16 24 7 16 18 21 4 7 12 6 29 3 14 13 21 9 17 14 1 29 2 24 3 28 7 1 7 8 26 18 5 26 4 8 1 28 3 16 5 14 1 7 29 6 20 13 12 18 8 16 3 22 5 8 12 3 6 20 20 30 11 21 2 29 19 26 7 24 18 16 30 3 11 2 17 5 28 23 23 28 15 2 22 21 24 28 11 22 30 2 13 22 15 12 19 2 12 29 21 7 5 7 12 8 20 3 6 21 27 20 2 23 11 4 17 28 12 14 18 2 30 17 29 30 11 17 25 20 22 24 20 24 7 28 6 27 19 27 7 6 8 5 6 29 4 20 19 29 18 17 26 22 5 23 18 12 16 4 3 22 1 26 28 21 11 15 7 5 29 2 7 30 6 4 7 3 17 26 17 1 17 6 7 19 18 24 20 6 3 24 26 9 30 2 27 15 10 6 15 16 11 15 20 23 7 11 27 30 17 20 22 21 18 13 10 29 1 7 24 7 27 13 27 13 15 13 21 24 2 20 21 27 24 24 20 3 5 1 14 4 2 26 30 28 4 24 30 19 25 22 14 11 18 13 18 19 2 13 27 19 25 7 6 17 11 9 13 10 7 12 16 25 26 15 25 23 18 21 28 5 16 13 27 2 8 12 10 3 9 14 26 11 28 17 9 18 23 12 18 13 2 20 30 3 29 11 23 15 26 24 13 24 17 30 26 30 20 21 26 3 7 19 16 3 10 4 19 4 14 4 7 8 9 3 6 22 29 14 30 15 3 8 28 21 19 12 7 2 2 24 1 1 10 14 6 12 8 17 11 13 12 9 13 1 16 21 12 30 9 24 4 2 1 20 13 19 1 16 3 24 18 25 25 14 24 4 5 22 25 25 2 25 25 26 21 1 7 5 14 13 30 19 8 28 2 22 21 15 29 14 29 24 14 29 30 22 13 2 18 8 4 5 21 1 10 5 9 23 7 24 7 11 1 4 30 10 2 6 12 5 7 13 2 10 19 9 2 21 1 15 11 10 16 15 23 10 7 7 8 3 16 7 23 3 3 18 25 1 10 1 25 28 29 29 8 15 12 26 9 11 6 15 11 9 30 23 14 9 6 4 28 25 14 9 14 6 21 3 22 7 16 18 1 11 14 23 7 12 9 26 8 8 6 21 22 29 9 25 24 12 10 12 17 22 1 23 23 30 15 29 14 9 18 14 8 11 18 20 27 3 29 8 12 10 16 1 13 2 7 5 2 23 23 30 22 16 17 17 14 20 30 15 21 20 23 15 4 8 14 10 4 23 6 19 6 22 27 29 3 17 2 15 6 11 15 10 23 11 11 18 24 14 18 12 4 23 27 21 2 24 22 5 18 25 17 26 23 12 5 10 8 15 11 11 14 20 13 13 13 26 29 24 7 29 6 17 5 12 4 8 12 10 2 21 15 10 28 2 29 28 3 7 10 19 14 3 19 22 17 30 16 3 4 23 17 22 11 28 9 13 1 29 2 23 24 20 10 15 13 21 25 21 19 29 22 8 6 20 28 10 21 5 15 7 5 6 22 5 7 8 8 8 16 29 18 30 30 4 8 16 4 30 12 15 11 30 28 21 7 7 16 18 20 28 24 26 26 26 4 30 21 14 16 17 28 15 25 17 25 24 25 18 3 4 7 13 3 27 12 21 28 4 20 8 9 21 15 9 10 30 25 11 14 28 19 29 20 14 20 25 26 10 6 17 20 24 8 14 13 29 18 6 18 19 26 9 19 21 30 20 14 19 23 7 12 6 18 17 30 27 28 18 7 30 11 16 26 19 25 29 5 26 7 8 12 30 26 7 1 22 7 6 9 9 10 8 7 19 23 19 4 19 28 3 4 20 5 28 12 20 13 1 16 17 19 27 10 12 10 27 14 6 26 29 2 29 18 23 5 6 18 4 12 24 2 2 30 21 13 30 7 13 15 16
3 12 9
576 374 687 749 854 60 75 247 889
0 5 4
730 208 725 702
6 14 13
436 259 470 313 437 772 674 684 796 284 771 396 59
1 5 4
646 67 113 977
3 13 10
386 379 726 658 507 995 209 357 527 598
1 8 7
538 499 732 305 560 787 897
0 7 1
94
1 17 5
487 832 370 696 31
8 12 16
393 156 271 303 984 856 160 475 982 883 975 711 363 969 432 640
7 11 16
359 226 360 143 872 236 761 330 904 192 217 645 312 520 614 905
4 15 10
757 689 174 427 792 395 221 413 849 848
3 10 12
704 974 207 394 723 21 502 42 16 945 886 6
1 9 8
93 876 617 9 356 97 926 154
2 10 6
616 882 228 526 841 334
1 8 7
864 200 579 778 567 426 153
2 6 17
216 444 95 347 923 72 898 36 649 37 349 250 615 710 586 450 866
0 12 1
951
0 17 2
414 381
7 12 15
606 380 273 655 186 810 295 482 939 3 191 466 862 299 338
3 16 5
517 957 953 388 255
1 10 5
12 661 242 327 453
6 10 12
434 184 142 398 946 664 993 491 13 172 494 87
4 14 10
942 798 998 460 265 544 641 901 637 985
1 11 5
318 367 486 177 33
2 12 7
409 731 29 152 500 229 420
0 9 3
190 902 880
4 12 11
944 913 266 650 175 799 983 813 511 144 136
0 4 9
584 907 345 930 755 918 417 66 61
2 10 5
739 310 673 619 540
1 6 10
794 656 346 497 294 431 834 198 510 138
0 11 2
817 830
1 8 8
776 243 112 626 354 518 146 376
2 12 7
583 738 852 910 547 559 324
8 11 17
477 812 109 682 709 533 268 877 468 508 267 766 531 171 471 843 665
3 11 11
258 519 297 681 248 472 558 506 679 797 596
9 12 17
522 158 750 713 607 15 400 211 595 727 106 114 720 43 300 246 593
1 20 3
925 41 809
1 8 5
58 816 680 960 419
0 20 1
958
1 12 6
908 651 308 131 30 581
1 9 3
490 604 569
0 3 16
997 964 819 373 234 296 57 351 635 256 331 129 369 307 48 443
3 10 9
124 479 611 179 733 529 512 276 618
1 5 15
915 130 986 90 438 807 91 573 903 69 774 839 80 65 76
5 16 9
117 53 202 676 505 831 167 119 752
1 15 3
439 961 447
0 20 2
589 82
1 18 3
971 125 716
2 7 12
557 323 364 948 909 636 629 980 135 563 227 292
2 6 14
358 861 389 35 88 493 18 350 912 594 706 838 683 625
3 13 9
662 571 411 667 632 461 62 652 478
2 15 8
620 384 251 474 457 127 911 892
4 10 13
978 551 851 20 748 392 871 445 762 11 600 783 272
4 13 10
724 157 747 582 38 47 542 348 539 231
1 9 6
929 780 784 548 70 225
2 12 5
215 81 737 833 895
4 12 9
201 701 4 480 317 355 565 173 337
1 7 7
672 27 763 631 765 335 568
0 9 6
914 137 666 424 280 989
0 3 14
842 968 39 887 279 824 509 103 570 663 245 253 863 79
4 15 8
821 671 756 456 212 185 164 210
2 11 5
836 328 169 976 585
4 12 9
260 340 941 751 869 927 920 847 473
0 12 3
773 954 602
3 15 6
612 587 410 608 562 8
1 6 10
770 712 2 314 182 803 382 452 623 685
2 9 9
40 566 555 858 429 14 448 516 777
3 8 13
814 543 932 865 289 921 521 621 402 170 145 74 118
3 14 6
496 627 377 754 714 808
1 6 10
653 692 943 840 707 881 291 416 644 155
7 12 16
26 846 590 947 728 442 134 281 68 860 17 718 827 967 464 818
1 19 4
476 244 343 391
0 10 2
489 237
4 11 10
659 458 668 501 339 430 238 815 99 938
1 10 4
530 745 133 820
3 10 12
605 857 213 553 306 286 302 206 203 366 116 405
1 10 6
257 325 298 868 900 515
1 13 5
878 362 399 223 147
1 7 10
769 972 891 888 966 578 693 643 96 344
1 19 3
220 935 278
1 4 12
301 467 805 101 353 274 269 230 894 859 139 698
6 15 12
315 1 183 917 115 928 7 193 690 264 844 613
3 5 17
433 648 874 383 24 791 333 441 64 853 151 235 102 786 5 488 45
5 10 13
806 899 375 78 767 71 465 638 779 92 288 368 823
0 3 11
254 691 421 176 44 141 885 204 574 352 83
1 10 4
161 741 639 800
0 4 2
277 760
3 12 10
793 132 822 262 535 937 956 270 100 285
1 15 4
503 599 282 120
1 11 3
828 49 163
1 8 7
577 764 879 811 528 418 123
0 11 3
332 837 790
0 13 2
159 446
3 9 8
422 949 187 0 686 549 241 744
0 4 7
970 875 319 746 597 275 50
3 17 8
428 23 855 536 981 263 283 775
0 4 6
870 371 622 77 148 415
6 11 13
994 703 919 795 999 329 705 963 991 758 178 252 955
4 20 3
10 546 657
7 23 1
19
1 17 1
22
1 9 1
25
3 15 1
28
1 11 1
32
3 19 1
34
3 19 1
46
3 14 1
51
7 26 1
52
2 20 2
54 695
9 24 1
55
1 25 1
56
5 25 1
63
5 21 1
73
1 23 1
84
4 20 2
85 996
3 23 1
86
2 18 1
89
1 31 1
98
3 31 1
104
1 10 1
105
1 15 1
107
5 28 1
108
1 16 1
110
5 24 1
111
3 19 1
121
3 18 1
122
2 16 1
126
1 22 1
128
3 15 1
140
2 23 1
149
1 29 1
150
3 19 1
162
5 25 1
165
2 22 1
166
5 23 1
168
3 18 1
180
5 24 1
181
1 19 1
188
4 18 1
189
3 33 1
194
3 13 1
195
1 16 1
196
2 10 1
197
3 21 1
199
2 18 1
205
1 18 1
214
3 24 1
218
5 26 1
219
1 9 1
222
1 16 1
224
3 18 1
232
1 29 1
233
2 15 1
239
3 28 1
240
3 22 1
249
1 14 1
261
3 18 1
287
2 30 1
290
3 21 1
293
5 26 1
304
3 28 1
309
4 17 1
311
1 11 1
316
3 12 1
320
2 18 1
321
3 16 1
322
1 13 1
326
4 22 1
336
5 24 1
341
4 18 1
342
1 29 1
361
4 21 1
365
6 22 1
372
5 20 1
378
3 30 1
385
2 23 2
387 552
4 18 1
390
1 20 1
397
3 20 1
401
2 19 1
403
4 20 1
404
6 27 1
406
1 20 1
407
3 17 1
408
4 23 1
412
5 18 1
423
5 20 1
425
3 13 1
435
1 33 1
440
1 16 1
449
2 11 1
451
1 10 2
454 525
1 11 1
455
2 11 1
459
3 17 1
462
3 20 1
463
1 22 1
469
1 24 1
481
2 20 1
483
2 15 1
484
3 18 1
485
1 14 1
492
3 22 1
495
2 26 1
498
2 18 1
504
1 10 1
513
5 28 1
514
1 9 1
523
1 22 1
524
1 23 1
532
2 21 1
534
1 24 1
537
3 15 1
541
1 16 1
545
3 20 1
550
3 18 1
554
1 25 1
556
1 26 1
561
2 22 1
564
4 22 1
572
2 22 1
575
2 23 1
580
1 27 1
588
5 22 1
591
1 12 1
592
8 24 1
601
3 18 1
603
1 21 1
609
1 34 1
610
5 20 1
624
1 17 1
628
7 25 1
630
6 26 1
633
1 11 1
634
1 9 1
642
1 10 1
647
5 22 1
654
1 14 1
660
2 21 1
669
4 18 1
670
3 24 1
675
1 18 1
677
1 18 1
678
7 27 1
688
1 16 1
694
4 24 1
697
5 25 1
699
4 21 1
700
2 20 1
708
1 15 1
715
3 14 1
717
1 18 1
719
4 20 1
721
2 16 1
722
2 22 1
729
1 21 1
734
5 20 1
735
2 27 1
736
2 18 1
740
3 16 1
742
3 18 1
743
3 29 1
753
4 24 1
759
1 12 1
768
3 17 1
781
3 19 1
782
5 27 1
785
4 22 1
788
2 20 1
789
2 26 1
801
3 21 1
802
2 19 1
804
3 16 1
825
4 21 1
826
1 20 1
829
1 11 1
835
2 15 1
845
4 16 1
850
4 20 1
867
2 34 1
873
1 13 1
884
1 16 1
890
5 25 1
893
1 20 1
896
5 20 1
906
4 23 1
916
1 14 1
922
1 16 1
924
2 16 1
931
2 16 1
933
5 22 1
934
1 14 1
936
3 20 1
940
1 31 1
950
3 18 1
952
2 25 1
959
1 9 1
962
1 10 1
965
3 17 1
973
4 19 1
979
3 18 1
987
4 15 1
988
2 19 1
990
4 17 1
992
