1000 290 1550 67
25 27 25 35 13 36 27 15 36 16 16 28 13 18 27 21 17 26 31 24 39 38 36 33 27 21 11 11 28 38 33 38 22 17 38 33 23 31 28 22 27 35 14 31 19 32 18 20 12 26 14 35 20 38 40 20 32 14 28 36 31 16 23 18 23 38 12 16 39 28 26 36 27 14 33 39 21 18 37 21 12 11 32 26 14 24 40 22 16 25 38 16 18 28 40 16 36 22 22 34 21 38 35 23 19 24 27 17 14 11 22 28 13 38 36 36 12 14 40 12 30 18 34 35 24 38 12 18 28 36 30 38 13 32 21 19 20 19 20 35 25 24 22 27 28 39 11 20 38 20 17 25 37 22 32 25 12 17 15 14 33 22 13 28 14 19 34 37 12 25 17 23 30 22 37 26 21 32 31 23 13 37 35 17 18 36 36 25 20 35 30 31 18 15 14 12 31 40 17 37 29 32 39 37 34 16 18 17 22 18 11 15 35 26 20 29 40 25 21 35 13 27 20 15 28 32 29 40 17 13 12 37 20 20 25 37 25 18 13 22 18 29 38 13 33 13 29 36 38 24 33 19 26 15 16 34 19 17 15 33 16 19 18 33 36 21 26 27 22 12 37 34 26 21 37 30 24 19 38 34 38 21 33 16 29 38 40 29 17 35 35 11 32 19 12 22 17 17 23 27 22 32 12 39 28 25 32 11 18 36 39 32 21 23 15 22 27 21 35 12 29 40 39 40 14 27 17 34 28 14 30 27 15 11 12 39 17 18 31 15 37 38 27 30 25 17 35 12 28 35 28 20 16 32 17 19 25 22 38 40 22 23 29 24 37 14 29 40 40 29 36 26 22 23 35 34 17 12 18 25 33 12 23 13 40 33 19 36 40 38 31 11 19 13 14 29 38 22 16 32 26 40 11 20 22 12 36 15 28 11 22 25 26 17 27 17 28 35 25 17 36 17 38 26 16 18 39 29 16 29 23 38 14 27 15 13 13 26 24 35 40 33 36 35 14 37 12 28 22 31 40 24 39 33 17 31 40 27 24 11 37 13 31 22 39 40 31 19 17 28 12 24 30 37 28 16 22 22 27 35 27 24 33 38 27 27 31 29 33 32 25 31 27 17 24 31 40 22 39 20 19 37 28 22 11 28 37 34 31 25 14 26 14 37 23 29 11 36 12 13 13 20 15 14 25 14 38 35 28 21 25 11 22 16 23 40 27 37 33 30 30 14 36 35 23 14 25 27 15 40 28 24 25 22 20 21 25 23 34 38 16 29 26 23 31 28 35 33 20 14 37 28 36 13 32 14 13 21 26 26 27 20 25 19 23 36 34 15 38 23 28 28 27 16 32 12 22 33 35 23 30 25 37 26 38 23 30 16 21 31 40 36 35 17 17 14 23 27 38 15 30 18 16 18 39 21 19 37 34 17 22 12 24 11 13 33 28 39 25 19 37 14 32 17 39 11 16 27 19 17 21 15 36 38 34 40 23 33 21 14 32 21 26 12 35 20 20 30 18 25 14 32 15 15 20 31 38 40 39 29 27 19 37 29 30 11 20 27 37 25 31 26 27 17 19 15 35 16 22 19 39 37 38 21 13 31 18 30 24 18 36 25 32 23 27 34 35 33 32 14 31 14 29 32 21 15 40 35 26 18 19 25 25 11 13 35 34 20 22 37 39 30 11 34 19 30 40 23 18 13 36 22 31 30 37 17 17 23 39 13 24 14 25 40 18 37 11 31 19 30 29 32 26 24 37 15 29 34 27 23 29 29 20 32 38 32 25 21 38 25 22 39 14 33 28 27 28 37 12 35 17 16 35 22 27 35 21 21 23 25 36 19 36 36 26 37 14 23 16 21 33 29 12 20 40 17 21 25 17 24 18 36 14 28 38 19 13 22 29 36 36 19 25 32 13 11 33 17 27 37 11 37 15 28 25 34 40 24 20 26 21 23 24 27 19 27 40 20 38 27 16 19 34 38 39 19 12 34 16 16 38 12 19 18 22 21 15 28 12 17 13 40 16 40 37 13 22 20 24 17 27 37 29 38 25 32 26 24 33 19 29 17 26 38 28 16 40 13 16 29 38 28 29 28 13 23 15 11 17 14 34 14 33 37 20 40 28 20 38 21 16 16 19 12 14 13 32 32 20 38 13 25 38 26 24 27 34 14 15 29 34 40 11 38 33 21 40 26 33 32 11 25 38 36 25 13 31 11 19 33 14 33 21 33 22 12 12 28 17 36 12 24 29 39 26 25 22 37 28 36
15 17 15 25 3 26 17 5 26 6 6 18 3 8 17 11 7 16 21 14 29 28 26 23 17 11 1 1 18 28 23 28 12 7 28 23 13 21 18 12 17 25 4 21 9 22 8 10 2 16 4 25 10 28 30 10 22 4 18 26 21 6 13 8 13 28 2 6 29 18 16 26 17 4 23 29 11 8 27 11 2 1 22 16 4 14 30 12 6 15 28 6 8 18 30 6 26 12 12 24 11 28 25 13 9 14 17 7 4 1 12 18 3 28 26 26 2 4 30 2 20 8 24 25 14 28 2 8 18 26 20 28 3 22 11 9 10 9 10 25 15 14 12 17 18 29 1 10 28 10 7 15 27 12 22 15 2 7 5 4 23 12 3 18 4 9 24 27 2 15 7 13 20 12 27 16 11 22 21 13 3 27 25 7 8 26 26 15 10 25 20 21 8 5 4 2 21 30 7 27 19 22 29 27 24 6 8 7 12 8 1 5 25 16 10 19 30 15 11 25 3 17 10 5 18 22 19 30 7 3 2 27 10 10 15 27 15 8 3 12 8 19 28 3 23 3 19 26 28 14 23 9 16 5 6 24 9 7 5 23 6 9 8 23 26 11 16 17 12 2 27 24 16 11 27 20 14 9 28 24 28 11 23 6 19 28 30 19 7 25 25 1 22 9 2 12 7 7 13 17 12 22 2 29 18 15 22 1 8 26 29 22 11 13 5 12 17 11 25 2 19 30 29 30 4 17 7 24 18 4 20 17 5 1 2 29 7 8 21 5 27 28 17 20 15 7 25 2 18 25 18 10 6 22 7 9 15 12 28 30 12 13 19 14 27 4 19 30 30 19 26 16 12 13 25 24 7 2 8 15 23 2 13 3 30 23 9 26 30 28 21 1 9 3 4 19 28 12 6 22 16 30 1 10 12 2 26 5 18 1 12 15 16 7 17 7 18 25 15 7 26 7 28 16 6 8 29 19 6 19 13 28 4 17 5 3 3 16 14 25 30 23 26 25 4 27 2 18 12 21 30 14 29 23 7 21 30 17 14 1 27 3 21 12 29 30 21 9 7 18 2 14 20 27 18 6 12 12 17 25 17 14 23 28 17 17 21 19 23 22 15 21 17 7 14 21 30 12 29 10 9 27 18 12 1 18 27 24 21 15 4 16 4 27 13 19 1 26 2 3 3 10 5 4 15 4 28 25 18 11 15 1 12 6 13 30 17 27 23 20 20 4 26 25 13 4 15 17 5 30 18 14 15 12 10 11 15 13 24 28 6 19 16 13 21 18 25 23 10 4 27 18 26 3 22 4 3 11 16 16 17 10 15 9 13 26 24 5 28 13 18 18 17 6 22 2 12 23 25 13 20 15 27 16 28 13 20 6 11 21 30 26 25 7 7 4 13 17 28 5 20 8 6 8 29 11 9 27 24 7 12 2 14 1 3 23 18 29 15 9 27 4 22 7 29 1 6 17 9 7 11 5 26 28 24 30 13 23 11 4 22 11 16 2 25 10 10 20 8 15 4 22 5 5 10 21 28 30 29 19 17 9 27 19 20 1 10 17 27 15 21 16 17 7 9 5 25 6 12 9 29 27 28 11 3 21 8 20 14 8 26 15 22 13 17 24 25 23 22 4 21 4 19 22 11 5 30 25 16 8 9 15 15 1 3 25 24 10 12 27 29 20 1 24 9 20 30 13 8 3 26 12 21 20 27 7 7 13 29 3 14 4 15 30 8 27 1 21 9 20 19 22 16 14 27 5 19 24 17 13 19 19 10 22 28 22 15 11 28 15 12 29 4 23 18 17 18 27 2 25 7 6 25 12 17 25 11 11 13 15 26 9 26 26 16 27 4 13 6 11 23 19 2 10 30 7 11 15 7 14 8 26 4 18 28 9 3 12 19 26 26 9 15 22 3 1 23 7 17 27 1 27 5 18 15 24 30 14 10 16 11 13 14 17 9 17 30 10 28 17 6 9 24 28 29 9 2 24 6 6 28 2 9 8 12 11 5 18 2 7 3 30 6 30 27 3 12 10 14 7 17 27 19 28 15 22 16 14 23 9 19 7 16 28 18 6 30 3 6 19 28 18 19 18 3 13 5 1 7 4 24 4 23 27 10 30 18 10 28 11 6 6 9 2 4 3 22 22 10 28 3 15 28 16 14 17 24 4 5 19 24 30 1 28 23 11 30 16 23 22 1 15 28 26 15 3 21 1 9 23 4 23 11 23 12 2 2 18 7 26 2 14 19 29 16 15 12 27 18 26
3 14 7
754 342 757 243 40 60 841
1 12 6
758 442 564 744 641 773
5 11 13
12 44 287 679 775 266 538 739 959 874 926 602 317
0 15 3
604 590 601
2 17 6
87 452 479 154 161 31
1 15 4
292 123 962 504
2 17 6
155 540 561 585 745 137
7 11 15
645 644 226 134 673 110 806 449 687 544 849 328 126 734 636
1 6 9
792 218 572 237 890 233 825 715 905
6 11 12
365 832 399 433 280 786 423 875 519 683 308 146
1 8 8
374 23 910 937 930 216 815 122
0 3 2
816 347
0 8 3
951 861 58
0 8 3
592 759 408
0 2 11
964 925 318 253 918 802 708 838 974 229 19
0 5 2
510 432
0 5 9
976 936 370 582 102 831 416 398 541
5 10 18
35 609 213 2 700 971 961 48 112 147 206 726 719 621 651 596 429 774
1 5 13
735 355 941 368 324 525 618 498 670 557 660 611 391
0 6 6
896 271 430 7 622 817
2 13 5
74 929 768 97 402
1 4 16
463 76 787 332 435 637 307 770 671 813 290 969 26 668 828 725
0 7 1
444
0 5 2
454 928
3 12 7
259 857 796 764 348 798 96
3 6 18
516 771 6 289 605 567 436 392 577 952 223 302 532 837 329 85 818 614
3 7 13
778 661 90 204 414 709 587 943 363 904 965 591 809
7 14 13
893 250 11 854 667 663 656 741 425 791 239 224 692
0 5 4
631 64 249 934
2 6 4
230 512 958 751
4 8 15
38 351 207 208 401 210 352 373 680 822 61 954 448 848 190
1 10 5
311 914 385 179 380
3 16 6
1 686 335 135 526 988
3 10 9
39 866 888 530 846 194 531 70 588
0 19 1
465
5 16 10
955 850 989 640 165 354 718 468 346 705
0 3 12
756 144 485 333 151 811 245 547 481 746 560 750
3 10 9
67 383 944 884 173 788 84 509 353
4 12 11
658 338 277 761 158 197 652 499 717 789 689
2 7 9
257 882 480 105 699 613 990 691 810
1 5 11
897 647 724 688 344 581 71 513 870 901 377
1 15 4
49 437 159 389
6 10 17
869 865 272 62 868 885 606 396 484 148 27 415 966 246 808 674 753
4 13 10
88 293 935 182 800 807 141 301 475 784
2 7 12
546 523 304 632 922 33 263 690 240 950 14 873
0 16 1
152
2 10 8
968 659 957 127 508 66 742 103
2 14 4
404 845 549 412
5 14 10
983 284 836 794 52 69 551 300 83 701
2 11 7
24 755 909 228 431 330 109
3 14 7
902 298 584 920 740 193 819
0 11 3
65 150 876
4 9 16
195 130 998 203 737 542 73 177 321 698 514 30 282 86 451 211
4 10 14
357 685 721 727 747 862 51 839 776 278 627 381 143 752
3 6 16
167 29 172 823 82 881 723 413 970 366 326 503 706 469 79 136
2 11 10
232 128 422 903 797 394 41 785 595 256
0 10 3
711 132 297
6 15 13
153 379 515 349 624 598 731 157 743 336 115 225 852
7 13 15
628 991 994 99 665 500 736 669 996 492 863 891 386 878 799
0 18 2
653 199
0 3 12
973 821 793 681 529 907 675 327 490 212 695 260
3 6 17
254 829 16 630 426 77 833 634 987 997 169 748 411 522 537 493 202
4 14 9
782 859 160 860 371 22 63 98 201
5 12 13
104 676 655 21 455 949 714 106 476 406 181 899 59
1 11 3
291 133 502
0 16 3
728 947 445
0 6 4
643 369 121 801
5 15 10
473 384 517 447 625 309 68 345 111 827
0 13 1
556
0 4 10
889 390 932 388 361 594 78 682 871 339
2 6 14
92 834 772 149 482 864 702 693 183 887 251 664 842 269
2 9 8
804 536 145 101 940 985 313 603
3 9 13
980 696 779 4 945 295 872 343 583 575 268 956 81
2 6 15
184 36 457 323 608 599 729 460 992 306 458 91 438 835 612
4 10 9
275 55 562 521 270 858 569 188 166
0 26 2
489 535
2 11 6
273 946 879 942 844 915
6 12 20
486 241 892 164 434 303 219 919 129 441 877 113 94 117 979 138 440 642 927 227
3 11 8
462 506 906 886 648 17 762 898
1 11 5
196 491 639 953 790
0 15 2
494 299
0 16 2
867 843
1 10 8
340 720 360 732 977 853 286 142
0 3 11
395 47 978 170 362 657 356 576 505 54 960
1 6 8
320 501 986 554 315 474 5 528
0 7 4
650 140 855 780
0 18 2
125 13
2 6 14
483 20 407 312 409 967 917 236 666 334 120 262 274 37
6 10 15
107 555 89 939 198 364 712 168 586 32 186 283 42 477 497
2 5 17
358 552 175 812 570 649 10 341 545 400 616 470 114 215 697 459 93
0 14 2
826 453
1 10 5
600 783 15 900 421
0 9 3
597 119 534
1 7 9
527 265 563 814 707 417 471 325 654
2 9 6
18 46 331 376 176 487
6 20 1
0
4 17 2
3 25
1 9 1
8
4 27 1
9
1 13 1
28
1 19 2
34 174
3 16 1
43
2 16 1
45
1 10 1
50
2 25 1
53
1 11 1
56
1 15 1
57
5 16 1
72
1 15 1
75
1 6 1
80
1 28 1
95
1 12 1
100
1 26 1
108
5 19 1
116
2 22 1
118
2 21 1
124
2 26 1
131
4 19 1
139
4 24 1
156
3 21 1
162
2 22 1
163
1 13 1
171
1 28 1
178
2 11 1
180
4 28 1
185
2 20 1
187
2 21 1
189
4 16 1
191
7 24 1
192
1 25 1
200
1 9 1
205
3 17 1
209
2 18 1
214
3 21 1
217
1 17 1
220
7 23 1
221
1 17 1
222
1 29 1
231
1 19 1
234
1 19 1
235
1 14 1
238
2 19 1
242
1 28 1
244
1 8 1
247
1 15 1
248
1 29 1
252
5 23 1
255
1 19 1
258
4 18 1
261
2 12 1
264
1 28 1
267
7 23 1
276
2 17 1
279
2 14 1
281
1 12 1
285
2 21 1
288
1 23 1
294
1 27 1
296
1 8 1
305
1 11 1
310
4 23 1
314
1 13 1
316
1 15 1
319
1 17 1
322
1 20 1
337
2 16 1
350
1 18 1
359
1 25 1
367
1 14 1
372
1 26 1
375
1 25 1
378
4 28 1
382
1 25 1
387
2 13 1
393
2 18 1
397
5 23 1
403
2 17 1
405
1 23 1
410
7 30 1
418
4 23 1
419
7 20 1
420
4 22 1
424
2 19 1
427
1 31 1
428
2 25 1
439
2 13 1
443
1 18 1
446
3 12 1
450
4 26 1
456
1 11 1
461
1 7 1
464
2 20 1
466
1 14 1
467
1 16 1
472
1 16 1
478
1 15 1
488
1 14 1
495
2 16 1
496
4 16 1
507
4 22 1
511
1 33 1
518
3 17 1
520
5 26 1
524
1 9 1
533
4 24 1
539
4 22 2
543 984
1 32 1
548
2 16 1
550
5 22 1
553
1 22 1
558
2 27 1
559
1 29 1
565
4 22 1
566
1 9 1
568
1 11 1
571
6 23 1
573
2 13 1
574
2 18 1
578
1 17 1
579
1 20 1
580
1 14 1
589
2 24 1
593
1 18 1
607
1 16 1
610
2 21 1
615
1 14 1
617
4 19 1
619
2 10 1
620
3 18 1
623
3 21 2
626 767
2 15 1
629
4 24 1
633
5 18 1
635
1 11 1
638
5 28 1
646
1 27 1
662
1 18 1
672
3 13 1
677
3 16 1
678
1 13 1
684
4 21 1
694
2 18 2
703 730
4 23 1
704
1 31 1
710
2 11 1
713
3 24 1
716
4 22 1
722
1 11 1
733
1 10 1
738
1 24 2
749 781
3 18 1
760
1 29 1
763
2 21 1
765
4 23 1
766
1 32 1
769
1 23 1
777
4 21 1
795
1 25 1
803
1 18 1
805
4 18 1
820
6 20 1
824
2 10 1
830
1 13 1
840
2 25 1
847
1 21 1
851
4 27 1
856
1 20 1
880
1 16 1
883
4 20 1
894
1 13 1
895
4 15 1
908
2 19 1
911
1 12 1
912
2 19 1
913
6 23 1
916
5 22 1
921
3 17 1
923
3 15 1
924
1 24 1
931
3 20 1
933
3 19 1
938
4 27 1
948
1 17 1
963
3 18 1
972
1 8 1
975
1 20 1
981
4 21 1
982
2 16 1
993
1 32 1
995
4 25 1
999
