700 248 1085 4
19 13 12 29 22 11 18 39 26 20 30 12 14 33 33 32 35 11 16 34 34 32 35 23 22 12 32 17 23 36 11 21 14 23 26 32 36 37 12 22 27 39 24 40 14 13 31 12 30 40 22 34 17 29 28 22 40 11 35 24 27 39 17 25 35 21 35 36 36 34 29 32 14 40 22 18 38 19 38 26 37 25 39 13 21 39 33 11 37 39 35 35 32 16 15 19 40 30 40 11 38 20 19 17 25 31 35 29 36 13 39 35 25 34 31 26 28 35 13 14 14 22 27 32 37 32 21 11 33 30 13 36 12 30 27 16 23 38 15 12 11 39 39 39 24 29 27 23 40 21 31 36 32 34 21 24 38 23 13 12 27 34 28 29 29 22 32 21 14 19 11 36 11 32 31 26 13 30 35 26 12 31 24 27 35 32 36 40 19 33 32 34 38 26 12 20 39 34 32 27 38 14 17 37 32 25 15 40 19 13 40 23 19 28 26 15 21 29 30 14 30 29 21 32 26 13 11 25 14 30 26 27 35 40 18 17 29 28 11 33 20 37 36 40 16 36 39 24 37 13 11 20 22 17 18 15 33 36 19 29 15 33 32 12 22 36 29 28 14 21 37 36 25 13 27 30 19 38 27 23 21 21 40 14 13 13 24 38 25 32 12 18 28 37 19 35 20 31 37 12 21 33 11 35 18 27 26 18 22 38 33 13 27 17 29 35 17 18 21 22 18 27 27 14 29 38 24 16 11 31 36 29 15 24 26 25 39 17 39 16 31 31 40 28 17 35 29 18 18 25 40 21 23 24 31 25 37 23 17 26 30 28 12 18 21 24 28 36 11 20 36 15 32 13 23 21 32 33 39 12 32 38 18 34 18 38 40 28 31 38 12 28 18 28 36 22 11 20 13 26 30 36 34 29 34 34 38 27 36 12 23 21 16 20 18 26 37 26 27 18 13 15 21 17 13 16 11 17 27 15 30 27 31 27 16 21 34 36 31 18 32 18 12 28 26 25 30 14 23 40 34 21 33 26 28 35 34 32 14 12 13 17 27 25 30 31 23 31 26 32 19 36 18 24 34 24 20 18 18 36 18 31 39 20 36 26 19 32 36 40 29 21 28 14 19 30 24 12 36 21 12 17 23 28 17 11 32 40 19 29 35 38 34 21 17 22 32 37 18 35 14 32 34 39 13 36 29 31 39 34 28 15 36 40 38 24 13 24 39 16 40 37 25 35 11 31 25 39 26 31 26 20 24 11 14 40 15 26 28 30 16 35 24 18 15 36 18 39 34 16 17 15 11 31 13 40 11 12 39 20 22 27 33 34 26 11 15 36 20 12 11 22 26 26 13 39 25 16 15 34 35 28 23 19 39 11 35 19 38 12 36 34 38 17 26 40 26 27 19 14 32 14 39 17 28 32 30 24 37 15 11 36 15 35 25 29 28 24 15 12 14 19 27 38 19 11 29 26 36 14 35 26 37 16 25 22 17 34 17 22 16 19 22 27 36 11 22 33 19 35 34 24 11 35 40 33 34 37 36 29 14 16 25 20 13 38 11 22 18 20 23 32 23 30 21 29 12 37 28 24
9 3 2 19 12 1 8 29 16 10 20 2 4 23 23 22 25 1 6 24 24 22 25 13 12 2 22 7 13 26 1 11 4 13 16 22 26 27 2 12 17 29 14 30 4 3 21 2 20 30 12 24 7 19 18 12 30 1 25 14 17 29 7 15 25 11 25 26 26 24 19 22 4 30 12 8 28 9 28 16 27 15 29 3 11 29 23 1 27 29 25 25 22 6 5 9 30 20 30 1 28 10 9 7 15 21 25 19 26 3 29 25 15 24 21 16 18 25 3 4 4 12 17 22 27 22 11 1 23 20 3 26 2 20 17 6 13 28 5 2 1 29 29 29 14 19 17 13 30 11 21 26 22 24 11 14 28 13 3 2 17 24 18 19 19 12 22 11 4 9 1 26 1 22 21 16 3 20 25 16 2 21 14 17 25 22 26 30 9 23 22 24 28 16 2 10 29 24 22 17 28 4 7 27 22 15 5 30 9 3 30 13 9 18 16 5 11 19 20 4 20 19 11 22 16 3 1 15 4 20 16 17 25 30 8 7 19 18 1 23 10 27 26 30 6 26 29 14 27 3 1 10 12 7 8 5 23 26 9 19 5 23 22 2 12 26 19 18 4 11 27 26 15 3 17 20 9 28 17 13 11 11 30 4 3 3 14 28 15 22 2 8 18 27 9 25 10 21 27 2 11 23 1 25 8 17 16 8 12 28 23 3 17 7 19 25 7 8 11 12 8 17 17 4 19 28 14 6 1 21 26 19 5 14 16 15 29 7 29 6 21 21 30 18 7 25 19 8 8 15 30 11 13 14 21 15 27 13 7 16 20 18 2 8 11 14 18 26 1 10 26 5 22 3 13 11 22 23 29 2 22 28 8 24 8 28 30 18 21 28 2 18 8 18 26 12 1 10 3 16 20 26 24 19 24 24 28 17 26 2 13 11 6 10 8 16 27 16 17 8 3 5 11 7 3 6 1 7 17 5 20 17 21 17 6 11 24 26 21 8 22 8 2 18 16 15 20 4 13 30 24 11 23 16 18 25 24 22 4 2 3 7 17 15 20 21 13 21 16 22 9 26 8 14 24 14 10 8 8 26 8 21 29 10 26 16 9 22 26 30 19 11 18 4 9 20 14 2 26 11 2 7 13 18 7 1 22 30 9 19 25 28 24 11 7 12 22 27 8 25 4 22 24 29 3 26 19 21 29 24 18 5 26 30 28 14 3 14 29 6 30 27 15 25 1 21 15 29 16 21 16 10 14 1 4 30 5 16 18 20 6 25 14 8 5 26 8 29 24 6 7 5 1 21 3 30 1 2 29 10 12 17 23 24 16 1 5 26 10 2 1 12 16 16 3 29 15 6 5 24 25 18 13 9 29 1 25 9 28 2 26 24 28 7 16 30 16 17 9 4 22 4 29 7 18 22 20 14 27 5 1 26 5 25 15 19 18 14 5 2 4 9 17 28 9 1 19 16 26 4 25 16 27 6 15 12 7 24 7 12 6 9 12 17 26 1 12 23 9 25 24 14 1 25 30 23 24 27 26 19 4 6 15 10 3 28 1 12 8 10 13 22 13 20 11 19 2 27 18 14
0 10 3
505 588 446
1 13 2
535 688
0 17 3
670 186 270
4 15 8
643 663 162 330 397 582 34 28
4 13 9
8 76 236 502 259 63 301 64 348
2 10 6
377 621 592 545 240 459
2 8 14
667 164 511 89 375 208 563 367 194 111 142 302 191 146
6 15 11
155 635 557 568 101 2 383 88 368 297 408
1 6 7
452 619 227 201 591 410 52
1 14 3
38 652 625
1 9 6
216 184 630 132 206 57
2 11 8
20 143 556 74 282 419 686 356
6 11 11
526 274 681 144 291 47 306 136 324 690 531
0 7 7
140 90 473 342 437 593 211
0 17 3
585 455 224
3 15 9
96 35 228 682 359 320 37 538 403
3 9 10
112 515 308 225 632 173 637 292 482 340
1 13 3
425 691 415
0 20 2
683 91
1 5 12
117 518 43 525 481 462 562 343 84 449 46 634
2 11 7
354 50 79 487 168 555 329
0 6 2
647 139
0 5 5
478 309 503 390 147
0 24 1
68
1 8 10
69 422 490 628 622 231 584 523 85 148
1 11 2
429 407
0 18 3
533 651 315
0 19 2
380 183
0 10 3
109 71 509
0 6 6
431 440 352 248 665 466
2 17 4
381 103 40 612
0 5 7
39 7 479 362 237 649 125
4 13 7
307 418 692 80 262 75 212
1 8 7
22 181 316 358 171 678 617
1 7 9
275 672 65 529 579 374 260 388 469
1 6 10
242 350 150 87 299 153 344 130 620 83
3 9 5
219 460 613 100 661
0 11 4
192 45 210 485
2 14 6
493 471 215 527 697 77
0 7 5
477 110 264 149 627
1 6 6
553 70 289 276 269 514
1 10 4
205 606 668 650
4 13 10
361 698 325 532 221 298 214 495 510 18
1 8 7
222 189 122 432 636 220 453
0 5 2
544 564
5 15 10
145 157 416 611 27 67 187 170 551 313
1 8 3
6 226 60
2 7 13
254 644 641 239 364 123 4 610 494 98 32 265 685
2 12 6
271 696 365 318 400 450
0 5 8
19 633 283 156 218 58 21 623
0 8 4
113 158 540 319
4 15 8
251 536 442 433 263 326 185 575
4 11 8
594 284 428 394 120 159 54 694
0 12 2
560 250
0 5 7
508 141 295 687 230 172 406
1 7 7
133 49 305 252 655 474 443
1 8 6
409 249 412 548 441 586
1 20 2
5 56
0 14 3
327 679 669
3 8 11
82 616 179 105 268 59 102 335 583 180 513
4 11 11
454 115 234 603 659 434 392 444 207 288 108
3 13 9
456 521 500 338 565 190 438 258 369
1 8 8
451 677 597 673 363 53 353 118
0 11 2
246 445
4 11 9
41 255 470 303 571 486 202 640 357
0 14 3
346 311 600
3 16 6
196 507 413 656 36 573
1 11 4
73 504 483 447
1 8 2
436 396
0 17 3
372 561 29
0 11 1
235
3 11 9
42 160 277 395 165 543 360 671 658
5 13 10
501 163 347 675 646 174 574 223 430 17
1 10 5
339 175 491 401 126
0 22 1
596
4 11 8
127 391 435 569 323 411 386 378
4 12 9
530 154 417 15 137 461 31 465 370
2 9 9
97 203 699 657 570 519 488 534 24
0 12 2
280 602
1 10 9
674 648 182 328 475 549 653 498 62
2 10 7
371 261 273 399 660 204 550
0 19 2
16 333
0 13 3
590 341 558
1 7 8
524 322 188 72 580 195 151 266
0 3 1
572
1 7 3
626 355 577
4 14 9
639 334 247 387 166 272 595 33 257
2 14 5
559 267 209 245 567
2 8 10
11 238 169 645 23 51 631 601 552 609
0 13 1
516
3 18 1
0
2 14 1
1
1 25 1
3
1 12 1
9
1 22 1
10
1 31 1
12
4 19 1
13
4 22 1
14
1 14 1
25
1 26 1
26
1 21 1
30
3 20 1
44
1 20 1
48
2 21 1
55
3 29 1
61
1 20 1
66
3 18 1
78
3 25 1
81
1 35 1
86
3 18 1
92
1 24 1
93
1 13 1
94
1 21 1
95
1 17 1
99
1 31 1
104
3 22 1
106
1 26 1
107
1 22 1
114
3 30 1
116
2 27 1
119
4 23 1
121
1 28 1
124
2 26 1
128
2 19 2
129 402
1 32 1
131
2 32 1
134
5 23 1
135
1 19 1
138
8 30 1
152
2 24 1
161
1 24 1
167
3 17 1
176
2 21 1
177
2 31 2
178 587
1 17 1
193
1 33 1
197
2 22 1
198
1 13 1
199
2 17 1
200
3 23 2
213 241
1 26 1
217
3 23 1
229
2 20 1
232
1 24 1
233
2 23 1
243
1 33 1
244
3 21 1
253
2 22 1
256
1 25 2
278 618
1 29 1
279
3 24 1
281
5 20 1
285
4 26 1
286
1 23 1
287
1 16 1
290
3 23 1
293
1 25 1
294
2 21 1
296
1 16 1
300
1 19 1
304
3 24 1
310
1 17 1
312
3 22 1
314
1 29 1
317
2 25 1
321
1 11 1
331
1 26 1
332
2 27 1
336
1 16 1
337
2 19 1
345
1 26 1
349
1 15 1
351
1 19 1
366
1 18 1
373
1 18 1
376
3 22 1
379
1 19 1
382
1 19 1
384
3 24 1
385
2 21 1
389
1 37 1
393
1 32 1
398
7 27 1
404
1 14 1
405
4 19 1
414
3 29 1
420
1 18 1
421
1 17 1
423
5 21 1
424
1 24 1
426
1 18 1
427
1 19 1
439
2 16 1
448
1 27 1
457
2 19 1
458
1 17 1
463
5 19 1
464
1 22 1
467
1 28 1
468
6 23 1
472
3 24 1
476
1 14 1
480
1 16 1
484
3 26 1
489
1 16 1
492
2 28 1
496
3 19 1
497
2 19 1
499
2 20 1
506
2 18 1
512
3 22 1
517
2 32 1
520
1 30 1
522
1 18 1
528
2 17 1
537
1 16 1
539
1 17 1
541
1 14 1
542
2 21 1
546
2 19 1
547
2 18 1
554
1 26 1
566
2 21 1
576
1 31 1
578
1 27 1
581
1 16 1
589
1 20 1
598
1 15 1
599
7 30 1
604
1 34 1
605
1 15 1
607
3 29 1
608
1 17 1
614
2 21 1
615
1 20 1
624
1 13 1
629
1 16 1
638
7 26 1
642
1 20 1
654
5 23 1
662
1 14 1
664
3 23 1
666
1 25 1
676
1 26 1
680
3 27 1
684
5 26 1
689
1 14 1
693
3 21 1
695
