500 187 775 33
25 18 14 29 37 24 37 37 30 38 26 14 22 40 31 27 21 29 36 11 18 27 25 12 35 23 40 20 33 31 39 12 37 33 20 18 32 27 32 16 26 33 36 12 28 35 23 30 28 32 28 27 35 20 29 36 35 16 14 39 28 20 29 17 31 34 13 24 35 34 12 35 22 31 18 20 11 18 19 32 13 23 37 38 28 36 22 26 21 30 17 18 27 25 28 28 34 27 19 26 33 26 26 39 39 15 34 35 16 19 40 38 35 26 16 34 12 35 40 33 19 20 29 21 14 14 12 38 24 28 19 19 34 33 19 34 23 31 17 25 37 24 13 21 12 30 11 34 15 32 29 32 40 33 24 21 20 11 30 16 11 28 29 12 20 37 12 38 17 37 25 17 24 32 13 23 13 36 23 25 32 14 33 26 13 25 15 40 27 24 40 22 24 16 22 17 37 25 16 21 29 22 15 32 35 16 16 35 12 28 16 21 19 32 33 39 39 32 19 37 14 25 33 35 39 15 39 16 27 20 30 23 25 28 23 31 36 20 37 17 27 40 19 17 32 12 30 17 27 30 39 29 33 31 35 33 31 37 15 18 18 16 27 35 21 15 12 18 38 36 32 40 38 31 23 24 20 38 23 14 22 13 20 27 16 20 15 30 32 14 22 18 17 30 23 25 35 27 39 30 26 23 16 24 12 19 23 31 17 20 30 12 28 27 38 40 29 37 18 30 27 36 23 36 22 13 19 31 27 28 36 21 34 37 23 12 39 16 19 33 21 22 28 24 40 39 19 36 30 36 24 11 26 17 29 28 28 20 40 27 12 27 13 37 31 16 38 22 36 33 30 16 19 39 13 36 17 36 19 29 19 27 34 34 25 38 40 19 20 20 12 31 39 32 12 32 35 25 32 17 15 11 37 26 12 13 38 13 34 22 26 19 30 29 25 20 32 21 39 27 19 35 22 24 24 15 37 19 31 23 35 27 16 25 11 32 17 17 25 21 14 13 30 26 34 23 13 28 37 28 12 12 18 16 18 11 16 31 28 23 35 13 12 18 31 36 24 29 16 18 30 35 23 17 32 24 21 38 26 20 39 22 33 13 32 23 37 34 20 12 17 40 15 25 15 28 19 11 34 38
15 8 4 19 27 14 27 27 20 28 16 4 12 30 21 17 11 19 26 1 8 17 15 2 25 13 30 10 23 21 29 2 27 23 10 8 22 17 22 6 16 23 26 2 18 25 13 20 18 22 18 17 25 10 19 26 25 6 4 29 18 10 19 7 21 24 3 14 25 24 2 25 12 21 8 10 1 8 9 22 3 13 27 28 18 26 12 16 11 20 7 8 17 15 18 18 24 17 9 16 23 16 16 29 29 5 24 25 6 9 30 28 25 16 6 24 2 25 30 23 9 10 19 11 4 4 2 28 14 18 9 9 24 23 9 24 13 21 7 15 27 14 3 11 2 20 1 24 5 22 19 22 30 23 14 11 10 1 20 6 1 18 19 2 10 27 2 28 7 27 15 7 14 22 3 13 3 26 13 15 22 4 23 16 3 15 5 30 17 14 30 12 14 6 12 7 27 15 6 11 19 12 5 22 25 6 6 25 2 18 6 11 9 22 23 29 29 22 9 27 4 15 23 25 29 5 29 6 17 10 20 13 15 18 13 21 26 10 27 7 17 30 9 7 22 2 20 7 17 20 29 19 23 21 25 23 21 27 5 8 8 6 17 25 11 5 2 8 28 26 22 30 28 21 13 14 10 28 13 4 12 3 10 17 6 10 5 20 22 4 12 8 7 20 13 15 25 17 29 20 16 13 6 14 2 9 13 21 7 10 20 2 18 17 28 30 19 27 8 20 17 26 13 26 12 3 9 21 17 18 26 11 24 27 13 2 29 6 9 23 11 12 18 14 30 29 9 26 20 26 14 1 16 7 19 18 18 10 30 17 2 17 3 27 21 6 28 12 26 23 20 6 9 29 3 26 7 26 9 19 9 17 24 24 15 28 30 9 10 10 2 21 29 22 2 22 25 15 22 7 5 1 27 16 2 3 28 3 24 12 16 9 20 19 15 10 22 11 29 17 9 25 12 14 14 5 27 9 21 13 25 17 6 15 1 22 7 7 15 11 4 3 20 16 24 13 3 18 27 18 2 2 8 6 8 1 6 21 18 13 25 3 2 8 21 26 14 19 6 8 20 25 13 7 22 14 11 28 16 10 29 12 23 3 22 13 27 24 10 2 7 30 5 15 5 18 9 1 24 28
2 11 5
74 146 101 36 437
2 13 7
142 495 485 442 200 435 402
3 10 7
282 139 410 308 381 98 141
1 18 4
392 334 150 467
3 14 7
263 114 27 72 84 89 333
3 14 7
40 213 4 302 236 401 157
0 21 1
321
1 21 2
352 448
3 10 8
49 494 159 31 56 37 163 487
2 11 7
132 153 240 414 304 355 335
3 14 8
470 419 209 230 9 418 434 300
0 5 7
331 206 52 273 413 216 311
1 15 3
18 356 3
4 11 6
20 229 492 109 48 332
1 19 2
107 172
1 11 2
276 306
0 4 3
176 497 388
1 14 2
46 183
0 14 3
55 314 450
3 14 7
312 386 409 466 102 203 289
0 22 1
189
0 14 2
92 444
4 14 9
35 10 199 498 383 382 394 148 26
3 14 7
64 124 113 396 468 162 416
4 17 9
62 219 257 165 68 16 212 38 280
1 14 4
177 491 436 428
2 17 4
85 226 370 479
0 5 3
452 168 11
0 14 2
417 265
1 11 6
29 478 488 185 103 154
3 15 7
95 307 455 125 301 14 395
3 13 6
493 438 281 256 17 426
1 7 5
305 158 50 454 193
0 5 2
411 70
2 19 5
481 364 369 122 272
1 17 3
137 182 251
1 19 2
320 484
1 10 6
43 245 61 28 188 42
1 6 2
489 303
0 19 1
149
2 11 4
472 144 482 130
1 10 5
120 376 486 51 254
3 12 5
469 224 243 286 412
2 8 9
404 231 270 462 262 166 399 5 32
1 6 7
138 180 420 128 58 25 348
1 10 5
346 316 449 298 380
1 16 3
422 235 238
0 23 2
406 233
0 14 1
322
0 2 1
441
1 10 3
44 284 259
0 9 2
457 205
0 10 5
167 330 398 433 34
0 25 2
354 250
1 13 5
373 246 94 326 156
0 25 1
65
0 8 5
129 222 297 318 123
0 13 4
423 475 315 460
1 18 3
111 248 325
1 3 7
292 463 445 425 432 461 264
1 15 4
336 458 135 225
0 6 7
291 207 430 211 471 345 278
1 9 3
361 218 431
0 15 1
47
1 12 5
363 379 1 483 241
0 5 7
110 340 309 237 360 343 220
3 14 6
249 496 451 87 310 288
2 13 5
429 13 126 275 19
0 18 2
187 456
0 5 6
367 324 329 96 371 76
2 14 4
215 97 93 384
0 10 1
198
2 13 8
59 82 184 115 421 424 223 377
3 15 7
283 374 359 79 22 33 30
0 6 7
368 175 21 39 274 427 53
0 7 8
341 80 118 160 63 378 83 290
1 19 2
255 197
1 5 4
208 490 192 372
0 5 7
194 133 234 143 313 391 499
0 11 2
151 12
5 10 10
338 181 295 390 415 393 186 239 45 253
1 9 6
244 285 439 136 362 73
2 12 6
204 358 108 260 357 389
0 14 1
464
0 6 5
2 299 140 217 474
2 14 5
210 67 0 7 447
3 12 7
440 397 170 277 365 155 202
2 24 1
6
2 33 1
8
1 35 1
15
1 12 1
23
1 20 1
24
1 15 1
41
2 27 1
54
2 36 1
57
2 16 1
60
1 25 1
66
1 11 1
69
5 26 1
71
1 15 1
75
1 18 1
77
1 8 1
78
3 27 1
81
1 17 1
86
2 12 1
88
4 28 1
90
1 14 1
91
1 34 1
99
3 35 1
100
2 31 1
104
2 24 1
105
1 18 1
106
4 26 1
112
2 9 1
116
1 17 1
117
3 27 1
119
1 13 1
121
2 37 1
127
1 26 1
131
2 28 1
134
4 27 1
145
2 21 1
147
3 31 1
152
1 19 1
161
2 21 1
164
3 31 1
169
1 16 1
171
3 29 1
173
3 29 1
174
1 14 1
178
1 15 1
179
1 45 1
190
1 11 1
191
1 31 1
195
4 28 1
196
1 25 1
201
1 30 1
214
1 20 1
221
1 21 1
227
2 35 1
228
1 21 1
232
1 11 1
242
3 22 1
247
4 22 1
252
1 18 1
258
2 17 1
261
1 15 1
266
2 26 1
267
2 32 1
268
3 23 1
269
4 28 1
271
1 20 1
279
3 28 1
287
1 18 1
293
1 16 1
294
1 25 1
296
2 24 1
317
3 20 1
319
5 24 1
323
1 20 1
327
2 32 1
328
3 28 1
337
1 27 1
339
1 11 1
342
1 26 1
344
1 23 1
347
1 32 1
349
2 28 1
350
2 28 1
351
2 14 1
353
2 20 1
366
1 38 1
375
2 35 1
385
2 39 1
387
1 18 1
400
2 13 1
403
3 18 1
405
1 11 1
407
1 20 1
408
3 32 1
443
5 33 1
446
2 28 1
453
1 11 1
459
3 29 1
465
1 29 2
473 477
1 26 1
476
1 19 1
480
