300 140 465 20
33 31 31 40 23 11 35 27 21 25 16 39 27 40 31 39 15 28 29 13 32 11 19 38 27 14 31 14 29 16 30 29 37 37 24 31 17 36 18 16 26 33 22 23 13 19 37 29 25 18 25 18 17 15 35 27 37 35 26 17 27 28 11 22 32 28 27 18 24 12 29 25 23 16 34 27 30 21 37 26 16 18 37 39 38 25 17 21 14 32 21 25 15 23 15 13 32 38 29 30 36 33 19 40 29 32 34 39 16 14 30 36 16 31 39 11 13 28 21 23 38 29 38 14 32 16 31 19 30 36 37 15 23 25 27 23 38 40 39 19 33 20 35 24 17 35 38 14 40 36 17 17 39 34 29 30 31 36 23 29 26 25 13 30 40 17 38 22 13 22 39 37 22 17 38 24 21 29 22 11 29 18 35 22 31 17 13 13 12 29 30 21 37 36 35 17 20 32 33 29 37 31 30 37 19 38 15 33 35 36 19 40 24 39 37 38 22 27 14 27 17 14 32 18 33 33 36 11 17 29 31 32 31 31 36 14 19 21 24 15 33 30 40 34 17 20 13 34 16 24 34 20 32 24 30 35 25 33 17 39 30 32 40 33 26 30 29 12 18 36 37 16 13 12 12 39 36 22 32 36 15 14 29 34 27 15 17 28 36 13 20 22 24 15 19 22 22 31 39 26
23 21 21 30 13 1 25 17 11 15 6 29 17 30 21 29 5 18 19 3 22 1 9 28 17 4 21 4 19 6 20 19 27 27 14 21 7 26 8 6 16 23 12 13 3 9 27 19 15 8 15 8 7 5 25 17 27 25 16 7 17 18 1 12 22 18 17 8 14 2 19 15 13 6 24 17 20 11 27 16 6 8 27 29 28 15 7 11 4 22 11 15 5 13 5 3 22 28 19 20 26 23 9 30 19 22 24 29 6 4 20 26 6 21 29 1 3 18 11 13 28 19 28 4 22 6 21 9 20 26 27 5 13 15 17 13 28 30 29 9 23 10 25 14 7 25 28 4 30 26 7 7 29 24 19 20 21 26 13 19 16 15 3 20 30 7 28 12 3 12 29 27 12 7 28 14 11 19 12 1 19 8 25 12 21 7 3 3 2 19 20 11 27 26 25 7 10 22 23 19 27 21 20 27 9 28 5 23 25 26 9 30 14 29 27 28 12 17 4 17 7 4 22 8 23 23 26 1 7 19 21 22 21 21 26 4 9 11 14 5 23 20 30 24 7 10 3 24 6 14 24 10 22 14 20 25 15 23 7 29 20 22 30 23 16 20 19 2 8 26 27 6 3 2 2 29 26 12 22 26 5 4 19 24 17 5 7 18 26 3 10 12 14 5 9 12 12 21 29 16
0 15 2
104 295
2 16 5
199 292 266 71 171
1 12 4
286 217 256 38
0 12 3
149 85 278
2 12 4
25 12 276 225
2 18 4
240 192 175 99
0 22 2
247 113
1 16 2
213 223
0 8 3
69 177 293
0 12 3
30 202 111
0 15 2
118 194
0 26 1
288
2 13 5
267 297 83 102 236
2 15 6
6 245 105 271 205 17
1 17 2
200 182
0 12 3
233 121 138
0 14 3
119 250 108
0 9 3
67 221 59
0 13 1
45
0 8 1
123
1 17 3
172 13 117
0 11 3
255 230 229
0 11 3
282 208 131
0 9 3
36 277 130
2 9 5
133 162 290 115 41
0 7 3
142 212 132
1 13 4
134 219 28 58
0 9 4
241 254 136 264
0 9 5
100 5 193 146 81
2 15 5
35 127 294 19 234
1 4 4
86 285 151 147
0 11 4
76 157 145 103
1 10 2
47 239
2 16 5
144 114 129 170 10
1 12 3
243 93 34
0 24 1
98
1 17 2
164 94
0 8 1
244
0 18 3
15 270 222
0 10 4
27 237 122 258
0 16 3
215 52 197
0 20 1
253
0 17 2
54 125
2 12 5
190 18 263 109 216
0 9 3
156 153 72
0 18 3
185 78 97
2 15 5
265 252 1 88 186
2 16 4
80 161 74 56
2 21 3
198 57 9
1 16 4
232 66 174 183
0 7 1
21
0 6 2
289 251
0 11 2
64 268
3 13 6
187 2 63 260 274 224
2 12 4
16 68 203 196
1 15 2
20 51
0 10 3
124 204 62
2 8 3
176 150 48
0 10 3
112 128 140
1 26 3
214 262 231
1 14 5
11 220 226 90 50
3 16 6
178 110 101 126 14 43
0 15 2
4 60
0 9 4
46 155 39 55
0 8 1
49
2 18 4
184 32 37 191
1 16 4
75 61 298 272
1 11 5
135 210 261 211 269
0 14 4
107 195 287 242
0 10 4
180 44 89 173
2 15 4
29 206 148 249
1 27 1
0
2 19 1
3
1 27 1
7
1 27 1
8
1 16 1
22
2 25 1
23
2 21 1
24
1 26 1
26
1 31 1
31
1 35 1
33
1 31 1
40
1 42 1
42
1 19 1
53
2 43 1
65
1 22 1
70
2 24 1
73
1 23 1
77
2 32 1
79
1 24 1
82
1 27 1
84
1 29 1
87
1 20 1
91
1 18 1
92
1 27 1
95
1 29 1
96
2 33 1
106
1 26 1
116
2 19 1
120
1 21 1
137
1 20 1
139
2 20 1
141
1 24 1
143
2 26 1
152
1 21 1
154
1 27 1
158
1 24 1
159
1 26 1
160
1 22 1
163
1 20 1
165
1 27 1
166
1 16 1
167
1 26 1
168
2 21 1
169
2 20 1
179
1 38 1
181
1 21 1
188
2 30 1
189
1 23 1
201
3 30 1
207
1 32 1
209
1 24 1
218
1 27 1
227
1 21 1
228
1 22 1
235
2 31 1
238
1 23 1
246
1 16 1
248
1 18 1
257
1 33 1
259
1 19 1
273
1 35 1
275
1 18 1
279
1 16 1
280
2 34 1
281
1 23 1
283
1 28 1
284
3 27 1
291
3 23 1
296
1 23 1
299
