500 204 775 3
29 13 31 33 20 12 22 34 39 28 30 14 15 25 19 19 39 30 29 29 23 38 21 35 27 31 20 38 19 19 37 30 22 26 26 24 20 18 35 18 28 27 33 38 19 24 18 29 32 36 14 24 25 35 35 32 21 24 31 12 37 25 33 17 22 18 33 29 14 21 14 40 18 31 21 34 12 17 31 27 19 12 17 19 14 34 29 18 23 22 21 20 27 19 21 17 21 32 25 32 40 12 39 34 20 16 26 34 35 36 31 18 20 37 22 20 16 13 34 18 12 34 39 11 30 36 27 37 11 37 24 14 40 22 29 12 21 24 17 39 17 20 38 29 36 23 28 23 18 22 15 17 38 27 34 34 15 17 25 31 22 11 29 28 15 31 12 27 39 14 27 31 27 37 39 40 11 12 32 27 11 32 31 22 33 11 22 27 19 27 36 18 31 17 21 40 16 17 30 30 21 32 16 11 23 24 16 13 39 35 36 30 24 11 15 27 36 26 25 38 11 27 27 15 30 11 22 33 22 35 21 37 40 38 20 36 27 31 40 17 39 32 30 40 30 29 25 33 33 37 21 31 25 35 39 20 30 16 23 11 20 39 34 20 26 28 13 29 16 25 26 20 14 31 22 23 20 21 28 20 32 23 18 22 38 33 37 38 21 32 29 21 17 13 33 34 30 17 25 31 28 12 15 24 11 12 31 29 32 17 12 37 25 35 18 38 30 25 23 29 33 24 39 12 34 14 18 14 34 40 39 35 33 22 24 37 19 32 15 35 27 27 34 18 21 22 36 26 30 11 12 33 23 31 20 25 40 26 34 34 32 39 28 16 21 14 28 30 20 25 29 17 34 17 29 36 38 37 34 34 17 32 24 25 39 35 25 15 13 17 11 28 37 22 19 13 35 28 27 19 27 28 37 32 13 23 22 29 22 36 28 38 19 22 34 27 26 34 40 31 25 20 20 39 27 36 37 26 33 39 39 21 34 13 27 20 25 35 18 36 40 13 12 16 13 11 32 19 19 38 17 40 14 37 15 31 39 40 33 40 25 28 29 33 38 38 23 34 27 20 14 29 22 20 31 16 13 32 39 24 24 33 37 27 12 24 21 29 15 21 38 26 19 23 20 12 39 19 40 28
19 3 21 23 10 2 12 24 29 18 20 4 5 15 9 9 29 20 19 19 13 28 11 25 17 21 10 28 9 9 27 20 12 16 16 14 10 8 25 8 18 17 23 28 9 14 8 19 22 26 4 14 15 25 25 22 11 14 21 2 27 15 23 7 12 8 23 19 4 11 4 30 8 21 11 24 2 7 21 17 9 2 7 9 4 24 19 8 13 12 11 10 17 9 11 7 11 22 15 22 30 2 29 24 10 6 16 24 25 26 21 8 10 27 12 10 6 3 24 8 2 24 29 1 20 26 17 27 1 27 14 4 30 12 19 2 11 14 7 29 7 10 28 19 26 13 18 13 8 12 5 7 28 17 24 24 5 7 15 21 12 1 19 18 5 21 2 17 29 4 17 21 17 27 29 30 1 2 22 17 1 22 21 12 23 1 12 17 9 17 26 8 21 7 11 30 6 7 20 20 11 22 6 1 13 14 6 3 29 25 26 20 14 1 5 17 26 16 15 28 1 17 17 5 20 1 12 23 12 25 11 27 30 28 10 26 17 21 30 7 29 22 20 30 20 19 15 23 23 27 11 21 15 25 29 10 20 6 13 1 10 29 24 10 16 18 3 19 6 15 16 10 4 21 12 13 10 11 18 10 22 13 8 12 28 23 27 28 11 22 19 11 7 3 23 24 20 7 15 21 18 2 5 14 1 2 21 19 22 7 2 27 15 25 8 28 20 15 13 19 23 14 29 2 24 4 8 4 24 30 29 25 23 12 14 27 9 22 5 25 17 17 24 8 11 12 26 16 20 1 2 23 13 21 10 15 30 16 24 24 22 29 18 6 11 4 18 20 10 15 19 7 24 7 19 26 28 27 24 24 7 22 14 15 29 25 15 5 3 7 1 18 27 12 9 3 25 18 17 9 17 18 27 22 3 13 12 19 12 26 18 28 9 12 24 17 16 24 30 21 15 10 10 29 17 26 27 16 23 29 29 11 24 3 17 10 15 25 8 26 30 3 2 6 3 1 22 9 9 28 7 30 4 27 5 21 29 30 23 30 15 18 19 23 28 28 13 24 17 10 4 19 12 10 21 6 3 22 29 14 14 23 27 17 2 14 11 19 5 11 28 16 9 13 10 2 29 9 30 18
1 13 5
238 477 339 152 246
0 7 6
467 91 452 360 437 357
1 14 2
62 169
3 11 7
108 301 177 323 338 346 317
0 5 7
13 354 454 388 374 72 198
0 7 7
356 175 67 412 330 24 124
0 11 1
389
0 13 4
216 381 341 208
1 15 3
93 358 87
3 18 5
165 160 434 106 411
3 16 5
164 485 280 408 178
1 10 4
268 481 410 257
1 14 4
273 480 98 66
1 11 4
337 111 213 181
0 26 2
490 75
0 11 3
385 236 468
1 14 4
56 129 310 278
0 14 1
336
1 14 2
109 29
0 10 4
464 207 145 176
1 12 5
390 328 20 417 21
0 8 1
183
2 9 7
214 252 170 442 365 307 38
0 12 2
242 240
1 17 4
340 459 114 168
1 13 4
115 376 265 428
0 5 5
197 172 248 61 486
0 19 2
478 451
1 17 4
31 224 226 449
0 8 4
432 135 134 94
0 9 3
271 267 438
0 10 1
379
0 19 1
51
1 11 4
188 470 95 174
1 16 3
484 372 359
0 6 7
382 364 206 466 36 394 8
0 9 3
396 26 37
1 6 8
39 366 397 59 105 9 471 455
1 17 3
258 426 462
0 13 2
194 458
1 7 8
191 380 179 494 92 443 377 419
0 2 1
476
0 15 1
415
1 13 5
275 482 291 49 220
2 9 7
167 392 57 97 276 269 101
0 22 1
402
1 24 2
329 319
3 13 6
491 74 294 298 10 89
2 16 5
247 190 33 495 113
2 13 6
159 195 154 147 334 25
0 5 8
239 81 293 453 492 421 48 489
1 17 4
241 76 435 423
3 14 7
162 203 227 399 35 351 256
0 16 1
211
0 7 1
259
1 16 4
42 325 123 130
0 8 4
395 498 50 288
3 11 8
497 228 499 125 83 405 141 193
1 18 2
493 262
2 9 7
68 414 90 146 406 488 12
0 7 2
70 431
4 12 8
285 445 202 264 439 234 474 422
0 16 1
309
0 8 3
299 352 475
2 17 5
373 284 368 142 418
0 7 6
496 327 151 121 15 200
1 10 6
283 398 143 136 355 261
1 17 3
189 144 469
2 11 8
52 425 118 292 84 140 127 353
0 10 5
296 312 440 192 369
0 25 1
100
1 8 8
255 363 103 249 2 60 378 314
0 9 3
79 401 315
2 10 6
55 313 383 300 250 63
0 14 3
461 107 14
1 9 7
1 201 119 30 47 409 122
1 15 4
463 219 128 157
1 10 3
225 326 182
1 15 5
331 321 333 73 126
1 12 4
444 436 347 18
1 9 5
348 386 420 235 281
4 12 9
112 158 447 289 163 166 110 253 138
0 7 5
279 290 344 153 11
1 13 3
287 133 161
3 11 5
77 34 274 41 88
3 15 8
367 173 446 53 96 371 251 4
0 20 1
416
0 13 3
46 479 209
1 15 2
318 222
0 13 3
430 345 185
1 12 4
7 263 65 370
1 12 6
272 232 80 43 231 99
0 8 3
460 448 199
1 21 1
0
1 33 1
3
1 24 1
5
2 21 1
6
3 25 1
16
2 19 1
17
2 24 1
19
1 15 1
22
2 25 1
23
1 20 1
27
1 12 1
28
1 20 1
32
1 17 1
40
1 24 1
44
2 26 1
45
2 31 1
54
1 19 1
58
2 33 1
64
1 24 1
69
1 22 1
71
1 18 1
78
1 20 1
82
1 28 1
85
1 18 1
86
1 16 1
102
1 21 1
104
1 17 1
116
1 29 1
117
1 17 1
120
1 18 1
131
1 24 1
132
1 28 1
137
1 36 1
139
1 20 1
148
1 27 1
149
2 22 1
150
1 16 1
155
2 32 1
156
1 24 1
171
1 13 1
180
3 32 1
184
1 25 1
186
2 30 1
187
3 21 1
196
1 25 1
204
1 22 1
205
1 16 1
210
1 21 1
212
1 41 1
215
5 30 1
217
2 22 1
218
1 24 1
221
2 29 1
223
1 26 1
229
1 19 1
230
2 17 1
233
1 25 1
237
1 22 1
243
1 29 1
244
1 35 1
245
1 12 1
254
1 19 1
260
3 27 1
266
1 21 1
270
1 22 1
277
2 29 1
282
2 29 1
286
1 24 1
295
1 25 1
297
1 18 1
302
3 24 1
303
2 23 1
304
3 23 1
305
1 32 1
306
1 22 1
308
1 19 1
311
2 30 1
316
1 25 1
320
1 17 1
322
1 27 1
324
1 21 1
332
1 22 1
335
1 27 1
342
2 20 1
343
1 18 1
349
3 28 1
350
1 23 1
361
1 24 1
362
1 15 1
375
1 22 1
384
2 23 1
387
1 37 1
391
1 23 1
393
1 19 1
400
2 16 1
403
1 35 1
404
2 26 1
407
1 36 1
413
1 27 1
424
1 17 1
427
1 27 1
429
1 21 1
433
1 18 1
441
1 16 1
450
1 28 1
456
4 27 1
457
2 27 1
465
1 24 1
472
1 17 1
473
1 36 1
483
2 32 1
487
