500 371 775 20
11 20 8 10 23 8 21 27 26 1 26 7 7 10 29 8 17 28 22 15 23 30 29 13 25 19 4 2 3 11 19 19 21 30 7 8 29 25 9 6 30 20 18 21 3 8 24 17 9 18 1 12 4 5 15 17 10 28 27 16 10 2 7 13 5 12 23 29 20 22 25 9 17 7 20 15 7 1 13 2 13 26 13 30 10 3 21 27 6 27 15 12 24 9 15 20 10 21 29 1 8 17 24 7 4 14 11 29 14 17 25 10 17 13 25 27 29 21 12 24 7 16 19 20 1 2 13 6 17 19 9 25 25 20 27 9 5 29 30 13 8 7 10 19 26 28 17 21 15 28 20 11 18 15 18 9 21 9 28 30 6 30 24 2 25 27 13 8 16 20 8 1 3 15 25 24 28 25 26 29 23 18 2 22 28 1 22 5 6 21 6 18 21 6 5 12 20 1 6 23 6 22 4 27 1 16 26 4 30 11 1 28 15 7 6 20 5 27 10 17 11 30 19 30 24 17 18 12 4 2 19 11 25 21 30 22 26 17 20 28 28 17 21 3 6 9 10 17 7 6 4 26 11 18 22 10 22 8 9 15 10 10 14 18 11 12 29 16 20 1 18 12 9 11 21 2 2 14 14 5 26 5 19 19 20 5 17 20 17 2 29 22 14 20 23 24 12 28 27 8 19 7 3 7 9 20 11 16 5 5 16 8 8 9 26 24 8 30 26 1 27 24 19 18 16 29 2 30 27 15 12 4 22 24 8 4 13 24 8 6 9 8 2 27 8 7 28 17 8 14 20 11 14 26 25 27 24 14 13 2 21 2 29 7 23 18 3 11 11 7 22 19 7 30 19 19 23 14 8 25 22 29 27 20 15 22 20 19 24 27 4 27 13 10 13 24 24 26 14 14 29 8 2 26 11 1 26 21 20 7 10 28 10 21 8 22 14 3 30 18 8 28 15 29 13 17 13 20 12 2 21 6 6 1 23 24 14 2 28 21 29 4 8 22 8 23 14 17 13 11 16 26 21 19 22 26 26 23 6 22 28 2 23 28 8 3 24 28 10 3 21 12 15 18 9 4 4 16 26 19 14 22 22 22 3 16 18 11 20 20 17 7 19 2 4 10 22 24 2 27
25 29 17 4 8 17 21 18 4 26 12 9 28 19 3 18 7 21 29 29 27 1 5 3 10 22 22 20 13 19 21 20 1 10 3 29 11 10 22 23 22 8 2 2 11 9 27 13 3 7 29 9 27 26 4 28 20 5 11 10 23 29 8 15 13 18 7 12 2 24 20 15 16 6 12 26 26 14 3 26 2 19 24 7 8 1 2 21 22 29 28 30 2 12 26 16 11 12 1 11 21 4 11 2 24 17 29 24 1 8 15 7 10 2 10 26 4 24 12 8 1 28 5 10 13 15 20 14 29 3 22 7 3 4 25 3 19 29 21 15 8 26 16 17 9 28 2 23 4 27 21 3 6 15 7 23 6 25 18 7 7 2 26 21 12 12 24 11 5 18 21 16 30 2 13 11 7 13 5 14 8 20 16 22 8 21 23 3 17 28 21 20 22 21 2 25 29 1 26 6 20 2 1 22 28 12 19 10 21 2 12 28 20 29 23 16 26 28 6 7 15 15 3 27 15 12 15 25 23 7 13 3 1 30 5 20 17 7 19 7 7 8 24 11 16 21 20 19 10 11 26 17 7 14 8 6 6 26 16 1 12 8 9 17 19 24 22 7 19 4 8 10 27 18 25 9 14 23 24 20 16 22 7 23 1 29 18 25 16 3 13 19 29 27 19 2 8 11 23 3 19 28 27 14 29 15 19 28 30 12 27 6 5 21 18 17 29 2 20 21 15 7 5 30 21 26 4 27 15 29 19 1 12 10 13 22 15 2 15 10 5 30 25 30 27 21 22 15 26 11 8 29 14 17 15 26 25 29 13 13 22 27 25 1 16 19 28 28 20 18 1 23 17 5 9 13 28 19 4 19 12 10 28 14 2 8 18 8 21 9 14 24 28 26 24 7 19 16 19 6 19 8 14 5 17 28 12 5 10 22 12 28 24 18 29 17 30 22 30 13 28 15 3 10 13 9 24 11 26 23 25 25 29 15 30 12 9 28 4 23 16 25 19 17 21 21 9 25 18 29 16 18 6 15 1 26 1 24 14 18 11 22 9 8 15 21 14 17 24 27 23 25 8 9 12 15 23 29 10 7 10 27 19 3 13 14 23 7 24 14 15 18 1 3 15 18 26 19 22 13
0 4 4
375 443 96 460
0 2 3
170 320 297
0 20 3
382 335 215
0 17 1
30
0 4 2
432 311
0 7 7
293 368 7 173 411 389 276
0 15 3
186 184 444
0 12 1
385
0 7 2
392 422
0 8 2
109 2
0 4 1
328
0 18 1
413
0 1 1
233
0 12 2
249 290
0 18 4
265 303 421 250
0 14 3
210 270 348
0 9 4
202 171 437 14
0 3 1
360
0 10 2
285 365
0 17 3
286 487 454
0 3 1
0
0 9 1
442
0 12 1
139
0 3 5
405 141 97 275 464
0 9 3
257 150 407
0 9 2
112 5
0 1 1
465
0 1 1
312
0 20 2
289 113
0 18 5
54 144 179 470 472
0 3 3
119 143 287
0 18 4
478 13 147 243
0 9 4
83 67 49 182
0 6 2
99 155
0 18 2
429 75
0 18 2
455 386
0 6 2
6 126
0 8 1
302
0 1 3
92 319 333
0 1 2
474 86
0 2 3
330 329 185
0 15 3
48 355 45
0 1 7
436 310 376 479 475 9 231
0 9 3
232 40 393
0 11 1
70
0 15 2
409 471
0 14 6
253 93 127 55 452 468
0 8 3
66 217 274
0 4 3
269 494 85
0 14 1
291
0 11 5
373 218 87 78 156
0 18 5
38 384 159 52 82
0 15 5
493 124 193 77 248
0 5 2
371 183
0 4 1
72
0 2 2
340 23
0 5 2
362 222
0 8 1
117
0 9 2
489 132
0 7 3
473 33 240
0 17 2
337 216
0 3 1
89
0 3 3
423 51 166
0 7 1
279
0 1 5
107 168 430 377 342
0 20 1
164
0 9 4
308 208 495 26
0 15 2
154 271
0 12 3
261 260 398
0 9 4
447 104 71 98
1 21 1
1
1 22 1
3
1 32 1
4
1 14 1
8
1 38 1
10
1 12 1
11
1 18 1
12
1 23 1
15
1 21 1
16
1 21 1
17
1 33 1
18
1 21 1
19
1 12 1
20
1 15 1
21
1 21 1
22
1 21 1
24
1 10 1
25
1 24 2
27 499
1 32 1
28
1 26 1
29
1 13 1
31
1 20 1
32
1 12 1
34
1 17 1
35
1 21 1
36
1 32 1
37
1 10 1
39
1 16 1
41
1 30 1
42
1 32 1
43
1 27 1
44
1 4 1
46
1 2 1
47
1 21 1
50
1 13 1
53
1 20 2
56 441
1 18 1
57
1 21 1
58
1 10 1
59
1 19 1
60
1 10 1
61
1 14 1
62
1 22 1
63
1 10 1
64
1 8 1
65
1 5 1
68
1 30 1
69
1 24 1
73
1 3 1
74
1 10 1
76
1 17 1
79
1 38 1
80
1 26 2
81 410
1 22 1
84
1 21 1
88
1 14 1
90
1 24 1
91
1 17 1
94
1 30 1
95
1 23 1
100
1 32 1
101
1 16 2
102 281
1 25 1
103
1 29 1
105
1 7 1
106
1 11 1
108
1 14 1
110
1 5 1
111
1 17 1
114
1 14 1
115
1 17 1
116
1 18 1
118
1 9 1
120
1 5 1
121
1 9 1
122
1 24 1
123
1 16 1
125
1 9 1
128
1 18 1
129
1 34 1
130
1 14 2
131 435
1 7 1
133
1 7 1
134
1 22 1
135
1 9 1
136
1 5 1
137
1 13 1
138
1 14 1
140
1 21 1
142
1 36 1
145
1 29 1
146
1 15 1
148
1 12 1
149
1 30 1
151
1 6 1
152
1 35 1
153
1 25 1
157
1 27 2
158 343
1 4 1
160
1 20 1
161
1 23 1
162
1 24 1
163
1 19 1
165
1 27 2
167 399
1 18 1
169
1 5 1
172
1 29 1
174
1 37 1
175
1 32 1
176
1 5 1
177
1 15 1
178
1 33 1
180
1 26 1
181
1 19 1
187
1 14 1
188
1 15 1
189
1 14 1
190
1 8 1
191
1 22 1
192
1 21 1
194
1 23 1
195
1 13 1
196
1 11 1
197
1 15 1
198
1 21 1
199
1 30 1
200
1 13 1
201
1 16 1
203
1 18 1
204
1 17 1
205
1 5 1
206
1 33 1
207
1 4 1
209
1 15 1
211
1 13 1
212
1 20 1
213
1 38 1
214
1 21 1
219
1 13 1
220
1 25 1
221
1 22 1
223
1 9 1
224
1 6 1
225
1 15 1
226
1 27 2
227 356
1 19 1
228
1 20 1
229
1 15 1
230
1 32 1
234
1 10 1
235
1 15 1
236
1 13 1
237
1 21 1
238
1 13 1
239
1 27 1
241
1 16 1
242
1 24 1
244
1 25 1
245
1 30 1
246
1 16 1
247
1 32 1
251
1 17 1
252
1 19 1
254
1 16 1
255
1 21 1
256
1 14 1
258
1 16 1
259
1 26 1
262
1 29 1
263
1 10 1
264
1 35 1
266
1 11 1
267
1 15 1
268
1 19 1
272
1 12 1
273
1 23 1
277
1 33 1
278
1 10 1
280
1 19 1
282
1 23 1
283
1 13 1
284
1 19 2
288 294
1 13 1
292
1 16 1
295
1 27 1
296
1 16 1
298
1 6 1
299
1 9 1
300
1 27 1
301
1 10 1
304
1 19 1
305
1 7 1
306
1 20 1
307
1 9 1
309
1 24 1
313
1 29 1
314
1 16 1
315
1 5 1
316
1 35 1
317
1 19 1
318
1 21 1
321
1 11 1
322
1 10 1
323
1 13 2
324 363
1 12 1
325
1 21 1
326
1 9 1
327
1 14 1
331
1 18 1
332
1 28 1
334
1 15 2
336 381
1 38 1
338
1 18 1
339
1 24 1
341
1 23 1
344
1 18 1
345
1 10 1
346
1 23 1
347
1 35 1
349
1 27 1
350
1 9 1
351
1 13 1
352
1 33 1
353
1 13 1
354
1 17 1
357
1 26 1
358
1 13 1
359
1 18 1
361
1 21 1
364
1 33 1
366
1 6 1
367
1 12 1
369
1 26 1
370
1 28 1
372
1 7 1
374
1 8 1
378
1 14 1
379
1 29 1
380
1 2 2
383 483
1 26 1
387
1 26 1
388
1 12 1
390
1 14 1
391
1 22 1
394
1 24 1
395
1 17 1
396
1 29 1
397
1 27 1
400
1 10 2
401 458
1 24 2
402 439
1 6 1
403
1 8 1
404
1 18 1
406
1 18 1
408
1 4 1
412
1 8 1
414
1 10 1
415
1 12 1
416
1 23 1
417
1 7 2
418 433
1 17 1
419
1 16 1
420
1 22 1
424
1 29 1
425
1 15 1
426
1 26 1
427
1 21 1
428
1 13 1
431
1 13 1
434
1 27 1
438
1 12 1
440
1 29 1
445
1 26 1
446
1 35 1
448
1 27 1
449
1 29 1
450
1 38 2
451 453
1 23 1
456
1 22 1
457
1 38 1
459
1 17 1
461
1 26 1
462
1 17 1
463
1 24 1
466
1 6 1
467
1 9 1
469
1 9 1
476
1 23 1
477
1 20 1
480
1 29 1
481
1 31 1
482
1 21 1
484
1 16 1
485
1 26 1
486
1 13 1
488
1 20 1
490
1 16 1
491
1 35 1
492
1 18 1
496
1 18 1
497
1 13 1
498
