1000 672 1550 18
6 28 4 4 12 10 8 24 26 7 9 10 6 2 20 23 17 21 14 28 28 4 10 12 25 18 26 19 21 2 14 15 22 17 30 29 4 4 23 11 17 8 8 17 29 21 11 8 18 21 11 18 14 11 18 1 21 28 15 22 15 1 11 16 27 5 1 14 20 28 11 9 18 16 27 24 5 29 24 2 17 1 24 13 30 25 17 8 9 4 6 7 17 3 3 28 10 13 20 25 27 5 26 6 29 27 26 6 10 13 18 24 20 23 23 20 16 5 5 29 18 17 27 6 29 12 27 24 27 15 15 20 19 1 26 22 29 21 1 9 21 5 2 15 5 20 26 17 11 25 9 22 9 3 12 11 22 6 13 7 9 26 9 14 1 12 1 20 22 13 25 11 13 14 24 4 17 13 21 10 11 14 13 5 3 22 25 21 8 5 22 30 3 27 9 30 6 5 16 20 10 16 13 1 18 25 17 1 17 20 8 17 11 25 7 4 25 3 5 5 25 14 11 7 4 14 20 23 20 24 5 16 17 16 1 6 10 17 21 10 19 12 29 15 12 29 21 18 3 25 29 1 7 10 10 26 6 14 20 24 16 10 7 2 7 30 24 3 27 17 23 22 27 7 11 27 8 6 1 28 23 25 8 8 18 12 14 4 14 25 21 13 8 13 18 1 11 1 1 22 30 17 19 28 19 2 11 14 16 8 9 25 17 25 19 3 28 12 4 9 9 2 22 22 29 16 20 29 22 3 22 1 1 5 5 15 22 27 13 22 24 28 6 12 27 11 17 4 7 1 16 25 29 17 25 25 23 30 4 20 16 10 10 15 22 23 1 19 16 18 20 27 7 24 14 17 6 4 16 24 19 22 26 27 6 13 24 20 5 16 5 2 21 23 4 4 19 26 9 18 23 21 4 9 24 7 19 22 23 4 24 30 12 23 10 25 1 25 2 15 26 12 6 16 9 22 4 5 11 23 29 5 20 26 28 26 1 6 7 2 7 14 17 21 20 7 21 13 23 12 19 10 14 18 3 3 24 6 27 19 1 5 2 20 22 29 18 7 1 16 25 23 15 29 9 8 10 15 17 25 16 18 29 9 30 19 14 17 9 16 30 7 6 12 6 17 12 27 20 25 13 12 23 6 27 14 28 28 18 13 21 26 2 25 27 13 1 19 2 4 11 1 20 17 20 12 18 1 10 30 6 18 14 22 24 22 1 2 29 1 15 10 14 30 9 29 14 21 25 16 17 5 14 12 12 17 9 19 28 17 6 26 5 16 27 2 16 18 22 8 11 16 3 3 26 23 1 13 7 25 23 16 3 5 10 30 5 21 16 21 7 27 21 16 6 2 29 28 4 12 4 12 25 1 12 28 8 30 26 13 14 13 15 20 7 29 27 24 7 2 24 21 28 23 24 11 30 11 2 13 3 10 19 3 3 12 12 13 10 30 10 25 26 29 13 7 27 10 23 12 10 15 14 2 7 22 14 30 21 29 28 10 17 6 29 7 8 17 20 29 25 30 10 1 3 18 24 22 30 19 29 23 27 25 22 12 7 19 5 16 18 24 22 1 16 10 26 26 16 20 16 5 12 9 25 27 26 18 15 17 30 11 21 23 22 16 5 11 17 2 5 22 21 30 9 1 28 7 11 12 16 5 21 24 26 10 9 23 23 30 23 23 24 6 1 11 3 28 16 20 6 6 22 19 30 24 27 17 8 6 8 26 2 12 27 18 6 8 22 18 3 22 4 2 15 13 26 1 5 6 23 29 7 12 11 20 17 14 22 7 11 28 30 19 12 27 19 18 15 19 24 12 9 24 25 6 26 29 16 22 27 10 16 19 22 12 20 14 8 24 18 21 30 10 7 14 26 12 24 9 20 23 3 22 2 24 16 12 16 27 24 30 25 19 19 27 23 7 12 15 18 7 2 23 14 17 9 28 29 26 10 6 29 28 15 30 14 12 17 20 8 23 24 25 8 9 12 16 14 29 28 4 16 18 3 10 29 21 20 16 14 3 12 16 18 10 1 3 26 25 10 19 7 13 14 10 6 21 13 11 16 23 4 13 23 2 28 28 10 9 24 24 21 26 15 2 5 3 14 1 22 6 26 8 2 8 29 25 17 26 3 26 29 13 8 13 26 5 5 27 8 16 21 30 26 15 20 21 20 15 23 2 8 26 10 1 4 26 19 15 7 30 12 13 16 20 9 22 17 7 1 23 28 16 14 11 8 9 25 28 2 16 13 24 17 2 13 22 23 30
1 30 26 5 3 22 12 14 29 4 10 30 28 21 12 25 5 30 12 11 15 9 27 13 15 22 27 19 4 20 13 16 20 15 13 14 2 2 13 17 7 16 12 19 27 19 29 30 19 8 8 7 13 21 17 6 12 11 2 18 25 16 24 27 1 8 14 11 28 30 29 2 17 8 14 23 27 5 4 21 29 21 18 26 24 17 9 8 24 29 26 22 17 25 5 24 27 26 9 22 13 12 22 19 22 4 30 8 2 3 26 9 11 15 4 3 24 19 8 28 26 24 11 1 9 23 16 28 21 29 22 17 28 4 23 20 15 1 19 16 30 19 18 10 1 19 23 18 10 3 4 19 5 1 3 29 2 25 26 20 1 19 30 6 29 11 10 17 14 29 29 16 1 20 3 14 27 4 2 3 21 26 22 13 29 4 5 26 7 20 29 28 14 20 3 12 20 4 11 17 4 22 8 25 20 7 28 29 2 8 21 4 22 7 20 11 29 21 21 13 7 2 10 26 9 3 4 16 12 4 14 15 10 19 11 22 9 6 18 15 12 5 15 13 3 30 20 30 4 27 6 25 27 13 18 6 13 17 13 2 24 9 4 29 23 16 16 10 5 23 19 3 16 1 16 16 20 17 1 14 1 18 20 2 12 4 3 1 19 17 4 6 20 18 5 7 24 7 8 5 21 10 21 7 24 12 16 24 5 10 6 11 13 12 13 24 27 25 26 25 28 1 16 12 3 8 22 28 20 11 20 3 26 23 11 19 2 27 11 13 24 8 26 5 10 14 11 1 4 27 25 4 20 13 25 6 1 5 7 2 2 22 12 28 20 3 8 9 17 23 29 12 7 18 27 26 21 21 23 17 17 5 26 24 23 8 30 12 20 29 13 20 28 26 3 7 23 6 5 15 17 2 10 10 26 11 26 10 17 8 11 22 6 24 22 17 12 7 21 25 11 25 11 11 3 14 14 19 1 29 19 6 13 26 22 22 20 14 26 4 6 18 25 10 19 8 22 8 8 8 23 14 24 26 5 3 19 5 12 1 9 14 15 24 11 3 21 9 30 10 24 18 5 1 9 4 28 27 8 2 8 13 2 5 25 7 4 5 3 21 2 20 3 19 9 9 15 6 9 30 18 17 6 8 27 21 12 1 30 21 28 11 20 26 26 9 28 7 26 2 19 11 1 30 20 29 6 20 27 26 17 11 13 25 17 20 7 27 9 20 30 25 5 20 27 22 14 1 5 6 4 29 11 2 13 21 12 13 17 9 14 23 22 30 17 17 6 17 17 9 19 30 14 7 2 14 4 5 4 9 26 2 6 2 27 19 24 19 13 12 9 19 23 23 1 14 3 28 10 4 28 26 11 8 24 21 14 24 22 8 5 15 16 27 5 25 7 14 26 15 17 1 9 22 17 20 24 25 12 12 13 18 23 28 21 24 15 10 23 18 2 24 10 9 20 16 6 10 2 10 12 27 9 20 27 14 7 8 11 16 22 28 13 23 24 28 27 20 24 4 17 1 15 8 20 20 18 22 23 17 26 14 23 27 17 21 8 6 24 4 8 14 6 16 7 7 18 21 5 13 17 14 19 8 25 4 19 20 8 27 28 2 7 2 13 9 26 2 20 25 26 11 5 27 9 28 3 10 16 17 5 27 4 9 9 11 4 24 21 23 10 19 22 13 6 1 23 14 16 23 8 18 22 25 21 18 18 21 23 8 9 4 5 21 21 12 20 25 30 30 28 27 21 9 10 14 15 26 25 19 24 8 24 29 14 18 10 20 19 8 11 15 6 11 6 30 15 14 29 7 21 21 2 22 25 16 1 28 12 11 28 4 27 24 19 30 8 9 12 21 13 14 5 17 16 10 24 12 7 9 10 17 27 30 28 25 1 15 11 22 6 13 22 12 25 22 18 24 12 9 24 14 13 11 14 19 27 19 16 10 19 9 27 17 20 13 10 30 21 6 12 21 23 23 15 10 29 21 28 25 22 5 29 29 3 13 25 20 4 24 24 26 24 22 25 23 17 4 9 3 12 16 12 16 26 6 16 29 25 25 20 3 6 7 10 30 26 14 28 9 27 16 12 1 13 23 7 5 13 26 11 29 5 30 13 10 12 25 9 14 30 22 11 24 15 15 12 28 3 13 29 10 4 22 10 17 9 25 5 27 5 13 11 9 10 9 12 4 21 26 11 8 18 18 8 2 6 15 11 8 27 11 11 16 2 15 12 17 6 7 6 15 5 19 19 7 5 1 1 1
0 11 5
968 499 278 179 165
0 5 4
185 84 149 688
0 7 12
190 947 9 143 755 774 347 958 87 67 609 342
0 4 2
401 917
0 1 5
18 425 558 280 296
0 13 4
962 557 964 343
0 17 2
544 652
0 9 4
931 703 367 507
0 1 2
700 107
0 2 5
644 151 242 73 944
0 18 8
229 538 26 910 369 966 423 584
0 1 5
492 217 248 903 547
0 11 2
886 102
0 1 4
743 926 23 38
0 13 3
812 259 433
0 3 6
982 789 312 764 935 22
0 11 2
389 462
0 8 2
2 519
0 2 2
581 510
0 4 8
129 10 391 629 159 904 39 872
0 13 9
941 96 954 610 967 685 250 25 336
0 15 9
868 895 225 848 34 173 219 763 835
0 13 6
195 862 226 490 588 814
0 5 6
945 561 257 279 103 386
0 11 6
306 54 575 447 31 573
0 19 2
154 914
0 8 13
495 218 831 773 708 20 736 441 388 353 43 215 424
0 10 6
137 30 266 554 866 916
0 18 8
739 205 329 88 134 511 826 913
0 1 6
1 639 37 400 593 845
0 9 3
90 698 663
0 5 7
596 112 864 921 710 50 977
0 19 8
595 552 909 918 928 742 509 383
0 2 2
571 974
0 2 5
989 712 800 827 221
0 6 3
760 294 125
0 7 2
176 19
0 13 2
828 357
0 2 8
438 70 933 265 208 260 508 340
0 16 4
213 919 272 186
0 16 1
157
0 5 3
308 138 313
0 10 9
998 567 44 338 899 128 404 689 877
0 1 2
976 628
0 9 3
247 191 361
0 7 5
924 719 53 791 981
0 2 2
824 635
0 10 6
453 960 702 634 485 542
0 7 5
181 24 449 227 907
0 4 2
136 101
0 19 3
236 239 530
0 9 10
482 863 264 725 771 392 722 223 171 843
0 11 2
556 808
0 9 7
684 683 524 560 512 71 732
0 11 4
624 929 661 130
0 1 2
256 385
0 16 3
35 463 505
0 14 6
988 163 5 387 751 769
0 19 1
779
0 12 9
662 458 861 851 75 717 723 876 597
0 12 3
491 867 948
0 17 6
3 446 334 201 715 290
0 18 1
300
0 3 1
908
0 20 7
602 564 428 121 728 873 69
0 1 5
816 271 766 268 315
0 6 4
599 199 738 188
0 10 4
384 494 953 847
0 19 4
822 585 829 860
0 8 4
396 210 902 817
0 7 4
8 582 109 350
0 6 9
105 64 411 969 303 94 727 869 837
0 13 2
859 545
0 7 3
366 360 479
0 10 2
207 245
0 5 1
356
0 18 1
132
0 11 8
6 667 93 598 270 147 115 618
0 9 2
498 647
0 14 1
281
0 16 2
591 925
0 17 7
216 316 29 465 410 686 923
0 17 1
456
1 23 1
0
1 18 2
4 589
1 30 1
7
1 10 1
11
1 11 1
12
1 25 1
13
1 31 1
14
1 21 1
15
1 30 1
16
1 17 1
17
1 26 1
21
1 12 1
27
1 23 2
28 397
1 15 1
32
1 28 1
33
1 22 1
36
1 25 1
40
1 13 1
41
1 19 1
42
1 28 1
45
1 25 1
46
1 16 1
47
1 29 1
48
1 28 1
49
1 22 1
51
1 20 1
52
1 36 1
55
1 8 1
56
1 18 1
57
1 17 2
58 737
1 24 1
59
1 12 1
60
1 13 1
61
1 32 1
62
1 13 1
63
1 14 1
65
1 12 1
66
1 11 1
68
1 13 1
72
1 14 1
74
1 18 1
76
1 12 1
77
1 17 1
78
1 28 1
79
1 18 1
80
1 17 1
81
1 14 1
82
1 21 1
83
1 18 1
85
1 10 1
86
1 24 1
89
1 23 2
91 626
1 23 1
92
1 16 1
95
1 19 1
97
1 22 1
98
1 20 1
99
1 19 1
100
1 12 1
104
1 21 1
106
1 21 1
108
1 20 1
110
1 24 1
111
1 13 1
113
1 22 1
114
1 27 1
116
1 19 1
117
1 16 1
118
1 19 2
119 263
1 8 1
120
1 21 1
122
1 20 1
123
1 23 1
124
1 30 1
126
1 29 1
127
1 4 2
131 273
1 14 1
133
1 11 1
135
1 8 1
139
1 27 1
140
1 23 1
141
1 21 1
142
1 14 1
144
1 2 1
145
1 24 1
146
1 13 2
148 592
1 9 1
150
1 31 1
152
1 28 1
153
1 29 1
155
1 12 1
156
1 17 1
158
1 16 2
160 521
1 30 1
161
1 32 1
162
1 16 2
164 325
1 6 1
166
1 15 1
167
1 25 1
168
1 24 1
169
1 23 1
170
1 2 1
172
1 10 1
174
1 11 1
175
1 19 1
177
1 15 1
178
1 4 1
180
1 13 1
182
1 21 1
183
1 17 2
184 978
1 10 1
187
1 11 1
189
1 12 1
192
1 20 1
193
1 30 1
194
1 22 1
196
1 14 1
197
1 22 1
198
1 14 1
200
1 9 2
202 262
1 7 1
203
1 11 1
204
1 16 2
206 699
1 32 1
209
1 36 1
211
1 24 1
212
1 13 1
214
1 10 1
220
1 13 1
222
1 34 2
224 920
1 2 1
228
1 21 1
230
1 10 1
231
1 20 2
232 298
1 17 1
233
1 26 1
234
1 14 1
235
1 9 1
237
1 10 1
238
1 5 1
240
1 6 1
241
1 11 1
243
1 14 1
244
1 27 1
246
1 24 2
249 980
1 29 1
251
1 19 1
252
1 25 1
253
1 17 1
254
1 19 1
255
1 10 1
258
1 12 1
261
1 20 1
267
1 11 1
269
1 27 1
274
1 17 1
275
1 9 1
276
1 12 1
277
1 24 1
282
1 19 2
283 756
1 24 1
284
1 29 1
285
1 32 1
286
1 28 4
287 529 576 651
1 13 1
288
1 20 1
289
1 22 1
291
1 27 1
292
1 15 1
293
1 19 1
295
1 16 1
297
1 18 1
299
1 20 1
301
1 21 1
302
1 17 1
304
1 14 1
305
1 18 1
307
1 21 1
309
1 31 1
310
1 18 1
311
1 22 1
314
1 30 1
317
1 15 1
318
1 3 1
319
1 30 1
320
1 22 1
321
1 23 2
322 687
1 2 1
323
1 5 1
324
1 26 1
326
1 12 1
327
1 16 2
328 455
1 8 2
330 470
1 14 1
331
1 22 2
332 875
1 12 1
333
1 6 1
335
1 25 1
337
1 28 1
339
1 2 1
341
1 26 1
344
1 26 1
345
1 12 1
346
1 19 2
348 730
1 24 1
349
1 20 1
351
1 25 1
352
1 33 1
354
1 26 2
355 381
1 20 1
358
1 16 1
359
1 31 1
362
1 14 1
363
1 12 1
364
1 18 1
365
1 32 1
368
1 27 1
370
1 21 1
371
1 10 1
372
1 16 2
373 675
1 12 1
374
1 35 1
375
1 17 1
376
1 24 1
377
1 29 1
378
1 28 1
379
1 14 1
380
1 30 1
382
1 36 1
390
1 20 1
393
1 38 1
394
1 31 1
395
1 18 1
398
1 26 1
399
1 19 1
402
1 7 1
403
1 20 1
405
1 28 1
406
1 31 1
407
1 21 1
408
1 35 2
409 459
1 24 1
412
1 17 1
413
1 33 1
414
1 19 1
415
1 6 1
416
1 20 1
417
1 23 1
418
1 9 2
419 906
1 27 1
420
1 19 1
421
1 29 1
422
1 14 1
426
1 7 1
427
1 9 1
429
1 22 1
430
1 33 1
431
1 25 1
432
1 22 1
434
1 28 1
435
1 13 1
436
1 23 1
437
1 27 1
439
1 18 1
440
1 8 1
442
1 14 1
443
1 26 1
444
1 22 1
445
1 2 1
448
1 18 1
450
1 11 1
451
1 32 1
452
1 10 1
454
1 12 1
457
1 11 1
460
1 17 1
461
1 17 1
464
1 9 1
466
1 17 1
467
1 26 1
468
1 20 1
469
1 20 1
471
1 15 1
472
1 22 1
473
1 35 1
474
1 33 1
475
1 27 1
476
1 28 1
477
1 7 1
478
1 3 1
480
1 15 1
481
1 29 1
483
1 31 1
484
1 14 1
486
1 5 1
487
1 14 1
488
1 33 1
489
1 24 1
493
1 18 1
496
1 17 1
497
1 27 1
500
1 28 1
501
1 29 1
502
1 25 1
503
1 28 1
504
1 18 1
506
1 27 1
513
1 13 1
514
1 17 1
515
1 32 1
516
1 24 1
517
1 16 2
518 532
1 25 1
520
1 28 1
522
1 17 1
523
1 15 1
525
1 13 1
526
1 3 1
527
1 30 1
528
1 22 1
531
1 19 2
533 632
1 27 1
534
1 11 1
535
1 30 1
536
1 14 1
537
1 15 1
539
1 13 1
540
1 6 1
541
1 22 1
543
1 21 1
546
1 13 1
548
1 3 1
549
1 16 1
550
1 29 1
551
1 27 1
553
1 13 2
555 833
1 10 1
559
1 9 1
562
1 18 1
563
1 6 2
565 690
1 23 1
566
1 24 1
568
1 23 1
569
1 29 1
570
1 5 1
572
1 13 1
574
1 18 1
577
1 38 2
578 600
1 12 1
579
1 25 1
580
1 29 1
583
1 11 1
586
1 14 2
587 849
1 25 1
590
1 8 1
594
1 16 2
601 973
1 18 1
603
1 16 1
604
1 22 1
605
1 26 1
606
1 13 1
607
1 11 1
608
1 30 1
611
1 4 1
612
1 9 1
613
1 17 1
614
1 21 1
615
1 25 1
616
1 26 2
617 853
1 23 1
619
1 20 1
620
1 7 1
621
1 27 1
622
1 26 1
623
1 37 1
625
1 20 1
627
1 17 1
630
1 12 1
631
1 29 1
633
1 29 1
636
1 29 1
637
1 15 1
638
1 8 1
640
1 24 1
641
1 27 1
642
1 7 1
643
1 16 1
645
1 20 1
646
1 16 1
648
1 16 1
649
1 9 1
650
1 26 1
653
1 19 1
654
1 22 1
655
1 24 1
656
1 12 1
657
1 21 1
658
1 27 1
659
1 29 1
660
1 18 1
664
1 14 1
665
1 15 1
666
1 9 1
668
1 16 1
669
1 18 1
670
1 29 1
671
1 14 1
672
1 8 1
673
1 11 1
674
1 22 1
676
1 25 2
677 780
1 8 1
678
1 26 1
679
1 7 1
680
1 8 1
681
1 7 1
682
1 11 1
691
1 14 1
692
1 29 1
693
1 21 1
694
1 17 1
695
1 31 2
696 975
1 39 1
697
1 12 1
701
1 29 1
704
1 31 1
705
1 35 1
706
1 13 1
707
1 3 1
709
1 25 1
711
1 13 2
713 927
1 12 1
714
1 24 1
716
1 6 1
718
1 12 1
720
1 9 1
721
1 27 1
724
1 34 1
726
1 12 1
729
1 16 1
731
1 30 1
733
1 15 1
734
1 14 1
735
1 10 1
740
1 16 1
741
1 14 1
744
1 29 1
745
1 18 1
746
1 11 1
747
1 31 1
748
1 6 1
749
1 13 2
750 961
1 14 1
752
1 27 1
753
1 36 1
754
1 20 1
757
1 27 1
758
1 16 1
759
1 25 1
761
1 13 1
762
1 19 1
765
1 19 1
767
1 10 1
768
1 19 1
770
1 37 1
772
1 11 1
775
1 15 1
776
1 11 1
777
1 31 1
778
1 36 1
781
1 13 1
782
1 26 1
783
1 14 1
784
1 26 1
785
1 29 1
786
1 3 1
787
1 19 1
788
1 11 1
790
1 12 1
792
1 8 1
793
1 29 1
794
1 29 1
795
1 11 1
796
1 24 1
797
1 18 1
798
1 14 1
799
1 27 1
801
1 36 1
802
1 16 1
803
1 19 1
804
1 7 1
805
1 25 1
806
1 16 1
807
1 9 1
809
1 11 1
810
1 9 1
811
1 25 1
813
1 20 1
815
1 20 1
818
1 7 1
819
1 21 1
820
1 23 1
821
1 4 2
823 937
1 35 1
825
1 19 1
830
1 21 1
832
1 16 1
834
1 22 1
836
1 29 1
838
1 15 1
839
1 7 1
840
1 17 1
841
1 23 1
842
1 25 1
844
1 18 1
846
1 20 1
850
1 27 2
852 888
1 30 1
854
1 13 1
855
1 24 1
856
1 18 1
857
1 2 1
858
1 37 1
865
1 24 1
870
1 28 1
871
1 30 1
874
1 16 1
878
1 11 1
879
1 14 1
880
1 13 1
881
1 28 1
882
1 13 1
883
1 33 1
884
1 9 1
885
1 8 1
887
1 21 1
889
1 11 1
890
1 13 1
891
1 17 1
892
1 19 1
893
1 10 1
894
1 16 1
896
1 32 1
897
1 24 1
898
1 14 1
900
1 7 1
901
1 36 1
905
1 19 1
911
1 19 1
912
1 18 1
915
1 33 1
922
1 9 1
930
1 20 1
932
1 16 1
934
1 20 1
936
1 31 1
938
1 10 1
939
1 12 1
940
1 10 1
942
1 30 1
943
1 20 1
946
1 12 1
949
1 30 1
950
1 21 1
951
1 20 1
952
1 24 1
955
1 11 1
956
1 15 1
957
1 21 1
959
1 18 1
963
1 16 1
965
1 19 1
970
1 21 1
971
1 24 1
972
1 6 1
979
1 25 1
983
1 16 1
984
1 30 1
985
1 17 1
986
1 15 1
987
1 15 1
990
1 22 1
991
1 3 1
992
1 19 1
993
1 16 1
994
1 10 1
995
1 17 1
996
1 24 1
997
1 15 1
999
