300 238 465 20
25 28 26 18 22 26 13 6 1 23 17 16 13 11 6 17 3 6 8 29 29 3 16 30 15 9 15 13 11 10 18 29 12 25 7 19 28 3 23 13 5 29 23 19 15 19 27 17 20 7 18 17 29 13 11 5 29 10 1 14 4 18 13 23 24 17 16 2 22 26 3 16 30 25 19 13 9 21 25 18 2 12 5 13 6 12 7 5 13 11 2 25 30 16 8 18 3 25 28 5 25 19 8 11 19 9 14 23 10 18 15 18 5 20 1 29 8 18 21 4 8 24 27 12 17 25 15 2 12 23 4 9 15 4 23 17 17 17 20 28 6 19 24 14 16 28 10 4 28 28 14 30 25 21 7 21 17 30 17 26 20 7 27 30 2 19 1 4 7 8 13 3 2 19 23 5 15 17 23 6 17 20 7 13 30 20 3 30 30 24 2 2 1 3 19 8 13 16 17 20 13 1 6 27 21 21 3 6 19 22 16 27 14 4 22 7 16 27 26 30 3 18 24 4 12 14 2 10 16 14 29 20 27 13 16 11 3 19 7 24 17 16 20 14 19 11 6 29 29 21 10 29 1 23 7 12 30 3 15 8 16 21 13 26 7 17 5 9 15 12 8 26 26 16 16 6 4 9 16 4 15 7 12 11 1 14 4 15 7 8 27 5 30 17 14 23 17 3 29 4
29 18 19 22 1 15 17 16 12 19 13 22 5 10 4 22 4 10 27 3 15 8 30 7 15 27 17 13 7 15 6 4 23 21 25 1 10 27 17 10 15 23 28 13 11 24 30 4 5 12 14 23 5 28 8 15 12 3 10 8 19 6 1 12 28 9 25 24 19 5 5 15 20 8 30 6 10 29 24 21 8 14 4 12 28 25 16 18 23 18 6 3 4 22 27 30 20 12 5 18 13 11 13 5 14 27 8 23 15 23 7 30 8 21 25 11 25 5 23 13 18 21 9 15 10 20 3 10 26 28 2 7 12 25 6 10 24 19 10 30 3 9 21 10 30 13 13 3 26 5 7 21 9 17 13 10 13 16 26 6 14 11 25 29 20 26 15 27 28 5 21 6 4 8 18 6 9 25 16 21 4 25 12 20 29 14 12 2 24 3 26 12 2 7 2 4 29 4 10 4 20 30 6 2 22 20 12 7 7 29 1 1 16 7 19 22 5 13 3 7 19 1 2 3 1 21 27 3 30 6 30 21 21 21 1 16 5 7 4 30 7 22 12 7 23 28 11 26 29 19 18 2 17 18 24 26 8 16 3 23 30 2 23 1 17 14 14 17 30 13 4 13 10 30 14 12 7 21 24 23 15 3 17 7 6 9 11 29 8 7 30 5 11 11 28 7 22 12 17 17
0 12 1
287
0 3 4
158 49 162 239
0 16 1
251
0 13 2
119 89
0 14 1
275
0 12 2
97 86
0 18 3
110 23 59
0 3 1
163
0 15 2
221 279
0 6 1
191
0 5 3
172 166 15
0 5 1
102
0 11 1
219
0 1 1
177
0 9 1
271
0 3 1
255
0 10 3
5 99 238
0 9 2
60 19
0 13 3
39 137 3
0 8 3
183 129 55
0 8 1
289
0 19 1
63
0 7 1
277
0 7 2
199 180
0 14 2
264 253
0 19 3
37 226 2
0 10 1
225
0 6 2
205 106
0 17 4
67 181 87 228
0 3 2
125 262
0 8 1
222
0 4 2
160 213
0 11 4
156 281 218 30
0 5 3
54 260 6
0 10 1
114
0 17 2
273 267
0 11 1
29
0 19 3
217 230 211
0 14 2
198 243
0 10 2
4 272
0 15 2
109 134
0 6 3
94 142 299
0 6 1
17
0 14 1
115
0 1 1
212
0 8 3
13 27 178
0 13 4
38 298 200 204
0 10 1
240
0 13 2
41 95
0 20 1
138
0 10 4
282 46 245 295
0 17 2
18 257
0 7 2
88 155
0 1 2
22 143
0 15 3
21 126 241
0 16 1
56
0 18 1
64
1 29 1
0
1 11 2
1 208
1 11 1
7
1 23 1
8
1 20 1
9
1 20 1
10
1 25 1
11
1 33 1
12
1 29 1
14
1 16 1
16
1 19 1
20
1 27 1
24
1 21 1
25
1 21 1
26
1 22 1
28
1 35 2
31 75
1 26 1
32
1 21 1
33
1 27 1
34
1 22 1
35
1 18 2
36 265
1 24 1
40
1 13 1
42
1 20 1
43
1 31 1
44
1 19 1
45
1 11 1
47
1 17 1
48
1 15 1
50
1 15 1
51
1 21 1
52
1 18 1
53
1 25 1
57
1 15 1
58
1 23 1
61
1 34 1
62
1 31 1
65
1 27 1
66
1 30 1
68
1 11 2
69 254
1 23 1
70
1 23 1
71
1 18 1
72
1 20 1
73
1 24 1
74
1 12 1
76
1 11 1
77
1 20 1
78
1 15 1
79
1 24 1
80
1 13 1
81
1 19 1
82
1 14 1
83
1 35 1
84
1 20 1
85
1 15 2
90 98
1 9 1
91
1 31 1
92
1 29 1
93
1 27 1
96
1 21 1
100
1 21 1
101
1 14 1
103
1 8 1
104
1 19 1
105
1 20 1
107
1 6 1
108
1 18 1
111
1 16 1
112
1 16 1
113
1 31 1
116
1 29 1
117
1 11 1
118
1 16 1
120
1 16 1
121
1 20 1
122
1 13 1
123
1 21 1
124
1 8 1
127
1 25 1
128
1 15 1
130
1 16 1
131
1 25 1
132
1 19 1
133
1 25 1
135
1 21 1
136
1 8 1
139
1 31 1
140
1 26 1
141
1 13 1
144
1 29 1
145
1 22 1
146
1 22 1
147
1 28 1
148
1 26 2
149 209
1 19 1
150
1 12 1
151
1 20 1
152
1 24 1
153
1 15 1
154
1 13 1
157
1 32 1
159
1 23 1
161
1 28 1
164
1 34 1
165
1 22 1
167
1 30 1
168
1 22 1
169
1 27 1
170
1 13 1
171
1 25 2
173 247
1 21 1
174
1 20 1
175
1 21 1
176
1 9 1
179
1 34 1
182
1 33 1
184
1 14 1
185
1 29 1
186
1 20 1
187
1 33 1
188
1 23 1
189
1 25 1
190
1 37 1
192
1 38 1
193
1 31 1
194
1 22 1
195
1 15 1
196
1 16 1
197
1 24 1
201
1 27 1
202
1 20 1
203
1 39 1
206
1 36 1
207
1 28 1
210
1 31 1
214
1 16 1
215
1 29 1
216
1 19 1
220
1 13 1
223
1 28 1
224
1 32 1
227
1 18 1
229
1 25 1
231
1 14 2
232 286
1 34 1
233
1 10 1
234
1 8 1
235
1 16 1
236
1 24 1
237
1 21 1
242
1 18 1
244
1 17 1
246
1 27 1
248
1 10 1
249
1 8 1
250
1 13 1
252
1 30 1
256
1 17 1
258
1 33 1
259
1 38 1
261
1 21 1
263
1 7 1
266
1 19 1
268
1 36 1
269
1 29 1
270
1 15 1
274
1 15 1
276
1 24 1
278
1 18 1
280
1 28 1
283
1 15 1
284
1 33 1
285
1 13 1
288
1 24 1
290
1 23 1
291
1 14 1
292
1 16 1
293
1 31 1
294
1 20 1
296
1 21 1
297
