500 363 775 20
22 15 13 25 23 13 16 29 8 25 16 13 7 19 24 2 19 6 21 15 16 8 17 18 21 18 11 9 29 16 20 23 11 27 23 29 20 1 26 7 5 19 1 28 17 6 14 22 26 7 21 15 20 4 24 5 6 28 26 20 28 3 2 2 29 30 11 16 27 14 5 15 8 28 2 26 13 11 29 16 18 30 2 16 24 20 10 10 17 4 26 23 30 1 15 10 13 18 15 24 16 7 3 14 12 22 28 15 5 9 6 24 27 28 9 14 28 9 20 28 1 3 17 13 11 28 20 15 21 18 20 18 24 10 18 13 1 1 9 22 26 6 9 25 25 8 25 6 21 23 26 28 5 13 30 15 21 29 24 4 26 7 2 3 26 29 18 7 21 10 9 14 10 4 20 16 13 6 14 26 9 13 7 14 12 13 14 11 13 9 14 27 15 11 22 8 5 23 1 9 14 23 29 17 26 14 1 15 26 5 18 27 19 23 16 16 9 18 19 5 19 16 25 18 20 27 24 6 2 12 22 24 6 6 24 8 17 20 16 5 10 18 5 22 30 27 3 2 2 26 29 19 24 8 21 9 1 21 25 2 19 8 18 25 19 7 22 26 6 29 2 9 27 27 2 1 6 3 6 23 21 5 22 10 6 22 20 25 3 22 1 27 5 4 10 13 4 24 8 30 25 20 5 26 27 10 18 25 30 2 8 18 29 4 7 19 8 3 6 19 6 27 2 29 16 17 29 28 2 21 15 20 20 2 27 5 9 16 14 3 4 24 17 19 4 6 10 20 19 14 7 19 21 30 6 7 2 29 6 26 26 29 3 13 28 24 19 27 11 3 28 26 2 11 5 6 25 9 10 17 28 21 3 16 11 4 1 13 29 6 3 5 29 2 27 9 28 10 12 13 11 19 14 20 23 19 15 17 23 1 2 20 1 25 5 14 27 18 7 3 1 18 16 25 25 3 30 27 6 24 26 28 28 2 5 28 23 29 24 29 18 14 7 6 30 25 9 6 14 11 1 7 15 3 25 2 14 24 25 20 13 7 8 11 19 30 10 30 16 8 26 15 30 23 28 4 7 30 20 24 23 2 19 28 17 12 20 23 18 4 14 20 14 28 12 19 20 28 17 11
13 18 30 11 25 16 10 19 8 15 13 21 2 22 3 17 1 13 10 20 27 10 11 26 9 27 13 3 21 29 1 8 16 1 10 30 27 5 5 30 17 2 28 28 13 20 12 18 23 2 16 22 3 13 28 11 18 5 15 22 17 5 16 9 29 28 23 10 7 28 27 7 6 12 18 5 5 29 9 8 5 8 19 2 23 6 4 5 22 10 13 11 1 17 29 25 22 9 16 16 14 11 18 4 14 16 13 9 5 7 23 21 20 1 19 2 13 29 10 3 28 29 17 22 1 18 13 29 6 5 6 21 30 18 16 8 19 26 19 13 6 25 3 14 27 29 13 28 30 4 12 12 28 30 26 22 12 4 26 7 5 15 12 2 10 16 22 7 26 11 14 22 3 30 9 15 24 14 23 13 19 6 14 14 25 30 17 25 7 26 22 7 10 14 27 1 12 7 17 18 18 18 4 21 7 13 17 3 9 2 9 25 10 22 6 8 1 5 7 14 13 10 30 23 15 11 18 6 2 8 6 25 14 11 30 14 25 10 7 7 8 7 27 27 1 12 2 7 30 30 2 15 8 9 5 26 18 26 3 16 27 3 24 22 5 15 24 21 22 7 26 8 8 10 19 10 9 2 26 26 16 23 19 14 19 29 6 5 5 7 13 19 23 9 2 20 24 13 9 20 22 24 3 18 14 13 12 18 17 22 11 27 23 10 20 17 25 5 6 27 24 3 17 22 3 5 13 13 6 30 3 17 15 10 19 8 16 25 28 12 28 29 29 19 25 11 10 8 8 6 18 8 22 1 29 4 17 3 20 17 30 17 9 27 7 22 6 2 14 11 24 1 17 9 17 17 9 17 1 30 25 19 11 14 23 4 22 30 18 30 12 25 29 13 16 14 21 19 2 7 8 24 19 18 24 20 17 28 16 15 19 12 23 13 3 22 13 17 23 12 6 12 8 16 20 30 4 25 29 11 3 1 23 3 8 15 16 3 6 22 4 11 10 27 18 16 10 28 11 10 12 29 13 15 23 15 14 30 5 28 29 25 17 28 27 13 22 29 11 25 17 13 23 18 25 22 14 3 1 15 1 14 18 9 8 4 22 28 2 26 28 14 18 2 13 30 19 9 6 14
0 20 3
402 339 220
0 12 5
76 269 118 175 110
0 6 3
360 305 13
0 11 4
475 456 315 493
0 3 5
236 460 227 121 352
0 2 3
156 210 431
0 15 1
448
0 9 1
294
0 15 4
35 172 389 400
0 11 2
151 499
0 14 1
422
0 6 4
497 117 128 447
0 6 4
444 167 296 229
0 13 2
145 144
0 15 1
5
0 7 3
321 113 16
0 6 5
207 437 92 260 384
0 9 1
359
0 17 1
80
0 2 2
231 49
0 19 2
330 173
0 18 1
21
0 18 3
3 165 287
0 19 2
242 364
0 4 2
398 182
0 13 2
491 480
0 10 5
73 308 152 213 93
0 9 4
344 190 372 496
0 6 1
244
0 12 2
102 435
0 16 4
215 358 95 323
0 20 3
438 436 420
0 5 2
454 233
0 5 1
390
0 15 1
161
0 5 3
425 442 174
0 16 5
193 432 281 463 340
0 5 2
2 282
0 9 5
114 295 337 429 410
0 10 5
60 43 130 278 96
0 1 4
224 479 180 328
0 4 1
171
0 16 4
221 283 106 310
0 17 2
303 1
0 20 3
18 240 293
0 20 3
206 11 90
0 10 2
329 378
0 18 3
470 53 476
0 3 2
29 263
0 2 4
58 200 62 146
0 20 4
249 385 403 401
0 5 4
316 248 160 426
0 4 1
363
0 15 4
94 97 176 484
0 9 2
222 291
0 10 4
461 23 417 48
0 5 5
141 179 409 65 127
0 12 2
247 462
0 17 1
399
0 12 7
439 112 492 373 246 120 374
0 11 3
209 275 208
0 14 3
380 119 407
0 17 3
489 54 142
0 9 1
262
0 14 1
300
0 16 4
441 314 471 446
0 9 1
61
0 4 2
56 26
0 10 1
88
0 1 1
365
0 1 4
261 488 30 191
0 13 1
286
0 5 1
326
1 31 1
0
1 34 1
4
1 34 1
6
1 30 1
7
1 20 1
8
1 16 1
9
1 30 1
10
1 24 2
12 318
1 7 1
14
1 19 2
15 178
1 16 1
17
1 29 1
19
1 24 1
20
1 37 2
22 433
1 20 1
24
1 19 1
25
1 29 2
27 285
1 23 1
28
1 13 2
31 149
1 36 1
32
1 28 1
33
1 20 1
34
1 13 1
36
1 11 1
37
1 32 1
38
1 33 1
39
1 16 1
40
1 18 1
41
1 18 1
42
1 36 1
44
1 22 1
45
1 13 1
46
1 27 1
47
1 17 1
50
1 9 1
51
1 28 1
52
1 8 1
55
1 14 1
57
1 26 1
59
1 10 2
63 122
1 15 1
64
1 31 1
66
1 25 1
67
1 29 1
68
1 6 1
69
1 21 1
70
1 12 1
71
1 26 1
72
1 22 1
74
1 24 1
75
1 14 1
77
1 4 1
78
1 21 1
79
1 25 1
81
1 15 1
82
1 25 1
83
1 21 1
84
1 22 1
85
1 21 1
86
1 15 1
87
1 15 1
89
1 20 1
91
1 28 1
98
1 17 2
99 327
1 35 1
100
1 22 1
101
1 4 1
103
1 25 1
104
1 31 1
105
1 25 1
107
1 34 1
108
1 22 1
109
1 22 1
111
1 19 1
115
1 18 1
116
1 20 1
123
1 16 1
124
1 25 1
125
1 15 1
126
1 20 1
129
1 15 1
131
1 35 1
132
1 27 1
133
1 27 1
134
1 21 1
135
1 25 1
136
1 26 1
137
1 32 2
138 290
1 16 1
139
1 12 1
140
1 29 1
143
1 29 1
147
1 19 1
148
1 18 1
150
1 23 1
153
1 39 1
154
1 9 1
155
1 32 1
157
1 25 1
158
1 21 1
159
1 12 1
162
1 30 1
163
1 20 1
164
1 31 1
166
1 17 1
168
1 26 1
169
1 31 1
170
1 15 1
177
1 8 2
181 342
1 25 1
183
1 30 1
184
1 28 1
185
1 18 1
186
1 28 1
187
1 13 1
188
1 15 1
189
1 27 1
192
1 15 1
194
1 9 1
195
1 37 1
196
1 22 1
197
1 24 1
198
1 12 1
199
1 10 1
201
1 23 1
202
1 25 2
203 219
1 29 1
204
1 10 1
205
1 27 1
211
1 30 1
212
1 28 1
214
1 21 1
216
1 19 1
217
1 30 1
218
1 14 1
223
1 19 1
225
1 40 1
226
1 34 1
228
1 22 2
230 395
1 23 1
232
1 12 1
234
1 24 1
235
1 16 1
237
1 21 1
238
1 7 1
239
1 27 1
241
1 11 1
243
1 26 1
245
1 10 1
250
1 7 1
251
1 6 1
252
1 24 1
253
1 17 1
254
1 20 1
255
1 34 1
256
1 11 1
257
1 30 1
258
1 24 1
259
1 11 1
264
1 5 1
265
1 21 1
266
1 21 1
267
1 14 1
268
1 7 1
270
1 33 1
271
1 19 1
272
1 37 1
273
1 22 1
274
1 25 1
276
1 26 1
277
1 17 1
279
1 10 1
280
1 34 1
284
1 6 1
288
1 17 1
289
1 24 1
292
1 29 1
297
1 31 1
298
1 34 1
299
1 27 1
301
1 16 1
302
1 13 1
304
1 25 1
306
1 35 1
307
1 22 1
309
1 12 1
311
1 32 1
312
1 11 1
313
1 11 1
317
1 33 1
319
1 21 1
320
1 10 1
322
1 21 1
324
1 34 1
325
1 20 1
331
1 10 1
332
1 19 1
333
1 18 1
334
1 29 1
335
1 14 1
336
1 23 1
338
1 24 1
341
1 19 1
343
1 28 1
345
1 17 1
346
1 24 1
347
1 34 1
348
1 24 1
349
1 21 1
350
1 20 1
351
1 23 1
353
1 28 1
354
1 21 1
355
1 13 1
356
1 23 1
357
1 12 1
361
1 25 1
362
1 20 1
366
1 10 1
367
1 21 1
368
1 27 1
369
1 21 1
370
1 24 1
371
1 22 1
375
1 19 1
376
1 6 1
377
1 21 1
379
1 7 1
381
1 32 1
382
1 25 1
383
1 37 1
386
1 9 1
387
1 31 1
388
1 22 1
391
1 27 1
392
1 25 1
393
1 39 1
394
1 22 1
396
1 35 1
397
1 33 1
404
1 27 1
405
1 18 1
406
1 33 1
408
1 15 1
411
1 9 1
412
1 25 1
413
1 22 1
414
1 29 1
415
1 10 1
416
1 28 1
418
1 9 1
419
1 15 1
421
1 27 2
423 450
1 32 1
424
1 21 1
427
1 27 1
428
1 16 1
430
1 27 1
434
1 33 1
440
1 30 1
443
1 20 1
445
1 22 1
449
1 22 1
451
1 10 1
452
1 27 1
453
1 21 1
455
1 19 1
457
1 25 1
458
1 10 1
459
1 15 1
464
1 8 1
465
1 32 1
466
1 21 1
467
1 11 1
468
1 11 1
469
1 21 1
472
1 13 1
473
1 12 1
474
1 4 1
477
1 10 1
478
1 20 1
481
1 27 1
482
1 17 1
483
1 14 1
485
1 32 1
486
1 20 1
487
1 24 1
490
1 28 1
494
1 10 1
495
1 25 1
498
