500 366 775 20
13 18 2 5 16 11 17 30 29 6 24 26 10 6 13 15 1 11 24 21 3 7 2 23 21 29 10 11 27 12 22 27 6 24 18 18 27 15 4 18 6 17 17 15 17 5 4 11 10 20 14 28 30 6 13 29 20 1 3 22 11 10 11 6 7 5 30 16 21 29 13 17 26 17 18 27 6 15 15 24 17 2 8 21 9 30 25 23 19 30 20 5 16 3 5 14 22 2 30 21 9 15 22 6 14 9 22 18 29 13 2 7 23 14 7 26 27 2 29 1 7 8 5 3 8 17 26 7 30 9 3 30 17 10 11 13 6 8 25 12 26 19 27 3 17 3 20 27 18 9 12 28 10 14 9 9 22 17 16 1 10 26 22 15 25 29 29 6 13 4 20 18 16 9 1 27 28 15 21 20 25 11 27 24 7 26 17 8 2 13 9 20 4 10 30 13 24 23 1 16 24 8 30 27 12 30 13 7 27 27 10 12 6 16 7 21 3 24 22 15 28 4 16 29 3 16 16 22 17 10 20 5 3 11 14 30 26 29 16 19 8 6 22 26 20 1 2 9 23 5 17 20 12 6 6 3 28 23 2 22 28 26 25 11 26 24 21 7 21 17 2 2 20 6 4 28 20 11 24 8 12 14 30 10 14 21 28 12 10 24 7 20 16 22 7 15 18 24 1 21 5 23 8 11 7 26 9 6 30 10 17 20 29 11 21 30 27 9 23 19 29 16 10 1 10 21 24 6 8 2 19 7 17 19 16 8 17 23 22 29 27 11 13 7 6 29 25 18 28 5 3 16 16 27 4 3 6 4 18 18 7 10 11 3 7 1 10 10 23 5 27 7 16 27 17 7 28 25 28 14 17 18 23 24 8 18 17 30 14 19 28 14 22 22 11 11 13 13 1 1 5 18 14 8 4 2 10 23 6 13 28 24 26 26 17 21 30 2 11 28 22 20 1 6 1 29 5 18 17 9 8 15 9 17 30 15 14 5 11 7 22 8 27 9 28 3 29 22 6 20 21 17 25 19 30 27 13 7 16 26 5 28 22 29 12 6 12 19 24 24 15 5 16 24 2 23 16 11 2 8 8 9 10 14 16 5 30 23 25 2 20 21 11 18 9 11 18 21 10 23
11 10 26 26 14 21 6 30 10 18 1 17 4 6 23 1 18 5 12 4 20 21 20 1 29 20 8 24 13 4 2 1 3 10 3 24 9 21 29 9 5 10 8 2 20 2 19 19 3 22 23 11 18 3 24 27 8 18 17 12 26 4 20 10 14 8 3 20 21 7 28 3 18 17 5 6 30 26 7 21 21 2 25 26 5 25 10 14 4 25 18 8 9 1 17 29 3 4 25 27 6 11 23 11 12 5 2 13 11 26 2 3 14 21 17 28 27 1 4 8 14 26 3 14 19 19 4 2 15 16 23 14 18 23 16 13 7 28 6 8 10 11 24 24 12 17 23 12 13 5 5 24 15 23 10 6 20 29 4 16 22 10 30 23 4 14 22 19 7 12 8 19 11 12 3 8 1 19 17 13 28 21 18 3 8 28 14 14 24 1 3 12 15 15 9 10 6 2 26 19 17 7 21 2 2 7 17 25 15 16 19 12 13 8 17 29 25 25 7 21 26 17 21 27 3 13 23 22 3 8 9 20 26 10 5 18 8 8 3 17 16 26 27 1 11 25 21 13 29 7 25 25 18 23 5 15 23 21 6 25 23 5 11 19 4 16 30 7 30 27 2 1 29 3 24 11 15 2 7 25 25 15 16 29 4 19 30 11 17 18 23 3 8 22 13 2 5 7 16 9 8 22 15 25 14 1 20 15 21 26 19 23 27 12 27 7 18 29 10 29 16 22 12 13 15 9 5 6 19 3 9 10 17 20 16 26 15 24 7 15 14 30 11 2 30 22 18 24 20 3 18 21 28 14 12 14 18 29 6 12 15 22 9 17 15 29 11 6 13 20 29 27 4 17 19 27 15 10 16 7 19 22 28 14 8 4 5 28 10 26 26 7 8 5 7 23 20 13 16 22 15 13 7 26 27 14 7 10 26 27 10 13 17 5 15 9 21 6 1 10 29 21 16 9 4 15 4 20 22 23 15 23 11 4 29 24 22 12 13 22 22 12 29 19 21 18 7 14 28 22 29 10 4 8 24 30 1 13 18 27 11 23 3 11 5 5 16 14 8 29 7 27 20 2 25 26 28 6 1 1 11 14 3 9 19 3 15 5 19 11 6 13 15 17 10 29 14 1 10 12
0 18 6
321 138 451 430 425 374
0 12 2
499 257
0 9 2
392 403
0 15 1
308
0 19 2
429 365
0 16 1
322
0 19 2
243 241
0 20 2
187 344
0 3 3
286 473 373
0 19 1
493
0 9 2
489 475
0 12 3
311 299 103
0 11 3
351 166 219
0 20 2
324 487
0 9 1
96
0 15 3
56 53 464
0 10 1
67
0 4 1
398
0 2 3
387 23 280
0 15 2
318 240
0 16 1
255
0 20 2
161 4
0 18 3
337 340 264
0 12 1
417
0 3 1
414
0 8 2
84 371
0 10 2
147 449
0 17 6
98 115 171 39 345 433
0 1 2
123 319
0 19 2
70 59
0 15 4
95 142 182 13
0 5 1
247
0 16 5
190 185 209 338 92
0 5 1
463
0 16 2
148 15
0 12 3
133 228 198
0 20 4
261 43 244 232
0 9 3
250 496 288
0 20 2
363 276
0 7 1
394
0 20 1
129
0 16 6
291 167 310 35 253 78
0 7 1
82
0 5 3
405 252 480
0 2 4
127 418 203 176
0 1 1
355
0 18 3
33 104 335
0 5 6
346 151 305 259 222 356
0 7 3
332 216 57
0 17 3
120 60 154
0 8 1
179
0 20 3
469 160 0
0 1 5
237 191 422 352 307
0 1 5
5 453 381 413 465
0 20 2
47 434
0 5 2
440 246
0 15 2
447 407
0 20 1
389
0 5 2
478 130
0 4 4
212 226 481 99
0 4 4
474 444 409 68
0 7 1
136
0 12 1
122
0 5 1
361
0 6 2
294 137
0 11 1
218
0 16 2
358 42
0 2 1
88
0 13 4
262 153 436 375
0 19 1
40
0 14 4
300 271 221 258
0 19 2
349 225
0 17 1
266
0 7 4
112 396 141 301
0 16 1
172
0 9 1
131
0 6 2
175 419
0 17 1
156
0 18 1
362
0 13 2
169 485
0 8 2
9 312
0 13 5
367 267 140 459 270
0 11 2
208 437
0 14 1
370
0 8 3
426 348 132
1 28 1
1
1 21 2
2 217
1 26 1
3
1 36 2
6 471
1 16 1
7
1 29 1
8
1 34 1
10
1 26 1
11
1 24 1
12
1 39 1
14
1 33 1
16
1 7 1
17
1 35 1
18
1 30 1
19
1 14 2
20 289
1 23 1
21
1 32 1
22
1 15 2
24 330
1 24 1
25
1 17 1
26
1 18 2
27 165
1 35 2
28 369
1 16 1
29
1 12 1
30
1 21 1
31
1 26 1
32
1 14 1
34
1 21 1
36
1 38 1
37
1 21 2
38 326
1 11 1
41
1 19 1
44
1 22 2
45 105
1 11 1
46
1 33 1
48
1 31 1
49
1 16 1
50
1 26 1
51
1 8 1
52
1 25 1
54
1 22 1
55
1 10 1
58
1 8 1
61
1 12 1
62
1 9 1
63
1 25 1
64
1 22 1
65
1 24 1
66
1 21 1
69
1 27 1
71
1 13 1
72
1 38 2
73 188
1 27 1
74
1 21 1
75
1 16 1
76
1 26 1
77
1 22 1
79
1 25 1
80
1 12 1
81
1 16 1
83
1 33 1
85
1 36 1
86
1 11 2
87 183
1 33 1
89
1 22 1
90
1 23 1
91
1 15 1
93
1 32 1
94
1 28 1
97
1 16 1
100
1 28 1
101
1 25 1
102
1 24 1
106
1 14 1
107
1 32 1
108
1 28 1
109
1 19 1
110
1 25 1
111
1 5 1
113
1 34 1
114
1 25 1
116
1 31 1
117
1 9 1
118
1 16 1
119
1 18 1
121
1 36 1
124
1 5 1
125
1 38 1
126
1 29 1
128
1 14 1
134
1 14 1
135
1 23 2
139 297
1 21 1
143
1 25 1
144
1 25 1
145
1 16 1
146
1 24 1
149
1 25 1
150
1 6 1
152
1 14 1
155
1 12 1
157
1 34 1
158
1 31 1
159
1 19 1
162
1 19 1
163
1 33 1
164
1 17 1
168
1 2 1
170
1 31 1
173
1 22 1
174
1 25 1
177
1 8 1
178
1 27 1
180
1 32 1
181
1 38 1
184
1 26 1
186
1 25 1
189
1 25 1
192
1 24 1
193
1 29 1
194
1 20 1
195
1 23 1
196
1 15 1
197
1 21 1
199
1 24 1
200
1 18 1
201
1 16 1
202
1 22 1
204
1 33 1
205
1 22 2
206 497
1 18 1
207
1 24 1
210
1 28 1
211
1 31 1
213
1 38 1
214
1 40 1
215
1 16 1
220
1 35 1
223
1 35 1
224
1 33 2
227 382
1 20 1
229
1 23 1
230
1 12 1
231
1 38 1
233
1 36 1
234
1 28 1
235
1 25 1
236
1 28 1
238
1 39 1
239
1 10 1
242
1 25 1
245
1 25 2
248 427
1 11 1
249
1 23 2
251 415
1 24 1
254
1 6 1
256
1 36 1
260
1 6 1
263
1 17 1
265
1 29 1
268
1 36 1
269
1 26 1
272
1 17 1
273
1 30 1
274
1 35 1
275
1 31 1
277
1 26 1
278
1 20 2
279 477
1 21 1
281
1 22 1
282
1 23 2
283 306
1 32 1
284
1 25 1
285
1 13 1
287
1 19 1
290
1 22 1
292
1 5 1
293
1 23 1
295
1 29 1
296
1 12 1
298
1 21 1
302
1 32 1
303
1 23 1
304
1 29 1
309
1 27 1
313
1 5 1
314
1 7 1
315
1 11 1
316
1 21 1
317
1 23 1
320
1 24 1
323
1 23 1
325
1 24 1
327
1 24 1
328
1 7 1
329
1 39 1
331
1 21 1
333
1 7 1
334
1 25 1
336
1 23 1
339
1 34 1
341
1 30 1
342
1 24 1
343
1 36 1
347
1 20 1
350
1 30 1
353
1 20 1
354
1 12 1
357
1 35 1
359
1 18 1
360
1 11 1
364
1 23 1
366
1 18 1
368
1 27 1
372
1 26 1
376
1 28 1
377
1 18 1
378
1 6 1
379
1 25 1
380
1 15 1
383
1 37 1
384
1 11 1
385
1 20 1
386
1 8 1
388
1 29 1
390
1 24 1
391
1 24 2
393 412
1 29 1
395
1 9 1
397
1 26 2
399 456
1 27 1
400
1 25 1
401
1 10 1
402
1 37 2
404 472
1 35 1
406
1 7 1
408
1 24 1
410
1 24 1
411
1 18 1
416
1 23 1
420
1 21 1
421
1 17 1
423
1 35 1
424
1 18 1
428
1 23 1
431
1 28 1
432
1 27 1
435
1 12 1
438
1 24 1
439
1 20 1
441
1 31 1
442
1 39 1
443
1 33 1
445
1 34 1
446
1 8 1
448
1 21 1
450
1 39 1
452
1 29 1
454
1 40 1
455
1 19 1
457
1 12 1
458
1 29 1
460
1 26 1
461
1 16 1
462
1 25 1
466
1 25 1
467
1 30 1
468
1 27 1
470
1 31 1
476
1 22 1
479
1 16 1
482
1 22 1
483
1 25 1
484
1 16 1
486
1 9 1
488
1 28 1
490
1 22 1
491
1 17 1
492
1 21 1
494
1 22 1
495
1 30 1
498
