800 539 1240 18
22 22 19 7 26 12 5 28 18 30 30 2 25 13 20 17 24 1 21 1 28 19 11 28 3 19 14 7 12 10 20 26 24 9 22 22 9 12 25 26 6 20 9 23 9 11 6 1 25 11 12 5 2 25 8 4 1 19 12 16 19 30 22 22 29 20 24 6 27 11 17 12 13 18 16 8 6 18 3 4 17 17 6 15 4 19 20 15 30 3 17 3 8 24 18 23 26 27 5 18 21 17 22 25 1 4 15 28 19 5 9 14 30 19 30 26 18 17 10 8 21 21 7 4 26 21 2 23 13 9 19 27 27 27 15 17 10 11 18 20 14 1 14 15 10 15 9 14 22 27 9 6 26 27 9 23 29 2 27 6 30 15 3 8 28 8 1 17 1 13 14 1 8 27 23 27 24 30 7 26 11 5 26 28 5 20 4 11 26 5 29 29 6 11 16 29 1 15 2 30 25 30 24 16 14 23 22 24 20 3 14 14 4 1 23 5 23 8 13 30 27 26 25 4 11 30 12 28 10 18 19 3 13 28 10 13 8 1 30 11 5 15 12 18 24 30 3 24 29 23 26 28 6 2 5 27 12 4 22 24 30 6 9 11 26 8 22 29 13 10 1 15 29 19 18 23 16 26 22 24 15 29 14 29 3 19 16 4 27 18 17 21 26 12 15 9 24 11 9 23 1 9 15 5 24 1 28 15 21 6 25 23 9 26 18 21 16 18 26 13 4 29 20 26 24 28 3 29 17 23 18 7 19 29 23 6 13 16 28 19 26 9 5 12 6 11 9 4 20 12 5 7 2 23 26 15 18 25 9 11 30 24 19 3 2 18 15 30 15 4 21 7 18 18 24 12 27 5 4 18 19 2 10 6 15 16 24 2 20 22 18 16 4 21 13 24 2 17 14 3 5 25 28 30 1 24 14 8 6 25 17 25 8 12 14 12 18 4 2 14 14 20 24 18 21 12 1 14 18 19 11 1 22 18 26 6 19 16 27 1 25 30 28 7 24 25 12 21 9 17 13 24 1 20 27 12 26 21 2 3 4 30 28 12 9 28 19 7 28 26 3 24 24 22 7 19 22 4 23 9 13 24 8 17 27 27 22 25 4 15 21 28 9 24 26 25 21 25 29 8 8 13 18 25 19 16 6 2 18 16 12 1 3 23 5 5 26 12 17 30 24 7 8 15 10 22 12 20 29 12 17 16 9 18 13 29 30 26 16 27 3 16 13 17 27 22 19 11 25 3 12 26 22 12 4 27 25 24 30 25 22 12 22 26 7 12 29 21 5 30 29 1 10 22 28 7 28 14 20 4 16 16 14 5 2 27 21 20 23 2 17 19 15 11 14 2 27 11 21 14 13 3 27 15 17 7 25 30 23 30 18 21 24 15 4 10 22 17 4 30 10 21 10 13 21 30 5 2 12 30 17 3 13 8 4 3 26 8 19 19 1 27 7 7 14 24 9 27 29 17 3 15 9 7 14 5 21 3 4 2 1 9 19 20 5 26 18 17 3 3 15 1 9 29 12 12 29 25 11 16 6 18 20 24 29 16 3 6 11 27 6 1 7 14 11 5 22 26 1 23 13 28 18 3 10 23 19 3 30 21 10 22 28 4 27 16 26 18 11 9 1 4 14 7 26 1 3 8 20 25 19 12 17 17 14 20 26 19 13 9 7 29 26 19 22 17 22 18 8 14 2 26 30 24 21 9 17 16 7 2 26 13 17 11 29 30 30 5 23 11 8 3 21 7 18 22 28 21 5 14 30 20 2 24 12 22 14 15 4 30 8 17 10 28 21 7 19 4 24 16
9 27 19 29 6 13 22 20 10 16 25 19 18 30 17 11 6 22 29 19 16 25 26 22 24 11 28 1 12 12 3 8 19 10 12 13 5 23 22 19 19 7 26 10 2 9 30 25 27 16 16 17 14 13 6 4 12 10 7 17 26 28 18 21 13 30 15 27 7 16 25 20 1 20 11 4 20 23 14 10 19 6 30 27 18 6 27 13 3 17 6 28 2 3 1 7 22 17 11 15 17 30 8 24 9 5 24 6 26 13 29 28 17 11 8 12 14 27 1 1 6 16 3 9 28 20 14 14 17 27 16 10 23 1 30 12 26 30 9 20 18 4 17 13 26 19 4 23 30 11 9 9 5 1 18 30 8 27 18 18 24 9 17 24 24 24 20 11 1 9 8 9 21 17 5 7 24 20 24 24 17 24 14 8 14 2 21 5 3 16 24 17 3 23 14 22 7 10 18 28 4 5 19 17 23 6 26 30 14 12 2 18 28 9 12 25 14 6 7 1 14 20 21 7 28 12 29 1 30 24 29 10 7 28 29 28 26 2 17 19 11 12 22 6 21 11 12 23 6 20 6 7 23 28 6 10 28 20 20 16 27 19 10 25 4 17 2 27 21 15 8 29 12 29 27 28 28 20 10 29 27 22 8 6 16 18 27 14 9 8 19 27 15 10 28 2 22 10 27 26 27 29 17 20 22 22 6 12 25 26 19 15 23 23 19 29 22 29 30 13 17 12 10 18 22 22 17 27 11 28 1 2 9 16 3 3 15 10 19 20 20 7 27 10 27 15 2 24 22 6 5 23 21 11 16 1 25 4 4 22 21 27 26 27 8 20 19 13 1 18 9 22 24 3 5 2 4 16 7 20 25 18 3 23 28 10 11 29 17 4 16 13 18 9 18 1 28 8 4 26 10 26 11 19 27 16 4 29 16 28 8 8 13 26 21 2 10 5 23 23 26 22 14 4 23 5 5 8 7 2 24 9 20 13 28 11 19 9 28 13 21 13 14 16 5 13 10 10 20 26 1 25 7 24 17 21 20 13 25 27 29 1 6 28 9 27 15 25 4 30 3 22 29 30 15 12 4 10 5 21 5 28 5 24 28 23 20 6 20 27 13 22 19 15 17 26 30 14 19 25 5 2 21 18 5 5 10 3 16 8 3 12 26 29 11 23 23 4 20 9 24 8 30 26 11 8 22 26 19 20 12 22 5 16 11 30 8 11 24 23 23 18 14 27 1 26 16 29 23 11 13 16 8 5 9 28 18 5 15 29 30 22 23 22 18 22 13 26 15 21 3 15 12 17 8 24 1 28 2 17 24 24 5 29 24 15 14 23 3 28 24 20 22 4 23 29 8 20 24 16 6 7 22 22 11 26 18 25 4 26 19 14 11 14 13 8 4 10 22 18 14 14 17 4 18 10 15 8 9 5 2 15 13 14 21 28 3 25 12 9 1 4 24 30 18 20 3 19 6 21 20 30 6 13 27 29 7 25 30 26 18 2 26 29 28 27 6 29 11 9 9 12 27 8 18 18 17 8 29 13 3 12 25 28 1 9 21 13 17 8 7 8 4 13 15 13 16 30 13 26 25 21 5 11 21 18 8 3 21 12 26 14 6 23 19 24 23 22 12 5 2 16 20 22 29 5 19 20 1 13 16 27 4 27 8 6 30 2 1 24 28 12 12 7 27 2 6 29 22 6 28 9 6 23 12 7 12 10 2 6 24 11 5 3 28 21 8 10 10 14 22 5 9 20 8 23 17 30 2 12 25 13 6 18 25 21 24 22 29 24 15 16 27 5 13 17 6 8 29 2
0 16 5
544 221 111 542 295
0 2 2
149 794
0 11 3
106 443 87
0 3 4
663 479 374 312
0 1 2
279 378
0 2 3
708 540 177
0 12 4
734 482 796 75
0 12 2
92 125
0 16 3
493 101 268
0 1 3
191 642 439
0 20 4
756 265 491 172
0 14 5
3 178 579 220 324
0 1 1
258
0 10 3
447 795 555
0 6 3
250 128 394
0 7 3
17 502 736
0 4 1
437
0 2 6
116 83 465 130 262 370
0 18 4
223 637 33 591
0 20 7
358 662 96 104 32 797 522
0 12 1
424
0 1 3
0 773 549
0 16 4
712 627 667 495
0 1 5
448 629 521 462 757
0 5 5
185 49 304 589 90
0 18 1
200
0 3 2
557 774
0 4 4
306 80 586 132
0 4 3
336 253 137
0 19 3
592 19 767
0 20 2
29 54
0 15 4
133 762 309 471
0 10 4
668 469 317 742
0 13 2
20 118
0 11 1
585
0 20 3
170 512 654
0 6 6
341 298 261 497 227 416
0 8 5
510 790 360 242 290
0 17 5
270 332 127 464 432
0 2 5
160 145 192 608 182
0 8 4
158 123 114 263
0 1 3
226 345 425
0 11 4
7 507 639 503
0 16 2
241 38
0 8 3
218 428 737
0 18 5
232 500 594 95 710
0 5 4
62 690 684 249
0 2 5
271 415 85 419 60
0 6 1
587
0 12 6
119 687 391 485 695 79
0 10 4
519 588 348 274
0 20 6
76 397 117 328 58 215
0 13 3
88 612 499
0 15 5
686 616 102 566 660
0 13 1
356
0 4 2
339 625
0 14 4
674 77 329 487
0 16 6
6 121 764 291 347 107
0 2 6
5 405 726 622 353 187
0 10 8
139 150 147 534 446 671 308 70
0 3 4
655 352 180 385
0 6 6
553 225 798 531 154 135
0 6 4
65 539 633 423
0 15 4
632 25 590 678
0 14 7
492 626 57 333 645 754 784
0 20 1
2
0 13 8
78 573 46 233 45 640 315 337
0 1 4
434 216 610 426
0 17 4
73 430 753 779
0 11 5
245 538 197 186 509
0 18 5
91 422 472 159 51
0 3 2
481 146
0 12 7
692 707 175 369 338 420 69
0 4 4
401 634 380 532
0 1 6
408 381 635 21 488 613
0 19 4
93 134 321 15
0 2 6
310 791 417 672 168 578
0 8 2
260 55
0 19 4
167 13 322 739
0 9 1
293
1 22 1
1
1 25 1
4
1 18 1
8
1 26 1
9
1 16 1
10
1 21 1
11
1 13 1
12
1 31 1
14
1 11 1
16
1 35 2
18 658
1 21 1
22
1 10 1
23
1 6 1
24
1 26 1
26
1 9 1
27
1 19 1
28
1 10 1
30
1 17 1
31
1 9 2
34 319
1 22 1
35
1 21 2
36 283
1 31 1
37
1 19 1
39
1 19 1
40
1 17 1
41
1 23 1
42
1 31 1
43
1 18 1
44
1 25 1
47
1 35 1
48
1 24 3
50 68 362
1 21 1
52
1 10 1
53
1 33 1
56
1 34 1
59
1 25 1
61
1 26 1
63
1 21 1
64
1 22 1
66
1 33 2
67 746
1 33 1
71
1 20 1
72
1 26 1
74
1 24 1
81
1 17 1
82
1 32 1
84
1 25 1
86
1 11 1
89
1 11 1
94
1 3 1
97
1 20 1
98
1 3 1
99
1 4 1
100
1 21 1
103
1 22 2
105 184
1 17 1
108
1 13 1
109
1 28 1
110
1 4 1
112
1 24 1
113
1 18 2
115 761
1 8 1
120
1 29 1
122
1 13 1
124
1 7 1
126
1 16 2
129 373
1 17 1
131
1 13 1
136
1 30 1
138
1 14 1
140
1 16 3
141 237 288
1 19 1
142
1 17 1
143
1 20 1
144
1 3 1
148
1 14 1
151
1 18 1
152
1 18 1
153
1 11 1
155
1 9 1
156
1 3 1
157
1 35 1
161
1 23 1
162
1 19 1
163
1 4 1
164
1 17 1
165
1 8 1
166
1 12 1
169
1 24 1
171
1 19 1
173
1 24 1
174
1 22 1
176
1 23 2
179 666
1 9 1
181
1 22 1
183
1 21 1
188
1 30 2
189 421
1 3 1
190
1 11 2
193 763
1 30 1
194
1 8 1
195
1 14 1
196
1 34 1
198
1 7 1
199
1 19 2
201 272
1 2 1
202
1 13 1
203
1 16 1
204
1 29 1
205
1 23 2
206 375
1 26 1
207
1 8 2
208 765
1 17 1
209
1 25 2
210 217
1 29 1
211
1 22 1
212
1 15 2
213 406
1 25 1
214
1 23 1
219
1 12 1
222
1 21 1
224
1 18 1
228
1 15 1
229
1 15 1
230
1 25 1
231
1 13 1
234
1 17 1
235
1 17 1
236
1 20 2
238 770
1 11 1
239
1 21 1
240
1 18 1
243
1 6 1
244
1 20 1
246
1 9 1
247
1 33 3
248 716 748
1 20 1
251
1 9 1
252
1 12 1
254
1 11 1
255
1 12 1
256
1 10 1
257
1 21 1
259
1 33 1
264
1 10 1
266
1 35 2
267 474
1 11 1
269
1 15 1
273
1 5 1
275
1 21 1
276
1 28 1
277
1 16 1
278
1 21 1
280
1 12 1
281
1 13 1
282
1 5 1
284
1 21 1
285
1 25 2
286 533
1 9 1
287
1 7 1
289
1 25 1
292
1 26 1
294
1 3 1
296
1 17 1
297
1 13 1
299
1 9 1
300
1 5 1
301
1 13 2
302 717
1 26 1
303
1 14 1
305
1 20 1
307
1 24 1
311
1 9 1
313
1 21 2
314 505
1 17 1
316
1 22 1
318
1 6 1
320
1 36 1
323
1 17 1
325
1 39 1
326
1 33 1
327
1 16 1
330
1 8 1
331
1 24 1
334
1 13 1
335
1 23 1
340
1 17 1
342
1 16 1
343
1 10 1
344
1 26 1
346
1 21 1
349
1 23 1
350
1 31 1
351
1 19 1
354
1 25 1
355
1 24 1
357
1 19 2
359 412
1 25 1
361
1 14 1
363
1 23 1
364
1 31 1
365
1 19 1
366
1 12 1
367
1 13 1
368
1 38 1
371
1 18 1
372
1 22 1
376
1 40 1
377
1 33 1
379
1 20 1
382
1 17 1
383
1 14 1
384
1 25 1
386
1 3 1
387
1 23 1
388
1 15 1
389
1 13 1
390
1 10 1
392
1 14 1
393
1 20 1
395
1 6 1
396
1 17 1
398
1 10 1
399
1 4 1
400
1 8 1
402
1 18 1
403
1 30 1
404
1 17 1
407
1 22 1
409
1 19 1
410
1 29 1
411
1 23 1
413
1 19 1
414
1 24 2
418 494
1 26 2
427 456
1 22 1
429
1 19 1
431
1 14 1
433
1 26 1
435
1 17 1
436
1 30 1
438
1 13 1
440
1 27 1
441
1 16 1
442
1 30 1
444
1 8 1
445
1 25 1
449
1 23 2
450 744
1 12 1
451
1 19 1
452
1 31 1
453
1 7 1
454
1 30 1
455
1 13 1
457
1 24 1
458
1 21 1
459
1 18 1
460
1 32 1
461
1 4 1
463
1 24 2
466 787
1 6 1
467
1 13 1
468
1 9 1
470
1 26 1
473
1 31 1
475
1 12 1
476
1 3 1
477
1 15 1
478
1 15 1
480
1 20 1
483
1 16 1
484
1 26 1
486
1 18 1
489
1 37 1
490
1 14 1
496
1 34 1
498
1 17 1
501
1 26 2
504 641
1 27 1
506
1 27 1
508
1 26 1
511
1 14 1
513
1 16 1
514
1 16 1
515
1 12 1
516
1 26 1
517
1 26 1
518
1 38 1
520
1 26 1
523
1 40 1
524
1 22 1
525
1 25 1
526
1 11 1
527
1 19 1
528
1 18 1
529
1 19 1
530
1 23 1
535
1 10 1
536
1 31 1
537
1 33 1
541
1 16 1
543
1 36 1
545
1 20 1
546
1 21 1
547
1 12 1
548
1 8 1
550
1 13 1
551
1 9 1
552
1 28 1
554
1 26 1
556
1 29 1
558
1 11 1
559
1 9 1
560
1 5 2
561 788
1 22 2
562 606
1 29 1
563
1 9 1
564
1 20 1
565
1 31 1
567
1 27 1
568
1 23 1
569
1 27 1
570
1 27 1
571
1 19 1
572
1 13 1
574
1 8 1
575
1 3 1
576
1 31 1
577
1 14 1
580
1 13 1
581
1 19 1
582
1 8 1
583
1 22 1
584
1 28 1
593
1 22 1
595
1 11 1
596
1 29 1
597
1 20 1
598
1 30 1
599
1 25 1
600
1 26 1
601
1 18 1
602
1 16 1
603
1 6 1
604
1 12 1
605
1 37 1
607
1 21 1
609
1 20 1
611
1 12 1
614
1 14 1
615
1 33 1
617
1 8 1
618
1 19 1
619
1 18 1
620
1 25 1
621
1 30 1
623
1 16 1
624
1 11 1
628
1 6 1
630
1 34 1
631
1 23 1
636
1 14 1
638
1 24 2
643 775
1 23 1
644
1 27 1
646
1 15 1
647
1 4 1
648
1 21 1
649
1 16 1
650
1 24 1
651
1 18 1
652
1 13 1
653
1 33 1
656
1 15 1
657
1 13 1
659
1 23 1
661
1 14 1
664
1 26 1
665
1 4 1
669
1 29 1
670
1 23 1
673
1 15 1
675
1 39 1
676
1 28 1
677
1 15 1
679
1 25 1
680
1 8 1
681
1 14 1
682
1 24 1
683
1 17 1
685
1 22 1
688
1 15 1
689
1 12 1
691
1 18 1
693
1 25 1
694
1 20 1
696
1 16 1
697
1 6 1
698
1 8 1
699
1 16 1
700
1 21 1
701
1 23 1
702
1 7 1
703
1 27 1
704
1 12 1
705
1 19 1
706
1 34 1
709
1 22 1
711
1 23 1
713
1 2 1
714
1 9 1
715
1 5 1
718
1 15 1
719
1 23 1
720
1 23 1
721
1 21 1
722
1 22 1
723
1 32 1
724
1 10 1
725
1 28 1
727
1 22 1
728
1 14 1
729
1 10 1
730
1 19 1
731
1 37 1
732
1 23 1
733
1 33 1
735
1 26 1
738
1 17 1
740
1 8 1
741
1 12 1
743
1 31 1
745
1 12 1
747
1 37 1
749
1 20 1
750
1 12 1
751
1 16 1
752
1 36 1
755
1 5 1
758
1 25 1
759
1 4 1
760
1 20 1
766
1 21 1
768
1 23 1
769
1 22 1
771
1 19 1
772
1 11 1
776
1 2 1
777
1 27 1
778
1 23 1
780
1 24 1
781
1 24 1
782
1 21 1
783
1 3 1
785
1 21 1
786
1 21 1
789
1 6 1
792
1 39 1
793
1 8 1
799
