700 499 1085 20
8 7 28 16 1 16 11 4 4 26 20 30 24 24 14 23 4 18 6 22 22 28 18 3 1 3 4 30 30 11 12 26 9 13 27 18 25 24 28 18 27 28 9 13 22 26 21 12 16 15 24 6 30 8 9 26 16 21 10 15 2 21 1 30 2 29 7 10 17 1 17 1 20 11 12 24 27 25 10 2 14 9 24 6 8 2 25 3 21 21 16 24 21 6 29 19 20 22 16 26 30 27 6 6 9 13 13 20 28 8 26 18 24 9 22 9 6 21 23 10 30 26 16 7 20 30 27 12 20 5 5 17 23 14 24 14 8 17 9 14 14 16 29 15 30 18 8 19 29 16 28 20 22 26 29 20 8 27 16 30 23 1 16 24 22 1 21 24 24 3 2 5 6 20 14 16 9 17 25 10 26 21 7 15 10 7 21 14 29 25 13 3 3 16 14 26 29 30 29 26 30 18 21 14 16 7 28 11 23 11 30 24 19 4 9 29 10 13 13 15 23 6 8 26 19 1 16 5 15 1 15 2 11 27 12 8 19 15 5 9 3 12 25 13 30 23 5 23 26 24 14 7 21 4 5 4 7 20 27 10 9 19 7 25 17 21 19 5 4 30 11 22 5 15 23 28 14 12 26 8 13 3 9 18 16 28 3 9 22 11 21 6 26 25 10 1 26 4 7 26 24 15 27 12 7 24 2 13 13 4 23 25 25 9 25 6 28 21 13 18 20 25 9 2 7 15 8 20 23 7 25 6 21 29 7 6 17 10 19 29 15 30 12 14 15 14 26 2 5 26 10 24 29 10 17 5 3 3 11 20 24 10 18 13 6 7 14 22 7 9 1 29 7 3 17 24 28 4 6 19 18 20 30 19 20 2 24 14 18 18 22 21 9 26 17 18 12 2 1 8 26 24 30 10 24 5 12 3 22 11 8 4 19 18 23 30 1 9 20 9 7 21 4 7 11 9 23 3 26 23 23 9 26 11 26 2 22 28 10 16 11 10 6 30 9 9 29 6 29 27 22 17 20 8 28 19 4 25 20 5 8 5 16 22 16 27 2 13 22 17 4 20 12 30 16 6 5 8 21 12 9 17 23 2 23 10 8 27 16 2 28 28 17 27 12 14 23 2 15 11 5 15 19 13 1 19 19 10 24 4 1 6 23 14 2 3 2 29 13 6 16 16 24 8 28 14 9 21 18 13 9 30 25 29 16 4 2 14 28 10 3 29 4 2 21 6 30 24 18 4 23 9 25 2 20 15 6 20 17 17 1 2 9 19 20 19 3 24 27 20 5 12 6 22 6 11 27 27 19 21 24 12 20 21 23 19 20 11 24 2 15 3 16 13 22 8 16 3 9 24 20 10 9 26 25 27 4 1 18 24 14 29 28 5 6 21 29 19 7 25 6 19 8 8 20 17 16 18 17 1 22 5 30 16 10 16 3 4 7 13 6 4 8 15 9 30 18 9 6 15 3 27 8 14 30 5 14 13 28 7 8 19 10 17 24 1 12 25 15 3 6 3 3 20 4 1 24 12 3 25 23 15 20 16 14 1 9 5 5 16 18 15 9 11 29 2 8 13 8 6
10 29 10 24 8 21 14 27 17 13 29 22 1 8 14 3 20 25 23 4 13 28 14 7 12 11 12 17 26 28 30 15 24 29 11 6 9 7 10 23 9 20 12 8 11 12 4 23 17 27 16 30 27 20 15 2 30 16 11 1 10 18 7 15 4 23 1 1 14 6 22 28 17 27 8 16 10 27 18 1 3 18 12 16 2 1 26 5 22 11 18 9 1 12 8 28 15 22 18 16 11 23 17 20 21 29 14 8 6 26 23 7 19 16 9 24 9 7 19 18 28 3 29 8 13 2 8 27 14 16 8 15 28 9 10 17 21 7 11 14 4 10 27 16 30 5 5 9 21 1 7 13 28 24 24 13 13 23 9 21 26 29 28 6 18 4 18 30 14 3 22 12 19 2 13 22 14 14 22 9 24 30 18 1 22 13 23 10 3 22 21 28 3 19 25 25 13 7 6 16 26 9 12 14 14 11 28 27 2 23 23 19 17 12 7 10 9 17 28 18 15 13 2 5 14 17 1 23 21 3 20 20 23 11 4 19 14 11 14 2 16 26 23 17 4 19 5 9 24 18 24 22 16 29 28 30 5 4 10 16 4 28 20 11 28 15 12 24 14 17 12 8 9 11 1 30 26 4 1 8 7 18 11 10 2 5 6 13 26 14 17 16 10 12 17 24 29 3 11 24 27 19 26 2 22 10 9 23 2 23 3 7 21 10 10 26 10 10 25 18 3 25 20 12 2 28 28 21 13 27 13 24 11 22 19 27 17 20 18 16 12 7 10 26 25 9 23 28 3 28 19 17 16 17 19 11 8 11 24 7 2 7 25 25 15 18 8 13 22 9 29 2 9 20 28 2 21 27 27 2 14 17 25 16 3 17 28 13 30 1 5 2 28 7 5 14 9 27 24 2 28 16 19 25 8 3 25 20 8 1 28 20 26 26 3 24 15 26 24 26 20 4 13 3 28 15 22 15 26 6 8 17 12 7 7 15 12 8 7 30 5 30 30 10 8 17 11 3 13 24 7 12 1 7 9 1 6 23 19 17 11 26 8 13 30 27 22 12 7 29 25 28 26 29 19 5 20 7 26 21 20 10 4 16 6 12 30 21 6 5 11 27 26 8 14 26 9 15 18 9 20 29 9 13 20 10 4 21 19 20 13 17 3 23 30 26 25 23 10 14 29 10 5 24 15 24 4 11 6 22 5 26 8 26 26 30 5 26 8 2 25 11 16 11 19 6 22 24 13 5 24 19 19 27 8 7 10 12 26 11 16 7 25 19 25 14 24 16 22 17 14 9 28 13 26 22 17 28 21 21 11 7 20 24 12 20 19 7 14 11 9 16 20 1 30 7 7 22 19 10 7 17 1 29 21 2 3 6 4 15 14 15 8 1 24 3 11 26 28 7 3 12 24 21 27 15 17 1 5 7 9 13 14 14 22 11 16 9 11 27 8 11 15 11 9 17 23 4 16 3 27 29 13 25 27 16 26 4 29 19 22 10 23 29 8 22 22 14 28 26 29 24 19 24 22 22 23 14 26 17 1 1 15 7 21 27 19 10 22 20 26 23 30 13 9 3 15 24 16 28
0 14 1
473
0 4 1
601
0 14 4
38 526 561 651
0 10 1
648
0 4 1
65
0 12 3
44 317 217
0 3 3
694 57 281
0 14 3
593 80 411
0 19 5
631 481 392 688 90
0 20 5
699 209 341 469 415
0 3 3
304 673 585
0 11 2
164 486
0 9 1
258
0 20 4
280 369 389 502
0 15 1
200
0 16 1
309
0 16 6
101 226 686 546 422 560
0 13 3
361 518 435
0 6 1
576
0 20 1
193
0 7 5
625 368 163 319 194
0 3 1
329
0 5 2
35 655
0 14 4
168 120 63 421
0 8 2
413 697
0 7 2
656 377
0 16 1
391
0 3 3
248 70 419
0 8 4
635 446 265 503
0 12 4
75 653 679 186
0 3 2
87 367
0 3 5
549 393 636 60 383
0 15 1
135
0 19 3
644 464 264
0 15 3
463 397 81
0 10 4
201 552 690 442
0 4 1
270
0 15 1
251
0 16 4
400 325 342 574
0 8 1
107
0 4 3
241 406 22
0 4 2
119 559
0 14 2
267 575
0 9 2
77 301
0 14 6
538 86 354 69 458 603
0 4 1
261
0 17 4
300 145 215 416
0 11 2
154 131
0 2 3
438 211 682
0 14 5
484 617 109 360 596
0 19 5
372 188 289 488 313
0 20 6
207 290 66 698 197 320
0 16 1
649
0 15 2
97 114
0 12 2
133 228
0 10 3
158 530 167
0 15 2
521 379
0 3 4
308 7 487 401
0 10 4
691 31 448 348
0 8 2
659 316
0 11 3
657 95 334
0 6 5
15 556 606 527 459
0 8 7
540 219 6 346 447 567 645
0 10 2
127 171
0 12 2
30 517
0 19 7
664 512 474 378 269 256 4
0 4 1
532
0 15 9
111 328 318 253 405 29 509 616 608
0 7 5
68 218 581 3 491
0 13 5
152 140 284 12 555
0 18 1
615
0 9 1
271
0 19 4
545 51 429 542
0 3 5
224 144 260 150 471
0 7 7
10 62 93 534 566 572 544
0 10 3
382 343 94
0 20 6
609 647 371 470 285 477
0 10 1
47
0 15 6
24 417 520 493 668 266
0 13 2
208 159
0 7 3
681 628 202
0 20 3
366 425 689
0 13 5
409 496 592 627 8
0 18 3
466 331 618
0 5 5
123 5 139 232 210
0 19 1
64
1 33 1
0
1 28 1
1
1 18 1
2
1 10 1
9
1 29 1
11
1 20 1
13
1 33 1
14
1 10 2
16 141
1 26 1
17
1 29 1
18
1 11 1
19
1 19 1
20
1 24 1
21
1 21 1
23
1 29 1
25
1 18 1
26
1 15 2
27 335
1 20 1
28
1 21 1
32
1 21 1
33
1 22 1
34
1 14 1
36
1 28 1
37
1 28 1
39
1 28 1
40
1 9 1
41
1 10 1
42
1 19 1
43
1 26 1
45
1 25 1
46
1 19 1
48
1 28 1
49
1 29 1
50
1 29 1
52
1 18 1
53
1 12 1
54
1 28 1
55
1 23 1
56
1 25 1
58
1 18 1
59
1 26 2
61 225
1 29 1
67
1 27 1
71
1 10 1
72
1 22 2
73 132
1 24 1
74
1 40 1
76
1 21 1
78
1 16 1
79
1 14 1
82
1 33 1
83
1 29 1
84
1 23 1
85
1 22 1
88
1 22 1
89
1 15 1
91
1 5 1
92
1 24 1
96
1 23 1
98
1 21 1
99
1 29 1
100
1 18 1
102
1 27 1
103
1 19 1
104
1 18 1
105
1 30 2
106 558
1 30 1
108
1 29 2
110 642
1 25 1
112
1 35 1
113
1 29 1
115
1 24 2
116 420
1 11 2
117 118
1 22 1
121
1 24 1
122
1 7 1
124
1 17 1
125
1 10 1
126
1 18 1
128
1 27 1
129
1 22 1
130
1 29 1
134
1 20 1
136
1 24 1
137
1 19 1
138
1 29 1
142
1 21 1
143
1 16 1
146
1 20 1
147
1 31 1
148
1 21 1
149
1 14 1
151
1 26 1
153
1 15 1
155
1 24 1
156
1 28 1
157
1 9 1
160
1 22 1
161
1 14 1
162
1 22 1
165
1 33 1
166
1 6 1
169
1 16 1
170
1 24 1
172
1 34 1
173
1 9 1
174
1 14 1
175
1 22 1
176
1 30 1
177
1 16 1
178
1 15 1
179
1 21 1
180
1 13 2
181 279
1 34 1
182
1 17 1
183
1 29 1
184
1 20 1
185
1 17 1
187
1 23 1
189
1 14 1
190
1 24 1
191
1 27 1
192
1 25 1
195
1 24 1
196
1 18 2
198 586
1 27 1
199
1 28 1
203
1 16 3
204 206 571
1 33 1
205
1 34 1
212
1 33 1
213
1 8 1
214
1 39 3
216 344 629
1 29 1
220
1 26 1
221
1 19 1
222
1 7 1
223
1 6 1
227
1 32 1
229
1 18 1
230
1 25 1
231
1 7 1
233
1 25 1
234
1 36 1
235
1 25 1
236
1 34 1
237
1 14 1
238
1 15 1
239
1 25 1
240
1 31 1
242
1 11 1
243
1 24 1
244
1 25 1
245
1 13 1
246
1 39 1
247
1 23 1
249
1 12 1
250
1 34 1
252
1 13 1
254
1 22 2
255 454
1 15 1
257
1 34 1
259
1 37 1
262
1 22 1
263
1 25 1
268
1 25 1
272
1 29 1
273
1 21 1
274
1 15 1
275
1 34 1
276
1 24 1
277
1 34 1
278
1 21 1
282
1 16 1
283
1 25 1
286
1 30 1
287
1 23 1
288
1 30 1
291
1 22 1
292
1 28 1
293
1 14 1
294
1 13 1
295
1 21 1
296
1 16 1
297
1 31 1
298
1 23 1
299
1 20 1
302
1 32 1
303
1 24 1
305
1 34 1
306
1 34 1
307
1 21 1
310
1 20 1
311
1 18 1
312
1 18 1
314
1 16 1
315
1 19 1
321
1 16 1
322
1 11 1
323
1 32 1
324
1 19 2
326 508
1 13 1
327
1 22 1
330
1 23 1
332
1 17 1
333
1 24 1
336
1 13 1
337
1 22 2
338 350
1 27 1
339
1 20 1
340
1 20 1
345
1 25 1
347
1 10 1
349
1 29 1
351
1 9 2
352 550
1 25 1
353
1 29 1
355
1 9 1
356
1 15 1
357
1 28 1
358
1 31 1
359
1 27 1
362
1 24 1
363
1 25 1
364
1 17 1
365
1 24 1
370
1 22 1
373
1 16 1
374
1 23 1
375
1 23 1
376
1 21 1
380
1 31 1
381
1 22 1
384
1 18 2
385 620
1 24 1
386
1 24 1
387
1 4 1
388
1 12 1
390
1 20 1
394
1 29 1
395
1 23 1
396
1 11 1
398
1 24 1
399
1 15 2
402 444
1 27 1
403
1 22 1
404
1 30 1
407
1 10 1
408
1 24 1
410
1 19 1
412
1 31 1
414
1 22 1
418
1 25 1
423
1 17 1
424
1 14 1
426
1 29 1
427
1 27 1
428
1 15 1
430
1 28 1
431
1 22 1
432
1 9 1
433
1 32 1
434
1 12 1
436
1 17 1
437
1 18 1
439
1 24 1
440
1 32 1
441
1 22 1
443
1 17 1
445
1 19 1
449
1 17 1
450
1 23 1
451
1 20 1
452
1 12 1
453
1 24 1
455
1 21 1
456
1 15 1
457
1 21 1
460
1 23 1
461
1 35 1
462
1 13 1
465
1 35 1
467
1 27 2
468 663
1 23 1
472
1 5 1
475
1 29 1
476
1 15 1
478
1 22 1
479
1 23 1
480
1 6 1
482
1 22 1
483
1 23 1
485
1 31 1
489
1 21 1
490
1 26 1
492
1 11 1
494
1 35 1
495
1 13 1
497
1 25 1
498
1 39 1
499
1 28 1
500
1 25 1
501
1 13 1
504
1 20 1
505
1 35 1
506
1 11 1
507
1 20 1
510
1 14 1
511
1 27 1
513
1 29 1
514
1 17 1
515
1 11 1
516
1 23 1
519
1 27 1
522
1 26 1
523
1 17 1
524
1 23 1
525
1 27 1
528
1 35 1
529
1 25 1
531
1 23 1
533
1 13 1
535
1 7 1
536
1 22 1
537
1 17 1
539
1 17 1
541
1 26 1
543
1 34 1
547
1 21 1
548
1 15 1
551
1 24 1
553
1 23 1
554
1 19 1
557
1 22 1
562
1 34 1
563
1 15 1
564
1 21 1
565
1 20 1
568
1 21 1
569
1 29 1
570
1 13 1
573
1 13 1
577
1 20 1
578
1 21 1
579
1 23 1
580
1 22 1
582
1 14 1
583
1 17 1
584
1 24 1
587
1 14 1
588
1 26 1
589
1 10 1
590
1 34 1
591
1 30 1
594
1 30 1
595
1 16 1
597
1 16 1
598
1 19 1
599
1 35 1
600
1 28 1
602
1 19 1
604
1 39 1
605
1 38 1
607
1 11 1
610
1 34 1
611
1 23 1
612
1 18 1
613
1 20 1
614
1 18 1
619
1 38 1
621
1 7 1
622
1 18 1
623
1 20 1
624
1 17 1
626
1 22 1
630
1 19 1
632
1 26 1
633
1 17 1
634
1 27 1
637
1 24 1
638
1 21 1
639
1 20 1
640
1 18 1
641
1 32 1
643
1 23 1
646
1 20 1
650
1 17 1
652
1 19 1
654
1 25 1
658
1 23 1
660
1 12 1
661
1 21 1
662
1 8 1
665
1 23 1
666
1 14 1
667
1 24 1
669
1 12 1
670
1 19 1
671
1 16 1
672
1 16 1
674
1 11 1
675
1 19 1
676
1 29 1
677
1 23 1
678
1 21 1
680
1 19 1
683
1 24 1
684
1 18 1
685
1 33 1
687
1 25 1
692
1 22 1
693
1 18 1
695
1 28 1
696
