300 245 465 20
30 22 13 2 23 20 13 16 9 14 15 2 2 16 26 18 21 24 11 17 25 17 25 5 20 23 7 20 21 5 5 30 28 14 5 10 11 30 17 20 1 9 4 5 3 27 7 30 9 25 17 6 15 9 20 13 3 21 11 6 11 1 10 1 14 4 30 8 9 8 20 22 15 2 25 29 19 5 25 20 17 3 17 15 27 14 29 12 8 11 15 23 6 6 25 22 5 17 20 26 3 7 15 6 21 1 22 14 16 3 17 19 2 12 12 3 7 5 5 18 28 13 5 21 19 11 26 24 21 16 9 12 20 7 24 19 14 15 18 26 20 5 24 20 23 1 19 30 22 17 19 29 28 7 12 25 12 24 23 17 9 24 15 23 21 30 9 27 12 18 2 11 6 12 24 30 28 13 8 4 25 28 1 11 21 12 16 22 4 3 26 29 11 27 3 13 6 26 4 10 17 13 20 26 4 18 25 17 26 30 7 11 22 4 26 9 14 27 3 17 14 17 11 6 1 9 25 13 23 11 5 6 4 17 12 11 29 4 21 24 14 7 15 5 11 3 28 7 13 23 3 8 19 1 5 24 10 25 4 4 6 29 27 29 27 29 26 1 1 2 22 20 20 22 23 18 12 25 20 30 20 20 8 2 1 24 3 2 28 16 1 28 2 21 23 13 26 26 20 22
2 28 27 12 13 22 28 18 29 9 24 13 9 11 6 10 26 26 17 13 19 5 22 29 26 14 14 8 6 2 13 4 18 12 20 16 21 18 17 4 16 12 26 15 5 11 30 17 30 1 16 22 25 10 3 14 23 7 6 7 21 11 8 17 19 18 3 19 12 4 25 23 3 13 14 21 21 18 20 1 16 23 8 28 18 29 8 16 11 26 18 14 13 30 12 8 27 2 24 1 14 16 18 10 9 17 26 21 26 23 26 17 29 14 15 27 3 26 24 19 25 11 11 15 9 27 30 10 21 4 22 28 12 6 20 27 6 16 24 18 15 29 17 1 17 26 4 30 25 3 14 5 24 28 19 19 3 26 9 14 18 27 22 1 11 25 12 30 16 20 12 21 16 20 6 15 13 12 22 20 7 24 28 5 2 28 17 16 11 21 30 1 27 2 4 12 24 3 18 3 18 24 12 23 2 8 17 27 27 28 3 8 17 12 24 24 21 15 15 3 21 1 5 22 11 1 13 22 13 20 26 6 8 28 25 26 30 25 3 8 3 17 16 20 16 12 1 29 28 8 18 17 4 16 26 9 3 8 15 20 7 1 24 18 27 26 27 26 21 27 30 30 11 21 3 21 8 13 11 20 6 4 26 10 11 10 5 10 2 5 13 24 9 13 20 28 4 3 9 13
0 11 1
237
0 5 2
260 52
0 10 1
51
0 7 1
223
0 5 1
55
0 9 1
11
0 16 2
116 195
0 10 2
245 159
0 12 1
63
0 8 3
109 42 255
0 11 2
107 99
0 5 4
165 252 206 105
0 18 1
31
0 17 1
240
0 2 4
29 91 217 125
0 19 2
158 180
0 9 1
155
0 6 2
184 275
0 10 2
187 254
0 16 2
94 287
0 6 4
83 267 199 152
0 5 2
243 176
0 3 3
128 114 62
0 18 3
44 122 216
0 6 1
236
0 11 1
261
0 16 2
118 296
0 4 2
179 190
0 14 1
274
0 6 3
97 61 294
0 15 1
111
0 12 3
137 41 150
0 3 1
100
0 20 1
22
0 8 2
95 235
0 15 2
231 134
0 13 3
138 28 0
0 16 1
228
0 18 1
241
0 13 2
173 276
0 1 1
178
0 16 1
2
0 5 1
76
0 7 3
209 25 82
0 15 3
200 290 80
0 12 1
49
0 9 3
58 207 43
0 10 2
120 221
0 5 1
298
0 6 1
89
0 13 1
222
0 17 2
175 169
0 1 2
286 242
0 16 1
10
0 15 2
203 19
0 16 1
32
0 20 2
45 266
0 16 1
171
0 11 2
280 233
0 9 1
227
0 10 1
258
0 1 1
270
0 4 2
85 135
0 18 5
257 234 183 84 281
0 5 2
48 167
0 1 1
146
0 17 1
204
0 17 1
92
0 15 1
13
1 21 1
1
1 22 1
3
1 28 1
4
1 12 1
5
1 14 1
6
1 35 1
7
1 15 1
8
1 8 1
9
1 26 1
12
1 21 1
14
1 21 1
15
1 28 1
16
1 28 1
17
1 27 1
18
1 22 1
20
1 8 1
21
1 20 1
23
1 23 1
24
1 6 1
26
1 14 1
27
1 17 1
30
1 21 1
33
1 16 1
34
1 30 1
35
1 24 1
36
1 19 1
37
1 20 1
38
1 23 1
39
1 25 1
40
1 21 1
46
1 20 1
47
1 25 1
50
1 33 1
53
1 21 1
54
1 25 1
56
1 25 1
57
1 9 1
59
1 5 1
60
1 20 1
64
1 23 1
65
1 28 1
66
1 20 1
67
1 23 1
68
1 26 1
69
1 28 1
70
1 23 1
71
1 32 1
72
1 17 1
73
1 19 1
74
1 35 1
75
1 15 1
77
1 21 1
78
1 3 1
79
1 27 1
81
1 17 1
86
1 26 1
87
1 7 1
88
1 30 1
90
1 9 1
93
1 21 1
96
1 17 1
98
1 8 1
101
1 17 1
102
1 35 1
103
1 19 1
104
1 14 1
106
1 12 1
108
1 22 1
110
1 34 1
112
1 21 1
113
1 29 1
115
1 21 2
117 174
1 36 1
119
1 16 1
121
1 33 1
123
1 18 1
124
1 25 1
126
1 35 1
127
1 22 1
129
1 6 1
130
1 32 1
131
1 4 1
132
1 26 1
133
1 20 1
136
1 15 1
139
1 16 1
140
1 12 1
141
1 13 1
142
1 17 1
143
1 15 1
144
1 25 1
145
1 25 1
147
1 33 1
148
1 13 1
149
1 22 1
151
1 18 1
153
1 28 1
154
1 27 1
156
1 18 1
157
1 10 1
160
1 23 1
161
1 23 1
162
1 16 1
163
1 30 1
164
1 10 1
166
1 16 1
168
1 22 1
170
1 33 1
172
1 19 1
177
1 14 1
181
1 23 1
182
1 25 1
185
1 33 1
186
1 18 1
188
1 20 1
189
1 26 1
191
1 16 1
192
1 34 1
193
1 28 1
194
1 18 1
196
1 24 1
197
1 26 2
198 277
1 25 1
201
1 30 1
202
1 19 1
205
1 23 1
208
1 28 1
210
1 32 1
211
1 26 1
212
1 28 1
213
1 5 1
214
1 35 1
215
1 24 1
218
1 35 1
219
1 30 1
220
1 23 1
224
1 26 1
225
1 12 1
226
1 12 1
229
1 33 1
230
1 30 1
232
1 16 1
238
1 31 1
239
1 22 1
244
1 17 1
246
1 26 1
247
1 30 1
248
1 14 1
249
1 16 1
250
1 21 1
251
1 23 1
253
1 10 1
256
1 17 1
259
1 19 1
262
1 12 1
263
1 21 1
264
1 11 1
265
1 16 1
268
1 30 1
269
1 27 1
271
1 11 1
272
1 11 1
273
1 29 1
278
1 17 1
279
1 14 1
282
1 22 1
283
1 21 1
284
1 16 1
285
1 21 1
288
1 20 1
289
1 27 1
291
1 12 1
292
1 25 1
293
1 34 1
295
1 11 1
297
1 29 1
299
