700 472 1085 20
16 14 11 24 29 13 25 13 18 14 30 28 19 4 4 15 5 21 11 6 29 3 9 25 27 25 14 21 16 11 19 29 19 30 25 10 6 17 24 7 29 2 28 2 20 14 30 23 23 6 20 4 7 10 1 14 1 11 14 15 7 29 7 15 8 19 28 11 4 6 4 5 23 21 5 28 10 17 27 2 7 1 24 5 17 2 26 9 5 7 7 15 21 23 29 29 7 14 19 24 2 17 10 24 8 9 28 6 13 23 26 10 30 1 14 26 8 11 7 7 29 12 17 29 8 12 23 13 5 6 23 8 19 26 29 17 11 15 10 30 6 4 10 15 2 22 22 9 23 30 4 18 14 8 24 27 3 26 15 7 16 25 12 27 12 25 10 17 21 2 21 25 16 9 18 18 25 18 11 16 19 7 7 8 13 11 30 30 4 9 30 10 24 1 24 23 24 19 29 13 13 14 19 26 26 29 29 8 9 29 1 25 3 24 20 8 23 21 19 9 1 30 8 2 23 14 4 3 18 3 27 13 24 23 9 11 1 4 14 12 10 7 6 2 22 19 15 20 3 29 9 11 12 8 21 24 11 28 3 29 7 16 3 14 18 21 19 24 6 28 15 10 11 16 8 3 26 12 14 15 17 23 24 7 18 29 9 13 28 9 24 30 4 19 6 17 29 21 24 20 29 30 1 28 18 20 14 3 30 7 25 8 22 28 18 22 30 1 11 9 1 28 24 3 19 26 29 15 27 8 2 14 2 12 19 30 23 7 25 11 21 21 12 30 5 11 18 26 5 30 4 11 28 4 18 27 13 1 25 18 18 20 3 13 25 4 13 14 23 6 21 25 30 16 13 29 10 20 25 13 18 1 18 25 8 27 12 24 19 15 10 28 23 4 25 6 25 29 21 13 21 4 12 21 5 12 13 10 16 25 9 16 5 20 3 6 20 1 18 30 22 7 30 23 25 25 26 12 14 22 12 19 15 26 3 17 19 18 20 25 18 2 2 26 19 15 26 19 17 25 9 11 19 23 21 7 21 18 27 3 26 27 23 16 6 9 21 20 11 22 14 17 14 9 10 8 23 19 11 14 6 18 10 10 24 19 9 4 12 21 23 4 18 20 19 28 14 3 23 10 21 5 6 4 8 12 5 4 12 22 27 17 16 14 9 4 8 3 20 2 22 26 25 30 28 28 1 1 23 30 12 28 9 28 8 25 8 11 14 27 15 22 17 14 4 7 3 3 3 9 5 4 19 13 3 12 21 22 1 30 24 11 8 30 13 8 7 10 26 29 1 27 5 13 15 16 15 25 12 6 12 10 15 25 23 3 6 14 24 2 19 3 1 23 30 8 18 14 13 10 20 20 29 25 23 23 21 30 21 26 19 10 12 4 2 5 9 10 23 16 2 5 10 22 14 8 22 30 16 23 21 29 21 7 20 29 8 22 14 28 24 23 20 18 26 27 15 22 14 15 11 4 14 23 30 5 17 27 5 20 13 25 25 15 29 7 12 9 19 26 3 8 26 29 21 16 8 25 30 19 7 27 5 19 24 2 5 26 25 23 20 4 3 18 8 19 6 16 17 1
22 6 28 8 25 15 8 26 8 18 13 29 8 27 12 21 14 18 24 23 11 27 30 10 20 16 21 13 21 12 21 21 3 21 23 15 16 20 21 4 21 19 21 18 21 10 9 7 24 26 20 18 1 27 10 20 18 8 6 9 25 13 18 5 3 14 19 8 2 15 27 5 20 3 4 6 2 4 11 23 24 3 3 10 26 9 27 7 27 10 27 26 20 16 21 8 29 14 9 13 6 9 6 10 10 3 14 12 19 14 6 21 22 2 13 6 6 23 11 28 7 13 20 7 14 11 17 7 18 10 27 16 2 3 8 14 14 19 28 18 11 27 12 18 10 23 10 8 9 22 14 30 25 17 21 1 30 21 12 9 1 17 29 3 6 21 30 3 10 10 21 20 18 9 21 7 15 16 30 4 14 1 22 9 4 11 13 26 26 13 1 7 29 14 17 9 3 30 11 9 22 14 22 29 9 24 21 14 17 4 28 19 7 16 15 11 14 5 22 12 27 18 15 26 9 19 26 15 24 18 14 6 29 26 3 7 18 22 21 24 4 24 13 9 7 5 4 1 19 8 14 29 3 9 1 11 20 19 27 27 17 14 12 17 19 17 5 11 5 10 27 12 24 20 30 12 10 16 13 7 13 6 29 9 9 18 11 21 7 2 11 2 1 9 22 22 7 22 6 10 17 13 28 9 15 22 18 15 11 18 16 4 5 3 26 18 16 8 3 5 6 30 29 20 17 2 2 16 28 28 23 15 17 21 28 21 10 30 6 27 27 26 24 6 25 26 30 21 15 8 5 4 3 28 1 14 12 7 3 21 15 25 19 4 20 10 3 18 15 15 29 9 14 24 18 23 23 26 1 7 6 15 11 4 30 16 20 30 17 2 5 3 20 6 30 9 4 13 18 9 11 5 5 20 3 10 6 1 23 6 25 15 22 12 25 24 17 4 1 23 23 22 20 22 20 29 3 25 27 27 13 23 3 24 29 18 28 25 4 26 12 25 27 20 24 5 1 16 19 20 15 9 21 4 28 29 24 16 29 10 30 3 5 8 2 28 26 27 15 1 18 14 2 21 19 7 8 20 11 9 15 10 4 10 29 15 18 20 16 11 20 22 21 14 20 8 21 11 16 9 5 26 13 27 22 1 7 15 12 28 21 8 8 10 19 12 18 3 4 24 12 28 5 19 20 24 12 13 28 19 13 22 5 7 1 5 30 11 30 4 6 12 1 8 20 4 27 28 8 7 15 26 12 11 26 27 20 26 21 16 5 10 2 24 8 27 22 17 1 12 4 25 7 4 20 6 27 18 14 17 20 28 11 7 6 29 8 2 16 4 9 18 24 24 23 16 5 18 12 1 14 30 28 12 15 7 14 14 14 30 20 14 8 2 15 29 7 22 8 5 27 3 11 27 21 16 15 4 25 14 10 24 23 17 11 15 16 20 19 16 26 20 18 8 6 29 27 17 20 8 13 27 5 24 28 3 26 8 4 30 3 24 8 10 7 26 5 27 30 1 20 17 17 21 22 9 14 7 6 30 16 4 27 17 25 12 7 12 3 29 18 5 3 22 4 20 7 6 14 17
0 18 7
598 8 635 534 540 326 343
0 3 4
53 158 314 276
0 6 1
551
0 5 2
361 311
0 9 3
102 418 263
0 16 5
186 383 421 113 416
0 19 1
254
0 11 6
567 573 356 476 43 11
0 9 4
174 308 167 682
0 8 2
351 262
0 20 4
141 24 499 260
0 2 4
614 159 599 234
0 19 3
210 368 115
0 2 2
29 92
0 11 3
209 531 96
0 18 8
607 200 217 65 464 354 348 436
0 14 6
68 674 424 271 500 643
0 3 3
303 126 437
0 20 6
349 469 482 264 249 396
0 20 1
678
0 2 3
82 522 221
0 8 3
358 695 577
0 1 9
553 633 72 338 173 435 390 480 403
0 15 3
538 215 547
0 18 4
422 667 273 229
0 4 3
108 496 129
0 4 2
76 25
0 11 3
304 78 208
0 7 1
321
0 4 3
458 188 689
0 17 4
222 504 178 497
0 2 7
608 104 438 131 380 266 101
0 4 3
46 581 652
0 3 2
163 1
0 1 3
377 526 261
0 11 2
397 187
0 9 7
77 7 457 473 203 590 169
0 20 3
492 619 673
0 15 2
252 294
0 16 3
330 110 256
0 13 4
258 417 535 365
0 8 1
292
0 19 5
465 193 589 345 219
0 1 3
85 40 441
0 17 4
69 426 639 688
0 13 4
226 214 0 231
0 1 2
508 666
0 10 4
638 168 511 447
0 17 3
362 489 471
0 9 2
56 192
0 4 8
272 136 442 160 223 331 631 611
0 15 3
602 114 663
0 12 3
170 574 410
0 4 1
610
0 18 5
446 445 3 285 228
0 13 4
179 560 310 213
0 9 5
265 147 184 117 364
0 1 2
145 532
0 12 6
605 36 384 125 530 216
0 18 1
111
0 2 1
319
0 15 5
57 439 472 484 164
0 18 4
623 47 657 20
0 19 1
449
0 1 2
697 612
0 6 2
425 470
0 1 7
432 152 486 625 87 127 572
0 8 1
507
0 4 3
156 280 521
0 10 3
181 105 122
0 3 5
485 481 267 16 51
0 3 1
546
0 18 3
428 357 404
0 20 2
103 183
0 13 2
370 585
0 3 1
230
0 9 3
665 274 313
0 9 1
121
0 2 3
58 400 606
0 12 2
541 88
0 4 3
655 4 100
0 15 6
542 155 369 661 142 227
0 15 1
305
0 7 2
637 73
0 13 6
490 109 75 549 232 698
0 7 2
588 112
0 12 4
135 627 444 299
1 12 1
2
1 14 1
5
1 21 1
6
1 24 1
9
1 36 1
10
1 20 2
12 591
1 14 1
13
1 24 1
14
1 19 1
15
1 6 1
17
1 19 2
18 601
1 36 1
19
1 18 1
21
1 5 1
22
1 21 1
23
1 25 1
26
1 14 2
27 253
1 11 1
28
1 20 1
30
1 11 1
31
1 21 1
32
1 27 1
33
1 12 1
34
1 28 1
35
1 7 1
37
1 30 1
38
1 17 1
39
1 32 1
41
1 29 1
42
1 5 1
44
1 38 1
45
1 6 1
48
1 11 1
49
1 37 1
50
1 27 1
52
1 15 2
54 128
1 10 2
55 97
1 8 1
59
1 15 1
60
1 16 1
61
1 34 1
62
1 12 1
63
1 31 2
64 320
1 28 2
66 248
1 23 1
67
1 9 2
70 659
1 32 1
71
1 6 1
74
1 31 1
79
1 8 1
80
1 17 1
81
1 21 1
83
1 27 1
84
1 21 1
86
1 35 1
89
1 19 1
90
1 5 1
91
1 31 1
93
1 23 1
94
1 20 1
95
1 6 1
98
1 2 1
99
1 5 1
106
1 16 1
107
1 20 1
116
1 22 1
118
1 36 1
119
1 30 2
120 556
1 24 1
123
1 24 1
124
1 19 1
130
1 16 1
132
1 5 2
133 279
1 13 1
134
1 7 1
137
1 17 1
138
1 37 1
139
1 21 1
140
1 9 1
143
1 17 2
144 548
1 10 1
146
1 14 1
148
1 33 1
149
1 20 1
150
1 8 1
151
1 16 1
153
1 25 1
154
1 22 1
157
1 19 1
161
1 24 1
162
1 6 1
165
1 18 1
166
1 22 1
171
1 21 1
172
1 12 1
175
1 27 1
176
1 13 1
177
1 30 1
180
1 12 1
182
1 30 1
185
1 5 1
189
1 23 1
190
1 11 1
191
1 21 1
194
1 17 1
195
1 33 1
196
1 25 1
197
1 26 1
198
1 21 1
199
1 34 1
201
1 19 1
202
1 37 1
204
1 3 1
205
1 3 1
206
1 20 1
207
1 4 1
211
1 17 2
212 491
1 26 1
218
1 29 1
220
1 14 1
224
1 21 1
225
1 4 1
233
1 20 1
235
1 17 1
236
1 17 1
237
1 3 1
238
1 28 1
239
1 34 1
240
1 20 1
241
1 25 1
242
1 7 1
243
1 28 1
244
1 34 1
245
1 17 1
246
1 19 1
247
1 29 1
250
1 34 1
251
1 27 1
255
1 18 1
257
1 18 1
259
1 18 1
268
1 19 2
269 394
1 5 1
270
1 13 1
275
1 4 1
277
1 24 1
278
1 23 1
281
1 5 2
282 571
1 17 1
283
1 6 1
284
1 34 1
286
1 16 2
287 525
1 16 2
288 506
1 18 1
289
1 7 1
290
1 15 1
291
1 37 1
293
1 27 1
295
1 29 1
296
1 14 1
297
1 7 1
298
1 5 1
300
1 27 1
301
1 14 1
302
1 27 1
306
1 16 1
307
1 22 1
309
1 7 1
312
1 16 1
315
1 25 1
316
1 6 1
317
1 5 1
318
1 20 2
322 533
1 21 1
323
1 34 1
324
1 13 1
325
1 20 1
327
1 28 1
328
1 26 1
329
1 14 1
332
1 38 1
333
1 35 2
334 495
1 29 1
335
1 35 1
336
1 32 1
337
1 2 1
339
1 23 1
340
1 16 1
341
1 12 1
342
1 37 1
344
1 30 1
346
1 24 2
347 386
1 14 1
350
1 35 1
352
1 16 1
353
1 35 1
355
1 27 1
359
1 33 1
360
1 26 1
363
1 20 1
366
1 23 1
367
1 17 1
371
1 30 1
372
1 24 1
373
1 14 2
374 641
1 25 1
375
1 34 1
376
1 18 1
378
1 13 1
379
1 7 1
381
1 36 1
382
1 14 1
385
1 20 1
387
1 6 1
388
1 33 1
389
1 18 1
391
1 27 1
392
1 24 1
393
1 14 1
395
1 20 1
398
1 22 1
399
1 19 1
401
1 16 1
402
1 18 1
405
1 7 1
406
1 22 1
407
1 12 1
408
1 37 1
409
1 27 1
411
1 14 2
412 528
1 32 1
413
1 13 1
414
1 26 1
415
1 12 1
419
1 13 1
420
1 29 1
423
1 37 1
427
1 13 1
429
1 15 1
430
1 16 1
431
1 14 1
433
1 33 1
434
1 25 1
440
1 19 1
443
1 8 1
448
1 23 1
450
1 20 1
451
1 33 1
452
1 35 1
453
1 29 2
454 636
1 20 1
455
1 15 1
456
1 13 1
459
1 33 1
460
1 33 1
461
1 16 1
462
1 10 1
463
1 17 2
466 545
1 24 1
467
1 16 1
468
1 25 1
474
1 33 1
475
1 33 1
477
1 26 1
478
1 21 1
479
1 24 1
483
1 19 1
487
1 5 1
488
1 29 1
493
1 20 1
494
1 30 1
498
1 17 1
501
1 11 1
502
1 15 1
503
1 23 1
505
1 30 1
509
1 30 2
510 649
1 3 1
512
1 28 1
513
1 24 1
514
1 24 1
515
1 8 1
516
1 23 1
517
1 17 1
518
1 19 1
519
1 34 1
520
1 35 1
523
1 30 1
524
1 18 1
527
1 24 1
529
1 18 1
536
1 33 1
537
1 16 1
539
1 30 1
543
1 20 1
544
1 18 1
550
1 22 1
552
1 24 1
554
1 18 1
555
1 31 1
557
1 20 1
558
1 37 1
559
1 23 1
561
1 39 1
562
1 9 1
563
1 34 1
564
1 35 1
565
1 5 1
566
1 24 1
568
1 19 1
569
1 6 1
570
1 9 1
575
1 21 1
576
1 9 1
578
1 12 1
579
1 18 1
580
1 35 1
582
1 21 1
583
1 17 1
584
1 4 1
586
1 7 1
587
1 21 1
592
1 33 1
593
1 21 1
594
1 8 1
595
1 14 1
596
1 29 1
597
1 14 1
600
1 16 1
603
1 31 1
604
1 17 1
609
1 15 1
613
1 21 1
615
1 22 1
616
1 12 1
617
1 23 1
618
1 22 1
620
1 12 1
621
1 19 1
622
1 20 1
624
1 13 1
626
1 28 1
628
1 22 1
629
1 17 1
630
1 13 1
632
1 19 1
634
1 14 1
640
1 26 1
642
1 23 1
644
1 36 1
645
1 13 1
646
1 24 1
647
1 32 1
648
1 35 1
650
1 10 1
651
1 22 1
653
1 20 1
654
1 8 1
656
1 15 1
658
1 20 1
660
1 18 1
662
1 27 1
664
1 19 1
668
1 26 1
669
1 30 1
670
1 27 1
671
1 19 1
672
1 19 1
675
1 34 1
676
1 30 1
677
1 24 1
679
1 19 1
680
1 16 1
681
1 25 1
683
1 17 1
684
1 31 1
685
1 7 1
686
1 12 1
687
1 15 1
690
1 29 1
691
1 13 1
692
1 35 1
693
1 29 1
694
1 26 1
696
1 6 1
699
