1000 645 1550 18
28 6 28 22 18 23 24 19 23 13 13 16 2 2 6 11 30 17 6 6 20 18 5 2 13 4 10 6 16 12 12 10 9 26 26 24 19 2 20 7 18 14 7 28 14 21 3 19 11 29 16 29 24 24 17 8 17 26 11 25 10 13 18 11 11 3 14 1 21 25 4 12 10 4 17 21 29 18 4 19 8 25 5 26 3 9 8 19 26 6 22 18 1 15 18 11 9 15 26 19 23 18 21 13 17 30 6 16 1 9 23 5 13 21 26 18 10 23 15 11 4 28 14 3 11 30 28 15 29 1 11 11 20 29 30 4 8 24 20 2 19 4 2 13 20 25 28 29 5 18 18 30 17 26 6 16 4 8 12 28 12 20 24 30 30 12 14 19 3 17 2 24 1 3 14 26 27 12 18 24 21 9 26 18 12 16 29 2 17 7 10 30 9 30 6 29 2 29 1 28 22 15 27 17 3 14 14 30 21 30 10 3 16 29 16 29 9 1 4 25 6 28 26 5 21 30 9 14 29 26 12 3 30 25 17 8 7 28 1 6 30 2 27 8 21 21 19 3 8 30 28 6 29 9 21 29 15 17 6 1 6 30 7 29 6 30 20 16 21 22 19 14 30 24 15 20 4 26 8 24 24 15 2 16 14 11 16 14 9 29 7 27 22 2 23 2 6 14 20 20 16 12 11 29 6 17 15 12 23 1 18 22 9 26 12 21 28 19 29 6 10 3 26 14 14 4 6 14 29 6 12 21 17 8 5 24 5 3 27 25 28 5 5 15 28 7 21 27 10 12 3 30 17 9 24 2 19 17 27 14 2 20 18 19 26 28 2 20 8 18 20 9 5 3 16 9 28 3 28 6 21 27 17 30 2 27 27 8 10 11 12 3 26 26 26 18 13 23 3 21 20 12 22 14 28 11 18 14 26 9 1 1 15 7 25 13 24 16 3 9 9 29 24 18 8 28 30 25 10 2 4 6 11 14 13 14 22 21 9 14 3 18 7 5 12 16 29 23 12 6 25 22 23 29 1 21 1 25 8 12 5 1 12 29 4 30 11 5 24 4 12 5 25 3 1 2 25 10 26 13 3 11 17 28 27 22 13 29 23 8 19 7 23 19 26 5 9 6 13 12 11 19 8 12 5 13 26 19 1 6 21 13 2 16 20 21 25 4 7 7 27 24 3 24 4 24 26 25 20 24 15 3 8 17 2 14 10 6 20 28 8 7 17 17 27 11 2 2 22 24 5 17 24 2 17 22 9 7 8 28 6 5 21 19 29 6 23 22 21 5 6 27 8 23 17 2 20 23 12 2 5 3 14 23 24 20 5 5 4 28 25 16 25 5 18 27 29 29 16 23 12 24 23 1 21 24 28 15 4 29 29 10 20 9 22 27 5 27 1 27 2 30 30 8 9 16 30 9 28 24 9 3 27 9 26 6 17 8 16 12 30 21 30 22 3 2 4 6 1 9 12 29 18 29 7 26 13 10 8 6 9 2 10 30 20 23 23 17 9 21 20 27 16 3 6 5 8 18 20 8 18 26 11 5 10 13 4 23 18 28 24 24 5 13 29 3 18 10 8 17 26 21 13 11 1 20 3 17 7 13 25 15 27 19 30 17 5 23 11 5 20 20 1 9 29 3 25 17 3 28 29 6 5 5 3 14 7 6 26 6 16 11 8 23 25 26 1 5 26 11 13 21 24 27 1 16 10 8 4 30 28 22 19 11 1 30 21 14 2 5 9 22 30 29 2 1 19 6 17 16 15 14 1 15 19 9 9 19 30 21 28 13 27 9 27 18 24 17 20 6 27 25 13 5 12 23 24 22 3 26 11 10 12 29 30 19 4 16 25 10 4 23 25 18 26 5 11 15 12 11 20 28 16 26 18 2 27 9 25 21 2 2 18 25 4 24 4 8 1 21 18 17 9 10 17 16 25 15 22 8 14 19 27 3 21 25 27 27 21 27 28 29 17 13 11 4 2 4 28 6 28 22 13 26 2 13 5 18 25 11 19 19 18 26 6 11 5 13 10 4 25 8 15 11 5 6 26 15 8 12 21 24 20 6 14 21 9 12 19 1 16 8 1 6 18 10 18 24 8 25 17 20 23 16 21 19 19 23 11 24 19 10 7 17 10 28 15 6 14 29 22 18 30 1 21 22 8 18 15 6 10 27 28 17 21 29 7 6 15 17 7 6 18 18 1 29 17 24 28 21 21 13 15 8 18 22 21 11 26 5 9 10 30 10 13 9 20 12 18 2
13 2 21 23 11 5 17 24 25 5 3 8 1 25 14 15 26 2 9 19 13 12 8 29 17 2 14 20 1 19 24 19 23 1 1 24 4 9 24 23 2 23 3 29 6 29 18 7 20 15 27 3 29 28 2 25 17 3 25 7 25 16 22 2 13 12 2 4 17 19 25 28 13 8 20 2 24 20 5 10 22 24 17 3 21 22 8 24 5 21 17 13 30 25 24 25 7 16 21 12 23 22 8 5 7 16 7 12 20 25 18 16 17 17 26 6 7 10 17 12 14 26 17 27 27 24 13 5 11 27 1 17 29 27 4 6 12 1 8 14 12 5 5 3 28 27 24 17 30 15 10 17 3 5 17 4 16 21 26 20 22 17 9 3 2 17 6 20 1 11 30 9 23 6 29 10 14 8 11 13 26 15 2 22 14 26 7 9 21 15 11 29 24 6 5 16 13 19 27 21 17 6 28 24 27 3 26 1 25 9 28 29 4 5 10 6 27 25 27 5 15 16 8 9 17 1 11 20 20 19 4 18 14 23 5 18 7 23 6 28 23 1 6 29 12 3 22 14 26 1 20 1 23 30 7 21 14 21 23 16 20 1 9 5 11 15 14 1 4 4 13 11 16 5 27 5 10 16 8 28 29 27 13 5 8 3 12 17 5 25 18 4 1 5 29 28 30 26 6 19 5 15 25 6 25 5 13 28 4 2 23 13 5 30 5 23 18 15 8 19 2 14 15 25 5 18 15 20 16 11 21 1 29 8 18 2 1 14 24 5 21 17 13 23 20 18 5 30 2 16 7 24 2 16 5 18 6 20 21 11 4 17 24 22 9 4 22 30 12 19 3 6 1 9 5 27 8 12 29 16 5 5 22 15 10 22 6 11 25 27 16 29 20 15 27 25 6 8 6 5 17 13 4 4 25 13 22 4 9 6 19 22 4 20 2 18 13 19 30 3 7 24 19 6 19 8 24 26 15 30 24 6 10 16 6 29 22 26 27 21 5 8 30 9 23 15 14 26 23 28 19 8 6 20 5 29 25 15 23 7 26 19 24 28 3 25 9 18 5 2 16 9 28 6 23 4 11 17 11 24 1 28 1 19 21 8 6 24 10 4 9 1 28 21 19 4 12 12 23 17 13 10 13 27 24 23 16 29 24 25 2 6 11 1 12 22 11 13 8 17 22 22 25 23 13 20 30 4 2 25 23 15 17 1 17 28 15 3 11 10 17 29 12 5 22 25 5 30 24 24 23 2 1 24 6 6 23 29 10 17 16 3 12 1 21 18 29 14 22 24 6 27 24 23 9 26 23 10 15 9 21 26 29 1 29 28 5 23 22 2 18 18 5 22 19 11 19 4 10 21 19 7 27 10 22 14 28 29 5 30 23 2 19 28 7 25 20 12 10 12 18 27 25 16 26 10 17 3 6 25 30 15 16 1 7 9 30 10 28 11 17 2 21 15 27 2 17 16 25 16 17 27 28 28 24 23 14 6 21 10 12 12 10 19 9 24 24 4 14 28 12 17 25 2 4 12 4 27 6 2 20 20 4 13 3 6 23 12 9 17 12 13 11 24 5 26 5 8 14 22 13 3 13 7 15 6 22 30 30 26 11 7 16 8 21 27 5 5 19 14 10 20 1 11 29 5 28 14 21 28 29 23 21 2 19 17 26 18 10 30 29 2 4 21 29 16 24 7 4 2 22 27 7 18 27 30 27 6 23 18 23 24 20 11 21 3 9 25 6 28 4 17 26 2 29 15 10 22 15 5 6 22 6 23 20 26 1 9 23 18 16 3 18 25 19 5 4 6 15 5 20 1 17 27 13 17 15 7 11 8 25 10 12 18 21 16 30 3 20 9 2 20 28 19 29 5 14 5 4 7 25 1 8 11 17 25 25 4 27 6 3 10 7 24 14 9 7 15 5 16 12 2 17 7 20 18 25 4 8 18 23 1 16 23 13 5 20 12 29 22 23 7 26 10 12 26 17 8 24 6 27 12 25 12 13 25 28 8 17 7 3 1 7 11 24 28 13 28 9 20 11 30 6 14 16 10 21 11 19 8 2 26 15 9 25 11 9 19 5 5 6 5 24 14 5 13 9 26 20 22 18 18 9 25 18 17 10 16 6 22 15 6 17 24 7 13 1 4 25 28 28 25 9 10 23 13 23 10 7 20 21 22 5 24 26 26 28 14 20 13 25 15 12 27 18 11 18 29 9 23 17 12 30 13 17 28 20 6 22 19 24 11 10 7 13 6 17 6 18 27
0 19 9
923 954 10 641 906 99 810 161 860
0 2 2
698 931
0 8 2
881 821
0 1 9
247 221 287 2 309 632 655 41 574
0 7 5
124 214 908 98 935
0 4 1
378
0 16 5
289 89 201 584 410
0 14 3
998 188 918
0 5 2
714 117
0 1 6
239 606 852 56 153 203
0 5 1
479
0 3 11
947 434 903 847 645 172 801 142 856 95 133
0 11 7
709 508 688 511 57 792 134
0 20 8
600 730 312 680 199 421 855 139
0 2 7
231 845 168 359 173 61 861
0 14 3
532 350 917
0 20 4
880 566 745 114
0 13 3
660 180 557
0 7 3
240 449 456
0 19 2
781 93
0 4 1
121
0 13 5
68 681 82 506 583
0 4 10
773 758 26 564 19 602 630 400 130 86
0 17 2
385 510
0 6 2
715 115
0 17 7
664 11 877 626 728 813 568
0 10 3
51 518 322
0 10 4
160 700 395 876
0 8 7
77 705 209 588 522 178 684
0 20 5
119 453 672 974 155
0 18 3
300 278 636
0 3 5
110 982 972 339 488
0 11 1
922
0 19 4
550 138 169 273
0 5 2
507 760
0 10 8
513 571 271 352 560 38 964 627
0 5 6
770 765 135 313 265 898
0 8 5
208 281 538 761 327
0 12 9
191 251 349 503 994 537 107 78 126
0 1 7
317 749 162 486 81 824 137
0 7 4
763 938 365 275
0 10 4
990 711 491 20
0 5 2
399 889
0 9 7
900 509 966 934 912 379 72
0 18 4
965 601 946 474
0 8 2
5 407
0 20 4
299 905 724 671
0 20 8
270 647 205 106 599 591 403 500
0 14 10
782 768 649 97 702 857 924 475 882 363
0 10 10
835 373 955 80 926 45 70 22 585 316
0 1 1
888
0 18 1
118
0 10 5
827 607 553 887 581
0 5 4
943 54 542 735
0 20 9
230 333 945 285 315 875 927 293 806
0 16 5
96 533 541 629 31
0 6 3
371 870 686
0 5 7
899 757 443 351 784 623 210
0 6 10
465 653 324 552 618 942 800 389 744 423
0 20 6
296 18 156 259 932 521
0 6 4
677 305 163 816
0 14 4
288 336 307 207
0 12 7
254 478 944 737 268 469 869
0 17 2
778 911
0 15 9
468 493 691 621 9 678 276 174 976
0 15 4
587 565 531 894
0 8 4
650 279 925 505
0 7 5
483 831 297 772 818
0 5 3
786 722 527
0 12 6
517 595 102 225 252 375
0 15 5
657 791 348 850 388
0 2 3
530 261 195
0 13 4
194 338 129 304
0 1 7
226 993 620 919 991 524 838
0 9 4
58 987 446 12
0 4 4
968 17 589 23
0 15 3
815 812 204
0 11 5
867 695 179 477 834
0 11 2
150 222
0 17 3
409 496 302
1 16 1
0
1 34 1
1
1 31 1
3
1 35 1
4
1 16 2
6 459
1 16 1
7
1 11 1
8
1 23 1
13
1 31 1
14
1 25 1
15
1 15 1
16
1 26 2
21 25
1 17 2
24 823
1 34 1
27
1 21 2
28 200
1 2 1
29
1 30 1
30
1 17 1
32
1 27 1
33
1 13 2
34 50
1 10 1
35
1 13 1
36
1 17 1
37
1 17 1
39
1 14 2
40 822
1 10 1
42
1 7 1
43
1 14 1
44
1 22 1
46
1 28 1
47
1 24 1
48
1 19 2
49 381
1 35 1
52
1 18 1
53
1 32 1
55
1 14 1
59
1 30 2
60 159
1 7 1
62
1 23 1
63
1 32 2
64 726
1 25 1
65
1 35 1
66
1 28 2
67 458
1 25 1
69
1 16 1
71
1 22 1
73
1 17 1
74
1 21 1
75
1 26 2
76 368
1 28 1
79
1 13 1
83
1 31 1
84
1 19 1
85
1 25 1
87
1 37 2
88 374
1 21 2
90 481
1 8 1
91
1 18 1
92
1 15 1
94
1 39 2
100 301
1 22 1
101
1 28 1
103
1 12 1
104
1 25 1
105
1 21 1
108
1 23 2
109 216
1 32 1
111
1 26 2
112 419
1 14 1
113
1 20 1
116
1 10 1
120
1 35 1
122
1 20 1
123
1 19 2
125 466
1 26 1
127
1 31 2
128 614
1 33 1
131
1 30 1
132
1 37 1
136
1 20 1
140
1 20 1
141
1 30 1
143
1 29 1
144
1 27 1
145
1 20 1
146
1 29 1
147
1 24 1
148
1 12 1
149
1 17 1
151
1 25 1
152
1 17 1
154
1 12 1
157
1 17 1
158
1 22 1
164
1 8 1
165
1 35 1
166
1 25 1
167
1 15 2
170 590
1 31 1
171
1 9 1
175
1 16 1
176
1 12 1
177
1 25 1
181
1 8 1
182
1 15 2
183 775
1 12 1
184
1 19 1
185
1 22 1
186
1 9 1
187
1 8 1
189
1 6 1
190
1 20 1
192
1 31 1
193
1 18 1
196
1 11 1
197
1 22 1
198
1 18 1
202
1 19 1
206
1 14 1
211
1 23 2
212 833
1 22 1
213
1 30 1
215
1 6 1
217
1 27 1
218
1 13 1
219
1 16 1
220
1 12 1
223
1 27 1
224
1 22 1
227
1 37 1
228
1 25 1
229
1 37 2
232 534
1 37 1
233
1 40 3
234 424 949
1 24 1
235
1 14 1
236
1 19 1
237
1 22 1
238
1 17 1
241
1 17 1
242
1 25 1
243
1 9 1
244
1 6 1
245
1 13 1
246
1 33 1
248
1 25 1
249
1 21 1
250
1 11 1
253
1 30 1
255
1 24 1
256
1 40 1
257
1 24 1
258
1 33 2
260 893
1 23 1
262
1 19 1
263
1 38 1
264
1 20 1
266
1 20 1
267
1 9 1
269
1 8 1
272
1 14 1
274
1 30 1
277
1 36 1
280
1 16 1
282
1 21 1
283
1 32 1
284
1 35 1
286
1 33 1
290
1 34 1
291
1 7 1
292
1 18 1
294
1 20 1
295
1 26 1
298
1 24 3
303 789 910
1 8 1
306
1 21 1
308
1 28 1
310
1 32 1
311
1 19 1
314
1 17 1
318
1 25 1
319
1 28 1
320
1 17 2
321 727
1 7 1
323
1 27 1
325
1 8 1
326
1 18 1
328
1 20 1
329
1 25 1
330
1 27 1
331
1 32 1
332
1 21 1
334
1 16 2
335 848
1 14 1
337
1 10 1
340
1 14 1
341
1 21 1
342
1 9 1
343
1 26 1
344
1 17 1
345
1 29 1
346
1 26 1
347
1 26 2
353 909
1 20 1
354
1 11 2
355 984
1 10 1
356
1 18 2
357 980
1 12 1
358
1 23 1
360
1 27 1
361
1 37 1
362
1 11 1
364
1 31 1
366
1 13 1
367
1 31 1
369
1 28 1
370
1 17 1
372
1 9 1
376
1 22 1
377
1 11 1
380
1 12 1
382
1 25 3
383 753 871
1 26 1
384
1 20 1
386
1 20 1
387
1 22 1
390
1 16 2
391 523
1 10 1
392
1 21 1
393
1 32 1
394
1 17 1
396
1 25 1
397
1 25 1
398
1 8 1
401
1 34 2
402 950
1 8 1
404
1 29 1
405
1 28 1
406
1 25 1
408
1 17 1
411
1 25 1
412
1 18 1
413
1 18 1
414
1 20 1
415
1 17 1
416
1 13 1
417
1 24 1
418
1 14 1
420
1 8 1
422
1 12 1
425
1 10 1
426
1 27 1
427
1 9 1
428
1 18 1
429
1 26 2
430 706
1 12 2
431 625
1 24 1
432
1 28 1
433
1 27 1
435
1 18 1
436
1 8 1
437
1 22 1
438
1 29 1
439
1 20 1
440
1 15 1
441
1 35 1
442
1 36 1
444
1 21 1
445
1 18 1
447
1 26 1
448
1 25 1
450
1 18 1
451
1 8 1
452
1 20 1
454
1 25 1
455
1 14 1
457
1 26 1
460
1 12 1
461
1 25 1
462
1 39 1
463
1 40 1
464
1 33 1
467
1 27 1
470
1 30 1
471
1 6 1
472
1 21 1
473
1 18 1
476
1 24 1
480
1 15 1
482
1 29 1
484
1 12 1
485
1 20 1
487
1 14 1
489
1 23 1
490
1 11 1
492
1 31 1
494
1 37 1
495
1 16 1
497
1 6 1
498
1 27 1
499
1 24 1
501
1 16 1
502
1 7 1
504
1 10 1
512
1 9 1
514
1 32 1
515
1 34 1
516
1 20 1
519
1 16 1
520
1 32 1
525
1 4 1
526
1 20 1
528
1 28 1
529
1 27 2
535 774
1 15 1
536
1 11 1
539
1 13 1
540
1 21 1
543
1 28 1
544
1 39 2
545 554
1 27 1
546
1 26 1
547
1 12 1
548
1 24 1
549
1 30 1
551
1 28 1
555
1 16 1
556
1 27 1
558
1 17 1
559
1 12 1
561
1 18 1
562
1 27 1
563
1 13 2
567 829
1 27 1
569
1 26 1
570
1 24 1
572
1 17 2
573 863
1 20 2
575 699
1 28 1
576
1 12 1
577
1 13 1
578
1 23 1
579
1 23 1
580
1 30 2
582 904
1 23 1
586
1 23 1
592
1 11 1
593
1 28 1
594
1 18 1
596
1 3 1
597
1 19 2
598 713
1 19 1
603
1 21 1
604
1 12 2
605 776
1 6 1
608
1 17 1
609
1 20 1
610
1 22 1
611
1 14 1
612
1 33 1
613
1 8 1
615
1 18 1
616
1 30 1
617
1 22 1
619
1 29 1
622
1 17 1
624
1 5 1
628
1 12 1
631
1 21 1
633
1 3 1
634
1 19 1
635
1 13 1
637
1 25 1
638
1 4 1
639
1 13 1
640
1 13 1
642
1 21 1
643
1 21 1
644
1 12 1
646
1 19 1
648
1 24 1
651
1 20 1
652
1 28 1
654
1 25 1
656
1 23 1
658
1 25 1
659
1 20 1
661
1 9 1
662
1 32 1
663
1 13 1
665
1 16 1
666
1 17 1
667
1 35 1
668
1 11 2
669 725
1 8 1
670
1 12 1
673
1 17 2
674 769
1 9 1
675
1 9 1
676
1 11 1
679
1 16 1
682
1 28 1
683
1 15 1
685
1 14 1
687
1 14 1
689
1 15 1
690
1 38 1
692
1 26 1
693
1 21 1
694
1 35 1
696
1 22 1
697
1 39 1
701
1 23 1
703
1 33 2
704 718
1 38 1
707
1 27 1
708
1 28 1
710
1 16 1
712
1 28 1
716
1 37 1
717
1 36 1
719
1 17 1
720
1 12 1
721
1 16 1
723
1 21 1
729
1 15 1
731
1 27 1
732
1 21 1
733
1 26 1
734
1 15 1
736
1 19 1
738
1 23 1
739
1 20 1
740
1 28 1
741
1 17 1
742
1 32 1
743
1 11 1
746
1 6 1
747
1 15 1
748
1 9 1
750
1 7 1
751
1 33 1
752
1 25 1
754
1 30 1
755
1 34 1
756
1 20 2
759 937
1 38 1
762
1 10 1
764
1 25 1
766
1 19 1
767
1 27 1
771
1 16 1
777
1 27 1
779
1 21 1
780
1 33 2
783 787
1 25 1
785
1 15 1
788
1 22 1
790
1 26 1
793
1 33 1
794
1 30 1
795
1 26 1
796
1 16 1
797
1 25 1
798
1 25 1
799
1 23 1
802
1 26 1
803
1 28 1
804
1 11 1
805
1 16 1
807
1 26 1
808
1 19 1
809
1 2 1
811
1 25 1
814
1 18 1
817
1 23 1
819
1 26 1
820
1 22 1
825
1 17 1
826
1 34 1
828
1 19 1
830
1 33 1
832
1 14 1
836
1 30 1
837
1 24 1
839
1 27 1
840
1 11 1
841
1 35 1
842
1 15 1
843
1 16 1
844
1 36 1
846
1 11 1
849
1 23 1
851
1 18 1
853
1 17 1
854
1 9 1
858
1 39 1
859
1 30 1
862
1 8 1
864
1 23 1
865
1 9 1
866
1 39 1
868
1 22 1
872
1 16 1
873
1 28 1
874
1 30 1
878
1 35 1
879
1 24 1
883
1 10 1
884
1 35 1
885
1 14 1
886
1 5 1
890
1 32 1
891
1 6 1
892
1 23 1
895
1 11 1
896
1 22 1
897
1 11 1
901
1 24 1
902
1 22 1
907
1 16 1
913
1 14 1
914
1 7 1
915
1 13 1
916
1 40 1
920
1 33 1
921
1 21 1
928
1 18 1
929
1 29 1
930
1 7 1
933
1 9 1
936
1 19 1
939
1 18 1
940
1 26 1
941
1 34 1
948
1 27 1
951
1 11 1
952
1 21 1
953
1 13 1
956
1 17 1
957
1 30 2
958 996
1 15 1
959
1 35 1
960
1 21 1
961
1 28 1
962
1 38 1
963
1 34 1
967
1 12 1
969
1 26 1
970
1 19 1
971
1 28 1
973
1 15 1
975
1 10 1
977
1 20 1
978
1 27 1
979
1 15 1
981
1 15 1
983
1 26 1
985
1 14 1
986
1 24 1
988
1 15 1
989
1 24 1
992
1 9 1
995
1 23 1
997
1 18 1
999
