300 221 465 20
2 5 18 6 2 20 11 2 30 12 25 30 5 5 11 21 4 3 25 22 24 2 20 11 8 23 11 20 20 4 25 26 8 9 21 13 20 21 5 5 5 10 18 25 26 13 10 18 3 4 15 6 30 15 2 30 4 23 5 18 24 27 20 10 23 20 17 14 28 8 23 26 25 30 12 22 30 5 10 1 3 4 17 3 5 5 26 1 20 2 17 21 22 2 18 17 1 17 11 11 25 19 28 2 3 2 24 1 4 20 14 2 1 24 8 13 26 17 24 9 4 18 16 3 2 4 29 16 4 30 23 4 19 16 30 14 13 20 3 3 14 21 14 13 23 27 8 16 13 19 8 14 3 23 17 23 26 29 9 16 17 8 7 12 1 19 6 13 15 17 2 21 20 2 19 5 19 29 22 14 12 27 15 22 23 2 24 4 15 12 22 13 1 9 5 30 1 3 15 27 25 29 28 4 28 17 8 13 23 11 29 7 22 1 29 22 1 27 15 4 6 15 16 21 4 3 3 29 18 18 7 22 16 26 17 25 7 1 23 13 15 29 25 18 24 18 13 16 27 8 25 21 27 4 3 9 26 18 14 8 4 13 8 19 24 30 2 24 7 7 13 6 3 2 30 30 28 14 22 8 28 3 24 8 10 8 27 24 7 25 22 6 19 12 18 12 20 7 11 1
11 11 13 5 19 8 25 9 14 11 2 2 15 13 30 27 14 2 12 4 18 11 25 21 27 9 21 22 30 30 8 5 12 28 27 8 10 1 24 6 7 14 3 29 1 5 10 8 2 24 8 8 22 22 6 21 10 23 10 22 8 25 5 9 23 30 13 22 30 18 15 26 27 15 18 27 10 9 14 2 11 17 12 9 15 16 10 30 12 24 8 25 21 21 5 3 1 18 8 30 6 18 23 24 1 25 9 29 4 24 19 8 30 27 13 25 16 21 6 27 22 17 4 5 12 1 2 16 13 3 11 9 5 14 12 8 24 7 16 1 11 13 7 26 3 11 13 20 6 6 29 26 22 14 8 23 3 4 6 10 7 7 26 29 20 1 10 3 7 21 8 6 6 18 26 12 4 1 3 18 27 24 24 21 17 18 25 26 10 28 2 15 18 16 25 15 28 16 18 29 23 28 28 19 25 25 21 4 5 19 1 1 21 26 1 29 20 26 25 10 18 30 15 4 15 26 26 28 7 9 13 8 2 6 17 9 28 19 24 7 22 18 24 7 20 25 17 26 16 16 6 12 15 22 2 10 26 20 12 28 25 16 27 12 10 17 17 1 10 18 15 15 1 8 14 26 17 26 16 11 11 17 20 22 16 3 5 10 28 18 26 29 22 27 23 11 19 8 13 7
0 2 1
60
0 8 3
179 95 237
0 19 1
5
0 12 2
16 109
0 16 5
76 280 38 214 145
0 19 2
297 259
0 4 2
160 286
0 3 3
222 299 88
0 6 3
256 296 197
0 1 2
249 146
0 9 3
33 22 144
0 12 3
221 69 266
0 18 3
85 218 11
0 13 1
71
0 4 1
8
0 20 2
25 56
0 19 2
215 136
0 9 1
269
0 9 4
292 225 121 14
0 9 2
159 169
0 20 2
250 128
0 7 3
81 285 55
0 6 4
281 84 26 211
0 16 4
36 271 173 41
0 6 1
77
0 8 1
2
0 19 1
205
0 5 1
54
0 6 3
216 57 59
0 4 1
209
0 4 3
165 186 279
0 3 1
223
0 4 1
278
0 17 2
74 9
0 15 4
189 140 91 94
0 19 2
82 49
0 14 2
258 263
0 20 1
29
0 19 1
162
0 7 4
31 139 283 275
0 9 2
124 125
0 19 2
203 147
0 1 1
1
0 15 2
3 24
0 2 1
149
0 12 3
64 28 96
0 1 3
19 273 233
1 8 5
52 20 66 89 254
0 8 3
231 168 35
0 16 1
93
0 6 1
167
0 6 1
10
0 3 3
198 190 276
0 11 3
103 50 174
0 11 3
244 163 75
0 4 2
229 130
0 18 4
230 138 247 155
1 19 1
0
1 23 1
4
1 27 3
6 105 183
1 27 1
7
1 35 1
12
1 18 1
13
1 22 1
15
1 19 2
17 102
1 32 1
18
1 24 1
21
1 10 1
23
1 32 1
27
1 38 1
30
1 23 1
32
1 18 1
34
1 25 1
37
1 22 1
39
1 25 1
40
1 20 1
42
1 28 1
43
1 25 1
44
1 20 1
45
1 10 2
46 200
1 34 1
47
1 30 1
48
1 7 1
51
1 16 1
53
1 15 1
58
1 34 1
61
1 7 1
62
1 15 1
63
1 20 1
65
1 30 1
67
1 27 1
68
1 24 1
70
1 19 1
72
1 12 1
73
1 21 1
78
1 20 1
79
1 34 1
80
1 18 1
83
1 19 1
86
1 15 1
87
1 22 1
90
1 22 1
92
1 14 1
97
1 18 1
98
1 12 1
99
1 24 1
100
1 28 1
101
1 20 1
104
1 28 1
106
1 10 1
107
1 18 1
108
1 23 2
110 192
1 27 1
111
1 20 1
112
1 16 1
113
1 23 1
114
1 22 1
115
1 27 1
116
1 25 1
117
1 7 1
118
1 17 1
119
1 34 1
120
1 17 1
122
1 6 1
123
1 28 2
126 282
1 22 1
127
1 22 1
129
1 34 1
131
1 7 1
132
1 12 1
133
1 26 1
134
1 23 1
135
1 13 1
137
1 36 1
141
1 35 1
142
1 16 1
143
1 24 1
148
1 23 1
150
1 22 2
151 170
1 34 1
152
1 22 1
153
1 10 1
154
1 39 1
156
1 18 1
157
1 17 1
158
1 13 1
161
1 35 1
164
1 24 1
166
1 15 1
171
1 31 1
172
1 33 1
175
1 23 1
176
1 24 1
177
1 20 1
178
1 10 1
180
1 13 1
181
1 11 1
182
1 25 1
184
1 22 1
185
1 22 1
187
1 26 1
188
1 11 1
191
1 23 1
193
1 30 1
194
1 25 1
195
1 36 2
196 262
1 20 1
199
1 26 1
201
1 21 1
202
1 17 1
204
1 13 1
206
1 22 1
207
1 15 1
208
1 29 1
210
1 19 1
212
1 13 1
213
1 26 1
217
1 22 1
219
1 24 1
220
1 17 1
224
1 26 1
226
1 18 1
227
1 33 1
228
1 25 1
232
1 17 1
234
1 14 1
235
1 35 1
236
1 23 1
238
1 10 1
239
1 35 1
240
1 20 1
241
1 28 1
242
1 30 1
243
1 23 1
245
1 21 1
246
1 18 1
248
1 33 1
251
1 22 1
252
1 26 1
253
1 27 1
255
1 25 1
257
1 22 1
260
1 27 1
261
1 15 1
264
1 15 1
265
1 15 1
267
1 26 1
268
1 18 1
270
1 26 1
272
1 28 1
274
1 30 1
277
1 15 1
284
1 28 1
287
1 6 1
288
1 13 1
289
1 20 1
290
1 38 1
291
1 7 1
293
1 26 1
294
1 18 1
295
1 38 1
298
