800 533 1240 18
19 19 12 5 14 5 11 15 30 30 22 25 24 1 6 19 24 19 25 6 28 24 20 3 2 28 6 6 2 30 17 9 15 28 24 5 15 18 8 24 4 26 6 10 20 24 29 5 18 28 25 7 19 9 20 18 24 27 13 8 24 18 20 4 24 7 3 7 23 11 9 14 3 16 10 19 19 27 17 3 29 21 19 16 19 12 7 6 3 25 3 9 27 11 11 11 29 21 15 11 6 13 3 21 24 12 26 18 27 6 11 6 3 25 18 18 14 22 15 23 7 11 13 30 13 1 5 9 27 20 21 28 21 3 25 22 14 4 8 17 15 2 28 28 6 6 6 24 22 8 8 22 21 17 20 19 5 4 15 3 27 27 24 30 13 6 6 4 13 28 6 28 16 2 1 16 27 2 15 27 3 28 19 19 8 22 19 1 20 4 30 20 9 17 5 23 14 30 12 19 13 3 5 4 2 22 21 21 24 16 7 18 29 16 22 21 28 12 11 23 6 9 17 8 27 26 1 10 14 20 16 29 6 10 8 23 18 26 1 13 13 12 25 9 7 26 22 10 5 29 25 21 3 24 17 12 11 1 13 15 29 26 13 21 24 5 18 6 25 16 13 21 14 23 4 24 21 17 14 6 10 22 9 2 26 7 4 18 13 14 12 28 25 19 11 23 11 13 13 4 4 23 25 19 5 18 27 29 28 30 16 24 28 12 8 10 10 29 14 24 8 8 16 18 25 19 11 18 12 10 16 16 16 30 23 12 27 30 28 15 16 24 8 2 17 26 1 13 8 16 17 20 4 9 19 25 29 4 20 9 23 30 22 23 9 7 13 5 22 7 26 6 11 12 5 11 30 2 1 3 16 10 12 20 30 10 15 12 27 26 20 3 22 16 20 3 4 23 17 20 9 13 16 19 4 5 18 6 10 13 11 5 17 9 14 29 28 25 21 5 16 2 21 4 27 7 26 24 1 24 18 1 22 10 28 12 18 4 21 16 1 14 8 6 25 1 25 20 19 21 22 15 14 2 24 23 26 15 2 7 2 17 19 12 17 2 20 21 26 16 12 12 12 16 23 3 10 10 25 29 10 3 6 9 30 27 9 17 24 17 8 8 7 11 26 19 24 6 22 22 11 27 17 1 15 29 18 11 16 25 21 27 24 6 28 10 11 20 11 16 2 19 5 15 29 2 7 9 23 21 12 13 6 30 9 5 21 17 20 16 8 8 28 23 2 20 19 26 30 5 7 14 5 26 29 21 27 27 13 1 4 8 18 12 26 23 21 1 12 12 23 10 14 30 29 6 7 14 11 24 29 30 21 18 20 13 12 13 1 22 13 5 23 1 13 4 19 23 12 7 16 3 23 25 18 15 15 21 10 3 18 18 17 4 16 3 9 6 5 11 21 25 27 25 18 12 2 10 2 2 13 17 23 18 2 3 5 30 19 25 17 8 18 9 23 3 4 1 1 7 19 20 29 13 11 3 6 21 23 19 6 19 21 19 28 9 15 15 30 10 22 18 13 13 7 13 28 3 7 5 22 12 20 1 21 29 19 20 10 20 13 4 5 14 20 12 20 18 16 28 28 22 28 1 26 28 6 10 3 29 22 19 5 15 2 28 1 2 9 27 14 20 3 13 4 13 6 16 6 3 16 24 26 21 18 7 5 13 16 30 27 23 27 16 24 22 12 12 29 22 30 6 1 2 19 13 15 27 25 21 16 10 25 1 22 21 3 5 29 23 4 27 24 25 9 9 23 4 6 25 29 6 23 16 9 25 17 3 30 21 8 9 26 21 19 18 3 4 19 11
3 7 24 18 12 19 30 19 3 20 26 17 25 22 9 25 9 28 14 25 29 2 2 14 17 3 13 14 8 19 22 23 27 25 27 15 5 3 18 4 11 19 22 13 6 26 26 16 2 10 1 24 8 15 28 23 16 25 13 1 18 7 3 15 18 18 21 18 1 28 22 4 18 13 24 15 19 3 15 12 26 16 8 12 8 13 25 27 22 24 22 30 23 6 7 14 9 28 22 28 29 28 26 21 6 29 29 15 24 29 10 15 14 27 22 27 20 17 28 23 17 30 2 9 17 24 13 21 16 15 29 14 10 9 1 1 27 15 17 6 23 4 4 28 18 22 8 27 7 27 27 29 9 11 26 27 28 21 20 29 9 30 28 26 15 3 9 1 8 15 27 10 4 24 17 10 22 15 10 19 14 23 8 19 16 11 3 23 14 29 2 27 22 22 16 5 3 26 5 18 22 30 26 2 25 23 13 12 7 1 7 25 20 13 22 8 1 5 15 29 14 17 3 5 22 11 9 23 13 8 30 15 17 26 5 25 23 1 22 24 16 14 2 6 11 16 8 21 9 20 19 5 11 20 26 3 20 21 23 15 14 3 27 26 4 6 13 9 5 28 25 26 3 15 11 11 25 27 19 16 21 27 30 21 26 26 15 15 8 29 25 6 20 14 24 19 7 29 8 12 19 17 30 28 26 18 4 14 30 9 24 24 10 25 13 4 13 10 1 8 26 8 28 5 4 8 6 10 12 12 30 5 20 10 17 11 29 1 25 2 9 16 3 22 20 4 13 13 1 29 21 4 23 15 7 14 18 28 15 19 14 28 20 26 2 23 10 27 11 24 23 22 8 24 18 23 13 19 2 2 11 17 30 26 30 11 18 25 1 8 17 22 12 2 3 26 14 6 17 26 7 17 12 15 13 8 1 7 14 18 9 11 27 15 6 17 28 9 5 9 23 11 12 21 23 17 1 20 26 27 13 7 29 3 3 11 15 20 22 26 18 10 16 15 4 16 28 26 29 5 27 16 21 13 19 25 15 12 17 9 2 21 19 21 16 15 1 6 30 17 1 25 4 24 27 10 30 6 10 17 12 29 11 24 23 16 25 4 5 6 5 24 6 6 23 25 25 8 6 8 4 25 3 29 3 9 13 16 18 6 25 19 23 22 13 3 30 7 9 10 7 26 9 25 17 20 19 5 13 25 3 21 23 24 24 8 17 2 3 27 4 24 14 24 10 23 8 16 12 14 24 18 8 3 11 20 23 17 9 1 16 23 12 13 3 28 14 29 2 26 22 30 26 1 30 1 28 7 4 7 19 19 5 16 6 3 29 30 12 10 9 23 16 5 14 18 8 18 27 24 2 14 4 10 22 8 15 4 22 9 9 6 15 2 8 11 9 2 13 9 23 20 8 26 9 30 21 22 2 30 7 21 3 18 18 29 28 27 8 12 29 15 17 17 13 19 17 1 16 18 16 23 8 24 28 13 15 14 4 16 6 1 1 20 26 5 27 10 12 14 28 28 1 21 8 9 17 24 29 7 14 13 17 22 23 3 7 13 25 25 11 9 30 21 2 25 2 27 2 21 14 6 15 27 21 11 16 9 25 26 5 18 28 20 20 22 22 8 6 26 23 1 7 30 27 23 12 20 9 12 27 17 23 9 13 21 3 9 11 19 6 14 10 12 14 20 3 21 12 17 17 16 23 17 22 6 25 6 12 4 25 6 30 16 24 8 2 28 16 25 27 7 22 4 4 27 13 1 11 24 25 15 15 4 13 1 1 8 14 1 19 8 22 15 4 15 11 13 8 27
0 3 6
755 667 549 423 672 675
0 11 6
696 463 532 97 196 0
0 4 7
20 512 734 326 316 568 610
0 1 3
373 557 245
0 1 2
580 733
0 8 4
708 682 781 6
0 3 2
221 255
0 13 1
102
0 19 2
180 593
0 20 8
293 18 179 139 439 574 168 40
0 17 3
681 615 578
0 9 4
545 122 330 492
0 4 5
202 208 364 631 490
0 13 3
717 566 541
0 5 7
195 35 231 626 522 239 10
0 19 4
595 409 405 690
0 6 1
200
0 17 6
674 678 546 443 766 425
0 17 4
609 611 391 603
0 5 7
126 424 434 436 635 415 387
0 5 1
93
0 1 2
240 252
0 20 1
437
0 1 6
36 218 771 715 34 176
0 6 2
49 31
0 20 7
215 24 263 65 393 146 177
0 3 1
182
0 13 8
456 703 601 258 527 565 238 720
0 13 3
452 794 25
0 18 6
525 537 679 280 659 297
0 19 4
756 457 520 495
0 14 7
9 78 669 251 167 624 283
0 4 6
107 67 698 594 774 688
0 17 5
110 92 353 430 327
0 7 5
83 359 475 634 716
0 2 4
519 413 435 511
0 1 3
618 555 398
0 4 3
726 605 292
0 3 6
763 342 577 105 683 124
0 10 2
329 761
0 4 1
90
0 6 3
337 116 514
0 20 5
561 498 300 222 303
0 19 4
796 136 493 616
0 14 3
269 260 57
0 16 9
390 476 689 767 111 630 388 651 460
0 8 1
636
0 17 3
509 448 128
0 13 4
399 536 87 279
0 2 6
64 479 587 641 339 719
0 19 4
117 287 655 501
0 5 5
449 727 787 172 530
0 14 2
684 487
0 17 2
768 321
0 7 3
722 543 552
0 2 2
331 484
0 16 3
47 137 211
0 11 7
291 184 308 440 400 3 259
0 19 2
332 317
0 13 6
142 96 39 494 417 656
0 13 7
588 33 664 118 16 446 147
0 12 4
344 347 765 289
0 12 7
324 506 19 282 286 694 161
0 5 5
702 313 171 529 248
0 16 1
504
0 5 4
328 254 764 524
0 4 1
394
0 17 2
433 226
0 3 3
770 383 572
0 4 8
183 583 705 778 647 199 438 687
0 13 3
644 426 502
0 9 2
159 205
0 3 3
691 301 158
0 17 2
77 551
0 1 3
265 784 576
0 3 3
542 652 55
0 2 5
157 582 592 250 480
0 3 1
368
0 3 2
627 455
0 20 1
312
0 1 6
380 534 150 271 790 311
0 16 4
780 191 521 69
0 7 2
21 570
1 6 1
1
1 11 1
2
1 14 1
4
1 24 1
5
1 16 2
7 505
1 20 3
8 508 758
1 38 1
11
1 18 1
12
1 10 1
13
1 8 1
14
1 25 1
15
1 14 1
17
1 15 1
22
1 24 1
23
1 22 1
26
1 10 1
27
1 11 1
28
1 10 1
29
1 20 1
30
1 24 1
32
1 36 1
37
1 37 1
38
1 10 1
41
1 17 1
42
1 14 1
43
1 36 1
44
1 22 1
45
1 14 1
46
1 18 1
48
1 30 1
50
1 21 1
51
1 33 1
52
1 21 2
53 230
1 29 1
54
1 8 1
56
1 24 1
58
1 30 1
59
1 5 1
60
1 6 1
61
1 7 1
62
1 32 1
63
1 31 1
66
1 20 1
68
1 9 1
70
1 28 1
71
1 22 1
72
1 23 1
73
1 6 1
74
1 13 1
75
1 18 1
76
1 14 2
79 769
1 25 1
80
1 30 1
81
1 19 2
82 402
1 4 1
84
1 32 1
85
1 20 1
86
1 39 1
88
1 33 2
89 175
1 10 1
91
1 23 1
94
1 29 1
95
1 33 1
98
1 24 1
99
1 16 1
100
1 21 2
101 371
1 21 1
103
1 26 1
104
1 17 1
106
1 16 1
108
1 18 1
109
1 27 1
112
1 30 1
113
1 28 1
114
1 5 1
115
1 18 2
119 799
1 18 1
120
1 39 1
121
1 20 1
123
1 26 1
125
1 39 1
127
1 17 1
129
1 35 2
130 378
1 15 1
131
1 17 1
132
1 2 1
133
1 39 1
134
1 39 1
135
1 25 1
138
1 14 1
140
1 29 1
141
1 27 1
143
1 18 1
144
1 21 1
145
1 4 1
148
1 4 1
149
1 14 1
151
1 32 1
152
1 29 1
153
1 6 2
154 465
1 30 1
155
1 11 1
156
1 23 1
160
1 6 1
162
1 15 1
163
1 21 1
164
1 13 1
165
1 12 1
166
1 21 2
169 528
1 36 1
170
1 29 1
173
1 6 2
174 237
1 20 1
178
1 16 1
181
1 6 1
185
1 22 1
186
1 12 2
187 220
1 6 1
188
1 21 1
189
1 33 1
190
1 10 1
192
1 7 1
193
1 15 1
194
1 30 1
197
1 14 1
198
1 27 1
201
1 23 1
203
1 31 1
204
1 22 1
206
1 35 1
207
1 22 2
209 253
1 21 1
210
1 37 1
212
1 7 1
213
1 14 1
214
1 26 1
216
1 20 1
217
1 22 1
219
1 34 1
223
1 26 1
224
1 15 1
225
1 20 1
227
1 8 1
228
1 24 1
229
1 14 2
232 395
1 10 1
233
1 26 1
234
1 23 1
235
1 22 1
236
1 37 1
241
1 19 1
242
1 12 1
243
1 16 2
244 728
1 17 1
246
1 19 1
247
1 22 1
249
1 31 1
256
1 27 1
257
1 16 1
261
1 2 1
262
1 21 2
264 406
1 9 1
266
1 28 1
267
1 30 1
268
1 4 2
270 318
1 18 1
272
1 30 2
273 623
1 14 1
274
1 27 1
275
1 14 1
276
1 13 1
277
1 6 1
278
1 5 1
281
1 24 1
284
1 18 1
285
1 2 1
288
1 18 1
290
1 4 1
294
1 9 1
295
1 20 1
296
1 24 1
298
1 22 1
299
1 11 1
302
1 23 1
304
1 22 1
305
1 20 1
306
1 28 2
307 573
1 19 1
309
1 23 1
310
1 27 1
314
1 18 1
315
1 36 1
319
1 9 1
320
1 18 1
322
1 22 2
323 710
1 11 1
325
1 14 1
333
1 19 1
334
1 5 2
335 563
1 33 1
336
1 28 1
338
1 5 1
340
1 14 1
341
1 9 1
343
1 16 1
345
1 14 1
346
1 8 1
348
1 13 1
349
1 15 1
350
1 23 1
351
1 12 1
352
1 5 1
354
1 15 1
355
1 30 1
356
1 7 1
357
1 7 1
358
1 3 1
360
1 38 2
361 427
1 14 1
362
1 36 1
363
1 15 1
365
1 15 1
366
1 20 1
367
1 25 1
369
1 5 1
370
1 40 1
372
1 10 1
374
1 21 1
375
1 19 1
376
1 30 1
377
1 4 1
379
1 5 1
381
1 15 1
382
1 22 1
384
1 20 1
385
1 8 2
386 739
1 7 1
389
1 17 1
392
1 10 1
396
1 28 1
397
1 12 1
401
1 26 1
403
1 33 1
404
1 38 1
407
1 11 1
408
1 22 1
410
1 28 1
411
1 27 1
412
1 33 1
414
1 20 1
416
1 20 1
418
1 17 1
419
1 4 1
420
1 14 2
421 442
1 24 1
422
1 10 1
428
1 27 1
429
1 7 1
431
1 17 1
432
1 8 1
441
1 7 1
444
1 9 1
445
1 32 1
447
1 14 1
450
1 24 1
451
1 23 1
453
1 3 1
454
1 8 1
458
1 33 1
459
1 14 1
461
1 15 1
462
1 26 1
464
1 9 1
466
1 25 1
467
1 33 1
468
1 21 1
469
1 18 1
470
1 6 1
471
1 9 1
472
1 3 1
473
1 32 1
474
1 5 1
477
1 34 1
478
1 17 1
481
1 15 1
482
1 5 1
483
1 18 1
485
1 27 1
486
1 19 1
488
1 15 2
489 544
1 30 1
491
1 14 3
496 560 604
1 23 1
497
1 27 1
499
1 14 1
500
1 8 1
503
1 21 1
507
1 19 1
510
1 17 1
513
1 15 1
515
1 23 1
516
1 19 1
517
1 27 1
518
1 9 1
523
1 9 1
526
1 18 1
531
1 23 1
533
1 16 1
535
1 24 1
538
1 4 1
539
1 24 1
540
1 19 1
547
1 20 1
548
1 8 1
550
1 17 1
553
1 24 1
554
1 12 1
556
1 8 1
558
1 14 1
559
1 5 1
562
1 16 1
564
1 22 1
567
1 5 1
569
1 9 1
571
1 21 1
575
1 14 1
579
1 34 1
581
1 25 1
584
1 27 1
585
1 5 1
586
1 21 1
589
1 32 1
590
1 7 1
591
1 16 1
596
1 21 1
597
1 34 1
598
1 20 1
599
1 21 1
600
1 40 1
602
1 24 1
606
1 25 1
607
1 21 1
608
1 27 1
612
1 16 1
613
1 20 1
614
1 24 1
617
1 21 1
619
1 7 1
620
1 30 1
621
1 18 1
622
1 29 1
625
1 20 1
628
1 26 1
629
1 23 1
632
1 24 1
633
1 21 1
637
1 19 1
638
1 16 1
639
1 7 1
640
1 9 1
642
1 15 1
643
1 21 1
645
1 26 1
646
1 33 1
648
1 26 1
649
1 22 1
650
1 7 1
653
1 29 1
654
1 17 1
657
1 22 1
658
1 36 1
660
1 20 1
661
1 39 1
662
1 25 1
663
1 39 1
665
1 26 1
666
1 17 1
668
1 24 1
670
1 8 1
671
1 27 1
673
1 40 1
676
1 18 1
677
1 26 1
680
1 22 1
685
1 9 1
686
1 35 1
692
1 10 1
693
1 13 1
695
1 10 1
697
1 17 1
699
1 16 1
700
1 18 1
701
1 9 1
704
1 26 1
706
1 32 1
707
1 19 1
709
1 23 1
711
1 17 1
712
1 23 1
713
1 7 1
714
1 26 1
718
1 9 1
721
1 30 1
723
1 34 1
724
1 19 1
725
1 9 1
729
1 27 1
730
1 21 1
731
1 21 1
732
1 34 1
735
1 19 1
736
1 19 1
737
1 7 1
738
1 28 1
740
1 20 1
741
1 15 1
742
1 10 1
743
1 36 1
744
1 17 1
745
1 29 1
746
1 20 1
747
1 15 1
748
1 17 1
749
1 23 1
750
1 10 1
751
1 5 1
752
1 16 1
753
1 10 1
754
1 19 1
757
1 25 1
759
1 5 1
760
1 7 1
762
1 24 1
772
1 17 1
773
1 30 1
775
1 23 1
776
1 39 1
777
1 20 1
779
1 10 1
782
1 19 1
783
1 29 1
785
1 3 1
786
1 33 1
788
1 12 1
789
1 22 1
791
1 13 1
792
1 12 1
793
1 30 1
795
1 24 1
797
1 18 1
798
