1000 656 1550 18
14 26 26 11 29 11 17 12 26 28 7 18 11 1 23 15 26 17 19 8 13 14 27 15 18 3 3 21 27 18 27 8 21 30 17 11 2 4 6 14 12 10 20 15 23 16 18 29 11 20 7 21 29 23 1 9 12 2 28 5 13 21 13 22 30 10 3 18 23 6 18 20 20 7 24 12 26 17 19 5 24 7 24 1 29 7 10 20 25 27 4 9 16 30 19 4 4 19 13 29 19 8 7 10 22 20 20 28 24 10 22 14 16 2 4 20 27 20 19 17 18 7 22 4 28 21 25 4 1 2 8 21 11 28 22 22 25 15 10 15 10 21 19 4 8 10 16 11 19 7 13 10 23 30 29 7 21 24 6 26 21 26 9 26 30 1 28 27 15 20 11 30 1 15 18 30 9 23 1 26 1 30 16 8 1 7 12 25 7 13 11 16 21 26 27 11 22 30 23 4 14 25 30 28 18 7 12 28 20 30 24 20 20 5 19 11 8 5 30 8 11 16 16 21 20 25 21 26 28 15 7 22 11 25 24 17 17 4 12 8 22 27 26 15 8 3 21 25 16 29 15 28 27 15 7 8 19 20 23 21 17 30 15 7 14 29 30 9 6 19 16 1 4 3 26 18 26 25 27 8 13 29 6 15 6 9 24 1 3 27 13 23 19 30 1 2 20 12 12 10 27 9 23 12 30 19 21 27 29 28 28 30 11 18 7 10 22 19 16 30 23 23 1 14 3 24 19 10 22 12 23 8 27 11 9 21 18 28 13 10 5 3 19 20 14 13 16 29 4 29 15 27 23 18 27 1 17 29 19 17 9 14 19 15 29 16 26 3 4 19 19 3 23 16 8 24 17 20 18 1 19 28 2 5 12 7 30 3 6 13 29 11 19 18 26 11 27 29 13 5 30 25 29 16 6 2 10 22 3 18 1 4 7 10 26 22 20 1 3 14 9 26 18 9 9 1 6 24 25 15 5 21 20 29 7 7 26 6 25 12 19 22 18 21 18 1 14 17 2 21 2 14 6 28 30 19 17 15 14 7 27 7 15 28 20 1 27 22 8 13 17 7 9 25 7 10 24 28 14 3 2 7 28 3 27 23 26 2 30 2 7 9 4 22 17 20 8 25 20 8 9 22 25 28 30 11 16 6 7 14 21 17 4 3 20 25 1 24 14 23 7 27 6 1 22 24 12 30 23 23 28 21 26 11 22 22 5 8 9 13 12 20 5 22 20 22 9 2 6 5 25 1 8 6 2 13 2 4 7 7 26 8 9 29 16 3 26 18 23 6 26 7 18 21 27 22 5 26 17 28 11 5 15 23 23 17 15 1 17 28 13 16 30 25 18 3 19 17 20 6 7 27 29 30 4 3 22 22 13 1 10 6 15 24 1 13 30 22 14 13 8 11 17 26 23 9 24 3 25 21 2 11 5 18 16 8 29 19 24 17 14 1 30 7 26 22 18 25 23 20 14 10 13 18 4 27 6 7 15 28 9 24 18 1 30 25 20 5 20 25 4 8 18 15 18 18 3 3 1 9 17 10 16 18 13 15 5 13 7 12 20 6 29 3 19 24 1 16 22 29 21 20 26 29 28 11 26 15 28 7 8 12 3 22 7 4 10 28 29 27 16 14 24 10 12 4 6 4 22 14 10 3 22 30 20 22 10 13 29 24 17 20 9 12 24 24 4 14 17 5 28 8 14 21 11 28 23 2 17 5 2 12 27 3 1 20 14 4 27 26 2 12 28 18 10 11 2 20 18 13 26 24 23 5 12 4 23 3 18 27 16 7 7 18 14 30 23 22 26 20 21 21 8 23 20 15 16 20 12 4 3 23 13 5 11 24 25 11 14 6 18 24 22 4 23 17 19 20 16 12 1 11 8 2 18 13 5 30 16 24 14 22 9 28 30 25 29 9 3 16 11 24 10 20 10 23 4 4 26 6 26 22 22 1 7 22 14 4 12 8 11 29 10 24 20 10 9 10 17 30 14 6 19 1 20 14 22 11 12 3 5 12 5 3 11 30 15 30 1 20 6 27 8 11 7 7 18 13 1 16 20 18 30 6 17 14 10 30 30 22 28 23 16 28 21 21 20 22 14 13 18 16 16 30 25 10 12 29 10 4 17 28 30 7 9 21 25 12 19 10 1 13 18 13 28 12 11 20 23 5 30 3 17 2 5 22 21 18 2 12 25 2 14 11 11 5 21 19 3 5 22 30 23 7 30 25 17 19 1 18 5 13 29 17 16 10 1 19 3 2
15 14 7 25 10 25 9 11 16 3 27 5 29 11 1 28 2 23 4 27 6 14 21 4 12 12 13 29 27 2 29 30 26 2 12 28 30 16 18 23 14 27 26 28 30 17 6 2 27 18 17 7 20 3 5 6 19 4 11 6 29 8 30 2 19 30 5 19 2 23 30 2 9 14 16 27 25 20 9 13 1 26 19 3 7 27 3 1 11 5 25 22 21 15 5 5 17 19 20 12 9 5 20 29 1 19 17 29 16 8 3 1 3 20 22 3 21 13 12 20 28 7 26 13 18 6 25 14 24 4 11 29 28 22 26 9 16 11 15 21 4 18 27 14 10 4 30 18 5 29 24 21 13 6 28 26 26 6 22 21 14 8 19 20 13 19 20 13 7 15 29 7 22 18 17 4 3 5 6 19 30 23 27 22 10 10 13 21 23 9 6 17 5 13 20 21 21 2 3 13 3 9 25 19 20 15 24 11 22 19 22 18 14 15 4 8 8 7 17 27 23 2 19 14 15 15 20 18 30 22 4 3 7 8 12 24 14 8 21 11 27 15 4 5 2 10 9 23 7 29 4 27 2 6 21 2 19 19 11 5 16 3 30 28 29 25 30 8 9 5 6 3 23 7 7 15 14 8 14 23 12 26 1 11 22 14 5 11 14 28 22 23 13 20 3 18 22 27 1 22 2 7 14 15 29 29 14 24 8 16 30 3 18 3 16 22 23 6 19 7 26 17 12 10 13 18 23 20 18 3 17 12 11 27 14 13 22 30 4 10 25 27 25 29 21 11 4 8 25 4 6 27 12 14 30 7 29 8 18 17 3 13 29 4 11 6 25 16 14 12 18 16 16 19 26 26 25 23 2 5 15 15 30 14 20 8 1 11 17 13 6 3 22 21 18 6 6 12 17 9 11 6 29 12 9 23 11 24 3 25 28 22 3 7 21 7 13 11 23 2 7 28 29 1 19 15 2 27 4 30 16 19 15 30 3 1 19 13 30 3 12 30 25 13 7 1 7 6 3 24 22 18 6 23 23 1 20 4 25 6 3 22 10 26 27 28 20 24 30 28 16 27 9 1 18 1 5 13 7 2 27 7 8 11 6 22 13 13 9 2 30 29 30 11 5 11 29 6 30 25 18 30 30 8 8 1 18 5 18 2 9 8 17 8 5 4 30 22 28 22 26 6 20 10 1 9 24 13 24 1 20 24 28 14 1 5 10 16 7 26 8 25 12 8 24 22 6 11 27 12 28 17 17 2 16 5 4 4 23 23 13 9 15 13 23 9 24 7 28 11 10 10 19 3 16 26 24 2 19 7 10 10 21 7 20 19 10 21 29 19 19 8 22 3 18 4 29 8 11 23 1 3 20 7 5 25 24 23 1 12 30 5 14 4 20 21 2 12 16 30 28 11 26 14 26 12 7 13 13 17 9 16 9 17 3 9 11 5 6 14 11 14 3 1 22 25 26 6 27 16 9 6 27 20 23 4 17 2 27 25 4 27 14 26 17 16 14 14 4 30 20 23 13 17 10 21 2 11 16 14 14 26 18 18 27 27 28 5 26 2 26 7 14 7 6 18 23 19 12 26 14 25 16 21 1 11 25 8 23 2 18 15 21 18 2 28 5 26 15 13 9 25 28 23 2 20 19 8 22 17 1 6 5 26 24 1 25 8 28 21 21 9 20 22 13 23 4 24 15 12 9 3 30 2 14 28 1 24 3 13 23 14 15 19 30 11 7 13 28 19 12 23 18 18 14 27 1 1 18 7 1 18 11 19 10 20 27 24 6 4 6 4 20 22 12 29 28 29 16 29 18 6 14 7 18 15 21 2 3 20 25 21 4 22 11 26 9 26 29 18 20 18 25 9 18 19 20 4 13 14 16 20 1 15 14 27 5 5 14 25 25 9 3 17 2 23 22 6 7 11 10 10 11 29 3 1 24 20 23 2 10 27 9 23 6 3 3 1 30 8 12 1 6 28 28 14 15 15 13 25 10 4 2 29 20 11 8 23 5 9 5 18 5 1 16 13 20 5 20 10 8 11 30 21 3 7 8 27 27 21 2 14 8 6 26 1 27 11 26 16 3 25 11 9 6 5 10 25 1 26 16 12 4 11 20 24 9 17 23 30 24 7 25 21 12 21 22 30 12 2 8 27 9 13 26 23 25 27 23 25 23 20 8 30 27 22 13 3 27 30 28 9 4 6 30 26 24 7 23 17 3 8 15 22 29 27 21 19 24 3 11 18 13 22 26 26 15 5 4 12
0 12 4
574 147 266 9
0 10 1
529
0 12 5
161 541 508 116 727
0 2 3
324 940 557
0 19 3
528 156 829
0 14 7
907 76 575 871 564 797 747
0 17 4
445 299 23 632
0 14 10
842 998 105 794 769 12 935 584 711 955
0 17 1
195
0 10 4
768 184 336 868
0 10 6
411 253 973 985 482 626
0 15 5
99 814 334 901 115
0 1 3
6 531 966
0 9 4
219 73 958 756
0 3 3
601 489 456
0 15 5
857 259 166 995 775
0 19 6
353 706 977 720 640 811
0 1 1
835
0 11 3
938 85 47
0 16 8
817 623 803 268 778 533 698 913
0 12 1
125
0 10 5
109 340 302 970 644
0 5 4
625 921 521 97
0 5 5
36 855 330 172 231
0 17 2
686 527
0 1 3
432 577 148
0 6 3
450 64 140
0 13 4
638 209 576 534
0 5 7
743 675 404 460 78 70 546
0 4 4
566 244 370 111
0 8 10
742 82 950 389 221 52 112 483 180 407
0 14 6
808 524 127 676 232 737
0 3 5
875 886 288 10 991
0 15 7
298 563 409 271 215 430 376
0 13 1
54
0 1 6
351 609 678 429 997 495
0 4 6
978 876 585 211 146 321
0 17 6
435 131 934 107 953 614
0 15 2
246 81
0 3 4
178 360 511 788
0 18 9
988 744 787 387 227 611 310 37 549
0 18 8
681 725 652 381 853 45 272 556
0 7 2
860 287
0 3 4
879 175 388 100
0 20 5
834 930 578 242 108
0 16 2
692 554
0 12 3
143 642 571
0 15 1
526
0 17 8
869 821 488 599 716 206 516 291
0 8 1
312
0 5 2
827 332
0 9 1
349
0 13 4
400 468 561 984
0 8 9
72 651 754 168 18 710 307 7 840
0 1 2
48 337
0 18 5
393 39 423 122 862
0 9 5
104 980 366 999 703
0 20 3
27 962 613
0 16 10
50 476 687 444 658 331 825 699 837 469
0 11 10
421 306 891 656 724 916 530 270 74 339
0 16 7
690 492 917 363 933 826 317
0 14 1
481
0 19 3
356 263 283
0 6 9
169 290 202 780 813 256 433 733 265
0 4 4
314 745 341 371
0 14 6
465 889 252 338 772 372
0 6 10
694 565 394 130 415 848 335 832 325 885
0 18 4
915 285 726 402
0 13 3
645 994 551
0 11 6
155 101 598 749 68 922
0 14 4
453 904 241 303
0 12 2
820 801
0 13 2
506 634
0 17 3
887 165 17
0 20 4
414 228 976 693
0 1 7
602 753 567 378 274 606 235
0 15 8
151 428 542 664 15 190 771 297
0 10 1
612
0 18 5
281 700 124 730 419
0 2 10
931 197 204 535 781 507 457 462 674 194
0 5 4
320 665 758 882
0 4 7
608 776 164 714 786 543 864
0 13 1
945
0 5 3
53 799 29
0 10 1
34
0 1 1
106
0 19 1
592
0 2 8
695 346 42 717 38 443 607 58
0 3 1
895
1 36 1
0
1 16 1
1
1 30 1
2
1 24 1
3
1 20 1
4
1 22 1
5
1 6 1
8
1 4 2
11 964
1 19 1
13
1 28 1
14
1 28 1
16
1 6 2
19 214
1 20 1
20
1 25 1
21
1 32 1
22
1 20 1
24
1 22 1
25
1 14 1
26
1 20 1
28
1 16 1
30
1 34 1
31
1 22 2
32 648
1 26 1
33
1 20 1
35
1 20 1
40
1 8 1
41
1 26 1
43
1 23 1
44
1 13 1
46
1 14 1
49
1 20 1
51
1 23 1
55
1 26 1
56
1 34 1
57
1 20 2
59 748
1 22 1
60
1 22 1
61
1 22 1
62
1 19 1
63
1 18 1
65
1 25 1
66
1 12 1
67
1 29 1
69
1 25 1
71
1 2 1
75
1 14 1
77
1 31 1
79
1 18 1
80
1 26 1
83
1 23 1
84
1 30 1
86
1 26 3
87 588 872
1 16 1
88
1 28 1
89
1 28 1
90
1 31 1
91
1 24 1
92
1 28 1
93
1 22 2
94 500
1 19 1
95
1 11 1
96
1 26 1
98
1 24 1
102
1 17 1
103
1 19 1
110
1 10 1
113
1 31 1
114
1 24 1
117
1 33 1
118
1 14 1
119
1 28 1
120
1 33 1
121
1 25 1
123
1 33 1
126
1 31 1
128
1 33 1
129
1 13 1
132
1 19 1
133
1 20 1
134
1 18 1
135
1 26 1
136
1 20 1
137
1 25 1
138
1 22 1
139
1 32 1
141
1 19 1
142
1 37 2
144 200
1 19 1
145
1 25 1
149
1 28 1
150
1 16 3
152 583 587
1 14 1
153
1 19 1
154
1 31 1
157
1 30 1
158
1 3 2
159 858
1 22 2
160 525
1 36 1
162
1 33 1
163
1 36 1
167
1 9 1
170
1 33 1
171
1 23 1
173
1 35 1
174
1 18 3
176 203 540
1 2 1
177
1 35 1
179
1 15 1
181
1 4 1
182
1 29 1
183
1 16 1
185
1 36 1
186
1 37 1
187
1 19 1
188
1 20 2
189 350
1 23 1
191
1 32 1
192
1 5 2
193 841
1 21 1
196
1 19 1
198
1 10 1
199
1 26 1
201
1 19 1
205
1 10 1
207
1 18 1
208
1 20 1
210
1 14 1
212
1 33 1
213
1 36 1
216
1 25 1
217
1 30 1
218
1 30 1
220
1 21 1
222
1 25 1
223
1 33 1
224
1 17 1
225
1 26 1
226
1 31 2
229 741
1 30 1
230
1 14 1
233
1 7 1
234
1 4 1
236
1 25 1
237
1 3 1
238
1 23 1
239
1 22 1
240
1 14 1
243
1 12 1
245
1 8 1
247
1 16 1
248
1 32 1
249
1 33 1
250
1 19 1
251
1 22 1
254
1 8 1
255
1 26 1
257
1 14 1
258
1 15 1
260
1 27 1
261
1 33 1
262
1 2 1
264
1 15 1
267
1 20 1
269
1 13 1
273
1 23 1
275
1 26 1
276
1 33 1
277
1 24 1
278
1 17 1
279
1 35 1
280
1 15 1
282
1 34 1
284
1 32 1
286
1 13 1
289
1 23 1
292
1 22 1
293
1 27 1
294
1 22 1
295
1 20 1
296
1 23 1
300
1 18 1
301
1 26 2
304 436
1 26 1
305
1 12 1
308
1 22 1
309
1 26 1
311
1 22 1
313
1 12 1
315
1 35 1
316
1 14 1
318
1 31 1
319
1 29 1
322
1 18 1
323
1 23 1
326
1 23 1
327
1 19 1
328
1 31 1
329
1 13 1
333
1 15 1
342
1 20 1
343
1 12 1
344
1 22 1
345
1 17 1
347
1 12 1
348
1 25 1
352
1 19 2
354 905
1 18 1
355
1 30 1
357
1 28 1
358
1 30 2
359 874
1 33 1
361
1 35 1
362
1 13 1
364
1 32 1
365
1 22 1
367
1 28 1
368
1 20 1
369
1 28 1
373
1 21 1
374
1 36 1
375
1 7 1
377
1 7 1
379
1 15 1
380
1 25 1
382
1 31 1
383
1 21 1
384
1 17 1
385
1 5 1
386
1 15 1
390
1 27 1
391
1 24 1
392
1 37 1
395
1 7 1
396
1 24 1
397
1 20 2
398 512
1 30 1
399
1 12 1
401
1 17 1
403
1 7 1
405
1 28 2
406 908
1 23 1
408
1 7 1
410
1 32 1
412
1 25 1
413
1 24 1
416
1 23 1
417
1 13 1
418
1 16 1
420
1 17 1
422
1 17 1
424
1 9 1
425
1 30 1
426
1 18 1
427
1 31 1
431
1 21 1
434
1 24 1
437
1 31 1
438
1 35 1
439
1 31 1
440
1 27 1
441
1 34 1
442
1 17 1
446
1 14 2
447 523
1 7 1
448
1 30 1
449
1 17 1
451
1 4 1
452
1 17 1
454
1 28 1
455
1 12 1
458
1 25 1
459
1 33 1
461
1 32 1
463
1 25 1
464
1 19 1
466
1 26 1
467
1 9 1
470
1 26 2
471 628
1 30 1
472
1 27 1
473
1 14 1
474
1 20 1
475
1 21 1
477
1 17 1
478
1 36 1
479
1 32 1
480
1 17 1
484
1 28 1
485
1 15 1
486
1 25 1
487
1 25 1
490
1 23 2
491 509
1 19 1
493
1 11 1
494
1 31 1
496
1 27 1
497
1 28 1
498
1 29 1
499
1 30 1
501
1 12 2
502 570
1 20 1
503
1 35 1
504
1 23 1
505
1 16 1
510
1 21 1
513
1 18 1
514
1 23 1
515
1 19 2
517 635
1 36 1
518
1 34 1
519
1 32 2
520 548
1 27 1
522
1 32 1
532
1 15 1
536
1 24 2
537 795
1 29 2
538 937
1 30 1
539
1 24 1
544
1 24 1
545
1 24 1
547
1 36 1
550
1 32 1
552
1 24 1
553
1 33 1
555
1 11 1
558
1 27 1
559
1 22 1
560
1 16 1
562
1 24 1
568
1 38 1
569
1 20 1
572
1 23 1
573
1 9 1
579
1 10 1
580
1 9 1
581
1 15 1
582
1 34 1
586
1 19 1
589
1 9 1
590
1 21 1
591
1 6 1
593
1 18 1
594
1 20 1
595
1 18 1
596
1 21 1
597
1 16 1
600
1 9 1
603
1 29 1
604
1 28 1
605
1 18 1
610
1 18 1
615
1 23 1
616
1 18 1
617
1 5 1
618
1 14 1
619
1 25 1
620
1 16 1
621
1 31 1
622
1 21 1
624
1 38 1
627
1 33 1
629
1 28 1
630
1 35 2
631 740
1 27 1
633
1 18 1
636
1 4 1
637
1 25 1
639
1 32 1
641
1 22 1
643
1 20 1
646
1 19 1
647
1 14 1
649
1 19 1
650
1 5 1
653
1 26 1
654
1 16 1
655
1 5 1
657
1 31 1
659
1 36 1
660
1 19 1
661
1 26 1
662
1 28 1
663
1 34 1
666
1 21 1
667
1 25 1
668
1 26 1
669
1 26 1
670
1 19 1
671
1 12 1
672
1 36 1
673
1 30 1
677
1 7 1
679
1 28 1
680
1 19 1
682
1 15 1
683
1 25 1
684
1 18 1
685
1 20 1
688
1 23 1
689
1 23 1
691
1 25 1
696
1 32 1
697
1 18 1
701
1 10 1
702
1 24 1
704
1 13 1
705
1 25 2
707 800
1 14 1
708
1 24 1
709
1 7 1
712
1 21 1
713
1 2 1
715
1 20 1
718
1 24 1
719
1 31 1
721
1 27 1
722
1 25 1
723
1 19 1
728
1 22 1
729
1 35 1
731
1 32 1
732
1 22 1
734
1 16 2
735 766
1 28 1
736
1 23 1
738
1 18 1
739
1 7 1
746
1 21 1
750
1 28 1
751
1 18 2
752 779
1 7 1
755
1 21 1
757
1 15 1
759
1 24 1
760
1 36 1
761
1 19 1
762
1 19 1
763
1 31 1
764
1 9 1
765
1 24 1
767
1 24 1
770
1 9 1
773
1 11 1
774
1 22 1
777
1 17 1
782
1 27 1
783
1 25 1
784
1 31 1
785
1 24 1
789
1 27 1
790
1 12 1
791
1 28 1
792
1 30 1
793
1 38 1
796
1 28 1
798
1 19 1
802
1 22 1
804
1 22 1
805
1 28 1
806
1 27 1
807
1 21 1
809
1 33 1
810
1 20 1
812
1 13 2
815 963
1 31 1
816
1 22 1
818
1 25 1
819
1 7 1
822
1 32 1
823
1 18 1
824
1 26 1
828
1 26 1
830
1 15 1
831
1 29 1
833
1 22 1
836
1 27 1
838
1 33 1
839
1 33 1
843
1 26 1
844
1 23 1
845
1 20 1
846
1 20 1
847
1 35 1
849
1 21 1
850
1 18 1
851
1 7 1
852
1 25 1
854
1 13 1
856
1 11 1
859
1 13 2
861 920
1 24 1
863
1 19 1
865
1 33 1
866
1 19 1
867
1 39 1
870
1 35 1
873
1 20 1
877
1 29 1
878
1 19 1
880
1 25 1
881
1 33 1
883
1 15 1
884
1 29 1
888
1 12 1
890
1 7 1
892
1 29 1
893
1 22 1
894
1 11 1
896
1 18 1
897
1 10 1
898
1 29 1
899
1 31 1
900
1 23 1
902
1 18 1
903
1 7 1
906
1 25 1
909
1 24 1
910
1 17 1
911
1 27 1
912
1 12 1
914
1 17 1
918
1 26 1
919
1 27 1
923
1 18 1
924
1 25 1
925
1 24 1
926
1 33 1
927
1 15 1
928
1 38 1
929
1 33 1
932
1 34 1
936
1 18 1
939
1 13 1
941
1 13 1
942
1 21 1
943
1 15 1
944
1 23 1
946
1 31 1
947
1 17 1
948
1 24 1
949
1 23 1
951
1 22 1
952
1 14 1
954
1 14 1
956
1 5 1
957
1 17 1
959
1 33 1
960
1 19 1
961
1 24 1
965
1 13 1
967
1 14 1
968
1 34 1
969
1 30 1
971
1 17 1
972
1 9 1
974
1 28 1
975
1 16 1
979
1 19 1
981
1 29 1
982
1 31 1
983
1 11 1
986
1 6 1
987
1 23 1
989
1 30 1
990
1 13 1
992
1 19 1
993
1 11 1
996
