700 462 1085 20
3 23 5 18 18 21 17 21 2 15 10 12 12 1 14 5 25 9 29 20 17 10 5 15 4 19 28 9 10 5 10 8 9 9 16 13 4 28 24 2 3 18 15 10 13 15 30 26 27 7 25 2 15 13 22 22 16 10 14 13 28 2 24 1 3 2 24 11 15 2 24 27 11 28 18 18 18 18 5 17 23 12 5 18 17 4 23 25 24 4 29 28 9 27 7 9 27 2 12 9 5 6 26 3 22 18 6 29 29 4 4 28 8 20 7 6 14 29 30 14 25 22 25 2 30 6 25 30 13 10 8 9 16 9 20 29 14 1 11 9 24 9 17 11 11 5 24 28 29 15 19 18 1 30 14 23 8 20 20 25 15 23 28 9 10 14 23 3 16 25 24 25 29 21 4 24 27 18 1 30 6 18 29 17 13 20 6 27 19 22 17 6 28 26 17 22 12 16 4 16 28 24 29 7 29 9 2 11 1 25 5 20 11 7 3 26 2 27 2 2 9 19 7 6 3 19 3 14 28 1 5 30 4 9 17 16 18 15 26 11 11 22 6 4 19 20 29 7 11 29 4 6 15 2 1 18 27 15 27 15 12 23 24 4 20 30 16 4 5 6 6 27 19 17 4 14 8 27 22 19 21 5 22 10 30 29 20 7 15 6 2 20 12 26 16 28 11 15 18 3 6 27 10 3 7 3 16 27 21 1 10 12 14 9 18 15 3 5 18 10 15 23 4 4 8 9 9 7 24 19 2 6 3 22 26 7 3 6 25 19 21 26 3 25 1 1 4 25 24 18 16 18 10 26 30 4 17 12 7 6 30 3 22 5 1 1 5 23 10 24 21 17 14 6 30 1 2 11 15 19 17 24 23 22 3 23 15 12 28 16 10 22 23 4 21 23 25 7 14 6 6 15 9 1 11 28 20 22 12 21 27 12 7 12 21 12 1 7 17 18 6 5 17 13 4 14 9 8 11 5 4 11 11 21 15 24 14 29 20 23 15 20 30 1 29 21 7 22 30 15 23 16 21 5 13 22 9 17 1 23 18 6 6 8 7 10 8 5 28 29 23 10 14 18 19 14 2 9 9 20 1 2 11 5 15 21 19 28 1 23 20 13 20 24 18 7 6 24 29 4 2 1 15 29 6 29 6 6 20 17 21 30 27 21 20 27 12 6 17 5 1 1 15 17 24 15 27 27 1 13 16 7 9 18 24 6 10 20 6 12 2 14 21 7 17 14 18 10 15 27 2 11 30 2 26 17 7 23 4 9 4 19 17 13 15 7 9 7 3 12 19 29 21 3 17 1 2 29 20 24 10 24 30 20 26 23 7 28 1 3 1 13 6 29 20 28 18 9 15 19 5 11 17 26 8 26 26 13 9 22 9 19 19 3 24 3 15 20 9 17 19 4 28 6 7 2 16 24 15 24 30 20 9 9 23 13 15 28 6 11 12 27 21 10 18 12 7 29 22 14 4 30 20 17 5 11 1 15 2 11 16 6 14 24 3 13 18 29 17 8 14 2 11 17 4 21 4 1 20 13 22 28 6 5 17 15 3 28 25 18 26 16 19 21 12 6 26 29 9 29
20 21 24 2 27 19 1 26 30 5 4 1 19 15 15 1 1 16 29 25 9 18 6 18 4 30 2 29 28 10 17 3 11 29 2 2 25 6 19 8 9 7 26 12 16 5 1 1 15 7 10 1 23 28 25 1 13 26 9 29 4 5 4 15 25 18 2 10 9 27 12 25 7 21 2 6 5 30 30 9 30 6 11 12 23 18 22 2 21 10 26 4 29 12 17 26 11 22 25 20 26 23 11 22 2 3 27 27 18 28 17 9 15 21 22 21 28 28 17 15 26 2 19 9 7 21 4 13 6 17 10 13 21 5 8 20 3 18 28 15 29 24 12 27 23 22 5 25 14 15 13 19 1 8 20 30 13 28 17 22 5 19 12 8 5 7 8 27 8 2 11 19 4 6 26 7 7 23 29 11 18 25 4 25 7 17 24 29 28 6 1 22 11 12 15 2 2 27 3 4 15 2 15 21 28 12 26 29 14 28 14 9 27 21 7 29 4 26 15 10 6 13 26 8 25 24 1 2 13 14 5 11 23 16 13 10 4 5 18 12 24 14 8 11 15 15 3 1 11 25 12 20 9 18 12 30 24 17 23 6 11 4 21 18 30 2 4 22 29 19 6 19 21 27 25 22 15 26 16 6 21 18 11 24 22 21 28 9 15 23 23 3 19 9 3 1 11 15 5 10 23 22 8 8 7 9 28 23 4 14 9 22 11 19 7 16 2 26 23 11 27 6 2 17 29 22 27 12 12 4 3 12 15 28 27 3 29 3 2 15 17 23 27 17 16 12 3 2 1 17 30 24 4 23 2 20 10 21 13 4 4 3 30 8 4 4 24 10 15 29 16 3 25 29 19 21 8 29 11 23 9 30 15 17 17 14 30 26 11 10 24 25 12 30 12 17 23 8 6 6 11 13 27 13 4 15 26 22 11 22 2 1 17 14 5 6 7 28 22 5 12 13 19 22 9 21 29 1 8 16 22 18 23 17 2 10 4 27 1 28 1 6 5 22 5 1 19 22 16 10 7 6 6 1 26 15 29 7 30 1 22 13 19 1 27 22 9 25 18 3 16 23 6 27 24 7 14 6 12 27 10 6 19 1 13 4 7 6 4 25 17 5 30 25 15 9 21 12 14 9 5 29 24 8 28 25 9 8 20 3 9 19 1 24 9 20 22 30 25 29 25 19 16 27 2 11 3 17 30 16 26 25 21 8 17 3 2 21 15 19 25 14 1 20 5 23 9 13 3 17 13 18 1 30 7 30 6 22 23 2 13 12 4 1 9 22 1 17 4 29 17 6 19 7 2 17 24 7 21 10 8 6 1 12 4 24 23 10 12 9 20 28 13 7 5 3 7 28 19 9 21 7 21 27 29 26 6 24 17 19 22 24 2 15 26 22 26 19 1 1 7 28 18 5 11 30 15 15 17 3 17 14 22 18 10 9 5 18 19 4 3 27 21 2 30 20 29 9 1 24 23 25 14 30 7 13 11 16 23 9 29 8 9 14 3 27 21 18 29 10 11 18 30 13 23 6 8 5 14 2 3 17 12 23 1 8 26 14 22 8 27 2 27 30 23 24 8 23 22 16
0 3 3
18 371 382
0 15 3
661 391 319
0 18 6
110 107 341 156 128 115
0 13 7
262 173 280 480 351 248 455
0 16 8
474 395 403 321 196 104 275 651
0 11 2
515 441
0 20 3
122 31 456
0 15 2
50 601
0 15 3
313 259 503
0 9 1
649
0 17 1
528
0 20 5
525 165 582 88 24
0 10 6
179 223 617 394 547 308
0 9 4
130 488 333 250
0 4 1
431
0 4 2
604 396
0 6 2
23 398
0 5 2
630 652
0 6 7
3 274 348 294 132 343 636
0 9 5
368 669 544 532 360
0 4 6
350 560 123 593 112 212
0 20 2
42 202
0 4 9
189 0 284 670 79 302 590 477 622
0 12 3
546 305 485
0 6 2
94 540
0 15 3
257 276 352
0 16 2
137 423
0 12 3
35 609 149
0 5 4
11 224 473 277
0 17 6
370 53 542 411 663 526
0 4 8
367 74 356 118 14 416 407 326
0 11 2
124 178
0 14 1
492
0 19 5
607 346 342 388 682
0 13 7
591 584 583 234 631 227 239
0 1 2
626 54
0 14 1
498
0 19 4
108 675 538 345
0 9 5
506 314 204 378 589
0 9 6
658 556 293 598 618 537
0 11 4
424 21 309 599
0 19 3
666 436 413
0 2 7
523 344 101 339 47 12 640
0 18 2
182 203
0 8 5
323 304 619 457 131
0 5 5
357 252 73 552 392
0 12 3
297 621 317
0 14 3
554 219 288
0 20 1
272
0 5 3
71 514 230
0 12 4
154 241 681 449
0 15 1
460
0 16 4
143 453 180 653
0 15 2
214 641
0 11 1
253
0 13 2
153 192
0 11 4
55 428 233 75
0 10 3
586 576 511
0 15 4
696 36 98 698
0 3 6
140 516 569 114 337 56
0 9 7
577 668 64 331 642 566 533
0 15 4
425 518 452 553
0 17 4
15 176 674 76
0 11 1
148
0 5 5
420 82 19 512 410
0 20 5
138 502 458 536 646
0 5 3
412 432 557
0 2 2
697 267
0 5 6
438 7 578 20 625 181
0 14 5
549 362 616 385 487
0 6 5
310 22 406 445 657
0 16 1
504
0 1 6
334 193 67 689 206 289
0 18 6
355 522 543 437 635 281
0 15 3
175 105 139
0 12 3
358 450 692
0 1 3
99 349 405
0 11 2
186 60
0 8 4
442 575 600 121
1 34 1
1
1 10 1
2
1 27 1
4
1 24 1
5
1 17 1
6
1 17 1
8
1 29 1
9
1 26 1
10
1 23 2
13 246
1 29 1
16
1 22 1
17
1 16 1
25
1 24 1
26
1 16 1
27
1 29 1
28
1 31 1
29
1 27 1
30
1 19 1
32
1 20 1
33
1 26 1
34
1 19 2
37 603
1 21 1
38
1 29 1
39
1 30 1
40
1 17 1
41
1 31 1
43
1 27 1
44
1 27 1
45
1 16 1
46
1 37 1
48
1 23 1
49
1 20 1
51
1 14 1
52
1 22 2
57 162
1 25 1
58
1 25 1
59
1 11 1
61
1 28 1
62
1 27 1
63
1 19 1
65
1 28 2
66 220
1 21 2
68 364
1 26 1
69
1 22 1
70
1 6 1
72
1 24 1
77
1 22 1
78
1 20 1
80
1 17 1
81
1 29 1
83
1 17 1
84
1 37 1
85
1 37 1
86
1 31 1
87
1 29 1
89
1 25 1
90
1 25 2
91 574
1 24 1
92
1 10 2
93 665
1 20 1
95
1 24 1
96
1 21 1
97
1 18 1
100
1 31 1
102
1 24 1
103
1 26 1
106
1 31 1
109
1 19 1
111
1 20 1
113
1 20 1
116
1 31 1
117
1 15 1
119
1 17 1
120
1 13 1
125
1 18 1
126
1 30 1
127
1 22 2
129 486
1 8 2
133 270
1 28 1
134
1 27 1
135
1 30 1
136
1 28 1
141
1 22 1
142
1 32 1
144
1 26 1
145
1 14 1
146
1 15 1
147
1 17 1
150
1 18 1
151
1 19 1
152
1 13 1
155
1 22 1
157
1 25 1
158
1 8 1
159
1 24 1
160
1 17 1
161
1 21 1
163
1 21 1
164
1 25 2
166 581
1 33 1
167
1 31 1
168
1 13 1
169
1 20 1
170
1 20 1
171
1 25 1
172
1 23 1
174
1 26 1
177
1 27 1
183
1 20 1
184
1 22 1
185
1 20 1
187
1 22 1
188
1 29 1
190
1 4 1
191
1 9 1
194
1 16 1
195
1 31 1
197
1 8 1
198
1 22 1
199
1 23 2
200 627
1 16 2
201 686
1 26 1
205
1 20 1
207
1 14 1
208
1 35 1
209
1 31 1
210
1 17 1
211
1 7 1
213
1 11 1
215
1 27 1
216
1 22 1
217
1 21 1
218
1 23 1
221
1 21 1
222
1 17 1
225
1 20 1
226
1 26 1
228
1 24 1
229
1 19 1
231
1 21 1
232
1 37 1
235
1 18 1
236
1 13 1
237
1 21 2
238 693
1 27 3
240 478 490
1 13 1
242
1 20 1
243
1 6 1
244
1 12 1
245
1 21 1
247
1 20 1
249
1 17 1
251
1 23 1
254
1 7 1
255
1 29 1
256
1 26 1
258
1 32 1
260
1 30 1
261
1 20 1
263
1 24 1
264
1 23 1
265
1 20 1
266
1 20 1
268
1 16 1
269
1 22 1
271
1 9 1
273
1 15 1
278
1 6 1
279
1 13 1
282
1 11 1
283
1 22 1
285
1 24 1
286
1 26 1
287
1 25 1
290
1 13 1
291
1 11 1
292
1 20 1
295
1 17 1
296
1 11 1
298
1 12 1
299
1 22 1
300
1 23 1
301
1 24 1
303
1 33 1
306
1 20 1
307
1 34 1
311
1 33 1
312
1 32 1
315
1 38 1
316
1 16 1
318
1 24 2
320 509
1 19 1
322
1 27 2
324 482
1 26 1
325
1 9 1
327
1 34 1
328
1 28 1
329
1 30 1
330
1 32 1
332
1 27 2
335 494
1 22 1
336
1 31 1
338
1 23 1
340
1 35 1
347
1 21 1
353
1 32 1
354
1 26 1
359
1 14 1
361
1 20 1
363
1 21 2
365 690
1 29 1
366
1 20 1
369
1 27 1
372
1 29 1
373
1 26 1
374
1 25 1
375
1 12 1
376
1 14 1
377
1 28 1
379
1 16 1
380
1 31 1
381
1 7 1
383
1 23 1
384
1 24 1
386
1 27 1
387
1 36 1
389
1 28 1
390
1 16 1
393
1 22 1
397
1 23 1
399
1 34 1
400
1 23 1
401
1 21 1
402
1 23 1
404
1 23 1
408
1 15 1
409
1 28 1
414
1 17 1
415
1 30 1
417
1 14 1
418
1 27 1
419
1 14 1
421
1 17 1
422
1 21 1
426
1 6 1
427
1 17 1
429
1 24 1
430
1 26 1
433
1 23 1
434
1 19 1
435
1 24 1
439
1 17 1
440
1 36 1
443
1 31 1
444
1 32 1
446
1 23 1
447
1 30 1
448
1 26 1
451
1 13 1
454
1 17 1
459
1 21 1
461
1 18 1
462
1 23 1
463
1 15 1
464
1 21 1
465
1 27 1
466
1 21 1
467
1 16 1
468
1 24 1
469
1 34 1
470
1 28 1
471
1 26 1
472
1 9 1
475
1 21 1
476
1 25 1
479
1 9 1
481
1 26 1
483
1 16 1
484
1 13 1
489
1 30 1
491
1 8 1
493
1 18 1
495
1 26 1
496
1 13 1
497
1 21 1
499
1 31 1
500
1 10 1
501
1 11 1
505
1 15 1
507
1 25 1
508
1 25 1
510
1 21 1
513
1 23 1
517
1 19 1
519
1 16 1
520
1 20 1
521
1 20 1
524
1 26 1
527
1 15 1
529
1 16 1
530
1 27 1
531
1 19 1
534
1 10 1
535
1 14 1
539
1 37 1
541
1 32 1
545
1 17 2
548 644
1 23 1
550
1 28 1
551
1 24 1
555
1 18 1
558
1 28 1
559
1 17 1
561
1 20 1
562
1 33 1
563
1 32 1
564
1 26 1
565
1 20 1
567
1 9 1
568
1 20 1
570
1 28 1
571
1 33 1
572
1 22 1
573
1 38 1
579
1 21 1
580
1 24 2
585 673
1 34 1
587
1 20 1
588
1 31 1
592
1 28 1
594
1 24 1
595
1 17 1
596
1 14 1
597
1 33 1
602
1 35 1
605
1 17 1
606
1 21 1
608
1 26 1
610
1 23 1
611
1 35 1
612
1 30 1
613
1 19 1
614
1 17 1
615
1 27 1
620
1 20 1
623
1 20 1
624
1 7 1
628
1 15 1
629
1 23 1
632
1 22 1
633
1 21 1
634
1 30 1
637
1 30 1
638
1 28 1
639
1 26 1
643
1 15 1
645
1 19 1
647
1 13 1
648
1 23 1
650
1 20 1
654
1 36 1
655
1 35 1
656
1 25 1
659
1 29 1
660
1 5 1
662
1 13 1
664
1 26 1
667
1 28 1
671
1 28 1
672
1 26 1
676
1 22 1
677
1 35 1
678
1 22 1
679
1 33 1
680
1 22 1
683
1 9 1
684
1 18 1
685
1 16 1
687
1 20 1
688
1 34 1
691
1 8 1
694
1 20 1
695
1 25 1
699
