500 353 775 20
6 27 24 26 18 6 19 7 22 12 8 5 20 25 30 17 1 13 3 27 14 16 9 15 9 18 28 22 18 4 10 19 1 25 18 17 7 9 6 28 19 3 1 13 10 23 6 20 13 7 29 29 16 27 28 11 14 13 29 15 8 22 3 1 19 27 21 13 25 5 17 19 6 13 16 26 26 15 4 17 3 23 12 3 6 12 28 20 17 21 26 2 3 6 18 10 20 28 5 5 25 12 12 12 19 28 4 21 23 21 29 23 29 3 11 26 4 13 13 25 21 11 5 7 27 19 18 8 15 15 19 28 1 19 3 11 18 5 23 18 21 10 7 5 8 21 3 18 1 7 9 27 18 8 23 13 30 11 16 28 13 28 21 15 4 22 16 4 22 28 10 12 10 5 11 23 3 16 29 7 15 20 8 28 5 10 16 5 12 29 7 7 9 19 4 25 25 8 15 1 5 17 24 28 17 8 2 13 28 7 25 13 16 30 18 8 19 29 14 24 30 29 26 21 6 20 15 20 14 18 20 12 3 6 25 19 28 4 11 8 14 10 8 5 23 11 3 12 22 22 4 19 18 7 4 19 9 28 21 1 17 18 21 1 7 18 7 16 21 30 24 4 22 21 9 17 17 1 7 15 26 21 11 18 7 18 19 11 2 28 1 2 2 15 13 26 26 23 5 13 21 10 1 15 26 5 25 7 21 12 1 15 7 10 2 9 24 25 28 14 14 29 28 5 20 8 10 29 4 10 10 22 30 3 12 10 18 6 30 5 9 5 22 21 4 28 22 2 11 7 8 3 8 21 18 8 21 1 14 22 10 14 1 29 7 28 19 21 6 8 26 7 20 9 28 13 2 4 15 17 20 15 7 22 22 17 5 12 14 25 1 9 8 23 20 26 23 20 27 9 24 10 11 18 18 26 21 14 9 1 10 16 1 17 27 23 5 17 7 26 4 28 29 10 14 24 10 14 2 8 11 10 30 23 20 24 10 29 29 26 11 12 24 4 23 30 8 15 18 9 25 9 5 4 18 17 2 7 2 23 23 1 8 16 26 8 18 25 21 27 7 23 20 29 5 25 30 22 9 24 26 4 11 12 9 25 24 4 15 8 16 27 23 24 11 25 11 13 22 28
12 13 14 2 6 17 19 13 7 15 26 22 3 27 20 10 18 28 19 28 23 8 2 2 1 13 2 9 14 13 4 22 6 6 10 29 3 21 5 5 5 10 28 27 14 9 23 3 23 29 16 21 25 2 4 19 21 9 26 26 1 25 22 26 7 10 20 22 25 6 6 23 15 6 29 1 24 1 15 15 3 25 15 1 4 29 6 2 7 15 19 9 5 20 25 21 26 30 9 11 1 21 17 25 2 13 5 2 4 11 3 24 19 26 1 28 17 8 5 18 23 7 13 16 24 17 24 20 22 19 27 14 23 19 19 25 17 8 1 20 21 10 18 30 5 25 22 12 11 18 7 4 18 3 28 3 12 5 1 22 28 30 18 29 5 25 16 13 22 28 28 11 19 15 6 5 5 25 11 7 23 19 6 25 19 10 29 28 1 8 10 25 4 15 27 20 15 12 11 16 21 21 30 25 21 29 21 14 12 8 13 4 2 18 12 11 14 5 24 29 19 17 19 6 5 7 15 29 28 29 3 21 26 4 29 2 17 17 25 3 6 17 21 5 2 18 10 25 18 30 14 21 6 19 2 23 15 30 18 10 5 27 19 6 5 25 6 9 13 15 23 22 16 20 14 28 23 24 24 12 14 20 16 17 22 14 5 12 15 12 23 17 20 21 15 6 24 7 27 27 9 4 21 6 8 23 9 28 4 24 24 11 12 1 7 19 23 9 22 27 13 3 21 19 6 19 13 10 30 28 20 11 4 22 11 17 10 7 2 11 21 5 24 7 26 6 18 16 28 29 7 2 17 3 11 29 12 26 14 29 10 8 10 10 6 1 6 1 22 27 3 16 6 4 1 5 15 13 3 24 22 17 14 24 1 20 19 16 27 5 1 25 10 22 7 1 15 24 28 22 14 19 12 26 22 6 15 8 24 21 28 11 14 30 16 14 30 17 8 3 4 21 14 13 12 4 11 5 28 26 15 6 26 24 30 11 19 20 15 6 27 29 15 13 9 18 9 22 22 1 14 13 3 9 26 30 11 5 1 13 12 7 12 20 27 29 8 5 20 1 22 18 18 26 5 14 20 5 30 9 11 8 13 11 19 27 27 10 20 30 21 22 5 1 27 30 7 3 14 29
0 1 5
245 186 393 312 385
0 8 1
124
0 6 2
192 193
0 1 7
223 482 121 24 347 345 350
0 5 6
257 414 399 244 499 367
0 7 1
354
0 12 2
440 483
0 11 4
212 327 437 75
0 17 4
384 397 487 265
0 13 1
129
0 5 1
319
0 11 3
114 159 416
0 2 2
370 229
0 8 2
420 493
0 3 2
323 249
0 4 1
372
0 10 4
216 143 51 142
0 1 5
20 188 272 299 189
0 6 1
344
0 16 3
200 173 226
0 20 4
497 0 123 422
0 7 3
231 48 389
0 10 4
23 404 199 138
0 14 3
378 233 336
0 11 4
294 109 86 307
0 14 3
457 195 130
0 12 1
498
0 3 2
421 264
0 3 4
107 42 351 325
0 7 3
35 41 426
0 2 2
328 278
0 10 3
425 334 306
0 18 1
131
0 18 4
62 25 387 329
0 15 5
436 373 365 115 85
0 7 1
84
0 14 4
36 432 144 275
0 12 1
26
0 15 3
428 235 453
0 20 4
429 480 203 58
0 8 4
67 490 434 81
0 10 4
408 87 179 324
0 4 5
230 45 28 274 132
0 18 1
106
0 13 3
489 295 247
0 2 1
250
0 10 2
9 496
0 18 1
8
0 2 3
160 99 338
0 15 5
463 280 63 206 47
0 9 5
217 266 148 68 293
0 7 3
102 176 104
0 5 1
33
0 2 2
127 146
0 14 1
262
0 12 1
151
0 8 2
190 445
0 16 4
210 281 322 150
0 5 2
392 19
0 5 3
56 16 10
0 1 4
400 126 201 417
0 14 2
313 433
0 6 2
484 469
0 3 3
339 277 162
0 3 5
237 213 152 97 478
0 15 1
141
0 16 1
402
0 14 3
448 30 292
0 10 4
270 155 442 401
0 3 5
204 252 298 175 219
0 7 5
405 403 112 296 69
0 12 3
211 6 184
0 7 1
92
1 4 1
1
1 19 1
2
1 21 1
3
1 20 1
4
1 23 1
5
1 13 1
7
1 17 1
11
1 17 1
12
1 7 1
13
1 12 1
14
1 18 1
15
1 21 1
17
1 8 1
18
1 15 2
21 415
1 27 1
22
1 2 1
27
1 9 1
29
1 21 2
31 96
1 19 1
32
1 23 1
34
1 8 1
37
1 27 1
38
1 14 1
39
1 19 1
40
1 19 1
43
1 18 1
44
1 15 1
46
1 3 1
49
1 3 1
50
1 18 1
52
1 25 1
53
1 12 1
54
1 13 1
55
1 14 1
57
1 36 1
59
1 9 1
60
1 26 1
61
1 24 1
64
1 20 2
65 91
1 16 2
66 485
1 38 1
70
1 11 2
71 227
1 25 1
72
1 7 1
73
1 20 1
74
1 16 1
76
1 9 1
77
1 31 1
78
1 23 1
79
1 9 1
80
1 23 1
82
1 22 1
83
1 13 1
88
1 24 1
89
1 10 1
90
1 11 1
93
1 14 2
94 349
1 11 1
95
1 24 1
98
1 12 1
100
1 20 1
101
1 30 1
103
1 23 1
105
1 21 1
108
1 7 1
110
1 27 1
111
1 17 2
113 304
1 23 1
116
1 27 1
117
1 23 1
118
1 14 1
119
1 17 1
120
1 23 1
122
1 17 1
125
1 27 1
128
1 23 1
133
1 11 1
134
1 4 1
135
1 30 2
136 449
1 21 1
137
1 19 1
139
1 8 1
140
1 17 1
145
1 12 1
147
1 15 1
149
1 22 1
153
1 12 1
154
1 15 1
156
1 18 1
157
1 28 1
158
1 11 1
161
1 30 1
163
1 14 1
164
1 23 1
165
1 27 1
166
1 6 1
167
1 9 1
168
1 15 1
169
1 31 1
170
1 13 1
171
1 19 1
172
1 28 1
174
1 19 1
177
1 36 1
178
1 16 1
180
1 19 1
181
1 23 1
182
1 29 1
183
1 30 1
185
1 30 1
187
1 17 1
191
1 17 1
194
1 18 1
196
1 13 1
197
1 28 1
198
1 16 1
202
1 17 1
205
1 8 1
207
1 13 1
208
1 24 1
209
1 11 1
214
1 18 1
215
1 30 1
218
1 29 1
220
1 13 1
221
1 6 1
222
1 15 1
224
1 20 1
225
1 33 1
228
1 28 1
232
1 26 1
234
1 22 1
236
1 34 1
238
1 15 1
239
1 22 1
240
1 12 1
241
1 28 1
242
1 17 1
243
1 17 1
246
1 15 1
248
1 36 1
251
1 34 1
253
1 12 1
254
1 19 1
255
1 13 1
256
1 28 1
258
1 26 1
259
1 25 1
260
1 21 1
261
1 19 1
263
1 27 1
267
1 21 1
268
1 28 1
269
1 13 1
271
1 20 1
273
1 15 1
276
1 21 1
279
1 23 1
282
1 22 1
283
1 26 1
284
1 17 1
285
1 12 2
286 302
1 26 1
287
1 19 1
288
1 34 1
289
1 33 1
290
1 15 1
291
1 25 2
297 464
1 7 1
300
1 13 1
301
1 29 1
303
1 21 1
305
1 21 1
308
1 22 1
309
1 32 1
310
1 23 1
311
1 10 1
314
1 24 1
315
1 27 1
316
1 10 1
317
1 25 1
318
1 20 1
320
1 21 1
321
1 8 1
326
1 19 1
330
1 31 1
331
1 14 1
332
1 10 1
333
1 29 1
335
1 22 1
337
1 15 1
340
1 23 1
341
1 18 1
342
1 11 1
343
1 38 2
346 495
1 11 1
348
1 14 1
352
1 10 1
353
1 27 1
355
1 7 1
356
1 20 1
357
1 12 1
358
1 29 1
359
1 23 1
360
1 21 1
361
1 21 1
362
1 17 1
363
1 10 1
364
1 6 1
366
1 24 1
368
1 22 1
369
1 24 1
371
1 26 1
374
1 13 1
375
1 20 1
376
1 8 1
377
1 27 1
379
1 21 1
380
1 5 1
381
1 24 1
382
1 3 1
383
1 33 1
386
1 18 1
388
1 14 1
390
1 22 1
391
1 20 1
394
1 18 1
395
1 15 1
396
1 9 1
398
1 28 1
406
1 23 1
407
1 25 2
409 492
1 30 1
410
1 16 1
411
1 31 1
412
1 4 1
413
1 25 1
418
1 20 1
419
1 28 1
423
1 22 1
424
1 27 1
427
1 8 1
430
1 21 1
431
1 13 1
435
1 13 1
438
1 22 1
439
1 18 1
441
1 34 1
443
1 27 1
444
1 25 1
446
1 13 1
447
1 20 1
450
1 17 1
451
1 3 1
452
1 14 1
454
1 19 1
455
1 19 1
456
1 24 1
458
1 18 1
459
1 22 1
460
1 36 1
461
1 8 1
462
1 20 1
465
1 19 1
466
1 24 1
467
1 25 1
468
1 27 1
470
1 29 1
471
1 23 1
472
1 9 1
473
1 11 1
474
1 11 1
475
1 16 1
476
1 27 1
477
1 15 1
479
1 16 1
481
1 15 1
486
1 20 1
488
1 7 1
491
1 18 1
494
