1000 637 1550 18
27 22 11 2 10 6 18 19 26 22 18 3 19 5 19 21 4 3 21 22 14 5 28 1 21 3 11 30 9 23 26 26 30 1 12 8 27 9 13 4 28 20 1 21 7 18 28 15 12 26 18 6 29 25 28 7 20 21 7 30 8 17 29 1 5 17 26 24 23 2 6 2 6 5 9 3 14 9 24 21 9 8 9 1 25 27 3 14 6 15 1 22 28 7 22 28 22 24 18 29 25 12 4 21 18 9 19 26 2 5 13 7 8 27 21 13 6 25 11 17 24 18 27 20 11 8 22 16 9 25 16 14 25 25 11 30 3 27 22 21 9 10 3 28 25 11 19 10 16 28 19 30 11 19 24 28 4 12 25 3 21 15 27 14 5 26 24 4 30 8 26 5 9 17 29 13 12 18 21 22 3 25 29 26 5 16 12 24 17 9 11 28 6 13 15 9 21 22 12 27 16 26 11 8 14 3 2 20 19 19 12 20 9 10 27 26 14 2 24 15 21 24 13 16 10 25 27 6 21 25 24 6 22 4 4 29 13 2 4 17 28 9 2 19 9 27 25 15 21 6 7 27 16 18 21 13 7 28 3 13 24 25 19 10 14 10 27 28 19 8 13 16 16 19 2 26 19 30 29 11 16 20 24 13 10 13 24 19 9 15 20 24 1 2 19 13 9 17 29 1 21 13 9 7 14 26 7 11 25 26 23 8 20 11 5 4 30 13 29 13 8 6 27 1 15 13 2 11 12 16 1 11 24 25 18 10 2 20 14 28 15 22 22 27 30 20 14 22 20 6 27 29 6 12 14 18 25 5 14 20 26 30 11 12 19 25 28 17 2 3 6 12 19 28 11 23 20 13 14 5 2 20 6 12 25 20 10 1 26 22 14 17 25 5 10 8 29 8 3 23 7 5 14 23 9 4 14 27 24 24 26 21 1 21 21 15 7 11 1 14 24 25 6 17 28 2 15 19 4 10 24 19 22 15 26 19 12 11 30 21 15 8 27 25 22 1 21 17 3 28 16 8 12 17 23 13 13 9 12 4 13 14 30 17 6 26 18 8 2 3 29 18 6 25 3 16 3 30 6 5 17 4 11 8 14 29 19 6 17 3 28 10 14 1 25 15 2 25 28 28 21 29 13 16 25 29 30 13 26 10 1 4 9 25 20 23 26 9 9 25 29 13 30 17 26 15 23 25 7 16 17 16 26 16 11 12 4 16 29 1 2 8 8 19 9 9 6 25 16 1 9 23 1 15 4 27 5 15 29 19 11 28 4 9 20 5 5 27 22 22 11 25 28 30 1 29 1 2 13 4 11 2 18 25 8 10 22 24 25 27 26 5 3 13 15 13 17 10 1 29 30 19 10 2 7 24 10 26 17 18 11 21 8 25 12 19 7 5 19 19 10 23 22 24 1 4 7 28 5 29 24 21 12 29 26 1 10 21 3 17 7 27 22 13 10 20 28 16 26 27 26 14 10 6 21 29 23 30 8 7 14 17 16 17 3 12 1 18 14 30 14 24 12 9 1 12 7 19 12 16 3 13 28 7 5 1 16 26 30 29 17 26 19 8 29 20 23 13 15 8 12 10 17 13 20 10 21 15 24 26 12 12 21 26 4 21 5 2 22 29 12 24 5 17 12 10 23 25 16 16 30 11 4 16 20 17 27 10 28 13 12 17 14 8 21 30 14 13 10 12 15 23 1 4 22 11 20 14 21 8 8 15 6 18 4 12 28 15 3 14 29 28 9 30 12 9 23 19 4 13 16 18 13 3 3 12 30 27 15 5 14 18 14 10 12 20 12 3 19 27 9 30 27 20 23 3 5 29 10 10 28 29 29 18 8 6 12 2 14 16 30 5 2 20 15 1 2 10 22 25 18 13 1 29 27 28 10 29 7 15 15 23 27 6 13 14 27 18 18 18 2 7 13 25 4 27 6 18 25 19 7 16 9 12 7 19 24 1 25 30 15 26 13 12 24 23 25 10 2 30 5 13 7 23 23 19 8 26 17 10 21 20 11 21 29 15 13 23 16 20 18 8 30 16 23 4 3 14 23 19 18 11 22 9 6 25 20 5 26 30 1 26 24 17 28 17 12 22 21 28 26 22 27 26 20 30 20 2 1 30 12 3 5 28 16 16 25 29 11 11 2 27 6 12 3 6 17 9 9 23 24 20 8 11 24 12 25 16 1 1 11 4 17 5 21 8 15 11 12 1 6 8 30 21 8 5 4 29 4 10 13 28 29 21 25 16 23 3 19 5
24 28 4 18 13 21 11 30 4 2 13 28 8 12 15 29 29 7 11 16 30 7 2 4 24 18 17 23 18 27 2 8 29 6 21 14 1 25 25 15 22 28 19 21 1 25 2 14 5 14 2 2 11 28 24 23 14 16 1 9 17 15 14 22 15 26 28 9 10 19 23 25 2 27 9 29 1 17 4 11 18 13 4 11 14 15 18 10 13 2 21 24 28 27 8 14 16 23 24 23 17 25 27 2 27 18 13 1 22 23 10 12 20 15 20 18 8 8 28 10 16 10 5 2 7 2 30 7 4 1 17 29 2 28 6 20 8 21 1 17 22 10 24 22 24 28 10 26 7 20 24 20 13 2 27 12 27 24 26 27 7 26 12 22 3 24 20 6 22 1 16 24 7 15 18 9 14 23 17 17 15 8 11 17 2 15 22 25 6 27 9 27 20 20 19 12 4 23 1 27 21 7 15 19 21 28 9 10 11 9 1 14 11 17 7 14 11 26 15 24 8 3 1 21 27 16 23 1 13 27 10 6 4 29 27 24 30 26 14 30 8 16 26 18 3 24 4 1 4 10 26 4 25 6 19 3 7 12 14 3 27 8 25 23 12 15 23 16 28 4 23 13 2 30 21 2 24 14 18 23 25 3 22 4 11 25 28 23 29 28 8 18 6 7 23 19 26 23 5 27 18 11 19 12 17 21 30 1 17 25 15 6 11 11 1 17 20 8 30 5 19 30 19 30 5 22 10 1 17 26 9 1 30 4 5 10 8 14 30 22 13 25 15 8 16 23 23 4 5 24 20 29 3 18 2 14 18 4 15 16 21 27 18 19 2 24 11 1 2 14 21 21 3 16 29 17 26 6 9 5 24 19 6 13 5 7 24 27 12 22 22 18 13 10 8 27 11 28 3 6 24 23 27 12 29 26 10 6 12 11 8 10 12 20 13 7 19 18 10 2 2 29 28 10 26 16 12 9 7 4 21 14 19 28 11 8 5 17 21 28 28 1 9 26 13 19 6 26 23 22 3 12 11 12 6 20 4 29 3 24 12 14 7 22 14 28 19 26 5 17 12 28 18 11 7 24 17 9 20 23 30 25 14 5 7 27 22 25 20 17 15 25 25 30 24 1 6 2 12 16 9 26 1 6 22 11 29 30 1 6 15 9 2 5 3 14 6 20 8 11 7 10 27 30 13 30 30 23 29 20 8 30 2 18 30 7 13 12 11 14 2 7 22 26 10 27 8 28 26 20 21 23 26 26 9 21 10 23 5 16 30 18 30 24 3 18 22 11 25 25 19 15 24 15 11 19 12 7 3 19 14 13 4 14 10 6 24 21 8 25 10 24 20 28 26 18 25 23 15 10 21 10 18 8 20 21 27 2 16 13 11 29 28 8 3 8 27 27 19 23 12 4 10 8 28 16 9 3 20 29 18 11 19 30 24 25 11 27 7 24 2 29 24 16 3 10 11 2 23 2 19 7 22 12 27 7 11 27 9 2 11 2 2 11 10 5 1 20 7 27 25 1 4 1 16 29 9 12 22 11 29 18 12 9 17 16 15 4 25 5 21 17 17 6 9 21 9 5 10 10 11 21 19 18 13 11 14 10 2 10 15 7 7 17 20 11 1 20 4 27 14 12 5 28 10 9 29 23 4 3 26 26 14 2 6 10 24 11 22 3 14 27 8 15 17 15 11 19 13 15 8 1 22 14 5 7 24 8 11 10 30 1 17 12 19 17 22 4 22 16 19 20 16 7 24 29 26 26 9 5 21 18 29 4 16 1 8 5 1 9 2 22 6 29 2 22 20 10 11 14 12 7 23 22 22 13 19 26 3 1 24 22 13 20 4 22 17 6 15 22 13 26 19 1 7 25 27 21 6 21 1 20 18 7 19 24 10 18 22 27 24 24 16 12 22 28 20 6 6 30 2 8 21 26 13 14 13 19 25 28 10 20 5 10 28 5 20 22 23 10 3 22 1 4 15 10 8 23 18 28 15 20 6 29 28 12 3 8 27 5 5 27 19 3 6 10 5 7 10 22 6 25 30 1 18 17 22 17 6 24 18 28 5 12 24 3 15 5 4 15 24 13 4 16 6 27 28 13 2 7 15 25 24 17 30 8 28 5 29 14 3 30 20 27 12 13 10 25 23 16 2 27 14 1 25 24 4 15 2 18 11 24 8 28 28 3 30 1 11 27 6 2 3 6 13 17 2 26 17 22 5 13 12 17 1 1 5 10 14 20 14 29 17 15 11 6 18 28 17 14
0 7 2
486 927
0 12 6
153 707 321 136 574 121
0 20 7
790 580 529 932 412 125 967
0 14 8
270 253 848 369 196 544 223 960
0 5 4
93 355 334 943
0 3 2
475 690
0 15 1
599
0 16 4
477 601 488 258
0 3 3
14 300 209
0 5 4
989 654 855 698
0 8 2
941 884
0 19 1
916
0 11 3
238 808 845
0 8 7
331 449 540 702 473 573 362
0 5 7
780 767 404 68 74 615 973
0 17 2
949 648
0 17 7
620 970 273 930 6 24 873
0 14 1
139
0 9 9
553 421 415 617 259 464 44 815 749
0 3 7
372 346 603 879 628 534 851
0 20 3
501 612 312
0 11 6
663 975 562 495 539 260
0 2 3
339 282 227
0 9 5
54 349 578 717 438
0 8 9
5 647 274 907 618 738 519 938 384
0 18 2
747 269
0 19 6
700 651 419 440 200 947
0 19 8
731 816 701 55 23 588 20 711
0 5 9
607 754 985 58 596 190 769 739 827
0 16 5
590 119 389 143 506
0 3 2
935 234
0 16 1
439
0 9 2
726 806
0 17 8
712 810 225 37 310 445 550 556
0 18 3
158 314 244
0 3 5
395 869 496 978 800
0 20 9
393 794 359 413 535 99 999 986 929
0 8 3
287 724 458
0 4 2
874 318
0 5 4
891 917 406 826
0 15 4
130 571 112 632
0 14 5
965 564 285 521 766
0 7 3
215 148 41
0 12 9
381 635 226 304 834 435 913 882 178
0 5 6
63 25 582 232 307 515
0 15 1
798
0 4 9
217 629 467 641 899 80 940 918 62
0 8 4
781 611 228 531
0 13 4
878 627 551 625
0 10 5
401 516 821 293 996
0 16 3
460 490 110
0 6 5
493 533 98 803 594
0 3 7
650 991 103 819 69 18 957
0 5 10
925 330 547 773 453 347 151 177 517 236
0 13 5
910 820 729 210 746
0 12 6
366 706 871 966 361 9
0 20 7
761 954 165 39 585 901 903
0 12 5
248 653 483 400 378
0 14 1
154
0 6 1
548
0 5 3
723 474 94
0 11 3
730 465 953
0 6 7
660 619 157 317 693 205 206
0 6 5
639 572 520 342 552
0 5 5
908 126 905 613 207
0 6 2
230 111
0 20 11
504 192 403 30 316 313 333 19 751 997 219
0 16 2
113 146
0 18 5
122 281 432 271 977
0 7 4
367 898 914 750
0 18 1
818
0 8 1
714
0 8 7
479 52 105 642 371 609 71
0 5 5
414 936 457 662 26
0 9 3
833 279 530
0 3 4
923 450 805 175
0 5 3
844 894 785
0 9 3
168 145 904
0 2 3
915 983 945
0 20 4
896 566 4 463
0 7 4
971 912 862 691
0 3 2
621 379
0 15 7
670 91 737 45 792 643 252
0 16 6
161 133 137 224 933 659
0 16 5
708 900 728 589 720
0 17 5
858 97 956 303 920
0 13 1
239
0 7 5
447 373 436 860 2
0 12 5
11 735 254 57 838
0 1 7
752 241 682 476 993 468 645
0 6 2
276 719
0 19 7
328 107 832 118 13 101 431
0 12 2
946 867
1 20 1
0
1 20 1
1
1 25 1
3
1 8 1
7
1 30 1
8
1 11 1
10
1 9 1
12
1 20 1
15
1 10 1
16
1 19 1
17
1 11 1
21
1 23 1
22
1 18 1
27
1 16 1
28
1 6 1
29
1 21 1
31
1 32 1
32
1 12 1
33
1 35 1
34
1 32 1
35
1 10 1
36
1 12 1
38
1 12 1
40
1 17 1
42
1 19 1
43
1 31 1
46
1 22 1
47
1 31 1
48
1 38 1
49
1 18 2
50 338
1 12 3
51 294 623
1 30 1
53
1 15 1
56
1 17 2
59 478
1 15 1
60
1 21 1
61
1 20 1
64
1 24 1
65
1 14 1
66
1 19 1
67
1 33 1
70
1 27 1
72
1 13 1
73
1 14 1
75
1 22 1
76
1 8 1
77
1 37 1
78
1 19 1
79
1 13 1
81
1 40 2
82 657
1 25 1
83
1 24 1
84
1 8 1
85
1 9 2
86 861
1 26 1
87
1 26 1
88
1 35 1
89
1 25 1
90
1 32 1
92
1 29 1
95
1 17 1
96
1 18 1
100
1 24 1
102
1 11 1
104
1 26 1
106
1 12 1
108
1 22 1
109
1 17 1
114
1 15 1
115
1 19 1
116
1 24 1
117
1 22 1
120
1 21 1
123
1 17 1
124
1 21 1
127
1 25 2
128 155
1 28 1
129
1 23 1
131
1 15 1
132
1 13 1
134
1 26 1
135
1 28 1
138
1 22 1
140
1 8 1
141
1 17 1
142
1 32 1
144
1 17 1
147
1 9 1
149
1 33 1
150
1 15 1
152
1 25 1
156
1 11 1
159
1 39 1
160
1 29 1
162
1 8 1
163
1 20 1
164
1 22 1
166
1 25 1
167
1 19 1
169
1 28 1
170
1 32 1
171
1 19 1
172
1 24 1
173
1 13 1
174
1 28 1
176
1 17 1
179
1 27 1
180
1 20 2
181 237
1 30 1
182
1 25 1
183
1 18 1
184
1 23 1
185
1 11 1
186
1 23 1
187
1 31 1
188
1 17 1
189
1 35 1
191
1 25 1
193
1 12 1
194
1 9 1
195
1 22 1
197
1 25 1
198
1 19 2
199 399
1 25 1
201
1 32 1
202
1 22 1
203
1 23 1
204
1 15 1
208
1 22 1
211
1 23 1
212
1 32 1
213
1 38 1
214
1 27 1
216
1 26 1
218
1 19 1
220
1 21 1
221
1 22 1
222
1 23 2
229 336
1 20 3
231 667 863
1 32 1
233
1 12 1
235
1 10 1
240
1 25 1
242
1 17 1
243
1 21 1
245
1 18 1
246
1 24 2
247 955
1 29 1
249
1 23 1
250
1 21 2
251 981
1 11 1
255
1 19 1
256
1 23 1
257
1 22 1
261
1 28 1
262
1 26 1
263
1 18 1
264
1 26 1
265
1 29 1
266
1 25 1
267
1 32 1
268
1 15 1
272
1 23 1
275
1 31 1
277
1 24 1
278
1 22 1
280
1 11 1
283
1 19 1
284
1 17 1
286
1 19 1
288
1 31 1
289
1 13 1
290
1 23 1
291
1 35 1
292
1 18 2
295 487
1 26 1
296
1 25 1
297
1 20 1
298
1 40 1
299
1 6 2
301 718
1 20 1
302
1 25 1
305
1 22 1
306
1 19 1
308
1 32 1
309
1 11 1
311
1 9 1
315
1 18 1
319
1 23 3
320 377 434
1 16 1
322
1 18 1
323
1 23 1
324
1 38 1
325
1 24 1
326
1 21 2
327 505
1 29 1
329
1 6 1
332
1 11 1
335
1 23 1
337
1 17 1
340
1 18 2
341 410
1 23 1
343
1 20 1
344
1 18 1
345
1 8 1
348
1 15 1
350
1 19 1
351
1 21 1
352
1 26 1
353
1 14 1
354
1 30 1
356
1 25 2
357 926
1 31 1
358
1 26 1
360
1 24 1
363
1 30 1
364
1 11 1
365
1 29 1
368
1 21 1
370
1 17 1
374
1 17 1
375
1 19 1
376
1 12 1
380
1 20 1
382
1 19 1
383
1 23 1
385
1 27 1
386
1 16 1
387
1 27 1
388
1 33 1
390
1 12 1
391
1 13 1
392
1 34 1
394
1 33 1
396
1 23 1
397
1 19 1
398
1 33 1
402
1 11 1
405
1 29 1
407
1 23 1
408
1 29 1
409
1 14 1
411
1 36 1
416
1 22 1
417
1 25 1
418
1 12 1
420
1 35 1
422
1 7 1
423
1 29 1
424
1 20 1
425
1 38 1
426
1 9 1
427
1 19 1
428
1 28 1
429
1 8 1
430
1 26 1
433
1 23 1
437
1 20 1
441
1 23 1
442
1 9 1
443
1 29 1
444
1 31 2
446 622
1 14 1
448
1 18 1
451
1 23 1
452
1 31 1
454
1 13 1
455
1 22 1
456
1 18 1
459
1 36 1
461
1 33 1
462
1 7 1
466
1 33 2
469 789
1 20 1
470
1 29 1
471
1 11 2
472 684
1 8 1
480
1 21 1
481
1 18 1
482
1 14 1
484
1 17 1
485
1 25 1
489
1 23 1
491
1 23 1
492
1 14 1
494
1 25 1
497
1 20 1
498
1 19 1
499
1 10 1
500
1 20 1
502
1 17 1
503
1 31 1
507
1 20 1
508
1 25 1
509
1 18 1
510
1 24 1
511
1 16 1
512
1 23 1
513
1 35 1
514
1 28 1
518
1 23 1
522
1 13 1
523
1 35 1
524
1 16 1
525
1 13 2
526 843
1 14 1
527
1 37 1
528
1 29 1
532
1 21 1
536
1 8 1
537
1 25 1
538
1 25 1
541
1 9 1
542
1 24 1
543
1 32 1
545
1 21 1
546
1 14 1
549
1 19 1
554
1 31 1
555
1 29 1
557
1 22 1
558
1 21 1
559
1 16 1
560
1 20 1
561
1 22 1
563
1 22 1
565
1 18 1
567
1 29 1
568
1 39 1
569
1 13 1
570
1 13 1
575
1 32 2
576 998
1 9 1
577
1 15 1
579
1 25 1
581
1 9 2
583 727
1 21 1
584
1 23 2
586 716
1 21 1
587
1 20 1
591
1 30 1
592
1 22 1
593
1 37 1
595
1 11 1
597
1 23 1
598
1 29 1
600
1 15 1
602
1 21 1
604
1 38 1
605
1 28 1
606
1 35 1
608
1 37 1
610
1 24 1
614
1 25 2
616 823
1 11 1
624
1 23 1
626
1 15 1
630
1 35 1
631
1 17 1
633
1 23 1
634
1 12 1
636
1 19 1
637
1 10 1
638
1 13 1
640
1 19 1
644
1 24 2
646 825
1 18 1
649
1 35 1
652
1 22 1
655
1 28 1
656
1 9 1
658
1 16 1
661
1 30 1
664
1 21 1
665
1 22 1
666
1 32 1
668
1 8 1
669
1 14 1
671
1 33 1
672
1 14 1
673
1 21 1
674
1 15 1
675
1 18 1
676
1 34 1
677
1 25 1
678
1 21 1
679
1 14 1
680
1 11 1
681
1 21 1
683
1 21 1
685
1 23 2
686 756
1 21 1
687
1 23 1
688
1 10 1
689
1 19 1
692
1 18 1
694
1 20 2
695 760
1 15 1
696
1 32 1
697
1 23 1
699
1 20 1
703
1 11 1
704
1 17 1
705
1 20 1
709
1 14 2
710 796
1 20 1
713
1 24 1
715
1 33 1
721
1 19 1
722
1 9 1
725
1 24 1
732
1 13 1
733
1 23 1
734
1 22 1
736
1 25 1
740
1 24 1
741
1 19 1
742
1 22 1
743
1 25 1
744
1 21 1
745
1 18 1
748
1 13 1
753
1 15 1
755
1 30 1
757
1 25 1
758
1 20 1
759
1 12 1
762
1 31 1
763
1 13 1
764
1 14 1
765
1 39 1
768
1 6 1
770
1 24 1
771
1 7 1
772
1 29 1
774
1 17 1
775
1 36 1
776
1 37 1
777
1 23 1
778
1 31 1
779
1 6 1
782
1 21 1
783
1 21 1
784
1 25 1
786
1 18 1
787
1 13 1
788
1 11 1
791
1 16 1
793
1 22 1
795
1 23 1
797
1 23 1
799
1 30 1
801
1 6 1
802
1 26 1
804
1 26 1
807
1 21 1
809
1 12 1
811
1 29 1
812
1 37 1
813
1 24 1
814
1 25 1
817
1 37 1
822
1 12 1
824
1 17 1
828
1 22 1
829
1 19 1
830
1 8 1
831
1 39 1
835
1 27 1
836
1 9 1
837
1 21 1
839
1 10 2
840 951
1 12 1
841
1 8 1
842
1 27 1
846
1 9 1
847
1 26 1
849
1 26 1
850
1 22 1
852
1 28 1
853
1 19 1
854
1 25 1
856
1 21 1
857
1 21 1
859
1 32 1
864
1 24 1
865
1 8 1
866
1 30 1
868
1 9 1
870
1 26 1
872
1 5 1
875
1 29 1
876
1 16 1
877
1 15 1
880
1 25 1
881
1 29 1
883
1 11 1
885
1 26 1
886
1 12 1
887
1 33 1
888
1 19 1
889
1 36 1
890
1 27 1
892
1 26 1
893
1 29 1
895
1 19 1
897
1 26 1
902
1 23 1
906
1 11 1
909
1 32 1
911
1 15 1
919
1 7 1
921
1 21 1
922
1 18 1
924
1 25 2
928 962
1 19 1
931
1 30 1
934
1 26 1
937
1 24 1
939
1 32 1
942
1 9 1
944
1 21 1
948
1 13 1
950
1 24 1
952
1 35 1
958
1 22 1
959
1 10 1
961
1 19 1
963
1 18 1
964
1 28 1
968
1 33 1
969
1 27 1
972
1 7 1
974
1 32 1
976
1 15 1
979
1 28 1
980
1 15 1
982
1 20 1
984
1 12 1
987
1 27 1
988
1 32 1
990
1 27 1
992
1 18 1
994
1 19 1
995
