300 243 465 20
29 19 16 1 6 19 22 25 11 19 27 7 11 13 28 9 6 28 4 6 26 19 10 24 17 25 8 21 26 1 20 3 23 25 11 16 8 25 13 19 3 5 19 13 29 19 22 23 18 5 7 22 28 29 19 30 6 14 14 2 7 14 7 15 5 1 9 17 4 23 15 26 19 30 2 8 19 13 5 20 6 16 28 11 11 28 21 10 20 17 13 21 1 2 22 10 7 1 27 4 5 18 6 19 6 16 18 4 9 15 17 6 18 6 12 3 18 22 22 24 22 15 1 23 12 1 6 2 29 20 23 18 26 23 4 13 24 29 4 2 14 9 27 18 25 27 7 10 9 29 13 2 29 3 12 25 2 9 13 6 5 28 22 26 13 29 4 23 8 5 20 11 10 13 22 3 3 3 10 1 22 9 17 9 7 6 29 3 29 4 4 11 23 26 4 27 13 20 8 15 20 5 5 9 3 16 5 14 29 7 11 25 17 18 2 15 13 2 25 10 20 9 23 10 20 6 28 9 14 8 11 5 13 25 23 15 1 16 28 17 22 3 4 24 5 2 13 15 8 1 23 30 24 30 20 28 28 4 12 23 12 20 17 1 3 4 17 11 17 11 19 17 2 8 29 29 2 30 16 10 22 9 13 1 9 8 2 10 26 23 6 20 29 25 15 2 7 13 2 7
16 26 7 19 3 13 14 7 23 13 6 21 25 19 5 7 15 16 14 4 28 15 22 16 12 22 13 5 15 8 8 5 10 25 25 20 4 10 14 18 12 22 20 4 15 24 3 9 10 9 5 7 10 15 11 2 23 5 18 14 21 17 27 6 20 9 24 29 19 27 30 10 8 26 15 24 22 5 29 23 19 30 16 7 12 19 23 5 30 29 24 25 30 1 6 15 1 19 15 21 4 2 18 28 13 25 20 14 30 11 6 19 20 27 23 15 12 8 2 20 7 18 8 7 7 11 6 27 7 24 12 20 8 16 10 30 4 25 17 26 6 21 4 30 22 4 14 15 7 13 29 19 6 22 28 28 17 12 24 7 24 7 24 8 10 29 5 17 9 23 6 30 20 20 3 23 2 13 8 3 12 14 6 25 16 26 8 29 13 26 28 1 27 14 8 5 13 15 21 20 4 6 5 4 25 23 21 17 6 24 14 3 15 20 20 11 3 3 20 30 3 28 12 4 10 15 23 19 25 29 13 8 25 10 20 27 14 4 8 6 24 29 23 1 15 10 11 5 23 6 14 12 28 24 18 4 20 12 4 20 2 9 18 16 30 19 30 3 15 13 11 24 30 5 16 2 22 27 23 23 4 14 9 7 20 23 16 14 29 2 9 4 27 27 26 25 9 7 8 21
0 12 1
153
0 11 2
205 151
0 9 1
210
0 2 3
191 167 166
0 14 2
25 105
0 10 1
15
0 15 1
145
0 10 3
239 34 204
1 13 2
258 187
0 5 3
53 50 214
0 8 1
110
0 18 1
230
0 8 2
235 292
0 10 2
178 197
0 17 2
252 146
0 2 2
162 186
0 8 1
257
0 13 1
282
0 14 1
296
0 16 1
289
0 13 2
278 122
0 14 2
267 177
0 6 3
180 154 171
0 6 2
155 131
0 4 3
66 99 224
0 15 1
134
0 18 1
80
0 20 2
254 248
0 7 1
175
0 18 2
133 233
0 7 2
271 157
0 18 1
287
0 18 2
251 172
0 18 1
67
0 10 2
148 142
0 4 2
41 156
0 3 1
92
0 2 2
74 286
0 12 2
185 161
0 16 1
90
0 7 1
269
0 3 1
95
0 19 3
184 217 143
0 10 4
103 262 260 17
0 18 2
150 223
0 13 1
291
0 4 1
174
0 15 3
59 54 38
0 7 3
89 288 247
0 14 1
104
0 14 3
58 77 238
0 16 3
49 119 206
0 18 1
44
0 1 4
277 273 294 20
0 3 5
176 70 130 213 232
0 2 1
272
0 15 3
203 244 226
0 8 1
227
0 18 4
256 29 200 284
0 2 1
31
1 18 1
0
1 31 1
1
1 32 1
2
1 10 1
3
1 29 1
4
1 22 1
5
1 19 1
6
1 33 1
7
1 9 1
8
1 22 1
9
1 23 1
10
1 23 2
11 82
1 27 1
12
1 31 1
13
1 27 1
14
1 23 1
16
1 29 1
18
1 23 1
19
1 24 1
21
1 25 1
22
1 23 1
23
1 20 1
24
1 24 1
26
1 15 1
27
1 27 1
28
1 15 1
30
1 30 1
32
1 16 1
33
1 9 1
35
1 18 1
36
1 26 1
37
1 17 1
39
1 5 1
40
1 27 1
42
1 23 1
43
1 37 1
45
1 10 1
46
1 20 1
47
1 23 1
48
1 20 1
51
1 30 1
52
1 22 1
55
1 13 1
56
1 21 1
57
1 29 1
60
1 32 1
61
1 16 1
62
1 27 1
63
1 17 1
64
1 30 1
65
1 14 1
68
1 34 1
69
1 28 1
71
1 15 1
72
1 22 1
73
1 17 2
75 188
1 25 1
76
1 27 1
78
1 21 1
79
1 15 1
81
1 26 1
83
1 14 1
84
1 21 1
85
1 19 1
86
1 24 1
87
1 24 1
88
1 34 1
91
1 19 1
93
1 21 1
94
1 17 1
96
1 31 1
97
1 21 1
98
1 20 1
100
1 13 1
101
1 22 1
102
1 22 1
106
1 20 1
107
1 25 1
108
1 18 1
109
1 31 1
111
1 25 1
112
1 20 1
113
1 29 1
114
1 33 1
115
1 12 1
116
1 26 1
117
1 22 2
118 281
1 30 1
120
1 20 1
121
1 12 1
123
1 36 1
124
1 35 1
125
1 28 1
126
1 7 1
127
1 14 1
128
1 8 1
129
1 16 1
132
1 24 1
135
1 9 1
136
1 15 1
137
1 34 1
138
1 27 1
139
1 18 1
140
1 9 1
141
1 28 1
144
1 34 1
147
1 32 1
149
1 23 1
152
1 18 1
158
1 20 1
159
1 9 1
160
1 22 1
163
1 18 1
164
1 24 1
165
1 5 1
168
1 27 1
169
1 18 1
170
1 28 1
173
1 26 1
179
1 24 1
181
1 31 1
182
1 12 1
183
1 32 1
189
1 19 1
190
1 37 1
192
1 20 1
193
1 29 1
194
1 16 1
195
1 11 1
196
1 25 1
198
1 23 1
199
1 22 1
201
1 22 1
202
1 16 1
207
1 24 1
208
1 35 1
209
1 15 1
211
1 23 1
212
1 27 1
215
1 32 1
216
1 7 1
218
1 8 1
219
1 10 1
220
1 34 1
221
1 7 1
222
1 28 1
225
1 16 1
228
1 32 1
229
1 32 1
231
1 30 1
234
1 25 1
236
1 17 1
237
1 18 1
240
1 13 1
241
1 6 1
242
1 24 1
243
1 35 1
245
1 25 1
246
1 22 1
249
1 30 1
250
1 18 1
253
1 25 1
255
1 10 1
259
1 6 1
261
1 11 1
263
1 33 1
264
1 17 1
265
1 16 1
266
1 34 1
268
1 26 1
270
1 33 1
274
1 21 1
275
1 19 1
276
1 26 1
279
1 19 1
280
1 11 1
283
1 23 1
285
1 17 1
290
1 25 1
293
1 16 1
295
1 20 1
297
1 22 1
298
1 20 1
299
