300 188 465 20
29 19 16 1 6 19 22 25 11 19 27 7 11 13 28 9 6 28 4 6 26 19 10 24 17 25 8 21 26 1 20 3 23 25 11 16 8 25 13 19 3 5 19 13 29 19 22 23 18 5 7 22 28 29 19 30 6 14 14 2 7 14 7 15 5 1 9 17 4 23 15 26 19 30 2 8 19 13 5 20 6 16 28 11 11 28 21 10 20 17 13 21 1 2 22 10 7 1 27 4 5 18 6 19 6 16 18 4 9 15 17 6 18 6 12 3 18 22 22 24 22 15 1 23 12 1 6 2 29 20 23 18 26 23 4 13 24 29 4 2 14 9 27 18 25 27 7 10 9 29 13 2 29 3 12 25 2 9 13 6 5 28 22 26 13 29 4 23 8 5 20 11 10 13 22 3 3 3 10 1 22 9 17 9 7 6 29 3 29 4 4 11 23 26 4 27 13 20 8 15 20 5 5 9 3 16 5 14 29 7 11 25 17 18 2 15 13 2 25 10 20 9 23 10 20 6 28 9 14 8 11 5 13 25 23 15 1 16 28 17 22 3 4 24 5 2 13 15 8 1 23 30 24 30 20 28 28 4 12 23 12 20 17 1 3 4 17 11 17 11 19 17 2 8 29 29 2 30 16 10 22 9 13 1 9 8 2 10 26 23 6 20 29 25 15 2 7 13 2 7
16 26 7 19 3 13 14 7 23 13 6 21 25 19 5 7 15 16 14 4 28 15 22 16 12 22 13 5 15 8 8 5 10 25 25 20 4 10 14 18 12 22 20 4 15 24 3 9 10 9 5 7 10 15 11 2 23 5 18 14 21 17 27 6 20 9 24 29 19 27 30 10 8 26 15 24 22 5 29 23 19 30 16 7 12 19 23 5 30 29 24 25 30 1 6 15 1 19 15 21 4 2 18 28 13 25 20 14 30 11 6 19 20 27 23 15 12 8 2 20 7 18 8 7 7 11 6 27 7 24 12 20 8 16 10 30 4 25 17 26 6 21 4 30 22 4 14 15 7 13 29 19 6 22 28 28 17 12 24 7 24 7 24 8 10 29 5 17 9 23 6 30 20 20 3 23 2 13 8 3 12 14 6 25 16 26 8 29 13 26 28 1 27 14 8 5 13 15 21 20 4 6 5 4 25 23 21 17 6 24 14 3 15 20 20 11 3 3 20 30 3 28 12 4 10 15 23 19 25 29 13 8 25 10 20 27 14 4 8 6 24 29 23 1 15 10 11 5 23 6 14 12 28 24 18 4 20 12 4 20 2 9 18 16 30 19 30 3 15 13 11 24 30 5 16 2 22 27 23 23 4 14 9 7 20 23 16 14 29 2 9 4 27 27 26 25 9 7 8 21
0 12 3
32 153 51
0 20 1
91
0 11 1
151
0 7 2
10 79
0 9 3
163 3 139
0 2 3
167 220 55
0 14 2
25 105
1 10 3
64 15 65
0 20 2
285 52
0 15 3
212 152 145
0 10 3
270 193 34
0 13 1
187
0 5 4
242 116 50 214
0 8 3
71 181 110
0 18 2
230 24
0 8 3
43 96 137
0 16 1
21
0 10 2
178 123
0 16 1
83
0 17 2
252 146
0 2 4
75 188 162 186
0 8 2
257 109
0 9 4
88 108 199 265
0 13 3
195 297 282
0 16 3
279 289 114
0 13 1
278
0 14 1
42
0 6 4
180 211 208 101
0 9 2
48 62
0 6 1
155
0 4 3
66 121 99
0 15 1
246
0 18 2
194 9
0 20 4
69 254 248 125
0 15 2
87 135
0 7 2
175 290
0 18 2
133 233
0 7 2
165 8
0 18 3
287 159 2
0 20 2
16 215
1 7 5
12 132 27 263 249
0 18 1
251
0 18 3
47 111 255
0 10 1
148
0 4 3
299 261 156
0 10 3
39 198 234
0 3 1
23
1 2 2
33 158
0 12 3
240 185 229
0 16 4
149 90 113 173
0 7 4
19 196 269 81
0 3 2
95 36
0 17 2
192 245
0 19 4
275 184 143 1
0 10 1
103
0 18 3
100 138 223
0 13 2
291 13
0 8 1
183
0 4 1
174
0 15 4
59 22 209 63
0 7 3
72 276 247
0 14 3
4 104 106
0 14 3
189 58 238
0 15 1
61
0 20 1
117
0 16 5
49 190 206 26 0
0 18 3
236 225 44
0 1 2
273 294
0 3 4
259 70 130 232
0 2 3
283 168 272
0 15 4
203 115 244 226
0 8 1
128
0 18 5
256 179 29 200 284
0 2 3
118 86 40
1 11 1
5
1 22 1
6
1 23 1
7
1 13 1
11
1 25 1
14
1 18 2
17 262
1 27 2
18 98
1 11 1
20
1 12 1
28
1 28 1
30
1 18 1
31
1 15 1
35
1 32 1
37
1 17 1
38
1 19 1
41
1 27 1
45
1 19 1
46
1 19 1
53
1 27 1
54
1 30 1
56
1 38 1
57
1 11 1
60
1 35 1
67
1 22 1
68
1 21 1
73
1 22 1
74
1 21 1
76
1 24 1
77
1 21 1
78
1 21 1
80
1 29 1
82
1 20 1
84
1 23 1
85
1 9 1
89
1 23 1
92
1 34 1
93
1 18 1
94
1 27 1
97
1 25 1
102
1 33 1
107
1 12 1
112
1 20 1
119
1 28 1
120
1 21 1
122
1 34 1
124
1 26 1
126
1 12 1
127
1 17 1
129
1 13 1
131
1 17 1
134
1 17 1
136
1 33 1
140
1 20 1
141
1 16 1
142
1 27 1
144
1 25 1
147
1 30 1
150
1 18 1
154
1 15 1
157
1 11 1
160
1 26 1
161
1 8 1
164
1 20 1
166
1 24 1
169
1 28 1
170
1 22 1
171
1 32 1
172
1 21 1
176
1 17 1
177
1 31 1
182
1 20 1
191
1 26 1
197
1 38 1
201
1 16 1
202
1 27 1
204
1 19 1
205
1 18 1
207
1 29 1
210
1 18 1
213
1 29 1
216
1 35 1
217
1 14 1
218
1 12 1
219
1 26 1
221
1 17 1
222
1 11 1
224
1 22 1
227
1 8 1
228
1 31 1
231
1 23 1
235
1 21 1
237
1 24 1
239
1 20 1
241
1 30 1
243
1 26 1
250
1 36 1
253
1 20 1
258
1 17 1
260
1 16 1
264
1 20 1
266
1 16 1
267
1 30 1
268
1 20 1
271
1 35 1
274
1 8 1
277
1 20 1
280
1 38 1
281
1 20 1
286
1 22 1
288
1 13 1
292
1 18 1
293
1 20 1
295
1 16 1
296
1 13 1
298
