1000 491 1550 18
30 12 27 23 10 9 11 5 8 9 18 30 23 7 7 29 3 5 12 18 16 7 13 4 18 5 26 5 27 27 18 20 29 25 24 28 9 24 9 28 16 16 10 8 11 14 30 3 20 19 12 16 6 10 14 19 9 7 17 20 2 18 28 16 4 9 3 3 20 19 12 7 21 28 7 21 9 24 7 8 24 6 23 20 16 17 9 8 18 11 25 7 2 15 26 21 29 19 25 2 23 10 10 22 13 30 15 3 2 9 13 20 21 28 15 28 17 19 20 3 26 30 16 5 7 20 16 5 25 17 6 22 29 24 20 17 26 26 9 18 4 16 16 5 7 18 21 3 1 11 19 13 24 22 4 10 1 21 11 13 25 9 5 8 28 14 23 5 22 13 9 30 17 10 19 23 18 23 14 21 16 14 22 26 1 12 4 11 18 6 13 2 16 26 9 22 21 10 30 10 10 9 3 10 28 11 19 29 8 4 10 4 16 2 19 25 13 6 20 22 29 9 21 15 13 16 17 6 23 8 27 9 20 27 22 26 30 19 18 26 1 8 6 13 16 4 9 19 1 1 8 27 6 14 10 27 4 27 5 11 23 29 10 22 11 19 30 17 13 20 18 1 22 29 4 16 15 19 7 5 13 7 27 18 18 4 1 28 10 24 15 23 23 21 7 9 22 20 17 17 20 15 21 17 19 29 25 2 12 20 5 6 15 25 29 19 29 18 27 29 17 15 8 24 16 14 14 23 8 27 12 12 12 23 28 26 5 2 27 15 5 11 30 3 1 20 6 24 27 15 26 7 12 23 15 9 17 2 12 14 8 20 16 24 8 8 28 4 21 16 16 4 29 30 4 4 6 6 24 30 30 8 10 1 20 1 24 14 17 4 1 22 1 1 29 23 17 21 27 27 12 16 28 25 12 10 24 20 9 16 26 19 4 26 14 5 27 18 28 29 20 27 29 11 25 2 19 20 15 29 23 18 29 10 6 22 26 9 14 11 16 21 28 21 5 17 22 22 15 1 17 1 15 1 17 8 8 8 17 6 12 13 15 17 21 11 17 17 8 19 25 11 27 28 24 30 11 7 18 17 11 7 23 28 30 9 12 25 22 11 18 11 3 30 13 7 6 27 26 20 14 13 14 9 3 19 4 7 19 15 4 18 26 8 10 19 21 10 10 5 7 13 14 17 10 15 13 20 12 25 12 26 15 8 20 22 24 6 12 29 2 9 1 13 13 15 14 11 20 19 21 9 27 16 6 19 13 29 15 5 10 9 3 26 15 5 21 13 5 15 2 12 30 11 26 21 18 26 7 29 13 29 1 24 20 23 24 22 2 29 17 21 2 9 12 30 29 6 26 30 16 3 1 2 15 29 1 9 2 30 22 5 29 6 9 6 29 18 3 26 14 13 12 2 8 4 20 19 17 18 17 16 5 24 29 4 28 29 29 16 23 6 28 10 29 30 17 27 26 15 27 12 10 7 15 16 7 25 25 7 15 12 11 26 3 4 4 5 23 11 13 16 20 28 13 6 27 4 3 5 24 9 7 20 10 12 24 6 30 19 19 17 18 25 10 28 7 9 23 4 1 30 26 28 1 13 3 29 3 12 27 11 7 29 8 5 12 7 7 5 2 8 27 3 9 28 21 14 8 7 10 3 14 6 13 10 13 29 22 29 25 2 23 22 23 11 21 9 7 6 5 13 20 24 23 25 9 8 23 11 3 1 17 15 16 11 8 4 5 17 29 5 19 9 7 25 21 22 16 26 28 3 7 5 21 10 8 13 26 14 25 29 4 19 30 18 12 9 11 12 20 11 17 26 5 7 30 1 30 5 17 1 11 29 16 29 27 2 6 11 11 27 15 23 22 5 6 28 21 6 29 21 30 5 26 19 25 8 22 11 13 4 3 15 5 18 25 3 1 28 30 30 20 22 28 10 28 8 1 23 23 4 7 28 9 4 22 11 22 13 27 7 5 19 25 16 2 22 30 29 24 29 4 24 11 21 24 2 25 27 17 20 4 6 11 13 22 9 24 4 14 8 25 23 4 28 7 26 23 14 8 15 11 5 24 19 4 9 10 20 17 14 22 19 14 20 18 21 1 20 21 29 2 8 24 19 21 17 30 26 8 28 9 12 23 28 10 19 3 3 18 13 18 13 30 9 19 6 30 10 28 15 28 26 30 24 22 20 5 13 15 23 25 27 10 30 1 20 20 9 10 11 24 8 25 29 15 30 26 25 10 20 6 8 17 23 1 2 21 20
12 9 27 5 3 8 2 8 3 3 13 30 23 14 26 30 9 30 7 15 11 10 14 30 17 26 7 29 9 14 19 2 26 30 13 18 17 10 29 19 3 13 10 12 6 9 1 8 27 9 3 3 26 6 25 1 21 14 5 18 27 7 27 5 16 18 16 15 16 8 8 7 27 11 5 26 26 28 14 16 9 29 16 10 17 17 21 2 18 20 23 19 15 30 9 26 14 1 1 30 24 7 22 7 14 4 3 9 6 13 14 27 19 28 23 30 23 11 24 10 10 24 26 19 12 4 1 27 1 29 28 22 17 16 19 16 24 16 28 29 14 13 9 4 15 22 28 16 6 20 6 6 25 16 29 11 9 18 5 17 26 13 3 26 4 9 19 22 11 11 3 5 14 8 10 26 19 3 12 11 27 13 3 5 2 19 30 3 16 26 30 29 19 6 16 16 25 14 22 24 30 12 17 1 21 14 18 5 16 24 19 4 12 26 26 10 5 12 4 25 3 15 9 14 3 1 28 20 11 19 22 17 23 7 4 29 19 7 19 19 7 3 1 1 15 21 11 25 9 29 3 17 15 16 30 17 13 1 19 11 29 8 22 12 10 10 8 9 11 24 22 25 15 3 5 23 20 23 19 17 20 11 24 16 3 22 3 9 24 24 24 17 21 8 29 15 12 6 1 13 19 3 15 2 14 11 8 9 10 24 27 23 24 29 27 21 17 13 12 19 14 29 21 2 7 30 15 29 27 27 18 6 29 24 17 29 10 30 7 11 13 2 23 24 4 6 9 10 16 29 19 9 28 9 27 21 14 22 24 5 29 24 29 20 16 21 8 9 3 18 13 20 21 2 24 18 4 25 2 4 19 5 8 11 19 1 20 1 6 19 6 10 11 7 23 4 30 24 30 5 5 11 3 27 7 10 11 28 8 21 1 5 15 16 14 27 5 17 12 14 11 16 10 6 23 14 21 21 29 28 5 26 3 15 17 25 6 24 24 1 19 19 11 26 2 16 18 24 4 26 2 21 24 23 20 7 5 21 11 22 26 13 21 14 7 25 7 1 7 24 30 7 4 20 8 23 22 3 20 28 21 20 13 20 20 30 28 23 1 2 21 17 13 8 23 9 18 27 5 12 20 12 11 22 3 24 3 19 19 3 17 11 5 26 3 17 7 26 24 25 11 10 1 15 27 28 22 20 17 14 14 4 6 5 18 19 29 27 28 3 10 5 3 18 26 30 28 15 21 15 30 6 24 11 13 14 25 13 22 8 26 30 5 20 27 26 21 11 3 10 8 1 2 19 25 28 26 10 5 13 7 27 8 23 25 21 28 23 21 27 8 9 16 16 30 7 17 15 13 7 18 5 26 15 11 15 5 15 26 1 4 5 17 11 6 28 22 14 19 22 26 15 18 29 5 8 30 16 14 19 15 13 6 4 15 3 20 26 18 6 7 30 19 3 30 28 2 2 6 23 21 16 4 1 16 12 4 15 9 9 24 28 25 26 18 14 4 21 1 28 17 8 12 12 19 21 4 24 18 30 25 22 28 24 9 11 7 26 20 30 25 24 26 30 25 12 25 25 27 20 11 2 3 15 19 28 20 11 20 29 6 19 11 4 17 8 12 30 29 30 14 14 18 24 19 8 9 5 3 29 23 20 5 3 29 21 26 21 14 7 17 5 26 4 1 21 3 23 4 8 10 12 1 11 8 26 27 4 9 16 24 9 23 9 26 3 15 30 3 29 21 8 22 5 17 23 21 25 29 12 29 9 6 14 18 10 17 9 10 29 26 14 24 27 15 25 13 27 11 6 1 20 9 22 29 20 3 10 14 2 29 12 22 21 15 30 2 27 27 29 23 15 7 6 16 17 24 12 22 22 23 9 22 12 19 23 20 17 21 15 28 1 11 9 10 28 10 18 9 9 3 2 11 6 20 4 11 20 11 1 7 17 18 12 28 24 22 22 10 28 21 21 15 14 11 8 25 8 15 6 12 11 21 24 2 2 29 7 2 26 16 13 22 3 12 13 6 15 25 14 20 18 29 3 23 19 23 8 17 5 6 19 29 3 19 16 15 6 2 2 10 30 10 17 22 18 18 12 16 20 28 24 28 12 1 24 2 4 22 29 1 1 29 5 25 21 1 21 19 7 12 29 2 2 12 29 16 18 20 14 25 2 14 24 1 29 6 11 28 2 30 23 5 27 30 23 25 19 10 23 26 28 30 6 9 3 16 5 17 4 17 10 11 28 1 15 10 4 16 15
0 20 1
402
0 9 11
581 372 331 559 99 422 294 12 615 700 145
0 11 1
949
0 9 10
162 360 681 497 281 512 283 503 835 97
0 6 13
948 755 64 488 517 584 154 134 13 9 729 239 88
0 9 7
443 245 313 632 701 853 609
0 14 8
165 137 969 143 922 996 6 941
0 3 6
591 925 653 539 798 910
0 18 9
389 983 945 355 904 464 453 737 78
0 1 1
159
0 13 6
952 936 253 345 756 449
0 5 11
661 527 466 120 741 173 570 431 491 770 975
0 8 2
433 692
0 18 8
667 15 116 218 828 719 478 498
0 12 1
76
0 3 4
177 158 61 395
0 15 5
710 913 337 565 432
0 6 8
906 706 371 18 788 420 921 973
0 6 5
822 242 92 209 736
0 6 4
393 98 638 39
0 12 4
688 0 532 804
0 18 9
769 953 806 415 749 523 504 291 278
0 7 2
954 535
0 12 6
417 808 306 153 747 693
0 1 7
414 40 818 194 282 146 377
0 16 10
564 93 988 652 820 797 34 827 666 111
0 15 2
900 956
0 8 12
993 301 534 456 178 716 543 918 733 70 861 538
0 17 5
896 221 586 968 288
0 8 8
361 364 869 987 911 982 582 845
0 13 4
249 217 192 71
0 13 14
754 234 607 645 977 850 802 726 914 452 841 971 978 180
0 16 1
656
0 17 7
428 380 745 629 122 62 230
0 16 8
161 946 929 436 649 151 311 815
0 16 4
418 135 897 728
0 5 8
75 482 23 484 577 578 875 679
0 2 4
999 125 698 950
0 2 5
556 547 47 880 77
0 5 3
215 473 303
0 2 4
840 54 104 501
0 5 8
1 974 366 91 72 463 930 425
0 17 3
923 634 89
0 4 6
537 624 505 103 426 31
0 19 5
878 579 647 992 572
0 18 8
170 561 66 216 981 110 309 669
0 5 9
43 113 985 862 553 139 144 915 866
0 2 1
339
0 10 10
427 858 455 266 882 566 107 304 2 118
0 3 7
413 837 807 495 156 731 297
0 16 7
557 462 994 136 447 920 672
0 3 11
388 186 673 785 475 848 286 190 520 86 874
0 20 4
823 715 49 248
0 15 3
24 905 519
0 11 1
795
0 2 3
783 775 816
0 10 4
391 696 401 863
0 3 6
748 972 424 854 668 813
0 15 5
595 712 175 522 53
0 3 8
774 514 908 725 873 193 419 148
0 14 4
109 551 227 718
0 2 5
308 87 611 457 124
0 15 5
277 771 859 14 222
0 19 7
516 485 834 147 233 600 654
0 17 2
164 821
0 12 10
735 416 130 264 648 387 344 340 623 296
0 19 6
528 375 483 842 601 320
0 2 9
48 479 772 480 721 871 307 933 44
0 13 12
817 202 901 934 489 709 126 765 635 237 493 685
0 15 9
588 458 474 198 252 363 777 58 604
0 10 6
711 351 289 750 315 140
0 1 5
631 510 347 928 979
0 3 11
246 302 292 276 744 101 28 244 997 203 773
0 7 7
181 552 407 825 714 697 381
0 18 15
720 689 643 258 944 224 201 832 20 325 32 800 627 149 789
0 6 8
894 509 404 812 208 105 429 707
0 1 5
620 435 169 989 585
0 20 10
492 951 247 796 531 27 622 540 742 513
0 1 10
127 926 68 865 317 444 379 26 846 399
0 18 10
592 563 108 51 259 674 762 860 590 569
0 13 7
508 723 298 7 738 84 608
0 20 5
549 343 500 174 128
0 12 12
746 659 327 794 57 955 373 312 995 223 357 225
0 20 12
593 197 90 751 838 272 240 189 85 38 160 947
0 11 8
250 836 799 888 241 199 472 967
0 19 6
471 887 254 545 3 864
0 15 3
329 727 694
0 12 1
704
0 10 2
980 65
0 10 8
112 664 490 21 650 886 876 257
0 6 4
613 766 481 575
1 38 1
4
1 9 1
5
1 16 1
8
1 29 2
10 660
1 10 1
11
1 20 1
16
1 25 1
17
1 28 1
19
1 19 2
22 662
1 20 1
25
1 20 1
29
1 23 1
30
1 17 1
33
1 20 1
35
1 3 1
36
1 33 1
37
1 14 1
41
1 22 1
42
1 19 1
45
1 31 1
46
1 28 1
50
1 14 1
52
1 15 1
55
1 16 1
56
1 27 1
59
1 24 1
60
1 11 1
63
1 15 1
67
1 21 1
69
1 7 1
73
1 16 1
74
1 17 1
79
1 16 1
80
1 16 1
81
1 28 1
82
1 25 1
83
1 24 1
94
1 3 1
95
1 11 1
96
1 23 1
100
1 5 1
102
1 31 1
106
1 19 2
114 819
1 29 1
115
1 14 1
117
1 28 1
119
1 17 1
121
1 18 1
123
1 19 1
129
1 25 1
131
1 27 1
132
1 18 1
133
1 14 1
138
1 27 1
141
1 22 1
142
1 21 1
150
1 20 1
152
1 13 1
155
1 24 1
157
1 16 1
163
1 24 1
166
1 22 1
167
1 18 1
168
1 20 1
171
1 15 1
172
1 33 1
176
1 15 1
179
1 31 1
182
1 21 1
183
1 21 2
184 469
1 19 1
185
1 22 1
187
1 9 1
188
1 19 1
191
1 27 1
195
1 12 1
196
1 21 1
200
1 22 1
204
1 19 1
205
1 21 1
206
1 32 1
207
1 29 1
210
1 31 1
211
1 33 1
212
1 29 1
213
1 13 1
214
1 31 1
219
1 20 1
220
1 18 1
226
1 26 1
228
1 17 2
229 630
1 25 1
231
1 28 1
232
1 15 1
235
1 25 1
236
1 23 1
238
1 33 1
243
1 24 1
251
1 18 1
255
1 25 2
256 811
1 20 1
260
1 15 1
261
1 14 1
262
1 20 1
263
1 33 1
265
1 18 1
267
1 18 1
268
1 37 1
269
1 15 1
270
1 32 1
271
1 22 1
273
1 26 1
274
1 16 1
275
1 28 1
279
1 35 1
280
1 17 1
284
1 9 1
285
1 5 1
287
1 22 1
290
1 17 1
293
1 16 1
295
1 18 1
299
1 21 2
300 368
1 13 1
305
1 34 1
310
1 8 1
314
1 16 1
316
1 15 1
318
1 18 1
319
1 20 1
321
1 30 1
322
1 23 1
323
1 26 1
324
1 16 1
326
1 11 1
328
1 31 1
330
1 17 1
332
1 26 1
333
1 31 1
334
1 18 1
335
1 14 1
336
1 31 1
338
1 3 1
341
1 37 2
342 877
1 20 1
346
1 25 2
348 851
1 30 2
349 437
1 17 2
350 612
1 25 1
352
1 13 1
353
1 20 2
354 927
1 25 1
356
1 11 1
358
1 18 1
359
1 19 1
362
1 24 1
365
1 22 1
367
1 22 1
369
1 7 2
370 562
1 25 1
374
1 13 1
376
1 15 1
378
1 34 1
382
1 14 1
383
1 16 1
384
1 14 3
385 722 740
1 20 1
386
1 17 1
390
1 15 1
392
1 4 1
394
1 24 2
396 909
1 17 1
397
1 33 1
398
1 20 1
400
1 21 1
403
1 22 1
405
1 28 1
406
1 12 1
408
1 7 1
409
1 32 1
410
1 26 1
411
1 28 1
412
1 17 1
421
1 34 1
423
1 10 1
430
1 37 1
434
1 12 1
438
1 29 1
439
1 32 1
440
1 19 1
441
1 8 1
442
1 18 1
445
1 21 1
446
1 15 1
448
1 25 1
450
1 23 1
451
1 30 1
454
1 18 1
459
1 15 1
460
1 10 1
461
1 17 1
465
1 32 1
467
1 29 1
468
1 22 1
470
1 20 1
476
1 34 1
477
1 26 1
486
1 15 1
487
1 21 1
494
1 15 1
496
1 30 1
499
1 8 1
502
1 19 1
506
1 22 1
507
1 26 1
511
1 22 1
515
1 14 1
518
1 40 1
521
1 36 1
524
1 22 1
525
1 15 1
526
1 6 1
529
1 18 1
530
1 38 1
533
1 25 1
536
1 35 1
541
1 19 1
542
1 28 1
544
1 20 1
546
1 32 1
548
1 27 1
550
1 18 1
554
1 8 1
555
1 15 1
558
1 15 1
560
1 17 1
567
1 29 1
568
1 15 1
571
1 9 1
573
1 5 2
574 857
1 25 1
576
1 18 1
580
1 29 1
583
1 8 1
587
1 33 1
589
1 27 1
594
1 19 1
596
1 38 1
597
1 37 1
598
1 16 1
599
1 15 1
602
1 18 1
603
1 33 1
605
1 15 1
606
1 34 1
610
1 5 2
614 893
1 14 1
616
1 21 1
617
1 35 1
618
1 23 2
619 739
1 15 1
621
1 16 1
625
1 21 1
626
1 17 1
628
1 23 1
633
1 12 1
636
1 24 1
637
1 23 1
639
1 14 1
640
1 29 1
641
1 35 1
642
1 24 1
644
1 12 1
646
1 23 1
651
1 30 1
655
1 31 1
657
1 10 1
658
1 33 1
663
1 5 1
665
1 25 1
670
1 4 1
671
1 9 1
675
1 4 1
676
1 10 1
677
1 10 1
678
1 24 1
680
1 31 1
682
1 21 1
683
1 27 1
684
1 32 1
686
1 16 1
687
1 24 1
690
1 23 1
691
1 21 1
695
1 27 1
699
1 16 1
702
1 12 1
703
1 24 1
705
1 20 1
708
1 13 1
713
1 19 1
717
1 29 1
724
1 22 1
730
1 33 1
732
1 32 1
734
1 15 1
743
1 24 1
752
1 34 1
753
1 34 1
757
1 28 1
758
1 23 1
759
1 24 1
760
1 11 1
761
1 11 1
763
1 23 1
764
1 12 1
767
1 11 1
768
1 10 1
776
1 21 1
778
1 29 1
779
1 10 1
780
1 23 1
781
1 14 1
782
1 24 1
784
1 24 1
786
1 17 1
787
1 18 1
790
1 20 1
791
1 23 1
792
1 21 1
793
1 33 1
801
1 25 1
803
1 14 1
805
1 21 1
809
1 29 1
810
1 25 1
814
1 19 1
824
1 39 1
826
1 11 1
829
1 5 1
830
1 24 1
831
1 25 1
833
1 25 1
839
1 27 1
843
1 4 1
844
1 18 1
847
1 23 1
849
1 12 1
852
1 28 1
855
1 37 1
856
1 30 1
867
1 34 1
868
1 17 1
870
1 14 1
872
1 20 1
879
1 26 1
881
1 17 1
883
1 23 1
884
1 28 1
885
1 21 1
889
1 36 1
890
1 7 1
891
1 19 1
892
1 18 1
895
1 25 1
898
1 16 1
899
1 30 1
902
1 20 1
903
1 13 1
907
1 21 1
912
1 38 1
916
1 23 1
917
1 40 1
919
1 24 1
924
1 19 1
931
1 34 1
932
1 31 1
935
1 16 1
937
1 6 1
938
1 37 1
939
1 23 1
940
1 22 1
942
1 11 1
943
1 18 1
957
1 15 1
958
1 25 1
959
1 23 1
960
1 20 1
961
1 20 1
962
1 18 1
963
1 25 1
964
1 23 1
965
1 22 1
966
1 24 1
970
1 28 1
976
1 22 1
984
1 17 1
986
1 14 1
990
1 23 1
991
1 7 1
998
