700 355 1085 20
3 17 30 23 18 19 27 22 15 18 16 28 29 8 6 26 24 7 11 24 1 29 9 26 4 29 26 8 4 15 10 16 25 18 2 10 13 27 25 12 20 14 12 3 18 8 10 15 24 30 19 29 29 21 20 23 16 19 1 28 30 15 12 16 24 30 7 9 15 25 17 1 18 19 10 18 15 26 7 11 1 4 28 11 24 7 10 17 6 24 29 4 14 4 23 19 8 29 30 30 8 14 25 11 22 7 17 12 15 21 18 22 5 1 2 24 13 21 18 20 29 18 23 8 13 24 30 9 12 24 14 3 6 21 21 20 30 28 10 27 25 6 3 4 11 10 28 19 18 12 29 13 30 24 8 8 27 12 6 1 10 7 11 11 19 21 6 26 2 3 23 19 2 24 30 6 20 24 23 6 5 9 20 21 22 24 17 8 20 8 17 18 29 13 13 15 13 14 5 16 15 23 9 4 28 16 30 15 9 19 24 14 10 26 7 11 11 25 6 12 27 27 8 18 3 30 3 24 17 24 25 8 27 18 23 24 13 13 20 12 22 8 2 20 8 21 14 12 9 16 16 6 1 7 19 29 25 14 20 20 30 18 19 19 4 29 13 3 6 21 28 17 30 4 19 13 26 14 21 8 25 21 1 26 8 11 25 27 3 11 30 15 20 29 25 29 4 13 13 8 17 12 28 24 15 1 3 10 11 3 15 13 17 6 1 7 5 6 24 14 30 22 21 15 21 3 25 18 21 8 12 11 2 30 19 9 10 7 9 7 12 28 3 3 17 3 5 30 17 30 28 16 3 13 26 16 1 25 19 24 15 17 9 19 26 27 7 8 6 1 21 25 26 20 13 15 14 3 18 18 27 13 1 7 1 27 27 2 11 27 8 22 13 14 3 19 7 2 11 25 9 8 3 3 26 4 21 21 6 29 6 1 4 12 28 7 2 27 14 21 23 23 23 24 4 26 24 23 27 25 30 29 22 26 11 30 23 12 24 8 16 5 7 22 24 16 2 29 14 17 13 12 15 19 1 30 14 14 23 5 7 6 20 25 5 8 24 10 12 21 3 30 2 25 18 15 5 4 21 6 6 10 1 5 26 21 8 7 12 13 19 30 10 23 20 3 17 20 11 27 19 3 23 18 19 9 29 27 12 3 14 4 30 9 23 25 23 16 6 11 19 9 3 13 7 2 15 25 11 16 9 17 19 22 1 30 10 27 4 28 26 16 17 18 12 21 1 11 4 29 19 27 19 8 22 6 7 7 22 26 22 12 13 6 22 12 28 7 14 4 2 1 3 7 2 19 1 16 8 28 17 16 9 28 16 15 10 5 10 18 28 10 26 14 12 7 8 21 28 28 28 10 20 12 28 25 5 20 4 7 5 16 25 18 29 21 27 23 3 10 5 13 4 19 23 16 19 13 1 25 3 9 25 25 27 13 4 2 18 6 29 30 3 17 29 26 3 22 28 28 16 24 20 11 29 26 21 29 18 30 16 5 17 3 24 6 29 23 19 3 14 10 29 15 28 28 22 7 16 28 4 17 28 13 9 8 20 11 22 12 5 13 29 1 7 5 18 9 1 29
2 5 21 15 25 13 6 22 19 17 24 9 19 13 24 5 28 29 11 2 7 6 2 20 22 11 26 10 28 26 11 5 28 8 19 4 29 28 3 29 3 20 8 19 29 8 17 5 16 13 8 10 29 16 10 8 2 11 2 19 28 20 7 2 13 20 22 1 7 9 2 29 17 26 11 16 28 27 15 21 27 16 7 25 5 15 18 23 19 1 15 19 5 23 1 16 25 18 3 21 3 11 18 7 13 8 10 19 8 28 3 30 9 23 20 2 12 5 9 6 27 16 14 1 14 30 7 16 17 10 28 13 20 18 28 14 9 17 11 20 2 26 15 23 17 23 8 12 6 12 26 14 13 30 18 7 10 29 5 21 18 18 20 18 10 23 9 7 11 19 25 8 23 6 30 7 16 27 24 30 14 19 25 8 13 6 21 2 10 20 22 15 20 19 7 14 9 29 30 4 15 8 22 17 15 29 23 22 16 17 29 30 28 10 18 26 13 10 14 17 21 27 24 3 4 18 28 21 19 13 9 12 30 12 5 9 5 9 13 25 11 28 24 25 1 26 19 26 20 18 7 7 24 30 23 13 16 4 22 25 10 16 11 22 13 17 14 10 25 23 27 5 9 15 1 26 8 28 27 8 8 6 1 19 24 1 11 7 13 8 14 16 24 17 23 18 17 20 5 3 15 8 8 22 16 27 7 15 26 2 4 28 5 15 12 6 22 24 13 4 21 22 16 9 10 30 14 19 6 8 14 9 15 25 7 24 8 14 1 29 9 24 26 2 16 17 9 8 6 9 14 16 26 11 4 1 23 2 1 22 21 2 5 30 1 6 16 20 14 11 15 3 18 11 28 18 22 28 24 14 9 13 18 10 16 4 23 6 16 13 20 1 25 24 13 20 2 27 16 17 2 3 11 10 16 28 11 29 4 10 5 24 12 19 19 2 16 29 9 19 22 20 20 17 25 7 18 21 21 13 14 5 4 14 24 29 4 27 18 17 25 16 22 13 28 18 4 4 8 22 26 5 15 11 29 10 19 18 8 5 18 21 4 21 10 10 7 13 25 25 29 1 11 5 26 16 8 22 21 27 16 1 5 13 23 13 16 20 1 18 19 19 15 24 19 28 27 21 30 6 28 3 30 14 17 10 5 7 23 23 5 17 19 28 7 27 8 23 19 24 18 1 4 24 9 14 1 23 1 1 22 24 8 9 17 19 9 10 25 29 11 29 27 26 5 10 22 18 19 21 29 22 6 29 29 28 3 13 21 4 15 18 10 26 24 14 12 2 7 30 12 12 29 13 12 19 20 5 7 23 7 4 19 6 21 28 15 11 30 25 14 13 3 9 29 2 22 29 3 25 7 14 3 24 14 5 25 22 22 16 26 9 9 8 5 10 14 11 20 9 17 19 29 25 8 25 3 13 8 27 20 30 28 24 21 16 10 18 26 7 16 4 7 10 4 11 23 23 3 24 23 24 13 26 12 26 4 13 30 21 28 17 16 7 27 16 14 21 21 27 1 23 23 4 19 16 27 30 24 11 18 15 10 25 16 5 20 18 1 21 20 11 27 14 20 7 30 21 6 22
0 5 5
321 26 344 618 232
0 4 2
591 135
0 3 7
470 39 220 678 107 208 253
0 15 5
199 104 571 568 292
0 6 9
141 285 512 24 158 213 102 184 560
0 15 10
644 660 209 341 513 592 186 368 524 616
0 10 6
665 171 175 517 320 77
0 11 6
408 270 586 224 637 555
0 6 5
397 63 448 373 345
0 10 3
304 363 59
0 7 9
164 72 599 314 468 537 508 279 454
0 19 1
93
0 14 2
412 149
0 20 4
629 237 354 176
0 17 6
608 18 302 108 504 43
0 16 6
360 376 544 241 17 316
0 20 2
398 446
0 20 2
88 416
0 11 4
165 421 569 129
0 14 3
676 100 522
0 14 5
573 428 651 25 499
0 1 1
495
0 3 3
282 500 520
0 12 6
343 227 663 160 622 576
0 10 2
190 688
0 2 7
356 556 280 559 273 514 612
0 10 11
94 583 332 390 477 293 134 328 362 96 574
0 12 5
262 401 154 553 327
0 1 4
486 427 34 464
0 6 6
230 600 466 145 680 518
0 12 5
215 311 459 126 445
0 11 5
440 243 379 609 342
0 6 7
38 283 55 2 685 29 161
0 11 2
9 381
0 18 2
564 64
0 12 7
546 664 463 271 137 695 19
0 12 6
98 192 650 266 645 313
0 13 5
619 57 40 392 451
0 5 3
297 509 239
0 8 5
248 661 693 458 549
0 14 7
303 443 654 291 595 13 132
0 1 5
529 329 298 69 333
0 11 9
336 534 696 174 169 212 278 331 296
0 11 4
580 391 146 449
0 10 11
71 120 641 450 66 259 23 530 488 252 630
0 12 4
531 426 437 355
0 13 8
579 185 257 256 295 503 365 166
0 19 1
335
0 7 8
242 442 633 409 180 697 112 638
0 3 7
45 42 294 429 683 393 598
0 19 5
461 351 642 28 251
0 7 5
35 438 410 668 301
0 5 1
231
0 7 6
318 686 382 255 123 347
0 8 4
507 219 275 87
0 12 6
593 533 439 667 162 493
0 12 3
264 82 308
0 15 9
491 460 172 203 497 627 626 385 84
0 7 7
570 300 228 80 315 457 200
0 18 3
479 406 489
0 16 3
492 487 74
0 20 1
677
0 4 2
557 157
0 6 3
433 182 20
0 11 2
138 672
0 10 5
411 56 6 558 358
0 10 3
550 527 125
0 4 3
501 226 402
0 17 2
128 372
0 19 5
436 51 188 83 634
0 7 8
267 147 287 657 173 276 597 4
0 18 8
101 236 596 21 601 111 330 625
0 19 9
388 197 12 378 139 444 418 269 588
0 2 9
240 99 216 620 121 510 447 521 415
0 7 6
194 337 75 86 148 681
0 20 7
652 621 33 3 649 387 16
0 17 5
632 623 1 577 193
0 2 4
494 380 430 396
0 2 3
8 305 151
0 9 5
611 547 371 159 119
0 3 3
423 144 485
0 12 5
52 284 552 54 432
0 5 1
340
0 4 5
50 116 566 350 250
1 27 1
0
1 15 1
5
1 19 1
7
1 31 1
10
1 16 1
11
1 26 2
14 515
1 17 1
15
1 20 1
22
1 17 2
27 61
1 26 1
30
1 26 1
31
1 5 1
32
1 21 1
36
1 11 2
37 542
1 16 2
41 502
1 7 1
44
1 15 2
46 73
1 16 1
47
1 27 1
48
1 29 2
49 127
1 24 1
53
1 14 1
58
1 17 1
60
1 26 1
62
1 31 1
65
1 23 1
67
1 16 1
68
1 24 1
70
1 23 1
76
1 7 1
78
1 11 1
79
1 26 2
81 122
1 16 1
85
1 9 1
89
1 19 1
90
1 25 1
91
1 22 1
92
1 13 1
95
1 29 1
97
1 17 1
103
1 28 1
105
1 40 1
106
1 34 1
109
1 20 3
110 516 536
1 20 1
113
1 17 1
114
1 10 1
115
1 27 1
117
1 13 1
118
1 13 1
124
1 21 1
130
1 6 1
131
1 28 1
133
1 24 1
136
1 33 2
140 456
1 14 1
142
1 28 1
143
1 29 1
150
1 35 1
152
1 26 1
153
1 6 1
155
1 33 1
156
1 20 1
163
1 24 1
167
1 27 1
168
1 26 1
170
1 15 1
177
1 31 1
178
1 22 1
179
1 29 1
181
1 32 1
183
1 24 1
187
1 25 1
189
1 11 1
191
1 26 1
195
1 23 1
196
1 21 1
198
1 22 1
201
1 20 1
202
1 24 1
204
1 14 1
205
1 22 1
206
1 27 1
207
1 19 1
210
1 19 1
211
1 24 1
214
1 15 1
217
1 36 1
218
1 17 1
221
1 21 1
222
1 19 1
223
1 20 1
225
1 37 1
229
1 23 1
233
1 16 1
234
1 8 1
235
1 15 1
238
1 22 1
244
1 32 1
245
1 25 1
246
1 19 1
247
1 22 1
249
1 18 2
254 299
1 32 1
258
1 10 1
260
1 12 1
261
1 29 1
263
1 11 1
265
1 11 1
268
1 33 1
272
1 5 1
274
1 13 1
277
1 26 1
281
1 7 1
286
1 12 1
288
1 12 1
289
1 34 1
290
1 13 1
306
1 20 1
307
1 34 1
309
1 9 1
310
1 21 1
312
1 14 1
317
1 20 1
319
1 29 1
322
1 26 1
323
1 19 1
324
1 16 2
325 474
1 15 1
326
1 27 1
334
1 6 1
338
1 21 1
339
1 23 1
346
1 11 1
348
1 28 1
349
1 14 1
352
1 5 1
353
1 9 1
357
1 13 1
359
1 35 1
361
1 16 1
364
1 27 1
366
1 24 1
367
1 22 1
369
1 21 1
370
1 24 1
374
1 10 1
375
1 15 1
377
1 29 1
383
1 22 1
384
1 7 1
386
1 13 1
389
1 22 1
394
1 23 1
395
1 18 1
399
1 12 1
400
1 7 1
403
1 11 1
404
1 39 1
405
1 22 1
407
1 27 1
413
1 23 1
414
1 14 1
417
1 15 1
419
1 27 1
420
1 28 2
422 505
1 23 1
424
1 14 1
425
1 10 1
431
1 19 2
434 543
1 25 1
435
1 20 1
441
1 25 1
452
1 31 1
453
1 19 1
455
1 18 1
462
1 14 1
465
1 28 1
467
1 39 1
469
1 19 1
471
1 31 1
472
1 19 1
473
1 30 1
475
1 15 1
476
1 12 1
478
1 22 1
480
1 19 1
481
1 33 1
482
1 16 1
483
1 18 1
484
1 24 1
490
1 10 1
496
1 18 2
498 548
1 12 1
506
1 21 1
511
1 27 1
519
1 23 1
523
1 22 1
525
1 15 1
526
1 23 1
528
1 22 1
532
1 35 1
535
1 24 1
538
1 29 1
539
1 5 1
540
1 23 1
541
1 23 1
545
1 20 1
551
1 21 1
554
1 13 1
561
1 25 1
562
1 19 1
563
1 31 1
565
1 18 1
567
1 23 1
572
1 29 1
575
1 31 1
578
1 24 1
581
1 10 1
582
1 32 1
584
1 9 1
585
1 14 1
587
1 24 1
589
1 23 1
590
1 17 1
594
1 21 1
602
1 27 1
603
1 24 1
604
1 15 1
605
1 18 1
606
1 26 1
607
1 23 1
610
1 23 1
613
1 35 1
614
1 24 1
615
1 17 1
617
1 18 1
624
1 17 1
628
1 18 1
631
1 16 1
635
1 12 1
636
1 15 1
639
1 36 1
640
1 9 1
643
1 32 1
646
1 24 1
647
1 32 1
648
1 30 1
653
1 21 1
655
1 19 1
656
1 31 1
658
1 14 1
659
1 27 1
662
1 15 1
666
1 7 1
669
1 26 1
670
1 27 1
671
1 30 1
673
1 22 1
674
1 14 1
675
1 21 1
679
1 16 1
682
1 24 1
684
1 23 1
687
1 20 1
689
1 25 1
690
1 21 1
691
1 34 1
692
1 10 1
694
1 22 1
698
1 21 1
699
