700 380 1085 20
16 12 3 29 15 28 11 13 2 23 2 2 21 21 25 2 20 1 30 4 15 4 1 30 5 22 21 8 11 20 21 11 7 20 26 28 5 17 28 7 7 28 15 13 14 24 30 20 21 28 30 25 10 20 15 30 20 29 1 12 22 8 21 24 8 29 9 28 7 13 19 24 25 20 18 16 27 14 16 27 16 18 19 19 11 24 10 27 29 12 29 19 6 14 5 24 5 25 20 24 17 27 25 3 13 10 3 16 18 14 23 6 10 12 7 21 19 1 17 15 20 17 29 10 17 28 24 14 7 6 19 25 19 21 4 20 14 5 24 15 28 18 20 29 18 3 19 21 27 6 14 30 17 14 10 5 16 5 4 23 25 10 13 12 2 17 11 21 24 15 11 15 6 20 7 13 11 19 23 5 16 26 17 1 2 8 5 16 26 23 26 4 17 19 21 15 24 13 8 15 28 21 6 11 4 18 25 15 26 5 16 28 3 9 17 10 15 27 2 3 5 29 24 9 10 22 20 10 20 22 8 5 2 13 21 6 25 24 2 30 29 25 20 18 26 11 5 29 11 1 12 1 11 28 24 4 24 4 24 15 17 18 29 7 21 22 4 20 2 5 15 20 28 22 3 14 29 12 3 20 27 29 21 30 11 15 10 6 4 11 18 27 25 26 13 7 6 16 7 30 9 18 22 6 22 23 21 10 7 4 2 8 9 17 22 19 6 20 24 20 14 7 13 29 30 23 24 14 6 23 3 29 19 16 26 4 12 25 23 18 21 7 8 20 10 4 21 12 13 1 2 8 6 14 7 14 21 5 22 4 27 25 11 12 6 21 11 17 15 29 16 11 20 6 22 22 21 7 14 3 18 9 15 22 13 19 29 4 28 22 11 15 16 8 11 25 4 26 2 1 25 3 1 5 11 24 16 25 8 18 20 18 21 15 16 28 21 7 21 6 30 26 25 28 21 11 12 27 13 22 27 10 15 10 11 1 30 6 13 18 30 1 23 20 10 12 13 6 4 28 29 21 21 26 28 23 26 15 23 7 10 21 24 7 1 13 7 22 18 6 15 13 3 29 11 16 10 4 19 15 19 4 22 8 25 6 15 16 23 28 30 26 5 25 7 21 17 21 3 16 17 23 5 15 21 12 22 2 12 20 28 8 1 10 14 17 12 27 11 4 24 8 11 23 9 2 14 20 21 21 16 27 29 9 17 10 16 26 1 2 21 28 13 13 18 29 5 10 7 6 2 30 28 4 22 11 15 19 4 29 17 3 25 27 19 26 27 23 14 12 1 1 1 27 27 10 13 17 28 15 6 26 8 29 5 28 5 5 2 3 28 19 29 21 5 22 28 26 23 30 20 12 12 24 22 18 28 19 16 26 18 17 6 2 17 24 18 23 29 11 15 29 23 23 12 22 23 29 24 13 25 17 5 19 27 7 10 20 30 25 5 7 19 25 3 2 20 29 10 24 1 14 1 6 5 4 23 17 12 19 29 5 1 23 16 7 15 7 15 22 30 4 23 19 5 9 12 11 13 4 16 21 22 29 3 7 21 23 4 23 3 2 26 28 26 9 26 30 4 15
22 23 30 13 30 14 25 24 4 9 29 22 2 22 19 14 27 29 21 19 13 30 19 27 17 3 25 23 8 14 20 12 11 22 9 18 24 13 15 5 22 17 11 22 13 23 1 12 2 16 8 5 4 1 26 3 10 1 26 15 25 19 11 11 11 18 11 8 10 29 20 6 12 11 6 28 19 21 23 23 21 13 5 23 11 28 10 21 26 10 8 15 7 10 15 20 2 27 13 29 6 19 21 14 16 14 29 6 10 22 19 4 6 30 13 8 24 5 9 17 28 19 23 8 25 8 16 20 30 24 25 18 28 27 21 2 3 7 19 24 3 7 19 19 13 30 6 30 1 25 30 22 10 26 15 17 10 5 25 13 14 28 7 24 8 16 11 14 29 24 16 26 16 9 25 17 4 21 3 22 21 9 23 15 7 27 15 26 25 28 28 20 5 22 27 3 4 23 12 2 17 25 9 4 22 19 25 8 18 10 25 2 17 17 19 17 11 9 3 9 19 17 11 6 8 30 11 30 13 20 20 17 26 21 18 13 27 11 17 27 24 10 20 24 22 23 21 19 12 9 29 23 10 29 1 21 22 13 8 3 7 7 13 6 13 9 17 23 9 4 21 5 25 16 26 10 19 5 3 14 7 15 30 15 30 19 14 20 16 26 30 7 25 20 15 25 27 19 17 3 23 21 21 19 2 6 7 30 13 11 7 16 25 9 22 24 12 26 15 19 2 3 7 16 19 21 12 26 14 19 21 21 15 30 4 20 23 13 22 2 26 21 11 16 28 9 24 3 10 11 30 11 3 28 2 18 3 3 28 12 8 27 6 17 24 15 20 23 3 8 25 15 22 18 9 18 5 30 18 15 20 11 7 26 9 13 17 14 11 26 15 14 5 1 21 24 4 1 8 6 23 13 14 3 24 24 16 26 20 14 27 2 14 21 26 9 12 15 9 1 20 19 25 10 19 30 20 28 6 7 4 26 10 6 2 24 14 5 6 1 28 3 1 13 24 1 2 11 22 7 16 5 28 23 10 14 27 9 13 27 19 29 2 10 28 15 28 20 23 25 8 11 11 15 4 1 27 24 28 30 9 26 20 7 28 5 17 20 16 26 2 13 30 6 19 19 5 1 24 2 25 25 5 14 15 12 9 1 25 27 20 5 4 20 23 18 11 6 24 7 3 26 13 5 13 2 11 18 17 25 6 8 24 2 9 25 7 11 1 13 22 13 1 22 2 17 12 3 18 16 5 17 3 7 19 22 18 16 9 12 9 18 21 7 26 17 27 26 15 27 9 20 15 23 14 2 25 4 28 29 4 19 4 13 29 29 30 25 15 11 3 21 3 22 10 27 21 12 27 1 13 7 30 11 17 14 25 12 24 22 7 11 20 1 13 23 29 22 13 9 26 29 9 5 13 30 11 19 24 27 23 23 12 7 23 7 3 30 16 13 23 8 4 8 23 16 22 18 21 23 30 6 11 13 6 13 12 25 11 12 17 10 27 5 18 18 30 17 2 3 5 4 25 28 24 14 21 4 3 9 20 1 25 25 16 27 16 15 9 15 26 2 23 7 29 20 14 15 21 9
0 12 5
456 681 601 40 187
0 3 7
152 584 518 478 664 413 43
0 9 2
598 225
0 14 6
395 612 116 396 138 454
0 11 9
468 673 321 83 169 222 97 492 655
0 12 10
604 74 212 130 224 560 221 297 146 350
0 2 5
254 182 498 332 311
0 1 2
336 339
0 9 2
341 542
0 11 3
473 684 87
0 5 2
354 670
0 12 9
7 174 195 30 393 11 555 432 679
0 14 5
594 270 397 134 214
0 10 3
372 562 469
0 8 7
192 216 122 593 592 585 257
0 20 7
507 253 639 179 514 98 79
0 8 8
88 71 488 578 526 698 25 438
0 3 4
441 650 305 123
0 15 7
329 458 355 568 538 127 284
0 17 7
337 168 672 180 602 197 238
0 5 3
410 124 208
0 17 4
93 668 527 316
0 11 2
177 219
0 15 6
631 81 618 23 198 118
0 19 9
536 248 213 318 220 390 281 147 302
0 11 3
525 17 497
0 14 5
56 133 348 223 307
0 14 5
14 346 376 233 211
0 2 6
408 556 505 573 570 95
0 10 1
466
0 3 2
335 553
0 4 4
657 586 363 405
0 18 4
82 464 430 41
0 3 8
470 688 365 577 353 693 20 479
0 9 9
416 333 582 322 117 264 59 282 359
0 3 1
105
0 16 7
344 636 644 484 6 576 465
0 8 5
312 388 694 599 611
0 11 4
77 383 667 237
0 16 5
106 377 678 202 1
0 7 4
357 690 452 412
0 6 3
300 51 196
0 4 2
3 610
0 6 3
661 685 654
0 15 2
267 607
0 10 4
301 32 449 563
0 10 2
399 662
0 17 2
303 423
0 5 4
269 671 48 166
0 4 7
141 24 230 26 331 55 558
0 14 9
206 173 517 379 255 241 258 367 65
0 16 5
580 150 384 144 418
0 6 3
374 566 663
0 6 9
313 289 699 135 623 624 261 137 286
0 11 4
680 491 608 70
0 19 4
443 439 259 574
0 10 11
651 510 100 314 429 96 579 236 485 421 190
0 19 1
136
0 1 8
504 669 268 285 370 203 278 92
0 17 8
523 531 424 467 635 246 588 642
0 5 3
613 277 459
0 4 2
47 16
0 11 5
675 683 551 360 29
0 5 1
149
0 5 10
323 315 420 660 271 200 402 89 309 509
0 9 3
155 571 205
0 1 2
153 407
0 9 8
228 251 36 296 295 368 38 389
0 5 5
139 326 250 132 342
0 2 5
455 496 583 620 349
0 13 2
646 632
0 13 2
616 511
0 6 1
54
0 8 2
489 291
0 16 5
31 90 696 37 181
0 15 2
178 643
0 13 2
235 110
0 3 5
364 151 537 292 131
0 3 2
522 262
0 19 4
126 164 666 500
0 12 6
158 481 163 288 293 49
0 10 1
447
0 3 3
167 249 215
0 7 8
627 543 596 477 229 451 68 201
0 9 4
358 86 72 590
1 34 1
0
1 15 1
2
1 18 1
4
1 31 1
5
1 15 1
8
1 22 1
9
1 20 1
10
1 23 1
12
1 11 1
13
1 14 1
15
1 16 1
18
1 20 1
19
1 18 1
21
1 7 1
22
1 13 1
27
1 30 1
28
1 34 1
33
1 24 1
34
1 33 1
35
1 23 2
39 176
1 10 1
42
1 29 1
44
1 26 2
45 495
1 28 1
46
1 18 1
50
1 20 1
52
1 29 1
53
1 24 1
57
1 11 1
58
1 11 1
60
1 28 1
61
1 20 1
62
1 8 1
63
1 24 1
64
1 13 2
66 210
1 4 1
67
1 13 1
69
1 18 1
73
1 16 1
75
1 24 1
76
1 9 1
78
1 21 1
80
1 17 1
84
1 21 1
85
1 20 1
91
1 20 1
94
1 28 1
99
1 15 1
101
1 10 2
102 515
1 16 1
103
1 13 1
104
1 25 2
107 569
1 25 1
108
1 15 1
109
1 21 1
111
1 20 1
112
1 38 1
113
1 17 1
114
1 29 1
115
1 16 1
119
1 13 1
120
1 22 1
121
1 20 1
125
1 15 1
128
1 22 2
129 386
1 13 1
140
1 23 1
142
1 11 1
143
1 19 1
145
1 12 1
148
1 24 1
154
1 17 1
156
1 16 1
157
1 20 1
159
1 29 1
160
1 16 1
161
1 13 1
162
1 20 1
165
1 29 1
170
1 23 1
171
1 13 1
172
1 8 1
175
1 11 1
183
1 11 1
184
1 19 2
185 697
1 27 1
186
1 20 1
188
1 19 1
189
1 14 1
191
1 9 1
193
1 22 1
194
1 14 1
199
1 14 1
204
1 28 1
207
1 20 2
209 649
1 23 1
217
1 16 1
218
1 9 1
226
1 29 1
227
1 8 1
231
1 27 1
232
1 23 1
234
1 25 1
239
1 20 1
240
1 10 1
242
1 35 1
243
1 20 1
244
1 26 1
245
1 20 1
247
1 27 1
252
1 12 1
256
1 24 1
260
1 36 1
263
1 35 1
265
1 17 1
266
1 29 1
272
1 18 1
273
1 14 1
274
1 25 1
275
1 6 1
276
1 35 1
279
1 20 1
280
1 19 2
283 482
1 24 1
287
1 20 1
290
1 20 1
294
1 6 1
298
1 28 1
299
1 17 1
304
1 21 2
306 516
1 21 1
308
1 13 1
310
1 21 1
317
1 18 1
319
1 29 1
320
1 29 1
324
1 28 1
325
1 11 1
327
1 9 1
328
1 32 1
330
1 25 1
334
1 7 1
338
1 24 1
340
1 28 1
343
1 23 1
345
1 33 1
347
1 15 1
351
1 21 1
352
1 17 1
356
1 13 1
361
1 28 1
362
1 30 1
366
1 18 1
369
1 17 1
371
1 35 1
373
1 23 1
375
1 18 1
378
1 10 1
380
1 26 1
381
1 23 1
382
1 35 1
385
1 7 1
387
1 18 1
391
1 23 1
392
1 19 1
394
1 19 1
398
1 16 1
400
1 14 1
401
1 17 1
403
1 18 1
404
1 6 1
406
1 7 1
409
1 17 1
411
1 8 1
414
1 17 1
415
1 13 1
417
1 6 1
419
1 31 1
422
1 20 1
425
1 32 1
426
1 9 2
427 501
1 22 2
428 494
1 18 1
431
1 30 1
433
1 16 1
434
1 11 1
435
1 20 1
436
1 22 1
437
1 10 1
440
1 16 1
442
1 23 1
444
1 14 1
445
1 7 2
446 559
1 22 1
448
1 21 1
450
1 12 1
453
1 30 1
457
1 23 1
460
1 12 1
461
1 24 1
462
1 26 1
463
1 26 1
471
1 12 1
472
1 12 1
474
1 30 1
475
1 19 1
476
1 16 1
480
1 18 1
483
1 24 1
486
1 23 1
487
1 8 1
490
1 26 1
493
1 12 1
499
1 13 1
502
1 18 1
503
1 28 1
506
1 19 2
508 528
1 28 1
512
1 21 1
513
1 17 1
519
1 29 1
520
1 33 1
521
1 23 1
524
1 23 1
529
1 26 1
530
1 22 1
532
1 25 1
533
1 7 1
534
1 22 1
535
1 17 1
539
1 22 1
540
1 24 1
541
1 15 1
544
1 29 1
545
1 20 1
546
1 17 1
547
1 37 1
548
1 20 1
549
1 11 1
550
1 28 1
552
1 20 1
554
1 22 1
557
1 18 1
561
1 16 1
564
1 26 1
565
1 15 1
567
1 33 1
572
1 6 1
575
1 17 1
581
1 24 1
587
1 25 1
589
1 25 1
591
1 11 1
595
1 16 1
597
1 28 1
600
1 21 1
603
1 16 1
605
1 16 1
606
1 9 1
609
1 21 1
614
1 16 1
615
1 20 1
617
1 6 1
619
1 10 1
621
1 32 1
622
1 31 1
625
1 29 1
626
1 20 1
628
1 10 1
629
1 19 1
630
1 14 1
633
1 13 1
634
1 13 1
637
1 31 1
638
1 17 1
640
1 7 1
641
1 21 1
645
1 21 1
647
1 16 1
648
1 29 1
652
1 31 1
653
1 27 1
656
1 16 1
658
1 17 1
659
1 23 1
665
1 31 1
674
1 23 1
676
1 21 1
677
1 4 1
682
1 22 1
686
1 7 1
687
1 19 1
689
1 12 1
691
1 20 1
692
1 21 1
695
