800 380 1240 18
24 29 1 19 12 6 27 20 7 15 26 5 18 29 19 20 5 26 28 13 13 27 25 10 22 25 21 27 15 3 4 12 25 3 15 17 20 20 13 3 19 13 14 15 15 4 22 11 7 6 5 10 7 16 29 23 30 19 19 16 12 10 8 17 23 2 12 30 12 15 6 11 18 21 27 14 27 19 29 1 23 4 4 16 8 17 14 18 13 23 22 23 8 2 1 11 3 9 30 14 14 1 18 26 16 11 24 24 9 16 24 15 8 10 3 11 7 24 5 2 30 18 13 20 7 25 19 9 29 22 11 8 11 18 27 22 6 29 5 19 20 27 2 10 12 4 3 16 9 23 23 21 10 11 1 8 10 28 25 17 27 15 28 14 9 7 19 19 7 28 14 20 19 9 27 19 2 5 26 7 4 17 3 7 21 26 20 4 5 13 19 1 8 25 23 27 18 15 12 3 18 11 22 24 19 15 6 9 1 27 19 2 6 1 1 27 29 22 2 20 24 4 12 1 21 23 4 6 7 27 10 8 8 21 25 14 16 21 15 15 2 21 1 5 26 10 7 19 2 9 19 6 1 30 10 30 12 7 2 18 24 7 29 29 19 20 19 25 4 2 12 11 7 19 9 25 1 3 10 20 7 24 13 23 9 26 2 16 20 10 15 26 26 16 24 6 10 8 26 27 12 11 30 2 21 11 27 20 13 26 24 13 1 16 18 16 9 9 9 8 22 23 24 27 9 22 9 23 23 17 10 6 6 19 28 2 18 27 20 27 4 20 26 17 12 14 10 7 22 25 15 9 4 14 2 11 6 10 22 7 1 6 23 15 24 26 18 18 16 2 25 3 17 27 14 10 10 29 15 13 23 27 18 8 17 1 13 11 9 15 26 26 6 2 9 3 25 11 9 8 21 11 18 21 21 19 5 30 11 7 12 10 18 9 30 26 30 21 11 3 5 25 8 23 17 17 14 9 1 22 14 16 13 20 1 6 4 14 17 6 8 1 16 7 6 6 8 17 9 19 20 24 15 20 10 30 23 4 8 6 3 21 5 21 23 28 27 7 14 13 29 29 20 20 4 12 14 8 10 23 17 1 16 29 28 18 8 25 24 1 9 26 3 8 4 1 27 14 18 18 1 13 20 28 14 1 11 17 29 19 1 15 17 22 15 28 6 24 13 17 17 25 15 28 30 23 11 18 4 1 27 9 23 16 28 1 20 9 17 8 27 12 4 3 29 20 6 27 4 26 12 30 6 28 9 20 21 4 12 30 3 8 25 29 30 14 19 26 8 27 29 30 20 27 23 21 7 27 12 13 5 24 19 23 1 6 2 24 2 5 15 19 18 20 6 6 19 17 16 16 24 4 18 5 9 9 30 4 23 14 12 15 13 14 19 21 17 22 22 2 26 5 19 18 10 9 15 10 15 21 10 18 3 15 28 24 21 8 18 9 29 6 7 23 2 4 4 12 17 23 3 18 19 14 5 9 29 25 11 28 20 21 25 5 24 30 10 8 3 24 15 14 16 10 22 7 15 27 4 3 28 21 28 15 6 1 3 12 2 10 9 28 29 2 25 30 14 28 11 26 4 5 3 5 1 5 24 13 17 29 15 10 24 12 4 7 26 5 9 14 27 8 13 30 8 11 3 12 17 11 22 27 24 1 16 24 23 30 10 14 24 4 5 1 26 24 9 22 20 28 14 6 9 16 22 10 18 1 20 29 27 23 18 4 14 13 3 18 22 3 16 11 16 10 6 8 15 27 16 8 9 2 10 28 9 2 14 17 4 17 24 29 3 15 19 7 23 2 11 18
2 2 7 8 9 21 2 12 23 14 19 22 6 7 4 6 5 4 1 6 30 18 20 23 23 25 14 19 3 1 30 24 7 16 18 24 16 16 6 19 7 15 24 28 27 8 21 13 13 22 30 13 17 21 23 19 4 6 22 7 13 16 7 3 20 28 5 4 27 17 11 6 24 24 1 22 19 7 16 14 15 14 4 6 19 22 2 4 15 21 16 29 16 21 12 26 16 30 16 3 1 24 12 4 1 28 30 21 29 5 25 4 13 14 14 6 11 19 20 25 25 17 4 10 9 19 22 24 13 3 3 22 19 3 23 24 10 2 1 4 6 17 10 15 27 13 10 12 9 30 21 29 20 19 6 20 13 6 15 6 1 14 6 4 17 5 23 24 11 12 19 13 13 25 16 20 15 27 25 27 4 3 17 28 19 12 25 13 6 12 3 3 18 9 15 2 21 26 14 30 18 24 6 6 12 7 21 7 11 9 16 27 28 16 2 14 19 14 5 13 27 27 3 21 9 17 10 5 30 14 14 13 8 21 12 26 5 27 25 28 16 30 26 2 6 28 25 26 22 26 30 8 23 25 23 6 29 1 22 14 13 22 28 21 30 17 6 18 18 20 16 1 9 21 27 29 10 27 19 25 20 28 26 6 25 22 23 2 19 20 5 15 18 1 29 22 1 27 1 12 2 13 13 9 28 11 13 23 27 6 12 15 24 16 10 23 15 26 22 8 26 19 1 5 29 2 23 18 20 24 27 19 24 2 30 5 11 8 6 28 14 22 5 12 20 9 9 20 20 18 16 17 30 28 20 18 29 10 24 17 3 14 28 12 21 11 1 30 26 26 15 20 27 1 14 12 13 7 2 10 9 30 1 29 12 2 7 11 17 15 27 30 21 16 21 29 9 3 4 6 15 3 19 21 30 20 2 2 7 5 24 25 20 6 1 13 23 25 13 28 2 16 13 9 28 2 14 22 8 10 15 12 25 21 10 19 24 15 13 25 12 9 2 15 19 12 9 11 4 18 26 12 27 23 4 12 22 23 8 22 26 13 24 14 18 24 9 25 20 12 10 7 30 23 16 22 1 5 21 19 30 7 4 5 1 5 7 7 22 3 6 1 3 27 30 18 27 7 13 23 6 11 28 26 14 8 2 30 22 2 22 18 11 1 19 26 25 20 2 18 19 12 10 20 3 14 12 10 15 13 6 4 18 26 8 3 2 2 20 22 23 10 10 27 7 26 17 9 25 30 27 7 25 2 27 29 24 5 5 27 15 11 17 4 11 28 17 10 9 21 26 23 26 16 27 15 1 17 13 27 18 13 9 26 28 3 14 11 10 6 12 9 14 5 26 12 16 15 5 14 6 14 1 27 8 5 7 15 27 3 6 26 24 21 17 5 14 11 27 19 19 7 8 29 1 28 28 16 21 16 3 11 13 10 29 23 26 4 15 1 10 14 26 25 19 28 3 5 12 28 17 3 25 4 19 10 25 4 13 29 7 20 22 5 8 12 1 13 16 6 7 18 7 3 6 25 10 3 18 15 16 25 30 20 28 5 12 7 23 17 13 12 6 21 18 25 22 12 8 17 26 9 17 24 5 12 19 5 25 18 1 25 22 17 1 26 12 30 10 10 10 22 11 7 25 20 10 18 23 8 13 8 19 5 16 5 22 27 25 2 1 19 28 17 15 7 11 16 13 28 29 23 27 7 23 12 27 26 16 7 19 21 14 3 10 22 18 16 8 13 26 14 3 2 9 25 24 26 12 2 12 7 22 9 30 21 21 7 28 30 3 30 10 19 5 26 4 11 17 6
0 4 4
354 740 201 291
0 10 4
207 162 25 277
0 12 10
199 389 538 135 527 724 97 560 266 303
0 7 1
102
0 2 7
672 462 660 16 348 82 771
0 10 2
440 252
0 11 2
391 186
0 11 10
773 570 194 550 411 228 331 722 521 68
0 18 4
781 406 747 305
0 9 2
424 449
0 13 1
212
0 17 2
335 65
0 17 4
653 234 408 83
0 16 3
232 789 717
0 16 4
31 544 105 311
0 4 8
582 762 172 78 154 77 468 300
0 10 6
130 725 591 571 44 667
0 17 10
134 566 443 438 422 327 553 224 95 30
0 18 5
112 520 554 671 278
0 12 6
80 516 681 627 344 170
0 18 4
366 235 230 625
0 12 3
297 271 139
0 3 8
561 137 691 661 21 298 595 748
0 3 13
376 707 798 792 457 43 502 774 88 466 652 8 726
0 13 2
101 511
0 14 2
630 464
0 15 6
509 66 259 754 284 767
0 15 9
506 596 313 576 240 427 715 173 499
0 20 4
556 601 47 400
0 15 10
755 708 685 114 460 459 256 737 84 106
0 20 3
731 608 390
0 1 10
268 118 58 29 285 233 790 791 191 547
0 7 7
64 416 739 388 281 665 534
0 5 8
716 646 276 279 587 100 20 659
0 3 7
650 504 380 55 79 120 59
0 13 2
507 518
0 13 10
619 12 780 651 487 187 505 782 161 733
0 18 3
458 654 645
0 19 4
341 706 522 678
0 15 2
131 481
0 8 9
410 430 564 379 734 368 220 788 635
0 5 6
785 442 623 289 397 647
0 3 8
1 529 434 494 138 17 371 485
0 6 3
221 563 453
0 15 6
151 18 202 334 90 435
0 2 4
158 345 324 605
0 5 3
760 562 535
0 7 9
87 533 241 57 180 251 219 126 642
0 14 3
248 328 393
0 11 9
489 404 657 362 359 558 124 574 33
0 6 11
282 223 378 639 337 778 730 611 294 107 604
0 5 3
258 46 50
0 3 9
420 714 616 670 433 528 184 549 588
0 19 10
113 732 181 590 254 455 580 193 208 702
0 7 8
769 360 756 168 319 246 369 250
0 13 6
783 519 680 413 456 195
0 6 3
474 312 493
0 8 11
301 310 515 763 247 612 467 5 286 688 262
0 6 6
343 175 263 421 267 375
0 6 4
176 253 295 752
0 8 4
631 270 4 32
0 15 1
689
0 19 6
585 185 675 573 439 141
0 1 5
699 351 306 231 426
0 3 4
545 656 364 349
0 14 6
99 581 160 662 0 156
0 8 8
296 445 501 85 261 332 709 736
0 9 9
609 53 309 484 363 764 557 640 479
0 20 2
568 569
0 13 2
287 355
0 20 12
86 697 491 24 386 523 358 373 539 272 403 418
0 14 11
701 532 508 89 436 372 52 537 238 317 304
0 7 12
45 74 482 451 157 196 463 599 127 441 56 73
0 9 4
472 655 115 673
0 18 8
712 610 395 577 383 450 14 280
0 2 4
275 374 402 469
0 7 9
7 179 206 777 144 624 669 405 132
0 20 3
367 476 633
0 2 3
683 530 398
0 11 10
200 290 677 428 423 147 575 257 488 237
0 11 2
594 35
0 9 4
183 461 174 365
0 10 5
705 431 638 758 720
0 1 9
745 274 606 203 6 626 452 415 255
0 17 2
559 192
0 8 3
690 28 490
0 11 2
496 478
0 15 2
621 382
1 7 1
2
1 33 1
3
1 14 1
9
1 20 1
10
1 23 1
11
1 15 1
13
1 28 1
15
1 23 1
19
1 27 2
22 293
1 25 1
23
1 34 1
26
1 14 1
27
1 8 1
34
1 28 1
36
1 24 1
37
1 21 1
38
1 19 1
39
1 28 1
40
1 13 1
41
1 16 1
42
1 20 1
48
1 19 1
49
1 23 1
51
1 21 2
54 381
1 13 1
60
1 33 1
61
1 16 1
62
1 25 1
63
1 29 2
67 72
1 9 1
69
1 22 2
70 483
1 20 1
71
1 14 1
75
1 14 2
76 794
1 32 1
81
1 20 1
91
1 10 1
92
1 26 1
93
1 28 1
94
1 18 1
96
1 33 1
98
1 20 1
103
1 16 1
104
1 35 1
108
1 22 1
109
1 16 1
110
1 27 1
111
1 10 1
116
1 9 2
117 741
1 15 1
119
1 19 1
121
1 25 1
122
1 14 1
123
1 33 1
125
1 15 1
128
1 12 1
129
1 36 1
133
1 28 1
136
1 16 1
140
1 25 1
142
1 7 1
143
1 19 1
145
1 14 1
146
1 15 1
148
1 23 1
149
1 8 1
150
1 11 1
152
1 22 1
153
1 27 1
155
1 28 1
159
1 22 2
163 330
1 24 1
164
1 33 1
165
1 9 1
166
1 39 1
167
1 16 1
169
1 35 1
171
1 25 1
177
1 26 1
178
1 18 1
182
1 29 1
188
1 16 1
189
1 9 1
190
1 25 1
197
1 23 1
198
1 17 1
204
1 26 1
205
1 37 1
209
1 4 1
210
1 23 1
211
1 31 1
213
1 21 1
214
1 23 1
215
1 16 1
216
1 21 1
217
1 13 1
218
1 14 1
222
1 23 1
225
1 24 1
226
1 20 1
227
1 26 1
229
1 27 1
236
1 26 1
239
1 23 1
242
1 25 1
243
1 24 1
244
1 26 1
245
1 8 1
249
1 24 1
260
1 11 1
264
1 26 1
265
1 9 1
269
1 24 1
273
1 27 1
283
1 17 1
288
1 25 1
292
1 19 1
299
1 26 1
302
1 16 1
307
1 23 1
308
1 30 3
314 700 761
1 35 1
315
1 10 1
316
1 12 1
318
1 34 1
320
1 21 1
321
1 4 1
322
1 29 2
323 548
1 32 1
325
1 22 1
326
1 26 1
329
1 14 1
333
1 6 1
336
1 18 1
338
1 25 1
339
1 18 1
340
1 6 1
342
1 8 1
346
1 16 1
347
1 27 1
350
1 17 1
352
1 31 1
353
1 15 1
356
1 27 1
357
1 16 1
361
1 20 1
370
1 17 1
377
1 35 1
384
1 31 1
385
1 13 1
387
1 28 1
392
1 16 1
394
1 20 1
396
1 39 2
399 757
1 14 1
401
1 18 1
407
1 18 1
409
1 31 1
412
1 22 1
414
1 14 1
417
1 15 1
419
1 27 1
425
1 24 1
429
1 21 1
432
1 9 1
437
1 34 1
444
1 17 1
446
1 16 1
447
1 35 1
448
1 18 1
454
1 34 1
465
1 26 1
470
1 17 2
471 772
1 35 1
473
1 12 1
475
1 22 1
477
1 23 1
480
1 13 1
486
1 14 1
492
1 17 1
495
1 23 1
497
1 15 1
498
1 13 1
500
1 29 1
503
1 21 1
510
1 22 1
512
1 22 1
513
1 17 1
514
1 20 1
517
1 23 1
524
1 13 1
525
1 17 1
526
1 17 1
531
1 12 1
536
1 21 1
540
1 32 1
541
1 13 1
542
1 27 1
543
1 20 1
546
1 22 1
551
1 8 1
552
1 22 1
555
1 26 1
565
1 32 1
567
1 20 1
572
1 25 1
578
1 11 1
579
1 22 1
583
1 4 1
584
1 9 1
586
1 34 1
589
1 29 1
592
1 26 1
593
1 28 1
597
1 32 1
598
1 22 1
600
1 16 1
602
1 30 1
603
1 13 1
607
1 5 1
613
1 7 1
614
1 10 1
615
1 23 1
617
1 27 1
618
1 17 1
620
1 8 1
622
1 11 1
628
1 16 1
629
1 16 1
632
1 24 1
634
1 14 1
636
1 15 1
637
1 17 1
641
1 28 1
643
1 12 1
644
1 28 1
648
1 23 1
649
1 10 1
658
1 30 1
663
1 3 1
664
1 25 1
666
1 16 1
668
1 25 2
674 718
1 16 1
676
1 23 1
679
1 23 1
682
1 13 1
684
1 20 1
686
1 27 1
687
1 16 1
692
1 24 1
693
1 18 1
694
1 15 1
695
1 22 1
696
1 22 1
698
1 9 1
703
1 38 1
704
1 16 1
710
1 20 1
711
1 31 1
713
1 31 1
719
1 36 1
721
1 26 1
723
1 23 1
727
1 18 1
728
1 13 1
729
1 31 1
735
1 8 1
738
1 18 1
742
1 31 1
743
1 23 1
744
1 21 1
746
1 20 1
749
1 16 1
750
1 11 1
751
1 17 1
753
1 6 1
759
1 21 1
765
1 4 1
766
1 19 1
768
1 18 1
770
1 26 1
775
1 25 1
776
1 33 1
779
1 34 1
784
1 18 1
786
1 30 1
787
1 25 1
793
1 22 1
795
1 28 1
796
1 12 1
797
1 30 1
799
