800 400 1240 18
17 10 13 12 28 5 30 23 30 6 15 8 18 24 23 28 11 20 18 1 26 7 18 29 14 16 28 21 7 9 8 19 28 30 28 18 25 21 18 21 18 23 29 27 26 18 12 12 18 16 6 20 29 24 2 12 26 29 29 14 3 12 9 19 23 8 27 7 5 29 26 16 27 23 28 15 22 28 18 23 25 21 22 24 29 3 21 22 6 15 15 8 6 27 26 2 22 29 11 17 8 5 8 4 3 8 3 16 14 22 10 19 12 23 6 30 2 18 25 13 29 29 20 11 28 23 20 3 24 6 28 2 22 15 19 3 18 20 28 13 30 28 15 20 2 28 12 16 2 10 6 21 29 19 20 6 3 6 28 26 2 6 6 12 24 24 8 27 4 23 25 4 5 20 21 15 30 10 12 8 21 13 23 5 24 12 11 27 16 23 10 30 25 4 27 22 4 30 17 9 23 14 23 3 13 3 9 25 9 4 27 27 10 22 21 21 13 25 17 22 14 10 11 16 19 22 24 23 14 25 15 27 12 21 6 28 4 29 4 7 21 14 13 5 24 19 6 24 21 24 22 13 3 5 7 20 7 12 15 4 1 3 14 15 15 8 24 11 2 10 27 2 13 7 20 7 8 25 22 4 18 12 17 15 15 7 22 21 19 20 2 30 4 12 1 7 1 30 11 24 25 8 5 8 4 7 1 25 25 25 12 8 7 25 8 16 17 15 22 28 7 25 9 18 11 12 26 20 13 21 8 27 7 16 29 1 29 22 14 4 28 25 11 8 11 7 14 17 16 2 11 23 29 22 26 25 28 30 5 14 25 26 30 8 26 30 3 9 17 18 1 25 25 1 30 22 22 12 18 27 15 16 2 6 21 8 11 20 22 22 18 12 4 1 13 14 9 6 1 25 18 13 4 4 28 22 26 4 9 1 27 19 9 8 10 18 15 29 2 10 11 5 29 12 17 10 24 29 1 26 15 1 11 19 3 23 9 26 21 2 15 4 12 19 9 15 9 12 18 7 23 19 30 11 8 20 29 30 6 21 23 6 19 26 18 13 5 14 27 29 1 26 26 17 1 11 22 30 12 21 3 16 1 1 15 10 21 28 23 4 23 10 5 25 2 15 8 28 18 22 6 13 30 6 9 18 18 29 17 27 5 18 16 1 13 24 29 11 8 15 15 22 27 14 24 3 30 25 21 2 8 24 26 25 17 6 16 27 20 1 5 22 15 10 5 9 17 16 5 20 18 5 28 5 22 3 20 3 18 16 23 10 16 9 30 17 3 25 7 16 11 26 17 16 2 7 29 6 27 11 30 19 16 25 18 25 23 28 14 22 13 27 15 7 21 20 27 29 8 11 3 6 24 29 1 11 30 8 19 9 24 10 1 5 3 2 1 5 9 12 15 25 16 18 1 10 17 15 27 10 28 9 28 27 2 27 15 12 12 14 7 10 22 8 22 26 2 27 13 2 14 3 21 25 13 19 2 3 5 25 13 29 19 28 5 30 28 5 26 5 24 6 28 28 19 19 7 1 11 17 11 30 14 15 4 6 13 9 30 1 19 7 18 10 1 23 15 5 9 2 9 17 15 18 21 30 3 26 16 30 26 27 16 21 25 28 9 6 14 30 21 16 28 2 12 9 8 10 23 19 16 24 28 3 17 25 3 29 16 12 7 29 1 21 20 29 28 20 29 16 18 14 4 19 5 19 10 10 16 4 27 3 2 20 13 30 13 22 23 19 3 7 16 28 13 21 18 3 18 5 22 5 5 8 27 2 28 2 1 19 9 30 29 4 1 24 25 24 3 26
21 20 17 11 6 26 3 22 18 25 1 19 9 4 23 27 19 29 4 17 28 1 26 27 15 19 4 22 14 7 30 13 13 14 16 1 30 24 10 16 29 21 19 30 27 25 16 6 7 27 24 24 25 21 16 9 30 27 3 2 6 25 11 25 24 6 25 2 4 11 30 29 22 30 21 28 19 21 25 10 2 2 13 23 22 14 2 30 23 28 3 30 10 23 10 12 10 28 17 14 20 28 29 7 4 9 30 1 29 13 13 14 30 24 5 5 6 18 3 19 13 8 7 26 13 14 11 26 11 7 4 14 30 24 16 5 16 20 10 4 12 18 19 7 13 11 13 5 17 21 8 1 30 3 12 17 10 7 19 28 28 13 18 11 26 22 10 15 6 14 8 13 14 22 1 2 8 22 18 13 1 3 6 6 5 23 17 22 22 20 27 21 29 17 11 27 26 15 10 3 17 1 1 17 23 15 6 19 19 1 20 12 25 20 19 4 12 20 4 10 6 26 6 2 19 24 21 23 26 24 4 20 11 14 4 23 5 3 14 12 24 13 18 29 2 11 26 25 11 16 6 14 2 14 21 15 26 22 22 19 6 27 2 3 5 22 11 26 14 29 21 22 21 3 16 6 16 7 7 23 11 11 2 20 10 10 12 23 11 20 2 3 10 22 29 19 28 19 12 11 28 22 29 7 16 12 13 29 8 21 12 24 23 8 8 11 18 19 28 23 14 28 14 15 4 7 4 6 27 10 21 21 19 13 24 22 4 13 18 10 22 29 28 12 10 8 4 4 1 24 3 13 13 24 21 7 16 1 25 10 1 8 2 3 23 24 2 23 20 7 17 16 2 6 9 25 1 9 4 13 28 25 18 23 16 25 16 18 17 15 13 25 21 7 15 18 16 6 8 23 5 26 4 10 30 7 15 18 25 21 8 14 21 13 27 2 20 27 2 24 6 1 20 13 6 9 21 6 30 18 3 5 12 4 2 20 9 8 21 21 27 19 20 29 1 7 19 6 6 27 3 24 23 12 24 16 24 5 8 25 7 22 20 27 10 20 13 17 11 13 27 10 15 22 5 15 7 25 15 27 23 10 1 1 29 8 2 1 25 7 6 8 3 4 30 18 18 18 27 25 21 20 4 27 28 14 3 30 23 21 5 17 2 8 17 3 27 9 16 3 27 29 16 12 26 3 8 29 3 22 6 3 15 11 27 22 4 7 27 28 29 21 25 12 6 8 12 15 27 19 21 27 22 17 15 26 7 2 27 20 11 2 27 4 20 15 2 6 14 28 22 10 21 6 28 5 17 5 23 11 28 11 4 1 26 26 6 17 20 16 8 26 8 15 17 21 8 13 30 12 3 8 12 8 29 4 3 13 15 30 7 5 23 3 14 9 7 7 10 3 28 17 19 18 17 26 29 8 2 10 19 1 19 7 12 18 9 18 14 10 8 24 14 2 21 4 1 30 14 29 28 17 30 6 12 8 13 1 27 18 29 11 17 20 18 17 25 7 17 18 18 22 4 29 17 15 26 21 10 5 17 19 27 5 6 28 15 22 29 12 5 7 28 25 12 14 4 23 9 19 23 29 8 1 24 11 15 5 21 9 13 16 7 19 6 29 1 28 17 22 25 30 30 17 27 2 17 20 2 18 18 24 2 1 10 19 24 10 13 22 20 18 9 2 4 11 21 5 7 6 21 9 3 6 9 3 22 26 21 26 9 2 14 5 17 20 27 8 6 6 15 14 30 4 30 19 11 26 3 18 24 21 23 14 20 24 4 22 24 24 28 11 7 20 22 11 2 3 4 21
0 7 3
733 325 239
0 16 1
586
0 11 8
648 308 471 674 563 601 142 83
0 1 11
170 269 317 466 620 598 275 261 394 181 611
0 5 3
449 336 28
0 14 2
212 415
0 2 6
183 42 751 792 11 673
0 18 5
621 149 380 243 461
0 20 7
345 538 442 499 667 445 33
0 3 6
772 794 260 505 575 608
0 13 3
596 544 54
0 15 8
84 432 208 446 353 184 487 560
0 10 2
340 423
0 9 8
351 132 691 246 160 179 490 218
0 17 9
676 205 67 53 549 413 653 235 138
0 11 2
6 756
0 17 3
271 378 216
0 8 6
422 97 169 488 628 163
0 10 2
685 159
0 5 5
626 389 284 162 196
0 3 2
211 689
0 8 8
333 80 253 346 763 479 629 137
0 18 3
123 671 25
0 19 3
448 688 126
0 3 10
428 615 296 728 82 489 50 37 567 387
0 9 5
276 77 320 247 589
0 11 1
775
0 2 12
305 146 397 222 307 270 565 767 618 375 330 101
0 16 3
347 18 514
0 18 8
582 285 64 624 258 365 103 782
0 7 8
356 773 444 609 214 24 244 468
0 4 1
659
0 7 11
700 743 202 59 594 175 366 672 540 730 104
0 9 8
647 121 78 640 3 298 204 515
0 18 7
450 716 704 572 332 95 711
0 13 8
543 221 470 344 748 226 219 484
0 19 8
237 512 646 12 725 128 500 129
0 12 1
360
0 12 2
713 501
0 17 2
790 283
0 7 2
191 419
0 8 4
313 312 21 427
0 20 6
507 417 65 513 481 472
0 18 2
373 255
0 8 5
723 358 491 39 440
0 1 2
562 669
0 12 10
367 686 409 309 131 182 161 224 106 223
0 17 10
107 71 604 735 400 638 521 456 493 232
0 20 4
407 508 453 124
0 4 4
698 91 144 301
0 11 5
266 115 4 157 186
0 4 4
435 780 314 627
0 14 6
579 176 784 693 27 379
0 2 9
587 650 553 335 525 45 696 38 566
0 15 8
352 227 430 8 164 527 652 198
0 20 6
524 40 122 390 249 256
0 2 5
643 140 747 133 96
0 19 2
465 382
0 1 6
547 729 26 467 338 134
0 17 2
504 492
0 7 6
516 168 536 177 683 52
0 3 9
765 574 502 571 411 774 44 343 675
0 7 6
570 114 721 386 412 289
0 5 5
288 47 758 717 545
0 8 6
231 655 398 171 319 158
0 12 7
722 697 680 523 302 381 425
0 1 6
322 633 1 248 736 454
0 16 3
530 622 656
0 10 3
451 766 113
0 1 11
715 156 112 73 192 753 282 731 292 623 189
0 2 5
150 580 662 475 583
0 18 4
30 116 555 727
0 2 10
215 87 799 603 56 46 552 779 334 393
0 9 7
299 220 781 482 331 405 757
0 13 7
108 699 75 238 695 660 19
0 11 12
300 151 665 41 532 383 494 245 441 719 371 677
0 3 7
408 573 32 534 744 194 424
0 4 2
463 528
0 3 11
311 225 111 49 768 755 771 361 5 399 592
0 12 1
762
0 19 2
234 60
0 5 8
712 458 522 709 434 153 277 58
0 2 4
550 254 607 789
0 2 7
120 649 600 439 770 455 568
0 16 2
66 395
1 19 1
0
1 12 1
2
1 17 1
7
1 6 1
9
1 17 1
10
1 28 1
13
1 5 1
14
1 5 1
15
1 21 1
16
1 10 1
17
1 37 1
20
1 25 1
22
1 26 1
23
1 15 1
29
1 19 1
31
1 19 1
34
1 34 1
35
1 23 1
36
1 24 1
43
1 17 1
48
1 22 2
51 750
1 20 1
55
1 24 1
57
1 31 2
61 420
1 29 2
62 90
1 24 1
63
1 21 1
68
1 27 1
69
1 9 1
70
1 19 1
72
1 34 1
74
1 35 1
76
1 20 1
79
1 36 2
81 281
1 30 1
85
1 4 1
86
1 21 2
88 429
1 37 1
89
1 20 1
92
1 5 1
93
1 23 1
94
1 32 1
98
1 7 1
99
1 26 1
100
1 22 1
102
1 33 1
105
1 25 1
109
1 21 1
110
1 36 1
117
1 21 1
118
1 14 1
119
1 20 1
125
1 22 1
127
1 11 1
130
1 10 2
135 595
1 7 1
136
1 10 1
139
1 25 1
141
1 23 1
143
1 10 1
145
1 13 1
147
1 24 2
148 752
1 21 1
152
1 17 1
154
1 31 1
155
1 21 2
165 188
1 23 1
166
1 29 1
167
1 12 1
172
1 28 1
173
1 8 1
174
1 22 1
178
1 27 1
180
1 22 1
185
1 4 1
187
1 27 1
190
1 10 1
193
1 37 1
195
1 4 1
197
1 12 1
199
1 11 1
200
1 8 1
201
1 25 1
203
1 31 1
206
1 22 1
207
1 28 1
209
1 17 1
210
1 5 1
213
1 38 1
217
1 11 1
228
1 35 1
229
1 20 2
230 546
1 26 1
233
1 3 1
236
1 16 1
240
1 13 3
241 357 617
1 34 1
242
1 24 1
250
1 33 1
251
1 20 1
252
1 16 2
257 478
1 11 1
259
1 38 1
262
1 17 1
263
1 22 1
264
1 19 1
265
1 37 2
267 503
1 28 1
268
1 11 1
272
1 12 1
273
1 31 2
274 376
1 15 1
278
1 35 1
279
1 4 1
280
1 6 1
286
1 22 1
287
1 15 1
290
1 28 1
291
1 25 1
293
1 10 1
294
1 25 1
295
1 21 1
297
1 7 1
303
1 16 1
304
1 17 1
306
1 8 1
310
1 33 1
315
1 21 1
316
1 19 1
318
1 34 1
321
1 34 1
323
1 20 1
324
1 25 1
326
1 21 1
327
1 5 1
328
1 35 2
329 363
1 19 1
337
1 16 1
339
1 27 1
341
1 26 1
342
1 28 1
348
1 22 1
349
1 36 1
350
1 28 1
354
1 30 1
355
1 20 1
359
1 17 1
362
1 30 1
364
1 26 1
368
1 29 1
369
1 22 1
370
1 19 1
372
1 14 1
374
1 13 1
377
1 15 1
384
1 14 1
385
1 11 1
388
1 16 1
391
1 20 1
392
1 27 1
396
1 22 1
401
1 4 1
402
1 25 1
403
1 9 1
404
1 11 1
406
1 6 1
410
1 16 1
414
1 4 1
416
1 5 1
418
1 12 1
421
1 37 1
426
1 23 1
431
1 29 1
433
1 20 1
436
1 8 1
437
1 16 1
438
1 12 2
443 657
1 25 2
447 692
1 15 1
452
1 35 1
457
1 17 1
459
1 15 1
460
1 13 1
462
1 20 1
464
1 29 1
469
1 15 1
473
1 39 2
474 511
1 31 1
476
1 18 1
477
1 39 1
480
1 19 1
483
1 19 1
485
1 27 1
486
1 13 1
495
1 17 2
496 702
1 12 1
497
1 31 1
498
1 33 1
506
1 7 1
509
1 5 1
510
1 29 1
517
1 25 1
518
1 8 1
519
1 28 1
520
1 22 1
526
1 5 1
529
1 20 1
531
1 13 1
533
1 14 1
535
1 30 1
537
1 11 1
539
1 22 1
541
1 28 1
542
1 19 1
548
1 4 1
551
1 28 1
554
1 23 1
556
1 11 1
557
1 40 1
558
1 23 1
559
1 17 1
561
1 36 1
564
1 37 1
569
1 35 1
576
1 12 1
577
1 26 1
578
1 23 1
581
1 39 2
584 690
1 12 1
585
1 17 2
588 602
1 17 1
590
1 24 1
591
1 4 1
593
1 7 1
597
1 37 1
599
1 9 1
605
1 18 1
606
1 17 1
610
1 14 1
612
1 35 1
613
1 7 1
614
1 10 1
616
1 9 1
619
1 30 1
625
1 5 1
630
1 23 1
631
1 39 1
632
1 20 1
634
1 6 1
635
1 24 1
636
1 19 1
637
1 22 1
639
1 18 1
641
1 31 1
642
1 31 1
644
1 12 1
645
1 22 1
651
1 38 1
654
1 6 1
658
1 35 1
661
1 21 1
663
1 11 1
664
1 9 1
666
1 15 1
668
1 15 1
670
1 12 1
678
1 14 1
679
1 38 1
681
1 20 1
682
1 15 1
684
1 21 1
687
1 12 1
694
1 36 1
701
1 31 1
703
1 11 1
705
1 14 1
706
1 40 1
707
1 7 1
708
1 27 1
710
1 9 1
714
1 15 1
718
1 3 1
720
1 12 1
724
1 29 1
726
1 21 1
732
1 33 1
734
1 15 1
737
1 26 1
738
1 37 1
739
1 5 1
740
1 21 1
741
1 5 1
742
1 19 1
745
1 15 1
746
1 9 1
749
1 23 1
754
1 22 1
759
1 20 1
760
1 7 1
761
1 19 1
764
1 18 1
769
1 35 1
776
1 5 1
777
1 18 1
778
1 35 1
783
1 39 1
785
1 17 1
786
1 27 1
787
1 31 1
788
1 13 1
791
1 38 1
793
1 14 1
795
1 21 1
796
1 12 1
797
1 19 1
798
