700 332 1085 20
3 23 5 18 18 21 17 21 2 15 10 12 12 1 14 5 25 9 29 20 17 10 5 15 4 19 28 9 10 5 10 8 9 9 16 13 4 28 24 2 3 18 15 10 13 15 30 26 27 7 25 2 15 13 22 22 16 10 14 13 28 2 24 1 3 2 24 11 15 2 24 27 11 28 18 18 18 18 5 17 23 12 5 18 17 4 23 25 24 4 29 28 9 27 7 9 27 2 12 9 5 6 26 3 22 18 6 29 29 4 4 28 8 20 7 6 14 29 30 14 25 22 25 2 30 6 25 30 13 10 8 9 16 9 20 29 14 1 11 9 24 9 17 11 11 5 24 28 29 15 19 18 1 30 14 23 8 20 20 25 15 23 28 9 10 14 23 3 16 25 24 25 29 21 4 24 27 18 1 30 6 18 29 17 13 20 6 27 19 22 17 6 28 26 17 22 12 16 4 16 28 24 29 7 29 9 2 11 1 25 5 20 11 7 3 26 2 27 2 2 9 19 7 6 3 19 3 14 28 1 5 30 4 9 17 16 18 15 26 11 11 22 6 4 19 20 29 7 11 29 4 6 15 2 1 18 27 15 27 15 12 23 24 4 20 30 16 4 5 6 6 27 19 17 4 14 8 27 22 19 21 5 22 10 30 29 20 7 15 6 2 20 12 26 16 28 11 15 18 3 6 27 10 3 7 3 16 27 21 1 10 12 14 9 18 15 3 5 18 10 15 23 4 4 8 9 9 7 24 19 2 6 3 22 26 7 3 6 25 19 21 26 3 25 1 1 4 25 24 18 16 18 10 26 30 4 17 12 7 6 30 3 22 5 1 1 5 23 10 24 21 17 14 6 30 1 2 11 15 19 17 24 23 22 3 23 15 12 28 16 10 22 23 4 21 23 25 7 14 6 6 15 9 1 11 28 20 22 12 21 27 12 7 12 21 12 1 7 17 18 6 5 17 13 4 14 9 8 11 5 4 11 11 21 15 24 14 29 20 23 15 20 30 1 29 21 7 22 30 15 23 16 21 5 13 22 9 17 1 23 18 6 6 8 7 10 8 5 28 29 23 10 14 18 19 14 2 9 9 20 1 2 11 5 15 21 19 28 1 23 20 13 20 24 18 7 6 24 29 4 2 1 15 29 6 29 6 6 20 17 21 30 27 21 20 27 12 6 17 5 1 1 15 17 24 15 27 27 1 13 16 7 9 18 24 6 10 20 6 12 2 14 21 7 17 14 18 10 15 27 2 11 30 2 26 17 7 23 4 9 4 19 17 13 15 7 9 7 3 12 19 29 21 3 17 1 2 29 20 24 10 24 30 20 26 23 7 28 1 3 1 13 6 29 20 28 18 9 15 19 5 11 17 26 8 26 26 13 9 22 9 19 19 3 24 3 15 20 9 17 19 4 28 6 7 2 16 24 15 24 30 20 9 9 23 13 15 28 6 11 12 27 21 10 18 12 7 29 22 14 4 30 20 17 5 11 1 15 2 11 16 6 14 24 3 13 18 29 17 8 14 2 11 17 4 21 4 1 20 13 22 28 6 5 17 15 3 28 25 18 26 16 19 21 12 6 26 29 9 29
20 21 24 2 27 19 1 26 30 5 4 1 19 15 15 1 1 16 29 25 9 18 6 18 4 30 2 29 28 10 17 3 11 29 2 2 25 6 19 8 9 7 26 12 16 5 1 1 15 7 10 1 23 28 25 1 13 26 9 29 4 5 4 15 25 18 2 10 9 27 12 25 7 21 2 6 5 30 30 9 30 6 11 12 23 18 22 2 21 10 26 4 29 12 17 26 11 22 25 20 26 23 11 22 2 3 27 27 18 28 17 9 15 21 22 21 28 28 17 15 26 2 19 9 7 21 4 13 6 17 10 13 21 5 8 20 3 18 28 15 29 24 12 27 23 22 5 25 14 15 13 19 1 8 20 30 13 28 17 22 5 19 12 8 5 7 8 27 8 2 11 19 4 6 26 7 7 23 29 11 18 25 4 25 7 17 24 29 28 6 1 22 11 12 15 2 2 27 3 4 15 2 15 21 28 12 26 29 14 28 14 9 27 21 7 29 4 26 15 10 6 13 26 8 25 24 1 2 13 14 5 11 23 16 13 10 4 5 18 12 24 14 8 11 15 15 3 1 11 25 12 20 9 18 12 30 24 17 23 6 11 4 21 18 30 2 4 22 29 19 6 19 21 27 25 22 15 26 16 6 21 18 11 24 22 21 28 9 15 23 23 3 19 9 3 1 11 15 5 10 23 22 8 8 7 9 28 23 4 14 9 22 11 19 7 16 2 26 23 11 27 6 2 17 29 22 27 12 12 4 3 12 15 28 27 3 29 3 2 15 17 23 27 17 16 12 3 2 1 17 30 24 4 23 2 20 10 21 13 4 4 3 30 8 4 4 24 10 15 29 16 3 25 29 19 21 8 29 11 23 9 30 15 17 17 14 30 26 11 10 24 25 12 30 12 17 23 8 6 6 11 13 27 13 4 15 26 22 11 22 2 1 17 14 5 6 7 28 22 5 12 13 19 22 9 21 29 1 8 16 22 18 23 17 2 10 4 27 1 28 1 6 5 22 5 1 19 22 16 10 7 6 6 1 26 15 29 7 30 1 22 13 19 1 27 22 9 25 18 3 16 23 6 27 24 7 14 6 12 27 10 6 19 1 13 4 7 6 4 25 17 5 30 25 15 9 21 12 14 9 5 29 24 8 28 25 9 8 20 3 9 19 1 24 9 20 22 30 25 29 25 19 16 27 2 11 3 17 30 16 26 25 21 8 17 3 2 21 15 19 25 14 1 20 5 23 9 13 3 17 13 18 1 30 7 30 6 22 23 2 13 12 4 1 9 22 1 17 4 29 17 6 19 7 2 17 24 7 21 10 8 6 1 12 4 24 23 10 12 9 20 28 13 7 5 3 7 28 19 9 21 7 21 27 29 26 6 24 17 19 22 24 2 15 26 22 26 19 1 1 7 28 18 5 11 30 15 15 17 3 17 14 22 18 10 9 5 18 19 4 3 27 21 2 30 20 29 9 1 24 23 25 14 30 7 13 11 16 23 9 29 8 9 14 3 27 21 18 29 10 11 18 30 13 23 6 8 5 14 2 3 17 12 23 1 8 26 14 22 8 27 2 27 30 23 24 8 23 22 16
0 3 4
18 371 382 100
0 15 4
661 391 319 247
0 18 4
89 128 316 672
0 13 9
220 32 262 25 354 645 480 248 66
0 16 9
328 395 469 163 403 321 104 275 651
0 16 1
654
0 11 7
444 185 117 515 441 135 632
0 20 9
660 513 122 592 48 86 456 315 1
0 15 2
50 601
0 15 10
313 559 451 610 462 249 259 503 520 613
0 10 2
221 667
0 9 4
434 375 606 527
0 17 1
78
0 20 6
525 235 165 582 24 580
0 10 7
539 223 617 303 113 394 547
0 9 8
130 548 488 266 333 92 250 207
0 4 3
497 431 694
0 4 8
232 147 213 421 194 361 604 322
0 6 4
151 23 255 398
0 5 2
630 652
0 6 5
3 348 294 298 636
0 9 7
52 368 211 669 544 532 360
0 4 7
614 647 123 593 112 212 481
0 20 1
28
0 4 6
189 662 401 670 590 477
0 12 4
210 485 77 34
0 6 4
94 292 540 558
0 17 2
254 519
0 15 4
257 276 352 183
0 16 9
6 494 419 167 643 137 364 423 58
0 12 3
609 265 149
0 5 2
224 353
0 17 6
542 260 13 467 663 246
0 4 9
475 74 133 356 118 14 416 270 326
0 11 9
307 638 161 142 509 369 178 205 320
0 14 1
103
0 19 4
607 346 404 688
0 13 9
591 639 584 583 507 301 227 574 239
0 1 1
54
0 14 1
340
0 19 4
26 108 675 538
0 9 7
314 535 204 141 677 589 229
0 9 9
658 556 293 384 155 598 623 618 278
0 11 10
174 424 479 256 21 152 581 84 599 109
0 19 3
666 43 413
0 2 6
344 101 489 339 524 640
0 18 3
96 182 679
0 8 4
59 619 457 131
0 5 5
252 552 201 568 392
0 12 7
236 216 157 297 317 69 596
0 14 5
699 554 373 144 219
0 20 6
347 272 659 381 656 312
0 5 5
158 501 68 514 226
0 12 6
81 154 241 681 387 449
0 15 1
45
0 16 7
143 453 612 37 332 180 653
0 15 5
197 476 641 565 29
0 11 6
253 648 459 245 551 335
0 13 3
594 192 83
0 11 9
55 428 561 233 690 75 365 496 570
0 10 5
586 576 468 465 511
0 15 9
696 150 36 472 98 531 243 698 168
0 17 2
389 680
0 3 8
140 516 684 126 569 114 291 464
0 9 5
577 668 242 331 566
0 15 9
500 676 87 425 605 553 448 484 261
0 17 6
15 176 572 306 573 374
0 11 4
454 379 148 624
0 5 5
82 336 410 95 695
0 20 3
536 646 85
0 5 8
251 72 282 402 427 432 327 608
0 2 4
697 271 267 393
0 5 10
438 578 20 625 111 181 162 57 159 46
0 14 8
549 311 362 385 550 166 9 563
0 6 9
310 499 483 22 406 383 505 657 171
0 16 4
443 372 504 461
0 1 7
334 193 67 689 125 206 289
0 18 4
190 355 136 579
0 15 5
330 338 30 105 386
0 12 5
415 450 595 482 324
0 1 4
693 665 349 93
0 11 5
186 286 329 318 359
0 8 6
442 490 600 240 121 172
1 18 1
0
1 9 1
2
1 37 1
4
1 26 1
5
1 21 1
7
1 18 1
8
1 19 1
10
1 16 1
11
1 8 1
12
1 18 1
16
1 37 1
17
1 20 1
19
1 7 1
27
1 31 1
31
1 28 1
33
1 29 1
35
1 16 1
38
1 39 1
39
1 32 2
40 528
1 8 2
41 440
1 26 1
42
1 23 2
44 217
1 10 1
47
1 27 1
49
1 29 1
51
1 32 1
53
1 5 1
56
1 12 1
60
1 12 1
61
1 31 1
62
1 26 1
63
1 14 1
64
1 25 1
65
1 25 1
70
1 9 1
71
1 10 1
73
1 28 1
76
1 8 1
79
1 14 1
80
1 29 1
88
1 30 1
90
1 29 1
91
1 11 1
97
1 5 1
99
1 29 1
102
1 18 1
106
1 33 1
107
1 35 1
110
1 29 1
115
1 26 1
116
1 20 1
119
1 17 1
120
1 29 1
124
1 20 1
127
1 16 1
129
1 17 1
132
1 31 1
134
1 35 1
138
1 20 1
139
1 31 1
145
1 28 1
146
1 25 1
153
1 22 1
156
1 20 1
160
1 17 1
164
1 22 1
169
1 22 1
170
1 24 1
173
1 27 1
175
1 27 1
177
1 30 1
179
1 31 1
184
1 13 1
187
1 18 1
188
1 11 1
191
1 32 1
195
1 27 1
196
1 19 1
198
1 11 2
199 274
1 26 1
200
1 28 1
202
1 38 1
203
1 22 1
208
1 26 1
209
1 31 1
214
1 14 1
215
1 25 1
218
1 7 1
222
1 28 1
225
1 21 1
228
1 15 1
230
1 9 1
231
1 17 1
234
1 21 1
237
1 26 1
238
1 21 1
244
1 30 1
258
1 23 1
263
1 11 1
264
1 14 1
268
1 17 1
269
1 19 1
273
1 22 1
277
1 3 1
279
1 24 1
280
1 38 1
281
1 20 1
283
1 19 1
284
1 27 1
285
1 20 1
287
1 29 1
288
1 24 1
290
1 15 1
295
1 30 1
296
1 2 1
299
1 22 1
300
1 13 1
302
1 21 1
304
1 26 2
305 588
1 28 1
308
1 30 1
309
1 13 1
323
1 16 2
325 343
1 15 1
337
1 32 1
341
1 27 1
342
1 36 2
345 446
1 14 1
350
1 33 1
351
1 20 1
357
1 27 1
358
1 27 1
363
1 15 1
366
1 16 1
367
1 36 1
370
1 9 1
376
1 17 1
377
1 23 1
378
1 26 1
380
1 21 1
388
1 17 1
390
1 19 1
396
1 34 1
397
1 23 1
399
1 22 1
400
1 5 1
405
1 21 1
407
1 36 1
408
1 25 1
409
1 26 1
411
1 19 1
412
1 37 1
414
1 32 1
417
1 21 1
418
1 10 1
420
1 5 1
422
1 26 1
426
1 21 1
429
1 21 1
430
1 12 1
433
1 27 1
435
1 34 1
436
1 28 1
437
1 13 1
439
1 16 1
445
1 21 1
447
1 30 1
452
1 33 1
455
1 29 1
458
1 18 1
460
1 7 1
463
1 26 1
466
1 30 1
470
1 14 1
471
1 24 1
473
1 36 1
474
1 33 1
478
1 20 1
486
1 18 1
487
1 18 1
491
1 30 1
492
1 13 1
493
1 34 1
495
1 28 1
498
1 36 1
502
1 29 1
506
1 26 1
508
1 21 1
510
1 10 1
512
1 10 1
517
1 19 1
518
1 31 1
521
1 36 1
522
1 7 1
523
1 22 1
526
1 15 1
529
1 21 1
530
1 27 1
533
1 25 1
534
1 23 1
537
1 27 1
541
1 33 1
543
1 26 1
545
1 18 1
546
1 14 1
555
1 9 1
557
1 21 1
560
1 33 1
562
1 30 1
564
1 15 1
567
1 34 1
571
1 20 1
575
1 34 1
585
1 37 1
587
1 21 1
597
1 26 1
602
1 14 1
603
1 36 1
611
1 32 1
615
1 31 1
616
1 26 1
620
1 29 1
621
1 19 1
622
1 10 1
626
1 22 1
627
1 18 1
628
1 16 1
629
1 21 1
631
1 31 1
633
1 25 1
634
1 19 1
635
1 21 1
637
1 20 1
642
1 14 1
644
1 24 1
649
1 13 1
650
1 33 1
655
1 21 1
664
1 20 1
671
1 30 1
673
1 26 1
674
1 27 1
678
1 34 1
682
1 24 1
683
1 28 1
685
1 21 1
686
1 22 1
687
1 39 1
691
1 29 1
692
