700 366 1085 20
25 12 27 23 27 30 8 24 7 23 30 5 8 16 30 1 29 12 24 5 15 9 14 24 18 25 4 29 4 17 10 6 9 22 18 12 29 13 20 13 29 2 20 23 1 25 20 8 22 5 28 10 6 12 14 9 3 17 19 12 4 14 5 26 25 26 24 12 11 10 7 18 24 28 1 12 21 21 21 10 9 23 1 2 4 27 12 20 23 12 9 14 27 13 11 23 4 1 3 17 4 10 14 9 2 19 15 5 5 9 28 30 12 22 8 22 17 30 1 5 22 26 13 25 25 2 17 18 14 25 17 15 24 28 20 15 17 2 17 10 12 16 17 6 26 15 30 15 23 5 22 14 22 11 15 7 4 7 8 2 2 26 24 13 26 22 14 22 19 8 25 24 22 11 4 27 12 11 28 30 18 11 4 29 14 18 12 9 30 17 22 19 24 24 4 13 25 14 7 2 14 4 15 2 25 22 23 27 29 27 8 27 29 1 16 4 5 28 8 15 28 3 9 27 3 7 21 7 30 29 29 4 3 9 23 5 27 3 23 1 26 30 21 19 26 17 3 4 16 26 28 20 16 16 13 3 2 24 18 19 5 5 3 19 11 17 20 13 10 7 20 21 3 24 7 4 19 17 9 20 16 27 3 10 26 30 17 1 14 3 8 8 22 17 15 8 24 6 25 19 11 14 20 7 2 23 10 20 21 2 3 20 16 13 26 9 12 23 19 22 22 8 30 22 4 15 17 20 20 22 9 19 2 17 21 7 3 22 14 10 22 12 10 15 8 18 3 1 19 5 15 8 17 11 17 15 13 9 10 4 30 8 16 17 17 6 26 2 19 12 24 24 3 27 10 12 16 10 2 3 18 29 22 29 2 29 23 19 3 7 19 22 25 16 22 6 1 5 7 21 24 27 8 6 24 4 23 23 6 17 15 11 5 4 13 19 30 20 23 28 27 23 8 3 30 21 23 12 23 27 28 28 13 23 3 2 3 18 8 12 20 2 24 19 16 12 25 16 9 2 8 7 26 14 11 4 20 12 14 29 17 24 3 3 10 22 8 17 29 22 2 19 25 27 7 18 29 29 9 21 11 15 2 9 7 3 20 14 10 10 9 9 12 16 13 25 28 21 27 8 19 22 14 22 2 3 23 25 26 7 22 13 13 26 26 26 18 7 25 10 14 28 27 24 15 10 24 21 21 4 16 25 24 27 11 19 23 11 11 28 12 29 25 16 8 14 22 13 16 17 18 26 2 3 9 9 23 29 24 20 28 28 25 4 21 3 20 16 1 27 16 3 14 28 5 22 30 29 13 24 17 24 4 19 19 18 27 29 28 28 29 24 6 27 11 4 7 16 3 3 1 28 5 3 30 10 12 3 26 23 9 16 27 28 22 2 24 6 4 6 25 16 28 4 9 26 8 3 16 24 23 6 19 19 26 6 29 1 25 3 6 15 23 3 28 13 5 28 10 4 22 18 3 9 17 17 27 18 14 4 3 16 17 15 6 14 23 28 2 29 21 13 8 19 13 28 10 1 3 9 18 2 14 11 21 28 4 23 8 7 14 22 5 13 4 11 30 12 4 24
10 7 24 10 11 1 15 5 11 10 9 1 12 25 24 4 14 12 16 7 19 19 23 8 23 2 3 13 1 20 24 7 5 8 13 10 12 13 12 24 11 27 19 3 25 15 4 11 6 26 30 23 4 10 17 30 12 14 20 3 27 3 24 27 18 5 21 28 19 18 26 8 16 13 16 18 10 2 17 9 28 28 25 20 17 1 11 6 21 8 22 12 15 6 9 5 20 9 28 16 22 1 6 12 8 13 27 8 19 5 25 25 8 26 13 29 10 16 2 5 13 20 18 5 20 1 7 7 11 19 15 27 16 19 11 30 24 14 28 27 15 18 10 18 3 6 18 18 4 23 1 17 29 6 20 24 28 23 21 28 1 5 23 16 2 12 3 4 12 15 23 6 13 21 27 25 28 21 5 2 10 16 10 16 9 30 29 10 8 23 12 9 9 26 14 6 12 17 26 20 9 13 19 19 6 6 18 12 19 24 28 19 20 12 25 30 23 9 2 30 1 23 2 10 23 16 5 29 2 6 19 1 12 25 25 21 3 5 1 1 25 25 18 15 10 9 18 25 15 8 5 8 5 12 20 1 9 26 2 1 12 7 6 7 8 14 2 3 15 15 11 4 28 17 29 8 13 28 26 2 13 25 5 19 17 16 18 24 4 25 3 30 29 12 16 16 18 9 10 22 20 23 15 24 19 18 22 25 19 9 13 1 18 19 10 15 23 22 22 1 21 19 24 6 15 25 15 1 28 28 12 16 10 11 30 26 18 22 17 3 4 5 13 19 1 4 26 15 17 26 7 3 22 1 20 25 24 23 20 21 22 8 27 24 5 5 28 22 11 5 7 21 14 27 1 5 13 13 21 22 16 24 22 15 29 15 27 17 13 26 18 25 10 28 28 22 24 4 9 3 6 20 20 13 21 2 4 20 26 10 20 20 30 9 25 13 15 12 14 14 1 5 26 13 3 12 10 12 6 5 1 1 5 9 8 3 16 5 18 26 22 12 11 2 17 7 27 5 16 30 6 4 23 29 1 30 29 10 6 26 19 8 21 23 3 13 21 4 22 17 15 12 29 16 19 28 10 19 5 17 20 24 2 7 9 24 15 8 18 24 2 14 18 28 18 11 30 24 30 21 22 27 2 7 10 16 3 10 26 3 2 4 25 1 20 29 11 11 2 21 25 1 27 14 7 16 18 12 10 10 26 11 1 6 1 26 12 30 8 19 30 25 17 24 27 21 29 14 24 27 13 24 26 18 8 12 18 27 15 14 21 27 17 29 7 6 6 10 13 14 9 1 27 26 17 2 2 24 8 13 6 22 13 10 28 17 14 16 4 19 12 14 23 22 8 20 13 1 8 8 11 2 6 15 8 5 26 22 11 2 29 30 18 19 11 10 29 5 24 7 19 11 30 8 21 11 16 10 25 22 13 11 23 19 13 22 3 30 19 24 29 19 14 17 27 27 14 18 17 9 20 20 18 7 9 12 6 19 4 9 14 5 18 15 27 22 13 11 17 8 6 10 22 28 17 6 2 12 5 13 8 26 17 21 20 14 1 5 10 10 29 17 19 15 17 28 7 6 7 21
0 19 3
450 309 269
0 16 2
229 178
0 2 3
157 50 468
0 2 4
31 300 302 147
0 7 6
234 447 653 388 195 598
0 6 10
12 610 552 82 67 608 298 249 357 435
0 18 2
687 170
0 16 1
475
0 19 1
682
0 12 7
599 370 222 422 88 223 11
0 7 5
367 299 589 137 384
0 2 11
203 583 425 509 239 85 434 501 106 485 531
0 13 4
59 202 405 460
0 5 4
238 25 121 419
0 18 6
571 603 393 394 132 51
0 20 6
8 642 625 125 291 681
0 18 5
398 36 64 565 499
0 6 4
444 364 581 22
0 5 2
277 500
0 11 2
288 594
0 6 3
469 219 441
0 3 6
272 113 697 648 313 383
0 15 6
342 316 666 480 574 130
0 5 8
134 91 35 71 164 411 116 555
0 19 5
567 566 692 519 696
0 13 2
267 446
0 2 4
602 358 228 445
0 12 5
311 141 20 262 90
0 14 4
572 597 167 431
0 1 4
221 462 392 186
0 4 6
15 252 359 184 235 369
0 13 8
43 331 510 516 308 23 379 314
0 3 5
593 210 420 160 495
0 9 3
486 647 260
0 11 8
312 498 7 182 402 353 10 560
0 14 2
24 201
0 13 4
99 587 676 633
0 17 7
629 115 533 14 75 606 248
0 19 3
142 96 430
0 19 5
328 216 345 108 144
0 13 1
9
0 13 3
562 481 561
0 13 5
432 382 76 409 421
0 11 9
230 319 400 515 283 293 471 624 669
0 19 4
323 352 258 467
0 8 10
626 56 442 528 505 416 559 208 623 188
0 16 3
455 129 168
0 18 6
578 457 5 127 225 159
0 9 5
287 527 214 612 680
0 17 3
582 363 180
0 9 3
348 613 114
0 14 2
403 366
0 18 5
148 674 133 294 285
0 2 3
98 145 279
0 17 8
152 261 675 17 689 380 396 621
0 18 7
429 304 496 406 529 453 226
0 4 6
169 479 484 155 206 522
0 18 1
344
0 8 6
191 301 619 614 618 32
0 1 7
341 667 497 586 44 54 276
0 19 7
491 120 259 40 46 39 641
0 13 6
428 440 376 489 368 558
0 9 4
673 630 650 436
0 11 1
320
0 14 9
472 365 443 45 105 93 362 297 549
0 18 3
537 149 16
0 9 2
664 89
0 20 2
542 143
0 14 2
18 632
0 5 8
401 355 568 418 507 693 212 651
0 14 11
534 466 265 161 126 532 27 124 295 556 240
0 13 2
324 661
0 6 5
103 112 296 536 640
0 13 9
289 55 19 181 504 254 205 488 243
0 13 2
576 340
0 4 5
247 668 374 60 360
0 8 4
174 236 190 194
0 6 7
686 62 278 585 104 264 461
0 17 7
41 336 135 107 338 100 158
0 11 1
580
0 14 2
573 183
0 2 9
646 286 526 150 204 439 21 654 520
0 20 3
615 92 685
0 19 10
327 346 535 638 477 683 506 251 339 575
0 5 3
458 224 185
1 30 1
0
1 5 1
1
1 20 1
2
1 29 2
3 329
1 17 1
4
1 38 2
6 354
1 20 1
13
1 15 1
26
1 26 1
28
1 22 1
29
1 22 1
30
1 19 1
33
1 15 1
34
1 27 1
37
1 22 1
38
1 17 1
42
1 24 1
47
1 20 2
48 177
1 16 1
49
1 38 1
52
1 23 1
53
1 11 1
57
1 3 1
58
1 13 1
61
1 18 1
63
1 18 1
65
1 8 1
66
1 32 1
68
1 17 1
69
1 21 1
70
1 8 1
72
1 35 1
73
1 36 2
74 645
1 15 1
77
1 21 1
78
1 27 1
79
1 31 1
80
1 21 1
81
1 25 1
83
1 26 1
84
1 22 1
86
1 28 1
87
1 17 1
94
1 32 1
95
1 6 1
97
1 30 2
101 588
1 20 1
102
1 7 1
109
1 26 2
110 611
1 7 1
111
1 26 1
117
1 32 1
118
1 34 1
119
1 31 1
122
1 16 1
123
1 22 1
128
1 24 1
131
1 36 1
136
1 36 1
138
1 39 1
139
1 25 1
140
1 18 1
146
1 15 1
151
1 22 1
153
1 22 1
154
1 36 1
156
1 25 1
162
1 33 1
163
1 17 1
165
1 17 1
166
1 21 1
171
1 22 1
172
1 28 1
173
1 39 1
175
1 16 1
176
1 33 1
179
1 10 1
187
1 18 1
189
1 27 1
192
1 16 1
193
1 27 1
196
1 13 1
197
1 15 1
198
1 22 1
199
1 33 1
200
1 27 1
207
1 23 1
209
1 23 1
211
1 24 1
213
1 15 1
215
1 28 1
217
1 25 1
218
1 33 1
220
1 26 1
227
1 17 1
231
1 30 1
232
1 34 2
233 631
1 15 1
237
1 19 1
241
1 14 1
242
1 19 1
244
1 24 1
245
1 21 2
246 270
1 30 1
250
1 32 1
253
1 24 1
255
1 23 1
256
1 33 1
257
1 12 1
263
1 36 1
266
1 27 1
268
1 31 1
271
1 10 1
273
1 5 1
274
1 17 1
275
1 23 1
280
1 23 1
281
1 13 1
282
1 4 1
284
1 9 1
290
1 29 1
292
1 18 1
303
1 23 1
305
1 24 1
306
1 29 1
307
1 36 1
310
1 19 1
315
1 32 1
317
1 37 1
318
1 26 1
321
1 30 1
322
1 27 1
325
1 38 1
326
1 21 1
330
1 24 1
332
1 21 1
333
1 15 1
334
1 28 1
335
1 21 1
337
1 11 1
343
1 37 1
347
1 31 1
349
1 37 1
350
1 27 1
351
1 18 1
356
1 14 1
361
1 29 1
371
1 34 1
372
1 40 1
373
1 30 1
375
1 15 1
377
1 25 1
378
1 21 1
381
1 31 1
385
1 31 1
386
1 24 1
387
1 15 1
389
1 28 1
390
1 30 1
391
1 22 1
395
1 27 1
397
1 15 1
399
1 26 1
404
1 22 1
407
1 9 1
408
1 26 1
410
1 25 1
412
1 10 1
413
1 29 1
414
1 28 1
415
1 32 1
417
1 8 1
423
1 16 1
424
1 21 1
426
1 20 1
427
1 32 1
433
1 18 1
437
1 23 1
438
1 30 1
448
1 16 1
449
1 16 1
451
1 27 1
452
1 12 1
454
1 16 1
456
1 34 1
459
1 33 1
463
1 24 1
464
1 15 2
465 470
1 15 1
473
1 14 1
474
1 6 1
476
1 39 1
478
1 9 1
482
1 29 1
483
1 31 1
487
1 15 1
490
1 19 1
492
1 21 1
493
1 23 1
494
1 11 2
502 595
1 26 1
503
1 30 1
508
1 12 1
511
1 31 1
512
1 19 2
513 671
1 18 1
514
1 20 1
517
1 18 1
518
1 24 1
521
1 37 1
523
1 36 2
524 691
1 37 1
525
1 22 1
530
1 15 1
538
1 12 1
539
1 25 1
540
1 19 1
541
1 34 1
543
1 17 1
544
1 36 1
545
1 20 1
546
1 34 1
547
1 17 1
548
1 7 1
550
1 27 1
551
1 9 1
553
1 22 1
554
1 18 1
557
1 27 1
563
1 25 1
564
1 23 1
569
1 33 1
570
1 30 1
577
1 37 1
579
1 23 1
584
1 16 1
590
1 22 1
591
1 22 1
592
1 19 1
596
1 22 1
600
1 21 1
601
1 20 1
604
1 21 1
605
1 25 1
607
1 4 1
609
1 17 1
616
1 15 1
617
1 25 1
620
1 17 1
622
1 19 1
627
1 21 1
628
1 30 1
634
1 23 1
635
1 27 1
636
1 25 1
637
1 22 1
639
1 21 1
643
1 16 1
644
1 29 1
649
1 33 1
652
1 32 1
655
1 30 1
656
1 22 1
657
1 11 1
658
1 26 1
659
1 25 1
660
1 24 1
662
1 8 1
663
1 31 1
665
1 14 1
670
1 7 1
672
1 15 1
677
1 26 1
678
1 26 1
679
1 31 1
684
1 17 1
688
1 25 1
690
1 21 1
694
1 38 1
695
1 23 1
698
1 9 1
699
