1000 480 1550 18
27 30 28 4 6 19 18 1 20 20 12 14 9 7 3 22 25 7 15 1 23 9 14 27 15 28 16 26 16 11 5 12 4 17 5 13 5 14 28 9 7 27 15 20 5 25 23 1 4 5 27 15 12 23 2 25 29 1 28 15 3 28 30 9 19 21 18 8 11 16 25 10 19 14 30 4 6 9 7 25 20 5 16 24 13 18 30 7 10 11 23 18 2 18 1 21 23 16 8 30 5 16 14 30 18 28 3 4 18 20 13 29 18 3 29 2 19 4 28 25 29 14 12 25 10 17 3 20 11 21 3 2 21 17 18 10 18 6 7 6 5 22 28 20 6 10 25 5 21 11 5 8 25 20 17 11 10 14 18 18 21 20 1 4 6 25 18 14 22 22 27 26 1 19 30 6 28 10 7 8 12 14 5 18 30 9 8 8 12 14 4 29 7 2 5 27 3 13 19 5 1 9 5 17 4 7 21 16 1 29 10 2 2 7 6 19 9 3 5 8 15 11 11 7 14 3 24 4 22 24 9 5 7 26 25 4 5 6 17 27 3 1 3 5 3 5 15 28 12 26 19 19 21 15 17 25 5 20 4 5 28 20 12 21 17 28 16 1 7 17 21 26 22 10 9 29 3 6 12 17 16 7 27 25 18 15 1 9 22 12 15 10 24 29 15 26 7 18 11 22 25 30 12 8 13 2 21 24 10 21 16 20 19 18 18 13 26 18 6 27 26 21 4 25 17 6 4 24 5 25 14 23 30 24 17 19 2 10 28 3 24 5 22 5 16 17 10 3 8 4 8 2 29 20 2 16 7 25 23 23 15 1 6 16 29 4 7 12 22 6 2 5 13 14 3 1 15 2 2 21 29 9 13 24 26 22 24 25 2 18 4 5 2 26 3 19 14 29 26 25 13 12 30 10 20 30 13 22 2 19 12 22 5 19 27 27 26 6 29 1 14 4 24 18 2 20 22 15 11 3 1 19 20 5 27 16 4 29 2 9 7 14 4 30 25 1 9 16 25 5 25 8 17 25 15 26 5 21 18 20 27 7 15 3 5 9 24 10 17 16 3 21 9 21 11 27 6 24 12 22 15 22 22 26 12 15 5 15 3 16 15 26 13 6 24 15 5 1 12 21 25 19 22 5 27 27 20 25 28 19 27 27 1 16 4 11 12 2 5 9 11 28 28 15 14 28 19 13 20 23 27 28 2 10 2 25 4 1 22 29 1 14 24 24 26 15 3 12 15 6 3 16 18 11 11 2 23 7 13 22 3 27 28 11 28 5 23 7 26 12 25 4 17 17 20 17 13 2 20 3 18 7 6 17 4 21 15 5 9 2 16 11 16 25 24 20 25 6 30 5 9 23 22 15 9 27 8 5 8 17 1 3 21 11 5 26 4 30 21 13 4 6 9 21 19 15 29 1 7 9 7 7 2 10 29 14 29 20 21 15 10 5 3 21 10 27 27 15 21 7 27 6 4 7 11 23 11 15 1 29 17 21 19 11 20 28 15 8 28 10 28 16 17 18 18 6 18 9 24 23 29 15 8 18 29 24 6 14 6 22 5 19 23 14 1 27 17 7 9 4 13 22 29 13 29 7 14 14 8 17 3 6 2 15 9 24 27 30 15 24 29 20 10 22 19 29 9 19 16 8 17 4 27 22 8 11 14 5 10 10 16 17 13 30 2 23 11 16 28 6 19 18 10 1 6 10 3 7 29 20 9 18 13 11 20 7 30 12 3 26 1 25 11 9 18 4 12 3 19 19 22 18 18 21 21 15 12 29 9 6 5 16 1 4 10 3 18 20 21 16 14 17 24 6 30 5 13 22 23 28 13 22 12 15 28 8 16 18 21 7 13 16 3 29 12 8 7 14 26 16 11 28 23 16 22 20 12 11 4 6 23 12 20 25 8 21 3 20 28 2 25 6 3 3 15 25 1 9 6 17 5 15 9 28 1 15 20 11 7 30 18 16 4 12 20 28 20 20 14 20 12 25 10 21 16 23 15 20 3 21 19 28 4 5 11 6 25 29 16 22 5 17 9 28 29 30 9 14 3 23 16 7 9 7 11 30 23 10 11 27 15 27 8 9 11 17 15 19 11 23 15 29 30 17 22 16 5 12 6 24 26 24 22 2 25 17 2 9 15 7 27 13 20 8 13 27 10 20 18 8 20 16 14 1 17 8 19 14 17 23 26 5 4 9 26 16 13 13 7 23 19 26 28 25 9 25 21 16 12 25 12 21 28 12 1 5 24 12 16 26
11 13 23 9 27 30 13 6 19 11 9 26 14 21 14 7 6 12 21 24 4 2 13 18 21 12 10 10 10 23 23 1 12 1 13 5 28 14 16 14 17 12 18 6 18 10 14 28 5 25 29 26 21 1 27 27 2 8 17 27 23 29 13 23 9 4 15 18 21 4 22 17 24 8 16 22 8 24 28 2 18 17 25 16 11 18 28 3 29 10 24 27 20 6 27 13 23 1 2 15 3 1 28 8 11 24 8 8 20 24 3 22 13 24 16 13 5 20 18 30 16 26 21 1 18 14 27 26 1 13 25 2 17 20 17 20 29 18 1 7 15 24 25 27 26 1 29 17 7 19 19 12 7 14 4 23 8 9 23 16 17 3 22 11 1 29 24 1 1 15 20 13 30 24 26 2 26 10 12 25 13 2 18 23 17 12 11 12 24 28 18 24 7 1 16 18 16 6 15 5 3 10 17 20 28 23 12 19 16 30 8 13 29 6 11 15 27 21 2 29 11 2 16 28 29 8 24 9 15 14 6 19 30 12 27 22 23 23 1 12 8 17 10 20 13 15 14 6 3 2 25 3 24 27 30 5 13 23 20 21 12 17 26 28 15 6 17 3 21 27 5 2 15 10 6 13 24 26 2 6 22 24 3 5 16 22 27 20 10 4 5 22 16 4 27 23 14 8 1 8 17 19 19 8 23 9 19 7 18 19 17 14 16 25 23 4 7 13 16 6 6 28 28 17 13 18 9 20 1 23 6 19 22 10 19 20 5 14 14 28 12 7 5 23 17 10 21 9 21 9 1 20 17 30 18 24 13 11 4 23 10 25 9 9 28 18 6 29 18 4 13 18 3 19 29 8 4 10 3 1 14 27 16 1 21 29 30 18 29 25 20 14 20 4 16 3 26 23 26 7 19 28 20 16 12 7 28 4 16 1 11 30 5 4 3 25 22 12 18 27 23 8 26 9 15 3 10 23 10 13 26 20 27 29 27 9 15 9 3 13 16 18 3 16 5 21 19 27 12 3 7 9 16 6 25 24 19 26 18 15 15 6 5 29 17 7 18 2 18 5 5 19 14 1 27 12 1 14 17 10 14 11 2 12 25 23 21 19 26 12 26 26 16 19 14 6 17 28 10 24 29 7 24 25 28 15 24 24 12 15 17 13 2 13 6 1 30 25 8 17 3 17 13 21 23 1 17 29 17 1 2 19 24 28 28 25 27 6 19 29 26 23 20 20 12 16 29 20 8 29 20 20 4 14 1 7 7 1 27 26 16 28 30 24 3 5 23 6 10 24 18 26 22 8 11 22 4 19 7 14 17 26 20 25 20 27 9 7 7 29 15 12 23 23 20 5 26 6 15 1 29 4 11 23 19 13 5 22 1 23 13 21 12 17 25 17 11 1 13 27 20 19 13 11 20 16 7 6 14 6 22 9 18 3 28 26 4 19 24 8 11 5 18 28 29 3 12 30 6 29 9 10 23 29 18 26 17 22 11 6 27 19 10 12 25 2 7 23 12 19 14 6 18 14 25 3 20 21 29 18 4 6 3 24 23 7 30 5 14 27 10 15 9 6 6 3 26 20 17 11 3 30 23 2 17 11 8 15 26 10 17 23 6 4 19 30 9 10 21 17 7 27 19 16 10 27 10 18 23 9 30 24 13 9 21 10 1 13 26 25 10 9 4 15 27 12 30 26 8 26 14 6 20 10 12 3 5 10 18 17 25 26 1 13 12 23 21 19 1 26 2 1 9 24 2 8 2 30 22 16 26 22 4 11 7 25 27 16 1 12 1 15 5 29 3 1 25 26 29 2 30 7 25 5 26 12 20 5 18 26 4 3 29 3 8 16 10 27 10 21 3 6 1 5 4 12 17 3 19 20 15 4 2 5 11 6 26 16 29 12 30 3 8 22 18 15 17 14 8 13 3 20 13 17 9 11 10 11 12 4 20 22 14 8 10 1 18 11 23 15 21 21 28 11 4 21 9 26 1 17 24 10 9 25 12 29 22 1 26 29 4 29 16 10 2 29 17 13 21 17 17 19 27 21 29 9 28 4 26 9 6 9 7 12 28 12 28 4 17 7 21 22 14 26 28 21 21 18 16 18 11 22 24 7 3 11 30 16 6 21 11 25 1 4 13 8 21 2 25 28 8 9 20 19 21 28 29 20 14 11 11 7 3 20 24 4 19 22 1 12 23 6 17 7 14 12 30 5 4 26 4 11 18 4 29 30 21 18 17 11 21 28 30 8 15 28 27 12 12 3
0 15 11
139 318 292 438 894 661 364 86 909 889 882
0 8 10
941 8 429 789 772 710 76 203 230 484
0 19 4
260 566 74 495
0 15 4
218 929 360 748
0 13 6
717 802 89 829 38 97
0 3 10
169 546 167 856 430 133 766 204 540 981
0 20 13
838 85 45 44 460 517 251 814 235 158 956 483 659
0 9 8
695 883 966 171 316 50 468 258
0 8 3
850 674 959
0 7 5
154 607 752 721 321
0 4 10
973 786 448 949 832 612 913 813 972 425
0 20 4
524 818 243 700
0 10 8
672 778 922 954 892 457 733 515
0 13 1
568
0 9 6
663 333 372 662 976 399
0 2 11
593 116 629 919 475 241 363 91 332 102 181
0 19 5
193 433 601 279 716
0 1 5
125 213 549 910 285
0 1 3
847 696 873
0 3 4
749 371 498 314
0 12 2
810 137
0 6 10
350 122 503 453 723 924 680 755 564 950
0 17 11
997 377 100 673 331 174 803 37 13 865 478
0 2 1
679
0 10 7
168 380 675 767 183 329 677
0 5 9
34 604 771 246 516 740 935 319 573
0 11 14
559 912 960 657 830 765 911 560 982 222 414 237 921 244
0 8 15
328 637 40 494 731 51 83 775 217 986 918 94 378 398 807
0 1 10
66 135 588 268 418 605 423 660 36 90
0 20 11
41 806 753 937 624 685 490 738 970 512 346
0 5 8
225 652 914 385 610 280 88 824
0 6 2
578 714
0 2 5
298 55 273 822 538
0 12 5
858 632 881 574 744
0 1 3
575 293 746
0 16 4
140 32 979 768
0 9 3
209 620 341
0 12 5
845 705 562 255 668
0 1 5
95 75 557 816 310
0 14 8
276 130 797 395 871 670 389 283
0 5 3
734 347 834
0 15 5
583 938 651 194 479
0 12 8
702 240 413 529 567 249 762 508
0 2 11
150 743 234 136 804 352 411 256 390 33 262
0 13 11
474 443 461 545 968 439 421 501 42 635 713
0 15 6
928 800 945 60 841 940
0 20 3
969 463 598
0 3 7
614 436 459 335 967 99 553
0 6 10
471 156 286 376 536 355 576 961 904 926
0 9 11
200 896 646 236 887 153 344 835 934 485 308
0 3 1
609
0 9 9
7 563 145 454 903 751 649 719 304
0 12 10
787 977 547 570 3 654 223 189 747 424
0 2 5
720 656 669 683 920
0 20 10
118 325 427 589 338 870 351 428 134 198
0 19 5
532 215 299 658 681
0 19 13
861 931 486 788 980 853 397 793 101 159 456 946 28
0 9 4
289 170 406 382
0 10 11
726 644 300 948 622 254 358 126 27 26 851
0 15 7
869 682 343 104 178 58 462
0 14 13
270 666 369 951 39 288 619 191 403 111 533 87 577
0 6 6
287 65 119 379 78 819
0 2 9
885 132 477 626 534 796 323 868 580
0 4 12
736 864 989 794 718 46 284 497 73 848 590 712
0 7 6
769 143 639 506 68 491
0 12 8
179 754 4 779 192 586 434 594
0 4 6
482 694 993 302 875 985
0 13 9
732 647 925 431 30 22 857 958 375
0 16 3
259 496 998
0 4 8
98 327 301 269 770 404 933 579
0 16 4
452 742 995 157
0 2 4
6 520 866 709
0 18 6
290 149 581 499 782 777
0 14 8
184 548 182 108 939 147 450 697
0 19 5
113 12 994 750 671
0 8 7
628 880 326 571 196 309 337
0 18 4
852 676 827 684
0 13 6
879 402 812 492 999 306
0 6 6
72 393 518 895 175 891
0 14 2
120 422
0 2 2
232 274
0 10 11
31 278 799 374 366 437 764 693 297 465 735
0 6 9
472 519 944 510 407 11 599 615 569
0 15 3
550 356 741
0 19 10
15 561 964 20 165 426 320 805 603 623
1 13 2
0 923
1 21 1
1
1 14 1
2
1 17 1
5
1 4 1
9
1 16 1
10
1 12 1
14
1 30 1
16
1 20 1
17
1 29 1
18
1 7 1
19
1 36 1
21
1 12 1
23
1 3 1
24
1 34 1
25
1 15 1
29
1 14 1
35
1 37 1
43
1 3 1
47
1 16 2
48 558
1 15 1
49
1 6 1
52
1 14 1
53
1 23 1
54
1 17 1
56
1 34 1
57
1 15 1
59
1 25 1
61
1 32 1
62
1 12 1
63
1 19 1
64
1 5 1
67
1 21 1
69
1 17 1
70
1 18 1
71
1 18 2
77 449
1 32 1
79
1 27 1
80
1 20 1
81
1 21 1
82
1 21 1
84
1 24 1
92
1 12 1
93
1 5 1
96
1 8 3
103 228 645
1 25 1
105
1 21 1
106
1 16 1
107
1 33 1
109
1 24 1
110
1 32 1
112
1 14 1
114
1 27 1
115
1 25 1
117
1 10 1
121
1 39 1
123
1 26 1
124
1 32 1
127
1 14 1
128
1 24 1
129
1 2 1
131
1 15 1
138
1 7 1
141
1 26 1
142
1 23 1
144
1 28 1
146
1 21 1
148
1 11 1
151
1 23 1
152
1 36 1
155
1 19 1
160
1 20 1
161
1 18 2
162 613
1 7 1
163
1 27 1
164
1 28 1
166
1 30 1
172
1 16 1
173
1 34 1
176
1 3 1
177
1 27 2
180 197
1 31 1
185
1 8 2
186 322
1 25 1
187
1 18 1
188
1 10 1
190
1 26 1
195
1 18 1
199
1 24 1
201
1 11 2
202 263
1 28 1
205
1 29 1
206
1 33 1
207
1 31 2
208 370
1 16 1
210
1 21 1
211
1 2 1
212
1 5 1
214
1 25 1
216
1 9 1
219
1 14 1
220
1 28 1
221
1 17 1
224
1 7 1
226
1 22 1
227
1 16 1
229
1 16 1
231
1 6 1
233
1 19 1
238
1 18 1
239
1 16 1
242
1 6 1
245
1 6 1
247
1 21 1
248
1 27 1
250
1 14 1
252
1 5 1
253
1 9 1
257
1 15 1
261
1 29 1
264
1 25 1
265
1 31 1
266
1 16 1
267
1 29 1
271
1 33 1
272
1 5 1
275
1 26 1
277
1 16 1
281
1 13 2
282 611
1 3 1
291
1 25 1
294
1 28 1
295
1 15 1
296
1 24 1
303
1 15 1
305
1 7 1
307
1 29 1
311
1 25 1
312
1 29 1
313
1 28 1
315
1 15 1
317
1 20 1
324
1 24 1
330
1 27 1
334
1 20 1
336
1 34 1
339
1 19 1
340
1 31 1
342
1 33 1
345
1 27 1
348
1 28 1
349
1 21 1
353
1 21 1
354
1 6 2
357 790
1 20 1
359
1 23 1
361
1 21 1
362
1 26 1
365
1 17 1
367
1 39 1
368
1 4 1
373
1 33 1
381
1 19 1
383
1 8 1
384
1 20 1
386
1 22 1
387
1 22 1
388
1 26 1
391
1 21 1
392
1 29 1
394
1 18 1
396
1 27 1
400
1 15 1
401
1 25 1
405
1 22 1
408
1 31 1
409
1 16 1
410
1 25 1
412
1 22 1
415
1 6 1
416
1 32 3
417 440 809
1 9 1
419
1 19 1
420
1 33 1
432
1 18 1
435
1 15 1
441
1 23 1
442
1 15 2
444 859
1 29 1
445
1 17 1
446
1 15 1
447
1 31 1
451
1 33 1
455
1 33 1
458
1 34 1
464
1 27 1
466
1 8 1
467
1 14 1
469
1 37 1
470
1 14 1
473
1 14 1
476
1 22 1
480
1 14 1
481
1 27 1
487
1 19 1
488
1 20 1
489
1 34 1
493
1 19 1
500
1 19 2
502 587
1 24 1
504
1 20 1
505
1 28 1
507
1 14 1
509
1 10 1
511
1 6 2
513 888
1 18 1
514
1 17 1
521
1 33 1
522
1 11 1
523
1 23 1
525
1 6 1
526
1 30 1
527
1 18 1
528
1 31 1
530
1 37 1
531
1 14 1
535
1 32 1
537
1 25 1
539
1 31 1
541
1 32 1
542
1 10 1
543
1 9 1
544
1 16 1
551
1 13 1
552
1 16 1
554
1 12 1
555
1 21 1
556
1 16 1
565
1 8 1
572
1 22 1
582
1 31 1
584
1 14 1
585
1 20 1
591
1 16 2
592 773
1 23 1
595
1 40 1
596
1 23 1
597
1 15 1
600
1 16 1
602
1 13 1
606
1 9 1
608
1 27 1
616
1 24 1
617
1 18 1
618
1 15 1
621
1 13 1
625
1 33 1
627
1 19 1
630
1 32 1
631
1 4 1
633
1 18 1
634
1 31 1
636
1 19 1
638
1 28 1
640
1 24 1
641
1 8 1
642
1 32 1
643
1 24 1
648
1 32 1
650
1 27 1
653
1 12 1
655
1 20 1
664
1 21 1
665
1 24 1
667
1 23 1
678
1 38 1
686
1 29 1
687
1 9 1
688
1 19 1
689
1 7 1
690
1 33 1
691
1 10 1
692
1 16 1
698
1 13 1
699
1 20 1
701
1 21 1
703
1 16 1
704
1 25 1
706
1 14 1
707
1 18 1
708
1 30 1
711
1 19 1
715
1 16 1
722
1 26 1
724
1 17 1
725
1 21 1
727
1 21 1
728
1 10 1
729
1 19 1
730
1 39 1
737
1 4 1
739
1 22 1
745
1 8 1
756
1 25 1
757
1 23 1
758
1 17 1
759
1 16 1
760
1 21 1
761
1 23 1
763
1 17 1
774
1 22 1
776
1 12 1
780
1 13 1
781
1 15 1
783
1 25 1
784
1 27 1
785
1 26 1
791
1 25 1
792
1 21 1
795
1 15 1
798
1 26 1
801
1 25 1
808
1 29 1
811
1 29 1
815
1 15 1
817
1 6 1
820
1 29 1
821
1 24 1
823
1 14 1
825
1 25 1
826
1 21 1
828
1 27 1
831
1 18 1
833
1 11 1
836
1 23 1
837
1 18 1
839
1 19 1
840
1 24 2
842 897
1 39 1
843
1 11 1
844
1 13 1
846
1 10 1
849
1 16 1
854
1 4 1
855
1 21 1
860
1 14 1
862
1 17 1
863
1 9 1
867
1 10 1
872
1 25 1
874
1 35 1
876
1 19 1
877
1 21 1
878
1 30 1
884
1 24 1
886
1 12 1
890
1 24 1
893
1 12 1
898
1 23 1
899
1 25 1
900
1 26 1
901
1 35 1
902
1 33 1
905
1 16 1
906
1 38 1
907
1 23 1
908
1 27 1
915
1 7 1
916
1 23 1
917
1 38 1
927
1 34 1
930
1 18 1
932
1 14 1
936
1 22 1
942
1 21 1
943
1 17 1
947
1 28 1
952
1 21 1
953
1 28 1
955
1 16 1
957
1 17 1
962
1 19 1
963
1 31 1
965
1 12 1
971
1 22 1
974
1 7 1
975
1 16 1
978
1 29 1
983
1 20 1
984
1 21 1
987
1 24 1
988
1 24 1
990
1 13 1
991
1 25 1
992
1 11 1
996
