300 177 465 20
34 11 29 25 11 14 12 18 29 20 30 31 33 19 28 35 29 23 15 11 14 40 39 39 22 39 22 24 24 17 26 27 14 27 19 25 39 21 37 19 23 40 20 24 21 36 13 24 32 11 13 31 36 36 30 39 11 25 29 38 29 16 18 12 39 37 18 17 37 28 31 11 24 18 31 33 19 18 37 39 32 25 39 19 35 22 33 15 32 11 27 32 26 31 13 33 12 28 23 22 17 33 25 13 21 21 17 19 31 15 13 30 21 13 32 16 29 39 18 33 27 30 12 31 33 36 19 33 22 33 22 28 20 24 14 11 27 16 12 21 18 12 24 13 31 33 37 35 26 14 29 20 32 21 25 38 25 15 14 20 20 27 29 30 31 36 30 16 14 22 11 17 12 33 18 33 11 32 36 29 12 18 34 34 36 35 22 13 15 40 27 21 38 40 18 34 34 23 17 31 26 23 23 39 28 32 36 27 22 11 22 28 18 13 40 23 26 15 29 23 33 29 18 21 30 32 15 17 35 12 31 31 12 18 29 25 16 29 16 30 35 23 19 26 24 17 36 30 21 37 35 35 40 37 25 22 22 21 33 18 33 14 19 25 34 36 40 40 36 39 14 14 26 33 24 17 35 24 33 35 23 23 29 30 38 22 37 39 18 14 13 21 24 23 34 40 21 11 15 31
24 1 19 15 1 4 2 8 19 10 20 21 23 9 18 25 19 13 5 1 4 30 29 29 12 29 12 14 14 7 16 17 4 17 9 15 29 11 27 9 13 30 10 14 11 26 3 14 22 1 3 21 26 26 20 29 1 15 19 28 19 6 8 2 29 27 8 7 27 18 21 1 14 8 21 23 9 8 27 29 22 15 29 9 25 12 23 5 22 1 17 22 16 21 3 23 2 18 13 12 7 23 15 3 11 11 7 9 21 5 3 20 11 3 22 6 19 29 8 23 17 20 2 21 23 26 9 23 12 23 12 18 10 14 4 1 17 6 2 11 8 2 14 3 21 23 27 25 16 4 19 10 22 11 15 28 15 5 4 10 10 17 19 20 21 26 20 6 4 12 1 7 2 23 8 23 1 22 26 19 2 8 24 24 26 25 12 3 5 30 17 11 28 30 8 24 24 13 7 21 16 13 13 29 18 22 26 17 12 1 12 18 8 3 30 13 16 5 19 13 23 19 8 11 20 22 5 7 25 2 21 21 2 8 19 15 6 19 6 20 25 13 9 16 14 7 26 20 11 27 25 25 30 27 15 12 12 11 23 8 23 4 9 15 24 26 30 30 26 29 4 4 16 23 14 7 25 14 23 25 13 13 19 20 28 12 27 29 8 4 3 11 14 13 24 30 11 1 5 21
0 2 3
98 97 214
0 7 5
77 274 130 135 285
0 13 6
165 29 282 287 224 253
0 16 3
2 244 222
0 13 5
59 160 281 56 45
0 14 3
148 231 121
0 1 5
7 92 57 63 277
0 17 3
276 275 123
0 1 1
184
0 8 4
190 189 249 13
0 10 2
32 225
0 2 5
180 115 298 200 211
0 12 7
96 207 209 240 237 258 88
0 6 4
10 182 27 170
0 1 3
36 243 254
0 6 6
286 44 295 94 82 54
0 16 3
192 186 23
0 7 6
226 110 68 173 195 146
0 9 2
113 239
0 3 10
33 145 205 14 136 188 28 143 290 55
0 15 7
103 260 185 220 251 50 89
0 16 5
181 4 221 154 263
0 15 3
296 261 272
0 5 4
259 176 278 48
0 20 5
124 26 284 58 246
0 16 1
66
0 12 4
198 228 71 163
0 5 3
8 230 232
0 20 2
233 172
0 4 1
159
0 1 4
283 67 242 37
0 10 1
53
0 10 2
19 265
1 21 1
0
1 31 1
1
1 18 2
3 38
1 18 1
5
1 31 1
6
1 34 1
9
1 16 1
11
1 20 2
12 60
1 5 1
15
1 21 1
16
1 24 1
17
1 26 3
18 99 215
1 13 1
20
1 24 1
21
1 31 1
22
1 31 1
24
1 16 2
25 107
1 17 1
30
1 9 1
31
1 20 1
34
1 18 1
35
1 22 1
39
1 17 1
40
1 13 1
41
1 12 1
42
1 13 1
43
1 4 1
46
1 30 2
47 62
1 24 1
49
1 19 1
51
1 12 1
52
1 4 2
61 168
1 28 2
64 166
1 22 2
65 90
1 3 1
69
1 19 1
70
1 17 1
72
1 11 2
73 288
1 20 1
74
1 22 2
75 76
1 22 1
78
1 17 1
79
1 5 1
80
1 18 1
81
1 26 1
83
1 35 2
84 125
1 14 2
85 270
1 14 1
86
1 11 2
87 112
1 19 1
91
1 10 1
93
1 26 3
95 100 202
1 22 1
101
1 13 2
102 236
1 12 1
104
1 19 1
105
1 17 1
106
1 20 2
108 219
1 17 1
109
1 16 1
111
1 25 1
114
1 32 1
116
1 23 2
117 204
1 19 1
118
1 4 1
119
1 13 1
120
1 11 1
122
1 7 1
126
1 21 1
127
1 31 1
128
1 23 2
129 175
1 29 1
131
1 5 1
132
1 18 1
133
1 24 1
134
1 19 1
137
1 27 1
138
1 21 1
139
1 23 1
140
1 8 1
141
1 22 2
142 229
1 15 1
144
1 28 1
147
1 11 1
149
1 20 1
150
1 29 1
151
1 11 1
152
1 23 1
153
1 18 1
155
1 31 2
156 212
1 6 1
157
1 12 1
158
1 25 1
161
1 29 3
162 291 292
1 8 1
164
1 36 1
167
1 13 1
169
1 28 1
171
1 23 2
174 280
1 17 1
177
1 13 1
178
1 7 2
179 245
1 8 1
183
1 10 1
187
1 17 1
191
1 18 1
193
1 3 2
194 273
1 17 1
196
1 17 1
197
1 18 1
199
1 21 1
201
1 26 1
203
1 22 1
206
1 25 1
208
1 8 1
210
1 27 1
213
1 21 1
216
1 16 2
217 235
1 5 1
218
1 10 1
223
1 30 1
227
1 26 1
234
1 8 1
238
1 21 1
241
1 19 1
247
1 30 1
248
1 19 1
250
1 22 1
252
1 17 1
255
1 17 1
256
1 26 1
257
1 14 1
262
1 26 1
264
1 26 1
266
1 27 1
267
1 7 1
268
1 7 1
269
1 17 1
271
1 29 1
279
1 17 1
289
1 6 1
293
1 20 1
294
1 11 1
297
1 7 1
299
