1000 437 1550 18
31 26 30 34 30 39 22 31 34 38 40 23 26 29 32 23 27 34 21 39 32 30 28 29 26 27 35 34 29 29 29 28 30 25 20 14 23 39 31 30 28 16 28 16 26 23 26 17 22 32 36 29 12 28 31 25 34 16 23 21 34 20 13 24 12 21 33 17 32 33 16 37 38 15 18 27 40 35 30 18 12 31 36 38 40 26 25 40 36 15 22 35 13 19 24 38 18 37 29 30 34 18 24 14 15 21 36 39 40 11 37 18 15 36 34 40 11 14 30 33 37 33 21 23 22 22 26 21 26 31 36 36 40 35 19 19 31 40 12 37 27 22 27 16 16 16 36 24 18 35 27 25 40 13 36 28 15 12 22 28 29 22 28 22 14 13 34 32 17 23 36 17 16 27 23 29 34 16 38 22 30 35 29 25 25 29 37 27 22 31 17 26 37 16 12 19 29 26 34 11 21 33 29 30 36 26 20 37 17 20 39 31 18 30 39 20 33 34 28 23 38 32 16 12 27 12 28 18 30 25 32 27 40 38 29 25 31 21 19 22 30 32 11 27 34 16 16 40 22 19 18 31 35 13 34 37 36 28 31 33 26 32 15 36 23 12 33 19 20 32 27 29 17 15 18 15 32 20 37 36 20 27 39 22 31 27 19 25 13 19 27 32 36 30 26 13 30 34 18 14 13 33 33 35 23 15 19 38 30 35 15 20 32 15 16 25 22 38 23 24 33 26 34 23 24 28 30 21 35 14 34 31 28 23 26 23 32 21 35 12 22 39 25 36 11 14 26 16 15 30 26 16 24 17 25 28 20 28 19 14 34 21 23 18 20 25 13 28 19 20 32 18 24 27 35 33 27 26 20 23 13 27 17 31 12 23 16 21 17 22 26 27 22 37 30 18 30 40 14 31 14 13 34 39 34 12 26 37 38 36 16 13 31 21 19 35 37 20 30 34 19 37 16 16 40 18 17 39 24 31 31 21 35 38 34 22 17 14 12 26 14 23 32 28 14 33 13 16 16 34 11 23 33 16 24 37 30 40 16 38 15 26 19 22 16 38 34 31 36 25 25 17 39 40 19 34 19 39 14 33 23 32 12 13 23 15 29 23 28 27 32 19 33 39 34 25 30 26 38 19 35 29 16 34 13 27 25 23 37 12 38 39 39 26 21 28 19 33 33 20 19 23 30 34 21 26 21 21 39 39 17 18 21 40 32 12 35 22 17 12 28 19 28 32 24 40 24 21 15 40 13 36 33 26 29 26 22 19 16 31 13 20 17 14 31 25 23 25 16 29 26 26 12 25 19 24 20 16 14 34 23 13 32 18 35 37 18 20 12 34 23 37 24 23 34 20 24 14 38 13 37 12 21 28 39 11 12 12 26 40 29 30 32 38 24 28 14 11 16 32 37 24 18 25 39 13 15 23 15 40 26 37 34 30 25 27 39 26 19 11 23 25 22 18 25 40 14 27 19 26 40 11 14 20 19 23 34 22 28 21 21 24 21 22 36 13 23 37 39 34 22 25 24 22 12 30 15 26 24 13 30 27 26 32 18 30 24 21 33 15 30 12 15 30 16 30 38 30 25 33 31 38 15 39 14 14 30 34 38 12 15 20 18 16 31 17 19 25 30 33 13 11 11 19 11 29 15 14 27 21 19 25 13 13 24 35 20 33 29 22 25 30 19 35 12 32 27 30 19 32 33 26 11 27 23 27 27 37 21 20 14 21 26 20 18 19 20 11 18 22 38 28 25 20 37 24 39 19 37 12 25 35 39 26 38 17 24 12 18 35 27 25 15 32 22 12 15 26 17 32 30 35 11 11 31 14 27 32 28 29 20 29 14 28 39 35 24 23 28 24 39 23 23 40 20 15 19 18 34 17 26 14 22 34 15 35 15 19 27 18 34 14 15 32 35 34 18 40 14 32 23 37 19 35 40 26 16 16 37 12 30 21 21 29 34 32 17 40 39 33 29 26 12 39 14 30 22 12 15 39 35 39 15 40 39 36 18 32 12 20 33 27 31 32 14 17 39 36 36 27 30 30 38 26 19 25 17 30 39 21 37 18 14 36 28 20 27 24 16 31 27 38 38 18 39 34 21 29 21 40 18 39 39 24 20 28 33 28 33 20 13 25 24 29 19 11 22 36 37 13 12 24 20 20 31 20 32 26 22 12 14 17 23 11 27 18 21 17 20 22 24 19 27 35 31 19 21 37 23 11 36 19 19 16 37 13 36 18 25 28 31 17 23 13 28 36 22 25 38 14
21 16 20 24 20 29 12 21 24 28 30 13 16 19 22 13 17 24 11 29 22 20 18 19 16 17 25 24 19 19 19 18 20 15 10 4 13 29 21 20 18 6 18 6 16 13 16 7 12 22 26 19 2 18 21 15 24 6 13 11 24 10 3 14 2 11 23 7 22 23 6 27 28 5 8 17 30 25 20 8 2 21 26 28 30 16 15 30 26 5 12 25 3 9 14 28 8 27 19 20 24 8 14 4 5 11 26 29 30 1 27 8 5 26 24 30 1 4 20 23 27 23 11 13 12 12 16 11 16 21 26 26 30 25 9 9 21 30 2 27 17 12 17 6 6 6 26 14 8 25 17 15 30 3 26 18 5 2 12 18 19 12 18 12 4 3 24 22 7 13 26 7 6 17 13 19 24 6 28 12 20 25 19 15 15 19 27 17 12 21 7 16 27 6 2 9 19 16 24 1 11 23 19 20 26 16 10 27 7 10 29 21 8 20 29 10 23 24 18 13 28 22 6 2 17 2 18 8 20 15 22 17 30 28 19 15 21 11 9 12 20 22 1 17 24 6 6 30 12 9 8 21 25 3 24 27 26 18 21 23 16 22 5 26 13 2 23 9 10 22 17 19 7 5 8 5 22 10 27 26 10 17 29 12 21 17 9 15 3 9 17 22 26 20 16 3 20 24 8 4 3 23 23 25 13 5 9 28 20 25 5 10 22 5 6 15 12 28 13 14 23 16 24 13 14 18 20 11 25 4 24 21 18 13 16 13 22 11 25 2 12 29 15 26 1 4 16 6 5 20 16 6 14 7 15 18 10 18 9 4 24 11 13 8 10 15 3 18 9 10 22 8 14 17 25 23 17 16 10 13 3 17 7 21 2 13 6 11 7 12 16 17 12 27 20 8 20 30 4 21 4 3 24 29 24 2 16 27 28 26 6 3 21 11 9 25 27 10 20 24 9 27 6 6 30 8 7 29 14 21 21 11 25 28 24 12 7 4 2 16 4 13 22 18 4 23 3 6 6 24 1 13 23 6 14 27 20 30 6 28 5 16 9 12 6 28 24 21 26 15 15 7 29 30 9 24 9 29 4 23 13 22 2 3 13 5 19 13 18 17 22 9 23 29 24 15 20 16 28 9 25 19 6 24 3 17 15 13 27 2 28 29 29 16 11 18 9 23 23 10 9 13 20 24 11 16 11 11 29 29 7 8 11 30 22 2 25 12 7 2 18 9 18 22 14 30 14 11 5 30 3 26 23 16 19 16 12 9 6 21 3 10 7 4 21 15 13 15 6 19 16 16 2 15 9 14 10 6 4 24 13 3 22 8 25 27 8 10 2 24 13 27 14 13 24 10 14 4 28 3 27 2 11 18 29 1 2 2 16 30 19 20 22 28 14 18 4 1 6 22 27 14 8 15 29 3 5 13 5 30 16 27 24 20 15 17 29 16 9 1 13 15 12 8 15 30 4 17 9 16 30 1 4 10 9 13 24 12 18 11 11 14 11 12 26 3 13 27 29 24 12 15 14 12 2 20 5 16 14 3 20 17 16 22 8 20 14 11 23 5 20 2 5 20 6 20 28 20 15 23 21 28 5 29 4 4 20 24 28 2 5 10 8 6 21 7 9 15 20 23 3 1 1 9 1 19 5 4 17 11 9 15 3 3 14 25 10 23 19 12 15 20 9 25 2 22 17 20 9 22 23 16 1 17 13 17 17 27 11 10 4 11 16 10 8 9 10 1 8 12 28 18 15 10 27 14 29 9 27 2 15 25 29 16 28 7 14 2 8 25 17 15 5 22 12 2 5 16 7 22 20 25 1 1 21 4 17 22 18 19 10 19 4 18 29 25 14 13 18 14 29 13 13 30 10 5 9 8 24 7 16 4 12 24 5 25 5 9 17 8 24 4 5 22 25 24 8 30 4 22 13 27 9 25 30 16 6 6 27 2 20 11 11 19 24 22 7 30 29 23 19 16 2 29 4 20 12 2 5 29 25 29 5 30 29 26 8 22 2 10 23 17 21 22 4 7 29 26 26 17 20 20 28 16 9 15 7 20 29 11 27 8 4 26 18 10 17 14 6 21 17 28 28 8 29 24 11 19 11 30 8 29 29 14 10 18 23 18 23 10 3 15 14 19 9 1 12 26 27 3 2 14 10 10 21 10 22 16 12 2 4 7 13 1 17 8 11 7 10 12 14 9 17 25 21 9 11 27 13 1 26 9 9 6 27 3 26 8 15 18 21 7 13 3 18 26 12 15 28 4
0 12 23
816 206 178 453 826 253 480 819 182 59 405 25 549 515 485 114 361 763 811 127 973 84 787
0 4 5
601 30 529 406 854
0 16 24
342 243 63 817 118 334 147 148 824 382 384 528 140 835 57 504 437 525 912 672 547 55 569 293
0 19 11
285 653 100 623 34 179 374 593 597 951 174
0 12 11
223 823 875 78 776 358 527 784 490 609 649
0 4 1
201
0 9 8
205 472 44 564 981 565 619 977
0 7 9
186 896 828 733 699 588 930 166 133
0 15 11
301 33 692 687 913 706 266 621 142 684 860
0 7 7
130 573 95 416 940 786 274
0 14 2
350 312
0 6 13
129 545 15 830 400 788 168 513 631 642 697 37 380
0 4 6
373 705 173 407 128 533
0 19 19
863 997 749 744 156 283 984 22 286 800 498 143 356 893 49 592 578 481 770
0 17 4
136 290 746 870
0 18 14
228 368 929 0 785 559 827 458 552 617 656 709 644 233
0 16 1
747
0 7 15
402 590 79 145 230 499 273 419 536 275 431 475 895 471 736
0 4 18
417 508 108 441 461 120 897 801 426 606 713 655 214 610 882 917 844 339
0 16 4
960 861 982 543
0 1 5
782 813 463 432 436
0 7 5
987 990 561 251 397
0 15 15
141 304 586 115 161 376 284 599 377 751 637 511 611 986 249
0 20 17
603 638 979 6 470 244 584 717 988 925 602 68 234 509 287 170 604
0 3 2
889 579
0 20 1
734
0 5 19
742 450 332 867 306 268 558 90 131 224 908 89 232 66 674 51 252 196 255
0 9 10
738 422 665 328 690 80 282 315 180 757
0 5 17
920 438 83 151 460 632 21 866 523 52 555 344 790 907 563 978 386
0 4 3
222 370 740
0 5 17
424 197 9 172 264 884 248 29 492 957 352 375 362 901 550 629 694
0 12 1
843
0 2 18
918 681 477 279 5 904 881 153 663 714 152 964 409 203 648 320 812 922
0 4 7
211 491 858 193 628 99 105
0 13 19
398 88 242 923 313 630 962 652 577 421 562 135 715 716 297 117 365 42 17
0 7 11
754 24 678 469 444 945 726 452 992 731 236
0 19 18
852 583 394 45 693 464 215 401 489 112 721 947 686 483 560 832 56 668
0 9 5
473 792 399 227 351
0 7 2
516 271
0 14 14
658 933 229 764 938 324 96 474 160 41 367 758 537 433
0 17 2
292 195
1 20 3
1 278 544
1 18 2
2 518
1 23 1
3
1 22 1
4
1 23 2
7 798
1 20 1
8
1 13 3
10 101 546
1 6 1
11
1 22 1
12
1 35 1
13
1 27 2
14 500
1 22 1
16
1 22 2
18 366
1 14 1
19
1 8 1
20
1 35 1
23
1 11 4
26 237 403 766
1 19 4
27 62 729 975
1 12 5
28 210 418 737 976
1 9 2
31 357
1 11 3
32 539 814
1 11 1
35
1 8 1
36
1 10 1
38
1 14 2
39 725
1 17 3
40 302 355
1 24 3
43 360 768
1 23 3
46 589 791
1 19 3
47 745 815
1 32 1
48
1 21 1
50
1 10 2
53 567
1 15 3
54 163 831
1 7 1
58
1 20 1
60
1 16 1
61
1 28 1
64
1 26 2
65 134
1 22 2
67 246
1 27 1
69
1 22 2
70 902
1 25 3
71 486 856
1 16 3
72 669 842
1 16 1
73
1 19 2
74 676
1 28 1
75
1 23 3
76 343 598
1 24 2
77 972
1 20 2
81 291
1 17 1
82
1 23 2
85 482
1 31 1
86
1 12 1
87
1 12 1
91
1 28 1
92
1 25 3
93 673 741
1 25 2
94 608
1 20 1
97
1 22 2
98 568
1 26 1
102
1 19 1
103
1 17 1
104
1 21 4
106 263 277 392
1 32 1
107
1 17 2
109 259
1 8 2
110 261
1 13 5
111 445 520 948 995
1 8 1
113
1 22 1
116
1 25 2
119 396
1 26 2
121 779
1 39 1
122
1 20 3
123 680 774
1 8 1
124
1 24 1
125
1 21 2
126 311
1 21 2
132 718
1 15 2
137 666
1 21 1
138
1 32 1
139
1 9 2
144 404
1 22 2
146 345
1 22 2
149 220
1 9 1
150
1 14 3
154 501 645
1 24 2
155 878
1 6 3
157 696 953
1 17 1
158
1 32 1
159
1 21 1
162
1 17 2
164 369
1 19 1
165
1 14 2
167 462
1 10 3
169 204 446
1 18 1
171
1 27 3
175 239 689
1 14 2
176 695
1 25 3
177 755 876
1 34 2
181 371
1 11 1
183
1 14 1
184
1 32 1
185
1 16 3
187 494 845
1 33 2
188 837
1 10 2
189 750
1 11 2
190 888
1 10 1
191
1 30 2
192 199
1 5 2
194 524
1 28 3
198 727 810
1 19 3
200 647 675
1 11 1
202
1 35 1
207
1 12 2
208 892
1 25 2
209 323
1 24 2
212 934
1 19 2
213 794
1 22 1
216
1 28 2
217 625
1 11 1
218
1 27 2
219 378
1 16 1
221
1 19 2
225 898
1 9 2
226 257
1 24 1
231
1 30 1
235
1 34 1
238
1 9 3
240 327 971
1 17 2
241 316
1 27 1
245
1 5 2
247 797
1 19 1
250
1 17 2
254 667
1 38 1
256
1 22 1
258
1 26 1
260
1 39 2
262 640
1 22 2
265 636
1 9 1
267
1 20 1
269
1 21 1
270
1 17 2
272 425
1 16 1
276
1 8 1
280
1 13 1
281
1 28 2
288 963
1 27 2
289 970
1 23 1
294
1 21 1
295
1 9 2
296 479
1 24 1
298
1 26 3
299 585 833
1 35 2
300 849
1 7 2
303 411
1 12 2
305 553
1 8 1
307
1 21 4
308 331 519 909
1 25 2
309 639
1 33 2
310 622
1 19 3
314 385 936
1 31 1
317
1 18 3
318 514 914
1 23 2
319 772
1 31 1
321
1 25 1
322
1 26 1
325
1 10 2
326 442
1 16 3
329 364 760
1 29 1
330
1 13 1
333
1 11 1
335
1 11 2
336 347
1 33 1
337
1 12 1
338
1 19 2
340 657
1 12 1
341
1 9 1
346
1 24 2
348 753
1 26 1
349
1 31 2
353 439
1 8 1
354
1 19 1
359
1 18 1
363
1 23 1
372
1 31 1
379
1 13 2
381 651
1 15 1
383
1 12 1
387
1 27 1
388
1 10 1
389
1 6 1
390
1 24 2
391 607
1 29 1
393
1 25 3
395 428 887
1 19 1
408
1 36 1
410
1 11 1
412
1 26 1
413
1 27 2
414 685
1 24 2
415 796
1 27 1
420
1 34 2
423 956
1 16 1
427
1 5 1
429
1 26 1
430
1 13 1
434
1 19 1
435
1 16 1
440
1 11 1
443
1 23 2
447 615
1 9 1
448
1 7 1
449
1 18 2
451 708
1 22 1
454
1 13 1
455
1 35 1
456
1 16 1
457
1 33 2
459 582
1 23 1
465
1 23 1
466
1 21 2
467 996
1 23 1
468
1 11 1
476
1 16 1
478
1 22 1
484
1 14 1
487
1 29 1
488
1 30 1
493
1 18 1
495
1 23 1
496
1 28 3
497 635 943
1 24 2
502 839
1 17 3
503 710 743
1 21 1
505
1 31 1
506
1 19 1
507
1 16 1
510
1 21 3
512 703 872
1 14 1
517
1 16 1
521
1 25 1
522
1 34 2
526 807
1 22 2
530 808
1 26 2
531 542
1 24 1
532
1 36 3
534 848 959
1 32 1
535
1 19 2
538 633
1 8 1
540
1 26 1
541
1 11 1
548
1 14 1
551
1 13 1
554
1 35 2
556 851
1 20 1
557
1 20 1
566
1 13 1
570
1 35 1
571
1 9 1
572
1 23 2
574 659
1 13 3
575 612 662
1 10 1
576
1 22 3
580 759 877
1 24 1
581
1 5 1
587
1 19 1
591
1 37 1
594
1 9 1
595
1 21 1
596
1 17 1
600
1 38 1
605
1 17 1
613
1 34 1
614
1 10 1
616
1 19 1
618
1 21 1
620
1 20 2
624 886
1 10 1
626
1 19 2
627 932
1 27 1
634
1 23 1
641
1 10 1
643
1 18 1
646
1 9 2
650 955
1 11 1
654
1 23 1
660
1 19 1
661
1 22 1
664
1 15 1
670
1 11 1
671
1 29 2
677 961
1 29 1
679
1 39 1
682
1 17 1
683
1 40 1
688
1 20 1
691
1 21 1
698
1 22 1
700
1 28 1
701
1 16 1
702
1 32 2
704 865
1 11 1
707
1 18 1
711
1 14 2
712 778
1 24 4
719 769 850 949
1 19 1
720
1 20 1
722
1 19 2
723 967
1 33 1
724
1 12 1
728
1 20 1
730
1 12 2
732 974
1 24 2
735 874
1 16 2
739 795
1 23 1
748
1 20 2
752 937
1 24 2
756 847
1 8 2
761 890
1 36 1
762
1 16 1
765
1 21 1
767
1 25 1
771
1 6 1
773
1 29 1
775
1 30 1
777
1 16 1
780
1 26 1
781
1 17 1
783
1 28 1
789
1 16 1
793
1 22 1
799
1 13 1
802
1 12 1
803
1 28 2
804 840
1 19 1
805
1 35 1
806
1 10 2
809 891
1 23 1
818
1 12 1
820
1 31 4
821 868 903 980
1 20 1
822
1 20 1
825
1 35 1
829
1 23 1
834
1 8 1
836
1 12 2
838 946
1 23 1
841
1 11 1
846
1 28 1
853
1 31 1
855
1 35 1
857
1 26 1
859
1 21 1
862
1 26 1
864
1 11 1
869
1 19 1
871
1 9 1
873
1 31 1
879
1 20 1
880
1 9 1
883
1 22 2
885 928
1 27 1
894
1 23 1
899
1 19 1
900
1 8 1
905
1 11 1
906
1 36 1
910
1 29 1
911
1 28 1
915
1 10 1
916
1 13 1
919
1 22 2
921 952
1 38 1
924
1 20 1
926
1 19 1
927
1 7 1
931
1 19 1
935
1 8 1
939
1 13 1
941
1 19 1
942
1 16 1
944
1 24 1
950
1 23 1
954
1 31 1
958
1 23 1
965
1 7 1
966
1 29 1
968
1 32 1
969
1 20 1
983
1 5 1
985
1 21 1
989
1 30 1
991
1 6 1
993
1 33 1
994
1 14 1
998
1 14 1
999
