500 250 775 20
16 18 39 11 12 19 11 36 26 13 21 13 21 37 29 39 16 19 28 23 17 33 36 18 38 29 13 12 30 38 20 18 39 11 17 37 13 29 18 18 37 14 13 13 11 33 16 19 35 13 26 34 21 15 35 35 11 20 14 37 39 12 38 11 30 22 20 20 28 13 19 14 19 39 23 37 30 19 27 15 40 39 17 33 21 33 12 15 26 26 26 25 32 26 13 27 31 38 24 34 21 28 11 16 16 23 13 35 11 17 12 17 11 30 26 17 18 40 14 27 32 12 26 39 25 18 19 39 13 38 32 39 37 11 15 16 30 31 24 12 28 27 22 11 17 39 11 35 40 30 18 36 19 26 16 31 23 26 39 21 17 21 27 12 18 18 16 12 34 17 32 28 16 37 33 11 26 26 38 26 32 30 27 28 40 32 31 24 27 19 31 36 20 36 23 34 31 13 16 39 21 31 33 33 14 26 33 26 27 34 22 14 25 16 20 30 38 19 24 17 34 26 27 37 38 26 34 12 40 18 20 22 14 24 12 34 22 28 34 25 14 38 25 17 21 35 21 38 24 11 11 16 30 28 23 20 11 37 13 40 23 31 29 40 33 31 39 16 15 18 40 17 27 28 34 17 39 14 31 23 17 25 36 11 35 32 23 38 14 38 14 25 28 19 21 20 32 18 23 40 17 36 18 13 11 19 39 36 38 19 33 25 35 18 28 31 27 28 17 27 36 38 13 34 15 38 18 14 15 28 18 13 11 18 19 12 16 38 11 15 26 35 12 31 22 15 26 29 35 39 32 15 19 31 38 24 20 18 20 34 20 34 15 22 19 20 21 12 16 24 37 36 19 35 11 22 37 12 40 27 14 30 37 21 30 27 34 30 17 24 39 27 25 16 11 26 16 27 28 27 13 22 31 37 22 24 28 13 12 18 28 28 14 37 34 15 14 35 13 18 23 18 21 12 30 29 33 13 12 36 18 24 15 32 38 23 38 35 31 28 25 30 15 16 35 24 30 37 22 30 16 40 25 33 32 39 34 16 30 20 22 28 17 33 33 32 32 16 16 15 36 29 24 26 13 15 11 14 33 40 25 20 20 36 27 25 22 26 21 37 25 23 36 19 33 23 27 28 11 14
6 8 29 1 2 9 1 26 16 3 11 3 11 27 19 29 6 9 18 13 7 23 26 8 28 19 3 2 20 28 10 8 29 1 7 27 3 19 8 8 27 4 3 3 1 23 6 9 25 3 16 24 11 5 25 25 1 10 4 27 29 2 28 1 20 12 10 10 18 3 9 4 9 29 13 27 20 9 17 5 30 29 7 23 11 23 2 5 16 16 16 15 22 16 3 17 21 28 14 24 11 18 1 6 6 13 3 25 1 7 2 7 1 20 16 7 8 30 4 17 22 2 16 29 15 8 9 29 3 28 22 29 27 1 5 6 20 21 14 2 18 17 12 1 7 29 1 25 30 20 8 26 9 16 6 21 13 16 29 11 7 11 17 2 8 8 6 2 24 7 22 18 6 27 23 1 16 16 28 16 22 20 17 18 30 22 21 14 17 9 21 26 10 26 13 24 21 3 6 29 11 21 23 23 4 16 23 16 17 24 12 4 15 6 10 20 28 9 14 7 24 16 17 27 28 16 24 2 30 8 10 12 4 14 2 24 12 18 24 15 4 28 15 7 11 25 11 28 14 1 1 6 20 18 13 10 1 27 3 30 13 21 19 30 23 21 29 6 5 8 30 7 17 18 24 7 29 4 21 13 7 15 26 1 25 22 13 28 4 28 4 15 18 9 11 10 22 8 13 30 7 26 8 3 1 9 29 26 28 9 23 15 25 8 18 21 17 18 7 17 26 28 3 24 5 28 8 4 5 18 8 3 1 8 9 2 6 28 1 5 16 25 2 21 12 5 16 19 25 29 22 5 9 21 28 14 10 8 10 24 10 24 5 12 9 10 11 2 6 14 27 26 9 25 1 12 27 2 30 17 4 20 27 11 20 17 24 20 7 14 29 17 15 6 1 16 6 17 18 17 3 12 21 27 12 14 18 3 2 8 18 18 4 27 24 5 4 25 3 8 13 8 11 2 20 19 23 3 2 26 8 14 5 22 28 13 28 25 21 18 15 20 5 6 25 14 20 27 12 20 6 30 15 23 22 29 24 6 20 10 12 18 7 23 23 22 22 6 6 5 26 19 14 16 3 5 1 4 23 30 15 10 10 26 17 15 12 16 11 27 15 13 26 9 23 13 17 18 1 4
0 10 7
25 232 170 79 43 92 203
0 6 8
494 246 152 302 451 393 37 429
0 9 8
176 31 274 131 215 4 17 384
0 4 8
445 234 36 478 358 187 236 145
0 20 11
179 456 83 487 112 477 381 296 441 422 496
0 20 7
319 47 301 230 367 348 167
0 17 5
182 217 166 365 261
0 18 2
453 122
0 6 8
136 362 471 185 129 438 174 397
0 5 8
473 11 460 220 188 107 87 373
0 16 7
84 161 458 233 49 350 359
0 9 6
210 450 269 341 277 100
0 20 13
347 198 252 279 353 256 205 3 120 305 356 144 380
0 13 4
366 135 386 64
0 16 7
435 95 408 419 80 133 254
0 11 7
1 413 96 379 173 85 311
0 12 7
361 474 199 86 181 238 60
0 5 4
193 160 143 241
0 17 4
312 315 196 447
0 1 2
231 421
0 5 1
126
0 19 2
411 99
0 2 6
299 5 165 29 467 147
0 9 9
300 109 497 424 443 462 428 328 77
0 3 7
416 156 216 404 16 388 19
0 15 8
265 499 332 74 475 324 53 295
0 14 4
116 472 455 130
0 16 8
6 340 483 251 38 420 30 409
0 10 2
452 69
0 12 9
212 184 250 294 370 440 270 223 117
0 5 10
485 482 202 209 493 430 104 369 470 23
0 11 6
352 410 58 331 124 363
0 17 3
50 101 374
0 2 2
141 249
0 11 10
433 94 284 260 304 239 32 321 446 175
0 8 5
375 317 235 142 469
1 29 2
0 40
1 19 1
2
1 15 1
7
1 32 2
8 75
1 13 3
9 51 65
1 8 4
10 66 247 354
1 21 1
12
1 21 1
13
1 26 2
14 266
1 16 1
15
1 15 1
18
1 9 1
20
1 15 1
21
1 23 1
22
1 14 2
24 248
1 14 1
26
1 32 3
27 103 153
1 29 2
28 415
1 21 1
33
1 22 1
34
1 36 1
35
1 10 2
39 48
1 27 1
41
1 31 1
42
1 25 1
44
1 37 3
45 118 345
1 27 2
46 228
1 20 1
52
1 11 1
54
1 25 1
55
1 25 1
56
1 32 1
57
1 7 3
59 115 285
1 29 1
61
1 15 1
62
1 18 3
63 200 290
1 7 1
67
1 23 1
68
1 17 1
70
1 10 2
71 360
1 25 1
72
1 26 3
73 81 158
1 31 1
76
1 17 1
78
1 10 1
82
1 31 2
88 258
1 18 1
89
1 16 1
90
1 38 1
91
1 28 2
93 262
1 31 2
97 189
1 14 2
98 427
1 34 3
102 151 434
1 24 1
105
1 6 2
106 208
1 19 1
108
1 11 1
110
1 24 1
111
1 35 1
113
1 13 1
114
1 27 1
119
1 28 1
121
1 15 2
123 355
1 34 2
125 186
1 13 1
127
1 21 1
128
1 7 1
132
1 23 1
134
1 11 2
137 387
1 7 2
138 139
1 35 1
140
1 14 1
146
1 29 2
148 192
1 11 1
149
1 15 1
150
1 21 1
154
1 14 1
155
1 28 1
157
1 23 1
159
1 26 2
162 383
1 32 1
163
1 22 1
164
1 20 1
168
1 25 1
169
1 21 1
171
1 32 1
172
1 26 1
177
1 21 2
178 480
1 21 1
180
1 25 1
183
1 11 2
190 339
1 30 1
191
1 24 1
194
1 28 1
195
1 18 1
197
1 27 2
201 449
1 35 1
204
1 31 1
206
1 17 1
207
1 29 1
211
1 25 1
213
1 12 2
214 264
1 25 1
218
1 15 3
219 309 495
1 36 1
221
1 28 1
222
1 12 1
224
1 8 2
225 326
1 15 1
226
1 26 1
227
1 22 1
229
1 19 1
237
1 15 1
240
1 17 2
242 405
1 22 1
243
1 19 1
244
1 20 1
245
1 22 1
253
1 5 2
255 399
1 20 1
257
1 35 1
259
1 28 1
263
1 17 1
267
1 18 2
268 476
1 18 1
271
1 9 1
272
1 13 1
273
1 13 2
275 432
1 31 1
276
1 29 1
278
1 34 1
280
1 20 1
281
1 22 2
282 396
1 17 3
283 400 439
1 12 1
286
1 32 1
287
1 21 1
288
1 16 1
289
1 24 1
291
1 9 1
292
1 29 1
293
1 33 1
297
1 25 1
298
1 32 2
303 448
1 14 2
306 308
1 25 1
307
1 33 1
310
1 14 1
313
1 10 1
314
1 16 1
316
1 10 1
318
1 16 1
320
1 26 3
322 463 492
1 18 1
323
1 25 1
325
1 26 1
327
1 25 2
329 464
1 22 1
330
1 25 1
333
1 17 1
334
1 23 1
335
1 12 2
336 414
1 36 1
337
1 22 1
338
1 20 1
342
1 11 2
343 389
1 21 1
344
1 25 2
346 457
1 23 1
349
1 9 1
351
1 32 1
357
1 21 1
364
1 18 1
368
1 29 1
371
1 23 1
372
1 13 1
376
1 20 2
377 498
1 29 1
378
1 21 1
382
1 21 2
385 481
1 31 1
390
1 26 1
391
1 9 1
392
1 14 1
394
1 24 1
395
1 25 1
398
1 17 1
401
1 13 1
402
1 24 1
403
1 28 1
406
1 28 1
407
1 27 1
412
1 22 1
417
1 16 1
418
1 20 2
423 436
1 20 1
425
1 31 1
426
1 10 1
431
1 11 1
437
1 20 1
442
1 15 1
444
1 14 1
454
1 16 1
459
1 29 1
461
1 37 1
465
1 11 1
466
1 15 1
468
1 4 1
479
1 37 1
484
1 25 1
486
1 18 1
488
1 20 1
489
1 14 1
490
1 33 1
491
