1000 437 1550 18
39 12 14 38 19 35 13 19 35 39 22 33 37 18 29 12 35 27 32 37 26 37 22 38 19 24 14 32 26 17 34 19 15 30 18 30 26 31 23 20 35 18 28 34 35 28 36 21 21 23 13 28 21 13 31 16 13 11 15 15 25 19 20 30 17 22 19 30 12 37 20 37 36 22 25 20 27 20 12 21 33 21 22 13 14 24 18 26 18 31 12 22 13 22 12 26 38 17 31 15 20 25 20 28 36 40 18 34 11 17 26 12 39 26 29 22 36 13 11 12 26 15 21 30 14 25 31 20 40 22 34 39 22 16 11 14 16 15 29 33 40 20 32 14 13 11 29 16 38 35 25 19 36 36 26 21 26 26 33 20 14 28 16 19 12 38 38 13 15 17 32 33 13 39 17 19 18 18 32 24 32 18 18 23 32 36 13 11 33 20 28 28 11 28 28 21 12 27 35 31 20 25 38 29 30 25 30 33 15 11 20 16 34 16 39 14 19 30 14 30 20 17 22 13 22 28 17 36 32 15 20 37 22 40 24 36 35 36 32 17 22 23 13 27 33 30 24 29 18 25 13 36 32 25 21 26 21 19 19 24 26 12 24 30 19 39 21 28 40 22 39 38 11 32 33 11 26 22 16 28 30 14 22 28 18 18 14 19 24 17 37 31 19 16 17 12 15 18 15 20 28 11 11 34 15 39 21 29 16 39 28 23 22 23 28 29 14 11 36 19 25 33 39 16 40 16 22 14 11 34 24 37 32 27 24 31 12 33 35 33 25 16 26 39 25 17 15 29 13 17 25 33 40 34 28 13 24 22 29 39 30 39 32 20 21 40 13 13 20 38 39 12 26 31 32 13 37 21 23 33 14 37 25 29 32 27 14 11 14 38 15 35 20 37 12 21 34 34 14 23 16 20 34 32 30 37 21 20 32 11 20 24 12 20 25 15 31 20 34 35 34 19 20 34 19 15 37 19 21 33 11 39 12 13 20 20 12 23 36 32 27 16 18 31 30 32 13 12 37 18 31 37 33 23 29 27 21 16 24 40 16 14 17 14 31 28 38 29 17 17 29 13 20 22 25 29 36 29 26 33 19 23 17 35 39 15 16 34 32 29 31 20 40 21 39 16 12 38 11 28 13 15 29 32 29 28 30 34 29 24 17 40 14 24 22 13 29 16 20 18 19 26 32 28 30 20 32 30 32 21 32 37 12 33 34 12 25 11 13 14 38 13 39 34 33 35 36 28 22 14 38 32 26 39 16 29 28 22 27 20 30 22 16 39 22 14 19 38 19 30 27 23 38 16 38 16 20 13 39 23 14 23 38 36 27 40 23 29 27 15 14 22 38 38 29 26 38 27 40 22 37 29 30 21 18 24 14 20 15 29 25 21 37 40 21 20 33 13 14 37 16 21 18 13 37 22 17 29 27 30 23 11 15 29 37 14 18 14 25 23 33 25 29 16 33 33 24 30 16 17 14 36 35 35 13 36 21 33 12 28 25 21 29 15 33 30 30 12 25 29 29 21 29 12 23 31 23 38 36 11 25 39 18 28 38 39 20 22 34 38 23 29 37 35 19 26 21 22 33 20 28 16 14 12 24 28 23 26 13 36 32 33 11 24 27 16 28 15 11 21 22 20 19 40 28 22 35 38 16 39 33 17 35 26 29 27 14 12 12 11 30 26 26 39 40 22 27 35 13 18 29 29 39 14 23 22 39 34 21 21 14 25 18 14 36 17 23 29 36 33 26 26 37 38 13 25 28 21 28 16 40 19 13 34 30 18 29 31 30 26 27 29 16 23 20 40 21 16 40 20 15 25 28 21 18 13 28 29 39 29 11 16 38 25 24 28 38 24 40 33 25 30 34 24 21 33 23 33 16 25 20 40 24 40 40 18 21 14 18 28 18 35 11 22 22 36 36 27 17 15 19 21 21 39 13 33 27 21 28 16 31 17 39 18 17 38 12 27 25 40 17 32 30 37 32 11 15 38 21 34 12 34 16 30 15 15 20 12 27 39 16 23 29 29 30 22 38 23 34 22 15 14 17 35 20 11 27 27 34 23 14 17 11 27 40 20 39 21 20 40 17 40 20 40 38 27 15 20 28 18 34 19 15 37 21 23 13 34 33 12 31 33 15 23 40 23 40 27 20 29 11 23 23 34 37 33 20 24 31 38 37 15 14 27 20 14 19 27 14 30 32 31 17 17 32 33 19 36 31 38 15 36 11 13 15 15 16 30 39 22 31 32 34 17 11 28 36 24 12 26
29 2 4 28 9 25 3 9 25 29 12 23 27 8 19 2 25 17 22 27 16 27 12 28 9 14 4 22 16 7 24 9 5 20 8 20 16 21 13 10 25 8 18 24 25 18 26 11 11 13 3 18 11 3 21 6 3 1 5 5 15 9 10 20 7 12 9 20 2 27 10 27 26 12 15 10 17 10 2 11 23 11 12 3 4 14 8 16 8 21 2 12 3 12 2 16 28 7 21 5 10 15 10 18 26 30 8 24 1 7 16 2 29 16 19 12 26 3 1 2 16 5 11 20 4 15 21 10 30 12 24 29 12 6 1 4 6 5 19 23 30 10 22 4 3 1 19 6 28 25 15 9 26 26 16 11 16 16 23 10 4 18 6 9 2 28 28 3 5 7 22 23 3 29 7 9 8 8 22 14 22 8 8 13 22 26 3 1 23 10 18 18 1 18 18 11 2 17 25 21 10 15 28 19 20 15 20 23 5 1 10 6 24 6 29 4 9 20 4 20 10 7 12 3 12 18 7 26 22 5 10 27 12 30 14 26 25 26 22 7 12 13 3 17 23 20 14 19 8 15 3 26 22 15 11 16 11 9 9 14 16 2 14 20 9 29 11 18 30 12 29 28 1 22 23 1 16 12 6 18 20 4 12 18 8 8 4 9 14 7 27 21 9 6 7 2 5 8 5 10 18 1 1 24 5 29 11 19 6 29 18 13 12 13 18 19 4 1 26 9 15 23 29 6 30 6 12 4 1 24 14 27 22 17 14 21 2 23 25 23 15 6 16 29 15 7 5 19 3 7 15 23 30 24 18 3 14 12 19 29 20 29 22 10 11 30 3 3 10 28 29 2 16 21 22 3 27 11 13 23 4 27 15 19 22 17 4 1 4 28 5 25 10 27 2 11 24 24 4 13 6 10 24 22 20 27 11 10 22 1 10 14 2 10 15 5 21 10 24 25 24 9 10 24 9 5 27 9 11 23 1 29 2 3 10 10 2 13 26 22 17 6 8 21 20 22 3 2 27 8 21 27 23 13 19 17 11 6 14 30 6 4 7 4 21 18 28 19 7 7 19 3 10 12 15 19 26 19 16 23 9 13 7 25 29 5 6 24 22 19 21 10 30 11 29 6 2 28 1 18 3 5 19 22 19 18 20 24 19 14 7 30 4 14 12 3 19 6 10 8 9 16 22 18 20 10 22 20 22 11 22 27 2 23 24 2 15 1 3 4 28 3 29 24 23 25 26 18 12 4 28 22 16 29 6 19 18 12 17 10 20 12 6 29 12 4 9 28 9 20 17 13 28 6 28 6 10 3 29 13 4 13 28 26 17 30 13 19 17 5 4 12 28 28 19 16 28 17 30 12 27 19 20 11 8 14 4 10 5 19 15 11 27 30 11 10 23 3 4 27 6 11 8 3 27 12 7 19 17 20 13 1 5 19 27 4 8 4 15 13 23 15 19 6 23 23 14 20 6 7 4 26 25 25 3 26 11 23 2 18 15 11 19 5 23 20 20 2 15 19 19 11 19 2 13 21 13 28 26 1 15 29 8 18 28 29 10 12 24 28 13 19 27 25 9 16 11 12 23 10 18 6 4 2 14 18 13 16 3 26 22 23 1 14 17 6 18 5 1 11 12 10 9 30 18 12 25 28 6 29 23 7 25 16 19 17 4 2 2 1 20 16 16 29 30 12 17 25 3 8 19 19 29 4 13 12 29 24 11 11 4 15 8 4 26 7 13 19 26 23 16 16 27 28 3 15 18 11 18 6 30 9 3 24 20 8 19 21 20 16 17 19 6 13 10 30 11 6 30 10 5 15 18 11 8 3 18 19 29 19 1 6 28 15 14 18 28 14 30 23 15 20 24 14 11 23 13 23 6 15 10 30 14 30 30 8 11 4 8 18 8 25 1 12 12 26 26 17 7 5 9 11 11 29 3 23 17 11 18 6 21 7 29 8 7 28 2 17 15 30 7 22 20 27 22 1 5 28 11 24 2 24 6 20 5 5 10 2 17 29 6 13 19 19 20 12 28 13 24 12 5 4 7 25 10 1 17 17 24 13 4 7 1 17 30 10 29 11 10 30 7 30 10 30 28 17 5 10 18 8 24 9 5 27 11 13 3 24 23 2 21 23 5 13 30 13 30 17 10 19 1 13 13 24 27 23 10 14 21 28 27 5 4 17 10 4 9 17 4 20 22 21 7 7 22 23 9 26 21 28 5 26 1 3 5 5 6 20 29 12 21 22 24 7 1 18 26 14 2 16
0 20 19
711 527 164 745 798 733 307 557 498 660 902 419 652 368 179 375 602 342 161
0 1 5
774 864 820 947 344
0 20 16
28 504 761 213 721 153 533 755 481 2 923 802 40 445 270 27
0 12 3
239 859 884
0 18 14
155 516 480 804 299 956 834 328 200 985 378 114 266 737
0 8 12
563 879 714 682 603 550 259 398 781 653 67 674
0 8 16
371 275 632 508 803 170 20 685 479 395 963 931 867 532 305 209
0 4 12
645 32 425 596 736 309 988 978 574 513 751 484
0 20 4
966 442 469 900
0 2 1
448
0 13 16
648 703 890 722 225 488 85 818 318 836 829 276 868 202 970 556
0 9 3
918 944 316
0 10 20
635 968 75 689 601 609 31 604 422 99 418 41 765 659 334 529 88 853 298 891
0 9 8
323 360 429 489 543 538 204 29
0 2 8
151 501 912 14 788 175 889 412
0 5 19
337 152 757 847 522 753 699 167 81 705 536 561 833 281 84 60 241 792 325
0 18 6
277 594 296 105 406 929
0 4 1
73
0 12 1
628
0 18 13
423 723 6 438 482 871 226 739 784 44 607 697 546
0 19 7
185 82 349 858 760 898 286
0 19 16
144 612 870 255 819 353 709 908 440 775 56 271 718 982 756 747
0 11 17
251 129 892 116 98 523 863 447 135 83 742 459 366 289 102 156 683
0 4 18
22 979 308 591 458 666 403 100 260 390 69 379 728 934 218 509 332 771
0 12 13
314 994 708 159 676 87 626 12 631 965 590 354 38
0 11 2
150 738
0 8 7
452 331 548 878 633 942 813
0 10 12
267 377 140 433 143 346 576 939 518 191 734 130
0 12 5
974 896 992 608 443
0 17 8
215 559 587 166 646 71 823 542
0 19 17
13 933 865 160 109 232 106 502 7 235 568 95 832 131 329 234 780
0 19 4
656 456 149 217
0 5 10
541 869 938 453 355 959 182 187 138 687
0 6 20
427 61 92 55 101 706 201 945 710 25 70 10 758 45 528 247 787 670 972 969
0 19 13
913 588 924 228 993 382 490 104 901 352 661 569 127
0 8 5
948 23 473 384 625
0 14 20
460 351 268 124 237 363 341 806 724 651 411 17 205 80 906 941 930 43 801 827
0 18 15
62 178 995 373 857 321 675 797 789 361 66 650 990 285 887
0 18 2
265 822
0 1 4
211 567 319 610
1 28 2
0 989
1 39 4
1 65 369 702
1 27 2
3 795
1 18 2
4 920
1 29 3
5 515 877
1 23 1
8
1 10 3
9 668 772
1 28 2
11 282
1 28 3
15 122 510
1 16 4
16 416 696 837
1 32 5
18 76 133 485 839
1 22 2
19 512
1 20 1
21
1 28 3
24 273 497
1 38 1
26
1 31 1
30
1 27 1
33
1 13 1
34
1 20 1
35
1 35 1
36
1 13 1
37
1 24 1
39
1 24 1
42
1 12 1
46
1 19 2
47 68
1 29 2
48 188
1 18 1
49
1 20 1
50
1 28 1
51
1 24 1
52
1 24 4
53 176 288 454
1 40 2
54 494
1 27 3
57 578 665
1 37 1
58
1 6 1
59
1 24 3
63 370 927
1 13 1
64
1 14 2
72 991
1 22 1
74
1 28 4
77 137 620 880
1 20 1
78
1 22 2
79 254
1 38 2
86 112
1 30 1
89
1 28 3
90 261 333
1 5 1
91
1 19 3
93 291 405
1 13 2
94 874
1 38 2
96 313
1 26 1
97
1 24 5
103 222 595 743 777
1 27 4
107 258 507 606
1 32 3
108 396 935
1 24 3
110 842 888
1 27 1
111
1 31 2
113 643
1 19 1
115
1 37 1
117
1 17 2
118 872
1 24 3
119 171 727
1 38 2
120 598
1 12 3
121 125 952
1 17 2
123 521
1 25 2
126 716
1 39 3
128 520 562
1 30 3
132 244 677
1 18 3
134 915 986
1 37 1
136
1 28 1
139
1 8 1
141
1 8 1
142
1 26 4
145 256 461 940
1 33 1
146
1 38 2
147 740
1 11 1
148
1 32 1
154
1 39 3
157 212 903
1 16 3
158 457 840
1 32 1
162
1 32 1
163
1 9 2
165 811
1 4 1
168
1 29 1
169
1 14 2
172 415
1 19 1
173
1 20 1
174
1 30 3
177 350 886
1 19 1
180
1 17 1
181
1 19 1
183
1 23 2
184 327
1 30 3
186 560 964
1 36 2
189 746
1 28 1
190
1 38 3
192 193 671
1 25 2
194 551
1 23 1
195
1 27 4
196 637 640 764
1 21 2
197 547
1 30 1
198
1 37 1
199
1 39 1
203
1 20 4
206 434 600 856
1 23 1
207
1 37 1
208
1 30 1
210
1 19 2
214 393
1 25 2
216 779
1 12 1
219
1 5 1
220
1 17 2
221 493
1 31 1
223
1 34 3
224 279 365
1 39 1
227
1 21 2
229 782
1 31 3
230 302 957
1 10 1
231
1 23 4
233 284 287 828
1 31 1
236
1 20 3
238 496 630
1 20 2
240 962
1 21 1
242
1 32 1
243
1 15 3
245 386 882
1 38 1
246
1 26 1
248
1 37 1
249
1 31 1
250
1 39 2
252 838
1 38 3
253 301 407
1 9 3
257 311 431
1 30 2
262 483
1 22 1
263
1 15 1
264
1 32 2
269 817
1 22 1
272
1 13 1
274
1 30 1
278
1 25 1
280
1 19 2
283 421
1 24 1
290
1 36 1
292
1 29 1
293
1 32 2
294 555
1 39 1
295
1 10 1
297
1 16 2
300 503
1 21 1
303
1 26 3
304 372 768
1 6 3
306 539 735
1 12 1
310
1 37 3
312 400 783
1 17 2
315 911
1 24 1
317
1 20 1
320
1 28 1
322
1 30 1
324
1 29 1
326
1 29 1
330
1 14 3
335 951 996
1 25 2
336 866
1 19 1
338
1 32 1
339
1 18 1
340
1 37 1
343
1 27 1
345
1 18 3
347 577 770
1 38 1
348
1 27 1
356
1 24 4
357 367 617 664
1 25 1
358
1 24 1
359
1 18 1
362
1 12 2
364 558
1 31 2
374 752
1 23 1
376
1 28 1
380
1 12 2
381 636
1 21 1
383
1 18 1
385
1 11 2
387 525
1 31 2
388 851
1 37 1
389
1 15 3
391 545 893
1 22 2
392 910
1 30 1
394
1 27 2
397 439
1 7 1
399
1 31 1
401
1 23 2
402 729
1 28 1
404
1 25 1
408
1 36 2
409 998
1 24 2
410 499
1 28 1
413
1 23 1
414
1 29 2
417 583
1 5 1
420
1 24 2
424 506
1 31 1
426
1 31 1
428
1 30 1
430
1 23 2
432 492
1 10 1
435
1 17 1
436
1 29 1
437
1 30 1
441
1 38 1
444
1 38 1
446
1 22 2
449 597
1 16 2
450 678
1 21 1
451
1 20 1
455
1 13 1
462
1 28 1
463
1 35 1
464
1 29 3
465 593 967
1 7 2
466 921
1 20 1
467
1 15 2
468 615
1 27 2
470 491
1 24 1
471
1 37 3
472 540 730
1 38 1
474
1 37 2
475 807
1 20 1
476
1 30 1
477
1 28 1
478
1 18 1
486
1 37 1
487
1 23 3
495 573 850
1 10 1
500
1 7 1
505
1 25 1
511
1 23 2
514 572
1 15 2
517 955
1 22 1
519
1 29 2
524 654
1 23 1
526
1 20 1
530
1 39 1
531
1 29 1
534
1 35 1
535
1 21 1
537
1 26 2
544 712
1 30 1
549
1 32 1
552
1 24 2
553 904
1 25 1
554
1 22 1
564
1 21 1
565
1 17 1
566
1 31 1
570
1 29 1
571
1 17 1
575
1 16 2
579 647
1 33 1
580
1 21 2
581 680
1 14 1
582
1 11 1
584
1 36 1
585
1 31 1
586
1 17 1
589
1 39 1
592
1 10 1
599
1 22 2
605 691
1 27 1
611
1 16 2
613 614
1 32 2
616 749
1 34 2
618 649
1 8 2
619 899
1 25 2
621 821
1 24 1
622
1 13 2
623 894
1 3 1
624
1 30 1
627
1 18 1
629
1 38 1
634
1 11 1
638
1 31 1
639
1 11 1
641
1 6 1
642
1 26 1
644
1 10 1
655
1 25 1
657
1 28 1
658
1 24 1
662
1 26 1
663
1 32 1
667
1 15 1
669
1 32 2
672 873
1 28 1
673
1 22 1
679
1 20 1
681
1 25 1
684
1 29 1
686
1 14 1
688
1 26 2
690 767
1 20 1
692
1 30 1
693
1 36 1
694
1 39 1
695
1 25 1
698
1 27 1
700
1 30 1
701
1 10 1
704
1 3 1
707
1 33 1
713
1 20 1
715
1 32 1
717
1 38 1
719
1 31 1
720
1 19 1
725
1 29 1
726
1 29 1
731
1 14 1
732
1 15 1
741
1 23 2
744 981
1 32 1
748
1 27 2
750 883
1 17 1
754
1 22 1
759
1 19 1
762
1 38 1
763
1 13 1
766
1 31 1
769
1 14 1
773
1 14 1
776
1 12 1
778
1 13 1
785
1 31 1
786
1 39 1
790
1 21 1
791
1 38 1
793
1 32 1
794
1 27 2
796 810
1 26 1
799
1 12 2
800 946
1 2 1
805
1 17 1
808
1 23 1
809
1 13 2
812 862
1 12 1
814
1 20 2
815 854
1 12 2
816 922
1 37 1
824
1 16 1
825
1 24 1
826
1 23 1
830
1 13 1
831
1 22 1
835
1 26 1
841
1 22 1
843
1 23 1
844
1 22 1
845
1 25 1
846
1 24 2
848 980
1 20 1
849
1 38 1
852
1 30 1
855
1 9 1
860
1 23 1
861
1 19 1
875
1 21 1
876
1 19 1
881
1 39 1
885
1 30 1
895
1 14 1
897
1 10 1
905
1 17 2
907 932
1 14 1
909
1 30 2
914 950
1 20 1
916
1 21 1
917
1 23 1
919
1 39 1
925
1 30 1
926
1 22 1
928
1 14 1
936
1 20 1
937
1 26 1
943
1 22 1
949
1 12 1
953
1 23 1
954
1 16 1
958
1 15 1
960
1 26 1
961
1 6 1
971
1 12 1
973
1 27 1
975
1 27 1
976
1 31 1
977
1 9 1
983
1 17 1
984
1 37 1
987
1 27 1
997
1 13 1
999
