700 389 1085 20
26 12 12 11 18 15 39 33 40 11 14 30 37 30 16 21 16 13 17 36 17 16 21 19 29 36 26 39 11 35 23 37 20 23 24 40 13 30 31 36 15 36 38 26 16 35 16 13 34 40 12 40 15 27 18 27 39 25 13 13 32 38 18 40 36 28 40 37 32 17 14 13 31 27 24 38 32 34 34 23 35 18 23 21 38 14 37 40 39 30 24 18 21 18 28 13 29 27 32 12 40 28 33 23 35 22 34 31 20 30 21 37 37 24 34 12 16 12 22 25 36 27 25 36 21 18 22 15 29 36 19 20 14 28 16 30 19 26 32 27 30 23 17 11 25 25 17 19 14 29 24 28 34 25 13 32 23 16 20 32 13 12 34 37 16 15 18 29 25 22 28 26 23 22 31 34 33 22 13 26 12 32 34 38 32 26 37 35 28 33 27 34 27 23 24 39 39 18 34 17 34 15 32 30 40 13 24 32 32 27 24 14 37 24 39 30 34 20 39 40 33 24 38 26 38 11 29 20 27 15 36 30 38 37 24 15 32 39 23 40 34 11 16 35 13 24 31 29 36 22 12 18 23 15 38 28 34 19 27 17 37 23 33 23 30 25 28 18 38 24 24 11 25 27 29 40 40 19 24 13 34 19 23 29 35 24 38 19 15 34 34 18 36 32 21 18 31 18 25 37 19 31 33 12 19 11 28 27 39 36 35 22 36 11 29 23 27 24 18 35 16 20 15 39 35 14 35 26 23 40 34 33 34 15 17 30 14 30 20 20 26 19 39 11 38 14 29 25 13 28 19 12 20 40 32 17 19 32 17 14 39 18 36 31 28 26 38 12 19 15 28 16 25 21 21 11 40 38 13 18 11 23 31 30 25 28 22 26 34 28 22 17 40 26 34 33 12 26 15 19 40 37 22 31 27 19 28 32 20 34 30 18 18 38 14 34 13 33 31 20 40 15 29 20 33 15 31 21 28 32 39 37 17 29 18 25 30 29 20 31 32 29 19 18 35 37 39 14 26 20 31 32 13 13 23 30 16 30 37 16 13 38 30 16 17 18 31 14 36 11 38 25 34 22 12 36 24 15 14 33 26 36 39 18 15 40 15 37 22 37 23 37 17 21 20 20 38 13 35 34 25 36 19 14 16 26 27 28 21 40 38 36 35 18 11 23 27 24 28 39 11 21 25 22 25 14 18 28 23 15 34 19 34 32 36 15 37 27 39 21 19 12 20 39 21 16 15 39 15 15 21 29 28 11 32 31 40 29 40 28 27 32 34 22 40 38 14 32 24 21 37 27 32 16 34 17 34 37 24 33 29 28 25 31 37 28 13 23 38 34 19 22 33 18 11 36 38 30 34 26 33 14 29 25 14 36 14 15 38 31 28 18 15 21 27 28 22 34 27 18 21 30 25 37 25 28 21 24 11 12 24 30 40 31 37 22 31 33 14 19 19 35 38 31 18 24 26 16 23 27 26 14 22 19 18 21 36 22 39 28 15 27 14 40 14 27 36 36 32 35 36 21 27 15 27 39 16 24 25 17 18 35 29 32 39 25 13 27 19 25 25 30 34 32 22 26 30 15 40 13
16 2 2 1 8 5 29 23 30 1 4 20 27 20 6 11 6 3 7 26 7 6 11 9 19 26 16 29 1 25 13 27 10 13 14 30 3 20 21 26 5 26 28 16 6 25 6 3 24 30 2 30 5 17 8 17 29 15 3 3 22 28 8 30 26 18 30 27 22 7 4 3 21 17 14 28 22 24 24 13 25 8 13 11 28 4 27 30 29 20 14 8 11 8 18 3 19 17 22 2 30 18 23 13 25 12 24 21 10 20 11 27 27 14 24 2 6 2 12 15 26 17 15 26 11 8 12 5 19 26 9 10 4 18 6 20 9 16 22 17 20 13 7 1 15 15 7 9 4 19 14 18 24 15 3 22 13 6 10 22 3 2 24 27 6 5 8 19 15 12 18 16 13 12 21 24 23 12 3 16 2 22 24 28 22 16 27 25 18 23 17 24 17 13 14 29 29 8 24 7 24 5 22 20 30 3 14 22 22 17 14 4 27 14 29 20 24 10 29 30 23 14 28 16 28 1 19 10 17 5 26 20 28 27 14 5 22 29 13 30 24 1 6 25 3 14 21 19 26 12 2 8 13 5 28 18 24 9 17 7 27 13 23 13 20 15 18 8 28 14 14 1 15 17 19 30 30 9 14 3 24 9 13 19 25 14 28 9 5 24 24 8 26 22 11 8 21 8 15 27 9 21 23 2 9 1 18 17 29 26 25 12 26 1 19 13 17 14 8 25 6 10 5 29 25 4 25 16 13 30 24 23 24 5 7 20 4 20 10 10 16 9 29 1 28 4 19 15 3 18 9 2 10 30 22 7 9 22 7 4 29 8 26 21 18 16 28 2 9 5 18 6 15 11 11 1 30 28 3 8 1 13 21 20 15 18 12 16 24 18 12 7 30 16 24 23 2 16 5 9 30 27 12 21 17 9 18 22 10 24 20 8 8 28 4 24 3 23 21 10 30 5 19 10 23 5 21 11 18 22 29 27 7 19 8 15 20 19 10 21 22 19 9 8 25 27 29 4 16 10 21 22 3 3 13 20 6 20 27 6 3 28 20 6 7 8 21 4 26 1 28 15 24 12 2 26 14 5 4 23 16 26 29 8 5 30 5 27 12 27 13 27 7 11 10 10 28 3 25 24 15 26 9 4 6 16 17 18 11 30 28 26 25 8 1 13 17 14 18 29 1 11 15 12 15 4 8 18 13 5 24 9 24 22 26 5 27 17 29 11 9 2 10 29 11 6 5 29 5 5 11 19 18 1 22 21 30 19 30 18 17 22 24 12 30 28 4 22 14 11 27 17 22 6 24 7 24 27 14 23 19 18 15 21 27 18 3 13 28 24 9 12 23 8 1 26 28 20 24 16 23 4 19 15 4 26 4 5 28 21 18 8 5 11 17 18 12 24 17 8 11 20 15 27 15 18 11 14 1 2 14 20 30 21 27 12 21 23 4 9 9 25 28 21 8 14 16 6 13 17 16 4 12 9 8 11 26 12 29 18 5 17 4 30 4 17 26 26 22 25 26 11 17 5 17 29 6 14 15 7 8 25 19 22 29 15 3 17 9 15 15 20 24 22 12 16 20 5 30 3
0 12 6
595 35 313 56 130 306
0 3 6
571 138 344 320 155 284
0 3 6
453 210 62 330 53 65
0 8 12
454 12 212 394 310 351 133 551 47 512 515 617
0 17 1
532
0 7 3
561 336 410
0 13 2
393 276
0 4 6
400 182 159 432 41 633
0 1 7
440 97 82 124 546 0 589
0 3 2
55 218
0 3 1
61
0 1 9
227 508 111 355 538 26 18 131 699
0 18 7
411 495 573 639 141 686 122
0 14 4
252 160 206 282
0 15 4
125 500 591 223
0 3 11
136 203 643 539 292 59 234 249 493 592 397
0 1 4
486 205 316 70
0 17 11
51 669 659 514 275 430 3 323 694 315 119
0 14 7
31 104 170 548 416 190 90
0 17 12
569 153 583 518 443 556 289 204 92 308 379 307
0 17 6
576 348 147 511 96 436
0 6 10
621 79 458 76 565 184 625 600 422 599
0 4 14
349 374 530 433 221 527 283 273 171 24 575 200 303 690
0 4 3
149 30 572
0 1 3
674 339 444
0 4 4
168 286 288 424
0 20 7
516 641 684 176 405 27 11
0 4 10
174 169 461 66 150 637 123 474 179 463
0 4 12
167 209 154 29 135 2 507 71 85 503 360 285
0 14 1
396
0 2 4
567 398 28 299
0 1 2
198 338
0 6 4
54 428 361 421
0 18 2
57 333
0 7 7
120 537 499 16 295 93 128
0 18 5
386 535 261 248 578
0 3 8
216 245 399 547 660 383 487 452
0 4 20
17 241 25 620 449 185 36 612 671 373 331 574 425 566 523 661 73 329 478 585
0 10 12
372 622 560 304 142 88 395 679 319 457 15 445
0 1 5
683 693 618 698 554
0 5 10
297 258 126 291 42 602 219 250 442 352
0 5 7
588 195 350 519 540 517 675
0 18 2
646 406
1 7 1
1
1 22 1
4
1 11 1
5
1 33 1
6
1 6 1
7
1 18 2
8 293
1 25 1
9
1 19 1
10
1 19 1
13
1 34 1
14
1 12 1
19
1 32 1
20
1 19 1
21
1 19 1
22
1 13 1
23
1 6 1
32
1 22 2
33 256
1 9 1
34
1 11 1
37
1 11 2
38 269
1 24 1
39
1 26 1
40
1 29 1
43
1 15 1
44
1 19 1
45
1 31 1
46
1 26 1
48
1 32 1
49
1 17 1
50
1 8 1
52
1 5 1
58
1 13 2
60 347
1 12 2
63 672
1 16 2
64 337
1 10 1
67
1 7 1
68
1 15 1
69
1 22 2
72 186
1 5 2
74 240
1 8 2
75 335
1 10 2
77 636
1 29 1
78
1 7 1
80
1 8 1
81
1 21 1
83
1 7 1
84
1 30 1
86
1 12 1
87
1 8 1
89
1 6 2
91 524
1 9 1
94
1 13 1
95
1 8 2
98 681
1 8 2
99 470
1 23 1
100
1 11 1
101
1 20 1
102
1 6 2
103 134
1 19 1
105
1 18 1
106
1 8 3
107 387 504
1 4 2
108 140
1 7 2
109 228
1 24 1
110
1 20 2
112 325
1 20 2
113 148
1 15 1
114
1 8 1
115
1 5 2
116 464
1 11 2
117 696
1 24 2
118 188
1 11 2
121 630
1 20 1
127
1 20 2
129 498
1 16 1
132
1 17 1
137
1 9 1
139
1 4 1
143
1 21 1
144
1 15 1
145
1 20 2
146 664
1 6 1
151
1 30 1
152
1 5 1
156
1 12 2
157 345
1 9 1
158
1 5 2
161 166
1 18 3
162 262 354
1 13 1
163
1 7 2
164 362
1 18 2
165 253
1 4 2
172 222
1 18 1
173
1 21 1
175
1 4 2
177 343
1 4 2
178 608
1 8 2
180 640
1 11 1
181
1 25 3
183 302 557
1 5 1
187
1 16 1
189
1 10 1
191
1 7 1
192
1 23 2
193 317
1 28 2
194 558
1 8 2
196 653
1 34 1
197
1 15 1
199
1 26 1
201
1 35 1
202
1 24 1
207
1 23 2
208 274
1 13 1
211
1 21 1
213
1 4 1
214
1 7 1
215
1 19 1
217
1 8 1
220
1 25 1
224
1 22 1
225
1 8 1
226
1 4 2
229 382
1 8 1
230
1 17 2
231 369
1 19 1
232
1 14 1
233
1 25 1
235
1 26 1
236
1 22 2
237 298
1 7 1
238
1 35 1
239
1 7 1
242
1 8 1
243
1 7 1
244
1 24 2
246 492
1 2 1
247
1 11 1
251
1 14 2
254 459
1 11 1
255
1 18 1
257
1 15 1
259
1 22 1
260
1 4 2
263 322
1 36 1
264
1 18 1
265
1 31 2
266 541
1 22 1
267
1 18 1
268
1 38 1
270
1 11 1
271
1 23 1
272
1 14 2
277 437
1 24 1
278
1 8 1
279
1 21 2
280 667
1 6 1
281
1 19 2
287 579
1 2 1
290
1 27 2
294 577
1 32 1
296
1 19 1
300
1 14 1
301
1 25 1
305
1 27 1
309
1 7 1
311
1 31 1
312
1 19 1
314
1 10 2
318 607
1 32 1
321
1 4 1
324
1 25 1
326
1 19 1
327
1 18 1
328
1 20 1
332
1 7 1
334
1 7 1
340
1 20 2
341 484
1 2 1
342
1 16 2
346 455
1 4 1
353
1 18 1
356
1 32 1
357
1 16 1
358
1 7 1
359
1 22 2
363 371
1 9 1
364
1 3 1
365
1 24 4
366 389 616 670
1 21 2
367 673
1 32 1
368
1 13 1
370
1 8 1
375
1 11 1
376
1 17 1
377
1 29 2
378 634
1 12 1
380
1 4 1
381
1 14 1
384
1 26 1
385
1 23 1
388
1 19 1
390
1 4 1
391
1 19 2
392 692
1 13 1
401
1 19 1
402
1 28 1
403
1 5 1
404
1 20 2
407 447
1 19 1
408
1 10 1
409
1 35 1
412
1 22 1
413
1 22 2
414 497
1 7 1
415
1 5 1
417
1 34 1
418
1 22 1
419
1 20 1
420
1 23 1
423
1 8 1
426
1 23 1
427
1 15 1
429
1 21 1
431
1 21 1
434
1 10 2
435 648
1 32 1
438
1 7 1
439
1 12 1
441
1 21 1
446
1 6 1
448
1 18 1
450
1 7 2
451 501
1 21 1
456
1 4 1
460
1 7 1
462
1 10 1
465
1 8 1
466
1 18 1
467
1 27 1
468
1 12 1
469
1 4 1
471
1 37 1
472
1 25 1
473
1 23 1
475
1 26 1
476
1 8 2
477 543
1 19 1
479
1 20 2
480 513
1 18 1
481
1 22 1
482
1 21 1
483
1 19 1
485
1 21 1
488
1 5 1
489
1 2 1
490
1 6 1
491
1 9 1
494
1 21 1
496
1 21 1
502
1 24 1
505
1 15 1
506
1 15 1
509
1 36 1
510
1 16 1
520
1 7 1
521
1 20 1
522
1 12 1
525
1 3 1
526
1 16 1
528
1 21 1
529
1 12 1
531
1 28 2
533 615
1 9 1
534
1 21 1
536
1 7 1
542
1 9 1
544
1 9 1
545
1 5 2
549 624
1 22 1
550
1 18 1
552
1 5 1
553
1 15 1
555
1 10 1
559
1 18 1
562
1 22 1
563
1 21 1
564
1 7 1
568
1 35 1
570
1 20 1
580
1 4 1
581
1 19 1
582
1 27 1
584
1 10 1
586
1 32 1
587
1 7 1
590
1 10 1
593
1 3 1
594
1 20 1
596
1 8 1
597
1 2 1
598
1 31 1
601
1 34 1
603
1 25 1
604
1 18 2
605 668
1 24 1
606
1 5 1
609
1 22 1
610
1 13 1
611
1 11 1
613
1 9 1
614
1 15 1
619
1 10 1
623
1 17 1
626
1 35 1
627
1 5 1
628
1 20 1
629
1 9 1
631
1 20 1
632
1 17 1
635
1 22 2
638 688
1 38 1
642
1 18 2
644 685
1 29 1
645
1 23 1
647
1 9 2
649 689
1 17 1
650
1 5 1
651
1 22 1
652
1 16 1
654
1 28 1
655
1 18 1
656
1 21 1
657
1 12 1
658
1 8 1
662
1 12 1
663
1 2 1
665
1 5 1
666
1 21 1
676
1 18 1
677
1 6 1
678
1 6 1
680
1 15 1
682
1 11 1
687
1 8 1
691
1 24 1
695
1 21 1
697
