800 365 1240 18
37 35 24 37 38 20 24 36 13 38 32 13 38 18 27 22 32 36 21 32 18 13 30 14 30 16 36 21 32 39 27 31 24 36 28 32 38 32 26 38 25 24 27 39 14 12 14 27 16 34 20 40 31 35 20 37 40 11 11 28 32 25 18 31 31 29 16 39 30 34 12 15 26 24 28 32 19 14 13 26 35 19 31 22 12 26 19 32 17 24 40 29 38 29 24 18 16 28 29 23 16 17 39 38 34 33 15 28 31 35 15 32 31 21 16 36 18 36 25 24 38 35 28 24 39 15 34 38 11 24 15 17 39 32 27 36 22 21 32 34 16 24 17 11 32 24 34 38 16 21 34 31 12 20 20 38 26 39 11 19 25 28 13 30 22 19 17 17 15 21 40 33 34 11 35 26 34 14 34 40 36 39 12 27 14 28 34 14 15 25 35 26 35 34 32 21 27 34 33 21 15 29 14 30 40 28 17 18 33 35 24 33 14 23 31 37 33 35 36 11 24 19 40 11 11 24 37 25 28 27 11 39 38 28 31 16 19 36 13 32 28 26 33 17 17 17 15 40 23 25 37 35 33 34 22 23 38 36 13 32 35 31 18 32 34 26 14 16 36 11 33 17 40 17 40 25 24 35 24 33 13 15 16 38 16 25 28 30 14 31 17 20 38 21 30 24 18 40 17 33 34 34 11 36 22 11 23 32 16 25 22 19 27 17 17 12 14 32 33 15 21 25 30 32 19 12 38 24 23 40 32 36 17 12 22 30 34 23 36 32 17 27 16 24 17 27 18 37 27 26 21 13 17 23 40 30 26 20 33 25 25 28 38 14 32 33 13 20 14 30 31 15 18 36 12 17 18 26 34 13 23 31 14 32 38 33 18 40 33 11 12 27 38 19 21 19 25 29 31 34 38 28 26 29 12 12 13 11 16 19 14 11 37 27 12 36 37 31 18 13 37 20 15 13 38 26 39 20 16 19 34 26 19 38 37 25 16 33 29 16 13 24 18 18 32 21 20 28 24 32 13 13 40 34 18 36 38 39 24 15 14 32 22 30 25 37 20 40 13 37 18 11 35 29 19 13 14 30 16 28 30 25 24 39 22 28 14 18 31 13 31 11 24 36 18 29 29 18 13 36 27 20 28 39 27 28 31 27 35 11 40 27 12 15 13 26 15 13 26 12 28 14 26 38 11 18 40 40 21 25 35 31 33 23 21 21 23 18 31 30 36 11 14 36 15 13 33 36 39 29 31 12 32 18 18 12 25 36 21 33 21 15 21 38 15 11 24 32 40 26 32 24 26 25 37 23 17 36 33 39 18 20 22 28 39 15 15 40 29 39 37 19 27 38 27 20 13 33 40 24 16 37 11 32 19 26 23 24 36 16 26 23 23 39 22 35 33 32 29 25 30 22 32 33 34 13 29 36 34 12 38 14 30 20 24 31 20 40 39 31 40 11 15 34 35 36 15 37 21 19 23 20 14 13 15 14 20 34 39 39 30 22 17 29 20 23 12 29 36 15 18 35 37 27 23 40 14 19 37 16 38 38 38 15 18 36 25 20 18 33 21 39 32 32 34 13 14 23 12 16 34 17 31 25 39 29 28 21 32 27 33 14 25 24 29 39 11 38 15 35 21 16 38 38 21 28 36 25 18 11 20 32 30 29 11 14 18 38 37 33 22 26 24 39 17 27 30 36 22 23 23 34 17 40 30 35 40 21 39 21 34 37 18 30 24 33 25 12 33 21 32 40 12 24 32 34 40 37 27 39 33 20 39 16 24 30 37 34 15 19 21 25 16 28 29 23 37 20 18 19
27 25 14 27 28 10 14 26 3 28 22 3 28 8 17 12 22 26 11 22 8 3 20 4 20 6 26 11 22 29 17 21 14 26 18 22 28 22 16 28 15 14 17 29 4 2 4 17 6 24 10 30 21 25 10 27 30 1 1 18 22 15 8 21 21 19 6 29 20 24 2 5 16 14 18 22 9 4 3 16 25 9 21 12 2 16 9 22 7 14 30 19 28 19 14 8 6 18 19 13 6 7 29 28 24 23 5 18 21 25 5 22 21 11 6 26 8 26 15 14 28 25 18 14 29 5 24 28 1 14 5 7 29 22 17 26 12 11 22 24 6 14 7 1 22 14 24 28 6 11 24 21 2 10 10 28 16 29 1 9 15 18 3 20 12 9 7 7 5 11 30 23 24 1 25 16 24 4 24 30 26 29 2 17 4 18 24 4 5 15 25 16 25 24 22 11 17 24 23 11 5 19 4 20 30 18 7 8 23 25 14 23 4 13 21 27 23 25 26 1 14 9 30 1 1 14 27 15 18 17 1 29 28 18 21 6 9 26 3 22 18 16 23 7 7 7 5 30 13 15 27 25 23 24 12 13 28 26 3 22 25 21 8 22 24 16 4 6 26 1 23 7 30 7 30 15 14 25 14 23 3 5 6 28 6 15 18 20 4 21 7 10 28 11 20 14 8 30 7 23 24 24 1 26 12 1 13 22 6 15 12 9 17 7 7 2 4 22 23 5 11 15 20 22 9 2 28 14 13 30 22 26 7 2 12 20 24 13 26 22 7 17 6 14 7 17 8 27 17 16 11 3 7 13 30 20 16 10 23 15 15 18 28 4 22 23 3 10 4 20 21 5 8 26 2 7 8 16 24 3 13 21 4 22 28 23 8 30 23 1 2 17 28 9 11 9 15 19 21 24 28 18 16 19 2 2 3 1 6 9 4 1 27 17 2 26 27 21 8 3 27 10 5 3 28 16 29 10 6 9 24 16 9 28 27 15 6 23 19 6 3 14 8 8 22 11 10 18 14 22 3 3 30 24 8 26 28 29 14 5 4 22 12 20 15 27 10 30 3 27 8 1 25 19 9 3 4 20 6 18 20 15 14 29 12 18 4 8 21 3 21 1 14 26 8 19 19 8 3 26 17 10 18 29 17 18 21 17 25 1 30 17 2 5 3 16 5 3 16 2 18 4 16 28 1 8 30 30 11 15 25 21 23 13 11 11 13 8 21 20 26 1 4 26 5 3 23 26 29 19 21 2 22 8 8 2 15 26 11 23 11 5 11 28 5 1 14 22 30 16 22 14 16 15 27 13 7 26 23 29 8 10 12 18 29 5 5 30 19 29 27 9 17 28 17 10 3 23 30 14 6 27 1 22 9 16 13 14 26 6 16 13 13 29 12 25 23 22 19 15 20 12 22 23 24 3 19 26 24 2 28 4 20 10 14 21 10 30 29 21 30 1 5 24 25 26 5 27 11 9 13 10 4 3 5 4 10 24 29 29 20 12 7 19 10 13 2 19 26 5 8 25 27 17 13 30 4 9 27 6 28 28 28 5 8 26 15 10 8 23 11 29 22 22 24 3 4 13 2 6 24 7 21 15 29 19 18 11 22 17 23 4 15 14 19 29 1 28 5 25 11 6 28 28 11 18 26 15 8 1 10 22 20 19 1 4 8 28 27 23 12 16 14 29 7 17 20 26 12 13 13 24 7 30 20 25 30 11 29 11 24 27 8 20 14 23 15 2 23 11 22 30 2 14 22 24 30 27 17 29 23 10 29 6 14 20 27 24 5 9 11 15 6 18 19 13 27 10 8 9
0 8 15
665 151 629 768 448 104 375 248 237 623 34 441 635 410 509
0 3 12
755 50 668 701 746 493 781 772 17 505 540 631
0 12 13
156 406 259 22 79 200 793 139 45 242 660 777 356
0 7 5
676 759 353 791 379
0 8 9
593 577 542 502 256 181 184 487 144
0 5 20
177 243 348 195 7 41 458 566 591 90 306 439 268 32 481 350 229 756 292 12
0 4 16
739 311 460 210 67 743 590 706 33 337 747 612 62 664 456 212
0 8 1
95
0 15 12
123 751 94 18 662 780 158 625 352 72 683 327
0 4 15
395 702 31 737 340 235 76 663 569 579 0 727 282 647 336
0 13 20
85 329 316 231 159 624 163 735 275 28 495 454 648 517 554 179 367 99 247 670
0 2 6
653 723 620 549 25 632
0 6 13
43 617 183 150 369 205 421 771 372 611 767 339 118
0 1 2
799 507
0 5 19
217 603 584 484 640 408 695 752 70 402 760 26 331 47 288 651 137 582 124
0 6 13
435 599 642 20 63 628 40 704 513 432 86 724 426
0 16 15
690 13 649 717 638 391 244 459 16 188 53 373 83 522 52
0 3 17
705 553 273 592 792 778 504 383 42 234 711 371 29 66 537 431 93
0 3 4
451 555 385 219
0 5 5
222 398 646 572 303
0 2 8
114 360 286 166 310 472 734 10
0 9 5
15 140 35 608 44
0 11 8
417 415 223 438 769 546 323 190
0 4 2
528 65
0 17 10
11 637 503 482 666 346 539 113 516 245
0 20 11
19 134 470 246 722 136 317 461 718 270 269
0 1 5
117 287 135 416 468
0 2 1
652
0 4 15
740 565 297 548 614 294 494 296 209 276 567 636 429 693 589
0 15 5
731 581 446 77 358
0 12 9
272 56 609 277 148 524 320 73 341
0 1 5
6 249 602 619 338
0 7 2
349 250
0 1 14
686 368 48 500 380 543 199 252 440 463 330 258 443 133
1 25 2
1 121
1 8 3
2 556 783
1 28 1
3
1 15 2
4 411
1 5 2
5 157
1 14 1
8
1 4 2
9 501
1 20 3
14 274 721
1 19 1
21
1 5 2
23 644
1 9 2
24 708
1 15 2
27 172
1 6 2
30 105
1 24 2
36 622
1 9 1
37
1 7 2
38 413
1 32 1
39
1 10 3
46 428 601
1 19 2
49 58
1 10 2
51 489
1 8 2
54 536
1 11 2
55 97
1 24 1
57
1 35 2
59 313
1 20 1
60
1 10 2
61 452
1 21 2
64 110
1 20 2
68 279
1 17 3
69 143 386
1 15 1
71
1 14 1
74
1 6 1
75
1 18 1
78
1 27 2
80 129
1 21 3
81 486 552
1 27 2
82 207
1 7 1
84
1 4 1
87
1 9 2
88 355
1 14 2
89 512
1 20 3
91 175 519
1 23 1
92
1 18 2
96 689
1 14 1
98
1 28 2
100 588
1 16 1
101
1 6 3
102 267 570
1 7 2
103 130
1 14 2
106 557
1 13 3
107 378 506
1 15 2
108 598
1 23 3
109 225 419
1 9 1
111
1 7 3
112 122 485
1 5 3
115 490 720
1 14 1
116
1 12 1
119
1 26 1
120
1 2 3
125 498 587
1 9 3
126 262 389
1 34 1
127
1 13 1
128
1 21 1
131
1 14 1
132
1 32 2
138 194
1 7 1
141
1 16 2
142 716
1 17 1
145
1 8 3
146 315 794
1 13 1
147
1 6 2
149 450
1 24 1
152
1 6 1
153
1 25 1
154
1 23 2
155 290
1 28 3
160 596 763
1 19 2
161 345
1 7 3
162 314 786
1 33 1
164
1 21 1
165
1 31 1
167
1 37 4
168 206 390 573
1 16 1
169
1 12 2
170 564
1 7 2
171 698
1 18 1
173
1 12 1
174
1 14 1
176
1 2 3
178 437 656
1 3 2
180 514
1 16 1
182
1 22 1
185
1 18 1
186
1 7 1
187
1 6 2
189 510
1 5 2
191 283
1 21 1
192
1 14 1
193
1 24 2
196 480
1 9 2
197 364
1 21 1
198
1 25 1
201
1 13 1
202
1 8 2
203 215
1 19 1
204
1 21 1
208
1 7 1
211
1 16 1
213
1 25 1
214
1 8 1
216
1 21 2
218 618
1 18 2
220 366
1 28 2
221 318
1 11 3
224 464 550
1 13 1
226
1 5 3
227 307 328
1 26 1
228
1 5 1
230
1 8 1
232
1 11 3
233 284 300
1 7 1
236
1 13 3
238 423 433
1 22 1
239
1 7 1
240
1 11 1
241
1 8 1
251
1 23 1
253
1 10 1
254
1 12 2
255 377
1 28 1
257
1 12 1
260
1 19 2
261 332
1 8 2
263 289
1 14 1
264
1 15 3
265 278 293
1 3 1
266
1 8 1
271
1 20 2
280 409
1 16 1
281
1 19 1
285
1 24 2
291 374
1 11 1
295
1 15 1
298
1 3 1
299
1 16 1
301
1 39 1
302
1 10 2
304 531
1 10 2
305 532
1 7 1
308
1 5 2
309 491
1 17 1
312
1 22 2
319 776
1 23 1
321
1 13 2
322 671
1 25 1
324
1 12 2
325 561
1 13 2
326 344
1 9 1
333
1 4 1
334
1 8 1
335
1 8 1
342
1 21 2
343 748
1 31 1
347
1 18 1
351
1 12 1
354
1 10 1
357
1 15 2
359 657
1 8 1
361
1 18 2
362 444
1 4 1
363
1 6 1
365
1 16 1
370
1 20 1
376
1 20 1
381
1 21 1
382
1 17 1
384
1 17 1
387
1 24 1
388
1 23 1
392
1 20 2
393 712
1 10 1
394
1 19 1
396
1 7 1
397
1 9 1
399
1 23 2
400 710
1 15 1
401
1 17 1
403
1 18 1
404
1 17 1
405
1 19 2
407 682
1 30 1
412
1 11 1
414
1 20 1
418
1 10 2
420 551
1 9 2
422 471
1 18 1
424
1 19 1
425
1 16 1
427
1 9 1
430
1 11 1
434
1 17 1
436
1 16 1
442
1 10 2
445 518
1 13 1
447
1 6 1
449
1 6 1
453
1 12 1
455
1 21 2
457 607
1 10 1
462
1 32 1
465
1 27 1
466
1 33 2
467 667
1 21 1
469
1 26 1
473
1 17 1
474
1 25 1
475
1 26 3
476 559 742
1 7 3
477 585 616
1 17 1
478
1 14 1
479
1 9 1
483
1 23 1
488
1 6 1
492
1 17 1
496
1 21 1
497
1 28 2
499 789
1 19 1
508
1 24 1
511
1 14 1
515
1 11 1
520
1 6 3
521 580 775
1 7 1
523
1 12 1
525
1 35 2
526 692
1 25 2
527 738
1 10 1
529
1 11 1
530
1 6 1
533
1 13 1
534
1 30 1
535
1 13 1
538
1 20 1
541
1 9 1
544
1 12 3
545 639 766
1 16 1
547
1 28 1
558
1 19 1
560
1 14 2
562 626
1 12 1
563
1 15 1
568
1 16 1
571
1 21 1
574
1 10 2
575 788
1 8 1
576
1 4 1
578
1 13 1
583
1 23 1
586
1 12 1
594
1 13 1
595
1 8 1
597
1 29 2
600 659
1 16 1
604
1 23 1
605
1 36 1
606
1 19 1
610
1 23 1
613
1 19 2
615 673
1 24 2
621 770
1 9 1
627
1 14 1
630
1 16 1
633
1 27 1
634
1 22 2
641 749
1 19 1
643
1 17 1
645
1 10 1
650
1 22 1
654
1 13 1
655
1 9 1
658
1 8 1
661
1 18 2
669 754
1 17 1
672
1 10 1
674
1 31 1
675
1 7 1
677
1 8 1
678
1 10 1
679
1 25 1
680
1 4 2
681 714
1 18 1
684
1 20 1
685
1 9 1
687
1 9 1
688
1 17 2
691 741
1 16 1
694
1 20 2
696 732
1 15 2
697 762
1 3 1
699
1 11 1
700
1 10 1
703
1 12 1
707
1 9 1
709
1 25 1
713
1 21 1
715
1 8 1
719
1 14 1
725
1 9 2
726 785
1 3 2
728 729
1 11 1
730
1 15 1
733
1 23 1
736
1 20 1
744
1 5 1
745
1 11 1
750
1 9 1
753
1 11 1
757
1 11 1
758
1 23 1
761
1 15 1
764
1 7 1
765
1 4 1
773
1 32 1
774
1 4 1
779
1 9 1
782
1 22 1
784
1 17 1
787
1 9 1
790
1 2 1
795
1 19 1
796
1 16 1
797
1 15 1
798
