800 430 1240 18
20 28 16 27 39 21 18 35 29 37 26 15 38 22 31 26 21 39 28 37 36 31 26 15 20 19 15 20 35 23 16 30 15 29 15 33 40 37 23 33 11 20 31 23 18 24 31 28 27 22 15 34 27 30 40 16 24 28 19 38 16 37 19 30 18 17 20 38 12 20 32 29 32 35 20 38 16 15 30 15 30 40 25 25 28 19 36 11 36 21 17 34 18 33 36 34 29 11 28 36 27 33 20 34 20 18 28 20 33 32 28 32 11 38 23 20 12 19 32 30 12 40 12 16 19 31 24 25 28 14 21 18 11 37 28 23 37 16 17 33 15 38 27 20 28 14 33 12 31 28 28 15 29 23 25 35 27 33 23 18 39 24 35 23 36 39 32 16 14 21 15 36 39 40 35 36 28 12 32 21 37 15 38 34 16 21 30 21 18 22 22 36 34 11 30 31 30 16 11 40 29 31 23 23 16 31 31 17 22 17 20 32 29 33 30 11 30 24 25 27 20 34 28 32 18 26 16 37 31 22 27 33 39 17 18 27 13 27 18 26 15 25 28 39 15 16 17 17 28 15 33 13 15 35 33 13 39 16 15 25 22 20 11 19 27 25 32 26 25 31 15 23 27 34 17 18 31 23 31 30 25 18 34 29 27 28 20 19 24 14 25 28 11 33 25 15 12 22 17 12 37 29 25 40 33 24 15 30 27 40 18 29 15 33 27 18 23 39 20 27 34 22 19 18 11 36 11 14 19 21 32 37 19 14 28 16 12 15 20 15 17 29 20 39 21 16 24 24 11 40 22 22 19 39 16 31 38 31 11 26 11 39 15 39 38 38 20 30 40 11 11 38 33 30 40 26 27 38 15 30 17 14 19 24 20 25 30 25 29 21 28 19 39 11 35 12 27 32 40 38 25 31 33 36 36 25 22 25 21 37 40 29 27 21 13 28 27 14 37 24 16 23 23 20 18 32 38 29 29 37 16 27 12 30 13 40 15 20 28 30 32 28 12 38 24 18 32 16 38 11 23 31 14 15 31 40 14 38 12 40 21 36 28 28 21 37 39 22 35 21 27 37 26 22 40 13 35 40 26 21 12 37 11 14 15 38 28 22 25 20 38 38 27 27 39 17 19 22 39 19 36 33 27 32 17 16 29 19 19 14 34 30 19 34 21 20 11 23 34 11 12 37 31 23 28 18 32 28 14 20 38 27 11 36 13 21 21 32 37 40 37 30 28 22 40 29 33 39 15 27 20 30 14 13 26 13 36 40 35 24 32 33 11 24 12 22 27 20 34 23 37 28 25 30 25 21 29 17 16 22 33 22 37 16 11 11 16 14 29 12 28 33 28 25 30 33 22 17 14 32 22 12 26 20 32 16 19 36 30 38 37 12 34 29 30 13 22 27 16 40 39 15 38 31 17 40 28 30 34 31 19 34 25 16 31 26 26 36 34 21 11 11 26 28 17 37 35 12 28 36 19 25 26 23 35 30 40 32 40 23 33 22 13 22 40 23 33 35 15 16 26 18 31 14 29 39 28 33 24 22 37 20 24 15 20 22 18 34 31 12 34 22 22 27 28 40 13 22 15 29 18 11 37 17 38 34 14 17 32 39 12 11 24 14 31 28 39 14 13 31 20 28 16 11 17 40 22 12 28 36 26 30 16 22 32 37 40 17 34 23 20 16 23 23 20 33 21 18 32 16 25 39 14 13 21 29 37 38 29 14 30 25 12 18 23 39 37 38 23 11 37 31 11 35 12 20 36 27 20 27 27 16 22 25 30 27 15 36 27 34 13 19 35 15 22 19 26 14 13 40
10 18 6 17 29 11 8 25 19 27 16 5 28 12 21 16 11 29 18 27 26 21 16 5 10 9 5 10 25 13 6 20 5 19 5 23 30 27 13 23 1 10 21 13 8 14 21 18 17 12 5 24 17 20 30 6 14 18 9 28 6 27 9 20 8 7 10 28 2 10 22 19 22 25 10 28 6 5 20 5 20 30 15 15 18 9 26 1 26 11 7 24 8 23 26 24 19 1 18 26 17 23 10 24 10 8 18 10 23 22 18 22 1 28 13 10 2 9 22 20 2 30 2 6 9 21 14 15 18 4 11 8 1 27 18 13 27 6 7 23 5 28 17 10 18 4 23 2 21 18 18 5 19 13 15 25 17 23 13 8 29 14 25 13 26 29 22 6 4 11 5 26 29 30 25 26 18 2 22 11 27 5 28 24 6 11 20 11 8 12 12 26 24 1 20 21 20 6 1 30 19 21 13 13 6 21 21 7 12 7 10 22 19 23 20 1 20 14 15 17 10 24 18 22 8 16 6 27 21 12 17 23 29 7 8 17 3 17 8 16 5 15 18 29 5 6 7 7 18 5 23 3 5 25 23 3 29 6 5 15 12 10 1 9 17 15 22 16 15 21 5 13 17 24 7 8 21 13 21 20 15 8 24 19 17 18 10 9 14 4 15 18 1 23 15 5 2 12 7 2 27 19 15 30 23 14 5 20 17 30 8 19 5 23 17 8 13 29 10 17 24 12 9 8 1 26 1 4 9 11 22 27 9 4 18 6 2 5 10 5 7 19 10 29 11 6 14 14 1 30 12 12 9 29 6 21 28 21 1 16 1 29 5 29 28 28 10 20 30 1 1 28 23 20 30 16 17 28 5 20 7 4 9 14 10 15 20 15 19 11 18 9 29 1 25 2 17 22 30 28 15 21 23 26 26 15 12 15 11 27 30 19 17 11 3 18 17 4 27 14 6 13 13 10 8 22 28 19 19 27 6 17 2 20 3 30 5 10 18 20 22 18 2 28 14 8 22 6 28 1 13 21 4 5 21 30 4 28 2 30 11 26 18 18 11 27 29 12 25 11 17 27 16 12 30 3 25 30 16 11 2 27 1 4 5 28 18 12 15 10 28 28 17 17 29 7 9 12 29 9 26 23 17 22 7 6 19 9 9 4 24 20 9 24 11 10 1 13 24 1 2 27 21 13 18 8 22 18 4 10 28 17 1 26 3 11 11 22 27 30 27 20 18 12 30 19 23 29 5 17 10 20 4 3 16 3 26 30 25 14 22 23 1 14 2 12 17 10 24 13 27 18 15 20 15 11 19 7 6 12 23 12 27 6 1 1 6 4 19 2 18 23 18 15 20 23 12 7 4 22 12 2 16 10 22 6 9 26 20 28 27 2 24 19 20 3 12 17 6 30 29 5 28 21 7 30 18 20 24 21 9 24 15 6 21 16 16 26 24 11 1 1 16 18 7 27 25 2 18 26 9 15 16 13 25 20 30 22 30 13 23 12 3 12 30 13 23 25 5 6 16 8 21 4 19 29 18 23 14 12 27 10 14 5 10 12 8 24 21 2 24 12 12 17 18 30 3 12 5 19 8 1 27 7 28 24 4 7 22 29 2 1 14 4 21 18 29 4 3 21 10 18 6 1 7 30 12 2 18 26 16 20 6 12 22 27 30 7 24 13 10 6 13 13 10 23 11 8 22 6 15 29 4 3 11 19 27 28 19 4 20 15 2 8 13 29 27 28 13 1 27 21 1 25 2 10 26 17 10 17 17 6 12 15 20 17 5 26 17 24 3 9 25 5 12 9 16 4 3 30
0 2 3
728 746 206
0 5 3
18 241 774
0 7 13
626 415 120 565 780 580 776 16 688 127 214 245 483
0 10 6
17 197 33 310 382 796
0 13 7
363 276 716 543 517 306 78
0 2 2
81 729
0 8 21
299 30 151 570 434 73 357 243 630 670 323 399 255 161 550 477 659 356 331 411 219
0 8 7
269 225 339 36 358 61 162
0 17 8
573 166 474 172 6 514 608 224
0 1 7
103 505 336 20 333 486 541
0 20 11
686 680 549 34 344 621 131 294 633 365 770
0 4 2
108 639
0 12 18
634 471 326 353 173 683 491 42 128 403 43 204 568 448 375 338 47 116
0 7 8
254 66 610 260 232 536 697 45
0 18 1
85
0 20 15
521 122 200 730 699 627 489 562 19 266 593 371 289 721 560
0 13 6
676 192 495 305 612 14
0 13 9
286 194 410 628 174 569 113 5 708
0 15 1
303
0 16 2
585 771
0 14 4
496 189 187 704
0 5 10
787 249 207 511 789 178 551 714 635 296
0 3 5
198 439 417 390 413
0 3 5
283 84 723 373 239
0 20 11
473 110 682 311 343 646 244 759 132 725 385
0 6 4
121 90 352 13
0 3 1
620
0 12 8
154 685 552 747 537 606 38 292
0 8 3
281 589 391
0 6 7
418 502 690 130 615 673 141
0 17 11
694 534 586 402 236 27 420 282 617 56 509
0 15 2
797 261
0 20 1
40
0 2 1
12
0 19 5
86 594 435 453 201
0 1 4
460 55 464 445
0 3 3
387 440 465
0 11 16
790 579 490 732 297 342 773 270 640 468 689 355 749 341 641 71
0 7 8
67 257 312 39 165 522 188 59
0 20 7
599 258 1 700 366 719 184
0 2 7
533 275 28 658 515 329 256
0 12 1
350
0 12 5
632 706 334 590 126
0 1 10
735 389 503 87 41 168 134 35 788 484
0 15 15
263 4 792 124 284 450 308 429 396 300 520 778 795 304 532
0 2 11
58 583 777 65 724 674 466 112 765 340 668
0 13 10
605 783 317 567 196 123 588 223 337 91
1 40 2
0 618
1 22 2
2 217
1 8 1
3
1 35 1
7
1 31 1
8
1 35 2
9 75
1 33 2
10 393
1 6 1
11
1 17 1
15
1 37 3
21 707 717
1 11 2
22 785
1 19 1
23
1 9 2
24 227
1 22 1
25
1 18 1
26
1 37 1
29
1 16 2
31 597
1 10 1
32
1 31 1
37
1 23 2
44 146
1 15 1
46
1 13 1
48
1 14 1
49
1 32 1
50
1 14 3
51 409 794
1 16 2
52 506
1 14 1
53
1 24 2
54 156
1 26 1
57
1 32 1
60
1 23 2
62 603
1 21 1
63
1 33 1
64
1 21 2
68 459
1 32 2
69 493
1 10 1
70
1 32 2
72 678
1 15 1
74
1 25 1
76
1 8 2
77 441
1 25 1
79
1 27 2
80 561
1 7 2
82 125
1 18 1
83
1 24 3
88 138 720
1 18 1
89
1 33 1
92
1 28 1
93
1 32 1
94
1 18 1
95
1 17 1
96
1 27 3
97 346 602
1 31 2
98 458
1 20 1
99
1 7 1
100
1 22 1
101
1 16 1
102
1 17 2
104 169
1 27 1
105
1 21 1
106
1 27 2
107 451
1 40 2
109 507
1 20 1
111
1 13 2
114 316
1 8 1
115
1 24 1
117
1 14 1
118
1 20 1
119
1 26 2
129 210
1 10 1
133
1 26 1
135
1 26 1
136
1 35 1
137
1 25 1
139
1 15 2
140 625
1 19 1
142
1 30 1
143
1 20 2
144 554
1 10 1
145
1 7 1
147
1 16 1
148
1 17 1
149
1 19 1
150
1 16 1
152
1 10 1
153
1 15 1
155
1 11 1
157
1 20 2
158 362
1 12 1
159
1 39 1
160
1 28 2
163 582
1 23 1
164
1 25 1
167
1 25 1
170
1 28 2
171 696
1 28 1
175
1 30 1
176
1 16 1
177
1 23 1
179
1 11 1
180
1 30 2
181 469
1 15 1
182
1 31 1
183
1 25 1
185
1 20 3
186 222 768
1 16 1
190
1 21 2
191 712
1 15 3
193 376 798
1 22 1
195
1 35 2
199 751
1 9 1
202
1 33 1
203
1 27 1
205
1 28 1
208
1 24 2
209 327
1 8 1
211
1 16 1
212
1 14 1
213
1 27 1
215
1 24 1
216
1 3 1
218
1 22 2
220 447
1 30 2
221 546
1 35 2
226 472
1 17 2
228 559
1 12 2
229 600
1 18 1
230
1 35 1
231
1 2 1
233
1 34 1
234
1 31 3
235 494 525
1 28 1
237
1 18 1
238
1 4 1
240
1 20 1
242
1 3 1
246
1 11 1
247
1 21 1
248
1 22 2
250 527
1 30 1
251
1 17 1
252
1 32 2
253 386
1 34 1
259
1 30 1
262
1 27 1
264
1 19 1
265
1 14 1
267
1 19 1
268
1 30 1
271
1 32 1
272
1 31 2
273 492
1 17 1
274
1 15 2
277 374
1 20 2
278 548
1 20 1
279
1 23 1
280
1 29 2
285 691
1 28 1
287
1 32 2
288 762
1 16 1
290
1 13 1
291
1 19 1
293
1 9 1
295
1 23 1
298
1 18 1
301
1 29 2
302 538
1 24 1
307
1 38 1
309
1 35 1
313
1 7 1
314
1 24 1
315
1 33 1
318
1 19 1
319
1 19 1
320
1 28 1
321
1 14 1
322
1 23 1
324
1 5 1
325
1 35 2
328 652
1 17 2
330 698
1 31 2
332 498
1 13 2
335 545
1 13 1
345
1 25 3
347 414 566
1 28 1
348
1 15 1
349
1 13 1
351
1 33 2
354 487
1 16 1
359
1 7 1
360
1 33 1
361
1 25 1
364
1 20 1
367
1 31 2
368 616
1 14 1
369
1 14 1
370
1 32 1
372
1 6 1
377
1 14 1
378
1 40 1
379
1 27 1
380
1 15 2
381 421
1 34 1
383
1 32 1
384
1 37 1
388
1 29 1
392
1 18 1
394
1 9 1
395
1 19 1
397
1 23 1
398
1 28 1
400
1 9 1
401
1 33 2
404 508
1 8 1
405
1 27 1
406
1 35 1
407
1 23 1
408
1 17 1
412
1 21 1
416
1 21 1
419
1 17 1
422
1 25 1
423
1 7 1
424
1 6 1
425
1 16 1
426
1 10 2
427 542
1 28 1
428
1 11 1
430
1 31 1
431
1 4 1
432
1 22 3
433 578 679
1 13 1
436
1 13 1
437
1 28 1
438
1 16 2
442 739
1 24 1
443
1 27 2
444 480
1 33 1
446
1 25 2
449 572
1 14 1
452
1 29 1
454
1 19 1
455
1 18 2
456 763
1 23 1
457
1 9 1
461
1 10 1
462
1 32 1
463
1 23 1
467
1 15 2
470 636
1 20 1
475
1 21 1
476
1 15 1
478
1 17 2
479 577
1 6 1
481
1 21 2
482 741
1 19 1
485
1 30 1
488
1 14 3
497 718 782
1 22 1
499
1 21 1
500
1 15 1
501
1 19 1
504
1 10 2
510 758
1 29 1
512
1 10 1
513
1 24 1
516
1 22 1
518
1 25 1
519
1 4 1
523
1 28 1
524
1 8 1
526
1 35 2
528 705
1 7 1
529
1 35 1
530
1 16 1
531
1 4 1
535
1 22 1
539
1 18 2
540 614
1 21 1
544
1 18 1
547
1 27 1
553
1 23 1
555
1 20 2
556 596
1 5 1
557
1 15 2
558 775
1 14 1
563
1 19 1
564
1 33 1
571
1 12 1
574
1 21 2
575 647
1 7 1
576
1 9 2
581 767
1 30 1
584
1 19 1
587
1 32 1
591
1 18 1
592
1 14 1
595
1 11 1
598
1 25 1
601
1 27 1
604
1 12 1
607
1 8 1
609
1 31 1
611
1 25 1
613
1 8 1
619
1 20 1
622
1 16 1
623
1 8 1
624
1 5 1
629
1 7 1
631
1 12 1
637
1 9 1
638
1 36 1
642
1 20 2
643 693
1 28 1
644
1 22 2
645 757
1 7 1
648
1 8 1
649
1 32 1
650
1 20 1
651
1 25 1
653
1 13 1
654
1 29 1
655
1 5 1
656
1 24 1
657
1 19 1
660
1 32 1
661
1 17 1
662
1 14 1
663
1 20 1
664
1 5 1
665
1 26 1
666
1 13 1
667
1 27 1
669
1 3 1
671
1 39 1
672
1 20 1
675
1 19 1
677
1 12 1
681
1 8 1
684
1 17 2
687 764
1 13 1
692
1 15 1
695
1 22 1
701
1 16 1
702
1 23 1
703
1 21 1
709
1 15 1
710
1 16 1
711
1 6 2
713 791
1 22 1
715
1 16 1
722
1 7 1
726
1 29 1
727
1 22 1
731
1 7 1
733
1 29 1
734
1 25 1
736
1 23 1
737
1 22 1
738
1 10 1
740
1 20 1
742
1 25 1
743
1 4 1
744
1 22 1
745
1 26 1
748
1 37 1
750
1 32 1
752
1 23 1
753
1 18 1
754
1 7 1
755
1 10 1
756
1 25 1
760
1 25 1
761
1 17 1
766
1 20 1
769
1 17 1
772
1 15 1
779
1 26 1
781
1 13 1
784
1 25 1
786
1 5 1
793
1 3 1
799
