800 358 1240 18
32 14 31 37 14 34 23 22 36 25 25 33 11 15 15 19 25 20 21 22 21 33 22 17 40 23 17 17 31 20 23 28 27 30 18 14 16 28 23 18 13 37 29 22 27 12 27 27 32 33 26 31 33 22 12 40 23 39 22 32 18 27 38 33 20 31 11 38 25 22 27 14 16 34 22 31 28 40 15 21 31 31 16 15 32 39 28 15 34 17 34 34 15 36 27 17 16 34 28 27 19 31 28 34 15 20 24 31 24 36 40 36 21 23 16 33 38 15 24 20 33 29 36 24 13 38 17 19 17 18 39 16 20 23 19 11 14 32 27 26 24 39 27 24 18 35 13 22 36 29 28 21 20 27 16 23 24 37 39 24 33 38 25 34 11 26 33 27 16 32 25 40 36 19 29 28 11 26 26 11 32 22 22 26 19 32 30 31 18 24 20 39 27 36 24 27 40 29 16 24 16 39 11 21 35 30 16 38 14 19 17 19 14 26 35 24 34 37 21 34 38 14 35 25 36 31 29 29 36 16 19 21 39 18 17 14 18 12 13 24 12 18 16 14 34 19 32 31 34 23 28 22 21 17 31 18 17 35 16 32 18 23 32 13 15 12 28 38 21 36 34 20 32 26 20 19 12 32 13 25 31 28 11 32 31 24 23 34 18 33 35 33 31 39 19 23 19 12 16 36 29 31 23 35 34 19 34 25 31 25 14 26 34 14 32 35 28 35 14 15 27 25 20 26 30 12 29 18 11 24 37 39 27 34 13 29 35 13 36 25 26 27 36 40 27 16 37 33 34 13 40 22 25 19 30 29 16 26 24 30 35 15 35 16 13 17 32 33 40 35 24 24 26 20 18 33 38 33 16 33 13 37 25 26 40 28 27 21 20 26 31 24 36 29 11 37 16 29 31 32 16 13 13 27 24 35 36 25 11 38 24 36 35 28 16 27 33 11 39 34 17 39 21 13 29 18 25 32 24 35 29 13 14 30 29 32 17 12 24 11 12 17 31 12 36 33 27 35 34 35 32 18 12 40 34 18 38 13 14 27 11 37 30 32 38 40 25 19 32 12 35 22 14 32 36 36 32 22 33 31 40 13 15 22 15 37 13 26 35 30 19 20 23 23 32 38 16 12 27 24 23 38 36 40 14 34 12 15 25 18 30 24 22 40 19 27 31 27 15 39 38 17 32 24 13 30 19 33 25 17 22 27 28 13 19 21 17 31 38 39 29 37 37 20 35 25 29 37 17 21 22 12 11 29 27 25 35 19 18 15 14 20 36 18 22 13 13 12 18 33 24 34 11 15 13 39 37 14 37 14 39 12 30 35 16 11 22 34 17 15 30 17 22 23 36 24 35 20 38 16 21 40 25 24 17 20 33 17 35 29 38 36 15 12 19 29 39 26 28 30 36 38 38 19 30 24 31 15 18 40 33 35 17 24 34 38 29 32 34 27 37 38 25 21 20 15 14 38 13 26 15 29 12 25 22 17 23 38 14 24 40 40 40 22 12 23 20 16 36 26 37 11 28 37 18 20 23 26 32 36 23 20 25 18 29 39 20 28 24 16 25 14 33 12 25 13 27 30 26 22 12 25 32 25 24 31 26 28 11 11 14 22 24 20 12 37 28 17 22 12 38 34 28 22 23 13 30 28 27 33 30 33 17 20 13 22 40 38 24 15 17 35 12 25 29 20 18 12 15 22 30 20 30 40 39 30 35 40 39 12 30 12 25 29 24 26 31 39 12 21 24 19 20 23 31 13 23 21 18 17 31 14 39 33 29 27 13 20 17 11 32 36 37 23 21 15 14 23 18 11
22 4 21 27 4 24 13 12 26 15 15 23 1 5 5 9 15 10 11 12 11 23 12 7 30 13 7 7 21 10 13 18 17 20 8 4 6 18 13 8 3 27 19 12 17 2 17 17 22 23 16 21 23 12 2 30 13 29 12 22 8 17 28 23 10 21 1 28 15 12 17 4 6 24 12 21 18 30 5 11 21 21 6 5 22 29 18 5 24 7 24 24 5 26 17 7 6 24 18 17 9 21 18 24 5 10 14 21 14 26 30 26 11 13 6 23 28 5 14 10 23 19 26 14 3 28 7 9 7 8 29 6 10 13 9 1 4 22 17 16 14 29 17 14 8 25 3 12 26 19 18 11 10 17 6 13 14 27 29 14 23 28 15 24 1 16 23 17 6 22 15 30 26 9 19 18 1 16 16 1 22 12 12 16 9 22 20 21 8 14 10 29 17 26 14 17 30 19 6 14 6 29 1 11 25 20 6 28 4 9 7 9 4 16 25 14 24 27 11 24 28 4 25 15 26 21 19 19 26 6 9 11 29 8 7 4 8 2 3 14 2 8 6 4 24 9 22 21 24 13 18 12 11 7 21 8 7 25 6 22 8 13 22 3 5 2 18 28 11 26 24 10 22 16 10 9 2 22 3 15 21 18 1 22 21 14 13 24 8 23 25 23 21 29 9 13 9 2 6 26 19 21 13 25 24 9 24 15 21 15 4 16 24 4 22 25 18 25 4 5 17 15 10 16 20 2 19 8 1 14 27 29 17 24 3 19 25 3 26 15 16 17 26 30 17 6 27 23 24 3 30 12 15 9 20 19 6 16 14 20 25 5 25 6 3 7 22 23 30 25 14 14 16 10 8 23 28 23 6 23 3 27 15 16 30 18 17 11 10 16 21 14 26 19 1 27 6 19 21 22 6 3 3 17 14 25 26 15 1 28 14 26 25 18 6 17 23 1 29 24 7 29 11 3 19 8 15 22 14 25 19 3 4 20 19 22 7 2 14 1 2 7 21 2 26 23 17 25 24 25 22 8 2 30 24 8 28 3 4 17 1 27 20 22 28 30 15 9 22 2 25 12 4 22 26 26 22 12 23 21 30 3 5 12 5 27 3 16 25 20 9 10 13 13 22 28 6 2 17 14 13 28 26 30 4 24 2 5 15 8 20 14 12 30 9 17 21 17 5 29 28 7 22 14 3 20 9 23 15 7 12 17 18 3 9 11 7 21 28 29 19 27 27 10 25 15 19 27 7 11 12 2 1 19 17 15 25 9 8 5 4 10 26 8 12 3 3 2 8 23 14 24 1 5 3 29 27 4 27 4 29 2 20 25 6 1 12 24 7 5 20 7 12 13 26 14 25 10 28 6 11 30 15 14 7 10 23 7 25 19 28 26 5 2 9 19 29 16 18 20 26 28 28 9 20 14 21 5 8 30 23 25 7 14 24 28 19 22 24 17 27 28 15 11 10 5 4 28 3 16 5 19 2 15 12 7 13 28 4 14 30 30 30 12 2 13 10 6 26 16 27 1 18 27 8 10 13 16 22 26 13 10 15 8 19 29 10 18 14 6 15 4 23 2 15 3 17 20 16 12 2 15 22 15 14 21 16 18 1 1 4 12 14 10 2 27 18 7 12 2 28 24 18 12 13 3 20 18 17 23 20 23 7 10 3 12 30 28 14 5 7 25 2 15 19 10 8 2 5 12 20 10 20 30 29 20 25 30 29 2 20 2 15 19 14 16 21 29 2 11 14 9 10 13 21 3 13 11 8 7 21 4 29 23 19 17 3 10 7 1 22 26 27 13 11 5 4 13 8 1
0 8 13
230 276 715 389 781 256 369 378 68 379 160 573 552
0 13 9
636 202 366 97 565 745 509 447 655
0 2 18
271 285 100 600 526 167 500 295 106 39 156 551 601 497 490 258 437 658
0 15 9
470 436 553 585 458 506 131 2 783
0 17 1
73
0 1 11
662 731 599 243 714 767 682 405 784 163 180
0 6 3
792 64 118
0 9 4
354 572 269 729
0 5 11
241 342 54 648 24 737 539 484 794 219 485
0 20 11
414 115 177 425 695 384 420 757 477 554 89
0 7 1
730
0 17 2
251 398
0 5 15
65 259 536 380 291 402 313 748 727 283 650 764 242 303 255
0 19 6
355 329 694 409 138 216
0 18 5
411 760 651 410 333
0 6 11
206 439 562 364 36 288 788 375 568 732 522
0 10 9
657 602 777 547 299 240 489 350 153
0 6 8
699 19 544 142 421 512 415 172
0 20 4
692 277 789 385
0 11 13
225 408 92 515 129 751 296 336 653 157 796 388 344
0 15 7
681 14 149 261 471 576 597
0 8 16
80 79 644 640 434 560 545 264 121 441 71 267 772 407 155 698
0 19 13
400 718 468 617 461 332 232 442 312 141 787 175 301
0 1 6
514 507 361 84 665 476
0 4 8
218 467 353 440 254 136 35 575
0 5 7
533 481 700 450 75 102 360
0 8 7
782 252 387 480 628 286 632
0 6 16
212 472 189 8 706 154 426 773 473 661 622 281 282 244 488 493
0 5 11
117 678 169 112 317 322 245 343 246 188 716
0 7 8
302 270 201 253 210 457 85 538
0 2 6
629 799 712 660 717 479
0 19 17
357 654 443 215 454 670 596 183 702 668 735 161 733 747 483 710 90
0 17 9
583 758 742 671 770 785 570 151 478
0 20 17
462 537 642 412 162 315 586 465 187 324 191 505 220 713 200 557 20
0 16 7
198 738 571 444 3 143 464
1 25 1
0
1 21 2
1 21
1 16 1
4
1 36 1
5
1 7 2
6 394
1 17 1
7
1 24 1
9
1 25 2
10 674
1 8 2
11 510
1 14 2
12 104
1 39 2
13 66
1 16 3
15 174 744
1 10 2
16 358
1 6 2
17 755
1 25 3
18 396 595
1 19 1
22
1 27 2
23 306
1 21 2
25 435
1 33 2
26 564
1 25 2
27 756
1 21 2
28 107
1 15 1
29
1 14 2
30 321
1 24 1
31
1 35 1
32
1 21 3
33 226 432
1 14 2
34 513
1 28 3
37 196 762
1 22 2
38 504
1 33 4
40 44 247 417
1 22 2
41 603
1 17 1
42
1 15 1
43
1 12 3
45 517 709
1 9 1
46
1 2 1
47
1 21 1
48
1 12 1
49
1 17 2
50 691
1 9 2
51 279
1 25 1
52
1 14 2
53 331
1 23 1
55
1 8 1
56
1 34 2
57 125
1 30 1
58
1 10 2
59 754
1 39 3
60 305 433
1 13 1
61
1 18 1
62
1 26 1
63
1 12 2
67 499
1 14 2
69 133
1 25 1
70
1 12 2
72 227
1 11 1
74
1 12 2
76 637
1 23 1
77
1 13 3
78 231 395
1 34 3
81 95 401
1 19 1
82
1 17 3
83 304 774
1 20 3
86 614 728
1 26 2
87 577
1 26 1
88
1 28 1
91
1 35 2
93 491
1 13 2
94 280
1 28 2
96 588
1 18 3
98 199 211
1 20 2
99 498
1 23 2
101 146
1 27 1
103
1 35 1
105
1 7 1
108
1 18 1
109
1 10 1
110
1 23 3
111 123 340
1 16 2
113 589
1 28 2
114 740
1 25 2
116 428
1 24 1
119
1 3 3
120 308 765
1 36 1
122
1 17 2
124 555
1 19 2
126 605
1 26 2
127 182
1 16 1
128
1 6 2
130 689
1 26 1
132
1 17 1
134
1 37 1
135
1 26 1
137
1 16 4
139 365 627 736
1 10 1
140
1 6 1
144
1 6 1
145
1 21 1
147
1 14 1
148
1 24 2
150 638
1 18 2
152 696
1 10 2
158 334
1 29 1
159
1 22 1
164
1 21 2
165 335
1 19 2
166 494
1 31 1
168
1 27 1
170
1 13 1
171
1 25 3
173 326 339
1 29 1
176
1 32 1
178
1 15 1
179
1 8 2
181 519
1 27 1
184
1 12 1
185
1 19 3
186 359 383
1 21 2
190 625
1 27 1
192
1 24 2
193 424
1 29 1
194
1 10 2
195 316
1 13 1
197
1 9 1
203
1 24 2
204 495
1 19 1
205
1 9 1
207
1 11 1
208
1 20 1
209
1 37 1
213
1 9 2
214 643
1 24 2
217 374
1 13 2
221 236
1 23 1
222
1 28 1
223
1 18 2
224 591
1 33 1
228
1 13 2
229 275
1 21 1
233
1 27 1
234
1 23 2
235 598
1 32 2
237 584
1 20 1
238
1 9 2
239 652
1 26 1
248
1 7 2
249 382
1 28 1
250
1 27 4
257 314 327 610
1 33 1
260
1 31 1
262
1 24 1
263
1 40 1
265
1 25 2
266 612
1 33 1
268
1 7 2
272 356
1 22 1
273
1 25 2
274 392
1 10 1
278
1 20 1
284
1 14 3
287 351 362
1 20 2
289 656
1 19 1
290
1 25 1
292
1 16 1
293
1 20 1
294
1 28 1
297
1 25 1
298
1 15 1
300
1 32 2
307 422
1 39 3
309 608 679
1 23 1
310
1 17 4
311 535 582 768
1 10 1
318
1 24 1
319
1 32 2
320 675
1 3 2
323 469
1 7 1
325
1 13 3
328 337 619
1 25 2
330 566
1 11 2
338 798
1 19 2
341 559
1 15 1
345
1 28 2
346 616
1 20 1
347
1 21 2
348 775
1 26 1
349
1 31 2
352 446
1 40 1
363
1 26 2
367 623
1 21 1
368
1 12 1
370
1 10 3
371 386 673
1 10 4
372 397 524 615
1 37 2
373 721
1 21 1
376
1 38 2
377 416
1 28 1
381
1 23 1
390
1 12 2
391 680
1 11 2
393 620
1 22 1
399
1 7 1
403
1 13 1
404
1 7 2
406 704
1 12 1
413
1 20 4
418 529 663 753
1 23 2
419 771
1 23 1
423
1 14 1
427
1 39 1
429
1 39 1
430
1 11 1
431
1 11 1
438
1 23 1
445
1 9 1
448
1 18 3
449 466 635
1 24 1
451
1 26 1
452
1 17 1
453
1 13 1
455
1 22 1
456
1 14 3
459 542 647
1 22 2
460 786
1 26 1
463
1 19 1
474
1 38 1
475
1 29 2
482 561
1 21 2
486 719
1 13 1
487
1 37 2
492 630
1 27 2
496 590
1 30 1
501
1 9 1
502
1 11 4
503 523 567 646
1 7 1
508
1 22 1
511
1 9 1
516
1 18 1
518
1 8 1
520
1 32 1
521
1 27 1
525
1 11 1
527
1 37 2
528 734
1 36 1
530
1 24 2
531 685
1 14 1
532
1 3 1
534
1 37 1
540
1 12 1
541
1 17 1
543
1 23 2
546 549
1 25 1
548
1 9 1
550
1 27 1
556
1 26 1
558
1 12 2
563 724
1 36 1
569
1 17 1
574
1 7 2
578 581
1 12 1
579
1 24 1
580
1 16 1
587
1 23 2
592 664
1 25 1
593
1 27 1
594
1 39 1
604
1 30 2
606 797
1 14 2
607 684
1 25 2
609 683
1 20 1
611
1 16 1
613
1 21 2
618 697
1 38 1
621
1 25 1
624
1 24 1
626
1 7 1
631
1 12 1
633
1 22 1
634
1 24 1
639
1 29 2
641 763
1 8 1
645
1 26 1
649
1 7 1
659
1 15 1
666
1 22 1
667
1 34 2
669 776
1 25 1
672
1 6 1
676
1 36 1
677
1 34 1
686
1 11 1
687
1 11 1
688
1 16 1
690
1 30 1
693
1 20 1
701
1 13 1
703
1 15 1
705
1 8 1
707
1 26 1
708
1 15 1
711
1 27 1
720
1 19 1
722
1 32 1
723
1 12 1
725
1 22 1
726
1 24 1
739
1 35 1
741
1 6 1
743
1 14 1
746
1 6 1
749
1 34 1
750
1 26 1
752
1 23 1
759
1 13 1
761
1 13 1
766
1 16 1
769
1 25 1
778
1 38 1
779
1 19 1
780
1 23 1
790
1 29 1
791
1 21 1
793
1 20 1
795
