500 84 775 33
12 13 17 9 29 6 11 19 27 4 4 10 14 20 5 7 26 6 23 7 10 16 20 3 15 22 17 14 18 2 10 16 25 21 13 20 24 1 3 15 4 11 21 20 21 15 11 10 7 17 8 20 12 5 9 1 9 19 29 2 6 17 14 12 9 8 13 2 27 30 8 27 26 5 25 23 17 16 17 29 28 30 15 7 6 6 19 30 16 30 5 18 21 25 2 20 15 23 30 3 11 17 19 28 23 9 18 25 3 12 25 23 27 17 16 29 23 16 12 10 23 18 12 4 3 25 26 25 12 20 19 28 22 10 10 1 16 8 25 11 30 4 3 11 22 1 25 15 30 16 12 11 9 28 15 16 3 17 12 16 17 13 3 5 19 28 2 26 28 3 30 30 24 12 25 11 23 1 15 6 27 1 5 11 23 20 27 15 9 3 20 10 4 28 3 27 6 4 16 2 25 30 7 27 24 24 12 7 17 21 2 15 30 15 9 8 18 8 20 19 14 19 25 8 18 22 24 15 27 5 19 10 22 22 7 9 10 23 28 1 19 24 13 20 13 10 24 28 2 14 12 15 7 21 10 2 5 21 14 26 23 15 14 5 13 29 3 13 22 30 4 27 17 12 28 3 29 27 27 1 15 20 1 17 17 24 25 11 27 18 30 30 18 8 26 10 12 6 18 3 16 29 7 13 15 24 19 15 4 17 13 9 11 12 5 8 11 27 1 17 9 13 17 7 14 19 2 26 20 24 21 7 10 29 30 10 26 20 13 11 26 28 20 6 27 21 28 12 16 3 26 13 21 11 5 10 10 26 1 6 7 5 23 3 21 22 28 12 22 22 7 26 22 18 1 24 11 20 13 22 30 13 5 27 20 29 12 6 23 12 27 10 14 17 9 17 11 3 13 14 21 20 8 11 11 6 29 12 24 7 26 5 17 27 23 5 25 18 16 17 21 22 21 9 15 3 23 22 25 16 4 13 1 29 24 23 28 4 3 9 20 28 30 6 29 23 28 30 26 11 29 26 24 13 10 19 12 1 6 2 21 19 27 23 30 16 9 1 1 3 4 11 16 18 3 5 6 3 23 19 11 13 1 7 21 10 4 23 30 19 22 12 12 2 22 29 3 11 21 30
13 23 9 9 11 21 26 24 25 12 4 2 19 30 23 3 9 25 20 10 20 29 22 3 19 11 21 7 5 15 7 20 6 21 11 24 25 25 4 30 24 18 19 3 22 29 14 5 8 16 16 9 18 4 19 1 11 28 9 30 14 10 19 19 9 21 19 3 15 10 2 16 5 21 11 11 19 26 6 7 27 1 27 3 2 21 30 17 25 29 18 24 25 11 23 23 4 19 22 16 1 12 16 18 10 3 28 1 17 24 12 4 1 25 4 4 15 30 18 21 8 6 22 5 29 28 12 10 17 19 22 19 1 6 13 27 9 12 15 6 8 20 9 30 3 19 6 26 1 23 25 7 5 1 3 6 11 16 25 5 18 20 13 17 20 8 3 23 15 4 29 12 3 26 21 20 18 3 25 1 5 15 13 30 10 16 15 12 22 23 1 26 21 28 19 11 30 16 7 21 23 24 1 4 30 20 16 3 22 5 11 20 2 27 14 14 10 18 24 10 22 16 19 24 19 30 12 16 23 13 15 28 28 20 11 23 10 19 23 28 23 11 4 22 28 8 2 19 12 3 15 25 4 11 25 28 12 28 23 3 8 2 23 26 1 3 9 9 4 19 21 27 8 19 21 3 11 14 13 15 12 13 13 7 26 8 5 25 15 12 11 2 16 15 2 15 19 10 19 2 30 14 5 13 26 21 10 17 10 1 5 9 21 10 28 11 13 27 26 2 30 8 9 13 11 24 20 1 20 29 24 22 17 14 21 6 8 3 13 15 5 30 30 10 28 18 18 6 13 17 25 12 6 11 13 9 15 22 11 21 22 3 29 19 27 5 15 6 22 13 17 26 23 10 19 23 8 3 30 25 27 15 16 28 13 3 5 18 1 10 15 20 19 10 30 29 29 30 2 11 14 5 25 25 29 13 10 22 4 14 13 9 28 8 18 20 12 21 28 17 20 5 14 22 18 14 7 3 12 26 7 3 14 23 21 21 14 24 14 18 13 18 18 13 20 7 13 27 28 19 20 1 20 27 24 4 21 2 15 3 4 25 26 16 29 14 21 21 12 23 29 23 3 20 15 4 11 27 24 24 2 8 9 20 13 20 1 22 15 17 19 5 23 12 11 8 17 19 1 7
2 3 14
450 265 57 231 230 0 22 38 136 194 244 250 320 387
2 11 6
233 384 74 89 327 382
2 8 13
437 96 297 412 497 161 241 256 344 370 411 426 469
1 3 10
258 153 3 105 108 190 317 380 416 422
4 2 9
299 284 37 277 353 47 181 143 381
1 8 6
15 171 489 21 216 265
1 4 11
283 434 426 255 173 89 92 121 155 161 230
2 8 13
163 56 115 477 229 366 97 235 480 60 103 220 429
3 9 10
387 305 285 361 48 466 187 131 182 401
1 6 11
259 195 211 85 136 198 55 107 266 352 399
1 18 11
329 205 250 401 326 29 70 145 258 261 319
2 9 7
484 223 436 15 172 203 207
1 5 7
409 332 214 21 6 296 434
2 13 5
147 276 281 207 142
3 20 11
67 213 243 234 248 354 58 212 337 345 407
2 15 7
26 18 102 208 404 414 438
2 6 16
282 391 440 88 410 272 50 191 394 40 102 354 398 423 465 486
1 3 10
145 446 495 359 35 132 156 226 240 314
2 13 13
360 346 392 98 25 130 254 124 352 275 63 119 303
1 4 10
483 261 144 289 465 48 64 286 328 403
3 3 12
303 109 424 459 317 54 370 160 491 1 76 150
1 3 7
64 304 119 397 139 275 436
1 2 4
114 312 148 384
1 16 16
270 23 438 180 177 122 81 334 100 91 110 276 284 336 338 466
2 15 5
400 83 293 415 417
1 19 6
308 441 428 17 34 96
1 9 6
315 168 75 118 262 375
2 11 6
172 468 52 217 323 406
3 19 7
274 82 451 42 287 87 343
4 16 12
456 125 407 455 238 63 302 339 90 267 371 496
5 17 9
461 76 236 44 28 348 347 358 202
1 7 7
164 36 445 152 158 49 431
2 18 7
269 174 365 349 454 478 488
1 2 5
443 379 251 162 499
3 10 10
266 405 393 14 71 6 321 93 283 480
3 9 9
182 31 179 40 369 65 142 124 269
3 8 6
53 377 12 300 378 267
1 4 6
462 262 27 134 192 483
1 17 7
41 38 112 111 219 329 447
6 6 20
84 141 185 10 375 94 247 120 324 45 52 101 162 183 184 234 285 318 322 327
6 13 13
113 268 194 381 108 291 242 435 271 176 341 373 433
1 7 14
206 222 246 386 499 123 298 135 209 337 106 165 208 218
1 20 7
46 476 29 32 173 247 290
4 10 14
137 447 335 212 376 33 8 2 7 310 390 443 457 492
1 5 8
331 494 415 68 107 160 238 249
4 4 9
72 421 34 106 134 408 364 39 55
2 15 8
296 121 138 78 70 144 202 204
2 19 8
105 58 368 463 152 233 235 270
2 3 13
323 439 149 227 448 330 192 186 140 167 168 201 282
2 9 9
127 189 420 79 104 129 198 308 474
3 13 12
22 336 481 118 390 73 176 232 109 188 199 301
2 20 6
475 309 257 77 191 193
2 20 8
80 19 444 492 403 224 372 122
3 14 13
200 35 341 429 343 157 306 264 197 348 368 385 395
1 19 8
249 117 13 159 281 306 312 364
1 4 12
467 217 253 493 150 3 228 279 37 98 130 273
1 14 7
252 472 389 292 44 151 418
1 3 11
382 51 486 225 290 43 69 151 66 175 477
2 15 6
311 126 215 30 36 404
1 8 10
383 488 263 1 398 5 62 141 225 378
2 17 12
139 240 452 216 103 301 169 95 314 31 46 408
1 5 9
356 325 362 146 318 413 204 154 157
2 11 15
380 203 49 430 66 457 411 104 205 243 350 386 394 402 458
2 16 8
416 116 61 87 65 214 391 412
4 5 14
357 99 395 24 196 140 345 114 127 153 178 187 475 490
2 10 10
328 210 471 20 399 54 279 405 420 456
1 3 13
133 454 310 320 294 148 422 458 27 417 10 14 444
3 12 10
11 280 132 351 371 188 51 133 305 468
2 7 7
59 431 218 135 227 252 377
3 11 12
286 7 288 170 478 490 2 213 260 292 410 439
1 9 14
184 406 101 498 344 402 199 485 0 129 61 81 288 430
4 6 12
86 355 165 313 470 423 4 239 32 427 304 442
1 20 7
482 260 396 9 8 224 331
3 9 8
92 460 190 154 221 175 93 246
2 4 10
350 464 333 193 487 278 97 210 342 437
1 13 10
418 155 110 295 473 16 496 385 219 256
5 4 12
237 338 316 322 5 77 156 167 442 294 359 372
1 4 7
388 178 319 245 39 268 409
1 6 5
374 273 419 83 264
4 12 10
432 131 425 62 433 469 17 479 453 78
1 2 4
183 474 226 149
1 7 8
307 363 244 340 47 95 158 481
3 4 11
367 128 241 90 449 342 201 349 115 221 307
2 5 7
166 220 373 59 206 254 335
