500 75 775 33
11 20 8 10 23 8 21 27 26 1 26 7 7 10 29 8 17 28 22 15 23 30 29 13 25 19 4 2 3 11 19 19 21 30 7 8 29 25 9 6 30 20 18 21 3 8 24 17 9 18 1 12 4 5 15 17 10 28 27 16 10 2 7 13 5 12 23 29 20 22 25 9 17 7 20 15 7 1 13 2 13 26 13 30 10 3 21 27 6 27 15 12 24 9 15 20 10 21 29 1 8 17 24 7 4 14 11 29 14 17 25 10 17 13 25 27 29 21 12 24 7 16 19 20 1 2 13 6 17 19 9 25 25 20 27 9 5 29 30 13 8 7 10 19 26 28 17 21 15 28 20 11 18 15 18 9 21 9 28 30 6 30 24 2 25 27 13 8 16 20 8 1 3 15 25 24 28 25 26 29 23 18 2 22 28 1 22 5 6 21 6 18 21 6 5 12 20 1 6 23 6 22 4 27 1 16 26 4 30 11 1 28 15 7 6 20 5 27 10 17 11 30 19 30 24 17 18 12 4 2 19 11 25 21 30 22 26 17 20 28 28 17 21 3 6 9 10 17 7 6 4 26 11 18 22 10 22 8 9 15 10 10 14 18 11 12 29 16 20 1 18 12 9 11 21 2 2 14 14 5 26 5 19 19 20 5 17 20 17 2 29 22 14 20 23 24 12 28 27 8 19 7 3 7 9 20 11 16 5 5 16 8 8 9 26 24 8 30 26 1 27 24 19 18 16 29 2 30 27 15 12 4 22 24 8 4 13 24 8 6 9 8 2 27 8 7 28 17 8 14 20 11 14 26 25 27 24 14 13 2 21 2 29 7 23 18 3 11 11 7 22 19 7 30 19 19 23 14 8 25 22 29 27 20 15 22 20 19 24 27 4 27 13 10 13 24 24 26 14 14 29 8 2 26 11 1 26 21 20 7 10 28 10 21 8 22 14 3 30 18 8 28 15 29 13 17 13 20 12 2 21 6 6 1 23 24 14 2 28 21 29 4 8 22 8 23 14 17 13 11 16 26 21 19 22 26 26 23 6 22 28 2 23 28 8 3 24 28 10 3 21 12 15 18 9 4 4 16 26 19 14 22 22 22 3 16 18 11 20 20 17 7 19 2 4 10 22 24 2 27
25 29 17 4 8 17 21 18 4 26 12 9 28 19 3 18 7 21 29 29 27 1 5 3 10 22 22 20 13 19 21 20 1 10 3 29 11 10 22 23 22 8 2 2 11 9 27 13 3 7 29 9 27 26 4 28 20 5 11 10 23 29 8 15 13 18 7 12 2 24 20 15 16 6 12 26 26 14 3 26 2 19 24 7 8 1 2 21 22 29 28 30 2 12 26 16 11 12 1 11 21 4 11 2 24 17 29 24 1 8 15 7 10 2 10 26 4 24 12 8 1 28 5 10 13 15 20 14 29 3 22 7 3 4 25 3 19 29 21 15 8 26 16 17 9 28 2 23 4 27 21 3 6 15 7 23 6 25 18 7 7 2 26 21 12 12 24 11 5 18 21 16 30 2 13 11 7 13 5 14 8 20 16 22 8 21 23 3 17 28 21 20 22 21 2 25 29 1 26 6 20 2 1 22 28 12 19 10 21 2 12 28 20 29 23 16 26 28 6 7 15 15 3 27 15 12 15 25 23 7 13 3 1 30 5 20 17 7 19 7 7 8 24 11 16 21 20 19 10 11 26 17 7 14 8 6 6 26 16 1 12 8 9 17 19 24 22 7 19 4 8 10 27 18 25 9 14 23 24 20 16 22 7 23 1 29 18 25 16 3 13 19 29 27 19 2 8 11 23 3 19 28 27 14 29 15 19 28 30 12 27 6 5 21 18 17 29 2 20 21 15 7 5 30 21 26 4 27 15 29 19 1 12 10 13 22 15 2 15 10 5 30 25 30 27 21 22 15 26 11 8 29 14 17 15 26 25 29 13 13 22 27 25 1 16 19 28 28 20 18 1 23 17 5 9 13 28 19 4 19 12 10 28 14 2 8 18 8 21 9 14 24 28 26 24 7 19 16 19 6 19 8 14 5 17 28 12 5 10 22 12 28 24 18 29 17 30 22 30 13 28 15 3 10 13 9 24 11 26 23 25 25 29 15 30 12 9 28 4 23 16 25 19 17 21 21 9 25 18 29 16 18 6 15 1 26 1 24 14 18 11 22 9 8 15 21 14 17 24 27 23 25 8 9 12 15 23 29 10 7 10 27 19 3 13 14 23 7 24 14 15 18 1 3 15 18 26 19 22 13
1 2 11
375 223 443 299 230 172 96 220 460 67 386
4 17 13
170 320 351 197 297 74 178 218 221 328 363 371 474
2 7 11
388 101 459 439 382 397 451 335 215 139 163
3 12 11
358 63 307 372 387 30 156 279 295 344 418
2 8 8
201 432 62 488 424 311 341 379
2 18 13
226 293 368 7 173 411 280 389 247 276 92 245 269
1 12 16
255 186 184 444 207 380 272 167 116 37 84 127 274 296 485 488
3 14 6
246 43 194 445 385 135
1 3 5
392 122 422 332 333
3 17 15
476 35 76 357 109 331 229 498 283 2 26 108 227 246 255
1 9 9
328 106 316 327 394 138 65 313 322
1 12 5
413 105 264 275 410
1 9 12
485 383 233 199 412 174 242 253 291 368 396 404
1 1 9
326 249 290 161 11 88 197 354 394
1 9 18
265 353 256 321 1 303 421 250 313 30 63 91 154 202 216 277 285 364
5 18 11
4 491 28 210 79 165 270 348 75 149 362
1 18 5
202 171 437 14 24
1 9 11
378 149 364 360 142 441 71 124 334 414 480
2 18 11
236 259 345 285 365 103 140 138 273 395 412
6 6 15
266 56 204 427 286 339 153 487 454 1 276 330 338 382 398
1 1 9
367 0 108 118 41 134 176 208 434
1 2 8
8 442 158 39 152 217 268 449
5 1 14
228 36 263 44 258 298 139 399 381 105 186 324 453 463
3 4 13
405 347 141 97 275 11 464 369 252 440 166 249 491
4 15 14
323 257 61 73 426 408 244 150 407 5 20 33 45 189
3 8 12
292 100 112 235 341 5 54 233 271 337 440 493
1 14 7
465 47 46 254 238 318 454
1 11 2
282 312
6 15 13
227 12 406 53 325 363 395 354 324 346 200 308 312
1 4 9
334 289 146 50 113 17 69 58 116
1 12 15
54 135 144 179 145 470 343 472 301 95 287 384 407 428 438
2 8 15
336 415 404 119 143 433 418 219 273 287 82 109 158 239 370
3 7 12
176 318 478 13 147 356 486 187 243 28 191 250
5 3 13
206 414 22 390 134 490 209 152 13 160 177 215 343
1 7 14
211 314 83 29 296 67 49 182 241 64 17 282 459 478
1 5 6
169 99 148 155 115 131
3 9 10
453 429 400 75 80 103 286 388 399 446
3 12 8
278 455 19 449 386 100 323 422
3 1 15
129 196 374 88 128 6 162 126 59 3 10 60 383 387 499
3 20 8
267 302 305 203 410 81 457 482
4 13 8
92 319 333 25 315 483 231 280
1 8 6
474 86 18 145 151 309
4 19 13
435 467 401 330 68 403 329 185 458 53 76 209 241
2 12 11
91 492 251 151 48 355 361 180 366 45 15
2 1 10
436 310 376 479 475 9 231 225 137 445
3 11 7
94 232 438 40 393 219 479
1 20 6
402 322 16 130 203 347
1 7 6
70 480 115 254 272 452
1 12 8
281 420 409 471 99 252 442 470
1 15 7
253 93 127 55 496 452 468
4 17 10
370 66 217 274 419 309 118 123 180 223
4 20 9
190 269 177 494 111 41 85 171 464
3 8 10
291 462 450 277 130 114 234 262 466 475
6 9 17
373 218 461 87 78 198 156 446 189 52 69 193 201 299 420 467 481
3 3 15
38 192 384 159 350 477 213 52 82 90 113 230 339 351 437
5 4 13
493 124 15 193 234 317 77 248 123 163 183 206 469
4 6 10
469 371 221 245 456 183 112 346 355 375
1 14 12
434 352 31 212 72 268 304 21 23 36 303 401
1 1 12
340 379 396 23 121 359 96 117 148 331 409 494
3 4 17
131 284 237 24 84 463 72 95 144 155 168 222 294 327 350 416 458
2 16 7
191 3 362 222 38 411 419
4 12 10
120 205 117 181 300 262 68 263 325 447
5 3 10
489 416 125 132 110 188 294 288 185 403
3 11 10
473 33 391 264 240 157 47 164 306 310
2 15 12
349 428 481 337 482 32 466 175 216 361 366 426
2 11 12
238 133 306 89 21 136 34 160 20 78 281 365
2 13 10
423 51 166 58 132 143 192 302 439 486
1 16 3
279 39 83
4 10 12
107 102 242 168 430 377 342 101 170 198 436 476
1 19 9
224 239 81 119 229 300 402 417 473
1 7 15
457 425 448 10 499 164 200 27 214 338 51 73 289 406 413
1 4 10
308 208 332 495 26 195 247 349 380 427
1 4 12
174 18 57 417 154 271 344 497 301 326 495 496
4 5 20
261 431 260 195 295 90 398 60 484 42 4 14 136 141 228 298 356 357 358 425
2 9 10
447 16 178 104 71 98 70 86 235 497
