800 95 1240 53
18 20 6 24 4 17 20 9 9 6 12 24 8 21 13 20 29 20 2 4 19 24 24 26 21 30 30 22 16 22 5 9 13 11 15 27 20 6 11 16 26 16 3 29 4 15 5 17 10 28 21 14 16 16 20 18 5 23 10 7 19 3 8 30 2 7 5 2 24 22 2 15 8 23 27 2 21 28 3 23 21 22 6 4 23 8 16 30 14 25 15 21 7 9 6 25 9 29 25 17 26 29 5 19 17 15 2 14 18 4 3 29 2 9 28 19 25 25 24 24 30 23 19 24 4 6 12 23 17 15 28 21 19 25 24 6 3 21 9 10 8 7 20 13 4 20 1 9 4 4 10 18 20 17 23 4 12 19 13 9 20 10 10 11 13 7 28 19 18 15 25 29 14 22 30 22 16 7 15 27 23 4 22 28 26 6 5 14 10 14 27 29 3 12 16 19 1 26 17 22 27 3 13 16 20 15 25 21 7 29 27 8 6 29 21 13 10 9 26 11 14 16 29 20 26 24 3 16 29 9 8 5 27 25 28 10 13 11 30 18 3 9 5 21 6 22 12 7 9 20 15 29 3 21 26 14 30 2 6 16 27 16 16 2 7 26 10 10 28 19 17 21 20 1 29 6 12 26 16 20 1 15 19 16 23 5 2 23 6 7 3 10 13 13 27 16 6 29 26 24 7 20 3 18 13 12 5 6 21 8 28 6 4 3 1 5 25 13 27 3 7 7 9 24 3 27 16 16 21 25 12 3 14 14 9 14 12 23 14 17 20 1 16 19 17 1 11 26 10 6 17 24 23 16 19 23 17 17 29 14 29 16 26 20 20 12 16 12 22 17 7 15 29 14 25 24 10 30 19 9 25 9 23 17 20 20 25 1 9 25 4 23 23 30 9 22 28 12 16 19 24 24 23 28 25 6 7 24 21 6 5 22 24 10 18 23 23 15 1 20 11 3 21 4 3 11 17 6 13 8 15 29 21 23 24 26 15 19 29 14 10 4 4 29 25 16 2 2 10 7 14 22 25 21 8 10 11 15 10 28 21 30 15 24 24 15 6 25 26 14 23 17 19 5 21 23 10 25 9 12 20 12 29 22 4 2 24 5 8 25 5 17 18 23 19 26 3 4 22 25 11 8 22 24 14 9 23 13 24 22 28 15 20 21 25 29 18 16 17 5 17 7 10 3 1 4 5 5 17 23 3 12 16 28 11 4 29 17 16 29 2 23 30 28 1 4 26 15 17 5 14 8 20 26 13 13 16 9 27 22 8 30 27 7 12 24 23 4 1 2 27 7 16 13 11 20 13 3 24 21 12 2 12 4 28 17 28 9 22 18 29 9 12 22 23 16 9 13 28 18 29 25 6 12 13 23 15 5 10 16 11 22 19 25 30 12 16 16 25 29 19 21 23 30 19 29 29 6 3 3 10 7 15 16 17 18 2 4 8 27 25 12 21 2 2 19 7 20 1 4 10 30 6 12 19 19 8 14 12 3 21 6 23 22 10 19 16 17 15 14 29 13 23 3 28 7 27 2 4 16 6 11 9 19 20 9 23 25 30 14 7 1 27 6 20 30 8 12 3 8 7 13 25 29 26 7 9 26 1 27 24 3 8 8 6 6 23 10 20 25 27 3 23 5 23 18 12 13 14 17 21 3 25 9 22 2 27 30 10 15 17 15 26 10 2 26 15 8 26 20 7 23 12 20 5 5 27 22 2 17 30 21 15 7 18 7 7 2 15 5 12 24 5 29 25 3 17 18 7 7 14 29 22 9 10 7 4 26 17 20 27 15 22 7 24 14 21 26 6 30
13 28 16 7 4 10 8 13 8 23 14 10 19 1 9 18 4 21 11 2 18 11 26 22 28 26 7 11 15 10 3 11 23 27 1 29 25 23 24 14 12 25 15 16 17 4 15 3 2 30 5 18 5 14 20 25 27 6 14 8 30 20 3 18 16 4 17 11 9 10 7 26 11 6 29 4 7 27 28 16 15 30 28 7 20 6 11 30 21 4 9 14 16 5 21 14 2 17 29 4 12 5 5 26 8 6 15 24 25 25 15 24 28 3 23 20 13 22 26 25 13 14 5 27 2 2 20 20 23 20 12 14 18 3 16 21 20 12 1 9 7 2 21 4 13 20 22 30 12 1 22 20 18 2 7 29 3 18 9 9 7 19 22 2 16 15 11 10 9 27 6 9 4 14 6 18 19 6 10 5 14 17 18 5 30 18 22 6 1 18 4 27 3 15 22 30 24 20 28 29 11 20 17 29 3 27 29 21 9 21 15 27 13 5 6 28 4 7 16 21 5 8 25 3 13 21 23 29 4 14 28 11 11 25 25 22 13 14 26 13 29 29 11 7 12 6 15 20 5 3 7 18 20 25 12 30 7 12 8 9 23 27 7 6 29 15 19 23 9 7 14 16 15 1 22 30 29 1 11 23 26 30 1 29 22 22 3 15 13 30 26 20 10 14 29 12 21 19 2 10 23 16 19 25 23 3 27 28 2 21 22 22 24 16 1 15 26 12 1 20 15 8 10 24 20 24 17 30 11 15 25 11 5 6 29 27 18 19 16 8 1 25 20 7 25 29 10 20 25 22 10 18 13 28 21 12 22 9 19 13 11 30 10 6 9 16 14 10 1 29 1 29 12 12 4 8 3 18 7 24 12 17 12 9 14 18 25 19 22 6 3 21 2 27 20 26 24 18 29 11 18 24 11 23 16 30 10 10 16 28 10 29 27 7 23 22 16 10 29 15 22 25 24 6 6 5 5 26 18 19 27 3 20 25 25 17 3 7 25 25 2 25 27 2 18 6 22 8 16 7 26 14 6 18 9 23 6 2 22 22 1 21 20 1 17 30 30 9 22 28 22 10 20 25 13 1 23 4 5 8 8 11 10 24 28 2 1 18 17 4 28 30 17 27 28 23 27 17 11 26 19 10 12 14 14 29 11 14 26 26 2 3 30 1 3 27 22 29 18 11 6 2 21 12 2 14 27 20 2 14 4 8 20 21 21 8 11 17 26 20 28 9 25 18 14 23 8 23 15 4 21 7 19 3 29 7 30 24 4 29 15 17 6 2 29 3 17 8 9 21 1 29 9 30 20 26 7 26 24 21 28 28 25 15 3 4 22 18 10 7 8 14 18 18 21 15 9 1 4 9 10 12 15 16 16 28 10 14 21 24 26 14 14 2 24 11 2 14 5 14 26 22 1 13 1 22 30 7 20 5 8 21 13 14 4 17 21 9 25 30 17 20 17 11 22 3 26 24 12 2 20 19 5 27 21 8 13 5 20 1 11 14 21 26 23 24 16 18 7 12 12 1 23 19 17 29 29 16 13 26 17 10 14 28 30 22 22 1 8 7 29 18 29 28 21 11 24 25 14 16 10 24 30 12 17 16 19 21 13 13 14 10 28 29 10 13 11 11 24 6 18 11 28 21 2 24 7 25 10 28 14 14 15 23 11 17 10 13 2 3 12 19 10 21 10 27 13 18 12 28 25 11 19 27 6 11 21 13 3 23 26 14 13 12 17 30 23 16 29 28 28 10 12 13 5 10 17 26 25 9 21 11 30 21 22 8 20 25 30 17 7 23 1 19 10 23 24 3 19 10
8 13 19
319 422 76 258 55 273 489 386 200 723 703 726 395 9 227 302 358 363 471
5 1 18
541 19 436 152 683 313 509 589 253 18 165 49 649 416 492 687 702 759
1 20 6
716 494 632 98 672 694
2 18 18
150 612 529 388 438 394 523 434 333 156 120 220 304 341 382 508 570 740
2 14 9
308 72 672 134 414 10 30 524 594
6 7 14
556 348 491 70 336 404 611 727 185 87 379 531 161 170
3 9 13
665 54 284 251 725 613 646 132 14 88 111 420 756
1 11 11
639 403 86 195 241 392 474 513 544 739 747
5 17 15
659 172 329 159 525 215 175 799 223 729 402 526 255 261 394
3 16 12
536 448 31 263 45 118 254 387 571 683 753 754
6 10 20
640 555 749 65 722 40 572 464 744 286 33 64 174 187 266 528 540 593 626 639
1 10 6
224 547 149 328 700 726
5 7 12
774 782 94 239 103 381 605 549 494 564 589 635
2 7 14
582 270 23 101 111 187 74 681 583 647 784 26 84 655
1 11 16
576 625 260 746 327 487 206 357 771 587 156 180 191 409 543 608
8 20 20
655 418 48 616 786 25 778 153 214 791 14 516 137 198 222 323 498 537 636 773
2 3 21
292 236 624 551 68 426 75 383 27 338 733 264 86 39 56 65 79 125 127 425 427
2 19 8
715 310 648 577 136 360 579 646
2 13 13
505 39 484 416 73 203 498 148 13 25 109 221 223
6 16 16
331 104 446 420 676 290 335 246 609 451 84 231 12 575 613 614
3 16 15
180 579 569 188 289 622 212 154 562 90 155 181 182 284 722
5 14 17
540 244 285 78 765 353 217 53 4 46 751 133 139 210 343 502 509
6 13 19
467 151 493 764 456 575 337 295 108 245 254 298 565 561 277 424 514 566 650
5 4 16
608 511 332 717 473 745 432 183 674 439 22 162 472 41 208 644
2 6 11
407 218 693 35 142 232 307 326 489 561 567
3 10 16
656 544 126 411 114 497 136 517 8 23 143 303 452 516 629 696
1 12 11
507 392 524 732 219 36 263 347 572 584 679
1 6 7
21 515 124 216 500 628 675
2 2 13
730 205 595 761 389 543 2 7 41 552 661 691 705
1 7 11
24 250 181 660 28 112 157 173 291 521 716
1 1 12
138 77 207 466 261 708 153 383 482 526 703 721
3 10 11
654 341 80 95 85 67 772 230 391 452 607
5 3 25
158 548 256 748 798 302 677 100 339 635 287 66 794 663 779 161 106 229 295 413 434 461 527 563 787
2 12 11
127 222 174 522 15 115 176 217 289 476 733
2 9 12
143 718 252 297 469 638 20 130 24 82 201 751
5 5 13
71 1 618 328 781 559 145 775 796 38 407 456 495
1 19 7
400 666 664 5 73 119 648
2 11 10
141 271 406 711 83 92 600 512 521 321
1 13 6
50 220 353 446 665 727
8 12 18
173 163 93 684 667 538 369 581 657 773 757 777 177 279 374 437 439 486
6 6 14
358 107 317 399 590 113 234 269 534 315 368 459 522 547
3 19 17
603 539 168 360 680 688 30 533 89 492 244 306 339 517 541 654 743
1 15 10
483 105 720 8 42 76 196 197 331 379
1 7 5
238 626 696 60 256
4 13 14
485 604 346 79 349 47 122 134 215 233 329 423 551 603
10 10 18
499 110 294 495 653 530 398 137 443 658 574 320 787 199 617 89 299 519
2 3 13
157 580 705 354 117 271 421 485 505 573 690 717 762
1 9 15
58 500 139 700 599 793 442 633 686 266 340 21 87 642 750
3 3 11
51 164 6 468 359 361 377 291 412 378 641
2 18 10
59 96 276 350 240 769 281 252 274 560
8 9 18
118 413 789 433 167 409 735 455 453 233 129 192 704 44 130 372 454 621
7 6 19
97 621 64 721 596 701 296 508 146 7 171 300 359 433 487 627 667 748 786
1 19 10
520 756 316 229 108 226 243 418 638 656
2 5 11
631 458 629 197 502 123 36 702 132 162 322
5 3 16
29 465 300 279 546 26 259 345 102 125 288 479 60 281 610 764
3 13 14
209 13 334 397 195 785 606 792 571 462 698 245 592 736
1 4 12
627 620 578 642 312 16 206 276 396 411 478 559
1 8 8
671 5 390 447 155 450 496 625
3 12 12
170 347 0 408 670 780 179 199 473 582 662 761
2 19 16
99 545 376 352 169 478 741 303 34 129 175 312 318 458 477 534
4 3 19
783 697 243 61 763 221 644 724 429 355 501 322 573 309 742 580 585 670 734
1 11 14
758 601 591 283 193 602 630 280 11 171 469 488 796 798
3 10 10
324 558 147 378 32 20 55 83 333 663
1 5 14
532 740 131 731 176 196 710 428 6 43 54 95 105 441
1 14 12
16 314 44 598 753 78 164 214 315 354 371 531
2 14 15
272 691 682 518 50 123 146 278 319 398 493 520 601 657 746
3 19 16
706 738 257 752 755 401 91 122 542 37 709 566 426 677 715 795
1 15 10
321 550 226 480 135 277 288 622 653 728
6 20 24
760 116 707 356 325 204 179 643 795 374 135 662 503 692 109 63 68 253 335 348 362 370 767 782
1 5 14
15 568 553 695 186 128 385 144 235 257 412 443 523 615
1 1 8
586 567 77 385 533 659 689 758
1 10 7
278 384 460 694 247 708 745
2 18 6
208 232 430 364 530 556
2 20 11
504 570 619 719 227 766 440 364 588 682 707
3 9 20
178 249 241 425 410 382 554 481 661 636 457 210 144 477 699 747 99 239 273 651
1 15 9
190 62 474 2 236 316 366 444 776
2 18 14
367 482 323 57 380 133 101 186 269 324 365 375 399 484
5 14 14
736 330 370 326 563 56 228 770 615 213 52 250 535 619
2 20 19
81 3 301 435 112 119 797 191 669 592 35 628 593 344 311 597 549 664 685
2 4 9
372 513 634 318 17 69 314 660 760
6 14 16
651 623 415 673 441 142 366 275 424 490 94 159 356 503 518 576
2 10 8
687 396 475 463 126 237 327 692
2 11 16
514 421 689 552 652 713 528 675 182 471 737 92 260 357 507 611
3 20 15
419 650 423 768 43 685 431 712 788 510 767 486 178 512 632
2 4 14
189 307 90 610 282 177 106 461 750 714 75 310 465 668
3 1 12
506 120 225 560 82 33 158 298 301 455 586 725
2 2 10
140 607 262 679 49 103 272 325 386 793
10 1 20
304 265 754 762 450 496 743 445 247 343 267 594 184 274 537 115 163 251 598 686
4 15 18
216 417 470 88 645 121 202 405 160 299 488 588 728 306 365 387 460 684
7 8 17
242 268 371 535 12 776 375 393 194 641 519 45 66 230 305 429 464
6 5 15
637 373 201 293 235 476 690 351 52 131 264 367 408 731 790
3 7 12
28 584 198 237 668 74 240 415 506 595 729 791
4 5 17
363 166 305 342 437 585 557 454 614 678 117 790 564 85 150 259 438
4 17 21
759 527 444 449 248 739 149 734 427 46 51 104 294 297 349 490 546 624 695 701 789
1 6 5
362 211 1 152 557
