800 84 1240 53
29 23 13 17 9 26 26 29 28 9 12 14 27 25 17 19 28 3 9 16 13 27 27 3 5 27 28 21 9 3 9 29 7 24 18 28 2 30 9 11 18 28 4 16 3 24 6 27 7 16 25 10 25 8 15 13 26 17 25 18 16 30 24 10 2 13 24 18 9 30 21 5 21 21 19 12 2 16 23 10 6 16 22 3 14 12 27 12 25 5 19 13 11 29 8 11 16 21 18 14 27 6 8 17 9 24 6 30 12 19 19 10 14 8 11 17 18 13 14 26 15 14 7 23 24 24 29 26 2 14 9 18 11 25 13 13 16 15 22 16 13 18 16 30 22 12 2 30 22 6 8 9 22 7 30 18 9 30 30 11 12 30 25 12 28 29 2 24 10 11 28 22 12 13 27 1 4 22 8 29 17 25 26 24 9 25 21 25 10 6 3 7 28 17 3 6 9 1 8 25 27 21 25 10 23 5 25 6 14 18 25 29 4 24 8 3 9 17 13 20 13 6 9 6 15 7 20 5 24 1 11 21 1 25 30 4 20 5 13 1 14 12 26 11 29 15 7 19 21 22 4 2 23 12 9 18 14 12 28 6 27 6 22 1 24 1 12 26 10 16 21 21 7 30 13 4 14 22 25 23 24 5 22 3 30 27 2 23 27 12 10 26 23 13 26 16 19 22 15 8 16 2 15 3 9 30 16 7 29 27 25 30 19 12 30 5 12 27 9 27 16 20 26 13 3 17 15 19 30 28 5 7 8 24 17 29 13 28 14 8 19 5 18 3 2 6 12 2 9 9 4 27 13 17 2 14 20 17 27 6 6 9 1 4 18 16 2 6 10 12 25 22 21 8 1 17 26 5 12 3 2 21 5 9 23 15 20 3 2 9 18 2 21 13 16 5 25 12 8 18 29 14 13 20 9 4 7 11 13 9 26 27 19 24 15 17 20 18 12 25 21 10 20 28 10 5 3 23 24 5 11 26 5 6 1 20 23 20 7 1 26 1 27 4 1 12 8 26 28 7 10 12 1 15 22 2 24 29 25 18 9 17 18 5 7 25 16 21 11 18 22 14 19 16 27 26 27 16 27 2 12 5 17 9 16 28 14 19 3 7 26 18 7 24 7 7 6 26 11 30 14 30 21 9 25 28 18 7 4 3 14 3 18 17 29 14 30 2 13 3 10 12 23 9 20 13 28 10 26 9 21 28 12 12 16 29 30 24 18 26 1 21 16 7 11 21 15 25 11 8 6 22 26 27 17 17 18 21 6 4 11 26 18 28 28 10 4 13 19 17 30 28 17 17 2 19 21 10 1 25 4 14 20 27 22 26 4 29 4 4 20 28 27 4 5 21 25 25 15 9 17 26 1 23 9 12 13 14 21 18 2 6 14 3 15 26 4 30 14 20 27 22 30 17 17 20 22 29 29 20 18 30 23 15 14 10 27 17 12 29 23 17 3 30 20 18 1 6 16 13 27 11 30 28 18 18 11 24 19 18 15 23 27 14 4 19 6 6 24 23 20 14 22 30 24 21 12 6 7 30 8 8 19 20 15 10 6 25 1 13 15 10 26 23 8 1 19 24 27 14 15 3 25 28 27 26 24 28 18 10 16 22 21 18 5 24 1 13 10 30 13 11 24 26 17 11 20 23 13 21 27 23 7 13 25 27 23 20 20 15 16 26 30 1 29 27 4 10 28 7 16 2 28 20 16 24 29 26 7 11 21 30 17 26 21 2 15 14 6 30 13 28 4 10 28 22 10 2 23 8 25 24 26 29 19 5 11 6 4 8 23 30 3 20 25 25 14 21 2 25
25 20 16 21 24 2 8 20 11 2 29 22 1 10 9 2 9 29 5 1 2 21 4 23 29 6 11 4 6 26 2 17 16 27 4 7 11 29 7 23 3 1 22 16 19 13 30 10 27 5 19 21 4 13 6 14 11 13 7 16 2 28 13 27 15 26 8 15 29 30 13 16 24 25 11 26 5 20 7 16 7 6 25 24 29 9 13 7 28 13 25 9 19 2 3 5 20 25 12 27 1 11 20 30 18 4 9 20 10 11 10 20 6 10 11 9 18 30 26 13 23 16 11 27 21 20 27 21 16 4 12 21 15 2 22 19 15 21 7 16 19 3 19 16 6 19 12 24 8 19 16 19 15 25 15 6 24 9 10 18 30 26 6 18 15 10 9 5 17 12 23 2 15 28 17 9 28 9 22 12 23 24 15 5 3 26 15 26 21 24 7 12 29 12 4 3 25 2 8 18 21 16 26 13 11 22 11 1 3 11 18 18 19 24 20 19 22 12 4 24 22 21 17 14 9 23 19 12 25 26 6 24 10 28 19 20 23 13 10 23 13 9 17 1 26 22 28 24 20 2 9 18 20 16 25 6 8 30 15 13 29 15 8 4 16 9 3 20 22 21 27 5 10 19 18 7 4 20 22 2 12 1 10 6 15 9 11 5 28 11 10 20 18 2 5 25 5 17 17 28 21 27 3 3 11 16 1 13 12 25 13 22 14 28 27 25 28 5 16 5 29 24 18 22 9 8 14 18 20 27 1 20 30 24 23 4 24 1 22 8 23 10 26 25 10 19 21 19 1 29 16 11 22 4 2 9 3 9 15 1 24 30 27 25 24 14 28 21 26 26 30 14 6 13 21 24 20 28 9 9 1 30 14 3 11 2 24 14 19 29 2 2 10 4 18 27 20 24 16 18 15 14 16 22 3 9 10 30 30 2 12 26 4 21 2 17 28 7 6 13 24 27 13 6 6 5 29 9 27 8 25 3 15 27 8 7 25 2 10 14 2 13 5 22 29 16 2 17 2 15 8 13 12 22 24 16 19 16 22 30 11 16 19 4 27 25 29 22 4 25 5 5 22 9 13 15 19 24 17 30 25 17 4 25 17 21 4 22 10 22 26 2 22 3 30 1 27 23 23 7 1 28 18 16 9 25 5 25 8 2 17 11 1 23 8 3 4 18 15 4 1 7 26 18 2 24 17 3 17 30 4 25 21 2 3 11 23 30 17 29 30 22 18 13 11 28 23 25 15 11 8 30 25 24 24 18 28 27 25 1 6 24 12 5 11 9 2 29 13 20 25 25 1 9 30 3 25 8 15 6 1 6 24 21 3 1 24 8 21 8 16 26 4 2 6 8 12 14 3 30 20 30 27 3 16 11 17 16 10 25 9 20 26 30 14 7 21 15 5 2 26 12 6 18 22 5 15 13 17 4 2 21 15 8 6 1 16 28 28 6 1 23 18 20 14 20 23 19 18 6 5 15 16 11 10 18 5 26 10 29 13 24 12 2 12 21 13 11 17 30 17 13 2 6 10 26 27 1 10 23 20 10 2 15 4 12 25 19 29 28 16 19 10 13 18 6 3 21 23 20 16 13 5 24 5 25 7 30 28 17 28 27 19 19 26 16 4 29 11 27 20 9 2 17 4 16 7 5 19 26 9 26 10 14 22 11 13 25 5 12 7 19 28 24 27 11 5 10 12 3 19 28 21 28 16 3 29 29 13 20 24 21 5 11 9 3 21 17 24 18 24 19 14 25 10 14 26 28 7 25 30 14 26 12 8 28 30 27 1 27 21 25 24 20 26 24 19 13 22 20
1 12 13
523 557 468 54 332 19 31 151 311 649 685 721 740
3 13 12
413 684 541 789 344 735 263 219 315 451 618 739
6 10 18
603 362 366 446 228 647 396 781 509 158 412 191 546 589 244 423 723 790
3 1 20
452 281 265 36 338 661 501 772 217 538 399 763 243 464 126 136 295 746 778 798
1 16 9
25 85 186 587 30 187 242 387 571
4 8 8
49 26 680 359 293 764 568 585
2 8 18
636 718 5 190 214 91 160 72 614 288 1 43 163 172 269 270 272 737
2 8 14
767 222 14 393 790 613 78 375 381 441 633 704 747 748
1 20 9
719 343 475 753 84 158 494 504 663
2 1 12
625 260 153 740 507 32 129 268 406 429 551 562
2 13 19
752 226 610 644 24 296 515 713 727 618 289 310 508 124 41 94 185 191 354
5 13 20
530 534 559 435 491 673 83 489 385 255 481 63 75 92 162 237 493 503 532 589
4 4 18
140 430 208 149 335 694 433 423 292 616 188 38 756 383 485 69 5 331
1 1 13
238 108 100 497 374 306 426 478 502 734 751 753 776
3 8 10
206 321 768 739 43 15 566 625 668 756
4 5 16
669 266 307 612 142 246 32 7 320 89 61 209 326 367 370 587
1 4 22
342 624 302 652 42 798 209 52 691 60 395 121 732 628 664 549 114 291 513 579 678 699
1 15 7
547 493 144 512 82 213 389
2 10 15
295 173 528 598 270 55 363 229 401 205 716 134 188 217 224
3 13 10
356 251 161 125 308 118 379 523 567 580
8 6 17
451 182 799 178 101 555 96 540 459 406 565 448 218 175 192 347 487
1 3 15
728 40 605 17 132 422 440 457 471 496 498 526 677 706 767
9 2 19
93 428 378 75 460 482 82 112 115 725 152 276 411 198 554 221 273 294 654
1 6 9
244 776 83 124 201 223 279 369 399
4 12 16
778 119 586 232 431 447 556 250 441 702 687 604 623 419 729 786
4 16 22
323 328 44 123 6 780 341 113 138 506 696 136 611 2 282 253 278 327 365 442 483 613
1 11 14
122 539 525 474 588 57 142 178 421 459 606 657 724 732
1 6 14
693 258 154 422 567 107 143 166 303 322 527 594 671 775
2 9 13
558 517 23 572 172 164 420 397 574 279 751 723 16
2 7 18
670 526 607 641 326 548 235 427 388 537 143 177 724 765 532 163 18 152
2 4 13
303 129 773 81 245 742 424 297 204 283 286 366 544
4 17 15
95 305 779 394 48 404 576 141 601 174 784 64 362 558 662
1 16 13
615 257 743 145 738 125 165 372 397 531 598 707 760
6 10 18
564 791 502 63 686 291 405 561 351 180 132 592 322 306 133 709 570 583
8 8 17
171 483 514 402 189 274 499 194 50 86 531 107 159 305 437 592 616
8 3 13
287 78 116 12 353 697 358 375 479 329 570 642 376
5 2 15
700 336 267 271 674 495 352 104 65 745 98 504 277 416 96
1 11 12
364 668 640 457 168 202 247 475 505 537 552 674
1 16 22
253 392 573 176 712 382 13 162 135 400 269 300 10 348 761 95 170 194 521 540 656 705
2 12 13
432 637 220 645 42 72 173 195 198 339 720 738 779
2 7 23
79 150 496 227 239 97 434 146 582 621 390 15 290 785 25 102 149 263 340 410 424 448 735
3 2 19
350 311 203 64 19 775 503 56 707 544 714 681 216 327 325 182 373 450 623
1 8 17
585 11 692 349 284 196 365 236 252 274 328 409 569 603 622 684 783
1 13 17
685 316 256 746 505 566 20 569 48 98 245 255 511 522 582 597 701
1 6 11
757 682 792 667 106 110 139 435 453 615 761
3 1 19
156 29 470 472 249 663 520 192 796 488 167 353 553 611 624 629 644 653 686
6 19 18
439 510 169 599 535 118 445 199 212 347 638 786 4 501 600 612 688 771
3 20 17
57 147 262 620 436 46 312 155 759 106 450 148 461 66 373 167 546
5 6 17
304 706 658 477 389 137 737 275 788 631 536 58 231 302 467 500 665
9 2 17
651 511 455 333 346 272 130 542 777 110 553 677 466 315 547 590 782
7 14 21
361 729 521 357 193 231 286 747 67 103 580 273 513 741 617 606 405 430 460 510 619
8 6 23
498 744 609 533 370 68 376 387 655 27 726 340 318 166 3 480 44 55 144 193 334 343 717
1 16 8
545 410 760 97 138 356 412 681
2 8 17
529 465 261 469 8 14 50 161 214 265 329 403 428 455 464 524 643
4 9 21
562 317 793 619 367 659 688 683 157 331 294 600 782 240 337 88 127 298 310 463 545
1 17 6
583 653 715 59 507 785
4 7 19
444 360 769 579 522 721 690 34 131 77 185 543 266 352 506 549 574 576 661
1 15 23
794 221 421 207 80 771 126 442 268 731 254 487 519 18 170 660 34 210 341 402 482 725 787
6 3 18
309 368 168 151 734 211 443 0 643 524 662 184 183 479 528 536 599 641
2 2 18
476 656 248 407 749 53 581 371 70 345 568 584 31 672 67 189 332 333
2 17 19
560 62 233 762 313 678 0 9 13 111 117 157 292 415 425 495 519 575 640
1 15 13
219 755 384 419 622 591 225 409 71 119 145 427 664
3 14 12
711 28 527 386 280 595 252 215 180 261 698 744
1 18 8
403 339 87 218 250 314 384 497
3 5 12
35 127 71 183 201 285 774 59 708 69 431 559
8 9 18
264 197 453 114 4 563 354 8 710 551 74 650 226 285 411 436 446 632
3 11 9
787 550 111 61 750 205 246 573 770
2 1 5
467 102 463 112 745
2 3 17
593 730 456 704 58 648 571 105 30 717 754 298 418 238 413 529 733
1 9 13
473 577 22 247 552 120 675 283 657 660 727 759 780
1 17 8
478 39 415 380 758 207 351 648
3 8 12
458 797 381 237 516 720 629 626 7 316 489 620
2 16 11
369 630 109 590 92 484 471 195 12 146 561
8 11 18
202 500 454 210 187 391 646 128 224 596 701 494 37 47 174 359 462 609
2 7 16
462 99 632 241 429 16 440 319 654 518 635 699 40 154 155 348
2 4 7
377 689 633 36 73 350 584
4 1 16
695 334 379 736 398 213 47 449 10 282 297 468 608 614 714 752
2 8 12
438 602 1 200 676 260 318 401 480 492 638 647
8 18 21
84 90 301 703 627 45 223 159 437 783 299 639 33 634 54 160 233 256 538 659 765
1 15 12
179 165 425 24 62 190 199 254 407 669 700 769
7 16 23
597 722 76 698 665 766 314 671 372 117 770 733 795 9 324 139 51 74 249 363 481 683 691
7 19 19
748 408 330 486 578 242 17 21 594 73 649 264 304 307 361 484 602 708 754
1 7 10
414 492 3 232 280 281 313 320 368 784
4 1 24
575 490 181 259 705 679 355 278 608 51 175 666 417 234 426 230 80 176 474 556 563 586 710 718
