300 76 465 20
2 15 1 13 20 11 23 23 11 23 17 2 26 29 1 18 10 30 15 28 28 4 30 18 6 20 14 13 13 3 13 18 24 15 11 1 2 22 2 5 1 27 24 1 18 6 9 18 24 15 27 25 16 14 16 16 12 4 10 15 22 11 12 20 14 28 9 24 30 5 6 22 13 21 12 5 20 22 28 23 2 1 23 3 8 4 28 17 20 19 17 24 12 18 24 22 6 18 9 8 12 12 20 12 7 19 30 13 2 26 8 16 21 10 30 13 6 25 18 12 18 30 10 10 1 16 25 19 6 30 20 15 12 28 13 26 22 22 27 4 30 9 22 3 15 14 23 28 1 3 20 3 2 22 23 11 17 5 6 30 2 17 22 9 30 29 20 1 8 10 8 8 22 7 4 19 11 29 22 6 1 23 4 30 29 19 7 24 15 4 8 29 11 18 2 6 3 5 13 23 3 10 13 15 4 5 30 19 27 16 13 8 20 26 19 13 20 8 16 6 23 4 2 16 22 2 5 29 25 26 7 22 5 17 12 22 29 22 2 14 21 25 2 23 2 10 16 22 21 3 12 28 22 12 5 9 20 18 25 22 27 18 24 12 27 13 7 12 13 18 17 27 5 8 7 2 12 24 10 19 2 13 10 18 6 21 15 22 22 28 18 12 21 25 25 17 1 13 17 5
1 28 13 3 5 10 23 19 29 5 6 30 3 22 15 17 22 16 28 18 19 12 13 16 15 13 27 7 7 15 22 5 18 7 11 21 7 21 7 9 3 17 27 20 28 19 28 29 23 10 28 25 6 20 29 9 17 3 27 23 25 5 8 2 26 3 3 29 4 7 12 10 6 19 29 26 10 14 30 29 1 16 13 30 13 29 9 22 13 28 21 6 13 15 4 16 8 18 10 15 22 20 13 5 29 28 26 23 2 9 30 30 20 1 15 9 5 22 4 12 13 7 10 10 18 24 28 27 5 7 3 1 23 12 12 30 28 13 10 3 26 7 4 25 13 8 28 17 2 21 22 3 23 1 3 27 19 7 6 28 27 3 12 20 7 14 29 20 18 3 11 5 16 28 16 7 19 20 30 5 9 21 25 29 7 3 21 8 26 7 1 18 14 12 18 22 16 14 23 23 20 2 9 5 1 23 14 2 14 24 26 16 2 30 8 21 29 28 23 29 20 27 22 13 4 16 14 1 24 6 3 9 23 14 4 15 6 1 16 7 5 22 30 21 10 3 21 20 25 12 9 19 21 26 29 28 5 23 5 24 6 29 21 8 25 25 19 3 24 3 1 1 14 1 23 13 23 27 22 24 27 16 24 4 5 3 18 5 16 8 29 9 10 4 21 2 2 3 14 1
1 15 4
40 122 19 242
3 8 10
92 127 45 240 251 268 54 126 149 211
1 1 7
286 208 17 191 18 141 258
1 16 5
172 46 290 88 96
1 19 6
87 190 153 7 98 201
1 2 6
207 80 82 287 58 61
2 5 6
30 28 169 13 79 227
1 16 7
54 256 180 48 101 177 203
1 15 5
38 160 77 178 231
1 12 5
217 102 67 34 130
2 9 7
99 173 271 154 103 0 118
3 19 8
27 298 66 105 114 26 111 195
1 13 6
95 130 3 140 285 291
2 1 8
225 299 60 5 22 76 87 166
1 1 4
238 112 38 75
1 5 8
106 278 261 239 156 32 90 181
1 17 5
237 98 232 249 270
2 3 6
12 37 141 176 171 263
2 4 4
295 62 138 214
1 18 7
25 165 86 116 73 104 219
1 11 6
230 184 204 274 212 47
1 4 3
77 161 183
1 13 4
234 177 107 160
3 13 7
13 19 269 140 163 41 150
1 4 7
47 64 255 123 48 254 292
2 3 6
253 158 216 219 83 131
2 3 6
282 270 5 113 210 257
2 6 8
61 57 242 10 91 128 165 221
4 17 9
79 224 118 9 88 185 138 156 287
1 11 8
229 43 249 11 220 119 173 240
1 10 6
120 291 157 31 188 246
1 12 4
21 134 236 136
2 10 6
1 213 210 111 8 106
1 17 3
226 42 166
3 15 8
6 18 4 113 228 105 161 254
1 9 5
221 144 20 82 244
1 7 8
272 196 2 241 30 67 102 168
2 15 6
262 96 243 132 86 220
4 18 10
78 252 69 94 266 76 115 123 135 276
4 2 7
231 168 31 58 143 128 288
2 6 7
197 206 275 170 117 167 260
1 17 3
267 16 272
2 2 5
209 139 108 97 236
1 20 4
259 124 205 226
1 10 4
288 202 63 183
2 12 5
188 283 89 137 29
1 5 3
257 232 284
3 15 6
292 178 33 193 186 267
1 17 8
201 146 23 129 15 20 51 193
2 13 5
152 155 91 245 114
3 1 9
75 85 26 284 293 10 28 121 247
1 20 7
181 72 194 167 258 164 213
2 10 9
90 263 179 101 81 145 9 209 273
1 13 8
36 107 148 70 46 93 253 261
1 11 4
68 29 264 3
2 11 6
117 32 276 71 179 280
3 2 8
187 97 294 296 195 65 124 202
2 6 8
39 119 151 214 285 85 139 252
1 20 10
126 260 4 131 143 190 206 229 248 299
1 16 4
233 71 59 81
1 1 9
110 55 149 182 25 69 218 264 269
2 4 7
297 244 49 37 42 64 281
1 6 11
200 199 265 100 215 16 62 84 129 198 241
1 15 5
53 133 205 132 180
3 17 6
59 222 115 63 14 277
1 6 7
44 211 250 136 35 280 283
1 20 6
52 175 142 208 262 286
1 7 7
189 223 24 164 273 238 275
1 11 6
22 51 135 192 174 217
2 17 9
150 125 203 104 33 49 212 223 237
1 10 4
248 93 66 162
1 8 5
50 289 227 44 279
2 13 10
56 84 235 41 246 8 182 199 245 271
3 9 7
279 147 74 162 142 281 250
2 3 9
159 218 121 247 109 55 184 196 230
1 14 3
198 174 159
