700 86 1085 47
15 20 12 1 19 15 5 10 6 16 18 13 5 23 24 19 3 29 12 10 8 9 17 3 10 25 7 26 22 30 15 15 11 30 11 14 26 10 28 22 7 13 8 24 12 24 28 3 5 12 3 28 14 24 1 25 8 23 14 24 2 4 10 30 19 26 2 27 2 5 22 28 19 29 26 5 24 10 28 20 25 18 25 19 26 30 7 15 16 20 22 27 17 5 26 19 11 24 10 11 22 14 3 27 30 1 25 28 10 17 11 26 30 19 18 17 27 30 2 30 3 19 21 4 30 9 23 23 7 25 30 7 21 6 6 21 1 12 27 22 7 1 1 19 11 20 23 14 6 11 21 19 22 10 8 28 4 25 3 16 16 21 16 2 26 2 5 19 5 9 13 12 22 27 8 6 14 6 19 10 1 4 8 22 21 6 29 7 24 4 30 30 13 14 1 5 22 2 12 13 2 21 8 17 16 21 26 8 16 16 8 20 9 28 23 16 3 19 14 11 10 19 1 11 17 7 28 23 6 8 18 30 10 21 5 20 22 9 27 17 29 27 16 26 30 1 18 8 2 9 17 21 5 9 13 16 6 1 9 3 15 15 29 16 21 22 10 20 26 8 8 11 20 19 12 20 9 25 27 3 8 13 18 10 18 7 27 22 4 23 8 2 5 7 23 22 29 2 16 30 20 10 18 4 20 26 17 12 29 18 17 23 30 8 6 6 23 25 23 6 17 12 11 5 5 18 7 25 5 25 23 26 13 18 20 25 15 25 10 21 9 12 22 14 25 18 4 13 13 2 12 30 25 28 11 7 2 5 19 8 28 10 12 11 19 29 14 14 5 16 12 23 29 28 2 17 29 17 29 23 26 11 22 4 7 16 29 30 9 6 16 11 28 23 26 24 13 24 16 18 27 9 13 6 24 6 30 23 4 4 9 16 22 27 22 23 6 28 18 7 6 3 24 1 15 3 16 2 13 15 28 29 2 1 20 17 15 16 20 1 11 25 22 9 3 30 4 15 14 22 23 10 23 7 25 7 17 6 5 12 6 28 16 27 3 14 15 11 7 24 14 14 28 4 23 21 12 9 13 29 16 29 12 27 15 5 11 23 22 10 30 13 3 3 14 30 20 2 29 9 11 27 6 28 27 8 18 25 22 19 21 17 22 9 3 16 22 4 3 1 1 2 7 22 3 14 12 29 27 18 1 8 21 23 24 13 5 15 19 25 30 7 28 7 4 12 26 23 7 10 26 7 27 5 8 24 19 23 28 2 6 8 9 8 1 15 11 8 29 8 1 16 13 29 11 20 13 29 29 10 15 27 8 2 27 8 23 18 21 14 11 6 18 16 15 15 8 24 26 17 15 3 30 11 18 2 30 1 29 11 4 3 17 30 23 3 27 5 14 19 4 18 13 4 28 23 6 5 5 10 12 29 14 30 9 18 23 14 14 1 6 3 14 4 18 11 1 14 12 9 28 23 17 1 8 10 30 6 16 20 7 24 24 2 3 2 8 11 8 29 14 9 4 22 18 12 28 24 7 18 30 12 12 30 30 24 11 3 27 8 2 2 5 24 23 12 25 29 11 1
19 5 5 21 25 12 30 2 15 18 26 6 1 6 16 13 5 23 23 10 28 12 23 27 27 26 7 27 15 11 5 29 18 8 7 5 5 21 12 30 4 17 16 13 19 13 5 9 28 11 26 10 22 1 14 5 3 26 2 23 15 30 7 27 13 1 9 8 24 24 19 16 10 17 30 29 19 17 15 18 17 15 28 23 25 13 11 13 10 19 6 4 18 7 13 1 23 8 1 16 7 3 14 30 1 10 27 18 8 27 24 30 27 14 30 24 29 17 23 12 17 11 3 8 18 7 12 22 15 19 14 1 18 11 12 10 23 5 23 19 26 4 4 16 28 14 18 23 10 5 24 16 11 30 9 26 14 19 5 1 21 27 16 4 24 20 5 23 17 14 13 3 9 7 15 18 8 13 21 5 3 1 20 9 25 3 10 20 11 30 18 14 21 18 21 23 12 23 23 9 28 23 19 10 15 25 9 9 25 14 18 16 2 13 29 25 14 20 21 16 13 27 8 17 2 14 21 2 19 13 26 19 6 19 18 18 28 3 24 22 28 10 10 9 30 15 16 23 23 25 14 3 29 17 30 7 22 1 19 21 30 25 30 10 4 17 25 17 10 9 13 14 27 11 8 14 22 1 28 5 29 16 9 28 12 6 2 27 20 12 28 13 18 9 2 9 26 27 21 4 17 23 2 20 8 25 7 13 26 19 30 28 14 10 17 1 24 22 2 17 13 4 29 8 21 18 14 27 18 29 26 1 12 23 7 10 2 12 17 13 14 7 2 20 28 2 16 19 17 15 16 12 4 26 1 21 8 30 22 23 10 14 3 8 22 26 1 15 15 22 26 24 20 19 23 16 6 9 16 10 6 18 11 30 19 2 30 18 16 16 30 24 15 3 15 22 7 4 14 24 8 18 26 10 22 22 11 4 8 17 17 8 29 5 19 27 4 30 28 12 27 12 12 21 28 13 28 20 5 9 26 15 29 28 2 30 26 5 20 4 8 15 25 20 15 14 20 19 24 7 2 28 28 30 21 20 27 28 19 21 16 16 29 5 22 24 21 15 19 6 1 9 28 29 5 20 30 6 24 25 24 29 7 30 17 3 20 11 11 24 28 12 3 24 13 17 4 7 12 6 2 1 7 1 17 12 13 11 5 16 25 5 27 22 29 1 11 22 21 17 23 2 3 19 5 6 9 30 11 22 19 18 21 24 10 5 18 9 16 13 2 18 3 17 6 17 2 18 21 28 25 1 26 14 25 27 13 2 21 20 6 27 29 6 21 8 16 15 21 17 22 13 27 13 12 10 4 11 21 15 4 26 18 11 1 1 7 6 30 26 18 27 18 11 12 14 25 9 16 20 6 18 16 12 24 25 25 19 8 6 14 13 10 2 3 17 13 22 30 25 14 17 8 26 10 24 13 11 12 29 8 24 25 2 12 1 7 17 10 3 3 15 8 15 24 22 3 14 21 4 30 21 23 19 1 14 1 29 21 5 14 10 2 20 20 26 23 25 29 30 12 9 28 7 22 5 6 15 7 9 10 15 25 11 13 2 26 24 29 11 28 29 4 15 12 13 4 21 30 16
2 12 7
571 662 298 162 291 447 529
1 4 6
38 347 30 159 454 653
1 13 11
566 187 143 230 538 123 81 627 90 184 633
1 9 15
87 341 27 44 176 562 147 193 454 415 12 477 496 530 596
3 6 12
459 224 157 577 533 457 499 643 75 154 361 482
5 9 13
160 59 263 166 138 158 51 233 89 38 88 323 562
5 3 24
695 250 683 270 333 450 264 413 666 465 678 667 651 67 83 122 202 370 379 412 431 480 516 642
7 12 13
567 125 10 579 171 28 287 106 100 30 307 200 577
4 18 10
214 608 73 278 491 203 661 120 313 699
5 11 17
289 429 368 186 254 400 674 317 352 285 346 69 146 211 250 279 604
2 2 16
558 49 691 646 180 534 430 525 376 338 401 112 32 305 438 666
2 6 14
206 675 211 36 53 70 107 390 408 450 498 579 636 645
3 7 18
657 116 412 52 137 238 507 199 565 477 23 631 665 31 215 248 416 525
1 6 17
210 251 446 464 159 90 545 244 102 403 492 331 599 59 153 239 537
1 1 10
528 475 227 416 84 99 348 535 570 620
9 5 22
422 535 280 88 560 482 677 239 114 175 624 694 74 485 131 235 253 292 448 520 553 597
5 8 18
215 602 228 316 484 379 668 196 630 191 7 78 140 200 315 351 368 451
3 16 12
40 197 313 34 26 673 315 363 176 391 484 630
3 16 10
595 461 696 190 458 504 392 425 472 632
2 14 9
685 60 64 146 22 123 272 497 575
6 4 18
679 395 2 330 72 404 418 223 208 119 165 237 300 524 583 606 609 618
2 14 11
360 641 61 364 384 236 164 17 170 172 551
1 12 8
634 593 148 149 615 629 646 657
8 14 18
350 576 262 478 323 245 71 45 91 680 321 616 574 3 183 203 273 674
3 8 16
456 385 205 343 218 97 24 92 597 322 536 360 443 503 560 590
3 7 18
276 292 19 33 378 255 260 329 410 697 181 173 0 98 455 468 622 675
2 3 9
505 473 267 304 446 504 576 643 698
4 17 13
194 580 563 288 427 637 302 426 355 387 81 328 578
1 11 14
672 575 633 339 513 546 57 419 441 117 406 103 179 240
2 8 10
269 586 259 483 125 137 207 214 439 473
2 14 10
79 3 32 654 101 218 249 354 592 647
4 12 13
688 258 334 590 611 366 340 470 382 541 321 461 533
1 20 2
652 113
7 15 21
241 476 490 161 310 493 109 209 39 439 584 520 296 149 87 231 268 546 574 598 602
3 2 12
547 335 18 99 548 625 692 13 86 328 414 672
2 12 23
169 619 440 537 286 35 592 70 7 311 253 442 43 141 189 195 295 340 475 548 640 680 695
2 19 4
162 281 496 235
4 8 16
451 479 300 549 506 165 425 50 95 444 531 268 265 372 380 518
5 1 15
658 604 539 629 556 617 598 605 699 208 212 353 356 442 678
2 10 9
620 20 428 76 108 177 221 257 638
3 3 17
542 447 411 486 650 265 407 312 240 121 231 467 55 213 276 625 696
1 7 17
226 397 550 16 183 332 569 414 356 585 25 331 470 549 557 651 659
3 20 8
511 85 248 402 591 163 66 236
2 2 10
326 320 84 589 375 132 67 487 358 45
7 6 18
318 168 656 552 606 185 659 380 172 261 118 431 36 11 302 336 507 599
2 17 8
0 306 681 568 41 222 444 523
2 15 17
474 455 653 232 156 438 127 234 120 144 145 326 334 396 409 435 627
1 4 9
644 188 74 100 187 219 309 459 650
3 11 18
371 642 434 249 618 111 6 308 204 521 613 93 170 19 118 404 511 571
3 19 15
219 448 80 391 336 297 612 460 526 10 34 171 256 310 587
1 6 9
421 388 257 369 47 224 378 509 673
3 9 17
381 54 229 140 115 686 104 655 182 623 570 65 335 458 491 580 688
3 7 22
101 5 349 594 523 41 12 242 96 383 213 615 671 16 57 85 178 199 288 330 364 538
2 4 14
177 55 42 319 639 305 433 77 133 262 329 400 569 662
2 2 13
174 471 610 15 512 216 351 42 180 229 263 319 483
1 7 7
295 189 73 114 339 398 649
1 11 7
327 540 423 480 640 366 422
2 13 5
272 243 367 66 347
3 8 13
660 399 202 303 572 82 97 164 271 365 382 624 681
1 3 19
607 481 463 201 110 11 237 452 179 601 283 609 29 77 244 290 407 517 563
1 1 2
561 46
3 10 12
225 282 220 530 136 522 247 687 95 259 285 479
2 18 9
337 290 207 370 9 35 286 307 423
1 3 20
105 309 8 443 614 152 596 135 133 222 126 314 139 182 333 362 427 490 502 573
1 2 14
119 645 555 31 557 150 684 201 308 324 392 399 532 540
2 14 8
342 153 472 53 89 209 508 603
3 19 16
362 155 510 509 271 405 519 462 649 386 495 83 2 126 500 658
1 6 17
178 377 217 508 524 578 14 664 469 445 636 184 500 37 192 293 381
2 18 13
532 361 689 198 693 489 75 277 369 591 607 616 677
8 16 18
669 4 497 516 374 359 345 94 394 221 670 544 246 23 419 452 489 514
6 19 16
583 390 372 21 304 635 503 626 648 638 432 63 142 284 327 582
6 8 16
518 502 603 498 554 436 514 408 124 527 293 417 131 493 586 689
1 1 5
212 698 406 534 552
4 15 10
398 62 279 130 582 453 156 206 510 690
1 7 11
435 154 409 373 275 107 22 241 420 566 605
4 12 16
449 517 553 396 647 252 78 587 9 24 138 175 247 303 457 684
1 4 6
58 564 63 350 375 682
8 12 16
354 134 344 325 195 56 324 291 274 256 69 682 128 403 476 635
5 15 16
144 151 632 529 600 621 294 1 588 82 266 488 141 135 547 623
4 12 20
128 284 277 68 468 663 122 437 142 148 581 501 628 194 258 332 394 494 568 644
1 9 7
551 108 301 559 161 316 536
2 12 11
43 690 357 299 145 543 192 227 320 376 693
4 4 15
48 466 98 365 573 129 389 273 494 393 17 314 338 471 661
1 4 6
29 424 420 238 255 433
1 17 11
353 622 167 124 158 260 373 485 501 541 610
2 2 8
348 676 515 188 193 226 252 436
