800 336 1240 18
21 35 39 23 12 23 17 33 31 30 21 29 14 36 30 37 23 32 31 13 23 40 25 38 20 12 32 34 12 25 38 21 28 20 39 40 35 38 31 30 13 29 22 37 27 21 25 23 37 28 29 23 21 22 22 28 23 12 16 25 23 19 33 27 13 24 33 31 25 11 20 31 27 14 35 27 31 24 27 26 40 16 27 12 17 14 39 32 16 22 11 29 34 21 30 24 20 38 32 12 18 23 28 39 35 19 33 23 21 22 28 11 38 32 26 16 40 21 20 24 15 17 39 26 30 40 36 15 18 11 11 22 27 19 18 23 13 17 39 14 12 21 24 12 21 19 29 18 26 18 23 31 29 25 25 37 38 28 37 31 15 23 26 24 14 19 33 21 35 28 18 39 25 12 19 29 25 14 29 38 12 29 19 30 19 16 13 33 27 15 25 20 23 11 19 11 11 18 14 27 18 34 31 22 32 32 40 16 21 15 14 37 19 20 12 13 22 22 13 40 15 35 35 11 40 11 31 13 26 33 39 21 19 25 20 40 33 19 31 12 25 26 17 25 24 14 39 38 35 24 18 29 31 25 31 31 37 26 34 25 31 14 23 34 15 39 14 18 22 24 27 12 18 33 39 30 21 21 27 39 34 37 18 34 16 22 39 36 15 34 29 35 27 25 36 38 30 25 24 29 31 22 11 15 32 31 12 23 39 29 19 32 17 24 23 12 14 35 16 23 12 39 14 33 31 36 39 39 35 20 21 27 24 28 35 20 32 39 16 36 30 30 12 23 16 14 23 18 11 15 39 18 19 29 33 11 39 12 24 25 13 11 40 36 39 33 11 22 25 19 31 35 28 25 40 39 16 30 31 26 14 39 12 16 34 36 38 13 35 27 35 23 34 28 15 32 14 29 21 14 26 20 40 18 34 13 21 17 21 37 17 13 32 16 22 21 34 26 40 22 28 40 18 25 39 36 16 37 21 26 13 28 35 12 15 30 33 24 15 33 34 27 26 34 18 13 26 22 24 11 27 13 16 22 17 13 37 22 38 20 19 19 35 15 11 16 18 17 19 12 16 17 39 30 33 25 37 11 17 29 34 11 14 30 31 37 30 38 25 15 33 38 39 39 19 17 22 29 38 38 30 13 39 22 24 23 30 34 26 12 18 25 14 14 32 29 28 39 11 18 34 21 34 28 28 26 26 12 33 38 34 12 37 18 36 24 11 12 38 25 24 17 23 17 19 22 39 34 24 15 32 24 31 14 32 37 34 22 15 29 29 14 23 23 21 30 24 32 31 37 40 22 22 33 17 22 38 37 22 38 40 18 12 11 12 24 24 12 12 13 14 34 34 21 15 18 21 35 26 37 14 29 29 26 18 26 19 33 25 40 19 37 39 13 20 15 20 33 32 31 34 36 13 33 15 36 32 20 35 36 32 25 29 24 35 14 37 17 17 32 40 38 21 31 20 37 21 37 27 39 12 32 23 28 36 39 23 40 29 27 21 14 27 39 19 11 13 36 19 14 26 25 24 18 25 26 18 26 27 19 30 16 13 27 19 20 18 22 19 14 35 23 23 14 33 37 40 12 31 26 12 34 26 39 23 21 20 27 29 13 27 25 15 34 24 17 37 39 14 24 23 19 28 32 36 34 14 26 21 12 19 27 34 26 36 33 23 24 12 37 18 39 29 38 25 13 30 37 36 23 19 23 27 13 13 24 16 38 23 28 31 28 28 34 17 20 36 35 32 32 19 22 32 35 19 34 35 13 32 26 21 27 14 11 36 28 21 12 22 27 13 18 40 22 23 31 34 22 26 13
11 25 29 13 2 13 7 23 21 20 11 19 4 26 20 27 13 22 21 3 13 30 15 28 10 2 22 24 2 15 28 11 18 10 29 30 25 28 21 20 3 19 12 27 17 11 15 13 27 18 19 13 11 12 12 18 13 2 6 15 13 9 23 17 3 14 23 21 15 1 10 21 17 4 25 17 21 14 17 16 30 6 17 2 7 4 29 22 6 12 1 19 24 11 20 14 10 28 22 2 8 13 18 29 25 9 23 13 11 12 18 1 28 22 16 6 30 11 10 14 5 7 29 16 20 30 26 5 8 1 1 12 17 9 8 13 3 7 29 4 2 11 14 2 11 9 19 8 16 8 13 21 19 15 15 27 28 18 27 21 5 13 16 14 4 9 23 11 25 18 8 29 15 2 9 19 15 4 19 28 2 19 9 20 9 6 3 23 17 5 15 10 13 1 9 1 1 8 4 17 8 24 21 12 22 22 30 6 11 5 4 27 9 10 2 3 12 12 3 30 5 25 25 1 30 1 21 3 16 23 29 11 9 15 10 30 23 9 21 2 15 16 7 15 14 4 29 28 25 14 8 19 21 15 21 21 27 16 24 15 21 4 13 24 5 29 4 8 12 14 17 2 8 23 29 20 11 11 17 29 24 27 8 24 6 12 29 26 5 24 19 25 17 15 26 28 20 15 14 19 21 12 1 5 22 21 2 13 29 19 9 22 7 14 13 2 4 25 6 13 2 29 4 23 21 26 29 29 25 10 11 17 14 18 25 10 22 29 6 26 20 20 2 13 6 4 13 8 1 5 29 8 9 19 23 1 29 2 14 15 3 1 30 26 29 23 1 12 15 9 21 25 18 15 30 29 6 20 21 16 4 29 2 6 24 26 28 3 25 17 25 13 24 18 5 22 4 19 11 4 16 10 30 8 24 3 11 7 11 27 7 3 22 6 12 11 24 16 30 12 18 30 8 15 29 26 6 27 11 16 3 18 25 2 5 20 23 14 5 23 24 17 16 24 8 3 16 12 14 1 17 3 6 12 7 3 27 12 28 10 9 9 25 5 1 6 8 7 9 2 6 7 29 20 23 15 27 1 7 19 24 1 4 20 21 27 20 28 15 5 23 28 29 29 9 7 12 19 28 28 20 3 29 12 14 13 20 24 16 2 8 15 4 4 22 19 18 29 1 8 24 11 24 18 18 16 16 2 23 28 24 2 27 8 26 14 1 2 28 15 14 7 13 7 9 12 29 24 14 5 22 14 21 4 22 27 24 12 5 19 19 4 13 13 11 20 14 22 21 27 30 12 12 23 7 12 28 27 12 28 30 8 2 1 2 14 14 2 2 3 4 24 24 11 5 8 11 25 16 27 4 19 19 16 8 16 9 23 15 30 9 27 29 3 10 5 10 23 22 21 24 26 3 23 5 26 22 10 25 26 22 15 19 14 25 4 27 7 7 22 30 28 11 21 10 27 11 27 17 29 2 22 13 18 26 29 13 30 19 17 11 4 17 29 9 1 3 26 9 4 16 15 14 8 15 16 8 16 17 9 20 6 3 17 9 10 8 12 9 4 25 13 13 4 23 27 30 2 21 16 2 24 16 29 13 11 10 17 19 3 17 15 5 24 14 7 27 29 4 14 13 9 18 22 26 24 4 16 11 2 9 17 24 16 26 23 13 14 2 27 8 29 19 28 15 3 20 27 26 13 9 13 17 3 3 14 6 28 13 18 21 18 18 24 7 10 26 25 22 22 9 12 22 25 9 24 25 3 22 16 11 17 4 1 26 18 11 2 12 17 3 8 30 12 13 21 24 12 16 3
0 2 8
337 739 532 104 377 434 691 211
0 4 5
265 73 522 92 537
0 2 5
53 244 406 535 357
0 2 16
601 197 612 569 557 677 27 459 706 533 39 314 215 488 348 4
0 3 7
282 540 765 619 77 472 329
0 2 8
359 559 512 544 250 630 352 446
0 8 2
713 361
0 1 15
224 2 404 507 395 194 214 102 114 124 661 345 518 515 741
0 1 21
10 40 251 168 425 711 116 48 775 118 233 665 292 444 388 203 493 479 17 89 270
0 1 14
633 107 276 293 198 735 606 577 85 441 565 613 225 664
0 1 19
599 747 675 680 558 469 324 389 697 147 744 486 302 55 627 113 623 722 771
0 2 6
679 563 602 167 140 358
0 1 20
34 788 546 309 637 435 184 392 15 767 596 160 338 428 545 598 760 724 304 131
0 2 6
9 617 659 465 154 718
0 7 3
408 136 678
0 4 5
666 331 698 148 378
0 1 15
121 495 608 600 460 177 101 422 726 239 49 268 152 350 655
0 7 1
65
0 3 9
714 483 356 567 585 153 301 607 236
0 2 7
615 119 360 639 367 383 402
0 7 2
634 618
0 5 3
766 511 51
0 2 12
247 399 93 797 484 712 248 22 445 503 1 341
0 1 13
702 7 594 541 57 471 727 60 38 701 72 332 286
0 4 4
179 362 230 631
0 1 18
652 467 252 14 222 157 654 95 536 457 663 25 614 223 98 477 754 603
0 3 7
20 514 582 295 188 436 640
0 1 13
605 707 86 321 209 531 320 481 478 228 365 285 716
0 1 12
651 752 628 476 562 572 438 588 780 549 470 141
0 1 16
41 69 103 99 635 756 241 173 3 387 551 566 616 667 354 527
0 1 21
190 748 135 366 83 261 662 231 693 158 778 80 429 59 273 291 552 32 271 581 450
0 1 15
216 433 625 108 336 8 327 391 696 629 656 584 591 440 555
0 2 8
355 253 768 708 130 749 755 351
1 2 2
0 63
1 8 3
5 561 683
1 3 2
6 743
1 3 1
11
1 3 3
12 112 125
1 4 1
13
1 3 2
16 58
1 2 1
18
1 5 1
19
1 2 3
21 386 410
1 3 2
23 117
1 4 1
24
1 2 3
26 416 611
1 5 3
28 795 798
1 2 1
29
1 3 2
30 657
1 6 2
31 62
1 5 1
33
1 5 2
35 723
1 3 1
36
1 3 3
37 165 509
1 4 1
42
1 2 3
43 312 720
1 4 4
44 46 374 412
1 2 2
45 646
1 3 3
47 123 761
1 5 1
50
1 5 1
52
1 4 1
54
1 9 3
56 170 553
1 4 2
61 376
1 3 1
64
1 5 3
66 189 487
1 2 1
67
1 4 1
68
1 3 1
70
1 3 2
71 643
1 4 1
74
1 8 2
75 570
1 8 2
76 398
1 5 2
78 789
1 4 1
79
1 4 2
81 595
1 3 2
82 750
1 3 2
84 776
1 6 1
87
1 4 1
88
1 3 3
90 133 731
1 2 2
91 719
1 5 2
94 480
1 5 3
96 272 430
1 2 1
97
1 2 5
100 142 208 538 673
1 2 1
105
1 2 1
106
1 5 1
109
1 5 2
110 132
1 6 2
111 206
1 4 1
115
1 4 3
120 427 443
1 3 1
122
1 2 2
126 323
1 3 2
127 547
1 10 1
128
1 3 1
129
1 3 1
134
1 4 1
137
1 9 1
138
1 5 1
139
1 5 2
143 319
1 6 4
144 164 504 576
1 5 1
145
1 3 2
146 340
1 10 2
149 684
1 3 1
150
1 5 1
151
1 3 2
155 212
1 9 1
156
1 6 1
159
1 3 2
161 704
1 2 2
162 699
1 3 3
163 587 626
1 3 1
166
1 3 1
169
1 2 4
171 307 432 772
1 3 1
172
1 9 1
174
1 8 1
175
1 2 5
176 263 458 573 770
1 3 2
178 510
1 2 1
180
1 3 1
181
1 4 1
182
1 6 3
183 400 491
1 3 3
185 641 692
1 6 1
186
1 3 2
187 448
1 5 2
191 494
1 3 1
192
1 8 2
193 746
1 3 1
195
1 3 1
196
1 4 1
199
1 2 2
200 525
1 8 2
201 783
1 12 1
202
1 6 1
204
1 9 1
205
1 9 1
207
1 9 1
210
1 8 1
213
1 3 2
217 492
1 9 2
218 373
1 7 1
219
1 10 1
220
1 3 5
221 306 349 418 583
1 8 1
226
1 6 1
227
1 2 2
229 638
1 8 1
232
1 3 2
234 260
1 5 1
235
1 3 1
237
1 2 3
238 550 672
1 9 1
240
1 4 1
242
1 8 1
243
1 2 2
245 669
1 2 2
246 283
1 5 2
249 738
1 2 1
254
1 4 2
255 733
1 2 1
256
1 4 1
257
1 4 2
258 262
1 9 2
259 297
1 5 1
264
1 4 2
266 790
1 4 1
267
1 11 1
269
1 8 1
274
1 5 2
275 513
1 2 2
277 403
1 4 1
278
1 8 1
279
1 3 2
280 586
1 2 1
281
1 5 2
284 685
1 3 3
287 464 728
1 3 2
288 396
1 2 2
289 482
1 2 1
290
1 6 2
294 690
1 3 1
296
1 10 2
298 385
1 10 1
299
1 4 1
300
1 5 2
303 649
1 2 2
305 346
1 2 2
308 334
1 4 1
310
1 6 1
311
1 4 4
313 411 529 792
1 5 1
315
1 3 1
316
1 2 2
317 650
1 5 2
318 715
1 4 1
322
1 3 1
325
1 6 2
326 364
1 6 1
328
1 3 1
330
1 3 1
333
1 5 1
335
1 3 2
339 787
1 4 1
342
1 3 5
343 449 485 542 647
1 2 1
344
1 3 2
347 409
1 8 3
353 437 590
1 2 2
363 578
1 3 2
368 523
1 4 2
369 658
1 3 2
370 401
1 3 1
371
1 4 1
372
1 2 1
375
1 6 2
379 516
1 7 1
380
1 5 2
381 757
1 4 1
382
1 5 1
384
1 6 1
390
1 5 3
393 489 737
1 6 2
394 653
1 4 3
397 462 597
1 2 2
405 571
1 10 1
407
1 9 1
413
1 3 1
414
1 9 1
415
1 7 1
417
1 2 1
419
1 8 1
420
1 5 2
421 593
1 3 2
423 674
1 5 1
424
1 8 1
426
1 2 1
431
1 2 2
439 622
1 3 1
442
1 3 1
447
1 2 1
451
1 2 1
452
1 3 1
453
1 2 2
454 785
1 3 1
455
1 4 1
456
1 3 1
461
1 8 1
463
1 3 1
466
1 5 1
468
1 3 1
473
1 10 1
474
1 3 2
475 660
1 4 1
490
1 2 1
496
1 3 2
497 777
1 3 1
498
1 8 2
499 686
1 2 1
500
1 6 2
501 753
1 4 1
502
1 9 1
505
1 8 1
506
1 6 1
508
1 2 3
517 687 742
1 3 2
519 740
1 9 2
520 670
1 8 1
521
1 2 1
524
1 9 2
526 592
1 5 1
528
1 4 1
530
1 4 1
534
1 5 1
539
1 6 1
543
1 4 2
548 589
1 3 1
554
1 5 1
556
1 3 1
560
1 4 1
564
1 6 1
568
1 4 2
574 799
1 4 1
575
1 2 1
579
1 8 1
580
1 8 1
604
1 4 1
609
1 9 1
610
1 8 2
620 759
1 9 1
621
1 5 1
624
1 3 1
632
1 6 1
636
1 6 1
642
1 3 2
644 762
1 5 2
645 774
1 6 1
648
1 4 1
668
1 8 1
671
1 2 2
676 729
1 2 1
681
1 2 1
682
1 4 1
688
1 7 1
689
1 10 1
694
1 4 1
695
1 2 1
700
1 3 1
703
1 10 1
705
1 3 1
709
1 9 1
710
1 3 2
717 758
1 2 1
721
1 15 1
725
1 5 1
730
1 5 1
732
1 7 1
734
1 3 1
736
1 10 1
745
1 9 1
751
1 4 1
763
1 11 1
764
1 6 1
769
1 5 1
773
1 5 2
779 786
1 3 1
781
1 4 1
782
1 4 2
784 796
1 4 1
791
1 3 1
793
1 9 1
794
