300 181 465 20
28 15 21 31 17 39 18 38 24 39 17 32 12 12 35 33 28 31 29 13 18 21 16 34 12 20 29 30 32 24 15 14 19 21 15 29 34 21 24 20 24 24 21 29 21 32 34 22 36 25 25 13 38 31 25 29 22 25 15 15 19 17 13 30 24 37 13 14 35 39 25 16 26 33 19 34 16 21 25 12 34 18 39 32 18 26 24 35 37 28 21 34 40 31 26 28 25 39 35 23 21 24 26 22 11 27 15 24 12 11 21 29 20 31 18 40 34 14 20 38 30 19 38 40 23 11 28 31 31 26 35 32 34 13 37 33 28 15 34 21 40 28 22 38 21 36 38 19 12 29 38 25 12 29 14 18 40 18 36 23 39 12 18 19 26 37 19 23 22 12 35 33 32 40 18 39 28 38 24 13 14 37 13 18 19 20 25 37 23 37 24 21 25 37 32 32 26 13 12 35 38 29 19 14 32 12 34 28 20 39 24 29 20 18 29 23 37 31 24 23 26 17 31 17 16 16 30 15 15 24 15 28 36 11 23 34 11 25 27 17 33 30 29 33 25 19 21 26 14 13 19 19 16 29 25 19 18 19 12 23 32 14 15 31 15 20 39 19 17 36 37 25 13 24 25 39 17 25 22 20 40 20 21 25 27 28 20 26 22 24 20 28 33 11 40 16 19 29 30 37
18 5 11 21 7 29 8 28 14 29 7 22 2 2 25 23 18 21 19 3 8 11 6 24 2 10 19 20 22 14 5 4 9 11 5 19 24 11 14 10 14 14 11 19 11 22 24 12 26 15 15 3 28 21 15 19 12 15 5 5 9 7 3 20 14 27 3 4 25 29 15 6 16 23 9 24 6 11 15 2 24 8 29 22 8 16 14 25 27 18 11 24 30 21 16 18 15 29 25 13 11 14 16 12 1 17 5 14 2 1 11 19 10 21 8 30 24 4 10 28 20 9 28 30 13 1 18 21 21 16 25 22 24 3 27 23 18 5 24 11 30 18 12 28 11 26 28 9 2 19 28 15 2 19 4 8 30 8 26 13 29 2 8 9 16 27 9 13 12 2 25 23 22 30 8 29 18 28 14 3 4 27 3 8 9 10 15 27 13 27 14 11 15 27 22 22 16 3 2 25 28 19 9 4 22 2 24 18 10 29 14 19 10 8 19 13 27 21 14 13 16 7 21 7 6 6 20 5 5 14 5 18 26 1 13 24 1 15 17 7 23 20 19 23 15 9 11 16 4 3 9 9 6 19 15 9 8 9 2 13 22 4 5 21 5 10 29 9 7 26 27 15 3 14 15 29 7 15 12 10 30 10 11 15 17 18 10 16 12 14 10 18 23 1 30 6 9 19 20 27
0 17 2
172 280
0 7 3
6 21 188
0 5 1
293
0 5 4
32 246 202 20
0 5 4
194 62 56 47
0 5 2
138 169
0 4 4
146 48 98 71
0 10 2
30 59
0 5 5
108 239 40 139 154
0 4 6
15 183 132 28 255 277
0 3 7
163 226 60 245 213 16 238
0 5 3
295 257 229
0 5 5
208 221 38 122 167
0 7 4
165 182 282 101
0 4 6
93 278 35 193 249 121
0 3 3
198 258 49
0 4 4
110 170 223 168
0 3 6
9 190 46 222 106 75
0 5 4
216 97 173 91
0 4 7
78 11 100 85 159 51 54
0 5 3
23 250 272
0 4 3
160 240 136
0 3 8
52 73 290 175 114 254 209 81
0 4 3
109 64 117
0 4 6
124 291 286 157 69 45
0 3 4
3 256 126 196
0 5 3
82 67 298
0 4 5
39 79 102 200 53
0 7 3
210 237 268
1 10 1
0
1 10 1
1
1 8 2
2 92
1 8 1
4
1 9 1
5
1 10 1
7
1 7 1
8
1 8 1
10
1 9 1
12
1 10 1
13
1 9 2
14 284
1 9 1
17
1 7 2
18 197
1 8 1
19
1 9 1
22
1 8 4
24 186 233 275
1 8 1
25
1 9 1
26
1 8 3
27 243 287
1 10 1
29
1 9 1
31
1 10 2
33 99
1 8 1
34
1 6 2
36 205
1 14 2
37 83
1 11 1
41
1 8 1
42
1 10 1
43
1 8 1
44
1 7 2
50 148
1 9 1
55
1 12 1
57
1 8 1
58
1 11 1
61
1 10 2
63 141
1 7 1
65
1 8 1
66
1 11 2
68 296
1 9 1
70
1 8 2
72 207
1 11 1
74
1 8 1
76
1 10 2
77 211
1 8 1
80
1 11 1
84
1 10 2
86 129
1 9 1
87
1 12 1
88
1 7 1
89
1 8 1
90
1 8 2
94 152
1 10 1
95
1 8 1
96
1 9 1
103
1 10 1
104
1 8 1
105
1 15 1
107
1 10 1
111
1 9 2
112 212
1 12 1
113
1 9 1
115
1 7 1
116
1 9 2
118 199
1 9 1
119
1 14 1
120
1 7 1
123
1 8 1
125
1 10 1
127
1 21 1
128
1 9 1
130
1 22 1
131
1 8 1
133
1 11 1
134
1 10 1
135
1 12 1
137
1 7 1
140
1 7 1
142
1 6 2
143 191
1 10 1
144
1 8 1
145
1 9 1
147
1 11 1
149
1 17 1
150
1 8 1
151
1 8 2
153 155
1 10 1
156
1 8 1
158
1 7 1
161
1 8 2
162 164
1 8 1
166
1 7 2
171 253
1 7 2
174 299
1 9 1
176
1 9 1
177
1 10 1
178
1 6 1
179
1 10 1
180
1 9 1
181
1 9 1
184
1 7 1
185
1 9 1
187
1 12 1
189
1 9 1
192
1 6 1
195
1 11 1
201
1 9 1
203
1 10 1
204
1 9 2
206 248
1 8 1
214
1 10 1
215
1 8 1
217
1 8 1
218
1 8 1
219
1 10 1
220
1 9 1
224
1 9 1
225
1 22 1
227
1 22 1
228
1 8 1
230
1 21 1
231
1 7 1
232
1 12 1
234
1 6 1
235
1 10 1
236
1 15 1
241
1 9 1
242
1 14 1
244
1 9 1
247
1 12 1
251
1 9 1
252
1 12 1
259
1 9 1
260
1 8 1
261
1 8 1
262
1 8 1
263
1 7 1
264
1 8 1
265
1 8 1
266
1 8 2
267 269
1 7 1
270
1 11 1
271
1 9 1
273
1 7 1
274
1 12 1
276
1 10 1
279
1 8 1
281
1 9 1
283
1 8 1
285
1 10 2
288 289
1 6 1
292
1 10 1
294
1 14 1
297
