300 185 465 20
19 30 31 20 25 38 31 16 11 15 20 30 22 39 21 29 26 31 36 28 35 14 32 31 23 25 20 17 35 18 34 38 24 11 35 30 14 20 22 29 32 19 29 25 34 30 21 25 31 19 39 32 16 14 30 34 11 32 34 19 40 20 18 28 29 14 39 13 12 18 17 24 40 17 37 31 30 24 22 11 20 20 26 13 30 28 15 20 21 36 24 18 24 39 16 23 31 26 34 38 32 25 33 28 30 15 11 24 40 37 30 36 32 11 30 29 33 26 16 40 38 35 15 21 35 31 22 19 33 24 36 15 23 40 28 22 23 26 27 37 23 32 23 15 19 37 13 36 33 11 30 11 38 35 24 26 12 37 18 20 11 28 11 17 14 25 12 29 30 23 30 19 22 23 33 29 25 17 34 27 18 29 26 36 16 19 12 27 40 19 29 36 15 30 37 24 28 34 36 18 40 11 33 23 25 34 40 37 34 19 33 35 14 40 26 40 23 28 35 31 33 37 11 11 36 12 31 28 25 30 18 23 20 17 24 27 27 32 11 38 20 40 18 40 26 38 23 40 12 26 33 25 29 28 39 30 35 39 18 32 27 11 15 16 31 31 28 40 37 16 13 24 11 20 28 18 25 36 36 33 15 34 28 31 37 12 18 29 33 31 35 38 19 40 30 14 23 17 33 22
9 20 21 10 15 28 21 6 1 5 10 20 12 29 11 19 16 21 26 18 25 4 22 21 13 15 10 7 25 8 24 28 14 1 25 20 4 10 12 19 22 9 19 15 24 20 11 15 21 9 29 22 6 4 20 24 1 22 24 9 30 10 8 18 19 4 29 3 2 8 7 14 30 7 27 21 20 14 12 1 10 10 16 3 20 18 5 10 11 26 14 8 14 29 6 13 21 16 24 28 22 15 23 18 20 5 1 14 30 27 20 26 22 1 20 19 23 16 6 30 28 25 5 11 25 21 12 9 23 14 26 5 13 30 18 12 13 16 17 27 13 22 13 5 9 27 3 26 23 1 20 1 28 25 14 16 2 27 8 10 1 18 1 7 4 15 2 19 20 13 20 9 12 13 23 19 15 7 24 17 8 19 16 26 6 9 2 17 30 9 19 26 5 20 27 14 18 24 26 8 30 1 23 13 15 24 30 27 24 9 23 25 4 30 16 30 13 18 25 21 23 27 1 1 26 2 21 18 15 20 8 13 10 7 14 17 17 22 1 28 10 30 8 30 16 28 13 30 2 16 23 15 19 18 29 20 25 29 8 22 17 1 5 6 21 21 18 30 27 6 3 14 1 10 18 8 15 26 26 23 5 24 18 21 27 2 8 19 23 21 25 28 9 30 20 4 13 7 23 12
0 9 1
213
0 6 3
195 249 85
0 12 2
215 184
0 5 3
7 49 93
0 7 4
140 78 205 83
0 4 7
105 256 177 186 263 157 150
0 14 1
63
0 4 8
272 107 87 143 225 197 198 243
0 5 4
199 276 151 185
0 6 1
221
0 6 1
284
0 17 1
165
0 21 1
239
0 4 4
67 160 204 10
0 7 3
273 259 149
0 7 4
24 299 59 179
0 5 4
90 190 75 291
0 4 2
223 148
0 4 6
14 164 126 41 280 189
0 3 2
207 269
0 4 5
20 51 170 202 253
0 7 2
103 159
0 7 3
281 277 203
0 3 6
228 136 45 127 71 2
0 6 4
237 91 211 111
0 4 5
73 210 18 48 167
0 6 5
99 268 209 1 257
0 7 4
66 120 53 162
0 3 7
154 298 110 117 232 60 183
0 11 4
279 174 258 156
0 3 7
106 124 113 288 260 295 84
0 6 7
227 81 98 254 80 245 128
1 9 1
0
1 10 1
3
1 12 1
4
1 25 1
5
1 7 2
6 244
1 13 1
8
1 6 2
9 282
1 8 1
11
1 7 2
12 132
1 13 1
13
1 12 1
15
1 11 1
16
1 14 1
17
1 13 1
19
1 16 1
21
1 11 1
22
1 14 2
23 86
1 32 1
25
1 10 1
26
1 23 1
27
1 11 2
28 218
1 18 1
29
1 18 1
30
1 10 1
31
1 8 2
32 246
1 12 1
33
1 10 1
34
1 18 1
35
1 11 2
36 101
1 24 1
37
1 20 1
38
1 7 1
39
1 11 1
40
1 12 3
42 115 264
1 15 1
43
1 8 1
44
1 11 1
46
1 13 1
47
1 11 1
50
1 9 1
52
1 10 1
54
1 23 1
55
1 14 1
56
1 19 1
57
1 15 1
58
1 10 2
61 152
1 16 2
62 139
1 13 1
64
1 7 1
65
1 9 1
68
1 23 1
69
1 9 1
70
1 11 1
72
1 16 2
74 206
1 21 1
76
1 21 1
77
1 12 1
79
1 6 1
82
1 7 3
88 169 286
1 10 1
89
1 14 1
92
1 21 2
94 230
1 11 1
95
1 9 1
96
1 8 1
97
1 8 2
100 155
1 25 2
102 119
1 11 1
104
1 10 2
108 296
1 7 2
109 173
1 17 1
112
1 23 1
114
1 10 1
116
1 10 1
118
1 20 1
121
1 26 1
122
1 12 1
123
1 16 1
125
1 10 1
129
1 15 2
130 224
1 12 2
131 271
1 8 1
133
1 11 2
134 214
1 10 1
135
1 22 1
137
1 13 1
138
1 9 1
141
1 11 1
142
1 7 1
144
1 10 1
145
1 13 1
146
1 11 1
147
1 17 1
153
1 12 1
158
1 18 1
161
1 11 1
163
1 11 1
166
1 24 2
168 226
1 13 1
171
1 8 1
172
1 13 1
175
1 7 1
176
1 17 1
178
1 10 1
180
1 8 1
181
1 11 1
182
1 14 1
187
1 12 1
188
1 10 1
191
1 9 1
192
1 15 1
193
1 25 1
194
1 8 1
196
1 13 2
200 248
1 14 1
201
1 25 1
208
1 15 2
212 297
1 24 1
216
1 12 1
217
1 13 1
219
1 11 2
220 294
1 16 1
222
1 7 1
229
1 10 1
231
1 11 1
233
1 15 1
234
1 12 1
235
1 28 1
236
1 10 1
238
1 16 1
240
1 17 1
241
1 9 1
242
1 8 1
247
1 16 1
250
1 20 1
251
1 20 1
252
1 18 1
255
1 12 1
261
1 9 1
262
1 12 1
265
1 9 1
266
1 23 1
267
1 18 1
270
1 21 1
274
1 7 1
275
1 17 1
278
1 20 1
283
1 9 1
285
1 13 1
287
1 11 1
289
1 10 1
290
1 11 1
292
1 19 1
293
