1000 404 1550 18
31 39 32 36 15 39 28 17 38 34 24 24 28 17 26 29 11 14 14 38 22 23 34 32 13 13 37 29 24 38 23 14 23 22 12 20 39 11 28 32 39 38 38 28 18 22 28 14 18 34 21 36 36 39 36 25 35 14 11 11 27 17 31 28 34 23 17 33 28 11 30 15 40 26 38 26 16 19 12 25 35 23 22 37 28 25 28 23 22 34 32 29 27 21 12 22 33 15 40 13 28 34 15 18 11 28 19 36 31 20 24 14 30 40 13 33 36 16 39 39 34 25 27 35 20 12 12 32 14 27 12 11 17 11 27 23 20 36 40 32 24 19 18 12 36 14 19 37 11 33 19 28 14 33 21 34 30 40 19 29 20 20 38 35 30 33 24 14 18 28 23 11 39 31 26 24 35 24 18 40 26 35 23 18 37 17 28 40 30 36 27 21 20 27 29 26 21 14 15 17 33 18 36 37 31 22 38 24 22 30 19 34 36 21 37 37 15 37 35 40 27 35 21 29 17 14 26 33 13 37 39 12 34 26 25 22 40 23 17 38 34 29 34 11 22 33 25 22 26 39 33 12 23 23 14 18 19 31 32 26 20 32 15 26 25 22 15 13 17 26 40 19 33 18 18 31 29 29 12 29 34 35 19 19 14 12 32 38 15 35 38 37 25 29 23 26 13 30 29 27 14 22 22 18 34 40 40 20 31 34 14 34 34 25 15 12 33 14 36 17 39 18 30 38 38 13 30 36 18 38 24 27 32 32 40 22 18 21 16 14 30 19 17 20 16 17 23 37 26 12 40 24 26 33 22 30 20 19 35 24 40 39 24 23 40 39 13 17 19 13 25 40 11 13 37 32 24 26 31 35 14 36 40 35 34 18 29 19 39 19 36 20 35 22 28 15 26 12 35 33 23 14 25 22 39 27 13 18 38 31 31 31 12 12 39 37 22 12 22 38 20 32 17 17 12 11 18 34 19 26 35 23 37 35 39 24 38 36 18 34 35 38 27 26 14 27 28 24 12 40 18 11 27 11 20 36 31 30 31 35 15 21 23 22 15 30 16 19 37 23 39 16 39 11 26 25 11 13 12 27 39 36 13 11 14 22 22 29 32 23 15 38 31 20 36 21 18 25 23 17 38 39 25 16 37 11 23 36 37 13 21 29 30 39 16 21 31 40 12 34 36 20 34 17 31 29 17 33 24 20 14 12 24 25 16 20 34 11 12 38 40 23 23 12 37 19 27 32 24 18 29 36 26 24 22 25 40 39 26 20 22 16 21 26 36 14 19 26 21 18 17 37 18 33 24 32 27 23 25 13 18 23 15 20 24 19 14 21 29 35 11 34 26 13 19 11 12 40 18 14 40 23 24 18 11 32 17 23 28 11 30 35 21 34 31 15 31 20 21 17 22 31 31 11 25 13 35 23 39 27 31 38 15 20 19 15 25 24 32 35 22 16 11 39 40 39 12 22 14 26 12 29 15 25 32 21 35 35 11 33 34 20 16 33 15 13 26 39 29 18 25 27 29 33 33 21 38 25 22 31 36 23 24 32 27 16 39 14 26 14 38 21 27 20 24 28 25 32 12 15 40 15 18 20 20 30 27 30 34 37 40 37 36 14 27 16 25 29 15 21 34 14 26 31 40 20 29 24 14 30 15 33 19 38 27 18 37 25 39 12 38 38 19 30 32 21 29 24 16 18 29 11 13 11 18 29 22 40 18 18 28 19 16 21 29 14 20 29 15 25 36 22 16 19 28 38 38 33 33 26 19 19 26 20 40 25 31 21 35 21 37 23 28 23 23 40 38 12 36 27 27 21 14 27 20 32 34 12 22 26 15 39 19 27 34 17 15 25 19 14 13 22 32 15 33 16 13 30 17 20 22 34 27 31 18 34 21 37 36 24 23 35 31 16 24 32 24 34 25 19 37 21 29 19 28 39 35 28 40 17 32 24 37 16 33 21 29 13 24 27 29 13 36 25 37 35 38 20 32 39 25 36 36 31 12 15 40 33 21 14 40 12 29 17 39 17 12 14 31 37 11 38 30 24 37 36 17 24 32 36 21 38 13 12 29 13 12 26 23 35 23 29 12 13 22 14 40 23 28 16 24 14 12 15 17 27 23 20 33 40 18 40 34 28 12 35 16 29 23 16 36 28 25 24 40 30 17 40 23 22 35 21 14 30 18 23 40 37 33 25 31 40 23 27 27 29 14 11 30 19 21 15 22 13 36 14 14 14 33 30 27 21 14 34 24 26 28 20 30 26
21 29 22 26 5 29 18 7 28 24 14 14 18 7 16 19 1 4 4 28 12 13 24 22 3 3 27 19 14 28 13 4 13 12 2 10 29 1 18 22 29 28 28 18 8 12 18 4 8 24 11 26 26 29 26 15 25 4 1 1 17 7 21 18 24 13 7 23 18 1 20 5 30 16 28 16 6 9 2 15 25 13 12 27 18 15 18 13 12 24 22 19 17 11 2 12 23 5 30 3 18 24 5 8 1 18 9 26 21 10 14 4 20 30 3 23 26 6 29 29 24 15 17 25 10 2 2 22 4 17 2 1 7 1 17 13 10 26 30 22 14 9 8 2 26 4 9 27 1 23 9 18 4 23 11 24 20 30 9 19 10 10 28 25 20 23 14 4 8 18 13 1 29 21 16 14 25 14 8 30 16 25 13 8 27 7 18 30 20 26 17 11 10 17 19 16 11 4 5 7 23 8 26 27 21 12 28 14 12 20 9 24 26 11 27 27 5 27 25 30 17 25 11 19 7 4 16 23 3 27 29 2 24 16 15 12 30 13 7 28 24 19 24 1 12 23 15 12 16 29 23 2 13 13 4 8 9 21 22 16 10 22 5 16 15 12 5 3 7 16 30 9 23 8 8 21 19 19 2 19 24 25 9 9 4 2 22 28 5 25 28 27 15 19 13 16 3 20 19 17 4 12 12 8 24 30 30 10 21 24 4 24 24 15 5 2 23 4 26 7 29 8 20 28 28 3 20 26 8 28 14 17 22 22 30 12 8 11 6 4 20 9 7 10 6 7 13 27 16 2 30 14 16 23 12 20 10 9 25 14 30 29 14 13 30 29 3 7 9 3 15 30 1 3 27 22 14 16 21 25 4 26 30 25 24 8 19 9 29 9 26 10 25 12 18 5 16 2 25 23 13 4 15 12 29 17 3 8 28 21 21 21 2 2 29 27 12 2 12 28 10 22 7 7 2 1 8 24 9 16 25 13 27 25 29 14 28 26 8 24 25 28 17 16 4 17 18 14 2 30 8 1 17 1 10 26 21 20 21 25 5 11 13 12 5 20 6 9 27 13 29 6 29 1 16 15 1 3 2 17 29 26 3 1 4 12 12 19 22 13 5 28 21 10 26 11 8 15 13 7 28 29 15 6 27 1 13 26 27 3 11 19 20 29 6 11 21 30 2 24 26 10 24 7 21 19 7 23 14 10 4 2 14 15 6 10 24 1 2 28 30 13 13 2 27 9 17 22 14 8 19 26 16 14 12 15 30 29 16 10 12 6 11 16 26 4 9 16 11 8 7 27 8 23 14 22 17 13 15 3 8 13 5 10 14 9 4 11 19 25 1 24 16 3 9 1 2 30 8 4 30 13 14 8 1 22 7 13 18 1 20 25 11 24 21 5 21 10 11 7 12 21 21 1 15 3 25 13 29 17 21 28 5 10 9 5 15 14 22 25 12 6 1 29 30 29 2 12 4 16 2 19 5 15 22 11 25 25 1 23 24 10 6 23 5 3 16 29 19 8 15 17 19 23 23 11 28 15 12 21 26 13 14 22 17 6 29 4 16 4 28 11 17 10 14 18 15 22 2 5 30 5 8 10 10 20 17 20 24 27 30 27 26 4 17 6 15 19 5 11 24 4 16 21 30 10 19 14 4 20 5 23 9 28 17 8 27 15 29 2 28 28 9 20 22 11 19 14 6 8 19 1 3 1 8 19 12 30 8 8 18 9 6 11 19 4 10 19 5 15 26 12 6 9 18 28 28 23 23 16 9 9 16 10 30 15 21 11 25 11 27 13 18 13 13 30 28 2 26 17 17 11 4 17 10 22 24 2 12 16 5 29 9 17 24 7 5 15 9 4 3 12 22 5 23 6 3 20 7 10 12 24 17 21 8 24 11 27 26 14 13 25 21 6 14 22 14 24 15 9 27 11 19 9 18 29 25 18 30 7 22 14 27 6 23 11 19 3 14 17 19 3 26 15 27 25 28 10 22 29 15 26 26 21 2 5 30 23 11 4 30 2 19 7 29 7 2 4 21 27 1 28 20 14 27 26 7 14 22 26 11 28 3 2 19 3 2 16 13 25 13 19 2 3 12 4 30 13 18 6 14 4 2 5 7 17 13 10 23 30 8 30 24 18 2 25 6 19 13 6 26 18 15 14 30 20 7 30 13 12 25 11 4 20 8 13 30 27 23 15 21 30 13 17 17 19 4 1 20 9 11 5 12 3 26 4 4 4 23 20 17 11 4 24 14 16 18 10 20 16
0 1 14
56 452 228 496 580 525 45 900 800 700 491 552 606 790
0 12 2
188 595
0 1 12
81 676 610 805 756 740 482 815 691 704 643 539
0 1 20
919 173 133 12 89 964 823 282 748 147 241 395 712 684 181 157 170 810 862 581
0 4 7
537 369 666 737 144 733 773
0 9 3
501 611 786
0 2 11
444 518 258 357 804 475 749 722 586 813 477
0 1 16
620 839 110 331 114 548 365 176 393 400 150 442 30 135 538 558
0 1 12
105 987 640 299 168 333 473 67 933 209 48 992
0 1 14
659 828 463 303 702 792 831 848 383 890 894 981 628 102
0 2 13
841 314 351 431 230 160 636 846 943 371 281 673 898
0 10 2
184 106
0 1 21
487 183 674 171 381 512 693 789 455 421 770 787 608 493 121 134 113 755 191 54 585
0 1 12
681 415 197 39 682 309 721 370 882 713 47 41
0 2 10
533 607 997 975 363 140 377 944 896 842
0 1 10
554 566 163 711 319 465 211 261 959 4
0 2 9
692 206 553 543 229 508 74 619 476
0 3 5
850 826 514 686 661
0 1 17
214 707 224 725 871 488 375 627 23 498 555 679 830 635 795 169 880
0 6 1
906
0 2 6
980 443 990 915 623 996
0 1 17
645 988 249 427 447 705 92 562 416 95 696 272 426 650 903 167 730
0 2 12
797 544 418 534 321 750 953 10 999 715 451 294
0 1 21
73 541 205 637 61 158 406 359 199 956 615 969 72 675 978 808 689 920 778 655 977
0 2 11
742 641 942 663 652 677 868 467 754 860 254
0 4 4
445 699 28 646
0 1 12
277 563 2 601 587 295 231 82 437 182 928 884
0 1 17
324 726 744 575 242 701 576 453 547 0 55 513 27 16 878 885 411
0 2 11
967 355 63 123 308 330 892 317 760 342 129
0 1 18
306 148 710 509 901 264 777 529 796 952 239 561 226 31 519 284 50 489
0 1 14
446 338 551 687 146 527 466 572 758 694 767 24 844 46
0 1 21
458 629 215 245 86 983 757 690 683 946 642 217 244 180 138 827 125 670 598 94 768
0 3 6
752 961 312 66 540 941
0 3 8
343 408 738 252 118 577 851 835
0 11 1
449
1 2 6
1 97 145 358 723 802
1 2 5
3 291 328 474 945
1 3 4
5 116 225 653
1 3 2
6 950
1 2 1
7
1 4 3
8 373 866
1 2 3
9 108 179
1 10 2
11 311
1 3 2
13 874
1 12 1
14
1 4 3
15 85 639
1 2 4
17 172 201 669
1 2 1
18
1 8 1
19
1 3 1
20
1 2 5
21 178 764 765 970
1 4 1
22
1 3 3
25 227 462
1 4 2
26 617
1 4 1
29
1 3 1
32
1 5 1
33
1 12 1
34
1 2 2
35 470
1 4 4
36 87 494 854
1 2 3
37 159 414
1 2 2
38 232
1 3 1
40
1 5 2
42 99
1 3 2
43 982
1 4 2
44 198
1 3 3
49 763 788
1 3 1
51
1 3 2
52 781
1 3 3
53 658 745
1 2 3
57 220 535
1 2 3
58 390 403
1 3 1
59
1 4 1
60
1 4 1
62
1 3 1
64
1 2 3
65 219 806
1 2 1
68
1 10 1
69
1 11 1
70
1 3 2
71 776
1 10 1
75
1 5 1
76
1 4 4
77 300 698 727
1 2 2
78 435
1 2 3
79 399 791
1 3 5
80 156 665 771 937
1 2 2
83 818
1 15 1
84
1 12 1
88
1 5 2
90 557
1 2 3
91 735 893
1 5 1
93
1 3 3
96 253 883
1 3 3
98 614 924
1 4 1
100
1 3 2
101 340
1 12 3
103 268 870
1 2 3
104 130 334
1 13 2
107 979
1 3 1
109
1 3 2
111 468
1 3 5
112 503 579 886 947
1 3 1
115
1 3 2
117 925
1 2 1
119
1 2 2
120 648
1 3 2
122 196
1 2 3
124 593 819
1 3 2
126 360
1 2 6
127 647 720 861 864 965
1 2 4
128 591 753 888
1 6 1
131
1 3 2
132 460
1 2 1
136
1 2 4
137 364 546 873
1 4 2
139 963
1 7 2
141 274
1 13 1
142
1 3 2
143 678
1 3 2
149 434
1 2 1
151
1 6 2
152 824
1 2 1
153
1 4 2
154 775
1 3 2
155 250
1 12 1
161
1 3 3
162 385 495
1 13 3
164 293 298
1 4 1
165
1 2 2
166 386
1 7 2
174 991
1 5 1
175
1 2 1
177
1 4 1
185
1 2 1
186
1 4 2
187 626
1 2 3
189 600 672
1 2 2
190 596
1 2 3
192 564 799
1 4 1
193
1 3 4
194 262 603 923
1 3 1
195
1 3 3
200 389 875
1 2 1
202
1 7 4
203 263 532 582
1 3 2
204 492
1 7 2
207 914
1 10 1
208
1 4 1
210
1 4 1
212
1 2 2
213 536
1 3 1
216
1 6 1
218
1 3 1
221
1 2 4
222 310 335 728
1 2 1
223
1 4 2
233 858
1 4 2
234 930
1 2 1
235
1 4 2
236 803
1 2 2
237 485
1 2 5
238 246 439 574 833
1 5 1
240
1 12 1
243
1 2 1
247
1 3 2
248 425
1 4 2
251 849
1 4 1
255
1 3 2
256 320
1 7 2
257 305
1 11 1
259
1 10 2
260 814
1 11 1
265
1 4 1
266
1 5 2
267 917
1 5 2
269 939
1 4 3
270 346 948
1 5 2
271 966
1 4 1
273
1 11 1
275
1 2 1
276
1 2 4
278 556 590 837
1 4 3
279 716 951
1 3 2
280 549
1 2 1
283
1 2 2
285 478
1 4 1
286
1 5 1
287
1 10 1
288
1 7 2
289 524
1 2 2
290 746
1 2 2
292 634
1 5 2
296 396
1 2 3
297 530 739
1 4 2
301 729
1 2 3
302 570 829
1 6 1
304
1 2 2
307 891
1 2 1
313
1 5 1
315
1 3 1
316
1 14 1
318
1 2 1
322
1 5 2
323 779
1 3 4
325 379 457 516
1 3 1
326
1 11 1
327
1 3 1
329
1 7 1
332
1 3 1
336
1 4 1
337
1 2 1
339
1 10 2
341 622
1 3 1
344
1 2 1
345
1 3 2
347 367
1 3 2
348 832
1 7 2
349 916
1 15 1
350
1 9 1
352
1 2 1
353
1 2 3
354 356 413
1 3 4
361 412 609 695
1 2 2
362 398
1 3 1
366
1 2 1
368
1 12 1
372
1 3 2
374 630
1 2 1
376
1 2 2
378 517
1 10 2
380 490
1 5 1
382
1 5 1
384
1 2 1
387
1 5 3
388 430 568
1 5 3
391 469 521
1 5 3
392 732 976
1 2 1
394
1 3 3
397 929 993
1 2 2
401 484
1 23 1
402
1 3 1
404
1 2 2
405 734
1 2 1
407
1 3 1
409
1 2 1
410
1 3 2
417 432
1 2 1
419
1 13 1
420
1 3 1
422
1 3 1
423
1 12 2
424 511
1 3 2
428 599
1 5 2
429 998
1 4 3
433 897 984
1 2 3
436 497 774
1 3 4
438 913 922 974
1 11 1
440
1 14 1
441
1 2 1
448
1 13 3
450 633 958
1 4 1
454
1 5 1
456
1 15 1
459
1 2 2
461 625
1 10 1
464
1 13 2
471 821
1 2 1
472
1 3 1
479
1 11 1
480
1 4 2
481 807
1 3 2
483 605
1 3 3
486 602 741
1 2 1
499
1 13 1
500
1 4 1
502
1 5 1
504
1 14 1
505
1 2 1
506
1 3 1
507
1 3 3
510 769 989
1 2 1
515
1 4 2
520 869
1 2 1
522
1 12 2
523 856
1 13 1
526
1 5 1
528
1 2 1
531
1 3 1
542
1 2 1
545
1 12 1
550
1 3 3
559 697 921
1 3 1
560
1 2 1
565
1 3 1
567
1 2 1
569
1 3 3
571 612 836
1 7 1
573
1 8 2
578 667
1 3 2
583 911
1 5 1
584
1 4 1
588
1 3 1
589
1 14 1
592
1 4 1
594
1 7 2
597 772
1 5 1
604
1 2 1
613
1 3 1
616
1 4 2
618 780
1 2 2
621 957
1 8 1
624
1 7 1
631
1 2 1
632
1 2 1
638
1 4 1
644
1 4 1
649
1 3 1
651
1 2 2
654 881
1 13 1
656
1 12 2
657 812
1 5 1
660
1 4 3
662 761 926
1 2 1
664
1 4 1
668
1 2 2
671 872
1 3 1
680
1 3 1
685
1 13 2
688 706
1 5 1
703
1 4 1
708
1 7 1
709
1 4 1
714
1 12 1
717
1 3 2
718 845
1 5 2
719 918
1 12 1
724
1 4 1
731
1 2 2
736 840
1 11 1
743
1 3 1
747
1 5 1
751
1 11 1
759
1 5 1
762
1 3 1
766
1 2 1
782
1 5 1
783
1 3 1
784
1 12 3
785 895 904
1 5 1
793
1 2 1
794
1 3 1
798
1 2 1
801
1 3 1
809
1 2 1
811
1 11 2
816 877
1 13 1
817
1 7 1
820
1 3 1
822
1 2 1
825
1 3 1
834
1 13 1
838
1 3 1
843
1 13 2
847 912
1 14 1
852
1 3 2
853 857
1 2 1
855
1 3 1
859
1 5 1
863
1 4 1
865
1 6 1
867
1 3 1
876
1 3 1
879
1 2 1
887
1 2 1
889
1 3 1
899
1 5 1
902
1 4 1
905
1 4 1
907
1 2 1
908
1 2 1
909
1 3 1
910
1 2 1
927
1 3 1
931
1 2 1
932
1 3 1
934
1 5 1
935
1 10 1
936
1 3 1
938
1 7 1
940
1 5 1
949
1 4 1
954
1 5 1
955
1 5 1
960
1 3 1
962
1 20 1
968
1 4 1
971
1 3 1
972
1 4 1
973
1 3 1
985
1 15 1
986
1 3 1
994
1 3 1
995
