1000 412 1550 18
36 18 30 18 22 18 22 30 28 27 31 28 30 19 15 37 36 32 23 32 29 17 18 35 37 34 13 39 15 29 32 40 30 36 35 17 40 16 38 39 29 20 14 30 35 37 11 39 25 33 23 33 23 33 38 16 21 32 22 26 24 20 12 33 16 23 33 30 40 11 24 20 30 39 39 36 35 20 27 32 20 32 14 11 20 39 20 22 38 11 25 31 23 13 17 13 11 12 23 24 28 33 21 31 15 15 19 28 16 32 12 18 24 22 18 31 21 12 30 28 38 40 28 13 24 26 17 25 34 18 19 21 28 15 23 33 34 34 27 18 26 27 30 19 29 29 25 35 11 37 16 40 21 25 31 14 38 12 40 40 38 12 19 40 27 18 36 29 29 20 22 37 13 38 23 34 29 16 22 18 11 11 38 15 20 38 23 28 14 27 14 14 38 38 19 29 38 27 34 31 26 24 38 11 32 30 39 19 35 20 18 12 13 17 25 11 38 15 12 31 14 27 33 40 26 34 17 31 26 11 27 23 35 15 11 40 11 14 16 12 19 13 36 15 14 12 22 40 26 33 16 31 24 24 27 32 40 23 16 35 23 39 24 21 21 38 19 13 38 33 22 33 20 34 25 12 32 16 36 26 40 37 39 37 38 30 33 18 38 28 18 14 38 31 30 15 17 20 22 20 23 14 36 15 23 17 33 26 18 32 30 13 22 21 38 14 24 21 14 16 30 29 16 34 27 25 17 13 22 17 38 11 18 22 24 12 18 31 22 32 36 38 14 38 14 31 38 12 13 31 37 11 16 12 35 12 18 34 28 29 21 30 20 13 27 37 26 18 17 24 38 31 25 38 16 28 28 24 24 21 39 20 29 11 30 32 40 24 25 16 13 27 17 28 19 30 11 24 25 36 17 29 13 20 39 14 23 38 13 13 33 19 38 40 11 20 19 20 34 19 26 38 12 26 28 27 24 30 21 25 11 39 38 34 22 13 23 15 11 24 25 18 37 29 28 38 31 23 40 24 13 29 17 12 23 40 17 28 30 38 20 19 32 21 25 21 27 39 39 27 21 11 37 40 35 27 34 31 21 13 17 38 36 30 23 20 25 34 28 14 13 34 16 22 20 14 36 22 38 17 29 34 36 21 17 34 25 38 23 28 24 34 15 24 13 25 25 37 40 36 28 36 11 30 31 15 28 32 24 37 11 15 13 25 26 14 20 20 20 16 19 21 24 19 36 29 34 20 23 21 16 21 27 18 15 17 36 14 26 23 36 17 28 39 29 25 27 33 32 22 12 11 15 35 27 21 21 32 16 37 15 33 27 19 22 37 25 21 25 14 23 26 23 38 18 26 34 35 31 35 33 17 35 17 35 28 17 28 29 22 27 18 22 18 30 32 13 35 31 33 26 34 35 20 16 24 20 40 16 25 38 22 28 16 17 19 30 24 22 16 28 25 39 29 25 26 26 30 16 23 27 18 39 39 28 30 12 18 33 11 31 35 14 23 12 40 28 34 34 23 18 27 12 20 16 26 32 34 23 34 32 32 33 33 25 31 39 27 19 25 31 24 18 13 36 31 21 28 34 20 33 33 18 11 24 12 23 21 26 35 40 30 34 15 11 11 25 35 33 36 18 33 13 15 27 12 25 39 13 16 15 35 15 18 29 21 20 20 23 20 37 16 20 31 12 17 17 34 34 34 16 26 11 12 40 35 27 37 39 12 15 29 25 17 34 40 19 21 36 33 26 11 12 30 30 26 20 34 30 17 18 14 36 22 11 37 22 28 15 21 17 14 25 15 28 38 33 28 15 16 29 15 20 29 39 25 30 30 35 26 26 39 15 13 30 36 36 15 31 34 40 37 34 33 31 24 33 15 22 23 21 11 25 39 36 25 21 31 37 35 39 33 22 39 22 15 18 31 38 20 33 27 37 33 39 19 24 16 25 14 16 40 19 28 40 29 11 26 38 13 19 13 30 33 34 13 19 33 16 32 28 38 31 29 20 13 38 30 25 14 38 24 14 27 24 22 33 34 23 21 31 30 18 27 16 20 14 32 34 33 23 39 22 21 33 34 35 13 13 38 21 32 19 29 15 14 22 24 11 18 11 38 31 12 37 25 31 29 16 27 33 26 29 20 25 15 14 20 13 35 13 19 23 18 13 40 19 37 13 21 14 27 27 19 12 37 19 34 17 21 29 20 30 28 13 26 29 26 36 36 16 22 27 26 22 30 13 39 13 30 14 21 16 37 40 17 20 33 37 27
26 8 20 8 12 8 12 20 18 17 21 18 20 9 5 27 26 22 13 22 19 7 8 25 27 24 3 29 5 19 22 30 20 26 25 7 30 6 28 29 19 10 4 20 25 27 1 29 15 23 13 23 13 23 28 6 11 22 12 16 14 10 2 23 6 13 23 20 30 1 14 10 20 29 29 26 25 10 17 22 10 22 4 1 10 29 10 12 28 1 15 21 13 3 7 3 1 2 13 14 18 23 11 21 5 5 9 18 6 22 2 8 14 12 8 21 11 2 20 18 28 30 18 3 14 16 7 15 24 8 9 11 18 5 13 23 24 24 17 8 16 17 20 9 19 19 15 25 1 27 6 30 11 15 21 4 28 2 30 30 28 2 9 30 17 8 26 19 19 10 12 27 3 28 13 24 19 6 12 8 1 1 28 5 10 28 13 18 4 17 4 4 28 28 9 19 28 17 24 21 16 14 28 1 22 20 29 9 25 10 8 2 3 7 15 1 28 5 2 21 4 17 23 30 16 24 7 21 16 1 17 13 25 5 1 30 1 4 6 2 9 3 26 5 4 2 12 30 16 23 6 21 14 14 17 22 30 13 6 25 13 29 14 11 11 28 9 3 28 23 12 23 10 24 15 2 22 6 26 16 30 27 29 27 28 20 23 8 28 18 8 4 28 21 20 5 7 10 12 10 13 4 26 5 13 7 23 16 8 22 20 3 12 11 28 4 14 11 4 6 20 19 6 24 17 15 7 3 12 7 28 1 8 12 14 2 8 21 12 22 26 28 4 28 4 21 28 2 3 21 27 1 6 2 25 2 8 24 18 19 11 20 10 3 17 27 16 8 7 14 28 21 15 28 6 18 18 14 14 11 29 10 19 1 20 22 30 14 15 6 3 17 7 18 9 20 1 14 15 26 7 19 3 10 29 4 13 28 3 3 23 9 28 30 1 10 9 10 24 9 16 28 2 16 18 17 14 20 11 15 1 29 28 24 12 3 13 5 1 14 15 8 27 19 18 28 21 13 30 14 3 19 7 2 13 30 7 18 20 28 10 9 22 11 15 11 17 29 29 17 11 1 27 30 25 17 24 21 11 3 7 28 26 20 13 10 15 24 18 4 3 24 6 12 10 4 26 12 28 7 19 24 26 11 7 24 15 28 13 18 14 24 5 14 3 15 15 27 30 26 18 26 1 20 21 5 18 22 14 27 1 5 3 15 16 4 10 10 10 6 9 11 14 9 26 19 24 10 13 11 6 11 17 8 5 7 26 4 16 13 26 7 18 29 19 15 17 23 22 12 2 1 5 25 17 11 11 22 6 27 5 23 17 9 12 27 15 11 15 4 13 16 13 28 8 16 24 25 21 25 23 7 25 7 25 18 7 18 19 12 17 8 12 8 20 22 3 25 21 23 16 24 25 10 6 14 10 30 6 15 28 12 18 6 7 9 20 14 12 6 18 15 29 19 15 16 16 20 6 13 17 8 29 29 18 20 2 8 23 1 21 25 4 13 2 30 18 24 24 13 8 17 2 10 6 16 22 24 13 24 22 22 23 23 15 21 29 17 9 15 21 14 8 3 26 21 11 18 24 10 23 23 8 1 14 2 13 11 16 25 30 20 24 5 1 1 15 25 23 26 8 23 3 5 17 2 15 29 3 6 5 25 5 8 19 11 10 10 13 10 27 6 10 21 2 7 7 24 24 24 6 16 1 2 30 25 17 27 29 2 5 19 15 7 24 30 9 11 26 23 16 1 2 20 20 16 10 24 20 7 8 4 26 12 1 27 12 18 5 11 7 4 15 5 18 28 23 18 5 6 19 5 10 19 29 15 20 20 25 16 16 29 5 3 20 26 26 5 21 24 30 27 24 23 21 14 23 5 12 13 11 1 15 29 26 15 11 21 27 25 29 23 12 29 12 5 8 21 28 10 23 17 27 23 29 9 14 6 15 4 6 30 9 18 30 19 1 16 28 3 9 3 20 23 24 3 9 23 6 22 18 28 21 19 10 3 28 20 15 4 28 14 4 17 14 12 23 24 13 11 21 20 8 17 6 10 4 22 24 23 13 29 12 11 23 24 25 3 3 28 11 22 9 19 5 4 12 14 1 8 1 28 21 2 27 15 21 19 6 17 23 16 19 10 15 5 4 10 3 25 3 9 13 8 3 30 9 27 3 11 4 17 17 9 2 27 9 24 7 11 19 10 20 18 3 16 19 16 26 26 6 12 17 16 12 20 3 29 3 20 4 11 6 27 30 7 10 23 27 17
0 9 3
547 111 505
0 1 10
201 639 898 737 549 439 253 85 191 873
0 10 3
761 562 69
0 1 18
29 273 874 671 974 353 211 455 981 477 731 153 258 987 375 777 317 853
0 2 12
598 307 68 940 745 823 78 483 100 707 383 461
0 1 13
656 488 392 979 503 500 709 703 914 845 127 485 713
0 18 3
597 376 563
0 1 17
159 95 380 863 916 871 958 396 700 232 999 476 926 941 679 300 573
0 1 14
345 167 294 238 199 965 971 450 524 748 717 228 702 686
0 1 15
924 271 166 858 108 456 4 436 583 313 843 811 223 93 763
0 1 15
370 612 660 283 24 47 219 779 5 812 718 510 545 720 245
0 1 16
741 724 224 993 23 366 324 659 289 386 39 341 390 590 116 762
0 13 2
247 492
0 1 18
687 602 459 484 466 501 244 796 997 411 943 775 872 918 694 901 182 995
0 2 10
434 601 420 44 285 398 559 909 584 240
0 2 7
698 609 97 925 983 429 185
0 10 3
733 364 286
0 2 6
66 446 430 2 327 70
0 2 12
394 331 754 537 119 418 402 314 55 63 626 604
0 1 22
141 723 856 174 771 58 416 808 982 41 663 519 480 944 468 554 799 893 207 816 606 33
0 4 6
670 726 840 114 481 373
0 2 10
118 830 203 367 888 535 959 387 17 945
0 4 6
978 897 145 521 101 431
0 1 7
393 608 633 34 605 96 798
0 7 4
973 879 883 624
0 2 11
589 449 362 810 630 962 288 746 497 907 571
0 1 14
72 306 619 642 727 164 732 410 989 92 792 538 621 335
0 2 8
557 952 784 849 625 237 580 138
0 1 16
665 479 528 178 902 675 814 157 35 239 866 52 891 860 482 144
0 1 19
910 31 303 813 251 520 966 889 26 67 653 28 680 986 721 181 215 371 406
0 5 4
821 618 623 960
0 2 13
499 3 620 903 399 425 674 876 951 904 822 32 378
0 1 17
522 305 65 844 419 278 135 121 600 343 348 859 529 939 514 516 847
0 1 17
518 645 259 233 797 49 163 177 173 105 241 868 809 312 892 895 517
0 2 10
20 646 880 527 325 388 852 498 146 156
0 1 8
658 629 37 59 264 648 556 202
1 4 3
0 225 980
1 6 1
1
1 2 1
6
1 11 2
7 839
1 2 2
8 301
1 6 1
9
1 2 2
10 833
1 8 3
11 42 931
1 2 2
12 299
1 8 3
13 103 270
1 5 2
14 568
1 3 1
15
1 2 3
16 593 710
1 4 2
18 757
1 3 2
19 736
1 3 3
21 738 794
1 22 1
22
1 5 1
25
1 3 1
27
1 2 2
30 464
1 2 2
36 350
1 2 1
38
1 3 2
40 946
1 2 2
43 548
1 3 2
45 104
1 3 2
46 195
1 2 4
48 261 692 716
1 3 2
50 60
1 8 1
51
1 9 1
53
1 2 2
54 470
1 7 4
56 214 542 649
1 3 2
57 326
1 2 2
61 154
1 2 4
62 397 585 800
1 2 3
64 404 820
1 20 1
71
1 2 2
73 297
1 3 1
74
1 11 2
75 252
1 2 3
76 316 697
1 2 3
77 94 896
1 2 2
79 140
1 3 2
80 950
1 4 1
81
1 3 4
82 120 861 990
1 10 2
83 913
1 5 1
84
1 2 1
86
1 7 2
87 112
1 4 1
88
1 3 3
89 638 801
1 14 2
90 221
1 7 1
91
1 2 1
98
1 3 2
99 921
1 2 5
102 469 533 667 765
1 3 2
106 287
1 3 1
107
1 12 2
109 349
1 4 1
110
1 9 1
113
1 2 2
115 831
1 3 2
117 494
1 3 1
122
1 3 1
123
1 4 1
124
1 3 1
125
1 11 1
126
1 2 2
128 196
1 6 2
129 975
1 3 4
130 465 592 603
1 2 3
131 200 506
1 2 4
132 269 705 870
1 3 1
133
1 3 1
134
1 3 4
136 460 751 805
1 2 2
137 142
1 3 2
139 696
1 11 2
143 577
1 7 1
147
1 3 1
148
1 3 1
149
1 3 2
150 684
1 3 4
151 445 569 782
1 6 3
152 424 543
1 2 1
155
1 3 1
158
1 6 3
160 428 701
1 3 1
161
1 2 1
162
1 3 2
165 308
1 2 2
168 437
1 2 5
169 321 385 829 976
1 2 2
170 996
1 5 2
171 408
1 3 3
172 183 257
1 2 4
175 176 208 491
1 11 1
179
1 3 1
180
1 10 1
184
1 12 1
186
1 3 1
187
1 2 3
188 553 678
1 2 1
189
1 2 4
190 276 310 403
1 6 1
192
1 3 2
193 929
1 11 2
194 495
1 15 1
197
1 2 2
198 637
1 2 3
204 508 735
1 3 1
205
1 10 2
206 622
1 5 1
209
1 15 2
210 963
1 5 1
212
1 3 1
213
1 2 1
216
1 11 2
217 298
1 4 1
218
1 3 1
220
1 2 3
222 230 591
1 3 5
226 242 502 599 885
1 3 2
227 747
1 3 2
229 265
1 2 3
231 340 832
1 9 3
234 266 953
1 3 1
235
1 4 1
236
1 9 1
243
1 11 2
246 865
1 8 1
248
1 3 3
249 292 917
1 3 1
250
1 3 2
254 540
1 19 3
255 384 875
1 6 1
256
1 4 1
260
1 2 2
262 632
1 10 1
263
1 2 2
267 682
1 5 2
268 532
1 2 2
272 923
1 11 2
274 785
1 4 2
275 806
1 2 2
277 851
1 11 2
279 758
1 2 4
280 729 744 957
1 2 1
281
1 11 2
282 359
1 5 2
284 523
1 12 1
290
1 5 1
291
1 2 1
293
1 20 1
295
1 7 4
296 401 764 984
1 19 3
302 878 985
1 5 2
304 807
1 4 1
309
1 3 3
311 567 581
1 7 1
315
1 3 4
318 566 588 908
1 2 2
319 462
1 3 3
320 421 835
1 3 1
322
1 3 2
323 932
1 2 1
328
1 2 5
329 332 688 706 768
1 6 3
330 552 655
1 2 4
333 486 862 906
1 2 1
334
1 6 2
336 826
1 3 2
337 857
1 3 2
338 969
1 3 1
339
1 11 1
342
1 3 1
344
1 19 1
346
1 3 2
347 968
1 3 2
351 886
1 12 1
352
1 4 1
354
1 2 1
355
1 10 1
356
1 5 2
357 443
1 15 1
358
1 11 1
360
1 4 2
361 654
1 19 1
363
1 2 1
365
1 5 3
368 841 911
1 2 1
369
1 2 6
372 457 490 587 616 691
1 3 2
374 458
1 3 1
377
1 3 1
379
1 2 2
381 509
1 5 2
382 725
1 2 2
389 551
1 2 2
391 964
1 11 2
395 743
1 4 2
400 819
1 9 1
405
1 3 1
407
1 11 1
409
1 11 2
412 640
1 7 3
413 531 766
1 8 1
414
1 3 1
415
1 3 2
417 817
1 19 1
422
1 7 2
423 772
1 14 1
426
1 12 1
427
1 15 1
432
1 5 2
433 672
1 4 4
435 493 890 949
1 4 1
438
1 14 3
440 753 848
1 3 1
441
1 11 2
442 935
1 10 1
444
1 11 2
447 650
1 3 1
448
1 3 1
451
1 3 1
452
1 19 1
453
1 2 2
454 922
1 2 1
463
1 10 2
467 558
1 4 1
471
1 2 1
472
1 2 1
473
1 3 1
474
1 10 1
475
1 3 2
478 838
1 2 1
487
1 3 1
489
1 11 1
496
1 3 2
504 900
1 3 1
507
1 4 1
511
1 3 2
512 828
1 3 2
513 884
1 7 1
515
1 2 1
525
1 11 2
526 927
1 2 1
530
1 11 1
534
1 3 1
536
1 3 1
539
1 2 1
541
1 6 1
544
1 3 2
546 791
1 2 1
550
1 3 3
555 576 991
1 3 1
560
1 3 1
561
1 14 1
564
1 3 1
565
1 2 1
570
1 3 4
572 651 842 881
1 2 1
574
1 6 1
575
1 2 4
578 631 647 815
1 2 1
579
1 2 1
582
1 3 2
586 769
1 3 1
594
1 3 2
595 759
1 14 1
596
1 3 1
607
1 8 1
610
1 2 1
611
1 3 1
613
1 3 2
614 887
1 3 2
615 636
1 4 2
617 793
1 3 1
627
1 4 1
628
1 2 1
634
1 5 2
635 936
1 3 1
641
1 12 1
643
1 3 1
644
1 5 2
652 722
1 3 1
657
1 3 1
661
1 2 1
662
1 6 2
664 704
1 3 1
666
1 10 1
668
1 2 1
669
1 12 1
673
1 16 1
676
1 6 1
677
1 14 1
681
1 3 1
683
1 11 1
685
1 3 1
689
1 2 1
690
1 2 1
693
1 2 2
695 825
1 11 2
699 992
1 3 1
708
1 3 1
711
1 9 1
712
1 8 1
714
1 2 1
715
1 3 1
719
1 3 1
728
1 2 1
730
1 3 1
734
1 10 2
739 750
1 2 1
740
1 3 1
742
1 3 2
749 905
1 2 1
752
1 6 1
755
1 10 1
756
1 14 1
760
1 11 2
767 827
1 19 1
770
1 4 1
773
1 7 1
774
1 2 1
776
1 7 1
778
1 10 1
780
1 5 1
781
1 2 1
783
1 12 1
786
1 3 1
787
1 8 1
788
1 2 3
789 915 920
1 5 1
790
1 3 1
795
1 11 1
802
1 8 1
803
1 5 1
804
1 10 1
818
1 5 1
824
1 8 1
834
1 14 1
836
1 6 1
837
1 16 1
846
1 3 1
850
1 2 1
854
1 6 1
855
1 2 1
864
1 2 1
867
1 2 1
869
1 2 1
877
1 11 1
882
1 2 2
894 961
1 2 1
899
1 19 1
912
1 2 2
919 937
1 9 1
928
1 3 1
930
1 2 1
933
1 2 1
934
1 3 1
938
1 3 1
942
1 19 1
947
1 5 1
948
1 2 1
954
1 6 1
955
1 2 1
956
1 2 1
967
1 3 1
970
1 4 1
972
1 8 1
977
1 14 1
988
1 7 1
994
1 2 1
998
