300 187 465 20
29 19 32 37 18 12 20 36 21 18 28 30 40 19 18 11 30 39 12 12 27 12 27 12 16 27 34 23 18 12 15 32 25 34 31 11 18 33 33 39 34 28 20 37 36 21 37 27 22 22 12 13 15 28 25 39 33 15 12 32 14 38 15 25 21 32 28 14 35 13 18 17 16 34 31 12 14 25 32 31 35 31 34 36 26 31 16 19 39 27 13 32 11 28 40 16 21 17 14 30 22 24 20 34 24 29 26 19 25 32 38 38 20 23 30 24 24 39 38 23 27 25 24 11 26 14 27 38 37 21 16 35 29 20 27 28 31 33 28 28 11 29 20 26 33 18 30 40 21 23 14 38 36 26 32 21 19 37 23 11 12 16 30 12 38 34 39 31 19 33 27 24 22 25 21 33 15 26 37 34 30 12 14 35 16 23 27 17 25 17 21 31 34 23 26 13 26 17 40 23 20 29 28 21 11 36 33 32 24 27 35 29 22 15 25 16 25 32 17 24 26 37 33 33 32 31 20 20 25 38 16 22 35 24 12 16 12 25 13 23 36 34 34 32 24 17 40 31 27 22 25 38 24 16 21 36 22 28 24 33 32 39 20 40 35 28 13 32 13 15 18 23 33 38 29 13 24 25 16 22 28 20 39 18 38 14 37 39 35 21 35 13 21 40 14 38 27 33 31 22
19 9 22 27 8 2 10 26 11 8 18 20 30 9 8 1 20 29 2 2 17 2 17 2 6 17 24 13 8 2 5 22 15 24 21 1 8 23 23 29 24 18 10 27 26 11 27 17 12 12 2 3 5 18 15 29 23 5 2 22 4 28 5 15 11 22 18 4 25 3 8 7 6 24 21 2 4 15 22 21 25 21 24 26 16 21 6 9 29 17 3 22 1 18 30 6 11 7 4 20 12 14 10 24 14 19 16 9 15 22 28 28 10 13 20 14 14 29 28 13 17 15 14 1 16 4 17 28 27 11 6 25 19 10 17 18 21 23 18 18 1 19 10 16 23 8 20 30 11 13 4 28 26 16 22 11 9 27 13 1 2 6 20 2 28 24 29 21 9 23 17 14 12 15 11 23 5 16 27 24 20 2 4 25 6 13 17 7 15 7 11 21 24 13 16 3 16 7 30 13 10 19 18 11 1 26 23 22 14 17 25 19 12 5 15 6 15 22 7 14 16 27 23 23 22 21 10 10 15 28 6 12 25 14 2 6 2 15 3 13 26 24 24 22 14 7 30 21 17 12 15 28 14 6 11 26 12 18 14 23 22 29 10 30 25 18 3 22 3 5 8 13 23 28 19 3 14 15 6 12 18 10 29 8 28 4 27 29 25 11 25 3 11 30 4 28 17 23 21 12
0 5 2
13 92
0 3 3
243 227 249
0 4 2
162 209
0 3 5
34 123 240 109 82
0 4 5
8 0 86 217 222
0 9 3
281 91 46
0 4 7
255 205 50 207 37 226 17
0 14 2
158 228
0 4 6
45 56 261 196 246 278
0 5 3
62 160 165
0 6 3
201 5 139
0 9 3
154 59 4
0 3 4
239 90 26 206
0 10 3
98 267 198
0 4 4
231 187 216 95
0 12 1
124
0 4 6
143 184 36 237 67 283
0 3 5
257 221 290 84 57
0 4 2
150 176
0 10 1
223
0 3 9
135 74 218 232 114 148 190 279 260
0 10 2
127 78
0 12 2
65 210
0 4 9
259 15 179 215 106 191 202 276 66
0 5 5
134 224 41 120 24
0 3 7
85 172 51 81 282 33 75
0 4 3
268 39 219
0 8 3
77 182 55
0 5 2
204 102
0 6 5
111 35 64 100 76
0 5 3
83 11 214
0 4 6
131 152 166 252 177 193
0 12 1
211
1 8 1
1
1 9 3
2 108 133
1 8 1
3
1 8 1
6
1 7 1
7
1 15 1
9
1 13 1
10
1 10 2
12 113
1 8 1
14
1 8 1
16
1 8 1
18
1 23 1
19
1 26 1
20
1 16 1
21
1 15 1
22
1 9 1
23
1 10 1
25
1 26 2
27 73
1 7 2
28 163
1 17 1
29
1 15 1
30
1 21 2
31 212
1 11 1
32
1 7 1
38
1 14 1
40
1 8 1
42
1 7 1
43
1 7 1
44
1 13 1
47
1 9 3
48 71 189
1 16 1
49
1 9 3
52 169 242
1 17 1
53
1 8 2
54 194
1 7 1
58
1 15 1
60
1 10 1
61
1 21 1
63
1 10 1
68
1 14 1
69
1 7 1
70
1 15 1
72
1 16 1
79
1 8 1
80
1 9 1
87
1 6 2
88 110
1 8 2
89 271
1 15 3
93 186 266
1 9 1
94
1 14 1
96
1 21 1
97
1 13 1
99
1 7 1
101
1 12 1
103
1 8 1
104
1 10 1
105
1 9 1
107
1 7 1
112
1 9 1
115
1 14 1
116
1 6 1
117
1 10 1
118
1 11 1
119
1 7 1
121
1 13 1
122
1 7 1
125
1 16 1
126
1 12 1
128
1 8 1
129
1 14 1
130
1 9 1
132
1 10 1
136
1 15 1
137
1 7 1
138
1 8 1
140
1 8 2
141 296
1 8 1
142
1 9 1
144
1 13 1
145
1 8 1
146
1 14 1
147
1 8 1
149
1 9 1
151
1 29 1
153
1 7 1
155
1 8 1
156
1 8 1
157
1 11 1
159
1 15 1
161
1 10 1
164
1 8 1
167
1 12 1
168
1 8 1
170
1 9 1
171
1 7 1
173
1 18 1
174
1 14 1
175
1 9 1
178
1 10 2
180 251
1 9 1
181
1 7 1
183
1 16 1
185
1 18 1
188
1 9 1
192
1 9 1
195
1 20 1
197
1 11 1
199
1 8 1
200
1 16 1
203
1 12 1
208
1 9 1
213
1 13 1
220
1 6 1
225
1 9 1
229
1 6 1
230
1 7 1
233
1 14 1
234
1 6 1
235
1 17 2
236 288
1 16 1
238
1 16 1
241
1 7 1
244
1 13 1
245
1 9 1
247
1 8 2
248 254
1 22 1
250
1 20 1
253
1 9 1
256
1 16 1
258
1 15 1
262
1 15 1
263
1 7 1
264
1 18 1
265
1 13 1
269
1 7 1
270
1 16 1
272
1 7 1
273
1 9 1
274
1 6 1
275
1 9 1
277
1 8 1
280
1 7 1
284
1 7 1
285
1 8 1
286
1 18 1
287
1 7 1
289
1 7 1
291
1 12 1
292
1 17 1
293
1 13 1
294
1 9 1
295
1 19 1
297
1 17 1
298
1 8 1
299
