800 361 1240 18
15 27 12 33 34 17 30 39 29 30 11 17 23 11 27 30 39 34 26 29 20 31 15 37 16 33 17 14 29 25 14 14 21 16 14 17 16 31 32 18 25 37 32 16 12 15 40 25 13 40 40 37 31 18 40 12 36 14 17 14 34 18 25 26 15 31 12 13 37 30 25 15 16 12 24 20 25 17 29 40 23 37 34 39 28 23 20 25 28 22 38 37 21 27 25 20 39 29 21 31 22 39 35 24 31 36 38 37 18 30 22 34 20 38 13 28 34 16 34 25 30 11 34 30 11 11 16 14 37 14 32 13 19 27 16 36 23 36 34 19 22 31 38 40 16 23 25 39 30 18 32 21 34 29 11 35 39 22 13 33 36 25 30 36 30 23 21 20 25 29 26 37 15 19 15 30 16 25 23 30 13 33 34 22 18 25 19 21 27 29 26 20 16 36 29 40 29 26 20 27 29 39 36 34 38 37 14 24 40 26 35 16 14 15 36 29 34 22 38 29 20 27 30 20 30 25 23 20 18 39 19 30 27 27 36 24 12 39 15 38 36 38 25 40 25 15 27 33 37 39 33 24 14 26 39 24 20 19 24 38 17 24 21 30 37 29 27 21 28 23 24 16 23 27 37 17 30 13 24 19 13 27 29 30 30 16 23 21 12 35 18 29 25 22 31 13 38 36 14 17 36 31 20 12 14 37 31 30 28 19 12 20 16 17 38 39 18 31 37 11 15 14 18 34 22 22 39 16 14 27 19 27 22 16 25 20 39 40 36 27 37 14 26 23 14 22 13 29 31 25 19 17 33 15 26 13 15 25 38 39 38 40 31 39 32 16 17 39 33 23 22 25 22 15 16 11 37 37 21 18 36 15 33 32 35 18 25 16 12 29 23 11 31 24 18 25 19 13 31 22 14 11 36 24 25 35 15 38 22 34 33 17 16 15 37 33 13 33 39 14 30 12 35 18 27 38 29 19 36 28 38 26 17 20 13 11 11 27 28 35 15 18 15 28 30 23 20 32 27 17 25 32 39 40 30 40 13 37 24 29 26 13 22 27 15 17 22 30 26 30 27 25 14 26 36 27 17 32 23 40 34 37 36 22 21 12 13 39 18 20 37 32 16 37 14 40 34 25 22 20 34 22 13 33 37 28 27 26 23 15 19 30 21 16 14 32 36 18 24 11 30 16 26 36 30 27 23 37 34 11 37 17 20 25 33 11 19 40 40 19 32 32 14 18 13 30 26 40 32 16 30 35 22 18 38 18 20 14 39 24 25 19 36 36 15 38 16 13 38 17 34 35 15 13 38 26 15 28 30 19 12 14 36 17 20 30 21 11 20 25 14 23 14 32 27 22 12 29 15 15 15 19 26 38 19 14 30 30 26 24 14 31 33 25 32 11 25 35 23 15 15 24 16 17 33 14 35 39 39 21 11 34 36 22 26 13 25 40 28 22 33 29 39 20 28 16 12 32 32 25 22 39 16 40 11 38 33 14 32 16 40 30 37 23 36 22 40 13 22 15 37 37 31 33 15 25 16 11 31 24 20 21 35 25 16 23 20 20 18 14 39 36 28 27 39 27 38 21 31 17 38 35 15 33 19 34 33 23 40 36 29 34 34 34 33 18 19 23 19 35 25 39 14 15 32 36 37 35 25 36 12 19 39 26 38 14 13 23 23 14 31 32 21 39 35 30 34 16 34 23 18 23 34 38 29 17 19 22 33 37 34 17 35 19 38 15 33 11 35 15 36 18 11 17 22 32 11 24 16 32 25 32 11 36 18 40 22 12 22 14 15 27 35 15 19 22 20 23 31 36
5 17 2 23 24 7 20 29 19 20 1 7 13 1 17 20 29 24 16 19 10 21 5 27 6 23 7 4 19 15 4 4 11 6 4 7 6 21 22 8 15 27 22 6 2 5 30 15 3 30 30 27 21 8 30 2 26 4 7 4 24 8 15 16 5 21 2 3 27 20 15 5 6 2 14 10 15 7 19 30 13 27 24 29 18 13 10 15 18 12 28 27 11 17 15 10 29 19 11 21 12 29 25 14 21 26 28 27 8 20 12 24 10 28 3 18 24 6 24 15 20 1 24 20 1 1 6 4 27 4 22 3 9 17 6 26 13 26 24 9 12 21 28 30 6 13 15 29 20 8 22 11 24 19 1 25 29 12 3 23 26 15 20 26 20 13 11 10 15 19 16 27 5 9 5 20 6 15 13 20 3 23 24 12 8 15 9 11 17 19 16 10 6 26 19 30 19 16 10 17 19 29 26 24 28 27 4 14 30 16 25 6 4 5 26 19 24 12 28 19 10 17 20 10 20 15 13 10 8 29 9 20 17 17 26 14 2 29 5 28 26 28 15 30 15 5 17 23 27 29 23 14 4 16 29 14 10 9 14 28 7 14 11 20 27 19 17 11 18 13 14 6 13 17 27 7 20 3 14 9 3 17 19 20 20 6 13 11 2 25 8 19 15 12 21 3 28 26 4 7 26 21 10 2 4 27 21 20 18 9 2 10 6 7 28 29 8 21 27 1 5 4 8 24 12 12 29 6 4 17 9 17 12 6 15 10 29 30 26 17 27 4 16 13 4 12 3 19 21 15 9 7 23 5 16 3 5 15 28 29 28 30 21 29 22 6 7 29 23 13 12 15 12 5 6 1 27 27 11 8 26 5 23 22 25 8 15 6 2 19 13 1 21 14 8 15 9 3 21 12 4 1 26 14 15 25 5 28 12 24 23 7 6 5 27 23 3 23 29 4 20 2 25 8 17 28 19 9 26 18 28 16 7 10 3 1 1 17 18 25 5 8 5 18 20 13 10 22 17 7 15 22 29 30 20 30 3 27 14 19 16 3 12 17 5 7 12 20 16 20 17 15 4 16 26 17 7 22 13 30 24 27 26 12 11 2 3 29 8 10 27 22 6 27 4 30 24 15 12 10 24 12 3 23 27 18 17 16 13 5 9 20 11 6 4 22 26 8 14 1 20 6 16 26 20 17 13 27 24 1 27 7 10 15 23 1 9 30 30 9 22 22 4 8 3 20 16 30 22 6 20 25 12 8 28 8 10 4 29 14 15 9 26 26 5 28 6 3 28 7 24 25 5 3 28 16 5 18 20 9 2 4 26 7 10 20 11 1 10 15 4 13 4 22 17 12 2 19 5 5 5 9 16 28 9 4 20 20 16 14 4 21 23 15 22 1 15 25 13 5 5 14 6 7 23 4 25 29 29 11 1 24 26 12 16 3 15 30 18 12 23 19 29 10 18 6 2 22 22 15 12 29 6 30 1 28 23 4 22 6 30 20 27 13 26 12 30 3 12 5 27 27 21 23 5 15 6 1 21 14 10 11 25 15 6 13 10 10 8 4 29 26 18 17 29 17 28 11 21 7 28 25 5 23 9 24 23 13 30 26 19 24 24 24 23 8 9 13 9 25 15 29 4 5 22 26 27 25 15 26 2 9 29 16 28 4 3 13 13 4 21 22 11 29 25 20 24 6 24 13 8 13 24 28 19 7 9 12 23 27 24 7 25 9 28 5 23 1 25 5 26 8 1 7 12 22 1 14 6 22 15 22 1 26 8 30 12 2 12 4 5 17 25 5 9 12 10 13 21 26
0 1 14
506 627 366 554 308 300 171 19 501 41 111 154 679 375
0 2 9
615 147 64 764 367 56 8 77 753
0 6 5
380 699 392 791 82
0 1 14
317 602 493 268 129 432 729 102 121 450 282 773 572 218
0 2 12
583 176 79 666 746 650 146 314 774 333 599 276
0 2 10
43 799 555 514 307 349 559 267 223 607
0 2 10
685 226 592 585 135 440 72 136 614 162
0 8 1
695
0 3 8
312 16 747 512 203 658 112 383
0 5 2
569 141
0 1 13
25 733 215 279 439 447 710 288 534 165 86 126 545
0 2 8
231 407 508 237 459 39 795 503
0 2 12
275 543 542 389 278 81 20 342 505 145 552 748
0 3 9
742 90 139 725 99 772 22 338 197
0 1 20
329 116 581 429 421 428 187 153 168 348 339 4 560 91 263 726 793 487 205 216
0 1 18
184 655 310 578 38 653 67 9 273 767 396 32 434 763 462 465 252 601
0 1 14
97 484 13 163 761 31 657 299 185 95 127 612 525 451
0 1 12
481 609 269 360 227 48 707 420 573 59 566 610
0 2 6
604 494 397 29 591 363
0 13 1
42
0 5 1
743
0 3 9
357 577 196 133 645 326 370 46 241
0 12 2
70 624
0 1 10
175 334 244 470 202 777 118 337 523 683
0 3 9
6 468 221 475 119 194 613 318 698
0 1 14
381 464 159 579 786 639 664 281 516 608 557 649 315 313
0 1 11
413 395 425 527 179 261 45 55 489 714 623
0 1 15
567 455 322 180 718 178 474 441 234 745 295 301 518 328 292
0 1 14
722 27 690 770 211 321 200 359 109 143 622 656 3 406
0 1 11
646 128 692 232 289 61 651 319 701 771 576
0 5 3
517 125 284
0 4 4
404 415 130 438
0 2 7
626 731 158 351 456 245 264
0 5 4
324 751 390 511
1 3 1
0
1 3 2
1 382
1 2 3
2 361 686
1 3 3
5 69 287
1 7 2
7 152
1 9 1
10
1 8 2
11 696
1 7 2
12 134
1 3 2
14 345
1 2 4
15 26 28 442
1 6 2
17 669
1 3 2
18 53
1 5 6
21 85 105 490 598 618
1 4 2
23 36
1 5 1
24
1 2 2
30 730
1 3 1
33
1 4 1
34
1 4 2
35 148
1 3 4
37 240 372 519
1 3 1
40
1 3 2
44 199
1 7 1
47
1 2 3
49 250 270
1 2 2
50 195
1 4 3
51 688 728
1 2 1
52
1 4 3
54 379 593
1 13 3
57 411 739
1 3 3
58 103 670
1 6 2
60 723
1 2 2
62 297
1 10 2
63 520
1 4 2
65 108
1 2 4
66 131 423 538
1 6 4
68 304 336 719
1 3 1
71
1 10 1
73
1 2 3
74 256 454
1 10 1
75
1 7 1
76
1 6 2
78 355
1 2 3
80 225 316
1 2 1
83
1 2 2
84 183
1 3 2
87 437
1 3 1
88
1 2 4
89 229 486 740
1 4 1
92
1 5 2
93 188
1 9 1
94
1 4 1
96
1 4 1
98
1 4 1
100
1 10 1
101
1 2 1
104
1 8 2
106 762
1 4 2
107 798
1 4 1
110
1 7 3
113 587 706
1 3 2
114 452
1 8 2
115 580
1 6 1
117
1 4 5
120 122 271 589 768
1 6 1
123
1 10 2
124 155
1 3 2
132 354
1 5 1
137
1 3 1
138
1 15 1
140
1 4 1
142
1 4 2
144 302
1 13 1
149
1 6 2
150 466
1 5 2
151 236
1 4 3
156 571 652
1 6 3
157 266 713
1 5 1
160
1 4 2
161 431
1 2 4
164 311 433 526
1 4 1
166
1 3 2
167 477
1 6 1
169
1 11 1
170
1 6 1
172
1 3 1
173
1 6 1
174
1 3 1
177
1 16 1
181
1 2 1
182
1 6 2
186 541
1 6 3
189 294 458
1 3 1
190
1 3 1
191
1 18 2
192 568
1 16 1
193
1 4 3
198 210 529
1 4 1
201
1 14 1
204
1 2 3
206 482 715
1 2 1
207
1 7 2
208 783
1 2 1
209
1 2 2
212 788
1 6 2
213 426
1 14 1
214
1 11 2
217 331
1 6 1
219
1 2 2
220 637
1 3 1
222
1 5 1
224
1 4 2
228 461
1 6 1
230
1 9 2
233 643
1 2 3
235 362 642
1 14 1
238
1 3 1
239
1 5 2
242 365
1 6 1
243
1 2 1
246
1 3 1
247
1 3 2
248 546
1 4 1
249
1 7 2
251 737
1 3 2
253 283
1 3 3
254 436 671
1 6 1
255
1 9 1
257
1 6 1
258
1 11 1
259
1 2 2
260 483
1 6 1
262
1 3 1
265
1 3 4
272 444 460 535
1 6 3
274 280 570
1 4 2
277 620
1 2 2
285 347
1 4 1
286
1 3 1
290
1 3 2
291 346
1 4 2
293 621
1 3 1
296
1 8 1
298
1 4 2
303 358
1 3 1
305
1 5 2
306 391
1 6 2
309 478
1 2 3
320 617 694
1 3 3
323 472 521
1 14 1
325
1 7 2
327 629
1 3 2
330 492
1 7 1
332
1 2 1
335
1 6 1
340
1 3 1
341
1 5 1
343
1 2 4
344 412 584 603
1 3 2
350 790
1 4 1
352
1 9 1
353
1 4 1
356
1 4 2
364 387
1 2 1
368
1 13 3
369 539 582
1 4 1
371
1 3 1
373
1 5 1
374
1 3 2
376 785
1 6 1
377
1 6 1
378
1 14 1
384
1 2 1
385
1 6 1
386
1 15 2
388 732
1 3 1
393
1 9 1
394
1 5 1
398
1 7 2
399 738
1 2 1
400
1 4 1
401
1 9 1
402
1 4 1
403
1 4 2
405 500
1 4 1
408
1 5 1
409
1 14 1
410
1 3 2
414 549
1 2 3
416 588 667
1 3 1
417
1 7 1
418
1 6 1
419
1 2 2
422 776
1 6 2
424 435
1 7 1
427
1 2 1
430
1 4 1
443
1 7 1
445
1 2 1
446
1 2 1
448
1 3 2
449 556
1 3 2
453 781
1 7 1
457
1 3 1
463
1 15 1
467
1 4 1
469
1 4 1
471
1 2 2
473 532
1 9 1
476
1 4 1
479
1 3 1
480
1 10 1
485
1 10 1
488
1 14 1
491
1 6 1
495
1 4 2
496 727
1 3 2
497 756
1 4 2
498 533
1 8 1
499
1 2 2
502 796
1 6 1
504
1 2 1
507
1 3 1
509
1 4 2
510 750
1 4 4
513 634 661 797
1 7 1
515
1 7 1
522
1 10 1
524
1 4 1
528
1 14 1
530
1 3 2
531 757
1 3 1
536
1 8 1
537
1 4 1
540
1 9 2
544 760
1 7 1
547
1 3 1
548
1 14 1
550
1 2 2
551 717
1 14 1
553
1 3 1
558
1 9 1
561
1 14 1
562
1 2 1
563
1 2 2
564 780
1 3 1
565
1 3 1
574
1 4 1
575
1 9 1
586
1 6 1
590
1 4 1
594
1 10 1
595
1 5 1
596
1 10 1
597
1 3 1
600
1 9 1
605
1 3 1
606
1 6 1
611
1 5 1
616
1 9 1
619
1 10 1
625
1 4 1
628
1 4 1
630
1 6 2
631 782
1 3 1
632
1 7 2
633 758
1 5 1
635
1 10 1
636
1 9 1
638
1 2 1
640
1 3 2
641 712
1 3 1
644
1 2 2
647 766
1 3 1
648
1 7 1
654
1 3 1
659
1 3 1
660
1 5 1
662
1 2 1
663
1 11 1
665
1 2 1
668
1 2 1
672
1 5 1
673
1 3 2
674 711
1 4 1
675
1 9 1
676
1 7 1
677
1 4 1
678
1 2 1
680
1 6 1
681
1 3 1
682
1 8 1
684
1 4 1
687
1 4 1
689
1 3 1
691
1 6 1
693
1 2 1
697
1 2 1
700
1 2 1
702
1 4 1
703
1 4 1
704
1 2 1
705
1 3 2
708 741
1 4 1
709
1 6 1
716
1 3 1
720
1 15 1
721
1 2 1
724
1 5 1
734
1 3 1
735
1 15 1
736
1 5 1
744
1 6 1
749
1 6 1
752
1 5 1
754
1 7 1
755
1 13 1
759
1 6 1
765
1 3 1
769
1 21 1
775
1 7 1
778
1 2 1
779
1 2 1
784
1 3 1
787
1 4 1
789
1 18 1
792
1 6 1
794
