300 195 465 20
32 26 26 33 26 22 12 12 11 27 34 22 32 28 33 12 25 37 12 25 26 26 18 29 38 30 31 16 25 32 30 36 34 28 21 40 31 24 29 27 17 26 15 28 12 29 31 21 23 29 13 36 15 33 24 14 17 15 27 17 24 22 19 13 35 37 34 35 38 21 21 13 33 14 30 13 14 17 16 23 25 38 12 35 25 12 19 19 35 20 19 22 13 34 11 17 15 15 11 20 16 11 20 12 34 22 20 27 26 36 23 34 12 27 27 19 19 36 35 32 28 37 15 34 25 19 39 24 24 37 15 26 14 22 31 38 24 32 14 18 20 13 21 31 21 38 40 21 37 38 38 11 35 26 31 25 33 11 24 17 31 19 26 20 21 30 34 12 27 31 19 26 21 30 26 40 16 21 20 34 13 32 21 36 11 31 35 17 13 20 24 37 27 22 28 38 22 18 29 15 19 24 35 19 33 15 28 22 29 36 31 18 14 14 31 23 34 34 23 37 37 28 21 22 19 35 15 13 19 26 39 33 19 21 13 18 29 33 33 31 33 12 20 32 19 34 24 34 22 16 13 35 14 20 26 40 40 25 17 37 35 29 14 26 32 11 37 11 35 12 18 39 34 39 22 39 17 26 33 13 34 31 33 36 26 40 38 29 17 34 28 16 11 28 36 20 13 20 35 13
22 16 16 23 16 12 2 2 1 17 24 12 22 18 23 2 15 27 2 15 16 16 8 19 28 20 21 6 15 22 20 26 24 18 11 30 21 14 19 17 7 16 5 18 2 19 21 11 13 19 3 26 5 23 14 4 7 5 17 7 14 12 9 3 25 27 24 25 28 11 11 3 23 4 20 3 4 7 6 13 15 28 2 25 15 2 9 9 25 10 9 12 3 24 1 7 5 5 1 10 6 1 10 2 24 12 10 17 16 26 13 24 2 17 17 9 9 26 25 22 18 27 5 24 15 9 29 14 14 27 5 16 4 12 21 28 14 22 4 8 10 3 11 21 11 28 30 11 27 28 28 1 25 16 21 15 23 1 14 7 21 9 16 10 11 20 24 2 17 21 9 16 11 20 16 30 6 11 10 24 3 22 11 26 1 21 25 7 3 10 14 27 17 12 18 28 12 8 19 5 9 14 25 9 23 5 18 12 19 26 21 8 4 4 21 13 24 24 13 27 27 18 11 12 9 25 5 3 9 16 29 23 9 11 3 8 19 23 23 21 23 2 10 22 9 24 14 24 12 6 3 25 4 10 16 30 30 15 7 27 25 19 4 16 22 1 27 1 25 2 8 29 24 29 12 29 7 16 23 3 24 21 23 26 16 30 28 19 7 24 18 6 1 18 26 10 3 10 25 3
0 4 7
96 251 23 264 103 226 258
0 3 9
210 134 29 57 111 24 224 83 54
0 3 4
245 104 274 206
0 12 1
282
0 7 4
68 149 61 197
0 4 4
243 278 230 211
0 11 3
151 170 202
0 11 3
203 298 293
0 9 2
124 85
0 8 1
232
0 4 4
241 7 55 178
0 4 4
33 59 179 20
0 5 4
269 299 247 172
0 4 5
95 94 242 13 218
0 7 3
248 28 215
0 4 4
220 78 44 120
0 3 6
63 86 208 159 3 34
0 10 1
157
0 4 3
108 25 137
0 6 2
184 146
0 4 4
26 183 271 66
0 5 3
231 158 283
0 4 3
92 99 259
0 4 7
253 71 152 165 252 8 207
0 5 4
36 123 160 166
0 5 5
261 107 286 154 128
0 10 2
150 50
0 3 4
125 113 205 87
0 5 5
239 272 6 98 275
0 4 5
110 4 163 18 214
0 7 2
115 16
0 4 4
14 90 19 10
1 7 2
0 75
1 9 1
1
1 13 1
2
1 12 1
5
1 8 1
9
1 13 2
11 30
1 8 1
12
1 7 1
15
1 7 1
17
1 9 1
21
1 8 2
22 97
1 11 1
27
1 10 1
31
1 11 1
32
1 16 1
35
1 18 2
37 175
1 11 1
38
1 13 1
39
1 8 1
40
1 9 1
41
1 7 1
42
1 11 1
43
1 9 1
45
1 8 2
46 126
1 11 1
47
1 13 1
48
1 22 1
49
1 8 1
51
1 23 1
52
1 12 1
53
1 16 1
56
1 11 1
58
1 11 1
60
1 8 2
62 117
1 8 1
64
1 17 1
65
1 16 1
67
1 14 1
69
1 15 2
70 173
1 9 1
72
1 7 1
73
1 8 1
74
1 10 2
76 292
1 8 1
77
1 9 1
79
1 9 1
80
1 6 1
81
1 9 1
82
1 14 2
84 267
1 14 1
88
1 9 1
89
1 12 1
91
1 15 1
93
1 8 1
100
1 9 1
101
1 11 1
102
1 11 1
105
1 13 1
106
1 16 1
109
1 10 1
112
1 8 1
114
1 13 1
116
1 10 1
118
1 11 1
119
1 7 1
121
1 6 2
122 260
1 8 1
127
1 9 1
129
1 8 2
130 277
1 9 1
131
1 22 1
132
1 8 1
133
1 16 1
135
1 8 1
136
1 11 1
138
1 14 2
139 238
1 14 1
140
1 8 1
141
1 11 2
142 255
1 14 1
143
1 11 1
144
1 13 1
145
1 9 1
147
1 15 1
148
1 9 1
153
1 8 1
155
1 8 1
156
1 7 1
161
1 8 1
162
1 6 1
164
1 7 1
167
1 8 1
168
1 8 1
169
1 8 1
171
1 8 1
174
1 10 1
176
1 9 1
177
1 14 1
180
1 10 1
181
1 14 1
182
1 10 1
185
1 11 1
186
1 8 1
187
1 8 1
188
1 7 1
189
1 12 1
190
1 22 1
191
1 9 1
192
1 8 1
193
1 14 1
194
1 14 1
195
1 15 1
196
1 7 1
198
1 10 1
199
1 9 1
200
1 15 1
201
1 16 1
204
1 11 1
209
1 9 1
212
1 8 1
213
1 10 1
216
1 11 1
217
1 13 2
219 237
1 8 1
221
1 10 1
222
1 8 1
223
1 10 1
225
1 9 1
227
1 25 1
228
1 9 1
229
1 15 1
233
1 15 1
234
1 9 1
235
1 12 1
236
1 13 1
240
1 9 1
244
1 18 1
246
1 7 1
249
1 14 1
250
1 10 1
254
1 13 2
256 270
1 11 1
257
1 16 1
262
1 7 1
263
1 16 1
265
1 9 1
266
1 12 1
268
1 6 1
273
1 9 1
276
1 14 1
279
1 13 1
280
1 14 1
281
1 10 1
284
1 7 1
285
1 11 1
287
1 7 1
288
1 8 1
289
1 22 1
290
1 10 1
291
1 12 1
294
1 9 1
295
1 9 1
296
1 9 1
297
