1000 451 1550 18
28 17 32 15 28 13 16 35 11 36 35 37 28 31 29 23 26 23 23 16 13 30 32 30 32 27 29 27 13 37 30 36 12 32 22 14 32 21 13 29 23 20 23 22 19 26 21 24 39 38 20 12 29 19 20 29 14 28 40 34 23 33 20 23 34 23 37 12 13 33 24 12 35 32 25 12 13 37 26 17 30 16 15 21 17 11 28 13 26 25 23 40 40 30 37 39 12 29 20 21 24 20 14 21 16 31 19 29 37 31 38 36 25 18 32 36 22 18 14 17 40 25 27 11 11 26 35 37 19 21 11 24 31 24 33 35 28 25 21 27 37 31 35 20 35 12 14 18 20 20 13 35 29 39 13 27 36 15 23 14 24 17 15 15 34 34 30 19 23 34 21 37 20 25 20 16 18 21 34 36 22 40 11 24 37 25 28 14 12 34 19 14 22 15 12 17 29 14 11 31 12 20 28 40 23 12 20 25 38 21 32 19 25 26 16 35 33 28 24 18 15 15 27 27 36 17 28 19 16 39 38 21 39 38 33 34 35 28 26 27 35 40 39 21 20 12 13 16 39 11 26 25 40 33 17 20 16 39 37 25 38 18 14 38 29 26 29 30 32 24 21 11 21 29 32 39 34 20 23 40 14 27 38 14 29 24 36 31 34 26 18 19 31 37 25 22 40 13 27 27 30 17 30 36 11 39 40 31 17 29 13 36 30 24 18 33 15 40 21 38 20 30 26 13 32 20 17 36 26 30 17 27 29 40 39 18 25 13 27 18 39 26 32 39 39 33 34 18 29 32 13 34 32 17 31 13 19 32 27 22 18 16 33 37 29 34 32 20 19 29 27 13 36 25 37 13 37 35 17 20 11 13 17 19 24 27 19 13 16 15 13 13 26 38 17 23 16 21 31 28 14 36 26 25 37 25 23 27 16 19 29 22 26 15 40 40 40 37 17 24 25 31 37 34 40 21 16 34 32 24 16 17 28 17 33 37 17 28 20 27 15 30 39 22 29 35 40 36 13 25 30 16 30 12 16 15 15 22 14 32 24 23 32 24 21 23 21 23 12 17 28 31 34 21 39 38 34 33 29 37 18 32 20 22 18 37 31 20 31 38 28 28 29 18 17 11 35 34 25 12 28 18 20 31 19 24 14 23 38 22 35 31 13 36 32 15 12 15 24 29 22 15 14 12 34 11 13 22 35 20 33 18 31 34 16 28 13 26 39 13 38 11 38 39 23 32 30 15 31 11 38 11 33 18 11 18 34 22 13 18 21 21 38 39 12 35 31 25 38 38 35 16 11 38 20 14 25 14 34 16 18 32 11 17 19 37 19 11 35 12 20 11 27 17 37 32 36 38 18 39 36 34 20 39 15 16 21 19 11 38 40 18 30 26 33 18 32 36 31 18 18 40 23 28 24 36 40 23 35 25 30 18 29 33 31 33 13 38 11 34 27 13 25 12 24 15 37 38 14 14 23 40 34 26 31 13 27 26 14 40 31 11 26 15 35 13 33 26 12 40 17 23 33 40 17 34 39 39 27 25 39 34 24 18 38 36 30 40 21 21 25 18 29 29 25 24 22 32 29 17 29 24 27 16 22 11 13 35 17 29 34 33 28 13 25 14 38 39 33 36 24 28 11 34 17 32 16 32 25 34 13 20 38 16 31 30 29 16 13 36 34 35 26 20 22 21 22 33 35 24 18 26 24 37 29 39 27 28 11 12 30 20 23 32 21 26 21 39 21 12 19 35 35 38 22 19 16 25 26 14 27 16 13 37 18 30 17 33 35 22 27 40 22 39 24 22 24 36 15 35 16 29 38 23 35 18 15 34 23 37 18 35 40 40 32 27 33 26 30 20 13 14 25 28 15 40 19 23 31 39 29 15 13 29 28 38 15 35 28 29 27 30 37 31 39 24 15 29 15 29 21 28 17 16 27 18 36 11 12 18 26 25 40 26 38 19 22 34 27 31 32 21 39 33 18 20 24 26 34 35 26 13 24 22 14 39 36 32 30 25 11 30 34 31 16 11 16 26 12 30 40 19 28 27 20 29 16 39 28 38 24 16 33 38 32 19 16 34 31 31 20 18 20 35 17 27 33 15 13 18 21 29 20 34 22 19 26 38 14 12 32 18 19 35 40 33 23 20 39 36 16 35 12 28 22 24 18 11 34 17 26 25 26 36 18 36 29 28 34 13 37 26 32 19 37 14 34 23 28 36 38 14 26 21 34 15 12 28 23 17 25 15 40 37 14 26 32 29 38 33
18 7 22 5 18 3 6 25 1 26 25 27 18 21 19 13 16 13 13 6 3 20 22 20 22 17 19 17 3 27 20 26 2 22 12 4 22 11 3 19 13 10 13 12 9 16 11 14 29 28 10 2 19 9 10 19 4 18 30 24 13 23 10 13 24 13 27 2 3 23 14 2 25 22 15 2 3 27 16 7 20 6 5 11 7 1 18 3 16 15 13 30 30 20 27 29 2 19 10 11 14 10 4 11 6 21 9 19 27 21 28 26 15 8 22 26 12 8 4 7 30 15 17 1 1 16 25 27 9 11 1 14 21 14 23 25 18 15 11 17 27 21 25 10 25 2 4 8 10 10 3 25 19 29 3 17 26 5 13 4 14 7 5 5 24 24 20 9 13 24 11 27 10 15 10 6 8 11 24 26 12 30 1 14 27 15 18 4 2 24 9 4 12 5 2 7 19 4 1 21 2 10 18 30 13 2 10 15 28 11 22 9 15 16 6 25 23 18 14 8 5 5 17 17 26 7 18 9 6 29 28 11 29 28 23 24 25 18 16 17 25 30 29 11 10 2 3 6 29 1 16 15 30 23 7 10 6 29 27 15 28 8 4 28 19 16 19 20 22 14 11 1 11 19 22 29 24 10 13 30 4 17 28 4 19 14 26 21 24 16 8 9 21 27 15 12 30 3 17 17 20 7 20 26 1 29 30 21 7 19 3 26 20 14 8 23 5 30 11 28 10 20 16 3 22 10 7 26 16 20 7 17 19 30 29 8 15 3 17 8 29 16 22 29 29 23 24 8 19 22 3 24 22 7 21 3 9 22 17 12 8 6 23 27 19 24 22 10 9 19 17 3 26 15 27 3 27 25 7 10 1 3 7 9 14 17 9 3 6 5 3 3 16 28 7 13 6 11 21 18 4 26 16 15 27 15 13 17 6 9 19 12 16 5 30 30 30 27 7 14 15 21 27 24 30 11 6 24 22 14 6 7 18 7 23 27 7 18 10 17 5 20 29 12 19 25 30 26 3 15 20 6 20 2 6 5 5 12 4 22 14 13 22 14 11 13 11 13 2 7 18 21 24 11 29 28 24 23 19 27 8 22 10 12 8 27 21 10 21 28 18 18 19 8 7 1 25 24 15 2 18 8 10 21 9 14 4 13 28 12 25 21 3 26 22 5 2 5 14 19 12 5 4 2 24 1 3 12 25 10 23 8 21 24 6 18 3 16 29 3 28 1 28 29 13 22 20 5 21 1 28 1 23 8 1 8 24 12 3 8 11 11 28 29 2 25 21 15 28 28 25 6 1 28 10 4 15 4 24 6 8 22 1 7 9 27 9 1 25 2 10 1 17 7 27 22 26 28 8 29 26 24 10 29 5 6 11 9 1 28 30 8 20 16 23 8 22 26 21 8 8 30 13 18 14 26 30 13 25 15 20 8 19 23 21 23 3 28 1 24 17 3 15 2 14 5 27 28 4 4 13 30 24 16 21 3 17 16 4 30 21 1 16 5 25 3 23 16 2 30 7 13 23 30 7 24 29 29 17 15 29 24 14 8 28 26 20 30 11 11 15 8 19 19 15 14 12 22 19 7 19 14 17 6 12 1 3 25 7 19 24 23 18 3 15 4 28 29 23 26 14 18 1 24 7 22 6 22 15 24 3 10 28 6 21 20 19 6 3 26 24 25 16 10 12 11 12 23 25 14 8 16 14 27 19 29 17 18 1 2 20 10 13 22 11 16 11 29 11 2 9 25 25 28 12 9 6 15 16 4 17 6 3 27 8 20 7 23 25 12 17 30 12 29 14 12 14 26 5 25 6 19 28 13 25 8 5 24 13 27 8 25 30 30 22 17 23 16 20 10 3 4 15 18 5 30 9 13 21 29 19 5 3 19 18 28 5 25 18 19 17 20 27 21 29 14 5 19 5 19 11 18 7 6 17 8 26 1 2 8 16 15 30 16 28 9 12 24 17 21 22 11 29 23 8 10 14 16 24 25 16 3 14 12 4 29 26 22 20 15 1 20 24 21 6 1 6 16 2 20 30 9 18 17 10 19 6 29 18 28 14 6 23 28 22 9 6 24 21 21 10 8 10 25 7 17 23 5 3 8 11 19 10 24 12 9 16 28 4 2 22 8 9 25 30 23 13 10 29 26 6 25 2 18 12 14 8 1 24 7 16 15 16 26 8 26 19 18 24 3 27 16 22 9 27 4 24 13 18 26 28 4 16 11 24 5 2 18 13 7 15 5 30 27 4 16 22 19 28 23
0 1 18
932 386 988 287 656 160 399 678 620 289 214 508 369 682 940 943 835 367
0 3 9
516 573 414 368 434 659 298 73 522
0 2 16
800 321 56 731 265 2 677 778 420 74 934 735 714 551 204 665
0 2 10
224 690 736 415 612 456 96 651 611 117
0 9 3
209 124 379
0 10 2
564 391
0 10 1
421
0 5 9
545 831 588 758 941 251 423 296 382
0 8 3
491 852 979
0 1 13
808 525 985 195 541 159 462 936 537 92 388 912 670
0 6 2
707 99
0 1 13
102 10 998 495 336 84 165 711 119 268 43 768 243
0 2 12
657 773 990 123 314 194 318 307 858 57 544 11
0 2 8
128 470 324 766 333 354 579 410
0 2 8
343 787 108 164 994 279 687 292
0 1 12
155 95 174 786 697 217 946 430 884 754 554 910
0 2 16
280 949 112 918 288 273 448 271 40 359 39 244 297 769 972 107
0 1 17
973 626 624 992 348 843 830 130 701 200 822 920 161 371 304 841 595
0 5 3
914 183 60
0 2 8
889 196 591 883 93 176 319 848
0 1 18
510 38 887 175 49 538 192 8 223 523 372 581 874 424 888 86 898 267
0 9 3
221 535 332
0 8 4
819 310 246 672
0 1 18
105 641 893 455 106 865 207 109 169 259 821 842 776 90 293 688 675 953
0 1 13
453 512 964 931 796 492 529 42 809 928 629 162 521
0 3 6
136 3 509 869 393 784
0 4 3
405 630 828
0 4 4
122 681 344 679
0 1 18
20 755 120 494 389 832 833 811 517 166 789 306 337 904 249 974 598 28
0 1 11
85 479 757 235 439 305 850 882 203 886 459
0 1 29
725 432 248 639 308 13 331 783 961 577 115 482 870 660 411 791 489 927 80 775 454 975 322 673 561 542 860 750 81
0 4 1
574
0 5 4
281 46 173 700
0 2 12
205 863 621 524 969 276 299 984 70 582 376 153
0 3 7
706 45 540 971 866 986 211
0 1 20
570 502 590 94 25 739 413 970 239 749 594 909 234 228 601 441 387 977 149 328
0 2 12
746 260 395 926 686 733 680 23 916 976 622 586
0 2 8
649 801 580 583 7 805 942 867
0 6 4
558 534 654 861
0 3 4
114 930 16 845
0 1 22
247 718 797 634 838 488 950 316 921 815 431 533 121 15 473 478 317 536 19 222 967 256
0 3 7
177 355 261 527 559 653 258
0 4 8
390 466 472 777 978 765 812 476
1 8 1
0
1 4 2
1 963
1 4 2
4 763
1 3 2
5 802
1 3 2
6 233
1 15 1
9
1 4 1
12
1 3 1
14
1 4 2
17 218
1 12 1
18
1 2 2
21 341
1 6 4
22 29 54 957
1 6 1
24
1 4 1
26
1 7 2
27 771
1 10 1
30
1 26 2
31 471
1 2 1
32
1 3 3
33 658 790
1 3 1
34
1 3 2
35 694
1 2 2
36 365
1 7 1
37
1 2 3
41 363 829
1 2 1
44
1 2 1
47
1 7 2
48 402
1 5 2
50 663
1 2 3
51 664 954
1 11 1
52
1 9 1
53
1 10 1
55
1 6 1
58
1 9 1
59
1 5 1
61
1 7 1
62
1 2 3
63 617 846
1 7 1
64
1 3 2
65 440
1 4 1
66
1 2 1
67
1 2 4
68 370 727 847
1 2 1
69
1 5 2
71 283
1 14 2
72 147
1 12 1
75
1 10 2
76 167
1 3 2
77 125
1 4 1
78
1 7 1
79
1 7 2
82 585
1 3 4
83 437 610 836
1 3 1
87
1 6 1
88
1 6 1
89
1 2 2
91 487
1 4 3
97 118 997
1 5 2
98 880
1 6 2
100 702
1 2 2
101 770
1 2 3
103 231 575
1 3 2
104 958
1 7 1
110
1 2 2
111 412
1 2 3
113 568 619
1 3 2
116 721
1 2 2
126 995
1 9 1
127
1 10 2
129 719
1 5 2
131 501
1 7 1
132
1 3 2
133 366
1 2 1
134
1 20 1
135
1 7 1
137
1 14 1
138
1 4 1
139
1 5 2
140 351
1 26 1
141
1 10 1
142
1 7 1
143
1 3 1
144
1 5 2
145 576
1 2 3
146 905 907
1 3 1
148
1 2 1
150
1 3 2
151 447
1 7 1
152
1 6 2
154 648
1 10 1
156
1 2 1
157
1 5 1
158
1 10 3
163 264 747
1 7 4
168 335 461 506
1 3 3
170 460 859
1 4 2
171 269
1 4 2
172 614
1 2 1
178
1 13 1
179
1 11 1
180
1 3 2
181 692
1 4 1
182
1 2 1
184
1 5 1
185
1 2 2
186 418
1 4 1
187
1 4 1
188
1 5 3
189 407 613
1 9 1
190
1 5 1
191
1 3 1
193
1 17 1
197
1 10 1
198
1 3 2
199 922
1 6 2
201 741
1 4 1
202
1 3 1
206
1 3 1
208
1 3 1
210
1 11 2
212 616
1 2 2
213 851
1 3 2
215 896
1 10 1
216
1 7 2
219 609
1 2 2
220 449
1 5 2
225 546
1 4 3
226 695 965
1 5 1
227
1 26 2
229 807
1 5 1
230
1 11 2
232 666
1 3 2
236 403
1 10 4
237 635 868 945
1 4 2
238 881
1 2 1
240
1 12 2
241 760
1 12 1
242
1 15 1
245
1 8 2
250 285
1 4 3
252 452 722
1 10 1
253
1 12 2
254 959
1 4 3
255 652 698
1 4 1
257
1 5 2
262 729
1 2 1
263
1 4 1
266
1 2 1
270
1 3 2
272 989
1 10 1
274
1 3 1
275
1 7 2
277 987
1 5 1
278
1 5 3
282 445 496
1 4 1
284
1 6 1
286
1 11 1
290
1 11 1
291
1 11 1
294
1 9 2
295 503
1 4 1
300
1 4 3
301 374 862
1 3 1
302
1 4 2
303 435
1 11 2
309 732
1 10 1
311
1 5 2
312 855
1 2 1
313
1 5 3
315 549 632
1 12 1
320
1 10 1
323
1 3 1
325
1 10 2
326 955
1 3 1
327
1 2 1
329
1 5 1
330
1 8 1
334
1 5 1
338
1 4 2
339 716
1 5 1
340
1 3 1
342
1 12 1
345
1 7 2
346 840
1 6 1
347
1 3 1
349
1 10 1
350
1 11 2
352 947
1 4 3
353 373 400
1 13 2
356 794
1 9 1
357
1 4 2
358 740
1 6 1
360
1 4 1
361
1 9 3
362 539 604
1 5 1
364
1 3 1
375
1 4 2
377 438
1 15 1
378
1 6 1
380
1 26 1
381
1 3 1
383
1 4 1
384
1 5 2
385 409
1 2 1
392
1 2 4
394 401 917 939
1 28 1
396
1 4 1
397
1 4 2
398 631
1 29 1
404
1 3 2
406 468
1 9 1
408
1 4 2
416 628
1 4 3
417 486 528
1 11 1
419
1 6 1
422
1 3 2
425 938
1 3 1
426
1 6 1
427
1 3 1
428
1 3 2
429 547
1 27 1
433
1 2 2
436 600
1 15 1
442
1 6 1
443
1 3 1
444
1 3 2
446 637
1 11 1
450
1 5 1
451
1 7 2
457 587
1 10 1
458
1 7 1
463
1 7 2
464 774
1 10 1
465
1 4 2
467 593
1 3 1
469
1 14 1
474
1 3 3
475 710 894
1 4 1
477
1 12 1
480
1 3 2
481 823
1 4 2
483 662
1 7 1
484
1 6 1
485
1 11 1
490
1 10 1
493
1 2 2
497 737
1 6 1
498
1 4 1
499
1 6 1
500
1 2 1
504
1 6 2
505 532
1 2 2
507 655
1 3 1
511
1 3 3
513 705 854
1 2 2
514 895
1 3 1
515
1 6 1
518
1 4 1
519
1 3 1
520
1 6 1
526
1 4 1
530
1 26 1
531
1 30 1
543
1 6 1
548
1 6 2
550 913
1 3 1
552
1 19 1
553
1 3 1
555
1 14 2
556 589
1 5 1
557
1 2 2
560 951
1 3 1
562
1 11 1
563
1 11 1
565
1 4 3
566 813 853
1 2 1
567
1 5 1
569
1 5 1
571
1 4 1
572
1 3 2
578 643
1 5 1
584
1 7 1
592
1 6 1
596
1 7 1
597
1 9 1
599
1 5 2
602 825
1 7 1
603
1 2 1
605
1 3 1
606
1 2 2
607 743
1 7 1
608
1 6 1
615
1 5 1
618
1 4 1
623
1 6 1
625
1 10 1
627
1 6 1
633
1 3 1
636
1 5 2
638 875
1 3 1
640
1 10 2
642 906
1 2 1
644
1 2 1
645
1 11 1
646
1 12 1
647
1 9 1
650
1 5 1
661
1 4 1
667
1 2 1
668
1 2 3
669 717 720
1 7 1
671
1 4 1
674
1 4 1
676
1 9 1
683
1 12 1
684
1 3 1
685
1 5 3
689 744 779
1 3 2
691 933
1 3 1
693
1 7 1
696
1 3 2
699 810
1 5 1
703
1 15 1
704
1 3 1
708
1 4 1
709
1 5 1
712
1 5 1
713
1 6 1
715
1 3 1
723
1 3 1
724
1 9 2
726 798
1 7 1
728
1 5 1
730
1 6 1
734
1 14 1
738
1 3 2
742 780
1 4 2
745 960
1 2 1
748
1 3 1
751
1 4 2
752 924
1 6 1
753
1 11 1
756
1 6 1
759
1 8 1
761
1 10 1
762
1 7 1
764
1 2 2
767 824
1 10 1
772
1 11 1
781
1 6 1
782
1 5 1
785
1 3 1
788
1 3 2
792 856
1 2 1
793
1 5 1
795
1 8 1
799
1 4 1
803
1 6 2
804 820
1 5 1
806
1 12 1
814
1 2 2
816 902
1 7 1
817
1 2 1
818
1 8 1
826
1 3 1
827
1 2 1
834
1 8 1
837
1 7 1
839
1 5 1
844
1 10 1
849
1 13 1
857
1 3 1
864
1 7 1
871
1 11 1
872
1 10 1
873
1 3 1
876
1 9 1
877
1 12 1
878
1 13 1
879
1 7 1
885
1 3 3
890 899 980
1 5 2
891 900
1 7 1
892
1 9 1
897
1 2 2
901 908
1 4 1
903
1 7 1
911
1 3 1
915
1 6 1
919
1 2 1
923
1 9 1
925
1 7 1
929
1 11 1
935
1 13 1
937
1 9 1
944
1 4 1
948
1 10 1
952
1 3 1
956
1 2 1
962
1 27 1
966
1 6 1
968
1 9 1
981
1 5 1
982
1 7 1
983
1 4 1
991
1 3 1
993
1 8 1
996
1 7 1
999
