700 351 1085 20
19 13 12 29 22 11 18 39 26 20 30 12 14 33 33 32 35 11 16 34 34 32 35 23 22 12 32 17 23 36 11 21 14 23 26 32 36 37 12 22 27 39 24 40 14 13 31 12 30 40 22 34 17 29 28 22 40 11 35 24 27 39 17 25 35 21 35 36 36 34 29 32 14 40 22 18 38 19 38 26 37 25 39 13 21 39 33 11 37 39 35 35 32 16 15 19 40 30 40 11 38 20 19 17 25 31 35 29 36 13 39 35 25 34 31 26 28 35 13 14 14 22 27 32 37 32 21 11 33 30 13 36 12 30 27 16 23 38 15 12 11 39 39 39 24 29 27 23 40 21 31 36 32 34 21 24 38 23 13 12 27 34 28 29 29 22 32 21 14 19 11 36 11 32 31 26 13 30 35 26 12 31 24 27 35 32 36 40 19 33 32 34 38 26 12 20 39 34 32 27 38 14 17 37 32 25 15 40 19 13 40 23 19 28 26 15 21 29 30 14 30 29 21 32 26 13 11 25 14 30 26 27 35 40 18 17 29 28 11 33 20 37 36 40 16 36 39 24 37 13 11 20 22 17 18 15 33 36 19 29 15 33 32 12 22 36 29 28 14 21 37 36 25 13 27 30 19 38 27 23 21 21 40 14 13 13 24 38 25 32 12 18 28 37 19 35 20 31 37 12 21 33 11 35 18 27 26 18 22 38 33 13 27 17 29 35 17 18 21 22 18 27 27 14 29 38 24 16 11 31 36 29 15 24 26 25 39 17 39 16 31 31 40 28 17 35 29 18 18 25 40 21 23 24 31 25 37 23 17 26 30 28 12 18 21 24 28 36 11 20 36 15 32 13 23 21 32 33 39 12 32 38 18 34 18 38 40 28 31 38 12 28 18 28 36 22 11 20 13 26 30 36 34 29 34 34 38 27 36 12 23 21 16 20 18 26 37 26 27 18 13 15 21 17 13 16 11 17 27 15 30 27 31 27 16 21 34 36 31 18 32 18 12 28 26 25 30 14 23 40 34 21 33 26 28 35 34 32 14 12 13 17 27 25 30 31 23 31 26 32 19 36 18 24 34 24 20 18 18 36 18 31 39 20 36 26 19 32 36 40 29 21 28 14 19 30 24 12 36 21 12 17 23 28 17 11 32 40 19 29 35 38 34 21 17 22 32 37 18 35 14 32 34 39 13 36 29 31 39 34 28 15 36 40 38 24 13 24 39 16 40 37 25 35 11 31 25 39 26 31 26 20 24 11 14 40 15 26 28 30 16 35 24 18 15 36 18 39 34 16 17 15 11 31 13 40 11 12 39 20 22 27 33 34 26 11 15 36 20 12 11 22 26 26 13 39 25 16 15 34 35 28 23 19 39 11 35 19 38 12 36 34 38 17 26 40 26 27 19 14 32 14 39 17 28 32 30 24 37 15 11 36 15 35 25 29 28 24 15 12 14 19 27 38 19 11 29 26 36 14 35 26 37 16 25 22 17 34 17 22 16 19 22 27 36 11 22 33 19 35 34 24 11 35 40 33 34 37 36 29 14 16 25 20 13 38 11 22 18 20 23 32 23 30 21 29 12 37 28 24
9 3 2 19 12 1 8 29 16 10 20 2 4 23 23 22 25 1 6 24 24 22 25 13 12 2 22 7 13 26 1 11 4 13 16 22 26 27 2 12 17 29 14 30 4 3 21 2 20 30 12 24 7 19 18 12 30 1 25 14 17 29 7 15 25 11 25 26 26 24 19 22 4 30 12 8 28 9 28 16 27 15 29 3 11 29 23 1 27 29 25 25 22 6 5 9 30 20 30 1 28 10 9 7 15 21 25 19 26 3 29 25 15 24 21 16 18 25 3 4 4 12 17 22 27 22 11 1 23 20 3 26 2 20 17 6 13 28 5 2 1 29 29 29 14 19 17 13 30 11 21 26 22 24 11 14 28 13 3 2 17 24 18 19 19 12 22 11 4 9 1 26 1 22 21 16 3 20 25 16 2 21 14 17 25 22 26 30 9 23 22 24 28 16 2 10 29 24 22 17 28 4 7 27 22 15 5 30 9 3 30 13 9 18 16 5 11 19 20 4 20 19 11 22 16 3 1 15 4 20 16 17 25 30 8 7 19 18 1 23 10 27 26 30 6 26 29 14 27 3 1 10 12 7 8 5 23 26 9 19 5 23 22 2 12 26 19 18 4 11 27 26 15 3 17 20 9 28 17 13 11 11 30 4 3 3 14 28 15 22 2 8 18 27 9 25 10 21 27 2 11 23 1 25 8 17 16 8 12 28 23 3 17 7 19 25 7 8 11 12 8 17 17 4 19 28 14 6 1 21 26 19 5 14 16 15 29 7 29 6 21 21 30 18 7 25 19 8 8 15 30 11 13 14 21 15 27 13 7 16 20 18 2 8 11 14 18 26 1 10 26 5 22 3 13 11 22 23 29 2 22 28 8 24 8 28 30 18 21 28 2 18 8 18 26 12 1 10 3 16 20 26 24 19 24 24 28 17 26 2 13 11 6 10 8 16 27 16 17 8 3 5 11 7 3 6 1 7 17 5 20 17 21 17 6 11 24 26 21 8 22 8 2 18 16 15 20 4 13 30 24 11 23 16 18 25 24 22 4 2 3 7 17 15 20 21 13 21 16 22 9 26 8 14 24 14 10 8 8 26 8 21 29 10 26 16 9 22 26 30 19 11 18 4 9 20 14 2 26 11 2 7 13 18 7 1 22 30 9 19 25 28 24 11 7 12 22 27 8 25 4 22 24 29 3 26 19 21 29 24 18 5 26 30 28 14 3 14 29 6 30 27 15 25 1 21 15 29 16 21 16 10 14 1 4 30 5 16 18 20 6 25 14 8 5 26 8 29 24 6 7 5 1 21 3 30 1 2 29 10 12 17 23 24 16 1 5 26 10 2 1 12 16 16 3 29 15 6 5 24 25 18 13 9 29 1 25 9 28 2 26 24 28 7 16 30 16 17 9 4 22 4 29 7 18 22 20 14 27 5 1 26 5 25 15 19 18 14 5 2 4 9 17 28 9 1 19 16 26 4 25 16 27 6 15 12 7 24 7 12 6 9 12 17 26 1 12 23 9 25 24 14 1 25 30 23 24 27 26 19 4 6 15 10 3 28 1 12 8 10 13 22 13 20 11 19 2 27 18 14
0 8 3
505 588 446
0 7 5
506 670 186 270 643
0 11 2
162 135
0 2 9
397 28 8 76 236 424 502 348 621
0 2 5
667 146 568 2 88
0 2 9
227 591 546 680 38 652 624 468 630
0 1 16
464 20 458 337 74 587 419 676 144 197 47 136 324 690 473 342
0 1 10
287 228 520 359 604 112 515 654 308 225
0 2 9
415 91 117 518 43 525 481 462 562
0 5 5
343 84 13 50 79
0 3 10
286 487 168 329 647 139 25 309 290 147
0 1 13
422 490 10 622 584 533 651 183 300 440 331 248 541
0 1 12
40 39 237 423 9 467 125 307 80 212 22 198
0 2 6
217 672 374 469 242 350
0 7 2
130 83
0 6 3
414 460 210
0 1 15
373 527 697 477 264 149 553 70 514 497 119 95 650 361 698
0 1 12
298 214 689 222 189 122 296 544 564 638 157 67
0 3 2
6 644
0 8 3
4 610 494
0 2 7
98 685 271 156 218 99 319
0 2 10
536 442 107 185 575 428 159 54 250 3
0 7 3
141 687 406
0 3 10
589 133 49 252 474 249 0 412 615 336
0 2 10
420 616 105 59 693 349 335 513 234 603
0 9 4
392 444 207 288
0 7 4
456 521 338 565
0 14 2
190 121
0 6 5
258 369 451 677 53
0 2 9
353 93 303 486 202 200 346 311 600
0 4 8
196 507 413 36 573 73 447 436
0 2 10
160 395 165 671 658 163 646 174 574 229
0 2 9
430 607 596 285 391 323 411 386 154
0 2 3
15 472 534
0 2 11
241 648 653 371 261 399 204 550 333 341 129
0 1 11
188 72 580 151 539 572 639 334 387 166 257
0 4 6
404 310 11 238 169 645
0 4 2
304 598
1 9 1
1
1 12 1
5
1 2 3
7 316 381
1 3 2
12 657
1 19 1
14
1 6 1
16
1 8 2
17 485
1 9 2
18 104
1 3 1
19
1 4 2
21 602
1 6 1
23
1 6 1
24
1 3 2
26 201
1 3 1
27
1 4 3
29 488 699
1 10 1
30
1 7 1
31
1 7 3
32 314 633
1 8 2
33 272
1 13 2
34 63
1 10 2
35 682
1 9 2
37 278
1 5 1
41
1 6 2
42 245
1 3 1
44
1 7 1
45
1 6 3
46 109 429
1 4 3
48 683 691
1 23 1
51
1 4 1
52
1 11 1
55
1 27 1
56
1 2 3
57 181 199
1 3 2
58 265
1 5 2
60 551
1 4 3
61 233 317
1 5 1
62
1 4 3
64 150 299
1 4 1
65
1 6 1
66
1 7 1
68
1 20 1
69
1 2 1
71
1 15 1
75
1 3 1
77
1 4 2
78 684
1 9 2
81 659
1 7 2
82 634
1 2 2
85 437
1 22 2
86 390
1 9 3
87 128 529
1 5 1
89
1 3 2
90 635
1 10 2
92 592
1 11 1
94
1 3 3
96 297 625
1 8 2
97 370
1 8 1
100
1 21 1
101
1 4 1
102
1 3 2
103 262
1 4 2
106 570
1 9 1
108
1 5 2
110 289
1 4 1
111
1 3 3
113 312 318
1 5 1
114
1 4 2
115 383
1 3 2
116 384
1 10 1
118
1 9 4
120 263 433 560
1 15 1
123
1 2 2
124 537
1 3 1
126
1 3 1
127
1 3 1
131
1 6 1
132
1 9 1
134
1 6 2
137 656
1 9 1
138
1 15 1
140
1 4 1
142
1 3 1
143
1 3 4
145 164 194 368
1 4 1
148
1 6 1
152
1 10 2
153 219
1 3 2
155 606
1 21 2
158 623
1 6 1
161
1 5 1
167
1 8 1
170
1 3 1
171
1 14 1
172
1 3 2
173 579
1 4 1
175
1 21 3
176 461 522
1 6 1
177
1 4 2
178 301
1 3 3
179 327 692
1 6 1
180
1 3 2
182 322
1 3 2
184 480
1 8 2
187 608
1 4 1
191
1 7 3
192 661 668
1 9 2
193 629
1 9 1
195
1 10 1
203
1 5 2
205 552
1 8 1
206
1 6 1
208
1 6 1
209
1 8 3
211 224 605
1 16 1
213
1 2 2
215 457
1 4 1
216
1 5 1
220
1 3 1
221
1 3 1
223
1 5 1
226
1 8 1
230
1 2 1
231
1 9 1
232
1 6 1
235
1 12 2
239 631
1 9 1
240
1 3 1
243
1 5 2
244 267
1 21 1
246
1 8 1
247
1 4 2
251 561
1 4 2
253 640
1 22 1
254
1 7 1
255
1 8 1
256
1 3 2
259 538
1 6 2
260 332
1 3 2
266 519
1 4 1
268
1 2 3
269 642 686
1 3 1
273
1 3 1
274
1 10 1
275
1 4 1
276
1 10 1
277
1 4 1
279
1 4 2
280 558
1 5 1
281
1 4 1
282
1 4 1
283
1 11 1
284
1 12 1
291
1 6 2
292 567
1 10 1
293
1 2 2
294 431
1 9 1
295
1 4 2
302 543
1 5 2
305 409
1 10 1
306
1 4 1
313
1 7 2
315 509
1 12 1
320
1 7 1
321
1 8 1
325
1 3 2
326 517
1 9 1
328
1 12 2
330 510
1 4 1
339
1 4 1
340
1 8 1
344
1 9 2
345 612
1 5 2
347 542
1 3 2
351 628
1 5 1
352
1 7 1
354
1 12 2
355 426
1 5 1
356
1 9 1
357
1 7 2
358 418
1 9 1
360
1 3 1
362
1 7 1
363
1 14 1
364
1 4 1
365
1 11 1
366
1 3 2
367 665
1 4 2
372 396
1 4 1
375
1 16 1
376
1 9 1
377
1 7 1
378
1 11 2
379 421
1 3 2
380 696
1 20 1
382
1 23 1
385
1 4 1
388
1 15 1
389
1 18 1
393
1 4 2
394 594
1 6 1
398
1 4 1
400
1 6 1
401
1 3 1
402
1 3 2
403 593
1 5 1
405
1 8 1
407
1 8 2
408 619
1 4 1
410
1 3 1
416
1 3 1
417
1 9 1
425
1 3 1
427
1 8 1
432
1 16 1
434
1 9 1
435
1 16 1
438
1 11 1
439
1 4 1
441
1 6 1
443
1 6 1
445
1 9 2
448 471
1 7 1
449
1 3 1
450
1 4 1
452
1 3 1
453
1 4 1
454
1 2 1
455
1 5 2
459 563
1 2 2
463 681
1 4 1
465
1 8 1
466
1 4 1
470
1 10 1
475
1 21 1
476
1 7 1
478
1 20 1
479
1 4 1
482
1 6 1
483
1 4 2
484 508
1 9 1
489
1 21 2
491 530
1 13 1
492
1 3 1
493
1 15 1
495
1 21 1
496
1 3 1
498
1 3 2
499 523
1 11 2
500 601
1 13 1
501
1 17 2
503 555
1 15 1
504
1 9 1
511
1 7 1
512
1 13 1
516
1 2 1
524
1 4 1
526
1 9 1
528
1 20 1
531
1 3 1
532
1 22 1
535
1 4 1
540
1 9 1
545
1 3 1
547
1 6 1
548
1 13 1
549
1 9 1
554
1 9 1
556
1 7 1
557
1 4 1
559
1 3 1
566
1 4 1
569
1 8 1
571
1 4 1
576
1 8 1
577
1 5 1
578
1 7 1
581
1 10 1
582
1 9 1
583
1 2 1
585
1 17 1
586
1 4 1
590
1 2 1
595
1 7 1
597
1 5 2
599 695
1 6 1
609
1 3 1
611
1 14 1
613
1 5 1
614
1 6 1
617
1 7 1
618
1 12 1
620
1 10 1
626
1 2 1
627
1 4 1
632
1 3 1
636
1 4 1
637
1 5 1
641
1 3 1
649
1 5 1
655
1 5 1
660
1 4 1
662
1 18 1
663
1 4 1
664
1 10 1
666
1 21 1
669
1 14 1
673
1 6 1
674
1 9 1
675
1 4 1
678
1 11 1
679
1 14 1
688
1 4 1
694
