700 367 1085 20
22 14 21 34 18 16 15 23 16 16 16 17 35 27 28 16 40 32 31 22 19 23 35 31 35 25 12 11 11 14 15 17 33 29 15 34 28 27 31 19 25 14 20 33 24 20 13 17 35 29 22 14 32 34 24 31 26 33 35 28 18 25 29 40 39 27 39 13 32 19 29 34 22 26 38 29 34 11 37 35 32 25 23 40 27 39 26 28 29 34 33 13 28 28 20 25 24 25 18 29 21 32 18 30 33 21 15 17 21 19 27 20 14 26 28 39 19 20 28 20 20 27 12 34 14 31 17 28 16 28 36 25 17 12 36 32 25 23 29 33 26 23 12 36 16 40 20 12 25 32 21 34 21 35 22 33 30 12 17 39 18 29 26 34 23 11 14 19 15 39 23 27 11 30 16 13 23 39 35 14 34 34 20 32 22 19 32 13 38 37 12 27 20 22 35 29 37 13 20 20 38 34 23 21 36 17 38 34 29 12 38 34 22 35 28 14 38 14 28 32 33 21 25 18 30 28 39 26 34 18 35 25 28 40 20 17 21 38 17 13 14 32 22 30 17 27 38 37 11 20 27 37 38 13 33 40 13 31 35 37 27 13 19 11 12 15 33 13 29 19 20 32 35 30 22 15 33 37 16 21 31 11 38 23 14 29 17 16 12 12 34 32 27 38 15 31 25 32 28 37 33 17 27 31 30 25 18 39 21 27 28 25 36 37 18 12 18 36 23 26 39 37 19 33 25 32 30 25 24 19 28 19 26 38 16 15 32 37 33 14 39 22 40 13 40 21 13 40 27 35 20 16 25 37 18 18 16 20 12 28 12 20 28 23 20 14 13 28 24 21 12 25 20 12 29 36 23 17 19 26 32 16 29 27 40 27 13 22 32 34 11 35 39 37 25 28 32 25 11 24 33 38 32 35 38 37 34 21 11 39 31 27 12 15 24 37 34 33 19 29 21 24 14 38 16 23 22 23 22 28 23 11 30 11 17 33 34 25 11 38 24 21 33 15 18 39 17 40 16 31 38 11 36 22 31 27 18 34 17 33 18 22 16 27 20 35 34 39 15 22 17 31 30 28 30 17 12 33 12 35 16 12 37 35 25 11 33 17 38 38 38 21 39 39 15 11 37 40 29 25 22 21 18 19 12 34 38 24 13 39 30 38 12 32 13 25 16 36 21 22 22 22 23 21 17 24 20 19 26 16 23 30 27 30 37 24 31 26 37 29 16 17 29 40 11 30 24 12 18 11 29 34 16 19 32 40 12 24 15 22 27 14 39 35 11 20 38 12 16 37 34 35 11 35 32 29 38 25 14 25 33 22 32 19 27 14 32 22 12 36 13 14 21 18 40 30 18 39 28 32 16 33 14 34 19 39 19 35 28 32 34 36 39 14 35 11 24 26 30 38 31 17 25 27 32 26 29 24 19 12 34 37 37 30 18 40 32 16 21 27 30 24 26 40 24 29 19 11 20 24 21 17 24 13 12 20 39 17 12 30 24 11 31 15 23 32 36 16 16 23 21 28 12 34 23 14 25 25 38 40 36 29 34 22 25 13 14 12 23 36 35 27 33 36 15 24 28 35 30 20
12 4 11 24 8 6 5 13 6 6 6 7 25 17 18 6 30 22 21 12 9 13 25 21 25 15 2 1 1 4 5 7 23 19 5 24 18 17 21 9 15 4 10 23 14 10 3 7 25 19 12 4 22 24 14 21 16 23 25 18 8 15 19 30 29 17 29 3 22 9 19 24 12 16 28 19 24 1 27 25 22 15 13 30 17 29 16 18 19 24 23 3 18 18 10 15 14 15 8 19 11 22 8 20 23 11 5 7 11 9 17 10 4 16 18 29 9 10 18 10 10 17 2 24 4 21 7 18 6 18 26 15 7 2 26 22 15 13 19 23 16 13 2 26 6 30 10 2 15 22 11 24 11 25 12 23 20 2 7 29 8 19 16 24 13 1 4 9 5 29 13 17 1 20 6 3 13 29 25 4 24 24 10 22 12 9 22 3 28 27 2 17 10 12 25 19 27 3 10 10 28 24 13 11 26 7 28 24 19 2 28 24 12 25 18 4 28 4 18 22 23 11 15 8 20 18 29 16 24 8 25 15 18 30 10 7 11 28 7 3 4 22 12 20 7 17 28 27 1 10 17 27 28 3 23 30 3 21 25 27 17 3 9 1 2 5 23 3 19 9 10 22 25 20 12 5 23 27 6 11 21 1 28 13 4 19 7 6 2 2 24 22 17 28 5 21 15 22 18 27 23 7 17 21 20 15 8 29 11 17 18 15 26 27 8 2 8 26 13 16 29 27 9 23 15 22 20 15 14 9 18 9 16 28 6 5 22 27 23 4 29 12 30 3 30 11 3 30 17 25 10 6 15 27 8 8 6 10 2 18 2 10 18 13 10 4 3 18 14 11 2 15 10 2 19 26 13 7 9 16 22 6 19 17 30 17 3 12 22 24 1 25 29 27 15 18 22 15 1 14 23 28 22 25 28 27 24 11 1 29 21 17 2 5 14 27 24 23 9 19 11 14 4 28 6 13 12 13 12 18 13 1 20 1 7 23 24 15 1 28 14 11 23 5 8 29 7 30 6 21 28 1 26 12 21 17 8 24 7 23 8 12 6 17 10 25 24 29 5 12 7 21 20 18 20 7 2 23 2 25 6 2 27 25 15 1 23 7 28 28 28 11 29 29 5 1 27 30 19 15 12 11 8 9 2 24 28 14 3 29 20 28 2 22 3 15 6 26 11 12 12 12 13 11 7 14 10 9 16 6 13 20 17 20 27 14 21 16 27 19 6 7 19 30 1 20 14 2 8 1 19 24 6 9 22 30 2 14 5 12 17 4 29 25 1 10 28 2 6 27 24 25 1 25 22 19 28 15 4 15 23 12 22 9 17 4 22 12 2 26 3 4 11 8 30 20 8 29 18 22 6 23 4 24 9 29 9 25 18 22 24 26 29 4 25 1 14 16 20 28 21 7 15 17 22 16 19 14 9 2 24 27 27 20 8 30 22 6 11 17 20 14 16 30 14 19 9 1 10 14 11 7 14 3 2 10 29 7 2 20 14 1 21 5 13 22 26 6 6 13 11 18 2 24 13 4 15 15 28 30 26 19 24 12 15 3 4 2 13 26 25 17 23 26 5 14 18 25 20 10
0 6 4
335 425 295 507
0 3 11
399 413 294 505 554 408 489 79 211 43 61
0 3 7
459 561 281 406 252 8 691
0 2 13
89 440 71 375 245 112 151 694 605 42 433 52 394
0 3 8
657 124 553 160 340 287 520 186
0 11 1
12
0 3 3
488 698 404
0 8 2
149 591
0 2 6
452 246 70 368 586 150
0 4 5
274 155 80 604 254
0 6 1
412
0 2 10
216 401 661 262 118 125 3 594 28 332
0 3 10
56 454 90 81 128 430 614 58 398 208
0 4 3
496 654 500
0 6 4
298 237 213 209
0 1 13
374 547 67 686 192 35 467 633 114 152 532 666 72
0 2 9
610 612 639 283 617 200 504 358 40
0 2 10
543 225 171 655 177 658 293 646 692 638
0 3 11
619 325 560 409 699 18 219 53 21 34 635
0 3 5
300 486 174 220 184
0 2 7
383 135 389 474 562 359 602
0 8 1
645
0 10 1
369
0 1 13
421 688 588 682 607 449 582 279 390 159 436 510 511
0 2 11
203 480 190 552 367 60 451 6 47 689 377
0 4 3
470 107 481
0 1 11
156 176 391 315 123 589 324 443 596 317 429
0 2 11
292 372 161 120 45 129 357 542 331 248 221
0 2 7
651 261 299 423 110 25 446
0 4 5
508 587 321 411 499
0 11 1
544
0 1 11
0 354 647 10 102 26 393 230 517 323 693
0 1 14
148 204 16 330 62 260 558 637 424 537 676 240 130 512
0 3 4
109 419 370 74
0 3 3
270 244 490
0 2 8
39 351 653 403 31 356 91 234
0 7 1
322
0 6 2
64 33
0 2 13
165 146 276 266 97 212 595 648 218 99 656 297 350
0 2 5
516 530 275 115 104
0 3 5
414 662 450 263 310
1 6 1
1
1 4 2
2 652
1 7 2
4 215
1 9 1
5
1 6 1
7
1 4 2
9 241
1 5 2
11 628
1 5 2
13 137
1 5 1
14
1 5 1
15
1 11 1
17
1 3 2
19 251
1 5 1
20
1 6 1
22
1 6 1
23
1 6 1
24
1 5 2
27 603
1 3 2
29 502
1 3 2
30 684
1 6 1
32
1 3 2
36 527
1 12 2
37 473
1 3 2
38 597
1 5 2
41 285
1 5 4
44 518 519 531
1 10 2
46 138
1 13 2
48 456
1 7 2
49 222
1 4 1
50
1 6 1
51
1 16 1
54
1 5 1
55
1 4 1
57
1 8 2
59 668
1 13 3
63 405 634
1 5 1
65
1 3 2
66 173
1 5 1
68
1 14 2
69 583
1 10 2
73 468
1 5 1
75
1 5 2
76 680
1 5 1
77
1 6 1
78
1 3 2
82 305
1 3 2
83 264
1 10 1
84
1 9 1
85
1 5 1
86
1 5 1
87
1 8 1
88
1 14 2
92 540
1 12 1
93
1 14 1
94
1 7 1
95
1 6 2
96 126
1 4 1
98
1 5 2
100 277
1 9 1
101
1 13 1
103
1 14 1
105
1 4 1
106
1 3 1
108
1 7 1
111
1 4 3
113 163 569
1 4 1
116
1 8 1
117
1 5 2
119 445
1 7 2
121 214
1 4 2
122 493
1 6 2
127 169
1 6 1
131
1 4 1
132
1 7 1
133
1 6 1
134
1 6 3
136 224 267
1 3 1
139
1 6 1
140
1 5 1
141
1 5 1
142
1 5 1
143
1 9 1
144
1 13 1
145
1 4 1
147
1 14 1
153
1 4 1
154
1 2 2
157 495
1 6 1
158
1 17 1
162
1 4 1
164
1 4 1
166
1 4 1
167
1 4 2
168 621
1 4 1
170
1 4 1
172
1 7 3
175 336 460
1 4 1
178
1 5 1
179
1 8 1
180
1 8 1
181
1 4 2
182 578
1 5 1
183
1 7 1
185
1 10 1
187
1 3 5
188 400 644 659 674
1 7 2
189 255
1 13 1
191
1 6 2
193 590
1 4 1
194
1 5 1
195
1 4 3
196 513 599
1 12 1
197
1 3 1
198
1 4 1
199
1 8 2
201 573
1 4 4
202 250 462 681
1 8 1
205
1 5 2
206 316
1 10 1
207
1 3 2
210 609
1 5 2
217 338
1 4 2
223 641
1 3 2
226 284
1 7 1
227
1 9 1
228
1 5 1
229
1 7 1
231
1 15 1
232
1 7 3
233 235 448
1 5 2
236 304
1 6 2
238 625
1 5 2
239 320
1 13 2
242 258
1 8 1
243
1 9 2
247 471
1 4 2
249 329
1 6 1
253
1 7 2
256 593
1 8 1
257
1 10 2
259 477
1 13 1
265
1 14 1
268
1 9 1
269
1 5 1
271
1 4 3
272 482 626
1 5 1
273
1 4 3
278 509 677
1 17 2
280 437
1 6 1
282
1 4 1
286
1 8 1
288
1 4 2
289 643
1 5 1
290
1 6 1
291
1 8 1
296
1 8 1
301
1 10 1
302
1 4 1
303
1 3 1
306
1 4 1
307
1 4 1
308
1 4 1
309
1 9 1
311
1 4 1
312
1 10 2
313 631
1 10 2
314 660
1 11 1
318
1 9 1
319
1 6 1
326
1 8 1
327
1 9 1
328
1 3 2
333 483
1 4 3
334 514 528
1 3 2
337 608
1 13 1
339
1 4 1
341
1 3 3
342 420 541
1 4 1
343
1 4 2
344 415
1 10 1
345
1 2 1
346
1 12 2
347 620
1 5 1
348
1 6 1
349
1 7 1
352
1 5 1
353
1 13 2
355 455
1 4 1
360
1 12 1
361
1 5 1
362
1 12 1
363
1 4 1
364
1 6 1
365
1 3 1
366
1 11 2
371 524
1 4 1
373
1 5 1
376
1 3 1
378
1 8 1
379
1 4 1
380
1 9 1
381
1 3 1
382
1 6 1
384
1 10 1
385
1 5 1
386
1 8 1
387
1 5 1
388
1 5 1
392
1 4 1
395
1 13 1
396
1 15 2
397 484
1 5 1
402
1 6 2
407 622
1 10 1
410
1 6 2
416 465
1 6 1
417
1 4 2
418 444
1 8 1
422
1 12 2
426 630
1 14 1
427
1 6 2
428 548
1 3 1
431
1 13 1
432
1 7 1
434
1 5 1
435
1 5 1
438
1 6 1
439
1 7 1
441
1 4 2
442 556
1 12 1
447
1 5 1
453
1 12 1
457
1 3 1
458
1 8 1
461
1 5 1
463
1 9 1
464
1 5 2
466 663
1 5 1
469
1 4 2
472 575
1 3 1
475
1 6 1
476
1 4 1
478
1 3 1
479
1 6 1
485
1 8 1
487
1 7 1
491
1 5 1
492
1 10 1
494
1 10 1
497
1 19 1
498
1 7 1
501
1 6 1
503
1 11 1
506
1 3 1
515
1 6 1
521
1 4 1
522
1 5 3
523 565 616
1 8 1
525
1 9 1
526
1 11 1
529
1 6 1
533
1 6 1
534
1 6 1
535
1 7 1
536
1 14 1
538
1 3 1
539
1 2 2
545 679
1 15 1
546
1 8 1
549
1 3 1
550
1 8 1
551
1 9 1
555
1 10 1
557
1 3 1
559
1 11 1
563
1 5 1
564
1 5 1
566
1 12 1
567
1 6 1
568
1 11 1
570
1 4 1
571
1 5 1
572
1 4 1
574
1 7 1
576
1 3 1
577
1 6 1
579
1 14 1
580
1 4 1
581
1 6 1
584
1 13 1
585
1 14 1
592
1 5 1
598
1 9 1
600
1 4 1
601
1 7 1
606
1 7 1
611
1 6 1
613
1 3 1
615
1 5 1
618
1 11 1
623
1 12 1
624
1 7 1
627
1 6 1
629
1 8 1
632
1 6 1
636
1 18 1
640
1 5 1
642
1 4 1
649
1 5 1
650
1 6 1
664
1 16 1
665
1 3 1
667
1 4 1
669
1 9 1
670
1 10 1
671
1 9 1
672
1 6 1
673
1 7 1
675
1 2 1
678
1 8 1
683
1 11 1
685
1 4 1
687
1 13 1
690
1 10 1
695
1 3 1
696
1 9 1
697
