1000 463 1550 18
12 32 37 16 11 20 18 31 40 31 31 30 30 13 39 36 39 35 39 20 24 26 32 26 32 26 26 20 19 32 13 33 34 34 33 29 34 29 22 12 14 15 14 14 25 21 22 39 24 30 19 11 37 25 20 36 25 12 11 27 19 15 36 26 18 20 13 24 35 39 14 14 31 28 36 25 35 12 22 26 32 24 36 32 18 17 25 40 32 39 36 11 13 21 19 31 19 14 35 33 28 25 31 20 13 16 23 35 14 30 31 33 15 13 22 39 18 15 25 24 24 39 36 14 20 35 20 35 38 24 27 30 37 30 38 36 26 34 17 26 28 31 14 17 22 16 39 13 24 23 31 19 27 24 11 39 12 34 13 38 17 11 17 18 36 28 15 36 14 18 11 38 13 26 15 24 11 17 39 16 30 23 22 28 18 26 13 32 15 18 22 13 16 30 30 40 21 31 12 39 29 36 17 34 28 26 40 13 21 12 27 15 38 33 33 38 25 12 32 31 34 38 21 32 40 12 23 32 25 22 29 12 22 39 31 17 15 17 22 18 30 13 16 31 37 30 12 33 21 14 27 38 22 24 28 12 40 27 39 40 21 27 35 30 32 34 30 34 17 38 16 37 29 37 17 16 18 15 16 39 14 30 29 39 28 27 36 32 15 33 28 22 26 14 13 32 11 36 38 31 21 25 17 15 39 12 17 40 16 14 17 13 27 36 27 11 27 16 17 29 28 34 30 16 13 34 36 19 40 12 37 25 20 16 25 26 21 25 30 33 17 21 37 40 27 30 32 31 28 23 20 39 11 17 34 17 37 23 37 23 25 23 31 34 12 30 31 37 34 34 30 13 15 11 24 14 12 36 40 38 14 34 40 29 35 32 24 21 28 23 28 29 12 23 37 29 35 17 16 27 21 19 23 20 17 22 26 35 36 25 35 33 28 31 38 15 26 23 37 12 18 22 20 13 19 24 36 21 38 27 19 28 33 22 28 23 12 30 40 13 39 21 33 25 36 34 23 34 27 40 36 40 30 31 36 13 17 29 26 13 20 14 29 14 24 14 17 18 19 13 16 32 39 24 40 25 13 18 38 31 29 22 17 12 12 34 11 11 20 24 16 22 18 27 21 23 22 19 23 11 26 31 22 40 19 34 14 12 11 30 23 29 11 26 13 34 28 35 35 24 34 14 15 32 35 35 12 35 35 36 31 11 17 15 24 23 40 29 18 38 12 32 31 25 39 24 39 34 24 39 40 32 23 12 28 18 14 15 31 11 20 15 19 33 17 34 17 21 11 14 40 20 12 16 22 15 17 23 12 20 29 19 12 31 11 25 21 20 26 25 33 20 17 17 18 13 26 17 33 13 13 28 35 11 20 11 35 38 39 39 18 25 22 36 19 21 16 25 21 19 40 33 24 19 16 14 38 35 24 19 24 16 31 13 32 17 26 28 11 21 24 33 17 22 19 36 18 18 16 31 32 39 19 35 34 22 20 22 27 32 11 33 33 40 25 39 24 19 28 24 18 21 28 30 37 13 39 18 22 20 26 11 23 12 17 15 12 33 33 40 32 26 27 27 24 30 40 25 31 30 33 25 14 18 24 20 14 33 16 29 16 32 37 39 13 27 12 25 16 21 25 20 33 21 21 28 34 24 28 22 14 33 37 31 12 34 32 15 28 35 27 36 33 22 15 20 18 25 21 21 24 30 23 23 23 36 39 34 17 39 16 27 15 22 14 18 22 20 12 31 25 20 38 12 39 38 13 17 20 29 24 13 29 32 27 40 26 13 14 33 27 32 21 38 19 23 11 39 12 33 34 30 20 25 23 31 35 31 29 39 32 18 16 30 38 20 31 15 25 17 15 16 32 15 17 18 18 18 26 39 28 40 40 14 18 26 14 40 22 25 21 40 38 31 17 17 26 28 30 38 34 36 36 36 14 40 31 24 26 27 38 25 35 27 35 34 35 28 13 14 17 23 13 37 22 31 38 14 30 18 19 31 25 19 20 40 35 21 24 38 29 39 30 24 30 35 36 20 16 27 30 34 18 24 23 39 28 16 28 29 36 19 29 31 40 30 24 29 33 17 22 16 28 27 40 37 38 28 17 40 21 26 36 29 35 39 15 36 17 18 22 40 36 17 11 32 17 16 19 19 20 18 17 29 33 29 14 29 38 13 14 30 15 38 22 30 23 11 26 27 29 37 20 22 20 37 24 16 36 39 12 39 28 33 15 16 28 14 22 34 12 12 40 31 23 40 17 23 25 26
2 22 27 6 1 10 8 21 30 21 21 20 20 3 29 26 29 25 29 10 14 16 22 16 22 16 16 10 9 22 3 23 24 24 23 19 24 19 12 2 4 5 4 4 15 11 12 29 14 20 9 1 27 15 10 26 15 2 1 17 9 5 26 16 8 10 3 14 25 29 4 4 21 18 26 15 25 2 12 16 22 14 26 22 8 7 15 30 22 29 26 1 3 11 9 21 9 4 25 23 18 15 21 10 3 6 13 25 4 20 21 23 5 3 12 29 8 5 15 14 14 29 26 4 10 25 10 25 28 14 17 20 27 20 28 26 16 24 7 16 18 21 4 7 12 6 29 3 14 13 21 9 17 14 1 29 2 24 3 28 7 1 7 8 26 18 5 26 4 8 1 28 3 16 5 14 1 7 29 6 20 13 12 18 8 16 3 22 5 8 12 3 6 20 20 30 11 21 2 29 19 26 7 24 18 16 30 3 11 2 17 5 28 23 23 28 15 2 22 21 24 28 11 22 30 2 13 22 15 12 19 2 12 29 21 7 5 7 12 8 20 3 6 21 27 20 2 23 11 4 17 28 12 14 18 2 30 17 29 30 11 17 25 20 22 24 20 24 7 28 6 27 19 27 7 6 8 5 6 29 4 20 19 29 18 17 26 22 5 23 18 12 16 4 3 22 1 26 28 21 11 15 7 5 29 2 7 30 6 4 7 3 17 26 17 1 17 6 7 19 18 24 20 6 3 24 26 9 30 2 27 15 10 6 15 16 11 15 20 23 7 11 27 30 17 20 22 21 18 13 10 29 1 7 24 7 27 13 27 13 15 13 21 24 2 20 21 27 24 24 20 3 5 1 14 4 2 26 30 28 4 24 30 19 25 22 14 11 18 13 18 19 2 13 27 19 25 7 6 17 11 9 13 10 7 12 16 25 26 15 25 23 18 21 28 5 16 13 27 2 8 12 10 3 9 14 26 11 28 17 9 18 23 12 18 13 2 20 30 3 29 11 23 15 26 24 13 24 17 30 26 30 20 21 26 3 7 19 16 3 10 4 19 4 14 4 7 8 9 3 6 22 29 14 30 15 3 8 28 21 19 12 7 2 2 24 1 1 10 14 6 12 8 17 11 13 12 9 13 1 16 21 12 30 9 24 4 2 1 20 13 19 1 16 3 24 18 25 25 14 24 4 5 22 25 25 2 25 25 26 21 1 7 5 14 13 30 19 8 28 2 22 21 15 29 14 29 24 14 29 30 22 13 2 18 8 4 5 21 1 10 5 9 23 7 24 7 11 1 4 30 10 2 6 12 5 7 13 2 10 19 9 2 21 1 15 11 10 16 15 23 10 7 7 8 3 16 7 23 3 3 18 25 1 10 1 25 28 29 29 8 15 12 26 9 11 6 15 11 9 30 23 14 9 6 4 28 25 14 9 14 6 21 3 22 7 16 18 1 11 14 23 7 12 9 26 8 8 6 21 22 29 9 25 24 12 10 12 17 22 1 23 23 30 15 29 14 9 18 14 8 11 18 20 27 3 29 8 12 10 16 1 13 2 7 5 2 23 23 30 22 16 17 17 14 20 30 15 21 20 23 15 4 8 14 10 4 23 6 19 6 22 27 29 3 17 2 15 6 11 15 10 23 11 11 18 24 14 18 12 4 23 27 21 2 24 22 5 18 25 17 26 23 12 5 10 8 15 11 11 14 20 13 13 13 26 29 24 7 29 6 17 5 12 4 8 12 10 2 21 15 10 28 2 29 28 3 7 10 19 14 3 19 22 17 30 16 3 4 23 17 22 11 28 9 13 1 29 2 23 24 20 10 15 13 21 25 21 19 29 22 8 6 20 28 10 21 5 15 7 5 6 22 5 7 8 8 8 16 29 18 30 30 4 8 16 4 30 12 15 11 30 28 21 7 7 16 18 20 28 24 26 26 26 4 30 21 14 16 17 28 15 25 17 25 24 25 18 3 4 7 13 3 27 12 21 28 4 20 8 9 21 15 9 10 30 25 11 14 28 19 29 20 14 20 25 26 10 6 17 20 24 8 14 13 29 18 6 18 19 26 9 19 21 30 20 14 19 23 7 12 6 18 17 30 27 28 18 7 30 11 16 26 19 25 29 5 26 7 8 12 30 26 7 1 22 7 6 9 9 10 8 7 19 23 19 4 19 28 3 4 20 5 28 12 20 13 1 16 17 19 27 10 12 10 27 14 6 26 29 2 29 18 23 5 6 18 4 12 24 2 2 30 21 13 30 7 13 15 16
0 1 16
576 374 687 854 122 247 889 730 725 397 259 470 313 772 304 396
0 5 5
59 646 642 67 379
0 1 19
658 507 995 209 357 527 598 538 51 499 305 787 696 156 303 104 984 856 160
0 5 6
425 982 883 975 969 432
0 2 11
359 226 360 872 192 98 520 721 689 174 792
0 1 11
165 849 848 974 207 394 735 93 876 356 742
0 8 1
228
0 4 5
334 86 214 426 153
0 1 17
444 342 72 36 349 250 586 951 588 561 381 606 482 893 862 299 957
0 1 22
953 388 255 89 242 327 142 398 829 664 491 996 87 942 867 641 901 637 985 731 29 152
0 2 16
224 229 552 992 420 407 190 913 266 175 799 34 983 813 136 907
0 1 13
930 61 22 673 572 540 25 346 294 834 138 959 243
0 2 11
354 376 583 336 199 477 682 633 709 533 766
0 3 7
940 665 297 681 248 987 801
0 2 15
506 797 121 522 785 400 211 595 727 106 720 43 300 925 41
0 1 15
816 958 651 308 524 789 234 256 331 129 307 962 110 825 611
0 11 1
28
0 1 16
91 46 903 140 774 462 202 240 440 670 364 948 636 320 629 980
0 5 5
563 292 861 493 18
0 2 4
912 838 683 625
0 1 16
62 478 916 978 551 851 392 871 762 11 783 272 724 747 38 884
0 1 17
548 225 215 81 737 833 166 895 201 4 480 317 355 173 672 27 765
0 4 5
568 914 666 989 968
0 2 12
660 570 663 253 79 821 404 212 52 164 210 697
0 6 3
169 585 260
0 2 13
941 751 920 847 406 678 612 412 608 562 712 2 314
0 1 7
452 845 603 222 566 423 289
0 4 3
521 621 118
0 1 14
219 627 377 754 808 653 692 943 707 416 316 134 68 718
0 2 3
391 458 688
0 2 9
745 857 181 116 405 257 325 298 900
0 1 22
515 362 399 952 147 769 888 693 220 935 451 197 101 353 274 269 459 894 859 139 183 7
0 1 19
193 844 988 311 648 383 24 791 64 189 151 102 786 806 375 654 465 638 92
0 1 17
368 922 176 44 141 715 83 639 743 249 822 262 535 956 924 285 503
0 7 3
120 828 49
0 5 6
708 634 695 764 811 528
0 10 2
123 837
0 3 6
481 159 446 261 319 597
0 6 5
492 107 428 23 263
0 2 8
870 622 77 415 994 196 178 403
1 4 1
0
1 5 1
1
1 3 1
3
1 5 1
5
1 3 3
6 340 602
1 7 2
8 113
1 6 1
9
1 8 1
10
1 6 1
12
1 2 2
13 37
1 7 1
14
1 8 1
15
1 3 1
16
1 2 1
17
1 2 2
19 100
1 3 3
20 955 999
1 2 2
21 42
1 2 1
26
1 2 4
30 105 532 960
1 2 1
31
1 2 1
32
1 11 2
33 998
1 7 1
35
1 6 1
39
1 5 2
40 543
1 6 1
45
1 6 1
47
1 2 4
48 369 669 680
1 7 1
50
1 2 3
53 251 780
1 3 1
54
1 2 3
55 150 378
1 2 5
56 172 184 498 729
1 11 1
57
1 4 1
58
1 2 1
60
1 2 1
63
1 2 3
65 117 323
1 5 2
66 431
1 2 2
69 448
1 3 2
70 784
1 2 2
71 271
1 2 3
73 296 443
1 6 2
74 534
1 3 2
75 591
1 3 2
76 971
1 2 2
78 767
1 3 2
80 103
1 2 5
82 486 505 564 909
1 6 1
84
1 5 2
85 372
1 8 1
88
1 12 1
90
1 8 1
94
1 5 2
95 906
1 3 2
96 650
1 11 2
97 945
1 7 2
99 238
1 3 1
108
1 9 2
109 910
1 7 1
111
1 11 1
112
1 3 1
114
1 6 1
115
1 5 2
119 839
1 3 2
124 529
1 3 1
125
1 9 1
126
1 11 1
127
1 4 1
128
1 23 1
130
1 7 1
131
1 2 1
132
1 4 1
133
1 3 2
135 447
1 12 1
137
1 12 1
143
1 12 2
144 511
1 6 1
145
1 8 2
146 547
1 4 3
148 232 473
1 12 1
149
1 2 3
154 616 897
1 2 5
155 421 741 937 947
1 3 4
157 476 489 815
1 3 1
158
1 2 2
161 931
1 5 3
162 579 736
1 11 1
163
1 2 2
167 581
1 3 2
168 435
1 5 1
170
1 4 1
171
1 2 4
177 265 544 873
1 3 1
179
1 2 1
180
1 4 1
182
1 8 1
185
1 8 1
186
1 8 1
187
1 2 1
188
1 12 2
191 273
1 4 1
194
1 3 2
195 817
1 2 2
198 293
1 10 1
200
1 3 4
203 450 768 868
1 3 3
204 352 630
1 5 1
205
1 20 2
206 553
1 11 2
208 437
1 6 1
213
1 7 3
216 466 517
1 8 1
217
1 7 1
218
1 13 1
221
1 2 2
223 928
1 11 1
227
1 3 1
230
1 7 2
231 929
1 2 2
233 419
1 6 3
235 363 899
1 3 1
236
1 3 2
237 339
1 3 2
239 430
1 14 1
241
1 6 2
244 938
1 4 1
245
1 9 1
246
1 3 4
252 318 705 946
1 3 1
254
1 5 1
258
1 3 1
264
1 3 1
267
1 3 1
268
1 3 2
270 350
1 7 2
275 891
1 12 2
276 479
1 4 1
277
1 2 1
278
1 3 1
279
1 10 1
280
1 2 3
281 291 936
1 8 2
282 326
1 12 3
283 371 628
1 7 1
284
1 6 2
286 605
1 3 1
287
1 3 3
288 488 613
1 12 1
290
1 6 2
295 675
1 2 1
301
1 3 1
302
1 4 1
306
1 4 1
309
1 2 1
310
1 3 1
312
1 7 1
315
1 6 2
321 389
1 3 1
322
1 7 1
324
1 8 2
328 671
1 3 2
329 991
1 6 2
330 740
1 18 1
332
1 3 1
333
1 10 1
335
1 2 1
337
1 7 2
338 710
1 12 1
341
1 9 1
343
1 3 2
344 463
1 4 1
345
1 2 1
347
1 2 1
348
1 2 2
351 918
1 10 1
358
1 3 1
361
1 4 2
365 970
1 7 1
366
1 5 1
367
1 2 1
370
1 5 1
373
1 6 1
380
1 2 5
382 691 782 802 965
1 4 1
384
1 6 1
385
1 11 1
386
1 7 1
387
1 6 2
390 732
1 5 1
393
1 3 1
395
1 14 2
401 827
1 8 1
402
1 10 1
408
1 7 1
409
1 12 1
410
1 3 1
411
1 3 2
413 609
1 9 2
414 866
1 7 2
417 449
1 7 1
418
1 7 1
422
1 8 1
424
1 4 2
427 614
1 2 1
429
1 5 1
433
1 2 1
434
1 7 2
436 771
1 13 1
438
1 4 1
439
1 3 1
441
1 6 2
442 840
1 5 1
445
1 2 1
453
1 5 1
454
1 2 2
455 831
1 6 1
456
1 7 2
457 582
1 12 2
460 993
1 8 1
461
1 7 1
464
1 5 2
467 698
1 7 1
468
1 15 1
469
1 4 1
471
1 5 2
472 750
1 2 1
474
1 3 1
475
1 2 2
483 973
1 8 1
484
1 22 1
485
1 7 1
487
1 3 2
490 908
1 3 1
494
1 6 1
495
1 2 2
496 933
1 2 2
497 911
1 13 1
500
1 3 1
501
1 5 1
502
1 3 1
504
1 13 1
508
1 4 1
509
1 4 1
510
1 2 1
512
1 10 1
513
1 7 2
514 818
1 4 1
516
1 3 1
518
1 9 1
519
1 4 1
523
1 4 2
525 744
1 9 1
526
1 10 1
530
1 4 1
531
1 7 2
536 557
1 6 1
537
1 2 1
539
1 8 1
541
1 6 2
542 600
1 3 3
545 578 917
1 2 3
546 618 759
1 8 2
549 875
1 2 2
550 796
1 2 1
554
1 2 1
555
1 3 1
556
1 7 2
558 778
1 3 1
559
1 3 2
560 812
1 3 1
565
1 9 1
567
1 19 2
569 819
1 4 1
571
1 3 1
573
1 2 1
574
1 11 1
575
1 13 1
577
1 12 1
580
1 3 2
584 631
1 3 1
587
1 6 1
589
1 7 1
590
1 6 1
592
1 3 1
593
1 3 1
594
1 8 2
596 679
1 2 1
599
1 3 1
601
1 4 1
604
1 3 2
607 777
1 9 1
610
1 6 1
615
1 2 3
617 704 723
1 2 1
619
1 2 1
620
1 8 1
623
1 6 1
624
1 4 1
626
1 3 1
632
1 6 3
635 964 997
1 6 2
640 749
1 2 2
643 923
1 3 1
644
1 4 1
645
1 2 2
647 886
1 2 1
649
1 6 2
652 788
1 4 2
655 949
1 4 1
656
1 9 1
657
1 8 1
659
1 4 1
661
1 3 2
662 676
1 4 1
667
1 3 1
668
1 2 1
674
1 3 1
677
1 4 1
684
1 6 1
685
1 9 1
686
1 3 1
690
1 2 2
694 733
1 3 1
699
1 11 1
700
1 6 1
701
1 2 1
702
1 7 1
703
1 4 1
706
1 10 1
711
1 3 1
713
1 3 1
714
1 7 1
716
1 15 1
717
1 5 1
719
1 9 1
722
1 10 1
726
1 3 1
728
1 2 1
734
1 3 1
738
1 9 2
739 830
1 4 1
746
1 9 1
748
1 6 1
752
1 19 1
753
1 5 1
755
1 3 1
756
1 5 2
757 904
1 7 2
758 950
1 7 1
760
1 4 1
761
1 6 1
763
1 8 1
770
1 3 1
773
1 7 1
775
1 2 2
776 972
1 2 2
779 898
1 3 1
781
1 7 2
790 921
1 7 1
793
1 6 1
794
1 3 1
795
1 2 1
798
1 3 1
800
1 2 1
803
1 5 1
804
1 7 1
805
1 2 2
807 885
1 8 1
809
1 3 1
810
1 2 1
814
1 3 2
820 835
1 2 1
823
1 3 1
824
1 10 1
826
1 6 2
832 979
1 16 1
836
1 6 1
841
1 8 1
842
1 5 1
843
1 3 1
846
1 3 1
850
1 7 1
852
1 6 1
853
1 8 1
855
1 3 1
858
1 11 1
860
1 3 1
863
1 6 1
864
1 2 1
865
1 5 1
869
1 9 1
874
1 4 1
877
1 3 1
878
1 11 1
879
1 6 1
880
1 6 1
881
1 4 1
882
1 6 1
887
1 2 1
890
1 8 1
892
1 4 1
896
1 3 1
902
1 4 1
905
1 19 1
915
1 4 1
919
1 5 1
926
1 3 1
927
1 3 1
932
1 3 1
934
1 3 1
939
1 4 1
944
1 3 1
954
1 4 1
961
1 20 1
963
1 6 1
966
1 9 1
967
1 8 1
976
1 10 1
977
1 7 1
981
1 15 1
986
1 5 1
990
