500 87 775 20
20 18 28 13 1 9 19 14 9 17 24 20 7 24 16 21 18 22 14 20 13 4 8 29 17 27 5 9 11 12 20 11 14 13 15 21 6 26 10 19 17 6 8 24 11 29 14 30 8 14 12 11 8 23 9 1 6 12 4 29 1 7 9 30 11 7 12 14 28 14 30 5 23 20 27 20 30 14 9 17 7 8 1 20 14 1 15 5 13 11 11 6 7 24 17 5 24 23 20 18 21 1 19 7 22 13 27 13 1 22 2 13 22 10 28 23 11 20 16 26 23 6 3 23 23 11 23 2 9 9 9 24 17 14 3 12 12 18 25 25 28 26 29 19 19 12 16 13 2 10 8 7 2 25 3 19 12 15 23 7 28 4 22 3 9 21 18 3 30 12 19 21 15 2 26 25 4 22 7 22 4 10 26 16 29 13 7 13 21 23 13 18 28 14 26 23 17 30 17 19 18 12 25 4 22 17 2 12 10 12 20 28 18 4 7 26 4 4 21 17 7 8 10 12 2 5 19 29 8 26 7 23 19 6 22 30 28 24 6 9 15 15 20 21 3 16 3 4 29 10 16 13 7 5 12 4 12 4 28 4 5 20 2 20 20 14 3 16 13 10 24 9 4 12 28 19 6 9 10 3 30 9 11 2 29 25 3 18 2 12 29 9 6 20 18 14 28 22 17 27 8 3 23 17 12 7 2 19 3 15 15 28 10 18 24 6 16 12 6 4 26 10 1 20 16 11 22 7 5 2 24 25 3 6 15 17 16 7 22 3 2 23 10 20 7 11 28 11 13 15 19 11 6 5 30 26 18 1 29 24 29 14 5 27 29 26 14 12 13 9 19 29 16 26 12 30 8 13 17 24 23 9 1 14 23 9 7 23 11 18 25 22 12 10 8 12 15 13 3 1 30 6 8 12 5 17 7 19 5 19 12 2 17 26 21 27 11 22 6 4 27 14 11 21 22 1 16 6 16 6 21 1 12 5 25 1 7 13 30 6 9 1 23 1 28 9 5 26 30 7 24 30 3 7 6 19 12 14 22 12 28 24 28 18 11 24 17 2 29 6 11 26 20 16 22 21 17 14 29 26 15 27 10 21 29 2 3 9 24 16 4 28 19 12 25 1 8 23 18 16
30 18 11 10 9 1 26 11 3 17 28 14 27 1 13 24 17 9 18 29 8 6 28 28 13 30 2 15 11 1 23 21 27 10 13 10 29 7 19 16 8 14 29 1 29 6 11 23 30 17 14 24 17 3 18 18 21 1 2 2 11 10 16 4 5 18 11 27 10 26 29 23 26 24 3 6 17 12 21 15 19 4 18 19 22 11 26 22 18 22 17 25 18 2 19 6 14 16 11 29 27 18 4 2 8 5 5 18 6 30 3 4 6 18 24 10 1 9 15 6 23 11 5 30 21 23 10 28 5 1 5 10 25 29 27 6 12 14 18 12 11 1 27 21 24 5 1 15 12 23 14 8 2 18 1 8 30 1 18 13 22 22 17 13 27 15 5 1 9 5 20 1 2 28 11 27 10 23 25 14 12 8 24 6 29 13 6 20 8 5 23 27 27 25 15 6 26 7 14 15 22 29 12 19 30 18 2 18 27 9 14 30 9 21 17 18 25 29 13 24 27 28 17 27 20 19 14 16 2 26 3 18 7 15 14 20 17 23 11 8 23 25 29 5 3 29 11 8 24 13 12 9 7 14 24 11 13 21 1 19 18 19 21 16 3 3 5 30 6 7 12 4 11 24 20 16 1 16 15 26 16 27 29 30 6 28 3 16 20 2 1 13 12 27 2 22 14 14 1 2 22 7 14 17 20 4 29 12 14 26 10 26 11 24 26 28 9 15 29 16 2 12 28 9 8 27 4 1 4 12 26 5 14 13 6 20 23 9 12 25 5 26 2 23 4 19 11 8 17 27 2 4 13 28 24 2 12 29 17 2 25 10 1 28 13 15 23 12 23 9 13 14 25 3 22 29 9 6 6 18 23 10 19 28 8 8 30 20 18 29 18 23 5 21 4 8 21 16 8 28 4 25 12 12 9 16 6 6 1 5 15 29 19 1 15 9 10 27 21 16 12 29 23 7 19 13 14 15 24 11 2 15 18 6 17 3 13 7 7 8 11 17 5 4 29 23 8 30 26 7 23 17 14 28 12 15 8 28 18 29 13 10 30 1 18 16 7 12 25 10 6 19 3 29 27 19 20 19 12 12 23 5 21 9 10 21 30 17 12 22 27 1 15 2 5 15 20 2 18 22
1 8 10
378 80 324 207 433 166 343 395 366 428
1 2 3
31 22 206
1 7 10
476 469 66 35 89 300 362 229 480 147
1 11 10
277 23 363 298 311 398 186 292 245 196
1 14 4
230 355 215 93
1 9 8
175 140 12 143 465 285 316 338
1 7 6
204 488 192 220 268 381
1 11 6
52 340 392 190 373 68
1 2 3
406 384 43
1 9 2
156 335
1 8 3
6 368 36
1 9 6
149 158 294 92 408 189
1 18 2
394 410
1 17 10
248 21 439 351 14 353 310 42 380 224
1 13 6
176 27 29 19 473 418
1 19 2
142 3
1 19 8
344 463 396 337 231 306 426 51
1 7 9
348 387 422 255 494 481 447 10 232
1 12 2
486 15
1 7 10
28 423 475 61 203 83 16 111 185 76
1 8 8
134 123 164 197 424 205 106 259
1 1 3
113 440 225
1 17 3
438 435 84
1 3 10
9 484 115 450 154 374 38 472 320 63
1 14 2
241 471
1 3 4
479 278 330 409
1 13 8
110 282 71 257 383 161 270 59
1 15 5
217 177 188 288 243
1 19 10
349 267 216 69 172 133 367 482 145 60
1 8 6
121 412 492 178 443 314
1 18 5
466 219 296 263 319
1 10 4
434 210 157 430
1 3 5
371 209 165 146 459
1 2 6
271 114 150 455 425 490
1 18 5
388 305 262 5 290
1 3 2
237 75
1 19 3
182 441 98
1 5 4
405 82 457 183
1 12 6
129 235 11 458 342 437
1 1 3
119 81 25
1 15 3
483 358 193
1 14 4
386 431 77 489
1 3 10
187 456 163 293 47 17 382 46 357 208
1 7 8
173 377 393 118 122 334 213 67
1 11 2
295 411
1 12 7
214 497 40 184 131 283 70
1 3 3
107 252 153
1 14 8
79 361 376 26 160 50 41 287
1 20 10
496 64 401 180 375 250 474 244 179 194
1 14 7
116 390 478 370 331 148 453
1 15 7
212 308 128 200 137 404 251
1 16 6
299 211 414 454 495 369
1 12 8
53 168 48 151 273 226 436 327
1 3 9
417 139 350 352 234 467 318 449 333
1 16 5
354 364 281 222 109
1 19 5
272 30 108 130 326
1 15 3
389 246 445
1 4 3
280 399 345
1 14 5
317 360 18 379 284
1 1 10
477 240 249 104 228 289 239 279 413 202
1 16 5
100 462 365 152 58
1 6 4
117 260 159 253
1 2 2
171 242
1 19 10
54 78 372 57 102 62 33 451 223 274
1 1 7
336 302 341 470 491 90 162
1 18 10
97 138 322 2 20 498 468 304 332 261
1 2 4
303 44 328 144
1 17 2
32 276
1 20 7
307 91 87 99 329 199 167
1 19 5
312 96 181 464 170
1 9 3
135 415 112
1 13 9
419 45 126 266 1 141 4 444 218
1 4 10
49 74 416 402 191 24 397 0 403 264
1 13 4
72 65 385 34
1 13 10
201 265 427 258 95 94 321 313 236 7
1 8 8
356 452 347 297 39 227 125 323
1 7 4
120 359 238 432
1 6 6
221 400 256 499 339 269
1 16 7
325 101 346 85 13 275 448
1 20 5
195 127 169 8 460
1 14 4
391 174 291 37
1 10 7
55 461 286 247 88 446 86
1 4 3
254 105 155
1 13 5
429 487 421 420 315
1 4 3
407 124 485
1 12 6
136 132 198 309 233 103
1 11 5
73 301 56 442 493
