500 84 775 20
6 4 1 29 25 15 3 20 26 10 1 3 21 24 3 27 28 29 25 15 5 2 3 14 2 18 24 5 19 29 21 3 3 13 4 21 16 1 5 19 21 21 4 1 19 6 4 25 1 18 8 7 26 11 17 19 23 26 23 3 17 20 4 11 9 20 24 18 7 10 13 27 16 12 15 16 17 11 16 29 22 17 13 25 10 13 7 19 4 19 29 24 15 20 24 27 19 8 10 9 3 22 30 27 29 6 3 4 28 8 11 30 23 12 1 1 18 24 6 23 11 10 6 23 16 5 19 2 18 30 16 19 13 30 15 23 7 16 19 17 13 10 21 16 22 4 19 14 22 25 15 15 9 30 4 16 8 15 2 15 24 12 28 7 2 21 15 2 25 1 24 26 8 26 13 15 16 16 28 25 13 18 27 8 21 15 17 3 27 1 14 9 11 18 15 8 28 7 12 13 11 23 7 6 1 9 28 3 29 15 19 30 26 18 12 21 21 1 3 24 14 9 18 23 16 10 12 14 25 15 8 19 4 3 18 22 13 7 24 28 21 20 7 27 2 14 11 16 4 21 1 21 22 24 10 17 25 30 29 5 16 24 1 14 22 27 22 6 28 7 1 13 13 19 4 12 1 23 4 29 30 15 16 22 28 19 10 27 28 16 1 26 2 19 9 8 3 3 19 19 28 16 11 23 1 15 3 26 2 6 15 22 3 7 5 23 25 6 22 27 9 8 26 14 30 19 22 11 19 6 20 10 17 20 9 20 19 4 14 4 20 8 12 18 1 10 2 28 4 18 13 19 27 8 11 20 27 16 17 2 1 30 30 19 15 19 23 26 24 11 5 10 12 10 20 1 12 4 26 1 25 28 19 22 6 6 9 18 17 2 27 17 16 29 18 7 19 16 1 19 13 12 16 15 14 12 20 18 7 28 30 4 13 17 2 6 6 13 15 14 14 30 5 22 13 4 13 1 9 30 28 25 17 1 10 18 25 17 15 26 26 28 2 13 17 15 27 30 4 9 24 22 17 9 28 30 12 3 10 8 7 11 1 12 12 27 7 8 4 10 19 8 25 27 14 11 29 23 7 14 18 3 30 9 23 21 10 18 25 17 27 4 12 15 15 8 15 6 13 10
28 1 13 15 3 1 27 19 29 18 6 2 21 18 14 24 23 4 1 16 29 4 16 24 7 19 25 14 26 15 29 26 19 25 23 1 14 15 10 8 16 6 23 9 5 16 20 5 8 30 28 25 27 5 1 15 15 25 2 19 8 17 13 7 30 2 29 11 5 6 15 28 2 15 3 10 14 26 3 21 9 20 16 11 10 8 26 18 27 9 23 14 6 25 25 29 8 7 4 7 16 25 2 20 8 5 4 18 25 22 28 5 2 14 11 17 30 11 26 30 29 26 19 2 6 10 19 29 9 20 1 29 7 17 8 11 15 17 24 7 29 30 18 2 19 15 23 12 20 28 18 14 2 25 30 24 29 17 6 8 10 22 12 13 8 15 14 24 23 17 5 19 3 21 23 3 4 12 29 3 10 16 29 26 4 15 5 5 30 17 14 21 7 2 27 5 16 17 25 28 17 22 15 12 23 3 15 24 8 2 9 15 10 9 30 7 29 23 21 29 19 2 27 7 8 14 15 24 30 17 26 29 20 20 21 22 15 19 5 15 12 14 29 19 16 6 22 26 11 19 13 15 6 14 24 9 26 22 22 26 16 10 9 22 29 11 30 1 27 29 3 1 28 13 22 27 9 30 20 21 26 1 16 15 5 22 2 17 27 18 18 11 21 25 14 3 10 15 27 6 19 22 5 22 6 25 27 17 28 11 6 25 5 22 27 12 6 2 20 25 7 16 21 14 26 22 16 27 17 21 13 22 18 14 30 27 22 2 18 29 13 14 29 13 9 3 9 2 3 1 29 12 27 28 21 8 22 27 27 8 11 25 6 28 23 25 15 6 21 8 2 8 20 11 5 16 19 27 30 9 5 12 7 6 10 15 19 1 26 11 15 25 14 6 22 22 3 29 11 4 30 5 18 6 13 13 6 12 13 11 20 22 15 10 19 13 16 10 25 25 1 27 11 8 9 27 2 29 20 15 26 9 30 5 20 7 25 18 28 25 12 1 25 2 1 16 1 25 1 29 15 8 18 1 11 11 11 20 6 27 4 9 21 8 27 12 4 24 6 23 16 22 29 9 15 2 10 23 15 3 9 16 20 25 6 27 29 15 10 2 15 15 13 23 21 18 24 6 25 14
1 2 10
66 186 449 255 250 29 126 181 139 292
1 7 9
107 239 59 206 18 403 261 234 142
1 9 7
176 122 171 473 493 60 382
1 9 10
249 202 344 17 423 240 492 218 184 428
1 16 4
172 290 228 268
1 1 9
190 210 73 374 128 312 20 90 277
1 4 3
499 4 230
1 9 4
326 331 397 264
1 8 6
253 78 248 380 194 479
1 20 2
451 418
1 19 10
368 298 0 321 395 310 339 50 216 362
1 14 6
383 241 299 485 396 110
1 10 8
337 433 256 402 237 398 71 92
1 10 2
157 431
1 11 3
88 361 278
1 10 2
354 363
1 4 10
144 384 80 215 309 437 463 57 394 160
1 14 8
24 413 108 39 405 411 141 286
1 9 5
125 347 111 72 56
1 5 3
177 457 300
1 13 8
359 119 429 348 497 401 480 19
1 10 3
45 350 342
1 6 3
400 81 352
1 8 5
32 464 192 217 13
1 17 6
102 328 420 199 132 274
1 2 2
113 40
1 2 6
6 145 242 482 271 364
1 1 2
458 158
1 5 4
35 151 85 435
1 9 9
322 5 220 441 106 417 262 174 25
1 6 4
44 360 179 392
1 2 3
390 393 104
1 6 4
97 163 345 130
1 13 9
353 446 279 346 258 422 407 100 338
1 14 7
334 439 16 231 15 438 236
1 14 3
379 222 121
1 11 5
456 103 349 426 432
1 13 7
454 391 7 12 26 191 131
1 9 9
469 452 1 445 30 330 77 475 68
1 20 6
399 196 129 211 476 86
1 16 6
127 455 226 79 489 182
1 16 4
238 302 470 373
1 1 4
447 31 155 296
1 12 2
170 38
1 18 4
327 96 367 8
1 19 4
459 272 117 306
1 8 5
183 498 421 404 247
1 4 8
69 468 37 294 83 267 285 289
1 3 6
474 169 409 453 410 356
1 1 6
385 143 94 376 340 46
1 2 5
84 297 133 386 425
1 11 10
41 166 178 173 477 75 484 488 189 187
1 13 10
283 91 471 138 486 375 465 146 291 320
1 10 5
273 152 14 93 208
1 14 5
427 188 154 318 28
1 5 10
205 460 221 164 372 434 275 301 180 235
1 13 6
496 282 332 195 419 243
1 18 5
65 366 335 149 197
1 13 8
153 490 27 55 257 63 365 98
1 4 3
224 325 323
1 6 9
443 293 245 414 472 461 10 156 424
1 13 7
227 491 209 203 134 308 387
1 18 6
47 260 225 198 36 263
1 14 6
212 266 280 317 378 2
1 3 8
161 276 377 481 207 336 370 229
1 8 10
281 23 284 109 430 357 305 53 114 34
1 8 7
101 287 295 165 48 43 159
1 1 9
136 175 87 369 140 389 265 70 112
1 5 9
246 314 388 307 185 313 448 351 201
1 9 2
64 115
1 2 9
406 223 259 416 150 67 343 135 450
1 1 4
54 193 89 440
1 10 2
61 462
1 17 8
333 9 82 232 123 466 148 311
1 8 10
233 304 315 269 120 99 219 358 213 483
1 11 7
147 200 33 303 95 22 254
1 16 3
442 444 137
1 18 8
341 76 381 52 244 324 270 124
1 9 7
3 319 487 74 355 495 494
1 9 5
371 105 329 436 204
1 6 2
162 51
1 16 8
116 21 408 251 467 167 288 214
1 10 7
415 168 252 49 62 58 412
1 15 5
478 11 316 42 118
