500 37 775 20
23 23 4 26 5 9 29 21 4 11 9 14 27 14 25 2 16 20 7 4 9 21 18 22 21 4 3 28 22 22 22 2 24 28 19 13 28 20 8 12 3 21 17 5 30 14 26 12 9 13 29 26 6 12 8 20 7 16 8 2 6 27 27 2 18 22 21 22 27 13 15 6 2 19 8 26 21 6 30 24 25 10 7 9 16 30 2 27 2 7 13 25 12 15 26 24 5 15 8 14 2 24 28 25 11 17 27 5 25 27 4 2 30 26 13 23 27 25 22 6 6 29 1 28 28 8 28 30 23 3 9 16 27 5 14 9 7 13 26 15 28 10 23 8 10 7 4 14 30 13 16 2 13 8 27 30 6 15 7 6 7 7 9 2 24 21 15 22 8 7 23 18 17 6 2 23 11 3 23 18 12 22 12 26 29 9 22 19 17 6 8 22 30 10 27 21 22 25 7 9 17 14 3 12 25 16 3 8 12 29 27 28 14 8 24 4 8 25 30 5 17 23 11 12 3 23 26 15 29 24 6 1 14 30 20 16 13 21 15 16 11 2 3 5 29 30 6 8 6 7 17 27 21 28 18 15 3 13 15 29 11 10 2 15 17 1 15 13 5 3 29 16 22 18 2 14 28 19 27 20 20 13 14 15 11 1 19 21 18 21 5 17 26 14 6 13 28 13 18 10 22 1 10 20 14 4 25 15 21 4 25 23 20 16 29 10 12 5 8 28 4 28 2 17 30 26 9 26 25 7 30 22 12 20 23 14 4 24 21 9 29 11 18 2 21 3 17 19 5 18 7 19 1 10 15 9 8 19 27 7 29 17 7 11 20 10 25 21 30 12 23 16 3 15 30 16 14 23 6 28 23 30 26 27 2 4 14 27 23 8 5 18 29 18 26 28 25 27 2 17 1 16 30 18 19 6 30 17 6 9 1 22 4 9 27 7 10 8 28 5 23 16 11 23 2 29 23 24 26 5 1 26 7 8 13 15 20 11 9 5 20 16 25 24 3 23 7 27 29 29 27 18 8 30 1 16 12 14 12 6 26 19 7 11 7 18 28 2 30 7 8 20 7 28 20 19 18 5 9 28 15 20 9 8 10 30 3 17 26 16 30 29 11 3 12 15 16 12 20 22
2 10 27 15 22 7 28 5 22 19 19 27 23 6 30 26 6 1 1 27 26 2 7 23 30 2 30 4 11 23 10 30 4 22 12 19 3 27 2 13 23 2 11 9 1 10 1 26 29 23 10 11 23 10 9 5 5 25 16 23 9 1 21 15 2 18 12 16 10 25 12 16 13 13 8 5 25 28 19 17 29 2 28 15 19 30 23 22 10 16 23 30 11 27 12 2 4 2 24 3 22 27 13 12 5 29 11 20 1 24 26 17 3 19 29 30 30 9 7 21 24 2 3 18 27 27 22 18 26 16 5 8 9 6 30 5 5 10 16 17 18 10 9 21 1 16 17 22 17 25 9 16 18 12 13 20 10 25 19 23 17 1 28 5 27 19 25 5 18 29 3 1 5 8 29 15 25 20 28 5 21 25 6 19 7 15 4 8 17 18 7 7 12 7 5 18 12 3 30 22 25 17 26 9 10 7 18 20 15 19 23 19 27 20 29 4 7 17 23 27 22 9 30 10 12 1 4 2 13 30 6 30 7 27 21 15 27 10 30 21 21 24 5 29 14 11 23 20 1 12 10 24 1 24 28 30 18 17 9 1 20 23 12 3 29 21 5 19 24 24 14 28 24 7 1 13 29 6 5 18 22 28 13 20 27 10 26 4 2 29 13 7 19 11 22 23 8 1 11 17 13 29 21 10 7 3 12 19 15 16 23 7 12 22 1 27 24 8 20 19 13 20 18 23 27 9 10 11 30 5 4 25 3 23 12 4 23 13 19 21 4 16 25 30 10 12 6 30 16 30 19 1 24 15 4 9 7 16 8 22 23 1 14 3 6 6 27 10 30 24 1 10 26 8 16 23 4 6 1 9 29 9 16 24 5 21 30 28 21 1 5 21 24 18 13 5 8 28 18 16 8 25 19 20 4 4 5 1 15 24 23 17 10 22 25 29 10 11 24 9 2 5 2 5 10 21 17 1 18 7 12 3 25 12 5 19 30 9 20 9 7 27 4 22 28 11 17 24 25 16 17 26 28 27 1 7 25 2 15 5 20 25 4 5 25 10 25 3 24 9 8 27 21 7 17 21 13 26 26 1 20 3 18 27 13 5 10 4 4 12 11 7 23 16 20 29 17 21 26 17
1 5 21
402 405 368 261 499 428 429 82 482 148 342 104 100 153 58 54 92 21 57 73 479
1 12 19
192 212 207 108 90 55 408 363 83 121 328 219 195 496 296 280 94 241 293
1 8 20
268 463 485 330 371 174 74 143 406 4 348 61 316 288 441 228 129 369 407 243
1 12 21
189 374 25 236 65 183 270 234 169 246 13 56 36 33 450 465 213 102 362 453 416
1 15 29
391 209 239 457 294 399 366 484 420 150 488 182 376 340 78 197 154 433 359 292 281 480 59 358 5 238 307 378 398
1 12 13
299 178 173 373 298 231 386 486 217 29 179 190 394
1 17 10
431 110 284 455 53 179 97 114 130 318
1 14 6
423 302 422 116 162 412
1 15 7
473 176 375 2 295 312 188
1 14 9
208 306 62 111 313 43 400 211 235
1 10 27
105 275 225 332 350 146 66 210 22 395 91 352 216 315 440 337 86 160 355 344 479 181 163 141 151 338 481
1 9 24
30 35 252 50 487 379 471 206 132 397 331 233 97 305 47 133 224 152 336 377 177 255 7 41
1 11 9
115 341 180 198 171 492 318 445 441
1 9 10
263 151 142 258 51 94 39 86 135 249
1 7 26
147 251 320 215 321 39 396 334 124 262 85 415 32 444 430 238 435 461 202 458 137 220 149 60 286 341
1 16 13
354 10 243 199 418 322 45 214 495 289 426 249 407
1 18 9
112 71 221 81 70 207 229 296 431
1 12 21
123 23 474 392 394 223 300 165 456 120 88 326 158 1 297 15 349 30 197 224 400
1 12 15
200 131 324 451 310 95 293 403 257 99 384 159 38 175 435
1 12 8
3 493 419 466 103 28 129 184
1 8 22
291 494 241 410 254 452 424 41 367 139 448 333 136 449 138 267 190 279 5 454 381 361
1 2 26
421 370 24 245 38 409 327 168 389 260 437 227 175 269 64 383 446 98 52 319 309 48 140 146 342 464
1 11 10
84 266 204 117 50 67 150 199 257 379
1 11 11
356 68 14 232 497 49 325 10 76 358 484
1 16 8
469 11 69 188 346 335 331 422
1 18 8
323 460 17 443 144 390 276 130
1 8 26
273 12 145 127 438 122 272 250 489 125 436 364 18 126 27 235 118 80 425 203 248 339 113 283 194 305
1 8 23
329 277 114 432 128 470 247 106 417 79 119 164 388 16 46 172 404 491 269 357 408 452 488
1 8 12
244 42 357 498 464 382 72 2 92 218 225 492
1 16 29
411 475 242 271 31 156 89 134 472 476 166 44 413 77 73 194 186 365 393 468 385 360 141 34 278 6 226 383 495
1 6 21
8 63 240 378 184 19 490 7 161 343 107 387 439 0 101 285 380 148 233 278 483
1 14 21
427 229 462 226 155 265 135 67 351 303 222 459 286 191 201 40 447 398 372 302 356
1 4 7
290 401 434 274 477 253 247
1 4 4
347 481 478 208
1 16 9
442 93 317 311 338 282 149 370 436
1 7 26
193 345 109 218 483 205 196 167 467 87 185 9 20 6 170 314 162 308 307 301 304 259 237 192 231 277
1 16 15
264 256 414 37 75 230 96 26 187 412 287 76 157 353 250
