800 36 1240 18
19 19 12 5 14 5 11 15 30 30 22 25 24 1 6 19 24 19 25 6 28 24 20 3 2 28 6 6 2 30 17 9 15 28 24 5 15 18 8 24 4 26 6 10 20 24 29 5 18 28 25 7 19 9 20 18 24 27 13 8 24 18 20 4 24 7 3 7 23 11 9 14 3 16 10 19 19 27 17 3 29 21 19 16 19 12 7 6 3 25 3 9 27 11 11 11 29 21 15 11 6 13 3 21 24 12 26 18 27 6 11 6 3 25 18 18 14 22 15 23 7 11 13 30 13 1 5 9 27 20 21 28 21 3 25 22 14 4 8 17 15 2 28 28 6 6 6 24 22 8 8 22 21 17 20 19 5 4 15 3 27 27 24 30 13 6 6 4 13 28 6 28 16 2 1 16 27 2 15 27 3 28 19 19 8 22 19 1 20 4 30 20 9 17 5 23 14 30 12 19 13 3 5 4 2 22 21 21 24 16 7 18 29 16 22 21 28 12 11 23 6 9 17 8 27 26 1 10 14 20 16 29 6 10 8 23 18 26 1 13 13 12 25 9 7 26 22 10 5 29 25 21 3 24 17 12 11 1 13 15 29 26 13 21 24 5 18 6 25 16 13 21 14 23 4 24 21 17 14 6 10 22 9 2 26 7 4 18 13 14 12 28 25 19 11 23 11 13 13 4 4 23 25 19 5 18 27 29 28 30 16 24 28 12 8 10 10 29 14 24 8 8 16 18 25 19 11 18 12 10 16 16 16 30 23 12 27 30 28 15 16 24 8 2 17 26 1 13 8 16 17 20 4 9 19 25 29 4 20 9 23 30 22 23 9 7 13 5 22 7 26 6 11 12 5 11 30 2 1 3 16 10 12 20 30 10 15 12 27 26 20 3 22 16 20 3 4 23 17 20 9 13 16 19 4 5 18 6 10 13 11 5 17 9 14 29 28 25 21 5 16 2 21 4 27 7 26 24 1 24 18 1 22 10 28 12 18 4 21 16 1 14 8 6 25 1 25 20 19 21 22 15 14 2 24 23 26 15 2 7 2 17 19 12 17 2 20 21 26 16 12 12 12 16 23 3 10 10 25 29 10 3 6 9 30 27 9 17 24 17 8 8 7 11 26 19 24 6 22 22 11 27 17 1 15 29 18 11 16 25 21 27 24 6 28 10 11 20 11 16 2 19 5 15 29 2 7 9 23 21 12 13 6 30 9 5 21 17 20 16 8 8 28 23 2 20 19 26 30 5 7 14 5 26 29 21 27 27 13 1 4 8 18 12 26 23 21 1 12 12 23 10 14 30 29 6 7 14 11 24 29 30 21 18 20 13 12 13 1 22 13 5 23 1 13 4 19 23 12 7 16 3 23 25 18 15 15 21 10 3 18 18 17 4 16 3 9 6 5 11 21 25 27 25 18 12 2 10 2 2 13 17 23 18 2 3 5 30 19 25 17 8 18 9 23 3 4 1 1 7 19 20 29 13 11 3 6 21 23 19 6 19 21 19 28 9 15 15 30 10 22 18 13 13 7 13 28 3 7 5 22 12 20 1 21 29 19 20 10 20 13 4 5 14 20 12 20 18 16 28 28 22 28 1 26 28 6 10 3 29 22 19 5 15 2 28 1 2 9 27 14 20 3 13 4 13 6 16 6 3 16 24 26 21 18 7 5 13 16 30 27 23 27 16 24 22 12 12 29 22 30 6 1 2 19 13 15 27 25 21 16 10 25 1 22 21 3 5 29 23 4 27 24 25 9 9 23 4 6 25 29 6 23 16 9 25 17 3 30 21 8 9 26 21 19 18 3 4 19 11
3 7 24 18 12 19 30 19 3 20 26 17 25 22 9 25 9 28 14 25 29 2 2 14 17 3 13 14 8 19 22 23 27 25 27 15 5 3 18 4 11 19 22 13 6 26 26 16 2 10 1 24 8 15 28 23 16 25 13 1 18 7 3 15 18 18 21 18 1 28 22 4 18 13 24 15 19 3 15 12 26 16 8 12 8 13 25 27 22 24 22 30 23 6 7 14 9 28 22 28 29 28 26 21 6 29 29 15 24 29 10 15 14 27 22 27 20 17 28 23 17 30 2 9 17 24 13 21 16 15 29 14 10 9 1 1 27 15 17 6 23 4 4 28 18 22 8 27 7 27 27 29 9 11 26 27 28 21 20 29 9 30 28 26 15 3 9 1 8 15 27 10 4 24 17 10 22 15 10 19 14 23 8 19 16 11 3 23 14 29 2 27 22 22 16 5 3 26 5 18 22 30 26 2 25 23 13 12 7 1 7 25 20 13 22 8 1 5 15 29 14 17 3 5 22 11 9 23 13 8 30 15 17 26 5 25 23 1 22 24 16 14 2 6 11 16 8 21 9 20 19 5 11 20 26 3 20 21 23 15 14 3 27 26 4 6 13 9 5 28 25 26 3 15 11 11 25 27 19 16 21 27 30 21 26 26 15 15 8 29 25 6 20 14 24 19 7 29 8 12 19 17 30 28 26 18 4 14 30 9 24 24 10 25 13 4 13 10 1 8 26 8 28 5 4 8 6 10 12 12 30 5 20 10 17 11 29 1 25 2 9 16 3 22 20 4 13 13 1 29 21 4 23 15 7 14 18 28 15 19 14 28 20 26 2 23 10 27 11 24 23 22 8 24 18 23 13 19 2 2 11 17 30 26 30 11 18 25 1 8 17 22 12 2 3 26 14 6 17 26 7 17 12 15 13 8 1 7 14 18 9 11 27 15 6 17 28 9 5 9 23 11 12 21 23 17 1 20 26 27 13 7 29 3 3 11 15 20 22 26 18 10 16 15 4 16 28 26 29 5 27 16 21 13 19 25 15 12 17 9 2 21 19 21 16 15 1 6 30 17 1 25 4 24 27 10 30 6 10 17 12 29 11 24 23 16 25 4 5 6 5 24 6 6 23 25 25 8 6 8 4 25 3 29 3 9 13 16 18 6 25 19 23 22 13 3 30 7 9 10 7 26 9 25 17 20 19 5 13 25 3 21 23 24 24 8 17 2 3 27 4 24 14 24 10 23 8 16 12 14 24 18 8 3 11 20 23 17 9 1 16 23 12 13 3 28 14 29 2 26 22 30 26 1 30 1 28 7 4 7 19 19 5 16 6 3 29 30 12 10 9 23 16 5 14 18 8 18 27 24 2 14 4 10 22 8 15 4 22 9 9 6 15 2 8 11 9 2 13 9 23 20 8 26 9 30 21 22 2 30 7 21 3 18 18 29 28 27 8 12 29 15 17 17 13 19 17 1 16 18 16 23 8 24 28 13 15 14 4 16 6 1 1 20 26 5 27 10 12 14 28 28 1 21 8 9 17 24 29 7 14 13 17 22 23 3 7 13 25 25 11 9 30 21 2 25 2 27 2 21 14 6 15 27 21 11 16 9 25 26 5 18 28 20 20 22 22 8 6 26 23 1 7 30 27 23 12 20 9 12 27 17 23 9 13 21 3 9 11 19 6 14 10 12 14 20 3 21 12 17 17 16 23 17 22 6 25 6 12 4 25 6 30 16 24 8 2 28 16 25 27 7 22 4 4 27 13 1 11 24 25 15 15 4 13 1 1 8 14 1 19 8 22 15 4 15 11 13 8 27
1 2 40
755 533 667 310 549 423 278 483 638 672 302 675 760 696 482 382 795 463 532 97 499 196 181 0 163 563 20 230 617 101 512 70 53 123 257 268 323 383 620 654
1 18 33
734 357 632 326 316 568 610 373 178 354 557 454 149 245 133 148 580 360 272 500 733 708 682 402 781 663 165 6 18 35 177 203 414
1 16 46
267 318 86 188 700 154 221 255 558 102 232 54 748 730 450 461 104 180 554 407 746 37 299 662 593 602 293 18 179 229 139 777 439 574 168 40 5 85 114 214 342 589 613 650 672 745
1 8 19
681 508 48 581 547 615 469 578 758 212 598 268 175 307 397 545 28 438 490
1 13 24
224 695 166 122 330 71 492 202 738 370 208 364 631 776 490 788 447 47 93 172 307 525 538 660
1 8 28
173 717 566 541 273 745 718 274 195 35 606 231 343 670 626 522 239 315 10 685 108 281 380 529 539 610 706 760
1 20 20
657 296 595 68 409 538 405 125 30 88 15 219 665 619 690 206 671 445 522 623
1 5 27
737 200 358 686 674 678 418 546 443 81 735 44 138 197 731 741 766 425 488 404 1 63 104 231 381 615 669
1 2 24
548 609 611 371 305 391 713 603 126 424 76 434 389 436 635 415 387 712 732 327 344 351 407 585
1 4 32
75 540 295 643 642 93 151 792 60 362 29 240 252 775 575 584 437 36 569 131 597 218 769 622 771 242 715 162 34 544 229 751
1 11 43
270 392 176 49 31 661 743 497 233 513 351 215 24 600 676 263 65 393 249 146 134 759 372 177 646 453 182 236 579 217 381 4 110 180 305 361 376 569 576 597 679 731 778
1 15 28
456 703 601 459 50 258 666 7 527 565 42 103 238 98 720 772 452 639 794 412 214 485 25 247 525 399 508 657
1 7 22
590 649 537 679 207 280 659 724 95 63 297 143 528 169 11 164 361 750 130 452 506 718
1 5 28
127 756 457 113 520 633 516 495 9 78 366 669 251 167 58 624 491 725 429 798 283 22 416 107 98 238 646 684
1 18 37
192 67 698 594 406 774 773 697 132 688 340 185 518 706 556 478 110 92 621 353 155 120 430 327 736 648 170 414 467 83 359 71 116 232 273 469 681
1 7 41
783 14 531 464 550 475 645 156 634 716 797 526 477 519 413 435 511 91 420 4 472 618 752 793 288 555 51 306 398 620 726 375 605 320 292 22 36 97 235 505 674
1 4 14
17 61 763 8 342 577 105 683 374 586 103 358 571 607
1 4 44
789 739 213 13 505 124 309 329 333 129 314 761 742 451 90 432 458 189 41 337 466 116 2 514 277 613 729 561 498 59 585 300 26 160 680 241 612 222 210 17 234 386 413 494
1 15 20
303 796 427 486 136 493 616 573 269 481 112 260 57 517 73 390 711 476 541 634
1 14 36
689 767 111 630 785 388 468 651 89 460 754 636 403 677 553 198 650 509 285 448 128 399 536 87 279 473 64 479 194 653 587 641 225 155 345 392
1 9 14
591 339 637 719 431 80 101 140 227 379 385 515 629 685
1 4 7
117 72 225 264 314 628 692
1 8 12
121 45 367 287 628 141 655 501 152 692 9 411
1 14 10
449 32 369 727 787 172 471 121 667 668
1 3 46
530 234 684 487 489 264 223 768 321 319 376 257 325 751 704 722 608 543 408 701 693 401 552 331 484 350 614 747 625 378 336 47 137 744 211 290 291 753 25 53 120 136 149 568 578 676
1 11 20
184 349 108 709 308 470 440 256 400 3 259 377 411 607 707 261 274 432 433 466
1 20 42
332 94 85 317 496 142 201 79 560 96 39 494 629 417 656 284 588 216 261 33 664 118 16 446 799 119 153 147 596 344 462 347 765 289 334 324 204 506 115 498 552 555
1 7 8
19 282 26 69 117 333 372 741
1 13 8
474 286 235 123 694 161 68 412
1 18 41
244 410 144 523 209 386 253 352 702 313 346 441 171 304 529 248 275 504 99 106 363 723 328 254 507 764 515 1 428 524 699 559 394 193 38 433 757 322 240 404 749
1 7 27
226 114 623 770 383 56 535 572 385 419 183 583 145 640 705 228 778 298 23 647 109 113 530 545 563 617 744
1 13 38
199 438 687 721 644 426 502 564 710 654 159 205 791 740 323 100 728 422 673 243 356 80 589 82 186 345 384 691 379 27 301 140 266 128 131 354 565 659
1 20 5
779 714 73 190 489
1 7 32
341 762 43 444 396 158 77 551 220 276 265 335 227 562 784 749 395 84 187 576 604 355 542 445 652 55 599 281 115 157 279 653
1 9 41
582 592 658 250 786 46 174 294 567 365 480 510 237 465 203 368 348 74 571 442 421 782 668 503 627 455 539 62 190 312 135 66 52 380 534 246 150 75 410 483 608
1 4 17
271 262 790 109 12 311 660 338 780 191 521 69 21 570 188 278 388
