700 350 1085 20
18 36 36 31 19 26 22 38 38 26 25 35 20 28 36 16 23 14 31 13 12 25 16 13 33 25 38 24 21 22 11 16 38 12 29 22 30 35 40 11 38 16 11 34 11 23 14 11 38 29 21 16 24 36 15 29 31 40 39 37 36 35 20 33 30 11 21 27 35 37 26 23 15 11 37 29 35 24 15 12 21 17 16 20 25 21 14 37 14 29 28 14 30 12 31 24 37 29 28 22 38 23 29 29 32 21 21 14 40 26 33 14 33 15 14 32 40 25 15 30 19 34 29 29 19 12 31 24 30 28 20 21 12 11 12 35 18 39 18 18 40 37 15 26 16 25 40 12 40 28 14 33 40 18 33 29 29 31 27 26 28 34 26 38 20 17 31 20 29 31 38 12 16 13 37 11 34 37 12 16 21 30 14 13 15 12 32 25 31 33 25 13 20 18 28 33 39 26 27 14 40 27 26 16 14 13 35 40 14 33 31 34 30 17 12 29 20 15 33 25 20 23 40 35 27 17 25 11 19 14 38 23 13 34 37 29 31 16 38 22 31 39 38 26 11 16 19 31 12 33 34 35 11 21 37 21 40 22 18 15 26 40 27 30 34 25 12 15 25 12 37 24 13 23 37 24 31 24 28 12 12 25 32 20 37 12 20 22 20 28 40 31 29 31 34 32 18 28 18 35 30 40 31 13 35 26 18 17 29 11 15 25 23 31 12 25 11 33 11 38 15 28 33 21 19 40 24 25 12 28 40 29 16 40 25 33 11 25 33 19 17 18 12 11 37 37 13 33 17 27 39 12 31 14 25 38 26 12 27 17 40 21 26 24 23 20 39 14 18 35 36 31 12 31 25 17 14 11 22 38 24 23 40 21 22 29 35 32 27 19 40 14 24 20 39 32 34 20 29 33 36 32 17 25 36 33 26 22 31 26 26 14 20 15 33 27 18 17 38 30 26 36 27 25 27 21 24 27 35 13 22 15 33 39 30 26 30 17 17 25 33 15 20 11 30 17 28 13 26 40 25 27 12 15 37 40 16 14 32 21 25 12 30 21 13 17 11 33 14 25 11 23 17 17 39 25 17 34 18 13 28 22 40 38 38 30 37 34 40 27 34 33 37 30 12 37 24 33 14 37 32 31 14 17 18 17 22 27 14 26 40 11 32 15 18 34 34 33 35 14 22 12 21 38 17 23 18 30 28 26 13 26 36 29 24 12 17 39 36 34 17 15 16 38 39 23 19 32 35 23 33 21 15 31 36 17 22 12 31 28 19 29 31 22 33 27 13 11 29 29 33 22 18 40 25 32 33 17 39 17 29 28 32 26 35 28 27 12 35 26 29 18 20 24 40 28 28 31 29 24 39 36 37 33 18 40 23 23 14 31 38 30 24 11 25 21 16 18 34 23 19 32 30 22 29 38 34 13 34 17 24 40 29 31 29 39 38 39 21 20 28 36 26 21 17 13 33 16 30 34 18 12 35 15 37 38 39 38 40 13 31 36 38 30 32 35 18 20 18 29 17 36 16 19 34 20 32 23 14 34 19 26 26 32 11 15 26 16 16 17 11 11 38 14 29 26 34 23 17 37
8 26 26 21 9 16 12 28 28 16 15 25 10 18 26 6 13 4 21 3 2 15 6 3 23 15 28 14 11 12 1 6 28 2 19 12 20 25 30 1 28 6 1 24 1 13 4 1 28 19 11 6 14 26 5 19 21 30 29 27 26 25 10 23 20 1 11 17 25 27 16 13 5 1 27 19 25 14 5 2 11 7 6 10 15 11 4 27 4 19 18 4 20 2 21 14 27 19 18 12 28 13 19 19 22 11 11 4 30 16 23 4 23 5 4 22 30 15 5 20 9 24 19 19 9 2 21 14 20 18 10 11 2 1 2 25 8 29 8 8 30 27 5 16 6 15 30 2 30 18 4 23 30 8 23 19 19 21 17 16 18 24 16 28 10 7 21 10 19 21 28 2 6 3 27 1 24 27 2 6 11 20 4 3 5 2 22 15 21 23 15 3 10 8 18 23 29 16 17 4 30 17 16 6 4 3 25 30 4 23 21 24 20 7 2 19 10 5 23 15 10 13 30 25 17 7 15 1 9 4 28 13 3 24 27 19 21 6 28 12 21 29 28 16 1 6 9 21 2 23 24 25 1 11 27 11 30 12 8 5 16 30 17 20 24 15 2 5 15 2 27 14 3 13 27 14 21 14 18 2 2 15 22 10 27 2 10 12 10 18 30 21 19 21 24 22 8 18 8 25 20 30 21 3 25 16 8 7 19 1 5 15 13 21 2 15 1 23 1 28 5 18 23 11 9 30 14 15 2 18 30 19 6 30 15 23 1 15 23 9 7 8 2 1 27 27 3 23 7 17 29 2 21 4 15 28 16 2 17 7 30 11 16 14 13 10 29 4 8 25 26 21 2 21 15 7 4 1 12 28 14 13 30 11 12 19 25 22 17 9 30 4 14 10 29 22 24 10 19 23 26 22 7 15 26 23 16 12 21 16 16 4 10 5 23 17 8 7 28 20 16 26 17 15 17 11 14 17 25 3 12 5 23 29 20 16 20 7 7 15 23 5 10 1 20 7 18 3 16 30 15 17 2 5 27 30 6 4 22 11 15 2 20 11 3 7 1 23 4 15 1 13 7 7 29 15 7 24 8 3 18 12 30 28 28 20 27 24 30 17 24 23 27 20 2 27 14 23 4 27 22 21 4 7 8 7 12 17 4 16 30 1 22 5 8 24 24 23 25 4 12 2 11 28 7 13 8 20 18 16 3 16 26 19 14 2 7 29 26 24 7 5 6 28 29 13 9 22 25 13 23 11 5 21 26 7 12 2 21 18 9 19 21 12 23 17 3 1 19 19 23 12 8 30 15 22 23 7 29 7 19 18 22 16 25 18 17 2 25 16 19 8 10 14 30 18 18 21 19 14 29 26 27 23 8 30 13 13 4 21 28 20 14 1 15 11 6 8 24 13 9 22 20 12 19 28 24 3 24 7 14 30 19 21 19 29 28 29 11 10 18 26 16 11 7 3 23 6 20 24 8 2 25 5 27 28 29 28 30 3 21 26 28 20 22 25 8 10 8 19 7 26 6 9 24 10 22 13 4 24 9 16 16 22 1 5 16 6 6 7 1 1 28 4 19 16 24 13 7 27
0 13 7
452 468 441 10 604 449 484
0 18 1
645
0 7 9
331 30 478 247 476 423 76 155 134
0 14 1
600
0 20 9
446 427 96 537 59 53 273 49 118
0 4 11
591 230 45 254 272 82 388 350 560 92 643
0 13 7
473 246 67 14 288 573 297
0 18 4
676 269 620 110
0 20 1
9
0 5 2
512 696
0 1 4
383 366 83 491
0 5 5
94 6 438 139 66
0 17 9
158 358 340 147 309 212 564 550 289
0 1 8
376 397 398 586 128 248 235 400
0 11 7
689 454 374 54 697 624 216
0 14 4
255 231 605 256
0 10 10
699 555 283 435 260 27 31 222 675 481
0 19 4
592 194 621 169
0 13 4
480 425 282 493
0 14 3
681 412 192
0 9 6
251 41 415 619 187 72
0 12 4
541 293 144 338
0 14 2
434 126
0 3 5
91 483 215 540 557
0 17 4
456 516 463 34
0 15 3
489 622 100
0 10 3
521 84 206
0 2 8
203 176 498 514 505 471 138 440
0 13 7
295 199 344 520 196 408 625
0 13 1
26
0 2 4
437 631 243 396
0 2 4
381 25 459 167
0 18 1
74
0 1 9
655 688 151 122 114 583 424 220 404
0 12 7
644 223 508 401 175 227 487
0 4 2
632 58
0 7 6
357 640 189 285 177 179
0 18 1
513
0 7 3
268 479 5
0 14 5
523 73 312 52 429
0 5 5
195 628 497 102 191
0 5 5
418 236 62 637 384
0 10 4
693 233 417 318
0 17 2
596 399
0 9 9
117 413 197 174 277 178 245 259 467
0 10 5
502 617 190 354 125
0 7 4
17 584 407 673
0 9 6
580 121 392 436 311 1
0 12 2
543 663
0 8 4
626 112 15 416
0 10 4
623 517 582 249
0 15 4
36 301 465 218
0 10 3
103 107 286
0 8 9
348 443 455 228 665 469 39 561 308
0 11 6
652 651 372 442 691 409
0 1 6
23 221 3 57 291 578
0 14 10
35 78 33 698 375 539 690 292 296 666
0 5 4
11 330 321 198
0 19 1
382
0 17 7
65 205 80 29 13 558 360
0 10 3
495 349 608
0 8 6
20 661 414 614 669 526
0 8 7
568 587 650 264 159 430 48
0 17 11
394 19 536 636 571 28 334 55 524 527 519
0 15 6
46 572 355 482 533 635
0 2 7
488 570 315 63 343 444 166
0 10 4
61 130 692 670
0 15 3
333 362 579
0 1 5
627 116 389 545 88
0 8 6
70 317 445 37 214 461
0 10 2
341 515
0 17 3
303 85 172
0 10 8
611 51 119 242 667 69 108 364
0 8 4
501 353 42 237
0 11 2
234 615
0 6 3
4 335 279
0 12 3
694 276 336
0 5 5
448 326 162 133 345
0 2 4
368 307 671 612
0 6 5
672 115 229 379 439
0 11 3
239 402 566
0 6 11
182 668 257 124 535 585 47 507 258 232 351
0 20 7
601 453 588 186 329 98 534
0 12 2
109 363
0 14 6
664 548 593 686 87 642
0 3 5
677 646 217 544 316
1 30 1
0
1 10 1
2
1 25 1
7
1 19 1
8
1 10 1
12
1 20 2
16 577
1 38 1
18
1 19 1
21
1 22 1
22
1 20 1
24
1 25 1
32
1 18 1
38
1 24 1
40
1 7 1
43
1 20 1
44
1 32 1
50
1 12 1
56
1 13 1
60
1 24 1
64
1 24 1
68
1 24 2
71 111
1 18 1
75
1 15 1
77
1 24 1
79
1 26 1
81
1 21 1
86
1 23 1
89
1 24 1
90
1 34 1
93
1 21 1
95
1 10 1
97
1 14 1
99
1 26 1
101
1 39 1
104
1 23 1
105
1 22 1
106
1 11 1
113
1 19 1
120
1 30 1
123
1 17 1
127
1 19 1
129
1 30 1
131
1 5 1
132
1 35 1
135
1 18 1
136
1 15 1
137
1 31 1
140
1 34 1
141
1 11 1
142
1 20 1
143
1 10 1
145
1 30 1
146
1 28 1
148
1 17 1
149
1 34 1
150
1 10 2
152 322
1 23 1
153
1 23 1
154
1 19 1
156
1 11 1
157
1 20 1
160
1 18 1
161
1 32 1
163
1 21 1
164
1 26 1
165
1 31 1
168
1 22 1
170
1 29 1
171
1 29 1
173
1 18 1
180
1 16 1
181
1 13 1
183
1 29 2
184 319
1 23 1
185
1 25 1
188
1 15 1
193
1 15 1
200
1 22 1
201
1 9 1
202
1 18 1
204
1 16 1
207
1 25 1
208
1 29 1
209
1 28 1
210
1 12 1
211
1 17 1
213
1 22 1
219
1 27 1
224
1 26 1
225
1 17 1
226
1 15 1
238
1 23 1
240
1 16 1
241
1 27 1
244
1 13 1
250
1 23 1
252
1 21 1
253
1 20 1
261
1 14 1
262
1 22 1
263
1 6 1
265
1 28 1
266
1 30 1
267
1 20 1
270
1 20 2
271 327
1 28 1
274
1 21 1
275
1 17 1
278
1 15 1
280
1 11 1
281
1 29 1
284
1 8 1
287
1 17 1
290
1 12 1
294
1 16 1
298
1 17 1
299
1 10 1
300
1 8 1
302
1 31 1
304
1 21 1
305
1 31 1
306
1 26 1
310
1 17 1
313
1 19 1
314
1 16 1
320
1 12 1
323
1 21 1
324
1 18 1
325
1 12 1
328
1 20 1
332
1 26 2
337 385
1 32 1
339
1 29 1
342
1 28 1
346
1 34 1
347
1 31 2
352 546
1 14 1
356
1 5 1
359
1 20 1
361
1 29 1
365
1 24 1
367
1 14 1
369
1 23 1
370
1 33 1
371
1 20 1
373
1 18 1
377
1 17 1
378
1 25 1
380
1 12 1
386
1 22 1
387
1 12 2
390 680
1 25 1
391
1 20 1
393
1 21 1
395
1 16 1
403
1 25 1
405
1 14 1
406
1 13 1
410
1 13 1
411
1 27 1
419
1 11 1
420
1 7 1
421
1 11 1
422
1 13 1
426
1 30 1
428
1 25 1
431
1 22 1
432
1 17 1
433
1 24 1
447
1 27 1
450
1 24 1
451
1 31 1
457
1 25 1
458
1 15 1
460
1 16 1
462
1 18 1
464
1 17 1
466
1 17 1
470
1 26 1
472
1 32 1
474
1 12 1
475
1 6 1
477
1 25 1
485
1 28 1
486
1 21 1
490
1 16 1
492
1 27 1
494
1 17 1
496
1 25 1
499
1 6 1
500
1 19 1
503
1 31 1
504
1 32 1
506
1 15 1
509
1 16 1
510
1 20 1
511
1 30 1
518
1 18 1
522
1 22 1
525
1 21 1
528
1 29 1
529
1 34 1
530
1 24 1
531
1 22 1
532
1 20 1
538
1 17 1
542
1 10 1
547
1 26 1
549
1 10 1
551
1 28 1
552
1 16 1
553
1 22 1
554
1 15 1
556
1 23 1
559
1 23 1
562
1 36 1
563
1 6 1
565
1 21 2
567 613
1 32 2
569 687
1 15 1
574
1 24 1
575
1 25 1
576
1 14 1
581
1 32 1
589
1 23 1
590
1 22 1
594
1 15 1
595
1 24 1
597
1 7 1
598
1 21 1
599
1 8 1
602
1 13 1
603
1 27 1
606
1 19 1
607
1 27 1
609
1 10 1
610
1 9 1
616
1 17 1
618
1 26 1
629
1 30 1
630
1 17 1
633
1 19 1
634
1 16 1
638
1 4 1
639
1 3 1
641
1 9 1
647
1 26 1
648
1 22 1
649
1 17 1
653
1 16 1
654
1 23 1
656
1 24 1
657
1 17 1
658
1 30 1
659
1 15 1
660
1 19 1
662
1 19 1
674
1 16 1
678
1 27 1
679
1 17 1
682
1 9 1
683
1 19 1
684
1 24 1
685
1 20 1
695
