500 269 775 20
11 39 33 16 37 22 38 28 29 26 37 15 16 31 29 29 22 23 30 21 27 29 40 24 40 24 34 11 28 16 17 39 22 27 18 19 11 12 18 27 39 40 17 18 25 29 20 28 19 28 20 39 24 38 21 28 33 25 33 16 37 29 23 37 11 15 33 39 21 22 16 34 36 22 26 12 17 13 24 20 22 34 31 38 37 14 21 11 30 17 38 21 32 26 40 34 23 11 35 27 33 36 32 24 36 11 12 18 15 38 35 27 38 20 28 16 29 37 36 17 30 36 21 30 34 11 36 33 13 38 35 23 20 12 26 35 15 37 25 27 13 33 33 24 28 20 24 38 32 21 16 19 16 17 28 38 36 33 25 34 21 38 12 11 23 30 16 39 31 26 31 28 39 26 12 35 30 26 27 13 22 27 12 32 16 14 28 12 29 13 33 36 40 11 32 26 22 35 23 36 39 19 32 13 38 31 27 23 38 20 35 35 31 33 11 17 11 16 26 38 22 29 34 12 24 39 11 23 21 13 16 25 38 17 19 20 15 20 33 15 33 34 38 32 37 21 33 26 21 34 23 15 16 20 15 28 34 21 31 28 32 40 20 32 17 15 18 20 31 11 17 14 30 15 18 29 29 12 25 27 16 15 40 18 33 16 11 31 33 17 39 28 21 21 11 23 20 21 16 29 13 21 12 20 17 36 26 14 28 18 27 27 38 17 36 15 14 18 15 28 29 39 28 37 21 15 14 30 16 38 37 40 21 35 12 32 33 35 36 35 17 16 11 11 36 36 21 37 27 18 26 19 22 25 25 14 28 28 19 33 24 37 16 21 36 31 17 29 14 24 26 20 18 39 39 31 37 23 37 11 15 39 24 14 31 31 18 14 37 24 38 27 11 17 37 25 34 13 38 16 40 11 23 18 36 23 23 23 25 31 26 40 30 26 37 38 34 24 29 14 20 28 11 38 19 25 26 28 40 12 35 36 39 32 24 36 13 27 29 39 29 28 30 17 32 19 20 12 23 26 33 16 16 40 32 20 27 33 29 18 39 30 30 19 11 23 40 26 20 30 19 33 23 15 16 15 38 33 24 11 23 17 27 16 40 16 37 17 32 27 40 35 30 18 36 29 40 16 11 30
1 29 23 6 27 12 28 18 19 16 27 5 6 21 19 19 12 13 20 11 17 19 30 14 30 14 24 1 18 6 7 29 12 17 8 9 1 2 8 17 29 30 7 8 15 19 10 18 9 18 10 29 14 28 11 18 23 15 23 6 27 19 13 27 1 5 23 29 11 12 6 24 26 12 16 2 7 3 14 10 12 24 21 28 27 4 11 1 20 7 28 11 22 16 30 24 13 1 25 17 23 26 22 14 26 1 2 8 5 28 25 17 28 10 18 6 19 27 26 7 20 26 11 20 24 1 26 23 3 28 25 13 10 2 16 25 5 27 15 17 3 23 23 14 18 10 14 28 22 11 6 9 6 7 18 28 26 23 15 24 11 28 2 1 13 20 6 29 21 16 21 18 29 16 2 25 20 16 17 3 12 17 2 22 6 4 18 2 19 3 23 26 30 1 22 16 12 25 13 26 29 9 22 3 28 21 17 13 28 10 25 25 21 23 1 7 1 6 16 28 12 19 24 2 14 29 1 13 11 3 6 15 28 7 9 10 5 10 23 5 23 24 28 22 27 11 23 16 11 24 13 5 6 10 5 18 24 11 21 18 22 30 10 22 7 5 8 10 21 1 7 4 20 5 8 19 19 2 15 17 6 5 30 8 23 6 1 21 23 7 29 18 11 11 1 13 10 11 6 19 3 11 2 10 7 26 16 4 18 8 17 17 28 7 26 5 4 8 5 18 19 29 18 27 11 5 4 20 6 28 27 30 11 25 2 22 23 25 26 25 7 6 1 1 26 26 11 27 17 8 16 9 12 15 15 4 18 18 9 23 14 27 6 11 26 21 7 19 4 14 16 10 8 29 29 21 27 13 27 1 5 29 14 4 21 21 8 4 27 14 28 17 1 7 27 15 24 3 28 6 30 1 13 8 26 13 13 13 15 21 16 30 20 16 27 28 24 14 19 4 10 18 1 28 9 15 16 18 30 2 25 26 29 22 14 26 3 17 19 29 19 18 20 7 22 9 10 2 13 16 23 6 6 30 22 10 17 23 19 8 29 20 20 9 1 13 30 16 10 20 9 23 13 5 6 5 28 23 14 1 13 7 17 6 30 6 27 7 22 17 30 25 20 8 26 19 30 6 1 20
0 7 5
350 1 425 257 95
0 2 6
97 271 10 195 240 298
0 19 6
451 395 4 196 118 26
0 13 8
294 134 295 101 436 205 326 23
0 7 6
177 189 324 62 82 390
0 10 3
128 304 307
0 16 3
151 269 30
0 2 5
469 103 263 488 285
0 14 4
444 130 470 364
0 7 1
299
0 3 4
93 181 244 366
0 4 4
94 12 409 211
0 9 4
40 206 41 398
0 14 3
209 117 182
0 16 1
155
0 6 1
476
0 10 4
120 16 394 173
0 9 5
314 147 431 498 471
0 11 3
28 432 50
0 7 3
32 347 70
0 6 3
411 141 293
0 20 3
461 401 54
0 19 3
482 479 22
0 9 2
325 47
0 3 4
116 69 334 217
0 7 6
321 68 27 393 9 91
0 8 2
74 81
0 9 4
24 379 38 435
0 1 4
250 466 59 417
0 18 3
228 55 112
0 2 4
344 53 80 92
0 6 1
276
0 11 8
424 301 138 437 415 102 359 221
0 14 2
355 247
0 4 3
58 238 137
0 2 1
72
0 16 2
76 207
0 10 6
0 407 187 106 229 352
0 4 4
439 371 273 84
0 20 1
323
0 3 4
231 201 149 354
0 16 2
378 464
0 3 7
373 258 433 172 174 384 126
0 20 3
224 418 259
0 18 7
300 214 345 17 410 388 427
0 19 4
261 308 493 148
0 14 3
66 353 37
0 7 6
490 499 107 235 162 184
0 14 4
279 29 268 454
0 15 3
20 213 319
0 10 1
248
0 8 3
312 391 412
0 8 4
52 87 368 426
0 7 4
272 397 109 188
0 7 9
284 44 158 441 328 289 494 497 367
0 10 2
339 383
0 19 1
460
0 8 5
6 220 115 108 245
0 19 5
176 381 85 65 210
0 11 4
278 253 456 241
0 20 3
98 164 445
0 10 3
266 185 343
0 14 4
421 46 492 320
0 10 5
143 255 123 309 8
0 10 6
475 133 423 360 199 315
0 10 3
49 402 318
0 18 1
357
0 18 4
19 139 474 163
0 3 6
280 483 42 202 71 170
0 15 1
64
0 17 1
35
0 3 4
96 457 495 236
0 12 3
14 313 478
0 4 6
216 61 200 145 400 161
0 12 1
351
0 20 3
83 124 316
0 17 5
358 434 405 113 419
0 18 1
292
0 18 7
73 496 340 227 79 21 329
0 15 6
100 404 156 447 385 467
0 20 7
487 489 363 372 125 104 234
0 18 1
212
1 18 1
2
1 28 1
3
1 26 1
5
1 17 1
7
1 25 1
11
1 29 2
13 336
1 22 1
15
1 20 1
18
1 6 2
25 462
1 35 1
31
1 21 1
33
1 29 1
34
1 22 1
36
1 16 1
39
1 5 1
43
1 14 1
45
1 38 1
48
1 13 1
51
1 22 1
56
1 30 1
57
1 32 1
60
1 27 1
63
1 11 1
67
1 29 1
75
1 18 1
77
1 17 1
78
1 7 1
86
1 29 1
88
1 32 1
89
1 20 1
90
1 10 1
99
1 12 1
105
1 20 1
110
1 14 1
111
1 20 1
114
1 16 1
119
1 21 1
121
1 23 1
122
1 18 2
127 260
1 11 1
129
1 22 1
131
1 31 1
132
1 18 1
135
1 27 1
136
1 28 1
140
1 11 1
142
1 27 1
144
1 25 1
146
1 34 1
150
1 19 1
152
1 28 1
153
1 28 1
154
1 26 1
157
1 14 1
159
1 27 1
160
1 19 1
165
1 10 1
166
1 18 1
167
1 25 2
168 481
1 24 1
169
1 33 1
171
1 19 1
175
1 22 1
178
1 25 1
179
1 23 1
180
1 21 1
183
1 16 2
186 203
1 24 1
190
1 23 1
191
1 35 1
192
1 15 1
193
1 23 1
194
1 20 1
197
1 26 1
198
1 22 1
204
1 28 1
208
1 22 1
215
1 30 1
218
1 37 1
219
1 26 1
222
1 23 2
223 254
1 22 1
225
1 27 1
226
1 25 1
230
1 22 1
232
1 33 1
233
1 28 1
237
1 30 1
239
1 24 1
242
1 17 1
243
1 12 1
246
1 23 1
249
1 7 1
251
1 26 1
252
1 29 1
256
1 21 1
262
1 15 1
264
1 21 1
265
1 17 1
267
1 10 1
270
1 32 1
274
1 34 1
275
1 27 1
277
1 36 1
281
1 23 1
282
1 24 1
283
1 15 1
286
1 26 1
287
1 14 1
288
1 10 1
290
1 31 1
291
1 18 1
296
1 21 1
297
1 30 1
302
1 14 1
303
1 14 1
305
1 38 1
306
1 7 1
310
1 27 1
311
1 18 1
317
1 26 1
322
1 17 1
327
1 28 1
330
1 22 1
331
1 20 1
332
1 37 1
333
1 12 1
335
1 27 1
337
1 20 1
338
1 20 1
341
1 22 1
342
1 34 1
346
1 15 1
348
1 12 1
349
1 6 1
356
1 18 1
361
1 28 1
362
1 26 1
365
1 15 1
369
1 34 1
370
1 25 1
374
1 38 1
375
1 12 1
376
1 23 1
377
1 17 1
380
1 13 1
382
1 10 1
386
1 9 1
387
1 39 1
389
1 40 1
392
1 13 1
396
1 8 1
399
1 29 1
403
1 25 1
406
1 26 1
408
1 15 1
413
1 27 1
414
1 30 1
416
1 25 1
420
1 22 1
422
1 12 1
428
1 26 1
429
1 19 1
430
1 13 1
438
1 17 1
440
1 14 1
442
1 17 1
443
1 10 1
446
1 18 1
448
1 9 1
449
1 28 1
450
1 17 1
452
1 17 1
453
1 16 1
455
1 17 1
458
1 23 1
459
1 4 1
463
1 29 1
465
1 12 1
468
1 28 1
472
1 23 1
473
1 16 1
477
1 30 1
480
1 30 1
484
1 23 1
485
1 24 1
486
1 9 1
491
