700 367 1085 20
17 33 20 40 16 30 20 19 17 39 22 11 22 26 34 40 22 22 15 26 17 11 34 23 19 31 23 17 21 39 25 17 14 30 30 27 11 11 24 32 37 35 18 32 13 11 25 24 34 20 23 28 11 30 32 26 16 35 31 33 22 39 33 38 40 24 24 14 24 37 28 14 39 33 14 24 27 27 25 18 36 16 19 26 20 31 12 16 31 39 37 23 31 39 21 11 22 35 36 31 33 27 26 25 30 23 35 22 32 35 11 28 40 20 15 34 30 38 40 30 30 33 38 31 22 36 25 15 34 15 17 11 19 11 21 28 30 32 27 37 11 25 37 28 14 38 29 25 32 38 30 40 12 24 16 25 30 19 31 27 24 12 20 28 28 26 17 38 21 26 20 27 14 15 14 15 34 26 23 39 17 26 35 33 33 39 28 27 14 29 22 35 24 13 14 39 32 37 15 19 31 11 39 36 31 16 11 36 24 11 35 29 16 36 36 14 27 16 30 32 35 34 22 26 31 26 17 28 25 23 28 37 25 24 33 30 30 24 16 32 20 15 18 13 26 20 31 14 13 22 13 33 11 17 12 28 13 35 21 24 34 28 30 21 40 24 25 34 18 31 36 14 33 13 27 22 17 15 38 35 29 18 28 34 12 11 20 15 39 39 25 40 20 19 38 27 16 14 15 27 21 19 15 26 26 28 38 30 12 24 14 14 21 39 38 16 29 20 18 21 38 24 31 35 28 32 31 38 22 22 18 31 30 38 14 22 16 12 40 35 31 22 32 12 11 22 29 34 34 37 32 22 29 32 39 17 15 13 25 21 15 37 36 18 34 12 15 25 22 18 16 23 14 24 26 25 39 13 20 11 31 22 16 24 20 35 29 37 13 25 22 14 23 38 26 30 11 18 11 19 22 30 38 34 19 22 39 14 12 30 40 36 13 32 40 28 21 18 35 40 40 20 21 22 23 34 31 11 16 13 13 22 18 12 22 39 15 20 29 13 30 22 12 22 29 40 28 11 31 34 39 12 11 40 25 29 17 30 27 13 31 18 16 12 38 17 28 15 29 27 27 17 39 37 33 12 36 20 25 31 39 20 19 30 40 30 37 13 39 15 36 40 34 22 14 14 25 38 27 11 38 20 30 12 22 31 27 25 16 28 24 32 32 26 23 34 14 26 34 37 18 24 16 20 13 16 11 17 21 29 26 13 27 13 25 17 18 25 18 14 34 14 11 23 32 20 26 31 23 37 33 15 25 28 20 18 19 17 31 19 26 26 36 35 21 22 35 39 34 28 12 11 25 37 14 23 33 16 16 25 30 15 13 27 17 18 32 12 14 26 23 29 35 26 31 21 20 16 14 30 28 25 23 19 14 14 13 19 17 37 38 15 35 20 22 37 39 40 27 24 12 29 23 28 20 40 34 25 22 27 31 27 27 26 25 33 22 35 33 27 23 30 28 34 24 27 13 39 39 17 18 24 13 17 17 22 33 17 16 15 34 36 11 19 22 39 14 24 33 35 25 27 28 36 16 18 22 20 20 25 34 27 15 27 15 33 35 14 12 36 13 27 15 17 20 40 32 36 12 17
7 23 10 30 6 20 10 9 7 29 12 1 12 16 24 30 12 12 5 16 7 1 24 13 9 21 13 7 11 29 15 7 4 20 20 17 1 1 14 22 27 25 8 22 3 1 15 14 24 10 13 18 1 20 22 16 6 25 21 23 12 29 23 28 30 14 14 4 14 27 18 4 29 23 4 14 17 17 15 8 26 6 9 16 10 21 2 6 21 29 27 13 21 29 11 1 12 25 26 21 23 17 16 15 20 13 25 12 22 25 1 18 30 10 5 24 20 28 30 20 20 23 28 21 12 26 15 5 24 5 7 1 9 1 11 18 20 22 17 27 1 15 27 18 4 28 19 15 22 28 20 30 2 14 6 15 20 9 21 17 14 2 10 18 18 16 7 28 11 16 10 17 4 5 4 5 24 16 13 29 7 16 25 23 23 29 18 17 4 19 12 25 14 3 4 29 22 27 5 9 21 1 29 26 21 6 1 26 14 1 25 19 6 26 26 4 17 6 20 22 25 24 12 16 21 16 7 18 15 13 18 27 15 14 23 20 20 14 6 22 10 5 8 3 16 10 21 4 3 12 3 23 1 7 2 18 3 25 11 14 24 18 20 11 30 14 15 24 8 21 26 4 23 3 17 12 7 5 28 25 19 8 18 24 2 1 10 5 29 29 15 30 10 9 28 17 6 4 5 17 11 9 5 16 16 18 28 20 2 14 4 4 11 29 28 6 19 10 8 11 28 14 21 25 18 22 21 28 12 12 8 21 20 28 4 12 6 2 30 25 21 12 22 2 1 12 19 24 24 27 22 12 19 22 29 7 5 3 15 11 5 27 26 8 24 2 5 15 12 8 6 13 4 14 16 15 29 3 10 1 21 12 6 14 10 25 19 27 3 15 12 4 13 28 16 20 1 8 1 9 12 20 28 24 9 12 29 4 2 20 30 26 3 22 30 18 11 8 25 30 30 10 11 12 13 24 21 1 6 3 3 12 8 2 12 29 5 10 19 3 20 12 2 12 19 30 18 1 21 24 29 2 1 30 15 19 7 20 17 3 21 8 6 2 28 7 18 5 19 17 17 7 29 27 23 2 26 10 15 21 29 10 9 20 30 20 27 3 29 5 26 30 24 12 4 4 15 28 17 1 28 10 20 2 12 21 17 15 6 18 14 22 22 16 13 24 4 16 24 27 8 14 6 10 3 6 1 7 11 19 16 3 17 3 15 7 8 15 8 4 24 4 1 13 22 10 16 21 13 27 23 5 15 18 10 8 9 7 21 9 16 16 26 25 11 12 25 29 24 18 2 1 15 27 4 13 23 6 6 15 20 5 3 17 7 8 22 2 4 16 13 19 25 16 21 11 10 6 4 20 18 15 13 9 4 4 3 9 7 27 28 5 25 10 12 27 29 30 17 14 2 19 13 18 10 30 24 15 12 17 21 17 17 16 15 23 12 25 23 17 13 20 18 24 14 17 3 29 29 7 8 14 3 7 7 12 23 7 6 5 24 26 1 9 12 29 4 14 23 25 15 17 18 26 6 8 12 10 10 15 24 17 5 17 5 23 25 4 2 26 3 17 5 7 10 30 22 26 2 7
0 18 10
74 89 83 285 294 528 216 668 628 146
0 18 9
536 159 350 622 90 225 476 615 204
0 4 2
510 527
0 13 2
31 112
0 7 2
79 409
0 10 8
554 353 599 299 591 66 226 244
0 6 5
58 195 258 250 113
0 19 6
313 681 167 149 290 128
0 9 5
314 449 453 670 497
0 11 3
46 653 553
0 16 5
257 546 558 312 63
0 17 8
227 145 286 589 117 190 691 70
0 5 2
374 99
0 6 6
513 460 446 507 646 43
0 4 6
38 445 119 42 564 310
0 19 4
410 389 173 479
0 13 9
542 12 454 540 441 514 663 632 233
0 10 7
394 211 425 53 541 436 552
0 9 3
85 82 633
0 19 4
281 111 571 547
0 7 4
603 155 422 472
0 19 9
229 375 343 6 583 307 297 176 32
0 10 1
323
0 17 9
373 20 465 354 116 325 147 295 1
0 6 1
218
0 8 6
519 87 693 675 345 341
0 4 5
678 107 629 432 306
0 16 1
423
0 13 6
62 115 357 525 272 13
0 9 1
368
0 1 2
280 533
0 10 9
413 458 175 98 617 378 522 88 170
0 1 2
424 498
0 12 6
590 191 588 220 403 532
0 20 1
65
0 19 3
474 356 520
0 6 6
151 205 288 504 322 327
0 4 3
270 316 207
0 18 7
452 366 639 604 442 217 41
0 9 7
487 447 672 508 559 129 236
0 16 7
51 549 667 333 263 372 616
0 16 2
348 30
0 20 5
109 132 505 496 393
0 6 2
518 468
0 16 4
534 484 576 390
0 7 5
555 183 292 135 450
0 19 2
677 56
0 6 4
595 201 140 122
0 12 2
162 55
0 6 4
459 386 240 78
0 17 8
494 121 118 492 108 67 293 221
0 10 8
517 23 648 516 49 570 126 369
0 4 2
402 278
1 19 2
414 10
0 6 9
36 404 259 503 72 471 462 321 77
0 18 5
644 130 127 337 27
0 4 8
360 495 110 178 59 202 301 304
0 8 2
381 269
0 16 3
485 242 614
0 17 9
501 172 164 361 92 548 347 671 418
0 16 4
640 680 308 696
0 14 6
134 567 385 138 613 274
0 6 2
439 279
0 18 9
563 161 469 289 328 530 222 196 699
0 16 2
411 238
0 6 1
618
0 14 7
611 574 93 359 596 416 578
0 19 4
619 592 349 662
0 4 6
607 48 104 315 438 676
0 11 5
331 247 643 355 600
0 6 3
659 625 694
0 7 7
182 419 157 434 621 94 95
0 2 5
271 335 539 560 506
0 17 6
673 25 106 275 448 489
0 13 5
635 417 50 180 602
0 1 5
512 69 97 397 22
0 20 2
16 264
0 14 1
235
0 7 3
631 291 412
0 1 5
456 674 584 255 40
0 1 3
478 80 150
0 7 8
490 428 137 491 153 340 302 630
0 9 1
219
0 16 7
698 509 406 566 231 81 239
0 10 8
133 28 467 544 166 296 650 203
0 4 8
580 645 550 75 575 206 165 636
0 20 1
637
0 4 1
156
1 10 1
0
1 37 1
2
1 29 1
3
1 37 1
4
1 10 1
5
1 24 1
7
1 30 1
8
1 32 1
9
1 11 1
11
1 20 1
14
1 19 1
15
1 24 1
17
1 10 1
18
1 30 1
19
1 25 1
21
1 28 1
24
1 23 1
26
1 28 2
29 262
1 7 1
33
1 35 1
34
1 20 1
35
1 3 1
37
1 20 1
39
1 32 1
44
1 27 1
45
1 25 1
47
1 17 1
52
1 18 1
54
1 22 1
57
1 19 1
60
1 20 1
61
1 35 1
64
1 18 1
68
1 15 1
71
1 19 1
73
1 28 1
76
1 20 1
84
1 14 1
86
1 18 1
91
1 27 1
96
1 34 1
100
1 23 1
101
1 17 1
102
1 11 1
103
1 2 1
105
1 25 1
114
1 32 1
120
1 10 1
123
1 27 1
124
1 27 1
125
1 34 1
131
1 29 1
136
1 18 1
139
1 24 1
141
1 26 1
142
1 22 1
143
1 31 1
144
1 20 1
148
1 18 1
152
1 33 1
154
1 20 1
158
1 14 1
160
1 40 1
163
1 8 1
168
1 19 1
169
1 18 1
171
1 14 1
174
1 31 1
177
1 27 1
179
1 30 1
181
1 21 2
184 200
1 17 1
185
1 17 1
186
1 24 1
187
1 25 1
188
1 33 2
189 298
1 13 1
192
1 12 1
193
1 21 2
194 483
1 14 1
197
1 32 1
198
1 13 1
199
1 20 1
208
1 25 1
209
1 33 1
210
1 24 1
212
1 19 1
213
1 30 1
214
1 10 1
215
1 15 1
223
1 6 1
224
1 17 1
228
1 16 1
230
1 17 1
232
1 17 1
234
1 34 1
237
1 23 1
241
1 23 1
243
1 18 1
245
1 32 1
246
1 21 1
248
1 24 1
249
1 23 1
251
1 35 1
252
1 25 1
253
1 7 1
254
1 17 1
256
1 20 1
260
1 37 1
261
1 26 1
265
1 22 1
266
1 19 1
267
1 20 1
268
1 15 1
273
1 34 1
276
1 13 1
277
1 32 1
282
1 18 1
283
1 17 1
284
1 21 1
287
1 31 1
300
1 22 1
303
1 11 1
305
1 20 1
309
1 10 2
311 557
1 12 1
317
1 29 1
318
1 33 1
319
1 24 1
320
1 17 1
324
1 24 1
326
1 22 1
329
1 24 1
330
1 34 1
332
1 11 1
334
1 27 2
336 488
1 22 1
338
1 14 1
339
1 20 1
342
1 28 1
344
1 11 1
346
1 26 1
351
1 16 1
352
1 16 1
358
1 16 1
362
1 23 1
363
1 16 1
364
1 21 1
365
1 10 1
367
1 28 1
370
1 16 1
371
1 21 1
376
1 29 1
377
1 16 1
379
1 11 1
380
1 23 1
382
1 26 1
383
1 25 2
384 429
1 12 1
387
1 29 1
388
1 17 1
391
1 12 1
392
1 30 1
395
1 19 1
396
1 33 1
398
1 21 1
399
1 33 1
400
1 18 1
401
1 20 1
405
1 25 1
407
1 18 1
408
1 5 1
415
1 30 1
420
1 19 1
421
1 17 1
426
1 12 1
427
1 34 1
430
1 23 1
431
1 32 1
433
1 26 1
435
1 26 1
437
1 14 1
440
1 23 2
443 461
1 14 1
444
1 38 1
451
1 12 1
455
1 6 1
457
1 21 1
463
1 22 1
464
1 37 1
466
1 23 1
470
1 6 1
473
1 24 1
475
1 31 1
477
1 19 1
480
1 35 1
481
1 33 1
482
1 21 1
486
1 26 1
493
1 38 1
499
1 17 1
500
1 12 1
502
1 37 1
511
1 16 1
515
1 20 1
521
1 10 1
523
1 26 1
524
1 11 1
526
1 32 1
529
1 28 1
531
1 27 1
535
1 35 1
537
1 36 1
538
1 5 1
543
1 13 1
545
1 25 1
551
1 23 1
556
1 19 1
561
1 8 1
562
1 13 1
565
1 26 1
568
1 22 1
569
1 22 1
572
1 36 1
573
1 34 1
577
1 5 1
579
1 10 1
581
1 14 1
582
1 30 1
585
1 17 1
586
1 24 1
587
1 11 1
593
1 5 1
594
1 19 1
597
1 11 1
598
1 32 1
601
1 12 1
605
1 15 1
606
1 26 1
608
1 17 1
609
1 36 1
610
1 16 1
612
1 17 1
620
1 37 1
623
1 18 1
624
1 10 1
626
1 23 1
627
1 21 1
634
1 13 1
638
1 8 1
641
1 14 1
642
1 19 1
647
1 23 1
649
1 26 1
651
1 35 1
652
1 8 1
654
1 13 1
655
1 25 1
656
1 15 1
657
1 24 1
658
1 29 1
660
1 14 1
661
1 25 1
664
1 7 1
665
1 27 1
666
1 25 1
669
1 24 1
679
1 36 1
682
1 11 1
683
1 23 1
684
1 8 1
685
1 23 1
686
1 26 1
687
1 31 1
688
1 20 1
689
1 26 1
690
1 26 1
692
1 12 1
695
1 33 1
697
