500 293 775 20
21 33 24 30 13 23 36 20 19 24 35 30 12 11 40 23 40 29 18 24 16 13 32 11 24 39 31 13 22 39 16 11 22 24 15 26 16 26 18 34 14 27 36 35 29 38 38 15 33 19 29 20 19 29 30 13 19 34 20 23 29 33 36 16 24 23 34 12 39 40 38 31 39 11 13 29 38 20 15 39 18 30 28 33 29 25 12 27 22 28 29 11 15 13 38 33 34 33 34 29 12 25 29 31 34 24 28 12 15 27 18 22 22 29 29 16 26 25 26 18 37 35 38 25 23 26 36 22 27 35 15 24 16 34 17 12 20 24 24 14 32 30 39 12 15 13 13 34 28 13 20 24 13 35 26 38 26 32 36 28 33 39 34 15 17 30 24 14 39 36 30 28 27 29 22 36 13 17 24 38 16 19 36 38 40 27 35 28 27 34 14 22 27 26 32 21 28 39 19 32 19 33 15 30 37 30 36 30 34 29 30 33 29 11 17 15 31 39 30 31 14 38 15 36 20 14 25 19 37 31 18 38 37 11 26 32 33 29 38 22 11 18 11 23 26 35 15 21 11 19 22 39 35 18 25 12 25 14 22 14 11 39 18 20 16 15 13 36 15 34 26 27 21 24 20 25 22 36 25 19 20 29 37 38 36 40 37 11 17 25 40 32 36 37 24 20 38 38 21 20 39 24 21 19 31 21 18 35 23 29 25 12 37 37 16 19 23 23 39 38 36 19 30 28 32 14 13 37 28 35 20 20 21 14 15 24 36 33 25 32 28 22 28 31 20 34 34 31 40 24 25 27 38 35 19 21 24 16 25 15 31 29 15 38 30 26 36 20 27 36 22 19 18 36 13 15 23 22 28 29 38 40 33 15 17 31 40 36 26 13 34 33 36 17 29 37 16 35 32 35 32 20 15 22 14 11 12 33 24 14 36 38 26 11 18 39 23 31 19 39 25 32 24 12 30 28 35 12 27 39 33 27 14 34 28 16 20 24 38 11 28 27 39 32 24 39 20 21 33 34 32 11 21 40 34 24 16 29 26 25 34 22 27 14 36 34 11 21 36 25 40 17 12 23 35 38 34 28 34 25 13 18 40 12 35 38 24 19 40 36 13 23 16 37 36 40 19 18 31 14
11 23 14 20 3 13 26 10 9 14 25 20 2 1 30 13 30 19 8 14 6 3 22 1 14 29 21 3 12 29 6 1 12 14 5 16 6 16 8 24 4 17 26 25 19 28 28 5 23 9 19 10 9 19 20 3 9 24 10 13 19 23 26 6 14 13 24 2 29 30 28 21 29 1 3 19 28 10 5 29 8 20 18 23 19 15 2 17 12 18 19 1 5 3 28 23 24 23 24 19 2 15 19 21 24 14 18 2 5 17 8 12 12 19 19 6 16 15 16 8 27 25 28 15 13 16 26 12 17 25 5 14 6 24 7 2 10 14 14 4 22 20 29 2 5 3 3 24 18 3 10 14 3 25 16 28 16 22 26 18 23 29 24 5 7 20 14 4 29 26 20 18 17 19 12 26 3 7 14 28 6 9 26 28 30 17 25 18 17 24 4 12 17 16 22 11 18 29 9 22 9 23 5 20 27 20 26 20 24 19 20 23 19 1 7 5 21 29 20 21 4 28 5 26 10 4 15 9 27 21 8 28 27 1 16 22 23 19 28 12 1 8 1 13 16 25 5 11 1 9 12 29 25 8 15 2 15 4 12 4 1 29 8 10 6 5 3 26 5 24 16 17 11 14 10 15 12 26 15 9 10 19 27 28 26 30 27 1 7 15 30 22 26 27 14 10 28 28 11 10 29 14 11 9 21 11 8 25 13 19 15 2 27 27 6 9 13 13 29 28 26 9 20 18 22 4 3 27 18 25 10 10 11 4 5 14 26 23 15 22 18 12 18 21 10 24 24 21 30 14 15 17 28 25 9 11 14 6 15 5 21 19 5 28 20 16 26 10 17 26 12 9 8 26 3 5 13 12 18 19 28 30 23 5 7 21 30 26 16 3 24 23 26 7 19 27 6 25 22 25 22 10 5 12 4 1 2 23 14 4 26 28 16 1 8 29 13 21 9 29 15 22 14 2 20 18 25 2 17 29 23 17 4 24 18 6 10 14 28 1 18 17 29 22 14 29 10 11 23 24 22 1 11 30 24 14 6 19 16 15 24 12 17 4 26 24 1 11 26 15 30 7 2 13 25 28 24 18 24 15 3 8 30 2 25 28 14 9 30 26 3 13 6 27 26 30 9 8 21 4
0 13 1
329
0 2 3
254 183 305
0 2 5
420 323 473 431 281
0 2 3
186 174 18
0 14 3
399 243 386
0 19 2
55 348
0 1 3
490 266 493
0 14 3
401 27 387
0 15 1
496
0 12 4
309 244 355 199
0 15 5
246 344 14 483 452
0 2 2
58 409
0 13 5
70 400 74 277 235
0 9 5
37 156 289 216 67
0 18 2
449 39
0 7 4
349 115 197 267
0 5 1
140
0 6 5
311 109 49 181 83
0 12 2
360 299
0 9 4
343 342 482 68
0 4 4
173 392 410 357
0 6 4
459 214 104 62
0 20 2
160 314
0 16 3
356 180 488
0 18 3
404 258 434
0 14 5
426 146 219 318 298
0 8 6
239 284 193 382 205 75
0 12 3
451 208 413
0 16 3
486 497 390
0 5 2
495 397
0 1 5
84 7 89 213 169
0 2 6
221 439 220 405 143 94
0 3 4
388 461 206 362
0 20 6
99 287 25 290 272 471
0 5 4
346 279 367 72
0 12 2
101 172
0 8 3
130 92 245
0 12 4
185 256 154 313
0 5 2
467 265
0 19 1
361
0 4 6
203 432 26 484 176 457
0 14 2
443 384
0 18 8
372 240 275 137 17 270 393 179
0 9 3
445 126 198
0 8 2
73 448
0 18 3
103 2 478
0 18 4
88 168 145 437
0 4 2
456 316
0 5 1
162
0 3 3
133 301 166
0 19 6
184 326 359 150 142 454
0 18 1
371
0 4 5
379 209 232 350 215
0 12 2
322 264
0 12 2
438 53
0 8 5
210 353 167 4 132
0 3 3
300 106 161
0 4 3
477 228 335
0 5 4
42 453 118 411
0 17 2
398 38
0 6 2
403 480
0 14 6
472 391 217 368 369 341
0 6 5
340 189 50 464 476
0 11 5
28 29 408 34 212
0 13 6
211 98 489 192 485 33
0 10 2
415 81
0 20 3
383 463 147
0 4 2
108 51
0 6 5
234 447 20 230 419
0 10 5
274 294 46 257 441
0 2 2
69 56
0 20 2
127 222
0 16 4
200 364 22 253
0 11 5
458 324 427 177 63
0 20 6
227 24 487 16 469 78
0 1 1
80
0 11 4
124 76 247 306
0 18 4
466 283 190 425
0 16 5
5 122 207 237 376
0 11 4
48 373 262 231
0 6 2
292 330
1 28 1
0
1 10 1
1
1 27 1
3
1 29 1
6
1 20 1
8
1 26 1
9
1 6 1
10
1 31 1
11
1 10 1
12
1 5 1
13
1 28 1
15
1 21 1
19
1 8 1
21
1 20 1
23
1 8 1
30
1 8 1
31
1 18 1
32
1 25 1
35
1 24 1
36
1 20 1
40
1 30 1
41
1 16 1
43
1 20 1
44
1 10 1
45
1 28 1
47
1 18 1
52
1 26 1
54
1 12 1
57
1 24 1
59
1 15 1
60
1 9 1
61
1 22 1
64
1 34 1
65
1 34 1
66
1 18 1
71
1 24 1
77
1 19 1
79
1 29 1
82
1 21 1
85
1 22 1
86
1 19 1
87
1 40 1
90
1 22 1
91
1 32 1
93
1 18 1
95
1 15 1
96
1 32 1
97
1 7 1
100
1 14 1
102
1 30 1
105
1 13 1
107
1 19 1
110
1 18 1
111
1 27 1
112
1 28 1
113
1 16 2
114 435
1 19 1
116
1 26 1
117
1 16 1
119
1 17 1
120
1 5 1
121
1 25 1
123
1 31 1
125
1 20 1
128
1 15 1
129
1 32 1
131
1 13 1
134
1 20 1
135
1 23 1
136
1 11 1
138
1 18 1
139
1 20 1
141
1 15 1
144
1 33 1
148
1 31 1
149
1 29 1
151
1 29 1
152
1 14 1
153
1 34 1
155
1 13 1
157
1 29 1
158
1 30 1
159
1 13 1
163
1 35 1
164
1 22 1
165
1 4 1
170
1 13 1
171
1 28 3
175 338 430
1 30 1
178
1 24 1
182
1 39 1
187
1 32 1
188
1 36 1
191
1 7 1
194
1 17 1
195
1 5 1
196
1 7 1
201
1 16 1
202
1 21 2
204 312
1 25 1
218
1 15 2
223 325
1 37 1
224
1 8 1
225
1 23 1
226
1 33 1
229
1 40 1
233
1 13 1
236
1 19 1
238
1 14 1
241
1 24 1
242
1 35 1
248
1 23 1
249
1 17 1
250
1 8 1
251
1 10 1
252
1 8 1
255
1 15 2
259 429
1 36 1
260
1 8 1
261
1 8 1
263
1 15 1
268
1 26 1
269
1 19 1
271
1 27 1
273
1 10 1
276
1 6 1
278
1 15 1
280
1 29 1
282
1 17 1
285
1 23 1
286
1 29 1
288
1 11 1
291
1 20 1
293
1 17 1
295
1 30 1
296
1 36 1
297
1 23 1
302
1 11 1
303
1 12 1
304
1 38 1
307
1 23 1
308
1 19 1
310
1 7 1
315
1 35 1
317
1 14 1
319
1 33 1
320
1 38 1
321
1 9 1
327
1 11 1
328
1 20 1
331
1 35 1
332
1 23 1
333
1 6 1
334
1 9 1
336
1 12 1
337
1 26 1
339
1 24 1
345
1 34 1
347
1 20 1
351
1 17 1
352
1 33 1
354
1 25 1
358
1 25 1
363
1 21 1
365
1 20 1
366
1 19 1
370
1 15 1
374
1 19 1
375
1 28 1
377
1 5 1
378
1 19 1
380
1 17 1
381
1 21 1
385
1 17 1
389
1 15 1
394
1 38 1
395
1 36 1
396
1 26 1
402
1 21 1
406
1 8 1
407
1 33 1
412
1 9 1
414
1 17 1
416
1 30 1
417
1 20 1
418
1 21 1
421
1 12 1
422
1 25 1
423
1 16 1
424
1 32 1
428
1 10 1
433
1 23 1
436
1 32 1
440
1 27 1
442
1 35 1
444
1 19 1
446
1 6 1
450
1 28 1
455
1 36 1
460
1 28 1
462
1 36 1
465
1 24 1
468
1 12 1
470
1 25 1
474
1 16 1
475
1 18 1
479
1 28 1
481
1 16 1
491
1 23 1
492
1 20 1
494
1 24 1
498
1 22 1
499
