1000 457 1550 18
18 27 22 31 15 12 27 31 31 37 18 33 40 17 22 21 29 12 24 24 23 40 21 13 11 18 39 20 30 28 23 19 15 27 33 30 21 17 19 31 15 28 28 21 34 32 28 36 21 28 13 31 30 39 11 20 32 22 23 32 13 15 39 29 12 14 20 22 12 21 30 15 16 19 31 30 32 24 13 37 40 30 14 22 23 39 18 22 18 36 25 28 32 11 28 31 40 27 40 32 20 37 31 23 18 28 36 19 26 39 20 19 21 34 16 26 17 40 38 14 18 27 21 30 26 14 21 30 16 24 33 40 25 32 16 34 34 36 20 30 20 40 38 37 36 21 28 35 40 17 38 18 33 11 12 16 29 11 34 15 35 38 31 36 16 29 26 38 36 31 36 29 16 37 16 39 33 24 19 34 21 18 21 14 33 22 36 25 18 39 38 16 38 12 34 31 19 23 23 28 40 27 36 38 24 23 37 16 19 17 23 26 40 29 14 22 30 28 39 32 33 25 17 37 12 36 21 13 25 15 12 25 35 36 13 21 25 29 20 32 29 40 12 32 12 26 18 31 11 16 40 25 32 25 11 23 24 17 27 12 31 24 27 32 33 40 21 39 40 33 24 39 24 15 34 24 25 26 24 31 31 20 18 23 40 29 36 37 37 23 33 29 32 24 39 24 39 26 34 33 12 12 37 29 22 14 33 32 40 30 25 31 40 13 29 29 18 21 19 19 24 38 33 21 23 39 40 38 17 13 40 27 24 29 24 21 35 30 17 23 34 19 26 32 26 38 40 11 39 11 35 17 21 27 35 38 35 30 35 20 39 18 22 11 18 20 17 27 39 38 39 33 38 36 18 40 38 31 31 14 15 14 25 23 20 37 21 34 11 14 28 29 16 27 37 33 20 33 12 16 20 26 30 16 33 33 29 36 20 19 31 33 33 34 36 28 14 21 35 16 27 36 23 25 40 24 27 12 38 14 38 14 37 31 24 32 17 19 25 19 34 13 31 26 30 29 31 13 28 21 16 14 23 21 35 14 32 31 31 24 14 27 11 38 11 26 25 37 16 27 37 35 20 35 12 14 39 28 19 11 23 39 30 37 25 31 16 21 40 38 39 17 27 15 18 31 12 14 21 16 32 31 23 16 36 31 28 29 38 28 11 34 31 25 40 20 18 13 19 30 22 25 23 15 16 13 23 25 14 21 29 37 20 18 23 26 37 28 22 29 27 16 36 17 15 25 29 39 17 17 12 24 29 16 23 25 21 31 33 11 32 21 17 16 19 12 15 32 37 30 24 21 12 27 26 12 12 35 34 34 14 39 19 33 12 21 27 26 40 27 26 39 15 22 27 12 19 40 11 11 29 34 21 25 36 22 38 16 31 13 21 36 19 24 23 20 24 18 37 27 21 35 30 39 35 21 20 20 36 12 26 39 27 21 27 24 37 18 24 36 23 17 40 35 25 37 39 31 12 18 34 25 15 30 38 39 33 12 19 15 23 34 28 11 19 34 23 21 12 30 22 23 17 36 31 18 24 24 40 11 28 36 37 33 20 16 40 18 28 39 19 24 15 17 35 34 37 18 31 12 15 26 31 35 28 26 28 15 14 35 17 25 20 30 29 26 13 18 16 36 14 31 36 14 15 36 15 15 24 26 14 20 37 28 28 19 15 34 37 32 18 38 25 34 38 24 32 24 40 39 34 28 22 22 16 14 21 11 34 16 21 16 24 26 26 14 13 27 12 11 35 22 11 18 17 34 25 37 34 27 24 35 14 18 38 22 39 29 25 37 17 35 21 32 19 27 40 27 25 25 22 20 28 38 31 15 14 13 30 34 21 38 14 32 17 27 15 22 24 21 23 39 21 11 38 37 31 15 22 13 16 39 27 31 37 16 37 38 16 12 31 33 29 34 11 16 13 33 37 33 39 36 19 11 16 23 16 23 22 38 15 22 34 22 37 27 21 26 32 12 27 36 39 37 17 36 21 32 18 29 40 33 40 35 13 35 27 13 16 27 34 14 18 37 36 40 25 17 13 23 22 39 23 24 16 34 12 25 17 25 18 37 34 38 17 18 21 33 35 28 20 21 34 32 30 40 25 11 33 37 17 21 15 12 33 36 37 16 26 13 32 29 13 29 31 40 31 39 22 30 36 19 33 22 30 17 21 24 37 17 24 14 39 25 14 36 22 20 36 25 23 38 32 27 16 27 27 16 38 13 11 18 14 24 40 15 21 40 22 38 40 19 19 31 32 31 33 18 14 37
8 17 12 21 5 2 17 21 21 27 8 23 30 7 12 11 19 2 14 14 13 30 11 3 1 8 29 10 20 18 13 9 5 17 23 20 11 7 9 21 5 18 18 11 24 22 18 26 11 18 3 21 20 29 1 10 22 12 13 22 3 5 29 19 2 4 10 12 2 11 20 5 6 9 21 20 22 14 3 27 30 20 4 12 13 29 8 12 8 26 15 18 22 1 18 21 30 17 30 22 10 27 21 13 8 18 26 9 16 29 10 9 11 24 6 16 7 30 28 4 8 17 11 20 16 4 11 20 6 14 23 30 15 22 6 24 24 26 10 20 10 30 28 27 26 11 18 25 30 7 28 8 23 1 2 6 19 1 24 5 25 28 21 26 6 19 16 28 26 21 26 19 6 27 6 29 23 14 9 24 11 8 11 4 23 12 26 15 8 29 28 6 28 2 24 21 9 13 13 18 30 17 26 28 14 13 27 6 9 7 13 16 30 19 4 12 20 18 29 22 23 15 7 27 2 26 11 3 15 5 2 15 25 26 3 11 15 19 10 22 19 30 2 22 2 16 8 21 1 6 30 15 22 15 1 13 14 7 17 2 21 14 17 22 23 30 11 29 30 23 14 29 14 5 24 14 15 16 14 21 21 10 8 13 30 19 26 27 27 13 23 19 22 14 29 14 29 16 24 23 2 2 27 19 12 4 23 22 30 20 15 21 30 3 19 19 8 11 9 9 14 28 23 11 13 29 30 28 7 3 30 17 14 19 14 11 25 20 7 13 24 9 16 22 16 28 30 1 29 1 25 7 11 17 25 28 25 20 25 10 29 8 12 1 8 10 7 17 29 28 29 23 28 26 8 30 28 21 21 4 5 4 15 13 10 27 11 24 1 4 18 19 6 17 27 23 10 23 2 6 10 16 20 6 23 23 19 26 10 9 21 23 23 24 26 18 4 11 25 6 17 26 13 15 30 14 17 2 28 4 28 4 27 21 14 22 7 9 15 9 24 3 21 16 20 19 21 3 18 11 6 4 13 11 25 4 22 21 21 14 4 17 1 28 1 16 15 27 6 17 27 25 10 25 2 4 29 18 9 1 13 29 20 27 15 21 6 11 30 28 29 7 17 5 8 21 2 4 11 6 22 21 13 6 26 21 18 19 28 18 1 24 21 15 30 10 8 3 9 20 12 15 13 5 6 3 13 15 4 11 19 27 10 8 13 16 27 18 12 19 17 6 26 7 5 15 19 29 7 7 2 14 19 6 13 15 11 21 23 1 22 11 7 6 9 2 5 22 27 20 14 11 2 17 16 2 2 25 24 24 4 29 9 23 2 11 17 16 30 17 16 29 5 12 17 2 9 30 1 1 19 24 11 15 26 12 28 6 21 3 11 26 9 14 13 10 14 8 27 17 11 25 20 29 25 11 10 10 26 2 16 29 17 11 17 14 27 8 14 26 13 7 30 25 15 27 29 21 2 8 24 15 5 20 28 29 23 2 9 5 13 24 18 1 9 24 13 11 2 20 12 13 7 26 21 8 14 14 30 1 18 26 27 23 10 6 30 8 18 29 9 14 5 7 25 24 27 8 21 2 5 16 21 25 18 16 18 5 4 25 7 15 10 20 19 16 3 8 6 26 4 21 26 4 5 26 5 5 14 16 4 10 27 18 18 9 5 24 27 22 8 28 15 24 28 14 22 14 30 29 24 18 12 12 6 4 11 1 24 6 11 6 14 16 16 4 3 17 2 1 25 12 1 8 7 24 15 27 24 17 14 25 4 8 28 12 29 19 15 27 7 25 11 22 9 17 30 17 15 15 12 10 18 28 21 5 4 3 20 24 11 28 4 22 7 17 5 12 14 11 13 29 11 1 28 27 21 5 12 3 6 29 17 21 27 6 27 28 6 2 21 23 19 24 1 6 3 23 27 23 29 26 9 1 6 13 6 13 12 28 5 12 24 12 27 17 11 16 22 2 17 26 29 27 7 26 11 22 8 19 30 23 30 25 3 25 17 3 6 17 24 4 8 27 26 30 15 7 3 13 12 29 13 14 6 24 2 15 7 15 8 27 24 28 7 8 11 23 25 18 10 11 24 22 20 30 15 1 23 27 7 11 5 2 23 26 27 6 16 3 22 19 3 19 21 30 21 29 12 20 26 9 23 12 20 7 11 14 27 7 14 4 29 15 4 26 12 10 26 15 13 28 22 17 6 17 17 6 28 3 1 8 4 14 30 5 11 30 12 28 30 9 9 21 22 21 23 8 4 27
0 10 9
231 673 103 4 24 378 611 824 44
0 14 4
685 338 972 371
0 14 11
99 246 360 628 29 897 45 426 113 500 585
0 12 6
340 808 945 475 258 507
0 18 8
69 796 903 723 81 195 130 380
0 11 7
414 481 379 940 720 20 499
0 12 7
214 582 813 40 536 223 834
0 5 5
219 607 573 155 65
0 7 11
319 660 168 397 389 951 436 630 751 312 117
0 16 10
898 71 911 598 444 792 571 867 110 640
0 6 10
77 384 316 950 234 784 296 988 526 97
0 3 8
401 487 999 456 400 276 140 953
0 3 14
133 104 254 954 229 423 131 946 334 859 862 459 906 375
0 4 3
11 138 123
0 3 7
305 655 696 969 363 646 260
0 9 5
844 150 825 760 852
0 3 11
516 979 876 707 625 887 1 410 233 657 763
0 13 10
390 137 976 614 539 132 538 612 43 740
0 14 5
25 290 875 980 934
0 3 4
868 916 392 339
0 9 8
425 149 981 470 253 285 600 383
0 6 4
49 439 809 328
0 2 13
183 36 869 619 776 801 719 773 992 374 523 872 929
0 10 6
545 993 512 237 52 752
0 11 5
586 514 468 679 86
0 15 8
814 982 125 648 700 728 8 361
0 1 5
958 563 755 575 800
0 11 2
947 944
0 12 8
307 959 100 926 60 452 108 936
0 12 7
983 96 705 857 107 249 682
0 19 4
683 273 578 472
0 10 10
933 562 381 441 743 18 497 73 221 525
0 6 3
791 744 185
0 11 7
711 278 205 10 541 483 560
0 18 10
952 211 263 649 476 841 542 581 622 557
0 4 3
956 686 587
0 14 4
963 565 235 317
0 16 10
948 877 225 712 691 247 158 478 931 750
0 9 6
199 209 849 148 566 816
0 18 3
892 676 376
0 1 2
914 535
0 12 5
332 388 616 47 882
0 18 6
977 141 718 831 671 637
0 20 14
518 669 501 840 701 766 162 30 845 297 664 267 658 460
0 15 5
94 829 889 804 901
0 20 1
900
0 18 14
491 826 35 621 572 422 997 703 634 803 318 543 336 55
0 15 10
179 896 495 710 729 584 311 283 449 715
0 1 8
941 780 15 54 626 643 579 386
0 5 1
165
0 12 4
147 329 759 196
0 1 10
984 178 192 498 654 577 284 663 119 488
0 14 14
432 769 932 494 39 98 268 306 884 817 222 7 928 924
0 6 9
320 559 446 193 182 215 67 174 668
0 8 11
848 986 790 27 42 92 521 314 286 111 734
0 2 12
38 118 878 519 440 974 599 670 721 368 510 145
0 2 7
689 170 197 532 966 989 330
0 20 6
863 408 190 672 403 973
0 14 10
870 121 810 534 93 509 417 261 665 490
0 10 6
590 17 996 547 169 605
0 14 9
580 102 556 484 114 187 855 293 527
0 5 4
930 241 26 802
0 17 8
503 606 633 913 949 217 624 120
0 13 6
46 617 917 203 202 142
0 2 8
666 567 144 832 294 570 251 651
0 3 2
905 32
0 14 2
708 830
0 2 9
466 416 91 146 631 424 770 201 451
0 6 4
413 153 807 549
0 1 14
629 206 638 467 753 128 462 704 662 72 33 76 407 291
0 20 13
437 793 508 352 292 445 765 866 264 216 594 702 775
0 5 13
242 299 105 774 960 471 902 531 961 453 181 597 828
0 11 11
393 244 493 335 68 210 865 787 492 112 987
0 10 4
90 546 838 342
0 13 4
823 84 554 303
0 14 3
259 636 709
0 6 1
818
0 14 13
891 154 821 627 564 661 957 714 667 907 212 347 83
0 14 9
447 568 458 269 592 399 656 909 304
0 20 5
938 341 50 127 134
0 10 5
871 822 333 873 394
0 5 5
236 995 300 289 528
0 7 8
265 515 888 533 396 761 365 64
0 16 5
555 220 23 923 280
1 25 1
0
1 25 1
2
1 26 1
3
1 16 1
5
1 26 1
6
1 24 1
9
1 19 1
12
1 21 1
13
1 21 1
14
1 34 2
16 351
1 27 1
19
1 34 1
21
1 28 1
22
1 14 1
28
1 17 2
31 731
1 24 1
34
1 33 1
37
1 14 1
41
1 20 1
48
1 26 1
51
1 12 1
53
1 23 2
56 553
1 34 2
57 126
1 14 1
58
1 4 1
59
1 26 1
61
1 28 1
62
1 33 1
63
1 30 1
66
1 17 1
70
1 31 1
74
1 22 1
75
1 6 2
78 678
1 30 1
79
1 24 1
80
1 30 1
82
1 4 1
85
1 28 1
87
1 25 1
88
1 7 1
89
1 20 1
95
1 17 1
101
1 28 1
106
1 32 1
109
1 28 1
115
1 20 1
116
1 15 1
122
1 30 1
124
1 11 2
129 858
1 19 1
135
1 17 1
136
1 34 1
139
1 27 1
143
1 24 1
151
1 14 1
152
1 21 1
156
1 14 1
157
1 34 1
159
1 22 2
160 359
1 32 1
161
1 16 1
163
1 32 1
164
1 12 2
166 788
1 20 1
167
1 34 1
171
1 7 1
172
1 21 1
173
1 13 1
175
1 25 1
176
1 22 1
177
1 13 1
180
1 19 1
184
1 9 1
186
1 16 1
188
1 12 1
189
1 16 1
191
1 13 1
194
1 8 1
198
1 26 1
200
1 15 1
204
1 34 1
207
1 16 1
208
1 34 1
213
1 20 1
218
1 27 1
224
1 21 1
226
1 31 1
227
1 25 1
228
1 31 1
230
1 34 1
232
1 8 1
238
1 19 1
239
1 27 1
240
1 4 1
243
1 24 1
245
1 38 1
248
1 23 1
250
1 15 1
252
1 9 1
255
1 21 1
256
1 21 1
257
1 12 1
262
1 22 1
266
1 9 1
270
1 28 1
271
1 29 1
272
1 25 1
274
1 18 1
275
1 21 1
277
1 15 1
279
1 25 1
281
1 16 1
282
1 17 1
287
1 25 1
288
1 32 1
295
1 23 1
298
1 15 1
301
1 15 1
302
1 22 1
308
1 20 1
309
1 20 1
310
1 13 1
313
1 19 1
315
1 26 1
321
1 31 1
322
1 28 1
323
1 26 1
324
1 7 1
325
1 11 2
326 749
1 24 1
327
1 4 1
331
1 22 1
337
1 6 1
343
1 27 1
344
1 29 1
345
1 22 1
346
1 17 1
348
1 7 1
349
1 27 1
350
1 13 2
353 754
1 29 1
354
1 21 1
355
1 13 2
356 420
1 23 1
357
1 16 1
358
1 22 1
362
1 19 2
364 725
1 23 1
366
1 26 1
367
1 32 1
369
1 33 1
370
1 22 1
372
1 10 1
373
1 14 1
377
1 8 1
382
1 16 1
385
1 34 1
387
1 28 1
391
1 24 1
395
1 20 1
398
1 6 1
402
1 15 1
404
1 8 1
405
1 29 1
406
1 9 1
409
1 13 1
411
1 30 1
412
1 5 1
415
1 19 1
418
1 33 1
419
1 23 1
421
1 13 1
427
1 7 1
428
1 24 2
429 971
1 11 1
430
1 28 1
431
1 25 1
433
1 27 1
434
1 21 1
435
1 17 1
438
1 26 1
442
1 19 1
443
1 38 1
448
1 22 1
450
1 26 1
454
1 18 1
455
1 15 1
457
1 16 1
461
1 14 1
463
1 32 1
464
1 34 1
465
1 21 1
469
1 12 1
473
1 22 2
474 970
1 3 1
477
1 21 1
479
1 16 1
480
1 6 1
482
1 12 1
485
1 22 2
486 851
1 6 1
489
1 14 1
496
1 21 1
502
1 12 2
504 778
1 18 2
505 674
1 18 1
506
1 19 1
511
1 26 1
513
1 18 1
517
1 24 1
520
1 11 1
522
1 9 1
524
1 18 1
529
1 34 1
530
1 9 1
537
1 18 2
540 739
1 11 1
544
1 15 1
548
1 17 1
550
1 12 2
551 837
1 19 1
552
1 30 1
558
1 12 1
561
1 20 1
569
1 18 1
574
1 31 1
576
1 3 1
583
1 21 1
588
1 4 1
589
1 20 1
591
1 28 1
593
1 23 1
595
1 7 1
596
1 30 1
601
1 29 1
602
1 17 1
603
1 14 1
604
1 21 1
608
1 34 1
609
1 38 1
610
1 30 1
613
1 13 1
615
1 21 1
618
1 19 1
620
1 6 1
623
1 19 1
632
1 15 1
635
1 14 1
639
1 36 1
641
1 29 2
642 781
1 12 1
644
1 25 2
645 726
1 11 1
647
1 17 2
650 783
1 21 1
652
1 34 1
653
1 19 1
659
1 33 1
675
1 14 1
677
1 9 1
680
1 32 1
681
1 25 1
684
1 18 2
687 835
1 16 1
688
1 24 1
690
1 13 1
692
1 7 1
693
1 15 1
694
1 18 1
695
1 24 1
697
1 23 1
698
1 12 1
699
1 23 1
706
1 15 1
713
1 28 1
716
1 15 1
717
1 21 1
722
1 20 1
724
1 5 1
727
1 28 1
730
1 15 1
732
1 28 1
733
1 26 1
735
1 20 1
736
1 14 1
737
1 22 1
738
1 21 1
741
1 25 1
742
1 24 1
745
1 27 1
746
1 21 1
747
1 18 1
748
1 13 1
756
1 34 1
757
1 21 1
758
1 17 1
762
1 13 1
764
1 15 1
767
1 10 1
768
1 20 1
771
1 13 2
772 795
1 15 1
777
1 22 1
779
1 15 1
782
1 15 1
785
1 26 1
786
1 11 1
789
1 28 1
794
1 2 1
797
1 30 1
798
1 33 2
799 833
1 29 1
805
1 33 1
806
1 12 1
811
1 30 1
812
1 14 1
815
1 17 1
819
1 30 1
820
1 27 1
827
1 23 1
836
1 23 1
839
1 36 1
842
1 4 1
843
1 13 1
846
1 40 1
847
1 34 1
850
1 26 1
853
1 2 1
854
1 31 2
856 895
1 32 1
860
1 25 1
861
1 13 1
864
1 16 1
874
1 24 1
879
1 30 1
880
1 17 1
881
1 24 1
883
1 31 1
885
1 30 1
886
1 6 1
890
1 27 1
893
1 28 1
894
1 18 1
899
1 10 1
904
1 10 1
908
1 22 1
910
1 28 1
912
1 29 1
915
1 19 1
918
1 25 1
919
1 32 1
920
1 16 1
921
1 18 1
922
1 25 1
925
1 7 1
927
1 22 1
935
1 16 1
937
1 6 1
939
1 17 1
942
1 30 1
943
1 23 1
955
1 26 1
962
1 31 1
964
1 18 1
965
1 7 1
967
1 23 1
968
1 26 1
975
1 15 1
978
1 17 1
985
1 24 1
990
1 29 1
991
1 22 1
994
1 24 1
998
