1000 478 1550 18
24 33 28 40 19 13 34 15 16 36 36 27 18 35 34 28 11 28 17 21 39 11 35 11 26 38 40 35 24 29 30 27 11 38 25 11 12 11 37 17 25 25 17 23 21 23 23 15 28 39 11 31 14 21 33 16 29 19 29 24 17 24 34 39 26 12 30 39 26 35 18 17 13 31 23 17 27 40 13 24 22 25 29 29 14 30 23 23 14 16 36 18 39 38 29 22 25 15 40 37 33 30 29 22 20 40 25 20 30 32 17 33 27 27 33 38 18 16 39 15 39 30 25 18 14 23 33 33 21 39 19 13 40 40 35 38 32 12 36 15 14 14 36 23 11 31 25 38 17 34 26 31 22 40 23 26 27 33 27 12 12 11 27 38 30 32 33 29 30 31 30 21 26 16 19 30 18 18 22 26 20 38 40 34 28 35 16 12 36 23 25 25 38 31 19 17 33 35 22 11 24 29 29 23 35 33 18 38 38 36 30 19 20 17 40 16 21 14 26 39 15 14 13 23 31 21 25 37 20 18 16 15 23 13 38 37 24 37 16 40 37 19 20 11 34 33 20 29 36 15 26 18 21 40 25 13 24 22 33 39 18 19 16 11 18 11 20 13 35 23 28 39 24 14 19 12 22 31 28 12 11 37 30 36 11 32 28 14 16 20 23 34 28 13 12 28 22 26 33 22 25 24 24 39 20 22 13 35 15 40 28 34 28 34 18 39 15 37 40 19 16 32 33 34 15 14 14 29 28 17 18 16 37 31 30 20 31 33 39 35 26 15 36 40 19 15 12 37 19 11 23 31 19 11 27 24 23 32 18 37 12 24 15 39 30 29 11 34 22 22 26 29 29 20 21 38 29 30 39 20 39 40 28 24 33 37 16 24 29 33 23 24 11 12 24 31 13 36 20 30 13 39 25 30 33 26 32 22 16 15 26 36 38 31 40 37 23 14 17 38 25 32 18 14 29 22 32 34 38 40 36 37 12 37 24 38 24 38 27 17 39 31 20 32 17 11 35 16 29 28 30 20 34 21 12 25 16 32 18 20 27 26 23 36 11 31 24 26 12 36 14 35 22 26 16 40 18 29 12 34 12 14 28 20 14 34 30 15 18 33 19 31 36 17 15 23 22 15 24 23 36 26 19 34 11 28 40 12 19 34 17 20 40 15 19 33 19 33 30 19 38 33 36 23 12 34 31 36 25 22 29 38 39 30 38 35 26 11 12 17 12 14 39 30 38 20 34 33 40 18 33 16 19 39 31 29 32 39 11 34 11 20 13 18 27 22 36 28 28 28 15 37 20 32 32 16 15 33 22 14 25 16 23 25 27 31 24 30 25 17 11 23 32 32 22 12 35 36 20 17 12 18 14 30 36 24 33 27 36 18 19 40 30 37 22 15 31 17 30 32 27 16 17 35 12 33 38 29 36 19 19 37 14 32 30 39 28 23 16 37 38 29 14 16 40 13 18 37 14 29 31 22 24 31 20 20 13 36 35 17 28 22 18 38 23 14 39 40 14 37 35 15 26 22 23 32 27 30 14 11 33 14 13 40 40 24 22 12 13 18 40 12 37 36 39 17 27 16 18 33 40 17 33 25 11 27 30 16 34 26 11 29 11 21 23 19 14 38 34 37 12 33 31 33 40 38 36 32 37 20 22 20 15 37 39 30 11 35 28 13 36 16 35 16 36 22 22 14 28 21 17 35 23 23 31 13 23 25 34 11 24 34 30 40 39 11 19 29 12 35 33 27 27 31 12 39 35 31 27 18 30 12 17 16 12 13 21 36 38 31 12 31 23 20 16 24 27 11 33 27 27 17 39 11 32 34 35 29 37 19 28 17 21 17 18 39 33 26 23 36 17 19 12 26 17 28 36 14 23 27 27 35 11 22 34 37 23 15 25 36 29 19 20 36 16 12 29 33 18 15 17 27 19 39 23 37 21 28 29 37 39 33 29 31 33 25 15 27 30 14 19 28 31 38 32 21 34 30 33 34 32 22 22 31 18 13 15 23 25 22 32 11 38 15 40 16 16 20 31 24 11 26 13 33 29 12 27 21 13 20 18 18 36 30 34 25 21 29 28 31 27 28 37 12 19 26 39 22 12 33 31 34 16 18 38 33 27 17 30 22 24 22 29 14 12 40 37 32 27 14 16 31 13 38 40 35 21 14 23 30 34 36 13 37 11 38 14 16 35 21 33 29 26 13 39 30 39 29 18 36 13 12 34 20 19 27 26 14 22 14 39 38 36 34 33 35 31 26 19 25
14 23 18 30 9 3 24 5 6 26 26 17 8 25 24 18 1 18 7 11 29 1 25 1 16 28 30 25 14 19 20 17 1 28 15 1 2 1 27 7 15 15 7 13 11 13 13 5 18 29 1 21 4 11 23 6 19 9 19 14 7 14 24 29 16 2 20 29 16 25 8 7 3 21 13 7 17 30 3 14 12 15 19 19 4 20 13 13 4 6 26 8 29 28 19 12 15 5 30 27 23 20 19 12 10 30 15 10 20 22 7 23 17 17 23 28 8 6 29 5 29 20 15 8 4 13 23 23 11 29 9 3 30 30 25 28 22 2 26 5 4 4 26 13 1 21 15 28 7 24 16 21 12 30 13 16 17 23 17 2 2 1 17 28 20 22 23 19 20 21 20 11 16 6 9 20 8 8 12 16 10 28 30 24 18 25 6 2 26 13 15 15 28 21 9 7 23 25 12 1 14 19 19 13 25 23 8 28 28 26 20 9 10 7 30 6 11 4 16 29 5 4 3 13 21 11 15 27 10 8 6 5 13 3 28 27 14 27 6 30 27 9 10 1 24 23 10 19 26 5 16 8 11 30 15 3 14 12 23 29 8 9 6 1 8 1 10 3 25 13 18 29 14 4 9 2 12 21 18 2 1 27 20 26 1 22 18 4 6 10 13 24 18 3 2 18 12 16 23 12 15 14 14 29 10 12 3 25 5 30 18 24 18 24 8 29 5 27 30 9 6 22 23 24 5 4 4 19 18 7 8 6 27 21 20 10 21 23 29 25 16 5 26 30 9 5 2 27 9 1 13 21 9 1 17 14 13 22 8 27 2 14 5 29 20 19 1 24 12 12 16 19 19 10 11 28 19 20 29 10 29 30 18 14 23 27 6 14 19 23 13 14 1 2 14 21 3 26 10 20 3 29 15 20 23 16 22 12 6 5 16 26 28 21 30 27 13 4 7 28 15 22 8 4 19 12 22 24 28 30 26 27 2 27 14 28 14 28 17 7 29 21 10 22 7 1 25 6 19 18 20 10 24 11 2 15 6 22 8 10 17 16 13 26 1 21 14 16 2 26 4 25 12 16 6 30 8 19 2 24 2 4 18 10 4 24 20 5 8 23 9 21 26 7 5 13 12 5 14 13 26 16 9 24 1 18 30 2 9 24 7 10 30 5 9 23 9 23 20 9 28 23 26 13 2 24 21 26 15 12 19 28 29 20 28 25 16 1 2 7 2 4 29 20 28 10 24 23 30 8 23 6 9 29 21 19 22 29 1 24 1 10 3 8 17 12 26 18 18 18 5 27 10 22 22 6 5 23 12 4 15 6 13 15 17 21 14 20 15 7 1 13 22 22 12 2 25 26 10 7 2 8 4 20 26 14 23 17 26 8 9 30 20 27 12 5 21 7 20 22 17 6 7 25 2 23 28 19 26 9 9 27 4 22 20 29 18 13 6 27 28 19 4 6 30 3 8 27 4 19 21 12 14 21 10 10 3 26 25 7 18 12 8 28 13 4 29 30 4 27 25 5 16 12 13 22 17 20 4 1 23 4 3 30 30 14 12 2 3 8 30 2 27 26 29 7 17 6 8 23 30 7 23 15 1 17 20 6 24 16 1 19 1 11 13 9 4 28 24 27 2 23 21 23 30 28 26 22 27 10 12 10 5 27 29 20 1 25 18 3 26 6 25 6 26 12 12 4 18 11 7 25 13 13 21 3 13 15 24 1 14 24 20 30 29 1 9 19 2 25 23 17 17 21 2 29 25 21 17 8 20 2 7 6 2 3 11 26 28 21 2 21 13 10 6 14 17 1 23 17 17 7 29 1 22 24 25 19 27 9 18 7 11 7 8 29 23 16 13 26 7 9 2 16 7 18 26 4 13 17 17 25 1 12 24 27 13 5 15 26 19 9 10 26 6 2 19 23 8 5 7 17 9 29 13 27 11 18 19 27 29 23 19 21 23 15 5 17 20 4 9 18 21 28 22 11 24 20 23 24 22 12 12 21 8 3 5 13 15 12 22 1 28 5 30 6 6 10 21 14 1 16 3 23 19 2 17 11 3 10 8 8 26 20 24 15 11 19 18 21 17 18 27 2 9 16 29 12 2 23 21 24 6 8 28 23 17 7 20 12 14 12 19 4 2 30 27 22 17 4 6 21 3 28 30 25 11 4 13 20 24 26 3 27 1 28 4 6 25 11 23 19 16 3 29 20 29 19 8 26 3 2 24 10 9 17 16 4 12 4 29 28 26 24 23 25 21 16 9 15
0 7 2
679 634
0 19 7
896 643 668 379 603 328 814
0 19 9
706 648 512 674 860 561 98 396 262
0 10 8
227 555 540 231 72 687 424 574
0 8 7
122 490 422 215 683 468 59
0 20 9
467 488 164 578 597 403 239 878 107
0 8 9
857 751 641 558 784 527 799 606 897
0 11 5
852 65 459 941 801
0 1 4
956 975 106 815
0 12 1
506
0 18 5
474 949 508 20 434
0 17 8
663 934 883 147 327 417 831 131
0 7 3
692 827 515
0 8 7
743 198 281 138 38 158 255
0 15 1
884
0 5 12
96 21 464 430 39 651 807 289 460 353 149 207
0 15 9
978 503 288 41 310 875 415 968 627
0 7 7
80 926 882 23 472 279 924
0 16 2
32 996
0 13 3
282 742 461
0 18 6
95 652 16 202 248 134
0 7 5
666 950 471 865 770
0 5 7
73 872 56 156 522 93 738
0 18 8
351 954 565 631 678 866 505 381
0 9 4
647 217 380 12
0 6 3
386 385 393
0 20 8
46 190 270 605 616 324 163 623
0 16 12
437 194 199 495 601 113 318 303 421 696 523 10
0 20 5
642 746 442 925 419
0 12 2
672 123
0 6 13
228 300 483 489 640 312 337 999 287 26 903 550 788
0 9 3
575 146 321
0 13 10
722 811 452 411 790 947 644 108 269 251
0 15 10
383 983 294 721 132 958 686 909 204 758
0 20 6
126 665 97 304 177 148
0 20 12
677 357 893 322 136 602 394 629 298 168 433 998
0 15 9
52 552 206 868 354 89 554 749 929
0 2 9
75 297 193 4 60 626 484 116 848
0 9 13
519 233 726 205 258 862 607 559 886 70 704 420 17
0 13 1
435
0 9 4
553 783 285 222
0 7 8
22 809 208 121 120 180 453 785
0 20 4
253 450 701 266
0 12 14
236 486 329 867 690 766 87 792 907 836 432 404 981 185
0 1 12
904 342 295 143 838 754 580 863 241 771 804 376
0 11 8
276 299 727 725 892 94 334 29
0 16 6
30 356 326 478 765 444
0 15 9
946 936 592 368 570 174 546 590 187
0 20 6
133 598 869 593 209 259
0 1 2
984 364
0 10 2
226 915
0 1 1
186
0 5 1
458
0 8 8
778 249 899 682 172 19 769 485
0 5 8
671 609 604 291 739 348 645 344
0 4 11
81 221 210 846 923 201 347 916 656 387 247
0 14 7
320 744 734 840 887 3 541
0 9 7
513 528 157 693 940 724 741
0 6 9
246 639 330 275 943 179 414 68 716
0 20 6
28 260 702 906 864 487
0 11 3
536 762 928
0 2 10
135 338 124 500 689 719 779 90 988 740
0 12 10
894 569 979 305 507 873 571 659 861 789
0 8 12
518 316 431 821 986 223 352 392 812 823 332 369
0 13 8
539 715 731 256 942 921 697 912
0 1 8
309 881 905 995 911 311 638 218
0 8 7
280 587 137 214 877 526 939
0 9 3
1 851 395
0 7 12
560 463 370 274 961 755 436 13 572 117 446 85
0 7 11
345 630 243 130 160 577 100 482 613 184 777
0 5 10
153 400 361 225 445 879 816 166 492 556
0 7 2
267 774
0 6 6
2 953 918 844 71 74
0 3 1
69
0 18 6
524 62 870 927 195 25
0 14 2
646 466
0 13 13
45 573 5 818 36 658 24 728 970 895 425 397 933
0 4 2
586 919
0 3 5
533 6 191 35 263
0 2 1
514
0 18 1
335
0 3 4
317 169 600 314
0 1 9
833 610 230 67 547 479 340 88 817
0 13 4
470 649 323 793
0 18 6
101 242 614 768 145 748
0 14 11
178 525 40 118 730 889 301 901 760 235 806
0 8 7
412 538 963 763 165 990 917
0 3 2
782 858
0 12 10
408 566 497 509 384 319 910 772 534 55
1 16 1
0
1 15 1
7
1 17 1
8
1 16 1
9
1 35 1
11
1 22 1
14
1 22 1
15
1 26 1
18
1 11 1
27
1 33 1
31
1 20 1
33
1 12 1
34
1 26 1
37
1 30 2
42 617
1 33 1
43
1 10 1
44
1 25 3
47 197 455
1 28 1
48
1 24 1
49
1 20 1
50
1 23 1
51
1 28 1
53
1 23 1
54
1 17 1
57
1 23 1
58
1 16 1
61
1 14 1
63
1 27 2
64 588
1 17 1
66
1 29 1
76
1 21 1
77
1 31 1
78
1 23 2
79 931
1 32 1
82
1 9 2
83 398
1 27 1
84
1 20 1
86
1 10 1
91
1 30 1
92
1 10 1
99
1 29 1
102
1 17 1
103
1 23 2
104 563
1 32 1
105
1 16 1
109
1 12 1
110
1 20 1
111
1 21 2
112 585
1 22 1
114
1 13 3
115 308 688
1 12 2
119 991
1 17 1
125
1 19 1
127
1 27 1
128
1 21 1
129
1 21 1
139
1 21 1
140
1 19 1
141
1 27 1
142
1 11 1
144
1 8 1
150
1 18 1
151
1 28 1
152
1 22 1
154
1 38 1
155
1 7 1
159
1 7 1
161
1 32 1
162
1 40 1
167
1 22 1
170
1 29 1
171
1 10 1
173
1 30 2
175 945
1 17 2
176 399
1 20 1
181
1 24 1
182
1 21 1
183
1 24 1
188
1 13 1
189
1 13 1
192
1 31 1
196
1 23 1
200
1 25 1
203
1 25 1
211
1 25 1
212
1 14 1
213
1 20 1
216
1 22 1
219
1 7 1
220
1 15 1
224
1 7 1
229
1 8 1
232
1 31 1
234
1 22 1
237
1 36 2
238 548
1 32 1
240
1 17 1
244
1 9 1
245
1 11 1
250
1 10 1
252
1 24 1
254
1 24 1
257
1 26 1
261
1 15 1
264
1 20 1
265
1 23 1
268
1 33 1
271
1 25 1
272
1 26 1
273
1 18 1
277
1 14 1
278
1 21 2
283 837
1 25 1
284
1 38 2
286 654
1 7 1
290
1 14 1
292
1 29 1
293
1 18 1
296
1 18 1
302
1 10 1
306
1 12 1
307
1 29 3
313 475 976
1 21 1
315
1 4 1
325
1 33 1
331
1 21 1
333
1 14 1
336
1 25 1
339
1 39 1
341
1 35 1
343
1 22 1
346
1 10 1
349
1 23 1
350
1 9 1
355
1 35 1
358
1 15 1
359
1 19 1
360
1 9 1
362
1 28 1
363
1 23 1
365
1 16 1
366
1 26 1
367
1 29 2
371 842
1 32 1
372
1 28 1
373
1 19 1
374
1 15 1
375
1 38 1
377
1 25 1
378
1 37 1
382
1 9 1
388
1 26 1
389
1 31 1
390
1 20 2
391 496
1 22 1
401
1 33 1
402
1 19 1
405
1 17 1
406
1 17 1
407
1 25 1
409
1 28 1
410
1 25 1
413
1 25 1
416
1 20 1
418
1 25 1
423
1 27 1
426
1 13 1
427
1 15 1
428
1 14 1
429
1 24 1
438
1 16 1
439
1 16 1
440
1 14 1
441
1 18 1
443
1 17 2
447 480
1 38 1
448
1 16 1
449
1 5 2
451 973
1 15 1
454
1 25 1
456
1 30 1
457
1 37 1
462
1 4 1
465
1 24 1
469
1 23 1
473
1 7 1
476
1 8 1
477
1 38 1
481
1 25 1
491
1 27 1
493
1 19 1
494
1 14 1
498
1 20 1
499
1 13 1
501
1 38 1
502
1 24 2
504 735
1 15 1
510
1 27 1
511
1 21 1
516
1 28 1
517
1 36 1
520
1 14 1
521
1 24 1
529
1 26 2
530 972
1 29 1
531
1 32 1
532
1 19 1
535
1 19 1
537
1 24 1
542
1 5 1
543
1 25 1
544
1 18 1
545
1 25 1
549
1 16 1
551
1 30 1
557
1 13 1
562
1 26 1
564
1 27 1
567
1 10 1
568
1 33 1
576
1 25 1
579
1 21 1
581
1 9 1
582
1 29 1
583
1 18 1
584
1 38 1
589
1 27 1
591
1 24 1
594
1 9 1
595
1 22 1
596
1 13 1
599
1 15 1
608
1 24 1
611
1 23 1
612
1 8 2
615 841
1 18 1
618
1 10 1
619
1 8 1
620
1 21 1
621
1 18 1
622
1 27 1
624
1 29 1
625
1 12 1
628
1 23 1
632
1 14 1
633
1 21 1
635
1 19 1
636
1 15 1
637
1 29 1
650
1 17 1
653
1 16 1
655
1 31 1
657
1 17 1
660
1 32 1
661
1 13 2
662 745
1 5 2
664 776
1 19 1
667
1 40 1
669
1 23 1
670
1 33 1
673
1 28 1
675
1 32 2
676 845
1 14 1
680
1 33 1
681
1 22 1
684
1 16 1
685
1 16 1
691
1 23 1
694
1 12 1
695
1 19 1
698
1 27 1
699
1 12 1
700
1 11 1
703
1 32 1
705
1 11 1
707
1 21 1
708
1 22 1
709
1 8 1
710
1 13 1
711
1 15 1
712
1 24 1
713
1 21 1
714
1 17 1
717
1 15 1
718
1 29 1
720
1 36 1
723
1 27 1
729
1 4 1
732
1 34 1
733
1 12 1
736
1 15 1
737
1 25 1
747
1 20 1
750
1 13 1
752
1 12 1
753
1 19 1
756
1 29 1
757
1 33 1
759
1 26 1
761
1 20 1
764
1 13 1
767
1 13 1
773
1 13 1
775
1 13 1
780
1 19 1
781
1 6 1
786
1 25 1
787
1 18 1
791
1 30 1
794
1 28 1
795
1 37 1
796
1 21 1
797
1 10 1
798
1 20 1
800
1 23 1
802
1 21 1
803
1 26 1
805
1 9 1
808
1 22 1
810
1 20 1
813
1 9 1
819
1 23 1
820
1 11 1
822
1 18 1
824
1 22 1
825
1 31 1
826
1 27 1
828
1 30 1
829
1 28 1
830
1 25 1
832
1 19 1
834
1 26 1
835
1 23 1
839
1 20 1
843
1 24 1
847
1 32 1
849
1 11 1
850
1 20 1
853
1 34 1
854
1 16 1
855
1 26 1
856
1 25 1
859
1 19 1
871
1 28 1
874
1 16 1
876
1 25 1
880
1 22 1
885
1 9 1
888
1 28 1
890
1 30 1
891
1 22 1
898
1 20 1
900
1 40 1
902
1 27 1
908
1 15 1
913
1 15 1
914
1 27 1
920
1 14 1
922
1 27 1
930
1 22 1
932
1 14 1
935
1 25 1
937
1 18 1
938
1 15 1
944
1 17 1
948
1 14 1
951
1 27 1
952
1 6 1
955
1 21 1
957
1 33 1
959
1 11 1
960
1 24 1
962
1 9 1
964
1 18 1
965
1 24 1
966
1 34 1
967
1 21 1
969
1 28 1
971
1 16 1
974
1 24 1
977
1 32 1
980
1 21 1
982
1 16 1
985
1 22 1
987
1 31 1
989
1 20 1
992
1 26 1
993
1 29 1
994
1 20 1
997
