300 201 465 20
36 12 39 36 12 23 12 28 37 12 31 38 22 28 23 24 19 21 31 20 36 23 35 35 25 28 16 34 33 19 15 24 24 15 33 20 36 29 34 27 29 27 35 27 28 20 18 21 30 17 20 21 33 19 17 21 40 38 39 25 30 15 27 13 30 14 23 11 22 21 22 22 25 16 29 30 11 21 16 17 28 15 39 37 19 39 33 40 17 17 24 21 31 14 28 19 21 29 14 19 33 23 24 28 40 22 32 30 22 17 38 12 14 22 39 28 28 37 26 29 17 12 15 25 37 17 12 38 29 29 28 28 12 30 14 11 25 38 21 19 16 36 30 12 39 33 38 24 23 30 27 24 38 35 34 13 20 28 27 37 25 38 31 32 33 12 16 23 31 22 34 15 23 27 15 24 14 23 21 28 34 31 20 19 33 29 29 22 34 31 29 40 37 32 35 19 22 22 18 40 20 32 13 12 11 20 13 28 14 33 17 16 31 23 15 19 20 37 27 18 30 37 36 21 14 37 30 26 12 22 33 28 37 20 33 38 26 36 22 33 28 34 29 24 28 17 13 17 20 37 31 28 26 24 17 12 28 18 27 29 40 19 29 22 13 12 15 14 29 32 11 19 28 37 27 31 16 13 33 40 31 37 40 22 23 12 21 18 36 28 17 37 32 26 25 17 37 34 28 32
26 2 29 26 2 13 2 18 27 2 21 28 12 18 13 14 9 11 21 10 26 13 25 25 15 18 6 24 23 9 5 14 14 5 23 10 26 19 24 17 19 17 25 17 18 10 8 11 20 7 10 11 23 9 7 11 30 28 29 15 20 5 17 3 20 4 13 1 12 11 12 12 15 6 19 20 1 11 6 7 18 5 29 27 9 29 23 30 7 7 14 11 21 4 18 9 11 19 4 9 23 13 14 18 30 12 22 20 12 7 28 2 4 12 29 18 18 27 16 19 7 2 5 15 27 7 2 28 19 19 18 18 2 20 4 1 15 28 11 9 6 26 20 2 29 23 28 14 13 20 17 14 28 25 24 3 10 18 17 27 15 28 21 22 23 2 6 13 21 12 24 5 13 17 5 14 4 13 11 18 24 21 10 9 23 19 19 12 24 21 19 30 27 22 25 9 12 12 8 30 10 22 3 2 1 10 3 18 4 23 7 6 21 13 5 9 10 27 17 8 20 27 26 11 4 27 20 16 2 12 23 18 27 10 23 28 16 26 12 23 18 24 19 14 18 7 3 7 10 27 21 18 16 14 7 2 18 8 17 19 30 9 19 12 3 2 5 4 19 22 1 9 18 27 17 21 6 3 23 30 21 27 30 12 13 2 11 8 26 18 7 27 22 16 15 7 27 24 18 22
0 12 3
206 144 42
0 18 3
111 121 76
0 19 3
174 17 244
0 19 3
172 153 33
0 9 2
137 68
0 3 1
141
0 4 3
79 91 170
0 11 3
147 133 297
0 16 2
221 245
0 19 3
208 148 269
0 12 1
196
0 2 1
62
0 17 2
177 14
0 19 1
200
0 14 1
71
0 2 1
159
0 12 1
122
0 3 3
176 224 255
0 14 3
125 61 43
0 8 1
242
0 6 2
210 293
0 4 2
226 31
0 16 3
58 66 30
0 13 1
98
0 18 4
70 44 7 238
0 18 4
134 284 179 261
0 19 2
101 135
0 10 3
100 214 145
0 14 1
178
0 7 2
140 93
0 1 1
235
0 7 3
228 265 85
0 2 1
192
0 9 1
216
0 7 4
227 47 50 257
0 9 3
67 2 157
0 8 1
168
0 7 2
41 124
0 17 2
4 22
0 13 1
86
0 8 2
259 222
0 3 3
115 289 32
0 6 2
248 189
0 12 2
34 246
0 4 4
102 233 26 164
0 9 2
190 219
0 13 2
142 146
0 19 2
73 130
0 2 1
274
0 5 3
89 181 20
0 8 2
119 6
0 15 2
249 185
0 9 4
114 211 113 106
0 15 1
182
0 2 4
108 193 120 288
0 14 3
260 90 278
0 5 4
237 63 220 49
0 6 3
13 194 39
0 3 1
16
0 18 3
112 35 266
0 11 3
78 77 28
0 9 2
273 256
0 11 1
199
0 15 5
241 11 129 94 54
0 20 1
87
0 1 4
110 82 72 276
0 5 3
207 0 258
0 4 3
217 277 40
0 8 2
161 126
0 5 1
21
0 4 4
292 175 231 195
0 10 5
202 103 275 5 209
0 1 2
187 232
1 30 1
1
1 9 1
3
1 19 1
8
1 24 1
9
1 10 1
10
1 22 1
12
1 19 1
15
1 34 1
18
1 26 1
19
1 13 1
23
1 16 1
24
1 9 1
25
1 21 1
27
1 13 2
29 59
1 23 1
36
1 7 1
37
1 27 1
38
1 18 1
45
1 27 1
46
1 22 1
48
1 21 1
51
1 31 1
52
1 38 1
53
1 19 1
55
1 32 1
56
1 27 1
57
1 5 1
60
1 11 1
64
1 3 1
65
1 9 1
69
1 19 1
74
1 22 1
75
1 17 1
80
1 23 2
81 165
1 23 1
83
1 16 1
84
1 12 1
88
1 25 1
92
1 25 1
95
1 16 1
96
1 27 1
97
1 15 1
99
1 4 1
104
1 23 1
105
1 26 1
107
1 37 1
109
1 11 1
116
1 10 1
117
1 22 1
118
1 38 1
123
1 22 1
127
1 10 1
128
1 15 1
131
1 26 1
132
1 3 1
136
1 17 1
138
1 39 1
139
1 32 1
143
1 19 1
149
1 12 1
150
1 20 1
151
1 38 1
152
1 7 1
154
1 21 1
155
1 17 1
156
1 10 1
158
1 17 1
160
1 34 1
162
1 17 1
163
1 15 1
166
1 32 1
167
1 17 1
169
1 22 1
171
1 9 1
173
1 19 1
180
1 11 1
183
1 18 1
184
1 13 1
186
1 35 1
188
1 3 1
191
1 17 1
197
1 22 1
198
1 27 1
201
1 5 1
203
1 6 1
204
1 19 1
205
1 19 1
212
1 31 1
213
1 25 1
215
1 30 1
218
1 11 1
223
1 25 1
225
1 24 1
229
1 31 1
230
1 15 1
234
1 18 1
236
1 12 1
239
1 27 1
240
1 29 1
243
1 22 1
247
1 29 1
250
1 19 1
251
1 12 1
252
1 14 1
253
1 14 1
254
1 31 1
262
1 12 1
263
1 16 1
264
1 19 1
267
1 5 1
268
1 16 1
270
1 9 1
271
1 23 1
272
1 10 1
279
1 21 1
280
1 37 1
281
1 19 1
282
1 27 1
283
1 13 1
285
1 30 1
286
1 20 1
287
1 12 1
290
1 22 1
291
1 28 1
294
1 18 1
295
1 30 1
296
1 12 1
298
1 31 1
299
