800 395 1240 18
18 35 35 11 37 35 13 26 13 32 34 33 33 32 29 27 18 25 29 29 13 29 38 15 40 20 12 11 15 22 40 29 23 21 30 11 31 16 16 29 17 19 38 12 20 12 29 25 33 39 26 28 37 24 39 20 28 33 25 15 33 35 31 34 33 11 24 32 29 36 40 25 11 31 26 25 15 15 35 12 38 20 36 34 34 36 36 17 20 25 32 14 19 17 15 14 19 36 28 21 25 29 20 30 30 23 33 17 30 27 25 28 38 40 25 40 24 35 13 29 33 19 30 24 31 24 38 32 40 33 34 37 31 27 19 40 25 21 23 15 23 34 12 14 12 26 30 14 34 31 12 31 22 18 34 13 20 26 38 37 37 31 34 40 27 40 21 16 27 30 22 17 23 34 28 28 25 33 22 31 31 31 14 26 35 37 28 40 35 19 37 37 16 39 28 11 18 17 27 34 13 23 37 11 35 33 35 20 40 26 25 21 26 15 17 35 17 26 31 22 39 19 39 37 38 18 13 35 14 29 21 28 25 14 32 29 15 12 13 14 16 14 31 13 22 28 21 37 33 21 12 40 16 32 26 31 34 38 30 26 27 14 12 33 37 24 14 19 34 39 36 22 39 26 22 29 24 22 37 22 11 35 21 19 35 12 13 21 17 22 11 33 22 12 27 24 23 21 28 38 17 36 26 38 40 39 18 24 23 31 17 37 30 36 34 29 27 36 26 23 32 29 16 26 21 30 22 24 31 14 16 30 21 16 21 11 28 36 37 20 23 13 30 39 12 24 28 22 18 16 32 22 18 32 31 37 36 27 11 22 31 23 30 24 15 32 30 30 27 24 35 31 13 38 26 14 16 16 15 14 19 15 13 26 26 34 24 23 19 28 26 16 33 20 28 22 16 14 33 36 28 27 21 14 21 25 35 15 32 22 33 31 23 31 27 12 32 26 22 11 34 40 33 24 28 23 16 15 38 17 19 35 14 15 18 18 11 33 17 18 29 21 25 15 39 15 12 20 19 29 12 17 28 27 14 28 24 36 24 18 29 21 34 40 30 17 26 16 30 13 14 18 13 18 16 30 20 28 38 28 18 19 34 39 12 32 39 29 14 21 30 23 17 26 37 20 39 14 21 19 14 39 36 30 13 23 25 11 37 32 12 25 29 33 28 13 11 39 30 27 19 38 14 22 21 18 30 34 14 11 23 31 23 40 18 25 36 32 14 40 31 38 22 39 29 11 26 29 17 22 18 36 34 25 17 35 11 32 22 36 40 24 30 33 32 37 22 36 13 21 25 30 14 34 22 36 16 30 12 23 17 25 21 21 18 37 34 32 32 25 13 34 22 36 33 36 37 24 22 33 40 30 12 22 39 32 24 20 38 15 26 18 16 32 36 25 18 15 33 31 34 38 14 37 39 39 35 17 25 20 30 16 35 15 20 20 22 39 14 38 11 35 32 11 22 20 30 33 18 23 29 18 28 33 29 17 19 18 28 34 20 23 37 27 32 21 30 14 23 27 14 34 32 11 18 24 22 21 28 30 37 12 21 27 14 24 23 26 14 36 27 15 35 27 34 39 25 12 28 26 31 38 31 20 40 33 23 11 30 39 25 14 38 29 37 19 37 26 21 20 15 12 33 13 19 40 36 38 28 26 18 19 31 34 38 21 33 15 13 28 23 13 13 32 14 35 24 37 37 27 29 25 16 18 20 23 23 30 25 25 14 35 34 25 32 17 36 20 37 16 24 35 20 23 20 27 35 28 24 25 29 24 38 23 16 26 16 35 36 40 31 30 40 21 17 17 24 15 26 38
8 25 25 1 27 25 3 16 3 22 24 23 23 22 19 17 8 15 19 19 3 19 28 5 30 10 2 1 5 12 30 19 13 11 20 1 21 6 6 19 7 9 28 2 10 2 19 15 23 29 16 18 27 14 29 10 18 23 15 5 23 25 21 24 23 1 14 22 19 26 30 15 1 21 16 15 5 5 25 2 28 10 26 24 24 26 26 7 10 15 22 4 9 7 5 4 9 26 18 11 15 19 10 20 20 13 23 7 20 17 15 18 28 30 15 30 14 25 3 19 23 9 20 14 21 14 28 22 30 23 24 27 21 17 9 30 15 11 13 5 13 24 2 4 2 16 20 4 24 21 2 21 12 8 24 3 10 16 28 27 27 21 24 30 17 30 11 6 17 20 12 7 13 24 18 18 15 23 12 21 21 21 4 16 25 27 18 30 25 9 27 27 6 29 18 1 8 7 17 24 3 13 27 1 25 23 25 10 30 16 15 11 16 5 7 25 7 16 21 12 29 9 29 27 28 8 3 25 4 19 11 18 15 4 22 19 5 2 3 4 6 4 21 3 12 18 11 27 23 11 2 30 6 22 16 21 24 28 20 16 17 4 2 23 27 14 4 9 24 29 26 12 29 16 12 19 14 12 27 12 1 25 11 9 25 2 3 11 7 12 1 23 12 2 17 14 13 11 18 28 7 26 16 28 30 29 8 14 13 21 7 27 20 26 24 19 17 26 16 13 22 19 6 16 11 20 12 14 21 4 6 20 11 6 11 1 18 26 27 10 13 3 20 29 2 14 18 12 8 6 22 12 8 22 21 27 26 17 1 12 21 13 20 14 5 22 20 20 17 14 25 21 3 28 16 4 6 6 5 4 9 5 3 16 16 24 14 13 9 18 16 6 23 10 18 12 6 4 23 26 18 17 11 4 11 15 25 5 22 12 23 21 13 21 17 2 22 16 12 1 24 30 23 14 18 13 6 5 28 7 9 25 4 5 8 8 1 23 7 8 19 11 15 5 29 5 2 10 9 19 2 7 18 17 4 18 14 26 14 8 19 11 24 30 20 7 16 6 20 3 4 8 3 8 6 20 10 18 28 18 8 9 24 29 2 22 29 19 4 11 20 13 7 16 27 10 29 4 11 9 4 29 26 20 3 13 15 1 27 22 2 15 19 23 18 3 1 29 20 17 9 28 4 12 11 8 20 24 4 1 13 21 13 30 8 15 26 22 4 30 21 28 12 29 19 1 16 19 7 12 8 26 24 15 7 25 1 22 12 26 30 14 20 23 22 27 12 26 3 11 15 20 4 24 12 26 6 20 2 13 7 15 11 11 8 27 24 22 22 15 3 24 12 26 23 26 27 14 12 23 30 20 2 12 29 22 14 10 28 5 16 8 6 22 26 15 8 5 23 21 24 28 4 27 29 29 25 7 15 10 20 6 25 5 10 10 12 29 4 28 1 25 22 1 12 10 20 23 8 13 19 8 18 23 19 7 9 8 18 24 10 13 27 17 22 11 20 4 13 17 4 24 22 1 8 14 12 11 18 20 27 2 11 17 4 14 13 16 4 26 17 5 25 17 24 29 15 2 18 16 21 28 21 10 30 23 13 1 20 29 15 4 28 19 27 9 27 16 11 10 5 2 23 3 9 30 26 28 18 16 8 9 21 24 28 11 23 5 3 18 13 3 3 22 4 25 14 27 27 17 19 15 6 8 10 13 13 20 15 15 4 25 24 15 22 7 26 10 27 6 14 25 10 13 10 17 25 18 14 15 19 14 28 13 6 16 6 25 26 30 21 20 30 11 7 7 14 5 16 28
0 6 8
797 29 164 717 20 664 222 230
0 10 7
413 42 158 637 343 670 460
0 3 3
514 476 706
0 10 6
235 604 639 475 524 682
0 9 4
790 653 269 173
0 14 8
726 267 455 251 558 303 45 445
0 3 5
48 342 538 348 38
0 5 7
16 212 551 323 210 261 585
0 2 8
411 667 692 756 477 128 550 720
0 15 6
731 272 388 776 281 541
0 14 4
593 370 221 108
0 11 9
796 431 781 702 603 50 595 626 285
0 19 6
520 64 226 49 56 533
0 20 4
326 716 464 99
0 14 3
780 220 739
0 12 3
12 297 535
0 20 2
320 202
0 11 4
284 189 760 722
0 4 6
709 601 578 4 624 148
0 13 6
559 441 69 516 393 789
0 1 4
384 356 733 596
0 8 8
392 506 583 389 427 498 286 563
0 1 1
233
0 8 9
232 246 53 698 21 47 203 151 712
0 7 6
532 511 105 163 745 0
0 13 9
447 412 291 495 459 534 452 615 171
0 14 6
27 600 574 734 779 747
0 2 6
387 589 382 122 340 396
0 12 5
517 478 591 645 67
0 2 6
724 270 556 528 380 704
0 1 12
619 432 570 157 630 143 690 669 762 31 321 777
0 12 6
799 499 404 629 433 225
0 11 3
339 65 677
0 3 7
774 510 582 1 324 85 76
0 19 3
435 167 134
0 15 2
358 104
0 11 9
252 372 198 679 685 277 288 60 32
0 14 1
57
0 13 6
770 194 473 344 586 620
0 10 6
751 375 721 462 204 18
0 5 8
349 95 403 140 133 493 417 296
0 6 3
77 436 266
0 9 2
765 28
0 15 4
635 474 107 139
0 18 10
264 44 518 703 314 206 759 6 566 168
0 15 8
543 330 504 162 547 676 299 616
0 11 3
147 187 741
0 11 3
138 51 714
0 5 2
350 182
0 7 8
161 215 579 41 758 30 354 366
0 10 11
580 530 318 363 552 748 463 327 280 294 521
0 6 3
214 184 681
0 16 10
152 560 553 531 282 347 170 636 386 109
0 20 7
374 490 71 440 469 338 35
0 5 7
346 542 66 309 610 687 737
0 20 7
481 195 129 373 89 605 567
0 7 5
766 46 555 379 325
0 13 2
707 577
0 9 7
19 131 545 260 575 505 333
0 20 4
278 219 529 723
0 2 4
448 612 146 640
0 14 3
336 569 622
0 17 2
519 244
0 10 3
581 5 466
0 13 1
485
0 20 4
701 94 752 337
0 13 3
689 308 683
0 16 8
249 794 292 160 787 769 434 355
0 12 1
43
0 3 10
259 81 231 673 492 736 268 91 254 522
0 3 6
283 587 623 536 446 656
0 17 5
548 539 208 496 719
0 1 8
691 730 241 407 525 458 185 771
0 15 4
633 83 183 625
0 6 5
798 368 188 678 526
0 16 6
258 783 17 295 597 564
0 18 2
315 641
0 3 7
63 243 428 175 100 240 88
0 20 12
121 590 480 694 59 154 740 118 410 488 357 73
0 2 1
471
0 7 10
400 362 166 216 86 743 58 22 618 289
0 4 13
429 568 451 328 465 23 2 489 611 652 500 247 205
0 14 8
300 40 573 145 255 684 502 156
0 14 9
351 37 728 207 24 468 607 584 668
0 6 8
571 437 725 628 654 377 302 764
0 18 1
658
0 5 1
192
1 23 1
3
1 24 1
7
1 10 1
8
1 28 1
9
1 22 1
10
1 19 1
11
1 17 1
13
1 23 1
14
1 38 1
15
1 24 1
25
1 23 1
26
1 8 1
33
1 20 1
34
1 6 1
36
1 4 1
39
1 23 1
52
1 34 1
54
1 32 1
55
1 23 1
61
1 14 1
62
1 13 1
68
1 17 1
70
1 25 1
72
1 15 1
74
1 19 2
75 341
1 20 1
78
1 32 2
79 613
1 19 1
80
1 10 1
82
1 27 1
84
1 21 1
87
1 33 2
90 190
1 32 1
92
1 33 1
93
1 12 1
96
1 11 1
97
1 21 1
98
1 35 1
101
1 32 1
102
1 23 1
103
1 17 1
106
1 4 1
110
1 32 1
111
1 19 1
112
1 15 1
113
1 17 1
114
1 29 1
115
1 36 1
116
1 34 1
117
1 26 1
119
1 29 1
120
1 29 1
123
1 8 1
124
1 20 1
125
1 16 1
126
1 19 1
127
1 17 1
130
1 9 2
132 229
1 22 1
135
1 31 1
136
1 21 1
137
1 26 1
141
1 20 1
142
1 26 1
144
1 31 1
149
1 12 1
150
1 33 1
153
1 26 1
155
1 21 1
159
1 15 1
165
1 15 1
169
1 22 1
172
1 24 1
174
1 23 1
176
1 23 1
177
1 30 1
178
1 16 1
179
1 26 1
180
1 15 1
181
1 24 1
186
1 23 1
191
1 20 1
193
1 8 1
196
1 9 1
197
1 29 1
199
1 23 1
200
1 25 1
201
1 16 1
209
1 30 2
211 753
1 34 1
213
1 35 1
217
1 20 1
218
1 27 1
223
1 12 1
224
1 14 1
227
1 15 1
228
1 22 1
234
1 4 1
236
1 14 1
237
1 15 1
238
1 19 1
239
1 32 1
242
1 17 1
245
1 8 1
248
1 20 1
250
1 35 1
253
1 26 1
256
1 19 1
257
1 16 1
262
1 14 1
263
1 9 1
265
1 38 1
271
1 27 1
273
1 25 1
274
1 22 1
275
1 24 2
276 647
1 15 1
279
1 13 1
287
1 27 1
290
1 5 1
293
1 22 1
298
1 23 1
301
1 35 1
304
1 35 1
305
1 27 1
306
1 15 2
307 729
1 9 1
310
1 27 1
311
1 34 1
312
1 16 1
313
1 20 1
316
1 21 1
317
1 12 1
319
1 4 1
322
1 26 1
329
1 24 1
331
1 17 1
332
1 16 1
334
1 20 1
335
1 23 1
345
1 40 1
352
1 15 1
353
1 19 1
359
1 14 1
360
1 21 1
361
1 13 1
364
1 8 1
365
1 38 1
367
1 32 1
369
1 22 1
371
1 18 1
376
1 21 1
378
1 28 1
381
1 21 1
383
1 27 1
385
1 32 1
390
1 19 1
391
1 27 1
394
1 20 1
395
1 15 1
397
1 6 1
398
1 30 1
399
1 11 1
401
1 13 1
402
1 11 1
405
1 16 1
406
1 22 1
408
1 30 1
409
1 8 1
414
1 22 1
415
1 20 1
416
1 21 1
418
1 16 1
419
1 27 1
420
1 20 1
421
1 16 1
422
1 14 1
423
1 25 1
424
1 15 1
425
1 17 2
426 651
1 20 1
430
1 30 1
438
1 31 1
439
1 16 1
442
1 11 1
443
1 21 1
444
1 21 1
449
1 12 1
450
1 29 1
453
1 31 1
454
1 13 1
456
1 28 1
457
1 7 1
461
1 24 1
467
1 13 1
470
1 8 1
472
1 20 1
479
1 16 1
482
1 8 1
483
1 40 1
484
1 26 1
486
1 23 1
487
1 19 1
491
1 29 1
494
1 25 1
497
1 29 1
501
1 21 1
503
1 31 1
507
1 30 1
508
1 22 1
509
1 32 1
512
1 37 1
513
1 31 1
515
1 13 1
523
1 16 1
527
1 21 1
537
1 14 2
540 599
1 13 1
544
1 13 1
546
1 16 1
549
1 24 1
554
1 15 1
557
1 23 1
561
1 26 1
562
1 23 1
565
1 18 1
572
1 35 1
576
1 26 1
588
1 18 1
592
1 18 1
594
1 20 1
598
1 23 1
602
1 17 1
606
1 26 1
608
1 33 1
609
1 15 1
614
1 28 1
617
1 25 1
621
1 25 1
627
1 23 1
631
1 8 1
632
1 15 1
634
1 22 1
638
1 35 1
642
1 23 1
643
1 34 1
644
1 5 1
646
1 26 1
648
1 25 1
649
1 35 1
650
1 36 1
655
1 31 1
657
1 18 1
659
1 21 1
660
1 17 1
661
1 40 1
662
1 20 1
663
1 20 1
665
1 20 1
666
1 28 1
671
1 12 1
672
1 23 1
674
1 25 1
675
1 28 1
680
1 13 1
686
1 19 1
688
1 15 1
693
1 26 1
695
1 18 1
696
1 30 1
697
1 21 1
699
1 28 1
700
1 21 1
705
1 20 1
708
1 21 1
710
1 5 1
711
1 25 1
713
1 6 1
715
1 17 1
718
1 33 1
727
1 31 1
732
1 10 1
735
1 15 1
738
1 16 1
742
1 24 1
744
1 14 1
746
1 18 1
749
1 20 1
750
1 6 1
754
1 26 1
755
1 23 1
757
1 8 1
761
1 15 1
763
1 27 1
767
1 39 1
768
1 20 1
772
1 22 1
773
1 13 1
775
1 29 1
778
1 17 1
782
1 12 1
784
1 31 1
785
1 19 1
786
1 13 1
788
1 35 1
791
1 29 1
792
1 21 1
793
1 17 1
795
