800 377 1240 18
15 35 38 23 15 30 12 14 24 33 28 15 18 18 28 16 25 27 16 14 26 24 34 18 28 16 14 34 21 24 23 20 27 31 13 29 31 22 25 37 37 14 20 36 20 11 37 34 36 38 28 17 12 13 36 34 14 28 30 20 20 40 35 15 35 17 11 20 17 40 33 27 39 40 22 31 37 20 29 37 14 38 21 33 30 40 14 15 16 39 23 22 27 40 18 19 14 36 22 31 39 28 20 40 29 34 24 36 27 16 22 15 32 11 34 18 23 38 27 19 17 25 33 30 27 19 21 31 25 28 18 13 30 22 24 40 16 38 37 31 35 16 37 22 32 12 27 32 14 25 33 13 20 38 23 36 39 27 40 32 13 24 23 22 21 29 14 37 33 19 22 32 25 17 28 39 11 27 11 39 31 22 25 26 34 33 13 32 39 27 33 39 35 18 13 19 16 27 36 31 35 13 30 28 26 26 26 29 11 16 40 24 36 25 38 15 25 31 19 23 29 38 16 31 18 16 13 20 13 40 32 28 21 27 28 19 30 20 28 13 27 16 21 11 40 30 16 34 20 14 26 19 14 20 38 17 40 40 31 40 18 16 14 34 12 17 34 23 15 17 22 34 34 26 12 33 36 39 39 24 15 30 13 25 32 38 11 40 28 37 18 19 32 19 25 22 23 18 17 36 34 35 14 11 23 40 33 26 37 22 16 15 13 25 36 26 32 37 27 30 37 17 20 34 15 38 33 36 33 19 28 24 18 23 31 15 29 28 31 18 20 33 40 35 32 19 30 31 36 33 37 13 21 32 12 15 12 14 37 29 23 38 18 25 27 30 16 23 26 16 15 23 34 19 40 31 23 19 16 11 37 19 17 18 34 23 27 37 34 15 27 11 12 31 13 32 21 33 26 13 27 33 38 18 38 13 14 21 12 17 35 14 15 12 19 22 26 34 16 31 31 11 37 40 39 24 26 29 25 22 11 22 26 13 26 24 34 30 31 15 15 36 36 29 21 33 28 39 23 17 17 37 39 22 29 12 28 32 22 33 33 38 35 26 30 13 16 24 29 15 21 32 28 34 13 22 34 11 27 30 38 13 22 20 34 17 30 38 34 22 35 34 38 38 27 27 19 36 40 39 38 35 33 18 32 36 31 36 29 23 36 18 28 38 12 40 38 19 21 13 13 37 12 20 11 24 37 22 26 34 15 36 13 11 35 26 33 15 14 14 15 25 24 26 24 39 27 25 32 25 25 13 39 27 15 26 36 33 25 20 19 22 30 25 35 11 35 29 19 28 20 21 29 38 24 30 28 14 20 11 14 37 39 19 14 16 40 31 27 39 28 14 40 29 35 28 27 31 14 23 31 35 33 28 38 13 36 36 33 20 37 19 29 36 12 11 28 14 30 24 34 20 14 12 36 29 35 13 36 11 30 14 25 12 27 28 25 26 39 17 24 17 33 28 21 37 13 36 13 28 36 35 27 27 35 36 18 26 11 26 28 16 38 35 11 18 11 37 29 38 12 23 24 39 14 15 11 28 38 40 32 24 16 14 34 33 23 39 36 35 40 11 15 13 28 31 14 39 26 20 13 31 23 25 17 31 28 35 11 13 25 32 27 27 24 18 30 30 16 13 13 39 32 37 24 38 15 14 32 27 39 32 35 32 32 18 22 25 12 27 27 19 19 15 26 31 17 22 34 20 18 32 26 33 20 17 14 13 38 35 19 22 37 36 22 20 36 26 40 35 26 12 35 19 35 34 11 36 27 19 20 33 35 32 33 25 35 27 32 14 33 40 30 39 28 36 11 19 29 38
5 25 28 13 5 20 2 4 14 23 18 5 8 8 18 6 15 17 6 4 16 14 24 8 18 6 4 24 11 14 13 10 17 21 3 19 21 12 15 27 27 4 10 26 10 1 27 24 26 28 18 7 2 3 26 24 4 18 20 10 10 30 25 5 25 7 1 10 7 30 23 17 29 30 12 21 27 10 19 27 4 28 11 23 20 30 4 5 6 29 13 12 17 30 8 9 4 26 12 21 29 18 10 30 19 24 14 26 17 6 12 5 22 1 24 8 13 28 17 9 7 15 23 20 17 9 11 21 15 18 8 3 20 12 14 30 6 28 27 21 25 6 27 12 22 2 17 22 4 15 23 3 10 28 13 26 29 17 30 22 3 14 13 12 11 19 4 27 23 9 12 22 15 7 18 29 1 17 1 29 21 12 15 16 24 23 3 22 29 17 23 29 25 8 3 9 6 17 26 21 25 3 20 18 16 16 16 19 1 6 30 14 26 15 28 5 15 21 9 13 19 28 6 21 8 6 3 10 3 30 22 18 11 17 18 9 20 10 18 3 17 6 11 1 30 20 6 24 10 4 16 9 4 10 28 7 30 30 21 30 8 6 4 24 2 7 24 13 5 7 12 24 24 16 2 23 26 29 29 14 5 20 3 15 22 28 1 30 18 27 8 9 22 9 15 12 13 8 7 26 24 25 4 1 13 30 23 16 27 12 6 5 3 15 26 16 22 27 17 20 27 7 10 24 5 28 23 26 23 9 18 14 8 13 21 5 19 18 21 8 10 23 30 25 22 9 20 21 26 23 27 3 11 22 2 5 2 4 27 19 13 28 8 15 17 20 6 13 16 6 5 13 24 9 30 21 13 9 6 1 27 9 7 8 24 13 17 27 24 5 17 1 2 21 3 22 11 23 16 3 17 23 28 8 28 3 4 11 2 7 25 4 5 2 9 12 16 24 6 21 21 1 27 30 29 14 16 19 15 12 1 12 16 3 16 14 24 20 21 5 5 26 26 19 11 23 18 29 13 7 7 27 29 12 19 2 18 22 12 23 23 28 25 16 20 3 6 14 19 5 11 22 18 24 3 12 24 1 17 20 28 3 12 10 24 7 20 28 24 12 25 24 28 28 17 17 9 26 30 29 28 25 23 8 22 26 21 26 19 13 26 8 18 28 2 30 28 9 11 3 3 27 2 10 1 14 27 12 16 24 5 26 3 1 25 16 23 5 4 4 5 15 14 16 14 29 17 15 22 15 15 3 29 17 5 16 26 23 15 10 9 12 20 15 25 1 25 19 9 18 10 11 19 28 14 20 18 4 10 1 4 27 29 9 4 6 30 21 17 29 18 4 30 19 25 18 17 21 4 13 21 25 23 18 28 3 26 26 23 10 27 9 19 26 2 1 18 4 20 14 24 10 4 2 26 19 25 3 26 1 20 4 15 2 17 18 15 16 29 7 14 7 23 18 11 27 3 26 3 18 26 25 17 17 25 26 8 16 1 16 18 6 28 25 1 8 1 27 19 28 2 13 14 29 4 5 1 18 28 30 22 14 6 4 24 23 13 29 26 25 30 1 5 3 18 21 4 29 16 10 3 21 13 15 7 21 18 25 1 3 15 22 17 17 14 8 20 20 6 3 3 29 22 27 14 28 5 4 22 17 29 22 25 22 22 8 12 15 2 17 17 9 9 5 16 21 7 12 24 10 8 22 16 23 10 7 4 3 28 25 9 12 27 26 12 10 26 16 30 25 16 2 25 9 25 24 1 26 17 9 10 23 25 22 23 15 25 17 22 4 23 30 20 29 18 26 1 9 19 28
0 15 5
503 783 663 470 44
0 11 5
329 276 406 440 232
0 12 1
211
0 16 6
91 653 97 203 129 170
0 5 11
273 600 10 706 368 144 542 361 612 339 750
0 5 9
224 471 526 610 48 33 725 623 78
0 18 9
244 636 324 218 603 693 241 353 19
0 5 3
547 6 116
0 15 1
181
0 8 10
322 520 715 121 268 742 430 107 627 92
0 11 9
138 624 127 334 110 288 42 332 126
0 10 5
297 592 658 311 462
0 15 1
263
0 5 5
323 223 732 416 754
0 7 7
96 87 494 20 123 183 50
0 18 1
507
0 19 1
433
0 16 3
613 481 620
0 11 5
282 290 577 712 619
0 10 3
362 752 171
0 10 6
777 434 392 705 125 131
0 15 11
614 491 79 447 563 303 275 734 475 798 659
0 6 3
391 397 651
0 15 4
414 571 89 314
0 11 5
157 247 318 149 744
0 7 7
296 25 158 642 163 541 187
0 10 1
573
0 5 8
486 166 737 517 449 254 456 749
0 7 3
590 205 137
0 19 7
182 661 180 718 499 186 35
0 17 5
184 425 766 631 583
0 5 5
17 133 34 59 388
0 10 3
684 164 736
0 15 9
169 432 559 301 514 589 513 70 148
0 12 2
326 639
0 11 3
134 730 233
0 12 3
176 655 534
0 6 9
328 413 239 466 22 575 285 799 738
0 14 6
625 604 634 246 419 420
0 9 8
671 264 261 668 765 660 72 724
0 15 9
153 516 37 109 227 252 666 713 688
0 16 6
162 404 459 423 729 552
0 15 10
175 402 142 690 616 340 757 165 720 106
0 17 5
566 593 530 23 506
0 19 1
568
0 1 8
581 93 483 255 240 201 130 704
0 11 2
528 45
0 2 6
743 478 717 210 208 473
0 18 4
721 120 308 160
0 1 3
146 231 289
0 4 8
394 554 633 55 763 584 638 417
0 6 3
797 293 574
0 8 6
217 280 390 143 700 222
0 11 10
779 548 43 687 482 745 667 755 497 479
0 6 7
367 0 196 632 567 691 676
0 2 5
539 529 553 427 452
0 16 1
115
0 5 7
190 772 95 673 54 454 320
0 10 9
741 199 788 76 5 38 464 443 728
0 10 2
758 786
0 15 6
49 174 537 760 86 731
0 16 1
319
0 10 1
792
0 12 3
154 515 502
0 17 6
248 132 770 512 703 294
0 9 11
310 374 643 405 284 678 269 727 341 781 740
0 9 6
259 664 2 649 325 640
0 2 9
426 560 98 57 719 586 52 431 46
0 15 2
796 536
0 5 11
377 266 366 591 644 207 66 458 549 1 62
0 19 7
762 371 580 696 14 791 90
0 20 12
606 424 352 312 645 124 764 793 525 343 193 337
0 13 8
445 686 564 389 9 291 349 622
0 3 4
3 251 358 521
0 14 2
21 594
0 17 9
601 82 335 480 694 579 599 242 104
0 9 10
298 400 569 550 111 267 85 769 565 446
0 20 3
453 151 733
0 10 6
253 281 386 436 243 279
0 15 11
784 83 30 155 501 277 407 411 271 468 778
0 14 4
204 395 674 234
0 14 8
306 556 206 177 697 173 768 159
0 10 5
346 617 292 495 258
0 3 11
759 496 307 226 197 172 635 32 316 582 403
0 17 7
595 321 385 450 441 429 605
0 17 5
776 119 117 399 489
0 6 1
701
0 13 1
212
0 14 4
336 26 331 74
0 3 2
102 139
0 17 4
748 558 152 474
0 18 2
692 562
1 26 1
4
1 20 2
7 39
1 17 1
8
1 26 1
11
1 33 1
12
1 18 1
13
1 13 1
15
1 24 1
16
1 29 1
18
1 20 1
24
1 18 1
27
1 25 1
28
1 17 1
29
1 10 1
31
1 27 1
36
1 15 1
40
1 7 1
41
1 13 1
47
1 25 1
51
1 23 1
53
1 20 1
56
1 10 1
58
1 22 1
60
1 8 1
61
1 24 1
63
1 26 1
64
1 26 1
65
1 25 1
67
1 15 1
68
1 20 1
69
1 27 1
71
1 23 1
73
1 16 1
75
1 21 1
77
1 17 1
80
1 19 1
81
1 17 1
84
1 21 1
88
1 18 1
94
1 24 2
99 578
1 29 1
100
1 17 1
101
1 12 1
103
1 31 1
105
1 23 1
108
1 25 1
112
1 19 1
113
1 29 1
114
1 32 1
118
1 22 1
122
1 17 1
128
1 25 1
135
1 16 1
136
1 16 1
140
1 19 1
141
1 19 1
145
1 33 1
147
1 19 1
150
1 22 1
156
1 19 1
161
1 18 1
167
1 23 1
168
1 24 1
178
1 20 1
179
1 29 1
185
1 30 1
188
1 20 1
189
1 12 1
191
1 20 1
192
1 32 2
194 572
1 35 1
195
1 32 1
198
1 29 1
200
1 9 1
202
1 12 2
209 236
1 31 2
213 775
1 25 1
214
1 9 1
215
1 31 1
216
1 12 1
219
1 20 1
220
1 21 1
221
1 17 1
225
1 33 1
228
1 16 1
229
1 12 1
230
1 34 1
235
1 8 1
237
1 17 2
238 442
1 17 1
245
1 22 1
249
1 12 1
250
1 16 1
256
1 16 1
257
1 20 1
260
1 15 1
262
1 16 2
265 309
1 26 1
270
1 12 1
272
1 22 1
274
1 22 1
278
1 13 1
283
1 12 1
286
1 22 1
287
1 18 2
295 587
1 22 1
299
1 32 1
300
1 15 1
302
1 10 1
304
1 22 1
305
1 21 1
313
1 33 1
315
1 27 1
317
1 24 1
327
1 27 1
330
1 15 1
333
1 17 1
338
1 7 1
342
1 23 1
344
1 15 1
345
1 35 1
347
1 30 1
348
1 21 2
350 726
1 13 1
351
1 33 1
354
1 29 1
355
1 31 1
356
1 26 1
357
1 22 1
359
1 20 1
360
1 21 1
363
1 25 1
364
1 21 1
365
1 26 1
369
1 28 2
370 780
1 20 1
372
1 24 1
373
1 18 1
375
1 29 1
376
1 34 1
378
1 25 1
379
1 4 1
380
1 22 1
381
1 22 1
382
1 20 1
383
1 13 1
384
1 25 1
387
1 17 1
393
1 33 1
396
1 32 1
398
1 11 1
401
1 32 1
408
1 24 1
409
1 14 1
410
1 10 1
412
1 32 1
415
1 20 1
418
1 21 1
421
1 18 1
422
1 27 1
428
1 24 1
435
1 28 1
437
1 28 1
438
1 34 1
439
1 32 1
444
1 12 1
448
1 16 1
451
1 30 1
455
1 35 1
457
1 17 1
460
1 26 1
461
1 25 1
463
1 35 1
465
1 26 1
467
1 15 1
469
1 21 1
472
1 14 1
476
1 20 1
477
1 21 1
484
1 35 1
485
1 13 1
487
1 14 1
488
1 37 1
490
1 13 1
492
1 16 1
493
1 34 1
498
1 11 1
500
1 34 1
504
1 8 1
505
1 25 1
508
1 34 1
509
1 23 1
510
1 19 2
511 654
1 30 1
518
1 29 1
519
1 27 1
522
1 22 1
523
1 12 1
524
1 34 1
527
1 24 1
531
1 28 1
532
1 23 2
533 785
1 23 1
535
1 18 1
538
1 22 1
540
1 12 1
543
1 8 1
544
1 28 1
545
1 24 1
546
1 14 1
551
1 16 1
555
1 25 1
557
1 30 1
561
1 15 1
570
1 20 1
576
1 20 1
585
1 21 1
588
1 24 1
596
1 28 1
597
1 34 1
598
1 25 1
602
1 35 1
607
1 21 1
608
1 28 1
609
1 32 1
611
1 24 1
615
1 23 1
618
1 20 1
621
1 19 1
626
1 33 1
628
1 22 1
629
1 23 1
630
1 22 1
637
1 18 1
641
1 14 1
646
1 34 1
647
1 18 1
648
1 21 1
650
1 32 1
652
1 18 1
656
1 31 1
657
1 25 1
662
1 23 1
665
1 12 1
669
1 33 1
670
1 31 1
672
1 33 1
675
1 13 1
677
1 9 1
679
1 32 1
680
1 19 1
681
1 28 1
682
1 18 1
683
1 16 1
685
1 20 1
689
1 30 1
695
1 25 1
698
1 36 1
699
1 16 1
702
1 34 1
707
1 35 1
708
1 27 1
709
1 23 1
710
1 21 1
711
1 23 1
714
1 31 1
716
1 25 2
722 787
1 25 1
723
1 13 1
735
1 18 1
739
1 24 1
746
1 27 1
747
1 34 1
751
1 20 1
753
1 22 1
756
1 27 1
761
1 7 1
767
1 23 1
771
1 15 1
773
1 31 1
774
1 27 1
782
1 17 1
789
1 18 1
790
1 26 1
794
1 27 1
795
