800 395 1240 18
19 32 23 15 15 11 19 15 32 35 16 20 15 31 14 38 16 31 37 39 11 20 32 31 26 37 27 31 36 39 21 18 16 31 14 31 26 19 35 19 17 16 19 30 27 34 19 14 32 35 33 35 17 15 32 21 26 29 26 34 35 30 28 37 24 37 37 35 36 34 36 36 29 16 19 32 23 25 24 21 16 13 38 31 40 38 32 23 28 27 14 20 31 22 31 22 31 28 40 30 28 35 25 40 17 32 16 34 15 20 23 20 27 17 39 19 37 18 22 12 16 38 31 24 24 39 34 20 32 31 40 18 37 20 30 15 33 13 27 39 40 29 29 37 20 11 20 35 19 32 13 24 21 19 12 37 37 22 26 27 31 39 17 34 29 33 19 40 11 27 25 33 27 20 20 19 11 37 26 15 14 16 25 11 31 32 39 11 29 17 14 12 24 28 14 15 24 30 30 37 25 34 13 12 40 35 40 12 11 26 34 21 13 30 35 33 12 33 39 23 35 16 36 18 17 25 40 19 25 24 38 13 20 29 21 20 32 20 24 18 30 18 12 32 40 17 38 11 33 39 36 23 36 39 15 22 29 15 19 21 31 39 38 36 21 26 35 34 28 17 26 29 22 11 36 19 38 15 32 36 21 16 27 39 19 14 35 25 11 11 32 36 12 25 11 14 13 16 35 22 14 12 39 25 33 27 17 27 26 39 29 24 26 36 17 38 13 35 33 33 19 14 17 17 32 21 25 39 12 35 39 32 20 12 32 25 32 33 15 28 29 40 12 13 31 18 17 15 39 21 36 29 36 33 31 35 15 31 25 30 29 34 29 12 17 40 32 17 31 34 30 38 28 23 17 38 16 29 38 34 24 22 23 19 38 26 34 30 19 33 29 31 33 35 18 36 32 30 27 26 19 35 28 33 33 16 16 20 11 30 28 33 20 39 22 31 37 29 36 32 11 33 20 26 33 33 37 11 40 24 29 21 20 33 31 25 27 35 39 20 37 32 32 34 19 14 21 20 30 38 34 24 35 21 23 30 13 31 31 31 39 37 34 19 24 20 34 13 19 31 30 32 15 28 36 37 17 34 23 39 37 35 40 32 40 27 36 29 13 13 19 25 25 28 14 19 29 28 14 38 17 14 32 39 32 25 15 17 33 19 31 38 27 23 25 24 19 11 38 19 13 39 34 19 13 17 26 20 13 40 22 26 37 26 26 11 21 34 18 31 21 35 26 37 16 20 13 19 36 21 14 31 40 19 34 19 16 21 39 11 38 29 26 38 33 40 11 29 17 35 12 29 32 28 32 23 12 39 36 23 36 14 11 11 32 20 38 27 29 22 29 27 24 38 40 21 12 16 19 28 26 30 11 22 38 33 38 15 19 15 26 14 30 33 39 12 17 19 19 11 28 17 31 31 21 20 24 40 17 23 14 19 33 17 25 29 28 36 15 19 25 24 32 36 21 25 36 24 33 40 40 15 16 39 24 12 29 29 35 20 35 35 14 33 13 14 37 33 17 33 29 28 23 26 13 24 39 19 23 19 31 36 23 40 38 34 20 34 28 18 25 24 25 15 30 11 31 29 40 40 12 32 24 14 29 12 19 25 37 20 37 17 11 24 31 15 17 19 30 19 21 37 34 26 22 18 35 18 13 32 39 31 35 23 40 16 19 16 11 27 40 13 11 12 33 24 24 21 37 12 24 35 36 20 37 24 29 38 14 22 17 24 21 19 34 26 31 37 29 25 28 22 36 38 40 26 13 20 40 12 39 36 34 20 31 21 29 26 24 26 31 23 21 17 38 32 32 12 35 30
9 22 13 5 5 1 9 5 22 25 6 10 5 21 4 28 6 21 27 29 1 10 22 21 16 27 17 21 26 29 11 8 6 21 4 21 16 9 25 9 7 6 9 20 17 24 9 4 22 25 23 25 7 5 22 11 16 19 16 24 25 20 18 27 14 27 27 25 26 24 26 26 19 6 9 22 13 15 14 11 6 3 28 21 30 28 22 13 18 17 4 10 21 12 21 12 21 18 30 20 18 25 15 30 7 22 6 24 5 10 13 10 17 7 29 9 27 8 12 2 6 28 21 14 14 29 24 10 22 21 30 8 27 10 20 5 23 3 17 29 30 19 19 27 10 1 10 25 9 22 3 14 11 9 2 27 27 12 16 17 21 29 7 24 19 23 9 30 1 17 15 23 17 10 10 9 1 27 16 5 4 6 15 1 21 22 29 1 19 7 4 2 14 18 4 5 14 20 20 27 15 24 3 2 30 25 30 2 1 16 24 11 3 20 25 23 2 23 29 13 25 6 26 8 7 15 30 9 15 14 28 3 10 19 11 10 22 10 14 8 20 8 2 22 30 7 28 1 23 29 26 13 26 29 5 12 19 5 9 11 21 29 28 26 11 16 25 24 18 7 16 19 12 1 26 9 28 5 22 26 11 6 17 29 9 4 25 15 1 1 22 26 2 15 1 4 3 6 25 12 4 2 29 15 23 17 7 17 16 29 19 14 16 26 7 28 3 25 23 23 9 4 7 7 22 11 15 29 2 25 29 22 10 2 22 15 22 23 5 18 19 30 2 3 21 8 7 5 29 11 26 19 26 23 21 25 5 21 15 20 19 24 19 2 7 30 22 7 21 24 20 28 18 13 7 28 6 19 28 24 14 12 13 9 28 16 24 20 9 23 19 21 23 25 8 26 22 20 17 16 9 25 18 23 23 6 6 10 1 20 18 23 10 29 12 21 27 19 26 22 1 23 10 16 23 23 27 1 30 14 19 11 10 23 21 15 17 25 29 10 27 22 22 24 9 4 11 10 20 28 24 14 25 11 13 20 3 21 21 21 29 27 24 9 14 10 24 3 9 21 20 22 5 18 26 27 7 24 13 29 27 25 30 22 30 17 26 19 3 3 9 15 15 18 4 9 19 18 4 28 7 4 22 29 22 15 5 7 23 9 21 28 17 13 15 14 9 1 28 9 3 29 24 9 3 7 16 10 3 30 12 16 27 16 16 1 11 24 8 21 11 25 16 27 6 10 3 9 26 11 4 21 30 9 24 9 6 11 29 1 28 19 16 28 23 30 1 19 7 25 2 19 22 18 22 13 2 29 26 13 26 4 1 1 22 10 28 17 19 12 19 17 14 28 30 11 2 6 9 18 16 20 1 12 28 23 28 5 9 5 16 4 20 23 29 2 7 9 9 1 18 7 21 21 11 10 14 30 7 13 4 9 23 7 15 19 18 26 5 9 15 14 22 26 11 15 26 14 23 30 30 5 6 29 14 2 19 19 25 10 25 25 4 23 3 4 27 23 7 23 19 18 13 16 3 14 29 9 13 9 21 26 13 30 28 24 10 24 18 8 15 14 15 5 20 1 21 19 30 30 2 22 14 4 19 2 9 15 27 10 27 7 1 14 21 5 7 9 20 9 11 27 24 16 12 8 25 8 3 22 29 21 25 13 30 6 9 6 1 17 30 3 1 2 23 14 14 11 27 2 14 25 26 10 27 14 19 28 4 12 7 14 11 9 24 16 21 27 19 15 18 12 26 28 30 16 3 10 30 2 29 26 24 10 21 11 19 16 14 16 21 13 11 7 28 22 22 2 25 20
0 10 5
169 492 530 263 773
0 4 3
431 395 72
0 3 7
511 241 281 760 533 493 208
0 19 5
172 184 322 427 28
0 8 1
14
0 13 1
771
0 7 11
289 650 180 799 437 598 195 277 246 190 22
0 18 3
240 48 791
0 9 2
128 606
0 15 1
660
0 14 2
473 635
0 11 10
768 558 789 404 81 574 724 8 300 495
0 20 10
78 50 475 439 480 18 171 161 379 651
0 19 1
259
0 14 7
785 397 795 714 772 95 645
0 3 6
609 418 454 608 460 83
0 10 5
201 559 670 545 575
0 9 7
528 87 781 82 358 488 462
0 13 4
665 366 672 560
0 2 2
696 150
0 2 2
568 98
0 8 7
137 712 474 664 411 792 458
0 1 10
603 735 261 70 286 329 187 338 96 158
0 13 5
73 503 526 604 273
0 7 13
136 719 183 456 131 617 519 188 247 715 502 54 57
0 16 8
566 320 500 295 63 354 391 37
0 6 6
663 384 423 628 58 378
0 9 2
590 2
0 3 11
413 561 611 564 727 389 352 249 362 497 112
0 18 12
432 93 447 459 726 200 219 301 755 717 472 562
0 6 6
442 756 649 405 723 94
0 10 8
666 294 434 718 742 612 321 350
0 3 6
372 260 323 463 56 654
0 11 12
659 313 138 589 706 626 85 68 399 581 45 101
0 9 1
310
0 2 8
441 720 380 711 104 601 5 151
0 15 4
687 697 357 109
0 12 11
536 676 46 7 176 191 752 455 759 264 749
0 3 7
41 751 775 667 340 62 318
0 11 2
292 557
0 11 2
592 65
0 19 8
368 236 430 412 194 643 770 563
0 8 1
658
0 16 7
400 762 342 682 415 197 543
0 19 3
675 274 729
0 17 2
290 540
0 8 7
486 691 790 287 164 448 631
0 1 5
767 148 624 468 129
0 11 14
394 107 737 544 509 336 238 390 242 457 254 257 386 546
0 13 4
154 553 280 491
0 10 3
51 704 253
0 3 8
595 205 343 364 296 317 334 42
0 19 5
276 532 705 248 479
0 12 2
515 185
0 16 1
573
0 4 3
324 657 71
0 9 10
221 713 736 746 494 538 115 258 233 685
0 8 2
499 117
0 18 6
620 90 66 10 80 159
0 2 9
703 152 516 337 297 189 652 694 483
0 11 6
314 356 728 345 370 416
0 10 4
758 122 333 623
0 19 1
409
0 11 5
539 702 716 594 327
0 7 7
522 476 348 182 153 764 256
0 7 7
282 461 283 111 60 43 139
0 14 3
315 92 339
0 3 1
443
0 20 5
587 523 113 156 541
0 13 2
680 630
0 15 3
552 220 270
0 9 5
262 410 198 648 24
0 13 6
477 135 421 671 269 311
0 17 11
688 627 796 571 692 33 684 1 641 0 428
0 20 3
398 143 753
0 2 5
674 361 484 504 525
0 11 11
133 778 798 779 420 444 160 126 433 570 302
0 15 11
730 53 644 27 110 451 701 392 569 250 554
0 5 3
531 449 547
0 1 8
30 4 331 298 293 74 118 677
0 16 6
593 217 548 754 647 683
0 3 2
744 783
0 1 6
578 599 76 763 223 788
0 4 2
330 396
0 17 5
175 417 306 215 222
0 16 2
769 782
0 11 6
23 165 12 376 471 482
0 7 2
422 707
0 17 10
793 75 610 529 699 625 204 465 605 695
0 12 1
77
1 22 1
3
1 13 1
6
1 24 1
9
1 18 1
11
1 11 1
13
1 28 1
15
1 16 2
16 583
1 33 2
17 614
1 28 1
19
1 28 1
20
1 29 1
21
1 25 1
25
1 3 1
26
1 17 1
29
1 27 1
31
1 30 1
32
1 4 1
34
1 15 1
35
1 21 1
36
1 8 1
38
1 10 1
39
1 31 2
40 725
1 26 1
44
1 18 2
47 116
1 11 1
49
1 21 1
52
1 23 1
55
1 25 1
59
1 17 1
61
1 6 1
64
1 25 1
67
1 22 1
69
1 25 1
79
1 18 1
84
1 14 2
86 97
1 6 1
88
1 17 1
89
1 30 1
91
1 28 1
99
1 25 3
100 132 266
1 26 1
102
1 17 1
103
1 17 1
105
1 22 1
106
1 21 1
108
1 36 1
114
1 29 1
119
1 20 1
120
1 17 1
121
1 12 1
123
1 28 1
124
1 31 1
125
1 16 1
127
1 24 1
130
1 23 1
134
1 31 1
140
1 27 1
141
1 27 1
142
1 12 1
144
1 25 1
145
1 7 1
146
1 22 1
147
1 28 1
149
1 36 1
155
1 8 1
157
1 5 2
162 349
1 26 1
163
1 11 1
166
1 29 1
167
1 23 1
168
1 22 1
170
1 25 1
173
1 13 1
174
1 6 1
177
1 20 1
178
1 13 1
179
1 18 1
181
1 10 1
186
1 24 1
192
1 18 1
193
1 24 1
196
1 28 1
199
1 35 1
202
1 22 1
203
1 29 1
206
1 19 1
207
1 26 1
209
1 18 1
210
1 21 1
211
1 21 1
212
1 17 1
213
1 27 1
214
1 13 1
216
1 12 1
218
1 19 1
224
1 27 1
225
1 27 1
226
1 16 1
227
1 14 1
228
1 12 1
229
1 39 1
230
1 12 1
231
1 25 1
232
1 7 1
234
1 28 1
235
1 14 1
237
1 27 1
239
1 18 1
243
1 7 1
244
1 22 1
245
1 23 1
251
1 32 1
252
1 29 1
255
1 39 1
265
1 7 1
267
1 7 1
268
1 31 1
271
1 29 1
272
1 16 1
275
1 32 1
278
1 5 1
279
1 21 1
284
1 34 1
285
1 12 1
288
1 22 1
291
1 13 1
299
1 24 1
303
1 13 1
304
1 26 1
305
1 11 1
307
1 25 1
308
1 9 1
309
1 17 1
312
1 30 1
316
1 11 1
319
1 36 1
325
1 23 1
326
1 19 1
328
1 14 1
332
1 5 1
335
1 22 1
341
1 8 1
344
1 20 1
346
1 25 1
347
1 13 1
351
1 21 1
353
1 24 1
355
1 9 1
359
1 26 1
360
1 10 1
363
1 17 1
365
1 7 1
367
1 13 1
369
1 14 2
371 661
1 26 1
373
1 23 1
374
1 31 1
375
1 23 1
377
1 23 1
381
1 23 1
382
1 19 1
383
1 16 1
385
1 14 1
387
1 34 1
388
1 17 1
393
1 24 1
401
1 22 1
402
1 20 1
403
1 21 1
406
1 20 1
407
1 4 1
408
1 10 1
414
1 25 1
419
1 12 1
424
1 29 1
425
1 11 1
426
1 21 1
429
1 28 1
435
1 25 1
436
1 20 1
438
1 25 1
440
1 16 2
445 690
1 27 1
446
1 24 1
450
1 16 1
452
1 8 1
453
1 6 1
464
1 27 1
466
1 33 1
467
1 20 1
469
1 14 1
470
1 15 1
478
1 27 1
481
1 13 1
485
1 15 1
487
1 10 1
489
1 30 1
490
1 21 1
496
1 17 1
498
1 30 1
501
1 21 1
505
1 23 1
506
1 28 1
507
1 32 1
508
1 15 1
510
1 10 1
512
1 17 1
513
1 16 1
514
1 14 1
517
1 27 1
518
1 32 1
520
1 20 1
521
1 14 1
524
1 21 1
527
1 12 1
534
1 21 1
535
1 10 1
537
1 22 1
542
1 11 1
549
1 36 1
550
1 24 1
551
1 36 1
555
1 30 1
556
1 30 1
565
1 18 1
567
1 31 1
572
1 19 1
576
1 22 1
577
1 30 1
579
1 23 1
580
1 20 1
582
1 18 1
584
1 12 1
585
1 12 1
586
1 26 1
588
1 23 1
591
1 26 1
596
1 35 1
597
1 17 1
600
1 21 1
602
1 20 1
607
1 22 1
613
1 28 1
615
1 31 1
616
1 19 1
618
1 22 1
619
1 28 1
621
1 10 1
622
1 6 1
629
1 15 1
632
1 9 1
633
1 27 1
634
1 19 1
636
1 10 1
637
1 29 1
638
1 18 1
639
1 16 1
640
1 29 1
642
1 27 1
646
1 19 1
653
1 20 1
655
1 28 1
656
1 29 1
662
1 24 1
668
1 25 1
669
1 26 1
673
1 8 1
678
1 25 1
679
1 27 1
681
1 21 1
686
1 17 1
689
1 23 1
693
1 30 1
698
1 4 1
700
1 17 1
708
1 23 1
709
1 13 1
710
1 25 1
721
1 28 1
722
1 21 1
731
1 24 1
732
1 26 1
733
1 20 1
734
1 31 1
738
1 24 1
739
1 21 1
740
1 36 1
741
1 24 1
743
1 26 1
745
1 20 1
747
1 28 1
748
1 18 1
750
1 19 1
757
1 27 1
761
1 32 1
765
1 23 1
766
1 18 1
774
1 38 1
776
1 29 1
777
1 12 1
780
1 20 1
784
1 20 1
786
1 36 1
787
1 27 1
794
1 33 1
797
