1000 479 1550 18
39 12 14 38 19 35 13 19 35 39 22 33 37 18 29 12 35 27 32 37 26 37 22 38 19 24 14 32 26 17 34 19 15 30 18 30 26 31 23 20 35 18 28 34 35 28 36 21 21 23 13 28 21 13 31 16 13 11 15 15 25 19 20 30 17 22 19 30 12 37 20 37 36 22 25 20 27 20 12 21 33 21 22 13 14 24 18 26 18 31 12 22 13 22 12 26 38 17 31 15 20 25 20 28 36 40 18 34 11 17 26 12 39 26 29 22 36 13 11 12 26 15 21 30 14 25 31 20 40 22 34 39 22 16 11 14 16 15 29 33 40 20 32 14 13 11 29 16 38 35 25 19 36 36 26 21 26 26 33 20 14 28 16 19 12 38 38 13 15 17 32 33 13 39 17 19 18 18 32 24 32 18 18 23 32 36 13 11 33 20 28 28 11 28 28 21 12 27 35 31 20 25 38 29 30 25 30 33 15 11 20 16 34 16 39 14 19 30 14 30 20 17 22 13 22 28 17 36 32 15 20 37 22 40 24 36 35 36 32 17 22 23 13 27 33 30 24 29 18 25 13 36 32 25 21 26 21 19 19 24 26 12 24 30 19 39 21 28 40 22 39 38 11 32 33 11 26 22 16 28 30 14 22 28 18 18 14 19 24 17 37 31 19 16 17 12 15 18 15 20 28 11 11 34 15 39 21 29 16 39 28 23 22 23 28 29 14 11 36 19 25 33 39 16 40 16 22 14 11 34 24 37 32 27 24 31 12 33 35 33 25 16 26 39 25 17 15 29 13 17 25 33 40 34 28 13 24 22 29 39 30 39 32 20 21 40 13 13 20 38 39 12 26 31 32 13 37 21 23 33 14 37 25 29 32 27 14 11 14 38 15 35 20 37 12 21 34 34 14 23 16 20 34 32 30 37 21 20 32 11 20 24 12 20 25 15 31 20 34 35 34 19 20 34 19 15 37 19 21 33 11 39 12 13 20 20 12 23 36 32 27 16 18 31 30 32 13 12 37 18 31 37 33 23 29 27 21 16 24 40 16 14 17 14 31 28 38 29 17 17 29 13 20 22 25 29 36 29 26 33 19 23 17 35 39 15 16 34 32 29 31 20 40 21 39 16 12 38 11 28 13 15 29 32 29 28 30 34 29 24 17 40 14 24 22 13 29 16 20 18 19 26 32 28 30 20 32 30 32 21 32 37 12 33 34 12 25 11 13 14 38 13 39 34 33 35 36 28 22 14 38 32 26 39 16 29 28 22 27 20 30 22 16 39 22 14 19 38 19 30 27 23 38 16 38 16 20 13 39 23 14 23 38 36 27 40 23 29 27 15 14 22 38 38 29 26 38 27 40 22 37 29 30 21 18 24 14 20 15 29 25 21 37 40 21 20 33 13 14 37 16 21 18 13 37 22 17 29 27 30 23 11 15 29 37 14 18 14 25 23 33 25 29 16 33 33 24 30 16 17 14 36 35 35 13 36 21 33 12 28 25 21 29 15 33 30 30 12 25 29 29 21 29 12 23 31 23 38 36 11 25 39 18 28 38 39 20 22 34 38 23 29 37 35 19 26 21 22 33 20 28 16 14 12 24 28 23 26 13 36 32 33 11 24 27 16 28 15 11 21 22 20 19 40 28 22 35 38 16 39 33 17 35 26 29 27 14 12 12 11 30 26 26 39 40 22 27 35 13 18 29 29 39 14 23 22 39 34 21 21 14 25 18 14 36 17 23 29 36 33 26 26 37 38 13 25 28 21 28 16 40 19 13 34 30 18 29 31 30 26 27 29 16 23 20 40 21 16 40 20 15 25 28 21 18 13 28 29 39 29 11 16 38 25 24 28 38 24 40 33 25 30 34 24 21 33 23 33 16 25 20 40 24 40 40 18 21 14 18 28 18 35 11 22 22 36 36 27 17 15 19 21 21 39 13 33 27 21 28 16 31 17 39 18 17 38 12 27 25 40 17 32 30 37 32 11 15 38 21 34 12 34 16 30 15 15 20 12 27 39 16 23 29 29 30 22 38 23 34 22 15 14 17 35 20 11 27 27 34 23 14 17 11 27 40 20 39 21 20 40 17 40 20 40 38 27 15 20 28 18 34 19 15 37 21 23 13 34 33 12 31 33 15 23 40 23 40 27 20 29 11 23 23 34 37 33 20 24 31 38 37 15 14 27 20 14 19 27 14 30 32 31 17 17 32 33 19 36 31 38 15 36 11 13 15 15 16 30 39 22 31 32 34 17 11 28 36 24 12 26
29 2 4 28 9 25 3 9 25 29 12 23 27 8 19 2 25 17 22 27 16 27 12 28 9 14 4 22 16 7 24 9 5 20 8 20 16 21 13 10 25 8 18 24 25 18 26 11 11 13 3 18 11 3 21 6 3 1 5 5 15 9 10 20 7 12 9 20 2 27 10 27 26 12 15 10 17 10 2 11 23 11 12 3 4 14 8 16 8 21 2 12 3 12 2 16 28 7 21 5 10 15 10 18 26 30 8 24 1 7 16 2 29 16 19 12 26 3 1 2 16 5 11 20 4 15 21 10 30 12 24 29 12 6 1 4 6 5 19 23 30 10 22 4 3 1 19 6 28 25 15 9 26 26 16 11 16 16 23 10 4 18 6 9 2 28 28 3 5 7 22 23 3 29 7 9 8 8 22 14 22 8 8 13 22 26 3 1 23 10 18 18 1 18 18 11 2 17 25 21 10 15 28 19 20 15 20 23 5 1 10 6 24 6 29 4 9 20 4 20 10 7 12 3 12 18 7 26 22 5 10 27 12 30 14 26 25 26 22 7 12 13 3 17 23 20 14 19 8 15 3 26 22 15 11 16 11 9 9 14 16 2 14 20 9 29 11 18 30 12 29 28 1 22 23 1 16 12 6 18 20 4 12 18 8 8 4 9 14 7 27 21 9 6 7 2 5 8 5 10 18 1 1 24 5 29 11 19 6 29 18 13 12 13 18 19 4 1 26 9 15 23 29 6 30 6 12 4 1 24 14 27 22 17 14 21 2 23 25 23 15 6 16 29 15 7 5 19 3 7 15 23 30 24 18 3 14 12 19 29 20 29 22 10 11 30 3 3 10 28 29 2 16 21 22 3 27 11 13 23 4 27 15 19 22 17 4 1 4 28 5 25 10 27 2 11 24 24 4 13 6 10 24 22 20 27 11 10 22 1 10 14 2 10 15 5 21 10 24 25 24 9 10 24 9 5 27 9 11 23 1 29 2 3 10 10 2 13 26 22 17 6 8 21 20 22 3 2 27 8 21 27 23 13 19 17 11 6 14 30 6 4 7 4 21 18 28 19 7 7 19 3 10 12 15 19 26 19 16 23 9 13 7 25 29 5 6 24 22 19 21 10 30 11 29 6 2 28 1 18 3 5 19 22 19 18 20 24 19 14 7 30 4 14 12 3 19 6 10 8 9 16 22 18 20 10 22 20 22 11 22 27 2 23 24 2 15 1 3 4 28 3 29 24 23 25 26 18 12 4 28 22 16 29 6 19 18 12 17 10 20 12 6 29 12 4 9 28 9 20 17 13 28 6 28 6 10 3 29 13 4 13 28 26 17 30 13 19 17 5 4 12 28 28 19 16 28 17 30 12 27 19 20 11 8 14 4 10 5 19 15 11 27 30 11 10 23 3 4 27 6 11 8 3 27 12 7 19 17 20 13 1 5 19 27 4 8 4 15 13 23 15 19 6 23 23 14 20 6 7 4 26 25 25 3 26 11 23 2 18 15 11 19 5 23 20 20 2 15 19 19 11 19 2 13 21 13 28 26 1 15 29 8 18 28 29 10 12 24 28 13 19 27 25 9 16 11 12 23 10 18 6 4 2 14 18 13 16 3 26 22 23 1 14 17 6 18 5 1 11 12 10 9 30 18 12 25 28 6 29 23 7 25 16 19 17 4 2 2 1 20 16 16 29 30 12 17 25 3 8 19 19 29 4 13 12 29 24 11 11 4 15 8 4 26 7 13 19 26 23 16 16 27 28 3 15 18 11 18 6 30 9 3 24 20 8 19 21 20 16 17 19 6 13 10 30 11 6 30 10 5 15 18 11 8 3 18 19 29 19 1 6 28 15 14 18 28 14 30 23 15 20 24 14 11 23 13 23 6 15 10 30 14 30 30 8 11 4 8 18 8 25 1 12 12 26 26 17 7 5 9 11 11 29 3 23 17 11 18 6 21 7 29 8 7 28 2 17 15 30 7 22 20 27 22 1 5 28 11 24 2 24 6 20 5 5 10 2 17 29 6 13 19 19 20 12 28 13 24 12 5 4 7 25 10 1 17 17 24 13 4 7 1 17 30 10 29 11 10 30 7 30 10 30 28 17 5 10 18 8 24 9 5 27 11 13 3 24 23 2 21 23 5 13 30 13 30 17 10 19 1 13 13 24 27 23 10 14 21 28 27 5 4 17 10 4 9 17 4 20 22 21 7 7 22 23 9 26 21 28 5 26 1 3 5 5 6 20 29 12 21 22 24 7 1 18 26 14 2 16
0 12 10
499 65 565 671 711 139 527 410 798 716
0 4 2
658 838
0 9 8
660 444 369 419 179 192 375 602
0 7 3
888 161 474
0 19 6
774 381 864 435 937 947
0 18 8
462 344 24 790 437 28 761 213
0 11 7
721 617 96 533 449 755 481
0 17 8
163 2 367 618 357 923 40 253
0 10 4
445 313 242 886
0 7 2
270 903
0 4 12
239 859 749 884 754 372 672 873 804 394 956 834
0 14 2
328 985
0 7 13
378 114 304 266 563 879 15 581 173 714 682 603 259
0 19 8
398 781 764 49 280 860 67 97
0 14 5
356 732 920 275 632
0 15 9
11 803 940 273 257 238 497 170 986
0 7 3
479 663 311
0 7 2
46 78
0 4 2
621 915
0 15 9
282 931 256 867 283 209 645 32 425
0 8 7
596 309 220 988 978 816 493
0 7 7
121 952 484 966 483 885 469
0 3 10
900 794 448 180 840 991 148 383 648 703
0 3 11
294 890 629 146 684 269 221 488 680 521 415
0 1 7
172 818 848 405 836 573 868
0 1 3
698 291 118
0 2 8
555 495 133 468 123 669 108 556
0 12 7
918 810 47 600 750 635 689
0 11 4
188 700 609 31
0 7 2
99 583
0 20 8
418 41 350 347 529 4 380 891
0 4 2
439 3
0 14 5
620 5 877 323 360
0 11 8
831 984 880 543 204 29 397 151
0 11 6
35 707 668 168 681 905
0 19 1
152
0 3 9
539 757 847 506 336 522 699 735 705
0 14 6
561 281 595 776 623 300
0 6 6
866 325 277 843 441 594
0 1 2
105 929
0 3 15
796 464 599 320 628 423 723 998 467 6 343 183 438 409 482
0 15 2
961 113
0 15 14
871 226 784 44 578 740 407 312 895 824 147 697 324 57
0 15 7
185 426 82 571 424 861 713
0 13 11
388 562 729 208 86 976 898 128 950 402 144
0 10 6
612 531 870 255 819 278
0 20 4
908 401 203 727
0 18 1
199
0 2 9
414 593 756 747 338 999 814 432 892
0 8 2
116 376
0 12 8
523 863 94 447 434 190 791 83
0 16 6
366 102 156 874 683 142
0 18 4
22 308 591 364
0 7 6
666 100 973 825 390 953
0 17 1
691
0 3 3
379 728 934
0 3 9
951 509 110 564 72 994 799 229 274
0 20 3
786 773 676
0 20 10
87 250 919 626 631 614 785 519 965 630
0 17 13
492 428 846 290 738 534 946 315 911 331 811 772 548
0 19 10
878 577 862 812 942 165 770 611 391 267
0 19 11
463 545 68 433 143 928 686 261 107 939 996
0 20 6
450 734 465 955 198 936
0 1 3
53 333 725
0 11 7
974 74 815 992 586 608 844
0 16 8
64 443 215 36 559 587 917 823
0 13 3
385 542 13
0 1 9
560 21 933 472 865 109 103 222 232
0 17 8
502 540 730 839 235 568 95 977
0 3 12
33 287 52 51 26 694 408 132 329 964 234 485
0 18 9
780 157 656 149 720 541 869 505 182
0 1 8
138 427 436 678 61 101 201 358
0 1 3
741 387 899
0 4 6
710 25 471 70 297 93
0 4 12
921 10 551 758 826 528 247 530 554 359 670 526
0 18 9
466 913 389 763 246 924 230 475 228
0 2 6
227 807 993 957 769 490
0 14 6
345 901 962 661 569 127
0 13 9
210 926 948 768 983 384 460 248 268
0 1 11
245 124 339 649 644 254 363 724 115 288 837
0 9 2
411 927
0 12 1
17
0 15 8
279 696 882 365 454 205 679 906
0 20 13
941 875 43 386 79 801 827 348 535 62 178 145 746
0 13 4
317 446 675 797
0 9 1
943
0 5 7
949 66 58 487 990 285 30
0 15 7
404 887 731 883 719 392 987
0 4 9
265 910 90 712 822 211 319 805 610
1 17 1
0
1 31 1
1
1 31 2
7 18
1 21 1
8
1 23 1
9
1 28 1
12
1 26 1
14
1 27 1
16
1 5 2
19 643
1 28 1
20
1 17 1
23
1 22 1
27
1 4 1
34
1 12 1
37
1 35 1
38
1 18 1
39
1 18 2
42 332
1 11 1
45
1 22 1
48
1 12 1
50
1 22 1
54
1 5 1
55
1 21 1
56
1 19 2
59 98
1 17 2
60 503
1 31 1
63
1 28 1
69
1 23 1
71
1 16 1
73
1 18 1
75
1 4 1
76
1 24 1
77
1 19 1
80
1 15 1
81
1 17 2
84 241
1 10 1
85
1 39 1
88
1 12 1
89
1 28 1
91
1 11 1
92
1 34 1
104
1 34 1
106
1 32 1
111
1 33 1
112
1 10 2
117 510
1 22 2
119 872
1 19 1
120
1 7 1
122
1 28 2
125 508
1 30 1
126
1 6 1
129
1 21 1
130
1 22 1
131
1 24 1
134
1 14 1
135
1 15 1
136
1 22 1
137
1 32 2
140 377
1 26 1
141
1 35 1
150
1 29 1
153
1 28 1
154
1 11 1
155
1 38 1
158
1 21 1
159
1 10 1
160
1 8 1
162
1 16 1
164
1 27 2
166 795
1 5 1
167
1 31 1
169
1 3 2
171 570
1 21 1
174
1 12 1
175
1 2 1
176
1 30 1
177
1 29 1
181
1 6 1
184
1 14 1
186
1 10 1
187
1 10 1
189
1 22 1
191
1 14 1
193
1 34 1
194
1 26 1
195
1 18 1
196
1 14 1
197
1 25 2
200 223
1 5 1
202
1 19 1
206
1 34 1
207
1 20 1
212
1 13 1
214
1 13 1
216
1 29 1
217
1 20 1
218
1 23 1
219
1 27 1
224
1 15 1
225
1 17 1
231
1 10 2
233 579
1 15 1
236
1 4 1
237
1 11 1
240
1 19 1
243
1 24 1
244
1 24 1
249
1 17 1
251
1 15 2
252 733
1 16 1
258
1 8 1
260
1 20 1
262
1 32 1
263
1 23 1
264
1 9 1
271
1 16 1
272
1 21 1
276
1 32 1
284
1 28 1
286
1 25 1
289
1 29 2
292 430
1 27 1
293
1 24 1
295
1 15 1
296
1 39 1
298
1 18 2
299 616
1 29 1
301
1 32 1
302
1 26 1
303
1 30 1
305
1 10 1
306
1 31 1
307
1 26 1
310
1 20 1
314
1 20 1
316
1 6 1
318
1 21 1
321
1 14 1
322
1 37 1
326
1 29 1
327
1 16 1
330
1 23 1
334
1 39 1
335
1 20 1
337
1 4 1
340
1 15 1
341
1 27 1
342
1 23 1
346
1 16 1
349
1 25 1
351
1 17 1
352
1 25 1
353
1 31 1
354
1 26 1
355
1 25 1
361
1 21 2
362 622
1 12 1
368
1 35 1
370
1 23 1
371
1 27 1
373
1 21 1
374
1 17 1
382
1 32 1
393
1 11 2
395 766
1 18 1
396
1 15 1
399
1 14 2
400 945
1 22 1
403
1 12 1
406
1 24 1
412
1 8 1
413
1 25 1
416
1 29 1
417
1 33 1
420
1 26 1
421
1 10 1
422
1 14 1
429
1 19 1
431
1 39 1
440
1 10 1
442
1 5 1
451
1 37 1
452
1 31 1
453
1 18 1
455
1 36 1
456
1 23 1
457
1 27 1
458
1 21 1
459
1 24 1
461
1 27 1
470
1 16 1
473
1 12 1
476
1 32 1
477
1 21 1
478
1 22 1
480
1 27 1
486
1 31 1
489
1 36 1
491
1 14 1
494
1 35 1
496
1 8 1
498
1 16 1
500
1 22 1
501
1 32 1
504
1 29 1
507
1 17 1
511
1 7 1
512
1 8 1
513
1 20 1
514
1 13 1
515
1 5 1
516
1 2 1
517
1 34 1
518
1 15 1
520
1 30 1
524
1 4 1
525
1 22 1
532
1 21 1
536
1 19 1
537
1 31 1
538
1 7 1
544
1 20 1
546
1 26 1
547
1 9 1
549
1 18 1
550
1 15 1
552
1 29 1
553
1 26 1
557
1 20 1
558
1 31 1
566
1 23 1
567
1 29 1
572
1 17 1
574
1 12 2
575 907
1 34 2
576 793
1 24 2
580 597
1 22 2
582 792
1 31 1
584
1 15 1
585
1 36 1
588
1 32 1
589
1 18 1
590
1 15 1
592
1 24 1
598
1 23 1
601
1 25 1
604
1 27 1
605
1 21 1
606
1 35 1
607
1 23 1
613
1 9 1
615
1 11 1
619
1 26 1
624
1 30 1
625
1 4 1
627
1 33 2
633 849
1 30 1
634
1 23 1
636
1 32 1
637
1 31 2
638 856
1 8 1
639
1 3 1
640
1 29 1
641
1 4 1
642
1 24 1
646
1 27 1
647
1 8 1
650
1 8 1
651
1 10 1
652
1 37 1
653
1 15 1
654
1 33 1
655
1 22 1
657
1 27 1
659
1 9 1
662
1 13 1
664
1 23 1
665
1 30 1
667
1 26 1
673
1 32 1
674
1 20 1
677
1 35 1
685
1 3 1
687
1 17 1
688
1 10 1
690
1 27 1
692
1 18 1
693
1 29 1
695
1 21 1
701
1 13 1
702
1 18 1
704
1 12 1
706
1 5 1
708
1 30 1
709
1 14 1
715
1 35 1
717
1 11 1
718
1 21 1
722
1 38 1
726
1 26 1
736
1 10 1
737
1 30 1
739
1 31 1
742
1 21 1
743
1 14 1
744
1 19 1
745
1 28 1
748
1 23 1
751
1 16 1
752
1 17 1
753
1 28 1
759
1 25 1
760
1 3 1
762
1 33 1
765
1 19 1
767
1 20 1
771
1 38 1
775
1 24 1
777
1 14 1
778
1 8 1
779
1 17 1
782
1 18 1
783
1 7 1
787
1 12 1
788
1 16 1
789
1 15 1
800
1 33 1
802
1 15 1
806
1 9 1
808
1 12 1
809
1 36 1
813
1 17 1
817
1 33 1
820
1 25 1
821
1 24 1
828
1 16 1
829
1 9 1
830
1 7 1
832
1 26 1
833
1 14 1
835
1 18 1
841
1 27 1
842
1 14 1
845
1 21 1
850
1 37 1
851
1 19 1
852
1 24 1
853
1 25 1
854
1 32 1
855
1 17 1
857
1 15 1
858
1 12 1
876
1 26 1
881
1 22 1
889
1 14 1
893
1 24 1
894
1 23 1
896
1 20 1
897
1 26 1
902
1 14 1
904
1 12 1
909
1 22 1
912
1 19 1
914
1 28 1
916
1 35 1
922
1 31 1
925
1 34 1
930
1 11 1
932
1 6 1
935
1 33 1
938
1 30 1
944
1 12 1
954
1 39 1
958
1 29 1
959
1 19 1
960
1 23 1
963
1 33 1
967
1 26 1
968
1 36 1
969
1 3 1
970
1 26 1
971
1 24 1
972
1 29 1
975
1 19 1
979
1 6 1
980
1 24 1
981
1 11 1
982
1 31 1
989
1 39 1
995
1 2 1
997
