500 259 775 20
21 13 30 31 15 27 19 35 23 35 11 11 33 17 32 30 25 11 19 18 32 28 21 33 12 19 36 40 27 40 38 35 14 20 24 27 27 23 18 38 28 35 32 13 17 11 29 37 36 21 24 39 14 35 28 33 16 30 39 28 27 34 12 33 22 27 25 35 15 18 20 25 28 25 24 32 27 23 14 23 33 16 14 16 39 19 13 26 22 34 28 27 22 28 25 21 20 29 25 17 33 21 30 17 30 11 17 19 12 14 24 40 12 18 28 34 16 11 19 15 20 31 39 13 22 16 36 36 30 20 24 39 34 34 18 25 26 37 25 13 31 23 12 20 12 19 26 37 39 21 40 24 33 25 36 23 31 14 40 23 20 21 12 22 33 35 36 11 39 22 23 37 14 33 26 27 21 24 32 18 39 31 36 15 16 25 40 15 36 37 28 35 18 36 27 38 24 19 35 25 25 23 27 21 16 23 28 37 39 26 19 26 15 40 39 33 22 24 36 19 11 38 23 31 19 15 13 21 33 24 21 31 15 37 30 21 33 28 12 18 21 14 22 17 19 35 37 12 19 36 30 35 27 22 27 12 36 20 28 11 28 11 31 23 21 38 32 18 29 25 27 18 28 32 24 17 35 20 24 21 34 36 40 32 37 18 18 31 11 29 21 34 34 19 18 32 26 37 13 39 27 40 32 23 39 19 18 17 34 37 34 37 20 15 12 34 34 34 11 37 19 24 23 39 19 24 32 21 33 24 35 11 37 38 12 24 37 36 25 34 12 20 18 38 39 13 28 28 18 14 11 19 29 35 16 23 22 36 29 15 24 36 19 31 17 34 13 28 20 36 34 22 33 25 18 20 25 35 16 17 16 37 38 37 40 28 31 36 16 25 34 13 36 14 12 11 23 33 16 40 31 17 37 21 31 18 21 23 31 16 28 30 35 14 17 36 28 27 35 28 32 21 13 16 22 37 14 31 30 28 19 29 21 12 14 22 30 40 32 16 40 30 23 17 20 38 17 36 20 34 11 22 22 37 23 25 14 37 32 25 20 16 17 13 12 19 13 37 21 40 35 15 17 32 11 22 22 31 32 38 26 15 25 21 26 15 29 33 29 25 38 22 26 37 25 17 20 31 30 39
11 3 20 21 5 17 9 25 13 25 1 1 23 7 22 20 15 1 9 8 22 18 11 23 2 9 26 30 17 30 28 25 4 10 14 17 17 13 8 28 18 25 22 3 7 1 19 27 26 11 14 29 4 25 18 23 6 20 29 18 17 24 2 23 12 17 15 25 5 8 10 15 18 15 14 22 17 13 4 13 23 6 4 6 29 9 3 16 12 24 18 17 12 18 15 11 10 19 15 7 23 11 20 7 20 1 7 9 2 4 14 30 2 8 18 24 6 1 9 5 10 21 29 3 12 6 26 26 20 10 14 29 24 24 8 15 16 27 15 3 21 13 2 10 2 9 16 27 29 11 30 14 23 15 26 13 21 4 30 13 10 11 2 12 23 25 26 1 29 12 13 27 4 23 16 17 11 14 22 8 29 21 26 5 6 15 30 5 26 27 18 25 8 26 17 28 14 9 25 15 15 13 17 11 6 13 18 27 29 16 9 16 5 30 29 23 12 14 26 9 1 28 13 21 9 5 3 11 23 14 11 21 5 27 20 11 23 18 2 8 11 4 12 7 9 25 27 2 9 26 20 25 17 12 17 2 26 10 18 1 18 1 21 13 11 28 22 8 19 15 17 8 18 22 14 7 25 10 14 11 24 26 30 22 27 8 8 21 1 19 11 24 24 9 8 22 16 27 3 29 17 30 22 13 29 9 8 7 24 27 24 27 10 5 2 24 24 24 1 27 9 14 13 29 9 14 22 11 23 14 25 1 27 28 2 14 27 26 15 24 2 10 8 28 29 3 18 18 8 4 1 9 19 25 6 13 12 26 19 5 14 26 9 21 7 24 3 18 10 26 24 12 23 15 8 10 15 25 6 7 6 27 28 27 30 18 21 26 6 15 24 3 26 4 2 1 13 23 6 30 21 7 27 11 21 8 11 13 21 6 18 20 25 4 7 26 18 17 25 18 22 11 3 6 12 27 4 21 20 18 9 19 11 2 4 12 20 30 22 6 30 20 13 7 10 28 7 26 10 24 1 12 12 27 13 15 4 27 22 15 10 6 7 3 2 9 3 27 11 30 25 5 7 22 1 12 12 21 22 28 16 5 15 11 16 5 19 23 19 15 28 12 16 27 15 7 10 21 20 29
0 4 6
196 300 365 3 203 454
0 19 4
293 284 37 483
0 7 1
84
0 7 6
35 349 272 179 432 406
0 15 3
128 133 171
0 1 3
269 251 270
0 14 7
283 403 400 121 182 140 240
0 20 1
218
0 20 2
197 395
0 19 2
248 125
0 20 3
472 476 53
0 13 6
55 190 350 397 116 106
0 10 3
347 331 234
0 3 8
267 71 277 184 174 417 152 187
0 3 4
490 384 451 273
0 14 10
309 402 176 93 50 485 73 411 159 390
0 11 2
342 482
0 19 2
154 408
0 14 7
399 227 447 68 165 364 475
0 12 4
18 177 219 249
0 6 9
370 143 444 459 43 223 427 235 354
0 14 4
9 413 178 46
0 4 1
371
0 13 6
146 434 435 247 120 19
0 14 3
299 149 238
0 14 4
392 323 491 12
0 15 6
236 302 118 162 27 89
0 8 3
222 316 263
0 7 4
216 48 31 155
0 17 2
375 250
0 5 3
391 339 312
0 16 8
74 340 421 22 208 366 489 279
0 19 2
45 77
0 19 3
481 107 8
0 5 6
21 328 457 381 463 420
0 16 5
437 78 262 207 394
0 14 8
313 139 91 471 122 17 239 254
0 19 2
315 231
0 16 4
468 61 419 368
0 20 1
479
0 1 7
294 44 261 265 374 230 307
0 19 2
264 42
0 7 5
352 69 305 335 319
0 18 3
141 416 100
0 10 2
412 330
0 18 4
172 169 41 409
0 19 4
492 156 488 296
0 7 3
346 30 275
0 19 1
188
0 16 1
461
0 2 3
206 183 497
0 14 1
369
0 18 5
274 4 469 311 466
0 3 3
60 322 66
0 3 2
82 132
0 6 3
450 297 175
0 18 7
306 268 292 336 192 308 385
0 6 4
151 170 15 285
0 2 2
40 200
0 13 4
440 214 181 383
0 19 8
59 266 361 260 386 448 362 324
0 2 4
129 36 130 39
0 9 6
228 193 232 301 460 245
0 1 5
356 38 47 452 124
0 18 3
237 478 359
0 3 6
215 320 158 168 99 145
0 14 6
25 189 212 94 495 291
0 8 2
26 287
0 13 5
424 422 111 341 286
0 20 2
326 493
0 16 5
103 213 62 157 396
0 19 1
414
0 4 5
173 442 428 345 373
0 13 4
380 109 325 166
0 3 5
65 464 86 95 224
0 19 3
404 23 113
0 12 3
49 202 480
0 18 6
138 317 353 455 211 186
1 29 1
0
1 17 1
1
1 15 1
2
1 22 1
5
1 28 1
6
1 20 1
7
1 19 1
10
1 7 1
11
1 19 1
13
1 21 1
14
1 38 1
16
1 37 1
20
1 34 1
24
1 38 1
28
1 6 1
29
1 38 2
32 198
1 10 1
33
1 18 1
34
1 28 1
51
1 23 1
52
1 16 1
54
1 39 1
56
1 33 1
57
1 18 1
58
1 28 1
63
1 9 1
64
1 36 1
67
1 19 1
70
1 29 2
72 429
1 17 1
75
1 33 1
76
1 33 1
79
1 33 1
80
1 26 1
81
1 21 1
83
1 16 1
85
1 17 1
87
1 18 1
88
1 30 1
90
1 25 3
92 210 425
1 15 1
96
1 26 1
97
1 26 1
98
1 24 1
101
1 28 1
102
1 27 1
104
1 17 1
105
1 27 1
108
1 18 1
110
1 27 1
112
1 15 1
114
1 38 1
115
1 35 1
117
1 38 1
119
1 33 1
123
1 34 1
126
1 25 1
127
1 26 1
131
1 25 1
134
1 33 1
135
1 8 1
136
1 8 1
137
1 10 1
142
1 32 1
144
1 34 1
147
1 33 1
148
1 10 1
150
1 33 1
153
1 22 1
160
1 23 1
161
1 25 1
163
1 12 1
164
1 39 1
167
1 31 1
180
1 33 1
185
1 23 1
191
1 19 1
194
1 21 1
195
1 19 1
199
1 23 1
201
1 23 1
204
1 9 1
205
1 28 1
209
1 22 2
217 257
1 8 1
220
1 38 1
221
1 28 1
225
1 26 1
226
1 17 1
229
1 28 1
233
1 21 1
241
1 8 1
242
1 23 1
243
1 29 1
244
1 22 1
246
1 23 1
252
1 12 1
253
1 30 1
255
1 24 1
256
1 2 1
258
1 30 1
259
1 12 1
271
1 34 1
276
1 13 1
278
1 10 1
280
1 32 1
281
1 14 1
282
1 32 1
288
1 32 1
289
1 29 1
290
1 20 1
295
1 18 1
298
1 15 1
303
1 26 1
304
1 21 1
310
1 16 1
314
1 14 1
318
1 20 1
321
1 30 1
327
1 21 1
329
1 10 1
332
1 14 1
333
1 33 1
334
1 14 1
337
1 18 1
338
1 6 2
343 462
1 25 1
344
1 37 1
348
1 39 1
351
1 15 1
355
1 21 1
357
1 21 1
358
1 23 1
360
1 21 1
363
1 7 1
367
1 21 1
372
1 23 1
376
1 22 1
377
1 35 1
378
1 15 1
379
1 5 1
382
1 4 1
387
1 32 1
388
1 6 1
389
1 23 1
393
1 22 1
398
1 20 1
401
1 36 1
405
1 25 1
407
1 18 1
410
1 29 1
415
1 26 1
418
1 28 1
423
1 12 1
426
1 25 1
430
1 15 1
431
1 19 1
433
1 11 1
436
1 21 1
438
1 23 1
439
1 26 1
441
1 21 1
443
1 23 1
445
1 18 1
446
1 23 1
449
1 20 1
453
1 37 1
456
1 31 1
458
1 31 1
465
1 20 1
467
1 34 1
470
1 17 1
473
1 27 1
474
1 32 1
477
1 26 1
484
1 22 1
486
1 7 1
487
1 27 1
494
1 20 1
496
1 29 1
498
1 25 1
499
