700 335 1085 20
17 36 37 31 32 40 25 13 28 33 22 16 35 32 26 17 15 18 34 31 26 34 21 36 15 37 26 29 31 27 40 32 36 36 37 18 16 12 19 23 39 31 32 19 36 18 20 23 22 32 23 38 28 38 12 29 31 12 13 36 30 22 34 29 22 37 25 38 25 24 29 18 22 18 29 11 35 21 23 26 13 37 15 39 23 38 35 28 12 27 23 33 36 12 20 39 15 11 32 22 35 16 16 21 34 30 19 19 17 15 20 20 40 24 37 14 19 23 39 37 28 31 22 20 29 33 26 23 18 15 22 25 40 32 22 14 13 15 13 34 36 32 12 17 37 35 25 22 36 14 20 35 38 33 28 11 37 40 29 30 35 34 22 22 31 18 25 23 12 27 22 39 30 15 40 30 13 15 28 24 40 18 38 33 17 37 39 11 15 39 16 28 17 15 38 28 16 21 30 34 14 27 30 25 29 34 14 14 26 20 30 25 37 21 11 28 30 32 39 21 11 13 12 13 21 37 13 40 36 39 37 26 19 16 14 36 30 22 24 38 29 15 36 36 37 25 14 25 12 20 36 29 23 34 31 26 35 11 31 29 15 22 31 12 19 17 23 28 27 31 21 20 11 15 16 21 22 11 16 20 40 17 22 36 27 39 11 29 39 21 32 40 14 29 32 17 13 12 39 25 12 20 13 12 27 19 22 35 28 19 31 18 25 32 29 20 35 40 39 20 24 27 14 36 29 11 14 20 16 16 29 23 34 22 25 32 29 17 25 29 11 17 18 22 27 34 20 25 33 32 21 19 22 34 20 22 34 26 34 11 23 37 18 34 15 24 27 39 36 34 37 21 40 37 34 21 13 13 14 25 20 38 33 36 24 20 32 37 34 20 21 12 30 24 21 38 21 29 34 28 34 39 18 40 26 34 20 33 33 27 30 36 39 31 15 33 40 12 37 40 27 12 33 13 20 36 15 26 26 33 32 32 12 20 24 33 18 15 11 29 21 35 16 36 17 23 16 24 38 35 15 20 20 40 22 23 29 27 35 14 17 35 14 27 33 17 12 36 21 29 31 32 22 14 31 14 38 20 23 18 24 29 31 27 22 29 12 13 35 36 34 12 12 31 37 27 14 31 29 26 30 12 22 25 25 13 40 26 35 24 39 20 39 22 16 15 20 14 12 17 18 37 14 32 14 11 37 38 29 19 26 30 35 27 38 14 35 26 36 33 31 33 32 32 17 40 36 27 22 29 38 34 17 12 16 16 13 17 11 14 29 15 14 18 35 29 38 14 21 39 36 40 12 16 38 37 18 23 33 22 39 14 37 18 21 33 22 29 37 27 33 17 21 22 29 25 37 40 21 30 21 39 36 26 15 37 23 14 21 12 40 38 15 12 38 28 21 30 21 39 33 30 37 31 25 26 37 27 23 31 22 40 21 17 17 14 28 28 33 25 15 16 21 23 21 13 24 36 22 11 22 17 11 39 38 37 15 22 23 23 31 40 28 20 11 16 20 20 25 12 21 29 18 20 33 24 26 15 16 14 40 34 25 23 29 18 37 25 27 24 37 22 19 29 28 30 27 25 37 39
7 26 27 21 22 30 15 3 18 23 12 6 25 22 16 7 5 8 24 21 16 24 11 26 5 27 16 19 21 17 30 22 26 26 27 8 6 2 9 13 29 21 22 9 26 8 10 13 12 22 13 28 18 28 2 19 21 2 3 26 20 12 24 19 12 27 15 28 15 14 19 8 12 8 19 1 25 11 13 16 3 27 5 29 13 28 25 18 2 17 13 23 26 2 10 29 5 1 22 12 25 6 6 11 24 20 9 9 7 5 10 10 30 14 27 4 9 13 29 27 18 21 12 10 19 23 16 13 8 5 12 15 30 22 12 4 3 5 3 24 26 22 2 7 27 25 15 12 26 4 10 25 28 23 18 1 27 30 19 20 25 24 12 12 21 8 15 13 2 17 12 29 20 5 30 20 3 5 18 14 30 8 28 23 7 27 29 1 5 29 6 18 7 5 28 18 6 11 20 24 4 17 20 15 19 24 4 4 16 10 20 15 27 11 1 18 20 22 29 11 1 3 2 3 11 27 3 30 26 29 27 16 9 6 4 26 20 12 14 28 19 5 26 26 27 15 4 15 2 10 26 19 13 24 21 16 25 1 21 19 5 12 21 2 9 7 13 18 17 21 11 10 1 5 6 11 12 1 6 10 30 7 12 26 17 29 1 19 29 11 22 30 4 19 22 7 3 2 29 15 2 10 3 2 17 9 12 25 18 9 21 8 15 22 19 10 25 30 29 10 14 17 4 26 19 1 4 10 6 6 19 13 24 12 15 22 19 7 15 19 1 7 8 12 17 24 10 15 23 22 11 9 12 24 10 12 24 16 24 1 13 27 8 24 5 14 17 29 26 24 27 11 30 27 24 11 3 3 4 15 10 28 23 26 14 10 22 27 24 10 11 2 20 14 11 28 11 19 24 18 24 29 8 30 16 24 10 23 23 17 20 26 29 21 5 23 30 2 27 30 17 2 23 3 10 26 5 16 16 23 22 22 2 10 14 23 8 5 1 19 11 25 6 26 7 13 6 14 28 25 5 10 10 30 12 13 19 17 25 4 7 25 4 17 23 7 2 26 11 19 21 22 12 4 21 4 28 10 13 8 14 19 21 17 12 19 2 3 25 26 24 2 2 21 27 17 4 21 19 16 20 2 12 15 15 3 30 16 25 14 29 10 29 12 6 5 10 4 2 7 8 27 4 22 4 1 27 28 19 9 16 20 25 17 28 4 25 16 26 23 21 23 22 22 7 30 26 17 12 19 28 24 7 2 6 6 3 7 1 4 19 5 4 8 25 19 28 4 11 29 26 30 2 6 28 27 8 13 23 12 29 4 27 8 11 23 12 19 27 17 23 7 11 12 19 15 27 30 11 20 11 29 26 16 5 27 13 4 11 2 30 28 5 2 28 18 11 20 11 29 23 20 27 21 15 16 27 17 13 21 12 30 11 7 7 4 18 18 23 15 5 6 11 13 11 3 14 26 12 1 12 7 1 29 28 27 5 12 13 13 21 30 18 10 1 6 10 10 15 2 11 19 8 10 23 14 16 5 6 4 30 24 15 13 19 8 27 15 17 14 27 12 9 19 18 20 17 15 27 29
0 14 7
622 294 270 692 639 377 626
0 14 5
582 376 653 329 19
0 19 8
158 327 500 350 78 134 4 151
0 6 2
449 454
0 16 4
406 86 40 664
0 1 4
680 183 85 452
0 2 3
178 21 230
0 5 8
403 599 661 365 618 379 307 135
0 10 11
120 612 149 535 671 105 568 328 50 619 157
0 4 5
569 277 104 471 681
0 1 1
635
0 7 9
385 285 469 1 233 517 335 321 308
0 4 7
670 13 651 298 483 179 80
0 12 4
171 258 66 299
0 16 7
512 617 131 367 516 373 549
0 5 8
213 202 571 616 371 143 338 697
0 5 2
557 453
0 2 3
117 241 140
0 20 4
189 305 503 628
0 14 4
8 400 564 84
0 4 8
274 409 39 659 418 260 330 284
0 13 3
243 193 109
0 6 3
128 455 423
0 10 9
590 34 434 7 450 528 359 72 20
0 17 3
99 83 510
0 5 11
188 504 401 474 426 77 30 646 23 410 411
0 17 8
550 541 533 292 159 97 477 672
0 16 3
195 518 293
0 1 6
472 419 130 136 656 480
0 5 3
539 339 570
0 5 3
482 300 206
0 6 3
319 391 420
0 6 3
315 584 683
0 11 1
445
0 2 9
275 295 464 381 18 515 578 393 176
0 2 7
116 160 505 225 425 637 29
0 7 11
361 186 475 688 353 484 354 239 682 148 368
0 6 9
548 71 224 658 261 462 540 641 251
0 1 4
678 82 435 416
0 12 3
583 397 355
0 3 9
608 341 592 600 25 170 198 325 586
0 19 6
125 282 431 362 394 627
0 14 5
655 647 387 132 141
0 17 8
574 326 323 287 91 593 636 690
0 4 10
392 412 256 60 222 645 487 6 51 264
0 17 8
638 219 192 538 663 491 61 485
0 19 8
3 38 279 594 514 182 575 343
0 8 2
259 642
0 20 9
544 495 28 601 577 494 106 102 669
0 1 1
49
0 5 5
546 247 675 196 383
0 14 9
389 496 162 427 372 221 24 473 558
0 1 4
276 382 598 76
0 9 3
370 235 320
0 8 9
433 229 588 245 57 458 58 602 499
0 13 7
606 687 632 498 488 79 443
0 15 6
644 507 629 211 665 62
0 7 4
490 164 366 479
0 12 4
238 595 301 511
0 2 3
68 348 369
0 1 5
181 437 312 310 123
0 18 7
563 154 214 333 281 110 650
0 6 1
478
0 17 2
234 390
0 3 1
395
0 1 9
340 519 124 14 560 684 42 649 337
0 14 3
440 262 27
0 3 7
185 364 436 481 596 139 217
0 14 5
529 257 278 604 255
0 10 6
67 497 691 53 360 334
0 12 1
613
0 20 2
232 121
0 8 10
643 93 138 336 248 184 652 380 525 476
0 8 2
441 89
0 4 2
231 399
0 1 7
591 194 108 129 492 215 442
0 9 8
137 345 266 648 172 296 611 240
0 19 6
331 543 506 375 467 605
0 8 9
41 265 685 74 95 126 37 205 273
1 16 1
0
1 23 1
2
1 33 1
5
1 12 1
9
1 26 1
10
1 20 1
11
1 27 1
12
1 23 1
15
1 8 1
16
1 15 2
17 288
1 2 1
22
1 24 1
26
1 15 1
31
1 3 1
32
1 22 1
33
1 39 1
35
1 22 1
36
1 14 1
43
1 11 1
44
1 8 2
45 545
1 11 1
46
1 14 1
47
1 15 1
48
1 27 1
52
1 28 1
54
1 11 1
55
1 6 1
56
1 21 1
59
1 7 1
63
1 22 1
64
1 16 1
65
1 21 1
69
1 18 1
70
1 17 1
73
1 12 1
75
1 35 1
81
1 15 1
87
1 20 1
88
1 25 1
90
1 30 1
92
1 30 1
94
1 16 1
96
1 4 2
98 551
1 17 1
100
1 18 1
101
1 25 1
103
1 7 1
107
1 12 1
111
1 22 1
112
1 35 1
113
1 20 1
114
1 11 1
115
1 20 1
118
1 13 2
119 322
1 24 1
122
1 18 1
127
1 36 1
133
1 16 1
142
1 36 2
144 263
1 35 1
145
1 31 1
146
1 17 1
147
1 19 2
150 509
1 22 1
152
1 11 1
153
1 13 1
155
1 15 1
156
1 16 1
161
1 24 1
163
1 23 1
165
1 23 1
166
1 10 1
167
1 19 1
168
1 6 1
169
1 26 1
173
1 20 1
174
1 31 1
175
1 12 1
177
1 32 2
180 640
1 17 1
187
1 32 1
190
1 10 1
191
1 9 1
197
1 24 1
199
1 24 1
200
1 18 1
201
1 29 1
203
1 8 1
204
1 22 1
207
1 24 1
208
1 20 1
209
1 14 2
210 463
1 30 1
212
1 8 1
216
1 27 1
218
1 11 1
220
1 36 1
223
1 32 1
226
1 33 1
227
1 13 1
228
1 20 1
236
1 14 1
237
1 15 1
242
1 27 1
244
1 6 1
246
1 31 1
249
1 18 1
250
1 16 1
252
1 30 1
253
1 20 1
254
1 15 1
267
1 10 1
268
1 20 1
269
1 18 1
271
1 16 1
272
1 9 1
280
1 16 1
283
1 12 1
286
1 22 1
289
1 20 1
290
1 24 1
291
1 38 1
297
1 8 2
302 623
1 21 1
303
1 18 1
304
1 39 1
306
1 15 1
309
1 27 1
311
1 16 1
313
1 18 1
314
1 17 1
316
1 32 2
317 631
1 29 1
318
1 17 1
324
1 16 1
332
1 8 1
342
1 29 1
344
1 27 1
346
1 33 1
347
1 5 1
349
1 17 1
351
1 33 1
352
1 27 1
356
1 21 1
357
1 11 1
358
1 22 1
363
1 5 1
374
1 17 1
378
1 16 2
384 438
1 24 1
386
1 12 1
388
1 8 1
396
1 14 1
398
1 7 1
402
1 34 1
404
1 5 2
405 567
1 21 1
407
1 9 1
408
1 16 1
413
1 6 1
414
1 19 1
415
1 14 1
417
1 37 1
421
1 27 1
422
1 25 2
424 555
1 24 1
428
1 32 1
429
1 15 1
430
1 8 1
432
1 28 2
439 695
1 29 1
444
1 20 1
446
1 10 1
447
1 7 1
448
1 18 1
451
1 19 1
456
1 13 1
457
1 18 1
459
1 2 1
460
1 12 1
461
1 28 1
465
1 20 2
466 566
1 15 1
468
1 30 1
470
1 3 1
486
1 5 1
489
1 21 1
493
1 19 1
501
1 19 1
502
1 28 1
508
1 7 1
513
1 27 1
520
1 13 1
521
1 7 1
522
1 28 1
523
1 15 1
524
1 14 1
526
1 24 1
527
1 21 1
530
1 6 1
531
1 23 1
532
1 13 1
534
1 9 1
536
1 15 1
537
1 5 1
542
1 9 1
547
1 13 1
552
1 13 1
553
1 23 1
554
1 18 1
556
1 28 1
559
1 18 1
561
1 17 1
562
1 3 1
565
1 23 1
572
1 10 1
573
1 25 1
576
1 3 1
579
1 3 1
580
1 10 1
581
1 38 1
585
1 15 1
587
1 19 1
589
1 19 1
597
1 9 1
603
1 21 1
607
1 25 1
609
1 25 1
610
1 11 1
614
1 16 1
615
1 3 1
620
1 16 1
621
1 19 1
624
1 28 1
625
1 32 1
630
1 7 1
633
1 29 1
634
1 26 1
654
1 6 1
657
1 15 1
660
1 21 1
662
1 19 1
666
1 32 1
667
1 18 1
668
1 21 1
673
1 22 1
674
1 11 1
676
1 14 1
677
1 22 1
679
1 21 1
686
1 23 1
689
1 5 1
693
1 19 1
694
1 19 1
696
1 11 1
698
1 19 1
699
