1000 88 1550 18
36 18 30 18 22 18 22 30 28 27 31 28 30 19 15 37 36 32 23 32 29 17 18 35 37 34 13 39 15 29 32 40 30 36 35 17 40 16 38 39 29 20 14 30 35 37 11 39 25 33 23 33 23 33 38 16 21 32 22 26 24 20 12 33 16 23 33 30 40 11 24 20 30 39 39 36 35 20 27 32 20 32 14 11 20 39 20 22 38 11 25 31 23 13 17 13 11 12 23 24 28 33 21 31 15 15 19 28 16 32 12 18 24 22 18 31 21 12 30 28 38 40 28 13 24 26 17 25 34 18 19 21 28 15 23 33 34 34 27 18 26 27 30 19 29 29 25 35 11 37 16 40 21 25 31 14 38 12 40 40 38 12 19 40 27 18 36 29 29 20 22 37 13 38 23 34 29 16 22 18 11 11 38 15 20 38 23 28 14 27 14 14 38 38 19 29 38 27 34 31 26 24 38 11 32 30 39 19 35 20 18 12 13 17 25 11 38 15 12 31 14 27 33 40 26 34 17 31 26 11 27 23 35 15 11 40 11 14 16 12 19 13 36 15 14 12 22 40 26 33 16 31 24 24 27 32 40 23 16 35 23 39 24 21 21 38 19 13 38 33 22 33 20 34 25 12 32 16 36 26 40 37 39 37 38 30 33 18 38 28 18 14 38 31 30 15 17 20 22 20 23 14 36 15 23 17 33 26 18 32 30 13 22 21 38 14 24 21 14 16 30 29 16 34 27 25 17 13 22 17 38 11 18 22 24 12 18 31 22 32 36 38 14 38 14 31 38 12 13 31 37 11 16 12 35 12 18 34 28 29 21 30 20 13 27 37 26 18 17 24 38 31 25 38 16 28 28 24 24 21 39 20 29 11 30 32 40 24 25 16 13 27 17 28 19 30 11 24 25 36 17 29 13 20 39 14 23 38 13 13 33 19 38 40 11 20 19 20 34 19 26 38 12 26 28 27 24 30 21 25 11 39 38 34 22 13 23 15 11 24 25 18 37 29 28 38 31 23 40 24 13 29 17 12 23 40 17 28 30 38 20 19 32 21 25 21 27 39 39 27 21 11 37 40 35 27 34 31 21 13 17 38 36 30 23 20 25 34 28 14 13 34 16 22 20 14 36 22 38 17 29 34 36 21 17 34 25 38 23 28 24 34 15 24 13 25 25 37 40 36 28 36 11 30 31 15 28 32 24 37 11 15 13 25 26 14 20 20 20 16 19 21 24 19 36 29 34 20 23 21 16 21 27 18 15 17 36 14 26 23 36 17 28 39 29 25 27 33 32 22 12 11 15 35 27 21 21 32 16 37 15 33 27 19 22 37 25 21 25 14 23 26 23 38 18 26 34 35 31 35 33 17 35 17 35 28 17 28 29 22 27 18 22 18 30 32 13 35 31 33 26 34 35 20 16 24 20 40 16 25 38 22 28 16 17 19 30 24 22 16 28 25 39 29 25 26 26 30 16 23 27 18 39 39 28 30 12 18 33 11 31 35 14 23 12 40 28 34 34 23 18 27 12 20 16 26 32 34 23 34 32 32 33 33 25 31 39 27 19 25 31 24 18 13 36 31 21 28 34 20 33 33 18 11 24 12 23 21 26 35 40 30 34 15 11 11 25 35 33 36 18 33 13 15 27 12 25 39 13 16 15 35 15 18 29 21 20 20 23 20 37 16 20 31 12 17 17 34 34 34 16 26 11 12 40 35 27 37 39 12 15 29 25 17 34 40 19 21 36 33 26 11 12 30 30 26 20 34 30 17 18 14 36 22 11 37 22 28 15 21 17 14 25 15 28 38 33 28 15 16 29 15 20 29 39 25 30 30 35 26 26 39 15 13 30 36 36 15 31 34 40 37 34 33 31 24 33 15 22 23 21 11 25 39 36 25 21 31 37 35 39 33 22 39 22 15 18 31 38 20 33 27 37 33 39 19 24 16 25 14 16 40 19 28 40 29 11 26 38 13 19 13 30 33 34 13 19 33 16 32 28 38 31 29 20 13 38 30 25 14 38 24 14 27 24 22 33 34 23 21 31 30 18 27 16 20 14 32 34 33 23 39 22 21 33 34 35 13 13 38 21 32 19 29 15 14 22 24 11 18 11 38 31 12 37 25 31 29 16 27 33 26 29 20 25 15 14 20 13 35 13 19 23 18 13 40 19 37 13 21 14 27 27 19 12 37 19 34 17 21 29 20 30 28 13 26 29 26 36 36 16 22 27 26 22 30 13 39 13 30 14 21 16 37 40 17 20 33 37 27
26 8 20 8 12 8 12 20 18 17 21 18 20 9 5 27 26 22 13 22 19 7 8 25 27 24 3 29 5 19 22 30 20 26 25 7 30 6 28 29 19 10 4 20 25 27 1 29 15 23 13 23 13 23 28 6 11 22 12 16 14 10 2 23 6 13 23 20 30 1 14 10 20 29 29 26 25 10 17 22 10 22 4 1 10 29 10 12 28 1 15 21 13 3 7 3 1 2 13 14 18 23 11 21 5 5 9 18 6 22 2 8 14 12 8 21 11 2 20 18 28 30 18 3 14 16 7 15 24 8 9 11 18 5 13 23 24 24 17 8 16 17 20 9 19 19 15 25 1 27 6 30 11 15 21 4 28 2 30 30 28 2 9 30 17 8 26 19 19 10 12 27 3 28 13 24 19 6 12 8 1 1 28 5 10 28 13 18 4 17 4 4 28 28 9 19 28 17 24 21 16 14 28 1 22 20 29 9 25 10 8 2 3 7 15 1 28 5 2 21 4 17 23 30 16 24 7 21 16 1 17 13 25 5 1 30 1 4 6 2 9 3 26 5 4 2 12 30 16 23 6 21 14 14 17 22 30 13 6 25 13 29 14 11 11 28 9 3 28 23 12 23 10 24 15 2 22 6 26 16 30 27 29 27 28 20 23 8 28 18 8 4 28 21 20 5 7 10 12 10 13 4 26 5 13 7 23 16 8 22 20 3 12 11 28 4 14 11 4 6 20 19 6 24 17 15 7 3 12 7 28 1 8 12 14 2 8 21 12 22 26 28 4 28 4 21 28 2 3 21 27 1 6 2 25 2 8 24 18 19 11 20 10 3 17 27 16 8 7 14 28 21 15 28 6 18 18 14 14 11 29 10 19 1 20 22 30 14 15 6 3 17 7 18 9 20 1 14 15 26 7 19 3 10 29 4 13 28 3 3 23 9 28 30 1 10 9 10 24 9 16 28 2 16 18 17 14 20 11 15 1 29 28 24 12 3 13 5 1 14 15 8 27 19 18 28 21 13 30 14 3 19 7 2 13 30 7 18 20 28 10 9 22 11 15 11 17 29 29 17 11 1 27 30 25 17 24 21 11 3 7 28 26 20 13 10 15 24 18 4 3 24 6 12 10 4 26 12 28 7 19 24 26 11 7 24 15 28 13 18 14 24 5 14 3 15 15 27 30 26 18 26 1 20 21 5 18 22 14 27 1 5 3 15 16 4 10 10 10 6 9 11 14 9 26 19 24 10 13 11 6 11 17 8 5 7 26 4 16 13 26 7 18 29 19 15 17 23 22 12 2 1 5 25 17 11 11 22 6 27 5 23 17 9 12 27 15 11 15 4 13 16 13 28 8 16 24 25 21 25 23 7 25 7 25 18 7 18 19 12 17 8 12 8 20 22 3 25 21 23 16 24 25 10 6 14 10 30 6 15 28 12 18 6 7 9 20 14 12 6 18 15 29 19 15 16 16 20 6 13 17 8 29 29 18 20 2 8 23 1 21 25 4 13 2 30 18 24 24 13 8 17 2 10 6 16 22 24 13 24 22 22 23 23 15 21 29 17 9 15 21 14 8 3 26 21 11 18 24 10 23 23 8 1 14 2 13 11 16 25 30 20 24 5 1 1 15 25 23 26 8 23 3 5 17 2 15 29 3 6 5 25 5 8 19 11 10 10 13 10 27 6 10 21 2 7 7 24 24 24 6 16 1 2 30 25 17 27 29 2 5 19 15 7 24 30 9 11 26 23 16 1 2 20 20 16 10 24 20 7 8 4 26 12 1 27 12 18 5 11 7 4 15 5 18 28 23 18 5 6 19 5 10 19 29 15 20 20 25 16 16 29 5 3 20 26 26 5 21 24 30 27 24 23 21 14 23 5 12 13 11 1 15 29 26 15 11 21 27 25 29 23 12 29 12 5 8 21 28 10 23 17 27 23 29 9 14 6 15 4 6 30 9 18 30 19 1 16 28 3 9 3 20 23 24 3 9 23 6 22 18 28 21 19 10 3 28 20 15 4 28 14 4 17 14 12 23 24 13 11 21 20 8 17 6 10 4 22 24 23 13 29 12 11 23 24 25 3 3 28 11 22 9 19 5 4 12 14 1 8 1 28 21 2 27 15 21 19 6 17 23 16 19 10 15 5 4 10 3 25 3 9 13 8 3 30 9 27 3 11 4 17 17 9 2 27 9 24 7 11 19 10 20 18 3 16 19 16 26 26 6 12 17 16 12 20 3 29 3 20 4 11 6 27 30 7 10 23 27 17
1 11 10
547 111 505 507 619 780 782 872 909 926
1 3 20
246 681 162 276 201 677 639 168 183 898 437 443 172 68 84 239 355 745 761 846
1 10 12
737 549 685 12 255 454 457 487 491 640 666 808
1 2 27
439 257 253 788 920 187 794 85 191 818 546 873 21 789 62 791 349 761 562 758 148 169 388 425 672 753 952
1 4 16
69 769 45 631 753 83 29 222 948 508 273 55 156 166 299 359
1 12 9
140 440 711 88 406 422 594 599 818
1 3 23
230 770 874 671 974 353 126 211 455 815 534 509 981 848 647 778 280 157 329 463 476 900 984
1 21 9
477 227 386 475 513 749 835 848 940
1 3 21
204 731 541 153 258 188 987 578 375 777 365 317 853 209 553 957 913 708 453 490 841
1 4 18
104 598 595 307 68 855 309 940 745 427 834 823 78 414 520 827 885 971
1 3 20
759 483 592 100 225 124 707 928 383 461 507 542 676 846 649 115 131 138 314 974
1 2 24
444 610 555 447 656 137 488 462 392 19 91 650 445 979 503 170 569 79 500 258 300 389 412 568
1 3 22
709 703 740 996 142 914 845 579 991 905 329 736 332 451 334 899 151 127 91 219 531 959
1 13 8
485 475 3 188 451 478 560 802
1 3 25
688 195 576 713 565 597 376 563 159 95 43 783 200 131 270 614 380 564 863 221 404 430 714 794 993
1 4 19
161 543 916 871 958 396 229 666 152 453 293 180 246 373 379 519 557 656 711
1 5 15
700 13 232 690 999 476 298 926 941 78 135 153 230 618 674
1 17 9
506 196 679 371 452 637 648 692 913
1 4 16
730 128 217 424 103 408 171 300 573 938 155 19 69 141 265 399
1 4 11
345 154 992 272 167 294 277 333 426 238 928
1 3 19
199 287 965 971 450 524 862 923 448 748 560 717 228 699 696 702 906 290 685
1 9 14
686 961 924 271 166 858 9 75 128 260 262 447 667 793
1 5 19
282 84 108 359 16 6 998 456 919 722 896 95 189 438 443 505 620 725 817
1 9 18
652 611 458 4 820 436 110 132 254 318 401 502 536 590 757 796 870 874
1 3 22
583 313 338 94 404 843 811 77 223 93 548 763 64 662 165 870 254 695 483 496 760 778
1 11 13
370 9 612 308 27 335 402 549 556 565 891 918 925
1 5 17
660 38 283 751 149 169 24 756 801 47 216 291 310 312 571 689 712
1 3 23
255 805 231 574 219 779 460 296 5 764 829 812 718 89 984 136 60 522 629 804 828 830 832
1 6 15
510 545 401 638 875 340 540 116 302 357 376 764 838 866 886
1 3 27
384 385 720 132 245 269 741 864 98 454 724 224 993 322 205 133 884 391 235 23 39 56 181 331 610 699 879
1 3 27
911 682 922 366 324 659 179 423 668 1 289 386 226 39 341 841 297 22 191 282 448 458 523 626 664 773 882
1 4 9
964 390 267 368 590 28 612 675 837
1 5 18
693 936 116 599 762 772 73 582 247 963 114 149 168 287 472 627 628 976
1 3 30
492 687 704 206 593 932 602 369 315 490 594 459 422 484 466 457 323 65 117 345 358 681 720 788 797 842 850 927 929 979
1 3 24
501 407 526 244 842 550 616 176 976 622 728 796 934 997 76 303 504 638 783 831 843 897 942 964
1 5 17
411 927 943 775 208 710 872 918 694 351 901 405 601 607 852 908 930
1 3 18
182 995 321 664 886 81 749 819 139 354 87 434 601 160 977 420 80 380
1 4 15
44 361 428 260 379 285 615 398 559 909 405 82 229 330 982
1 20 7
795 584 1 73 133 589 631
1 3 23
240 850 122 586 698 609 539 97 80 925 88 983 865 186 429 193 321 353 354 421 432 922 954
1 3 26
950 561 689 185 504 900 733 364 252 286 885 326 134 265 66 242 566 358 103 253 264 360 434 512 693 768
1 2 28
344 641 446 243 588 430 2 435 949 493 147 742 110 802 972 327 502 70 394 474 31 187 245 273 608 863 868 970
1 4 19
27 786 331 754 494 360 537 192 117 119 418 402 861 314 46 71 392 468 592
1 3 21
644 236 275 55 63 626 604 412 141 933 198 723 487 856 467 489 584 678 734 752 865
1 5 18
61 174 878 954 771 58 302 416 808 982 175 267 274 286 474 563 673 790
1 6 10
291 41 463 824 985 663 288 709 829 851
1 6 17
519 403 480 944 468 637 554 729 799 121 365 509 540 611 719 825 920
1 3 23
310 464 248 744 893 207 190 816 640 606 33 568 701 755 635 284 670 726 67 334 341 545 733
1 3 24
840 114 804 725 481 113 373 118 197 830 74 203 337 471 890 18 513 367 129 225 333 562 598 812
1 2 30
888 747 417 654 511 535 734 817 220 959 387 17 857 945 837 978 268 897 25 54 202 285 390 395 449 529 650 847 875 905
1 4 20
145 357 807 532 22 521 101 431 692 393 250 478 162 176 455 469 484 583 857 988
1 3 20
99 988 48 706 636 780 608 633 34 473 346 605 975 715 877 10 295 561 595 888
1 3 22
54 129 921 854 381 767 523 530 413 838 130 496 894 768 96 0 5 14 25 250 486 906
1 6 14
531 465 661 304 833 603 798 827 766 81 499 533 781 967
1 3 22
634 973 266 931 879 883 624 643 589 249 968 449 362 104 177 423 427 498 534 600 759 980
1 3 23
810 955 544 512 651 630 962 536 295 515 288 572 125 746 497 881 757 907 34 109 210 460 639
1 10 11
571 806 628 697 158 182 572 632 700 869 989
1 7 13
319 452 320 472 72 306 937 48 63 266 268 621 735
1 8 17
967 705 14 619 642 727 470 319 375 436 480 527 553 644 739 803 840
1 2 25
570 342 935 164 667 525 732 410 989 262 92 792 414 184 318 442 538 908 930 143 235 322 337 501 766
1 2 28
835 621 335 867 557 952 784 793 617 849 625 969 237 567 210 580 887 352 882 44 244 269 272 320 446 765 939 958
1 5 13
138 53 665 60 56 739 839 479 372 528 325 366 511
1 3 21
178 50 902 760 675 193 678 814 148 157 851 311 826 415 35 579 647 703 867 910 943
1 5 16
915 15 239 7 956 607 831 587 866 370 374 383 652 800 911 923
1 3 16
825 750 52 891 212 632 551 860 10 657 232 283 326 433 706 729
1 19 4
912 482 625 751
1 3 28
691 929 581 214 144 469 363 910 31 303 11 102 328 813 683 251 26 29 208 226 243 297 343 413 426 508 917 946
1 4 24
194 75 575 520 486 42 213 765 966 889 26 869 67 57 87 136 284 296 391 658 663 668 877 884
1 11 14
653 533 281 115 28 70 203 292 308 420 704 707 822 915
1 8 18
627 90 467 680 986 721 181 118 119 377 516 530 564 696 727 744 836 895
1 3 22
215 495 591 371 558 221 406 821 774 336 712 330 618 112 142 144 159 222 240 442 566 912
1 7 9
623 960 51 137 580 649 708 807 858
1 9 15
994 106 499 3 367 416 521 609 651 684 769 816 904 938 998
1 10 15
374 620 903 399 61 213 396 465 477 514 544 893 932 972 996
1 3 27
425 674 218 256 673 421 876 951 109 782 904 822 409 400 32 378 946 947 108 123 155 344 347 605 655 883 963
1 6 14
522 305 65 655 844 33 49 74 450 464 481 671 756 898
1 5 16
419 735 40 278 135 51 121 600 343 377 292 37 242 630 643 687
1 2 24
348 716 917 279 942 552 790 30 836 397 859 585 785 529 939 514 516 189 261 179 217 424 551 635
1 6 10
274 355 847 800 518 645 259 180 223 526
1 7 16
803 233 797 49 163 177 781 32 127 174 178 212 306 747 779 799
1 4 19
832 489 299 828 173 12 105 241 752 107 577 868 94 145 280 307 695 701 902
1 5 17
809 312 143 892 356 441 895 517 164 186 270 348 495 548 726 833 935
1 5 16
669 382 20 290 646 71 970 45 113 167 415 819 826 853 903 947
1 2 27
880 684 527 150 773 325 388 852 498 738 953 432 787 438 980 123 0 146 234 97 227 528 616 646 688 873 995
1 4 20
613 156 263 719 82 36 658 596 433 629 714 37 743 6 120 192 237 439 567 975
1 14 11
316 120 672 154 163 680 738 791 815 881 965
1 5 12
776 86 389 57 347 990 15 328 537 554 642 715
1 4 19
8 491 339 59 264 175 648 395 556 202 350 76 301 52 261 462 546 586 591
