800 85 1240 18
32 19 28 25 15 18 28 35 19 23 28 40 12 36 11 19 23 37 25 12 21 12 18 11 26 23 24 30 11 29 39 13 11 38 31 27 32 27 34 39 28 17 34 34 31 26 33 33 22 23 29 23 25 11 33 38 40 21 12 14 22 25 31 28 25 30 27 36 24 32 11 30 31 23 18 35 12 40 13 14 33 19 17 40 14 37 11 14 40 16 20 20 11 23 11 21 36 34 22 29 35 21 29 20 14 37 19 30 11 14 26 34 35 26 16 39 27 12 13 20 24 38 13 12 37 25 32 20 19 25 15 21 21 21 15 30 11 20 39 28 29 12 31 13 40 21 37 17 32 27 28 29 28 25 22 16 27 25 24 40 37 37 28 30 18 12 40 27 24 13 20 36 27 33 31 36 11 11 27 14 39 39 17 16 35 29 34 27 40 13 40 35 14 13 18 23 32 19 19 23 32 36 26 33 15 34 31 29 32 18 20 36 39 33 29 32 37 21 31 23 18 13 19 20 16 37 22 13 17 21 26 39 32 11 36 19 24 39 22 25 29 16 28 34 33 26 39 11 39 23 31 18 26 11 21 31 17 24 19 19 28 25 29 24 15 13 33 17 40 29 22 22 11 29 33 24 33 21 15 39 16 30 14 26 19 37 17 40 21 16 28 20 22 30 35 15 31 21 35 13 30 34 28 24 36 21 19 17 12 14 24 14 25 35 25 18 31 37 21 22 28 33 15 34 30 33 20 29 16 13 27 25 27 22 23 23 23 27 31 12 40 37 38 35 12 30 15 14 25 15 21 29 16 20 36 15 18 32 39 29 26 19 24 30 21 14 33 25 36 40 23 33 25 15 19 12 12 39 15 36 37 22 37 12 37 38 31 40 20 40 21 37 21 19 11 36 12 38 33 15 12 40 39 21 25 14 23 23 30 37 13 12 35 28 19 34 34 31 22 22 33 17 40 40 18 20 13 30 15 29 36 30 12 32 35 24 25 26 32 15 25 19 39 25 40 20 11 39 13 12 21 30 36 11 20 39 31 35 17 11 13 37 37 34 33 34 28 14 28 35 19 14 25 21 18 34 37 24 39 16 28 21 23 26 12 12 16 29 36 21 12 20 30 37 31 23 20 13 37 11 25 39 21 39 35 34 29 30 12 21 40 38 36 20 17 29 29 15 35 19 14 18 21 26 30 23 33 34 27 14 38 21 27 28 14 30 29 34 38 35 25 29 18 17 22 16 21 16 38 32 37 37 15 16 12 25 20 31 31 14 20 27 26 26 25 11 22 24 14 29 37 23 20 26 39 14 34 20 12 33 38 12 18 24 30 25 16 38 26 33 30 27 17 21 31 28 19 40 17 31 19 29 29 21 39 15 40 18 11 39 40 31 29 23 25 16 17 12 17 22 19 25 13 35 25 24 38 15 26 23 36 26 25 34 21 27 23 20 13 18 29 40 31 23 33 26 29 12 37 30 19 33 12 39 25 37 13 26 34 16 25 31 26 26 20 40 20 24 11 18 26 18 15 26 17 21 23 34 27 34 33 39 11 20 12 40 28 22 22 26 37 39 29 20 30 35 19 31 12 14 22 25 30 30 30 37 27 32 35 34 35 19 16 17 33 36 38 22 29 24 21 24 12 36 25 29 22 18 28 15 30 16 28 28 18 39 24 32 11 13 22 13 21 23 39 31 22 40 26 12 15 22 32 15 17 32 38 39 26 34 14 37 22 28 11 34 37 27 25 19 16 20 16 34 20 14 38 23 40 18 39 21 37 11 16 16 37 22 17 35 20 36 16 26 21 21 12 13 21 12
22 9 18 15 5 8 18 25 9 13 18 30 2 26 1 9 13 27 15 2 11 2 8 1 16 13 14 20 1 19 29 3 1 28 21 17 22 17 24 29 18 7 24 24 21 16 23 23 12 13 19 13 15 1 23 28 30 11 2 4 12 15 21 18 15 20 17 26 14 22 1 20 21 13 8 25 2 30 3 4 23 9 7 30 4 27 1 4 30 6 10 10 1 13 1 11 26 24 12 19 25 11 19 10 4 27 9 20 1 4 16 24 25 16 6 29 17 2 3 10 14 28 3 2 27 15 22 10 9 15 5 11 11 11 5 20 1 10 29 18 19 2 21 3 30 11 27 7 22 17 18 19 18 15 12 6 17 15 14 30 27 27 18 20 8 2 30 17 14 3 10 26 17 23 21 26 1 1 17 4 29 29 7 6 25 19 24 17 30 3 30 25 4 3 8 13 22 9 9 13 22 26 16 23 5 24 21 19 22 8 10 26 29 23 19 22 27 11 21 13 8 3 9 10 6 27 12 3 7 11 16 29 22 1 26 9 14 29 12 15 19 6 18 24 23 16 29 1 29 13 21 8 16 1 11 21 7 14 9 9 18 15 19 14 5 3 23 7 30 19 12 12 1 19 23 14 23 11 5 29 6 20 4 16 9 27 7 30 11 6 18 10 12 20 25 5 21 11 25 3 20 24 18 14 26 11 9 7 2 4 14 4 15 25 15 8 21 27 11 12 18 23 5 24 20 23 10 19 6 3 17 15 17 12 13 13 13 17 21 2 30 27 28 25 2 20 5 4 15 5 11 19 6 10 26 5 8 22 29 19 16 9 14 20 11 4 23 15 26 30 13 23 15 5 9 2 2 29 5 26 27 12 27 2 27 28 21 30 10 30 11 27 11 9 1 26 2 28 23 5 2 30 29 11 15 4 13 13 20 27 3 2 25 18 9 24 24 21 12 12 23 7 30 30 8 10 3 20 5 19 26 20 2 22 25 14 15 16 22 5 15 9 29 15 30 10 1 29 3 2 11 20 26 1 10 29 21 25 7 1 3 27 27 24 23 24 18 4 18 25 9 4 15 11 8 24 27 14 29 6 18 11 13 16 2 2 6 19 26 11 2 10 20 27 21 13 10 3 27 1 15 29 11 29 25 24 19 20 2 11 30 28 26 10 7 19 19 5 25 9 4 8 11 16 20 13 23 24 17 4 28 11 17 18 4 20 19 24 28 25 15 19 8 7 12 6 11 6 28 22 27 27 5 6 2 15 10 21 21 4 10 17 16 16 15 1 12 14 4 19 27 13 10 16 29 4 24 10 2 23 28 2 8 14 20 15 6 28 16 23 20 17 7 11 21 18 9 30 7 21 9 19 19 11 29 5 30 8 1 29 30 21 19 13 15 6 7 2 7 12 9 15 3 25 15 14 28 5 16 13 26 16 15 24 11 17 13 10 3 8 19 30 21 13 23 16 19 2 27 20 9 23 2 29 15 27 3 16 24 6 15 21 16 16 10 30 10 14 1 8 16 8 5 16 7 11 13 24 17 24 23 29 1 10 2 30 18 12 12 16 27 29 19 10 20 25 9 21 2 4 12 15 20 20 20 27 17 22 25 24 25 9 6 7 23 26 28 12 19 14 11 14 2 26 15 19 12 8 18 5 20 6 18 18 8 29 14 22 1 3 12 3 11 13 29 21 12 30 16 2 5 12 22 5 7 22 28 29 16 24 4 27 12 18 1 24 27 17 15 9 6 10 6 24 10 4 28 13 30 8 29 11 27 1 6 6 27 12 7 25 10 26 6 16 11 11 2 3 11 2
1 3 14
103 556 255 419 9 632 122 280 179 265 76 24 482 764
1 5 15
414 554 206 616 705 371 113 575 614 599 149 298 359 629 702
1 8 8
550 266 312 468 325 70 33 385
1 8 15
688 301 264 552 626 444 53 22 137 193 289 319 515 523 596
1 5 15
645 167 604 283 282 593 590 274 21 220 237 287 750 787 798
1 5 15
621 789 496 36 333 185 5 91 523 276 362 378 456 509 732
1 5 13
119 495 221 31 98 737 151 210 361 640 650 672 770
1 6 19
612 657 390 464 507 77 281 287 529 426 10 148 331 347 465 539 546 648 677
1 8 12
44 761 724 90 335 199 89 147 157 282 538 678
1 4 14
269 364 96 484 467 131 711 213 704 676 34 191 533 568
1 5 17
489 395 662 38 647 163 445 20 331 80 195 207 390 411 500 540 652
1 7 10
133 34 512 591 336 731 50 281 472 493
1 4 18
763 188 2 532 385 694 661 200 310 555 492 180 254 508 602 636 645 730
1 4 21
315 327 68 107 278 216 132 171 520 422 233 415 527 179 310 496 556 619 641 703 774
1 5 16
594 374 779 328 791 537 610 653 296 600 429 197 424 504 559 620
1 11 9
234 793 686 619 125 245 554 618 679
1 8 9
165 218 412 450 539 693 88 486 531
1 6 12
347 229 700 150 503 518 311 256 631 270 521 571
1 5 10
666 652 768 309 373 354 410 495 512 704
1 9 8
355 14 718 501 629 169 363 739
1 17 8
596 752 401 214 416 455 481 615
1 4 16
84 517 384 514 138 672 254 43 756 307 786 615 367 190 357 662
1 7 9
46 40 560 642 215 533 109 213 501
1 4 15
220 175 7 466 111 702 605 378 258 285 714 53 90 308 480
1 3 20
689 322 561 365 748 48 707 667 16 275 581 648 586 434 361 452 96 124 305 714
1 3 21
470 352 451 643 435 104 123 128 677 795 358 458 729 112 386 279 110 613 666 720 734
1 3 19
710 376 728 471 611 214 129 360 263 359 271 474 637 70 87 321 335 425 631
1 5 11
712 319 324 739 247 443 164 8 16 218 502
1 22 7
276 316 205 477 524 657 700
1 4 15
356 439 730 55 636 57 722 95 696 736 154 681 493 1 768
1 4 16
483 481 487 62 184 448 157 305 787 617 23 69 239 300 503 622
1 3 23
509 292 23 153 792 515 71 780 189 502 174 238 582 695 400 69 55 74 105 639 721 772 781
1 9 10
253 665 140 240 289 330 358 403 544 688
1 3 24
341 437 750 404 222 239 553 398 413 74 345 463 349 784 2 129 188 274 333 408 562 766 769 786
1 3 19
139 295 115 262 343 80 649 223 716 65 508 160 663 430 425 674 251 497 656
1 5 15
549 651 6 717 382 783 73 732 338 563 492 518 564 719 722
1 7 9
396 405 178 224 255 269 459 676 699
1 5 18
504 673 775 778 625 232 54 799 664 391 28 38 98 107 155 437 701 777
1 5 15
601 260 143 544 284 473 225 726 499 54 244 307 400 558 671
1 3 22
762 308 656 685 746 187 329 540 491 42 41 469 162 743 759 85 131 209 266 313 374 599
1 17 9
579 402 321 173 192 324 463 483 527
1 3 18
236 350 482 182 486 592 249 37 635 655 772 194 734 21 256 341 467 767
1 3 21
623 86 151 50 314 241 797 351 526 566 244 406 660 152 178 253 353 646 649 745 749
1 26 11
205 530 44 47 263 373 462 537 560 651 696
1 5 11
209 141 15 106 225 233 338 457 525 729 779
1 7 13
572 735 13 397 670 346 82 67 118 134 398 669 793
1 9 13
298 318 589 147 433 37 206 348 352 491 595 605 796
1 4 17
204 498 87 569 456 424 457 577 431 546 440 587 721 132 180 284 582
1 4 18
130 511 142 161 277 51 344 125 176 646 230 203 13 52 144 264 326 532
1 4 14
181 773 75 777 379 24 766 121 152 796 790 418 200 581
1 7 13
781 583 105 17 381 243 597 602 174 488 575 589 790
1 6 16
8 28 248 798 785 268 144 494 709 261 198 309 439 547 630 795
1 5 13
638 326 679 417 399 394 671 603 67 133 372 381 578
1 3 17
755 654 303 257 340 578 441 738 224 45 136 83 767 92 158 454 600
1 4 21
393 197 26 708 78 293 442 212 245 691 116 210 447 354 275 535 585 632 695 710 733
1 6 14
584 33 438 769 531 699 377 58 461 75 328 404 478 763
1 6 14
388 771 226 776 10 35 85 39 675 142 446 536 570 637
1 11 12
61 148 510 342 211 92 199 232 257 427 567 723
1 3 17
715 186 389 135 690 528 506 682 541 19 330 134 302 297 117 177 748
1 8 14
88 79 574 300 18 146 231 0 227 384 405 409 468 474
1 7 13
687 228 680 459 12 158 166 196 208 260 461 577 608
1 3 16
313 60 719 477 522 765 64 392 323 659 513 576 751 703 99 242
1 8 11
25 114 538 97 497 30 521 31 163 293 320
1 4 20
202 420 166 620 516 168 488 29 650 668 372 542 190 7 143 350 484 494 697 755
1 4 17
449 47 570 208 428 219 99 622 52 535 4 82 95 466 574 614 668
1 7 16
658 628 299 684 172 207 25 27 61 229 267 271 366 393 460 663
1 15 7
557 339 368 73 136 369 604
1 4 19
0 455 409 580 697 788 334 774 118 191 198 102 639 150 161 318 344 594 760
1 5 8
15 320 1 410 727 332 386 738
1 4 20
183 337 754 89 159 110 11 475 169 137 476 101 627 3 139 262 469 583 660 752
1 17 6
294 124 192 383 634 744
1 11 9
618 353 173 100 115 295 315 414 580
1 7 8
551 462 678 250 94 598 564 557
1 4 20
100 237 291 609 108 63 407 634 753 571 252 195 201 306 258 376 406 545 552 791
1 3 22
453 380 725 770 485 120 387 348 588 427 56 782 416 490 217 290 135 189 464 543 707 794
1 5 13
145 640 548 251 66 465 109 81 794 555 576 579 625
1 4 23
273 127 235 446 369 760 304 149 480 383 270 246 479 357 116 268 283 430 643 658 675 698 785
1 4 15
543 701 403 644 749 741 742 545 595 547 79 160 349 368 642
1 8 14
32 49 567 362 27 478 757 108 231 248 314 423 443 708
1 5 19
723 460 3 624 156 286 744 764 568 585 122 127 186 265 401 402 447 566 621
1 4 18
272 562 505 519 559 472 411 740 633 155 288 49 60 168 440 606 610 771
1 4 26
745 669 706 606 332 22 227 733 558 720 72 747 363 630 370 35 39 77 138 146 217 382 433 436 603 635
1 4 15
423 432 534 436 177 106 375 573 613 242 172 471 485 644 725
1 3 23
525 93 421 317 170 366 524 698 536 408 758 500 126 59 683 608 104 201 280 432 448 661 693
1 5 17
196 267 641 565 692 193 713 607 259 86 112 126 291 356 542 551 761
