500 93 775 20
38 13 35 35 40 19 19 24 13 23 37 20 14 39 39 33 11 40 40 21 20 35 16 33 18 34 20 15 37 33 25 37 15 13 12 40 30 29 39 21 40 40 16 18 24 28 21 33 21 36 11 15 14 16 16 17 16 11 37 34 35 25 21 20 27 26 16 28 12 28 20 14 35 17 21 31 22 36 23 19 11 21 37 36 34 32 39 15 28 38 39 17 35 15 16 24 17 23 25 19 21 11 31 18 40 31 30 24 20 39 39 37 36 36 30 14 31 34 21 31 27 38 35 23 28 12 36 14 31 38 22 15 19 14 31 36 21 30 27 22 16 28 30 30 21 39 12 36 14 31 16 26 34 30 26 12 12 24 23 31 39 26 24 19 25 23 22 40 24 34 21 36 22 24 26 40 26 13 38 16 13 35 23 20 15 14 39 13 24 24 38 12 40 16 11 37 23 36 15 11 38 22 25 31 22 24 26 33 26 22 36 23 37 38 24 30 27 27 14 24 16 28 32 17 22 35 32 24 30 32 29 11 25 39 14 11 18 15 19 22 27 32 13 39 38 34 23 40 33 20 30 24 31 34 26 25 33 26 22 39 11 30 22 18 28 15 22 36 19 34 20 18 29 26 30 33 13 27 24 16 26 14 35 35 40 39 29 34 17 19 36 35 15 29 24 28 15 40 15 25 38 13 24 31 35 24 22 20 24 19 34 24 35 27 13 13 34 12 26 28 26 32 32 32 11 17 38 27 13 29 18 18 22 22 38 25 35 28 38 24 38 19 18 13 28 15 11 26 33 21 12 14 35 12 31 28 38 30 33 27 39 27 25 28 28 17 19 24 19 27 18 36 23 13 19 18 19 32 28 23 16 22 17 30 27 31 29 32 27 14 30 18 22 13 36 22 38 32 37 27 33 29 26 27 37 26 25 24 38 31 27 38 22 12 20 24 39 18 30 38 25 36 28 29 35 12 26 34 26 35 33 20 33 16 20 21 22 18 19 28 22 20 11 22 18 27 23 14 16 12 39 27 25 26 23 38 11 25 12 13 11 14 20 19 39 11 33 16 23 31 18 14 23 38 30 32 26 26 16 15 29 39 29 11 24 33 39 26 12 19 21 32 21 20 39 21 23 36 40 14
28 3 25 25 30 9 9 14 3 13 27 10 4 29 29 23 1 30 30 11 10 25 6 23 8 24 10 5 27 23 15 27 5 3 2 30 20 19 29 11 30 30 6 8 14 18 11 23 11 26 1 5 4 6 6 7 6 1 27 24 25 15 11 10 17 16 6 18 2 18 10 4 25 7 11 21 12 26 13 9 1 11 27 26 24 22 29 5 18 28 29 7 25 5 6 14 7 13 15 9 11 1 21 8 30 21 20 14 10 29 29 27 26 26 20 4 21 24 11 21 17 28 25 13 18 2 26 4 21 28 12 5 9 4 21 26 11 20 17 12 6 18 20 20 11 29 2 26 4 21 6 16 24 20 16 2 2 14 13 21 29 16 14 9 15 13 12 30 14 24 11 26 12 14 16 30 16 3 28 6 3 25 13 10 5 4 29 3 14 14 28 2 30 6 1 27 13 26 5 1 28 12 15 21 12 14 16 23 16 12 26 13 27 28 14 20 17 17 4 14 6 18 22 7 12 25 22 14 20 22 19 1 15 29 4 1 8 5 9 12 17 22 3 29 28 24 13 30 23 10 20 14 21 24 16 15 23 16 12 29 1 20 12 8 18 5 12 26 9 24 10 8 19 16 20 23 3 17 14 6 16 4 25 25 30 29 19 24 7 9 26 25 5 19 14 18 5 30 5 15 28 3 14 21 25 14 12 10 14 9 24 14 25 17 3 3 24 2 16 18 16 22 22 22 1 7 28 17 3 19 8 8 12 12 28 15 25 18 28 14 28 9 8 3 18 5 1 16 23 11 2 4 25 2 21 18 28 20 23 17 29 17 15 18 18 7 9 14 9 17 8 26 13 3 9 8 9 22 18 13 6 12 7 20 17 21 19 22 17 4 20 8 12 3 26 12 28 22 27 17 23 19 16 17 27 16 15 14 28 21 17 28 12 2 10 14 29 8 20 28 15 26 18 19 25 2 16 24 16 25 23 10 23 6 10 11 12 8 9 18 12 10 1 12 8 17 13 4 6 2 29 17 15 16 13 28 1 15 2 3 1 4 10 9 29 1 23 6 13 21 8 4 13 28 20 22 16 16 6 5 19 29 19 1 14 23 29 16 2 9 11 22 11 10 29 11 13 26 30 4
1 6 12
317 228 124 498 468 492 55 215 231 278 344 358
1 19 4
347 387 13 287
1 14 7
351 256 419 284 158 187 292
1 13 5
383 252 487 20 418
1 7 11
318 331 247 163 466 250 56 123 245 375 393
1 8 7
50 280 71 100 169 302 374
1 13 10
140 221 3 186 219 254 263 380 414 497
1 5 5
227 32 265 437 401
1 22 5
261 122 6 105 195
1 12 6
166 267 239 65 85 420
1 7 10
470 81 427 438 431 44 154 268 294 295
1 10 4
216 276 111 171
1 10 7
458 356 8 229 426 68 290
1 10 10
136 20 97 135 157 222 327 386 446 499
1 7 4
236 123 127 217
1 5 10
44 446 156 294 292 30 145 208 272 310
1 5 16
125 270 324 162 479 336 208 411 491 52 150 166 289 372 400 496
1 11 8
391 48 304 36 90 323 347 429
1 7 11
401 364 16 389 353 60 117 134 198 239 398
1 9 12
421 405 12 200 118 17 21 67 152 312 313 449
1 16 3
311 355 348
1 6 10
345 198 88 11 232 51 204 277 351 403
1 12 5
453 150 143 18 285
1 18 5
153 58 89 106 428
1 6 15
0 26 18 447 220 322 415 191 184 4 54 57 91 108 173
1 8 9
100 245 112 385 274 413 410 415 453
1 5 10
66 279 248 188 414 310 231 482 467 136
1 6 11
375 91 155 240 133 313 60 398 48 215 307
1 4 14
80 302 400 117 386 230 187 368 402 395 253 364 391 463
1 9 10
326 169 52 218 299 360 82 137 317 498
1 6 12
371 113 246 194 195 335 149 199 63 102 430 440
1 14 5
380 160 454 59 210
1 8 8
291 27 28 473 441 110 237 251
1 11 10
465 90 285 287 35 10 25 130 279 478
1 6 13
192 407 148 329 273 283 181 423 163 179 237 354 405
1 18 7
404 57 244 50 408 450 454
1 10 9
444 131 165 129 49 107 214 282 495
1 5 11
46 225 151 111 483 95 369 433 348 274 475
1 10 10
203 282 445 334 78 132 202 244 343 396
1 6 3
392 101 153
1 4 10
452 47 469 309 119 319 278 457 102 146
1 4 13
128 73 303 376 219 312 137 1 293 75 22 141 421
1 20 5
257 59 122 321 434
1 7 17
31 10 157 167 108 253 471 172 0 124 151 266 333 384 438 468 473
1 10 8
358 171 82 321 147 80 143 209
1 11 6
109 455 4 177 179 409
1 4 13
79 266 30 96 406 34 377 472 26 73 128 191 484
1 8 8
461 144 493 178 61 402 465 483
1 8 5
352 463 289 343 69
1 12 6
305 138 390 93 356 491
1 6 11
15 396 42 223 98 442 201 333 38 314 469
1 7 11
115 272 476 486 25 74 2 3 129 431 480
1 8 5
443 332 185 58 329
1 7 11
315 97 338 301 408 254 77 5 235 399 436
1 15 9
241 62 432 5 29 83 205 273 379
1 15 3
180 213 335
1 15 9
439 275 269 35 88 115 118 164 353
1 7 12
295 222 114 327 43 271 15 39 311 339 406 435
1 12 8
142 175 314 339 2 212 439 460
1 5 16
373 489 9 430 367 7 378 13 190 76 33 40 139 334 363 447
1 9 8
316 403 496 320 152 12 441 458
1 9 6
87 422 349 324 362 474
1 11 3
374 182 308
1 6 10
344 130 259 72 417 425 205 214 110 133
1 14 9
141 255 135 183 213 250 345 404 470
1 6 10
264 51 38 168 308 475 488 434 24 114
1 7 9
209 183 83 366 495 168 227 246 298
1 3 11
328 449 202 460 382 158 54 359 372 367 426
1 11 11
86 233 139 189 370 23 101 104 305 490 493
1 6 13
41 67 99 440 21 145 6 435 154 43 53 148 318
1 13 5
306 197 146 121 476
1 13 5
103 126 105 243 258
1 17 3
388 363 461
1 8 11
381 116 464 410 485 206 84 125 265 276 349
1 14 7
37 85 159 27 98 216 395
1 10 6
346 497 19 164 36 174
1 17 4
418 173 229 331
1 11 5
354 93 379 49 203
1 7 10
480 33 448 224 8 74 301 369 397 467
1 8 8
297 22 161 365 106 474 121 350
1 5 11
436 263 226 193 296 40 298 330 39 259 322
1 6 9
409 393 238 456 204 397 64 96 326
1 4 11
478 24 357 45 268 361 337 211 499 70 388
1 8 7
412 262 307 165 247 444 489
1 5 14
420 120 428 207 107 234 300 429 450 134 233 240 293 392
1 9 5
290 70 170 68 270
1 9 8
92 242 210 481 451 394 283 340
1 5 12
14 416 484 53 258 323 174 176 29 342 201 261
1 6 11
132 424 477 212 281 104 350 235 494 280 455
1 14 8
84 69 251 155 241 309 336 413
1 5 11
260 23 286 325 362 490 340 288 196 71 47
1 6 8
459 63 249 384 62 194 433 479
1 5 8
462 94 277 399 341 65 161 299
