300 78 465 20
12 31 39 21 25 11 14 26 28 13 13 35 22 13 16 40 12 25 31 37 31 15 19 25 31 28 30 32 36 22 16 38 22 28 18 36 33 21 36 28 40 15 22 20 22 35 24 36 20 27 35 32 26 15 39 28 19 26 15 23 12 21 32 29 30 21 16 12 25 13 25 37 22 14 40 27 12 22 22 33 32 23 30 13 25 16 28 18 39 35 14 28 28 40 24 13 37 13 12 29 21 24 20 20 19 38 12 18 29 11 13 20 19 16 35 28 25 33 20 37 22 33 35 40 19 25 24 40 13 24 14 19 39 28 30 14 18 25 31 31 29 32 19 13 14 31 33 11 14 26 33 13 26 12 28 12 38 23 34 11 37 11 30 19 21 40 14 22 17 15 20 13 25 32 20 31 24 12 19 16 14 34 30 17 16 23 11 37 17 22 40 23 27 16 25 39 35 34 28 38 18 37 35 13 13 24 23 36 31 40 36 13 14 21 37 29 16 21 11 14 21 11 34 15 32 15 16 13 34 33 30 27 29 34 30 39 39 11 34 29 34 39 17 23 22 11 29 40 22 20 14 31 37 26 37 21 34 22 26 11 38 13 40 16 20 32 40 32 37 30 12 25 26 31 36 23 21 14 23 24 17 32 22 30 25 16 17 21 17 38 13 40 35 23 28 24 19 32 35 28
2 21 29 11 15 1 4 16 18 3 3 25 12 3 6 30 2 15 21 27 21 5 9 15 21 18 20 22 26 12 6 28 12 18 8 26 23 11 26 18 30 5 12 10 12 25 14 26 10 17 25 22 16 5 29 18 9 16 5 13 2 11 22 19 20 11 6 2 15 3 15 27 12 4 30 17 2 12 12 23 22 13 20 3 15 6 18 8 29 25 4 18 18 30 14 3 27 3 2 19 11 14 10 10 9 28 2 8 19 1 3 10 9 6 25 18 15 23 10 27 12 23 25 30 9 15 14 30 3 14 4 9 29 18 20 4 8 15 21 21 19 22 9 3 4 21 23 1 4 16 23 3 16 2 18 2 28 13 24 1 27 1 20 9 11 30 4 12 7 5 10 3 15 22 10 21 14 2 9 6 4 24 20 7 6 13 1 27 7 12 30 13 17 6 15 29 25 24 18 28 8 27 25 3 3 14 13 26 21 30 26 3 4 11 27 19 6 11 1 4 11 1 24 5 22 5 6 3 24 23 20 17 19 24 20 29 29 1 24 19 24 29 7 13 12 1 19 30 12 10 4 21 27 16 27 11 24 12 16 1 28 3 30 6 10 22 30 22 27 20 2 15 16 21 26 13 11 4 13 14 7 22 12 20 15 6 7 11 7 28 3 30 25 13 18 14 9 22 25 18
1 10 8
38 36 214 210 166 3 226 264
1 12 6
56 47 43 77 137 228
1 15 5
116 284 183 185 200
1 7 6
6 72 117 21 245 91
1 9 7
89 272 30 181 137 7 256
1 17 3
77 297 1
1 10 7
131 202 212 242 122 11 65
1 10 5
255 163 57 136 243
1 10 8
262 264 200 218 68 123 277 278
1 14 5
18 121 191 272 299
1 5 6
185 124 169 277 20 131
1 10 6
266 142 269 213 250 40
1 8 7
279 41 108 90 27 85 105
1 7 6
33 259 274 144 66 177
1 11 7
226 109 96 103 127 148 163
1 12 6
240 120 34 22 111 268
1 7 10
88 103 76 174 70 23 5 55 181 285
1 24 3
15 239 88
1 11 5
140 87 59 292 19
1 18 4
54 173 207 235
1 13 5
187 71 60 156 170
1 8 7
241 249 184 197 37 104 118
1 8 8
29 68 136 265 233 199 128 205
1 12 3
135 224 194
1 7 9
261 52 223 96 99 152 220 236 260
1 25 3
105 27 110
1 9 7
81 271 154 91 47 109 117
1 20 2
25 80
1 6 9
101 170 24 282 57 115 204 251 255
1 8 7
215 22 257 100 93 293 242
1 17 6
85 289 238 139 142 282
1 14 6
299 113 114 184 258 284
1 8 6
139 290 270 121 165 198
1 13 8
236 20 49 158 15 129 155 232
1 9 9
208 298 112 127 102 230 66 212 293
1 7 8
7 150 258 253 17 45 56 115
1 4 4
159 288 52 153
1 9 9
119 58 51 97 16 32 44 90 263
1 15 6
160 209 74 219 63 130
1 6 10
231 130 48 172 53 141 144 173 193 219
1 5 3
147 118 104
1 18 3
252 235 216
1 15 5
246 183 254 83 199
1 7 6
186 134 129 78 50 55
1 6 8
276 287 69 9 138 191 202 248
1 17 4
222 31 75 253
1 7 10
4 84 161 5 8 41 98 122 146 224
1 6 3
178 211 71
1 6 6
206 44 179 205 108 187
1 7 7
251 141 106 234 267 95 159
1 11 8
64 63 201 189 48 73 138 149
1 14 7
195 275 296 180 186 206 223
1 7 4
232 32 155 14
1 9 4
67 82 168 197
1 7 3
244 204 50
1 19 5
190 278 260 134 213
1 7 8
151 12 192 157 37 82 133 295
1 8 9
132 10 294 86 1 221 151 194 259
1 15 6
217 283 135 157 210 286
1 12 5
285 133 126 215 274
1 11 6
62 171 98 281 2 97
1 7 14
188 79 42 83 94 30 36 80 107 113 150 168 218 233
1 10 4
227 198 295 283
1 14 5
167 65 165 208 246
1 10 9
256 148 203 111 291 13 54 169 239
1 7 8
248 280 146 182 126 228 160 166
1 8 9
28 99 8 164 13 11 67 237 265
1 6 6
128 125 0 46 175 110
1 5 8
225 237 73 263 153 268 114 297
1 15 5
61 162 79 171 294
1 18 2
3 45
1 12 5
2 220 149 145 120
1 13 7
193 176 19 196 61 74 189
1 24 4
92 247 51 125
1 7 6
180 152 143 243 216 227
1 13 4
107 39 222 250
1 26 3
229 123 176
1 11 8
26 35 273 286 39 69 158 231
