500 79 775 20
12 32 40 17 26 26 28 36 29 34 28 21 19 27 14 28 27 35 38 23 39 25 31 35 39 38 25 33 29 39 38 24 35 12 21 36 21 12 22 34 40 28 40 37 35 18 11 24 40 36 11 23 16 12 31 28 35 29 13 24 37 31 28 18 20 19 32 16 14 27 38 26 20 36 32 15 33 39 28 39 13 23 13 18 40 20 19 11 35 33 20 28 16 30 40 25 16 33 38 39 21 40 36 39 26 13 32 34 21 20 29 39 39 40 16 21 26 14 37 28 14 28 22 27 11 32 40 16 13 15 21 32 27 17 29 32 13 13 25 31 25 40 35 28 28 35 40 28 38 31 31 31 36 25 16 30 20 31 23 38 14 28 19 24 21 39 27 13 26 29 35 11 24 37 14 34 27 19 14 24 32 32 28 21 38 34 24 24 19 35 30 11 35 23 28 38 34 33 33 38 35 36 33 34 37 13 37 24 30 22 23 31 40 18 14 15 32 25 32 15 37 15 34 32 30 32 36 13 35 20 12 11 21 12 21 37 25 11 14 20 23 32 16 20 32 18 33 13 30 28 27 32 21 23 21 33 31 37 39 37 32 27 21 37 18 35 14 39 13 12 14 17 22 30 35 22 25 25 27 36 28 39 19 18 19 11 13 40 37 14 24 33 39 26 20 15 28 33 37 21 35 40 40 35 11 16 13 15 25 34 22 34 27 19 29 23 29 38 12 32 17 19 21 13 15 29 24 39 40 37 22 33 37 23 21 27 25 40 24 25 20 13 37 40 28 34 17 22 16 21 17 14 22 22 33 29 23 28 33 32 30 14 31 18 40 36 28 24 11 23 17 17 11 23 39 34 19 17 40 14 31 24 15 11 15 13 27 27 36 40 37 33 11 40 35 16 27 35 37 19 32 18 35 21 40 32 17 24 30 25 16 22 25 36 38 25 39 39 12 27 19 19 37 17 24 34 26 29 11 33 18 40 16 35 32 39 17 23 23 19 35 27 40 27 15 40 39 28 24 37 21 13 25 39 30 15 39 36 36 36 19 37 36 11 39 40 40 33 37 37 12 37 25 38 15 37 30 38 19 40 19 31 25 20 18 33 38 30 20 30 32 39 32 28 37 29 11 38 12 20
2 22 30 7 16 16 18 26 19 24 18 11 9 17 4 18 17 25 28 13 29 15 21 25 29 28 15 23 19 29 28 14 25 2 11 26 11 2 12 24 30 18 30 27 25 8 1 14 30 26 1 13 6 2 21 18 25 19 3 14 27 21 18 8 10 9 22 6 4 17 28 16 10 26 22 5 23 29 18 29 3 13 3 8 30 10 9 1 25 23 10 18 6 20 30 15 6 23 28 29 11 30 26 29 16 3 22 24 11 10 19 29 29 30 6 11 16 4 27 18 4 18 12 17 1 22 30 6 3 5 11 22 17 7 19 22 3 3 15 21 15 30 25 18 18 25 30 18 28 21 21 21 26 15 6 20 10 21 13 28 4 18 9 14 11 29 17 3 16 19 25 1 14 27 4 24 17 9 4 14 22 22 18 11 28 24 14 14 9 25 20 1 25 13 18 28 24 23 23 28 25 26 23 24 27 3 27 14 20 12 13 21 30 8 4 5 22 15 22 5 27 5 24 22 20 22 26 3 25 10 2 1 11 2 11 27 15 1 4 10 13 22 6 10 22 8 23 3 20 18 17 22 11 13 11 23 21 27 29 27 22 17 11 27 8 25 4 29 3 2 4 7 12 20 25 12 15 15 17 26 18 29 9 8 9 1 3 30 27 4 14 23 29 16 10 5 18 23 27 11 25 30 30 25 1 6 3 5 15 24 12 24 17 9 19 13 19 28 2 22 7 9 11 3 5 19 14 29 30 27 12 23 27 13 11 17 15 30 14 15 10 3 27 30 18 24 7 12 6 11 7 4 12 12 23 19 13 18 23 22 20 4 21 8 30 26 18 14 1 13 7 7 1 13 29 24 9 7 30 4 21 14 5 1 5 3 17 17 26 30 27 23 1 30 25 6 17 25 27 9 22 8 25 11 30 22 7 14 20 15 6 12 15 26 28 15 29 29 2 17 9 9 27 7 14 24 16 19 1 23 8 30 6 25 22 29 7 13 13 9 25 17 30 17 5 30 29 18 14 27 11 3 15 29 20 5 29 26 26 26 9 27 26 1 29 30 30 23 27 27 2 27 15 28 5 27 20 28 9 30 9 21 15 10 8 23 28 20 10 20 22 29 22 18 27 19 1 28 2 10
1 6 16
317 113 466 376 154 71 272 383 202 11 141 241 259 288 298 425
1 7 15
85 70 412 319 65 185 205 199 6 61 366 373 389 426 465
1 6 12
55 474 241 25 198 369 163 141 52 118 319 388
1 4 12
260 236 326 1 401 19 408 78 121 264 113 219
1 12 8
17 273 311 380 280 296 437 448
1 6 11
221 303 243 69 462 95 135 203 101 195 341
1 10 5
432 207 3 203 305
1 7 11
309 149 451 142 409 421 30 87 332 386 419
1 5 12
28 268 97 150 75 220 297 485 7 10 441 487
1 9 10
345 196 312 146 105 467 2 76 156 157
1 5 10
43 42 453 316 360 318 397 425 155 458
1 11 6
320 342 230 84 300 347
1 7 9
354 265 251 46 471 461 238 20 315
1 6 12
174 137 454 102 259 124 394 435 293 28 134 272
1 6 11
208 338 254 67 104 18 402 244 115 159 281
1 16 7
384 257 45 78 108 306 449
1 11 9
351 115 152 183 389 23 376 418 486
1 8 9
322 470 74 206 373 68 392 436 455
1 9 15
248 426 495 84 388 222 14 60 132 147 316 325 432 482 498
1 6 14
108 195 12 234 148 175 414 173 489 72 171 269 379 380
1 7 13
348 54 283 90 298 300 411 302 25 46 385 387 460
1 15 8
160 362 433 143 287 327 398 472
1 10 9
181 473 447 252 463 86 116 140 312
1 12 11
21 192 110 457 19 104 175 206 237 438 480
1 5 15
499 449 456 49 119 403 96 204 363 481 109 207 289 307 390
1 8 10
325 11 38 240 331 120 167 227 275 469
1 5 11
382 299 125 112 469 132 81 158 271 355 233
1 23 5
159 57 180 191 232
1 11 9
187 16 442 448 177 185 216 330 412
1 6 11
440 267 130 379 455 460 239 370 418 182 350
1 9 4
72 176 3 40
1 15 6
398 194 270 126 158 283
1 6 6
36 168 45 344 114 313
1 14 4
210 479 128 146
1 5 15
157 266 494 193 180 391 488 164 156 377 52 58 417 434 481
1 7 15
184 6 483 145 350 86 365 2 43 57 69 130 231 239 310
1 15 5
308 452 137 226 446
1 17 9
289 48 173 188 205 273 362 363 488
1 6 12
482 77 13 347 404 428 91 88 218 382 406 479
1 6 13
213 313 60 172 468 153 417 498 261 271 308 317 383
1 9 10
310 118 399 434 106 79 139 179 410 444
1 5 5
219 334 324 201 477
1 9 8
315 44 395 290 223 145 230 461
1 5 12
190 415 400 444 34 364 161 429 133 422 261 263
1 7 12
441 166 490 323 151 396 186 240 249 295 397 421
1 17 8
22 59 12 246 402 462 478 495
1 9 10
227 170 53 438 40 140 65 74 83 95
1 9 12
387 79 279 487 307 262 55 176 266 291 459 464
1 6 10
126 191 410 61 66 430 375 233 120 470
1 10 6
247 493 381 9 255 433
1 6 13
436 50 472 275 385 111 171 190 318 335 411 440 471
1 5 14
136 224 32 274 62 242 341 229 169 321 77 209 356 490
1 7 10
278 188 100 26 94 189 31 224 244 367
1 11 9
368 356 367 301 138 285 303 344 370
1 6 12
366 286 419 87 123 258 427 209 4 37 163 302
1 9 6
103 215 392 237 177 98
1 10 9
339 182 256 304 431 24 196 423 467
1 11 13
93 314 328 496 486 21 127 178 194 248 427 428 443
1 8 7
131 306 340 333 85 162 267
1 6 14
35 147 285 217 305 201 294 478 81 161 172 299 384 494
1 8 13
41 420 231 329 296 116 445 18 103 129 378 381 415
1 10 6
284 343 253 92 282 337
1 13 8
228 475 51 280 80 252 311 474
1 14 8
349 5 390 56 101 102 243 416
1 9 11
246 80 197 117 56 47 187 200 314 360 429
1 7 9
99 167 186 211 276 39 89 281 365
1 5 14
76 336 235 250 416 139 353 245 423 439 35 123 214 430
1 9 11
292 109 27 437 288 232 5 98 106 125 160
1 9 10
63 295 8 393 371 197 228 326 333 493
1 8 11
4 277 178 263 291 269 465 110 257 369 439
1 6 12
225 165 20 358 134 73 212 9 162 89 166 400
1 7 11
357 122 443 47 327 406 450 491 33 168 282
1 5 14
386 359 477 361 37 107 287 476 23 492 31 133 445 483
1 10 9
405 143 346 138 16 165 211 413 499
1 11 8
29 335 446 144 480 234 351 442
1 4 14
179 58 83 0 127 407 374 352 14 96 117 328 451 485
1 6 12
497 424 226 214 249 216 33 129 34 164 250 331
1 6 10
413 330 82 464 64 24 459 15 378 122
1 10 9
372 200 255 484 332 41 91 107 355
