300 73 465 20
28 15 21 31 17 39 18 38 24 39 17 32 12 12 35 33 28 31 29 13 18 21 16 34 12 20 29 30 32 24 15 14 19 21 15 29 34 21 24 20 24 24 21 29 21 32 34 22 36 25 25 13 38 31 25 29 22 25 15 15 19 17 13 30 24 37 13 14 35 39 25 16 26 33 19 34 16 21 25 12 34 18 39 32 18 26 24 35 37 28 21 34 40 31 26 28 25 39 35 23 21 24 26 22 11 27 15 24 12 11 21 29 20 31 18 40 34 14 20 38 30 19 38 40 23 11 28 31 31 26 35 32 34 13 37 33 28 15 34 21 40 28 22 38 21 36 38 19 12 29 38 25 12 29 14 18 40 18 36 23 39 12 18 19 26 37 19 23 22 12 35 33 32 40 18 39 28 38 24 13 14 37 13 18 19 20 25 37 23 37 24 21 25 37 32 32 26 13 12 35 38 29 19 14 32 12 34 28 20 39 24 29 20 18 29 23 37 31 24 23 26 17 31 17 16 16 30 15 15 24 15 28 36 11 23 34 11 25 27 17 33 30 29 33 25 19 21 26 14 13 19 19 16 29 25 19 18 19 12 23 32 14 15 31 15 20 39 19 17 36 37 25 13 24 25 39 17 25 22 20 40 20 21 25 27 28 20 26 22 24 20 28 33 11 40 16 19 29 30 37
18 5 11 21 7 29 8 28 14 29 7 22 2 2 25 23 18 21 19 3 8 11 6 24 2 10 19 20 22 14 5 4 9 11 5 19 24 11 14 10 14 14 11 19 11 22 24 12 26 15 15 3 28 21 15 19 12 15 5 5 9 7 3 20 14 27 3 4 25 29 15 6 16 23 9 24 6 11 15 2 24 8 29 22 8 16 14 25 27 18 11 24 30 21 16 18 15 29 25 13 11 14 16 12 1 17 5 14 2 1 11 19 10 21 8 30 24 4 10 28 20 9 28 30 13 1 18 21 21 16 25 22 24 3 27 23 18 5 24 11 30 18 12 28 11 26 28 9 2 19 28 15 2 19 4 8 30 8 26 13 29 2 8 9 16 27 9 13 12 2 25 23 22 30 8 29 18 28 14 3 4 27 3 8 9 10 15 27 13 27 14 11 15 27 22 22 16 3 2 25 28 19 9 4 22 2 24 18 10 29 14 19 10 8 19 13 27 21 14 13 16 7 21 7 6 6 20 5 5 14 5 18 26 1 13 24 1 15 17 7 23 20 19 23 15 9 11 16 4 3 9 9 6 19 15 9 8 9 2 13 22 4 5 21 5 10 29 9 7 26 27 15 3 14 15 29 7 15 12 10 30 10 11 15 17 18 10 16 12 14 10 18 23 1 30 6 9 19 20 27
1 13 5
172 228 40 91 194
1 16 4
280 120 6 109
1 12 7
21 150 57 204 93 120 244
1 8 5
188 261 99 111 36
1 10 5
17 293 33 241 11
1 11 5
294 32 96 284 230
1 4 10
246 202 20 259 118 49 67 184 192 249
1 23 3
14 194 81
1 9 9
43 62 187 56 29 4 75 105 165
1 7 4
47 288 215 0
1 6 11
72 180 276 247 138 169 39 101 261 277 283
1 13 5
207 146 231 48 54
1 8 4
185 84 224 98
1 5 7
71 147 125 25 32 164 288
1 6 8
22 103 83 297 30 59 92 138
1 26 3
130 88 239
1 4 11
42 108 239 40 139 154 71 122 167 273 280
1 7 7
236 227 15 183 273 131 217
1 8 6
132 28 281 80 255 128
1 8 10
277 163 226 195 60 85 87 152 189 203
1 11 6
123 245 213 232 16 223
1 6 5
238 274 264 265 133
1 7 8
179 234 295 233 257 275 16 293
1 6 8
55 95 229 289 208 221 24 224
1 9 6
279 131 38 225 65 150
1 9 8
192 122 31 167 165 182 79 237
1 6 7
282 129 101 41 93 283 66
1 11 5
177 176 278 35 155
1 10 7
68 193 197 249 2 145 222
1 5 10
121 296 74 137 198 145 125 140 159 227
1 8 10
158 258 148 186 161 3 193 219 229 231
1 2 7
24 152 17 51 134 144 220
1 9 6
140 49 86 94 8 247
1 9 8
25 110 170 287 243 18 143 205
1 12 5
171 203 270 10 172
1 7 8
223 168 253 191 14 137 141 265
1 9 7
9 285 153 190 155 114 250
1 15 6
46 222 106 15 148 197
1 8 7
44 75 105 104 19 30 255
1 16 8
1 216 28 33 70 171 202 210
1 14 7
97 217 189 173 158 176 221
1 8 7
91 127 76 220 119 78 286
1 12 7
4 11 134 100 50 89 242
1 7 9
50 85 159 51 7 13 163 226 297
1 9 9
54 181 218 141 23 156 43 112 225
1 18 3
7 250 100
1 6 4
272 184 82 149
1 8 4
251 63 178 252
1 7 9
267 201 164 199 70 230 68 119 295
1 8 6
212 244 160 162 112 240
1 11 8
136 52 73 290 175 108 127 157
1 8 6
211 114 254 235 209 262
1 15 7
81 214 143 59 118 186 188
1 11 5
77 36 109 98 182
1 6 10
64 26 219 166 61 95 96 191 195 278
1 10 6
260 149 117 124 153 180
1 11 5
12 242 87 291 179
1 11 6
116 286 157 117 169 279
1 20 6
69 90 6 196 263 264
1 17 5
266 45 37 142 209
1 16 4
269 18 292 57
1 24 4
65 3 72 103
1 6 12
151 256 66 34 126 62 73 83 116 133 135 248
1 5 7
205 174 5 31 69 107 245
1 12 7
299 196 142 113 42 129 228
1 26 5
82 135 48 58 269
1 6 5
67 13 298 248 23
1 13 5
107 206 115 263 21
1 20 3
39 92 282
1 10 5
79 89 99 104 251
1 12 7
27 58 102 34 76 154 272
1 9 7
200 5 271 53 144 210 268
1 11 4
237 268 0 124
