1000 91 1550 18
17 14 14 36 28 22 37 18 14 18 29 36 19 24 35 11 16 24 36 25 12 36 12 18 20 22 20 11 14 34 11 33 19 26 14 36 17 18 12 37 34 35 23 14 26 18 18 20 13 19 30 32 33 12 35 23 14 37 14 17 30 16 38 12 33 28 22 14 19 30 25 34 29 15 30 36 31 13 15 36 23 17 37 31 24 36 28 31 22 16 28 38 40 12 13 30 22 13 23 14 35 13 21 39 40 27 13 27 21 17 11 14 33 28 29 24 16 23 19 35 34 16 19 37 18 32 40 12 15 13 26 20 11 12 38 15 17 35 38 20 34 31 12 25 31 21 11 21 22 31 32 12 11 20 35 22 16 39 24 30 13 31 31 21 29 19 25 22 12 15 31 25 12 21 21 26 30 11 15 29 35 12 40 20 11 21 32 28 38 15 12 16 27 24 16 17 11 39 35 22 12 34 24 25 21 37 22 13 11 28 16 28 29 38 22 23 37 24 30 23 18 27 22 18 20 39 15 16 26 32 22 26 28 12 27 19 20 33 24 39 17 29 31 21 23 18 24 27 30 14 24 28 22 13 20 25 23 30 35 32 34 13 12 14 12 21 31 22 34 23 25 15 34 20 32 26 11 11 36 11 27 36 16 38 23 28 13 36 32 36 20 25 31 20 34 36 27 27 38 36 18 32 34 24 17 29 12 31 24 29 16 16 28 37 25 30 14 28 28 25 24 30 21 20 28 26 14 26 15 14 31 29 28 21 16 25 39 25 32 17 14 34 40 17 19 39 35 15 30 33 36 13 22 26 12 12 26 38 14 11 26 12 27 37 34 40 30 15 19 38 38 34 32 22 18 27 26 25 11 33 23 14 32 32 23 17 25 26 17 33 40 30 25 37 20 24 13 40 29 21 23 17 38 30 38 19 23 12 13 16 26 14 20 26 19 29 38 27 38 16 25 23 11 12 35 23 11 26 15 23 19 27 34 18 36 33 18 19 37 16 33 34 16 20 11 23 19 16 32 35 24 19 21 23 25 37 37 37 32 32 16 22 39 36 27 14 16 37 21 12 20 27 31 25 36 30 28 26 20 21 19 12 22 20 14 21 35 19 14 13 28 24 27 40 30 29 18 18 35 21 36 11 13 38 21 23 33 36 24 19 19 13 14 32 24 40 34 36 26 19 40 35 35 37 15 19 17 13 27 11 38 34 23 16 30 33 21 15 17 13 35 13 25 28 13 34 33 27 19 30 20 30 31 32 31 12 35 15 39 12 25 18 26 33 31 13 38 32 16 38 27 19 22 18 11 23 14 13 25 21 24 16 21 30 39 33 40 16 38 13 25 30 11 37 24 33 32 20 16 39 22 11 15 27 39 36 13 12 33 17 31 35 12 24 37 23 33 23 35 16 16 18 38 19 12 19 36 14 31 20 37 19 35 33 33 38 37 30 21 38 34 20 31 28 34 28 20 20 14 30 16 15 17 15 16 31 31 18 29 32 20 22 18 11 20 20 23 15 16 18 36 13 16 18 21 35 32 11 29 14 18 20 35 35 18 19 36 33 23 30 23 14 26 32 19 16 30 37 25 29 30 11 36 35 30 33 11 28 31 34 37 40 37 30 36 29 23 25 34 37 11 40 23 28 17 13 26 36 28 21 39 27 29 27 21 36 29 26 23 28 15 36 25 32 23 25 33 23 22 36 34 32 39 27 20 27 16 38 22 18 13 32 23 34 23 29 13 31 32 19 32 21 25 31 14 33 28 29 15 21 32 17 32 31 28 22 15 14 30 34 29 29 14 40 25 29 19 21 37 11 22 28 19 16 22 24 26 24 11 32 19 38 13 29 20 29 24 23 15 12 33 38 18 20 38 28 36 19 11 35 26 26 17 25 36 16 21 39 35 30 26 34 19 13 13 26 32 17 12 14 21 17 40 17 26 38 37 35 38 31 20 32 34 36 27 12 36 36 28 11 14 33 26 25 40 16 29 30 40 34 11 35 40 26 28 12 39 12 16 27 36 15 28 22 22 18 24 36 14 37 36 17 32 22 20 14 14 36 31 16 12 24 15 23 21 33 33 13 22 22 30 36 21 13 33 40 15 39 14 14 32 26 24 40 23 21 27 35 35 32 12 20 20 37 38 36 33 36 11 25 12 32 35 30 18 37 40 17 18 16 39 21 24 30 38 27 16 23 34 13 27 22 31 16 32 15 23 34 27 31 37 23 13 27 20 25 33 32 14 26 35 22 27 23 40 36 39 26 16 11
7 4 4 26 18 12 27 8 4 8 19 26 9 14 25 1 6 14 26 15 2 26 2 8 10 12 10 1 4 24 1 23 9 16 4 26 7 8 2 27 24 25 13 4 16 8 8 10 3 9 20 22 23 2 25 13 4 27 4 7 20 6 28 2 23 18 12 4 9 20 15 24 19 5 20 26 21 3 5 26 13 7 27 21 14 26 18 21 12 6 18 28 30 2 3 20 12 3 13 4 25 3 11 29 30 17 3 17 11 7 1 4 23 18 19 14 6 13 9 25 24 6 9 27 8 22 30 2 5 3 16 10 1 2 28 5 7 25 28 10 24 21 2 15 21 11 1 11 12 21 22 2 1 10 25 12 6 29 14 20 3 21 21 11 19 9 15 12 2 5 21 15 2 11 11 16 20 1 5 19 25 2 30 10 1 11 22 18 28 5 2 6 17 14 6 7 1 29 25 12 2 24 14 15 11 27 12 3 1 18 6 18 19 28 12 13 27 14 20 13 8 17 12 8 10 29 5 6 16 22 12 16 18 2 17 9 10 23 14 29 7 19 21 11 13 8 14 17 20 4 14 18 12 3 10 15 13 20 25 22 24 3 2 4 2 11 21 12 24 13 15 5 24 10 22 16 1 1 26 1 17 26 6 28 13 18 3 26 22 26 10 15 21 10 24 26 17 17 28 26 8 22 24 14 7 19 2 21 14 19 6 6 18 27 15 20 4 18 18 15 14 20 11 10 18 16 4 16 5 4 21 19 18 11 6 15 29 15 22 7 4 24 30 7 9 29 25 5 20 23 26 3 12 16 2 2 16 28 4 1 16 2 17 27 24 30 20 5 9 28 28 24 22 12 8 17 16 15 1 23 13 4 22 22 13 7 15 16 7 23 30 20 15 27 10 14 3 30 19 11 13 7 28 20 28 9 13 2 3 6 16 4 10 16 9 19 28 17 28 6 15 13 1 2 25 13 1 16 5 13 9 17 24 8 26 23 8 9 27 6 23 24 6 10 1 13 9 6 22 25 14 9 11 13 15 27 27 27 22 22 6 12 29 26 17 4 6 27 11 2 10 17 21 15 26 20 18 16 10 11 9 2 12 10 4 11 25 9 4 3 18 14 17 30 20 19 8 8 25 11 26 1 3 28 11 13 23 26 14 9 9 3 4 22 14 30 24 26 16 9 30 25 25 27 5 9 7 3 17 1 28 24 13 6 20 23 11 5 7 3 25 3 15 18 3 24 23 17 9 20 10 20 21 22 21 2 25 5 29 2 15 8 16 23 21 3 28 22 6 28 17 9 12 8 1 13 4 3 15 11 14 6 11 20 29 23 30 6 28 3 15 20 1 27 14 23 22 10 6 29 12 1 5 17 29 26 3 2 23 7 21 25 2 14 27 13 23 13 25 6 6 8 28 9 2 9 26 4 21 10 27 9 25 23 23 28 27 20 11 28 24 10 21 18 24 18 10 10 4 20 6 5 7 5 6 21 21 8 19 22 10 12 8 1 10 10 13 5 6 8 26 3 6 8 11 25 22 1 19 4 8 10 25 25 8 9 26 23 13 20 13 4 16 22 9 6 20 27 15 19 20 1 26 25 20 23 1 18 21 24 27 30 27 20 26 19 13 15 24 27 1 30 13 18 7 3 16 26 18 11 29 17 19 17 11 26 19 16 13 18 5 26 15 22 13 15 23 13 12 26 24 22 29 17 10 17 6 28 12 8 3 22 13 24 13 19 3 21 22 9 22 11 15 21 4 23 18 19 5 11 22 7 22 21 18 12 5 4 20 24 19 19 4 30 15 19 9 11 27 1 12 18 9 6 12 14 16 14 1 22 9 28 3 19 10 19 14 13 5 2 23 28 8 10 28 18 26 9 1 25 16 16 7 15 26 6 11 29 25 20 16 24 9 3 3 16 22 7 2 4 11 7 30 7 16 28 27 25 28 21 10 22 24 26 17 2 26 26 18 1 4 23 16 15 30 6 19 20 30 24 1 25 30 16 18 2 29 2 6 17 26 5 18 12 12 8 14 26 4 27 26 7 22 12 10 4 4 26 21 6 2 14 5 13 11 23 23 3 12 12 20 26 11 3 23 30 5 29 4 4 22 16 14 30 13 11 17 25 25 22 2 10 10 27 28 26 23 26 1 15 2 22 25 20 8 27 30 7 8 6 29 11 14 20 28 17 6 13 24 3 17 12 21 6 22 5 13 24 17 21 27 13 3 17 10 15 23 22 4 16 25 12 17 13 30 26 29 16 6 1
1 7 19
414 35 988 88 763 174 551 104 142 239 248 266 313 552 671 673 777 808 857
1 8 12
654 124 834 337 829 969 101 235 309 341 431 764
1 3 26
540 196 994 772 351 982 757 131 456 848 428 885 485 954 926 190 371 393 401 423 495 658 710 745 812 877
1 3 18
808 971 79 633 466 197 360 619 746 931 631 54 114 732 813 107 285 772
1 4 14
445 660 831 43 753 133 67 712 570 20 183 311 318 786
1 2 22
703 184 13 816 397 5 472 658 108 942 656 582 33 497 69 725 923 691 695 273 511 681
1 4 17
594 928 981 288 343 339 378 359 302 328 237 350 422 531 559 650 796
1 4 17
805 468 545 671 287 268 39 833 315 944 592 440 48 95 136 729 975
1 3 17
666 341 460 862 102 23 216 274 895 491 353 922 714 693 8 390 475
1 2 26
408 747 811 750 461 93 799 187 525 793 668 128 78 719 784 205 84 484 705 605 1 68 331 487 797 906
1 2 31
534 292 817 602 338 706 999 973 723 277 442 83 620 940 588 743 713 36 402 608 29 39 315 526 540 554 561 574 885 957 969
1 7 19
297 10 866 779 681 792 924 35 181 275 386 496 518 759 776 849 934 981 992
1 7 14
711 262 12 116 117 937 742 188 438 585 601 641 648 770
1 3 18
528 865 797 482 900 701 431 786 832 344 487 267 419 472 502 686 878 985
1 3 18
689 113 44 806 398 281 615 519 777 962 271 977 785 659 660 780 794 921
1 7 10
751 180 861 326 412 989 92 899 477 539
1 4 23
649 104 27 554 953 298 251 903 56 514 840 653 110 15 47 425 432 468 610 685 689 790 924
1 9 9
803 438 700 641 361 105 272 657 761
1 5 15
748 947 567 694 389 736 17 380 536 157 36 65 237 525 538
1 2 25
149 841 194 501 422 796 327 680 889 846 645 717 854 952 638 323 204 477 34 46 117 441 569 793 850
1 4 19
893 955 425 50 405 822 972 930 613 367 64 51 286 340 739 763 903 911 914
1 3 24
672 502 134 894 640 474 776 169 968 921 581 568 272 329 145 270 296 305 473 532 564 737 746 912
1 10 11
880 665 987 53 127 161 620 627 699 779 947
1 3 24
538 463 871 235 643 183 199 182 814 476 510 40 18 1 948 191 566 96 123 204 220 399 519 970
1 4 19
464 399 686 388 129 685 755 383 616 756 507 137 550 99 279 325 594 830 996
1 5 20
144 202 455 916 48 142 902 578 316 228 4 89 91 241 560 635 758 863 976 986
1 4 15
236 107 661 433 577 214 844 168 709 21 256 470 486 813 847
1 4 18
625 138 382 332 163 882 82 708 424 692 782 804 211 87 247 523 551 771
1 3 23
469 677 178 349 370 495 448 358 352 585 167 790 286 58 171 179 234 361 397 421 462 836 897
1 17 4
542 963 354 457
1 4 17
976 415 30 863 724 522 51 884 731 15 220 18 38 130 226 231 514
1 5 16
376 555 225 208 802 127 365 366 20 809 96 335 430 500 544 816
1 10 7
224 836 31 119 578 700 791
1 3 15
773 917 664 601 354 478 771 189 99 453 0 206 209 369 437
1 13 6
823 820 997 5 163 212
1 4 20
479 837 121 766 627 737 527 317 195 423 4 58 73 191 302 469 566 717 811 883
1 7 13
59 85 769 97 248 852 265 617 67 293 323 571 742
1 6 12
905 775 815 800 635 301 727 967 102 259 274 919
1 4 18
267 146 234 57 239 980 231 24 628 342 420 532 6 228 324 572 784 942
1 6 14
136 849 284 642 443 60 159 303 406 567 611 684 690 943
1 5 11
979 918 651 839 590 320 447 162 88 265 436
1 3 26
38 859 386 612 481 450 886 263 289 165 407 749 355 434 90 716 650 11 283 383 542 762 825 925 933 953
1 3 23
868 657 629 933 768 179 909 171 11 630 441 233 541 655 368 270 878 722 50 114 887 896 941
1 2 30
740 883 486 275 842 730 122 101 669 807 201 451 965 357 246 626 308 896 446 990 249 291 363 378 465 615 642 754 775 866
1 4 17
879 141 212 546 901 516 676 53 314 218 24 33 64 348 377 633 730
1 5 13
29 222 543 591 557 452 873 679 257 322 676 809 845
1 4 20
170 321 403 533 250 890 307 876 864 333 467 492 45 75 77 520 558 800 851 874
1 2 26
521 465 76 788 872 31 206 535 109 454 795 851 34 372 561 221 66 318 77 196 597 701 749 829 867 882
1 11 13
260 637 8 312 111 233 379 506 510 583 600 806 932
1 6 15
558 290 245 47 363 356 678 160 192 37 164 376 570 750 838
1 4 19
847 986 970 49 966 0 524 673 334 471 100 150 463 543 576 823 958 990 994
1 7 14
511 978 759 313 838 258 177 28 167 199 589 637 789 995
1 3 25
512 614 911 229 91 509 294 21 912 600 991 257 130 139 733 935 309 636 61 297 321 368 691 818 954
1 3 20
310 430 531 556 765 166 28 513 881 494 639 279 603 504 32 747 795 872 909 984
1 3 23
230 697 960 945 16 956 518 123 247 203 255 506 330 898 449 134 232 243 392 412 802 822 952
1 4 19
925 115 597 505 667 728 300 112 73 145 702 907 974 184 258 260 396 428 901
1 5 18
489 496 690 835 584 943 684 156 119 761 238 7 349 358 599 634 964 987
1 5 13
132 488 140 147 529 299 89 704 856 936 223 415 834
1 4 21
870 303 296 758 939 845 75 798 783 843 738 373 83 227 339 652 711 827 854 966 977
1 3 20
791 762 934 364 874 322 787 530 632 659 780 62 215 118 421 317 388 736 940 965
1 7 10
390 413 210 891 52 720 789 175 643 826
1 9 15
264 175 283 995 810 887 2 22 71 84 157 244 353 499 732
1 11 7
419 830 185 280 372 804 810
1 4 25
888 416 850 938 975 14 523 240 634 571 324 227 295 418 112 113 174 344 440 545 617 618 667 856 951
1 5 21
760 932 675 707 285 111 395 278 154 56 178 202 221 408 466 478 565 587 592 902 908
1 6 17
152 553 37 42 266 188 698 347 520 44 49 208 410 621 716 726 893
1 9 14
135 457 164 572 173 253 364 485 504 679 751 907 930 998
1 3 24
983 526 426 598 576 70 996 652 345 958 176 427 892 7 242 696 135 137 197 400 467 841 876 894
1 4 18
219 508 604 253 734 429 826 710 827 213 985 992 25 254 343 347 705 760
1 4 17
106 282 537 401 232 663 498 394 261 801 32 432 54 133 360 451 844
1 4 18
818 857 853 404 552 475 794 877 335 575 381 177 310 452 553 593 613 774
1 3 25
515 259 647 254 120 539 243 226 190 914 729 596 393 125 244 109 144 493 586 590 605 678 694 734 931
1 2 21
915 648 155 22 396 158 904 574 387 579 573 379 764 55 683 624 500 906 437 66 668
1 5 10
812 291 280 674 273 193 118 367 490 651
1 4 15
735 549 726 473 480 161 80 621 548 941 458 311 147 573 971
1 13 9
435 346 744 569 402 738 888 945 950
1 15 13
770 946 200 103 211 429 444 455 632 712 768 835 884
1 5 14
276 767 950 369 610 377 919 493 153 95 19 474 483 702
1 2 25
410 699 622 181 209 319 993 411 305 869 256 103 589 331 559 998 964 269 897 908 375 384 434 698 719
1 4 18
824 86 860 583 249 623 46 609 490 781 646 219 327 522 744 752 939 983
1 5 17
754 143 385 778 563 68 2 858 560 13 195 210 218 306 356 476 980
1 2 25
241 949 436 644 409 741 599 587 391 217 670 875 223 867 459 688 348 304 593 586 439 646 649 787 938
1 2 26
126 207 687 293 3 444 957 961 470 618 150 606 819 682 186 417 374 185 350 325 30 165 277 471 803 846
1 5 12
462 821 855 400 72 483 87 825 984 306 718 927
1 4 12
718 544 745 26 920 607 45 98 739 517 41 989
1 12 8
662 562 330 413 426 501 516 588
1 3 19
406 503 371 151 60 65 828 375 913 336 951 105 929 100 565 201 252 505 724
1 7 14
198 721 362 595 499 71 611 69 381 453 663 695 839 916
1 8 12
384 94 9 172 752 715 6 80 122 461 708 735
1 4 22
774 392 547 61 63 910 81 159 927 580 439 74 93 205 246 251 479 521 619 788 820 862
1 6 9
340 564 252 959 19 148 63 373 999
