500 83 775 20
34 18 14 29 18 33 34 30 18 15 37 33 29 14 22 24 38 24 21 29 38 38 40 25 22 34 18 38 12 19 25 40 24 29 12 20 12 33 40 30 20 22 24 36 14 33 22 20 12 11 34 35 19 29 29 36 31 17 36 27 27 20 29 40 24 18 39 21 34 25 36 29 32 21 16 34 26 31 15 23 23 15 19 35 34 16 26 14 20 34 20 18 31 16 17 17 31 33 37 30 27 32 19 35 34 33 24 23 35 18 24 36 38 11 37 35 30 13 27 13 35 15 40 22 21 38 27 31 22 24 24 34 17 18 28 23 39 12 36 21 23 19 27 30 28 37 29 31 32 28 21 32 16 20 30 12 33 34 35 37 15 38 15 21 22 24 18 33 18 36 16 17 27 22 11 21 19 21 34 17 37 21 11 34 39 36 28 14 38 39 19 19 13 13 17 29 39 14 17 34 34 36 35 22 26 17 16 14 37 21 13 17 15 27 18 31 21 32 22 27 32 29 29 31 27 40 33 35 40 36 34 26 22 16 13 22 14 26 31 21 37 20 35 20 17 16 34 12 34 40 15 21 29 16 38 21 34 23 25 33 34 21 31 18 17 17 32 11 11 20 32 39 31 16 34 34 28 22 25 20 18 35 13 36 36 38 17 31 24 39 30 31 36 21 21 37 16 34 15 40 23 35 34 29 38 23 24 13 15 28 19 33 14 32 14 25 26 28 30 25 24 12 25 21 27 23 34 26 24 35 18 16 24 32 32 35 26 35 16 28 20 24 31 27 38 34 20 32 23 21 24 16 26 11 17 40 13 36 39 32 38 36 27 32 26 11 30 29 38 25 17 20 14 31 17 30 36 35 23 30 18 38 25 32 12 21 26 34 11 38 16 37 22 31 12 15 16 34 27 29 24 27 37 37 23 17 40 23 23 17 40 19 34 21 29 11 17 16 18 22 32 31 15 31 33 33 17 39 22 18 30 38 38 11 18 38 12 29 28 17 24 23 17 30 20 21 14 37 20 11 35 11 12 29 11 33 38 22 36 36 36 13 15 13 40 16 38 23 34 23 15 32 39 22 24 20 33 40 15 29 27 26 36 19 31 22 28 20 30 19 40 37 11 18 13 33 36 28 22 17
24 8 4 19 8 23 24 20 8 5 27 23 19 4 12 14 28 14 11 19 28 28 30 15 12 24 8 28 2 9 15 30 14 19 2 10 2 23 30 20 10 12 14 26 4 23 12 10 2 1 24 25 9 19 19 26 21 7 26 17 17 10 19 30 14 8 29 11 24 15 26 19 22 11 6 24 16 21 5 13 13 5 9 25 24 6 16 4 10 24 10 8 21 6 7 7 21 23 27 20 17 22 9 25 24 23 14 13 25 8 14 26 28 1 27 25 20 3 17 3 25 5 30 12 11 28 17 21 12 14 14 24 7 8 18 13 29 2 26 11 13 9 17 20 18 27 19 21 22 18 11 22 6 10 20 2 23 24 25 27 5 28 5 11 12 14 8 23 8 26 6 7 17 12 1 11 9 11 24 7 27 11 1 24 29 26 18 4 28 29 9 9 3 3 7 19 29 4 7 24 24 26 25 12 16 7 6 4 27 11 3 7 5 17 8 21 11 22 12 17 22 19 19 21 17 30 23 25 30 26 24 16 12 6 3 12 4 16 21 11 27 10 25 10 7 6 24 2 24 30 5 11 19 6 28 11 24 13 15 23 24 11 21 8 7 7 22 1 1 10 22 29 21 6 24 24 18 12 15 10 8 25 3 26 26 28 7 21 14 29 20 21 26 11 11 27 6 24 5 30 13 25 24 19 28 13 14 3 5 18 9 23 4 22 4 15 16 18 20 15 14 2 15 11 17 13 24 16 14 25 8 6 14 22 22 25 16 25 6 18 10 14 21 17 28 24 10 22 13 11 14 6 16 1 7 30 3 26 29 22 28 26 17 22 16 1 20 19 28 15 7 10 4 21 7 20 26 25 13 20 8 28 15 22 2 11 16 24 1 28 6 27 12 21 2 5 6 24 17 19 14 17 27 27 13 7 30 13 13 7 30 9 24 11 19 1 7 6 8 12 22 21 5 21 23 23 7 29 12 8 20 28 28 1 8 28 2 19 18 7 14 13 7 20 10 11 4 27 10 1 25 1 2 19 1 23 28 12 26 26 26 3 5 3 30 6 28 13 24 13 5 22 29 12 14 10 23 30 5 19 17 16 26 9 21 12 18 10 20 9 30 27 1 8 3 23 26 18 12 7
1 6 11
346 212 369 376 14 197 442 490 394 57 114
1 6 11
476 241 167 464 176 18 20 352 42 302 430
1 6 12
276 261 310 496 473 11 397 77 43 137 330 370
1 14 7
50 414 93 7 17 64 280
1 10 7
115 120 448 165 268 167 342
1 11 6
341 272 274 73 375 428
1 9 6
382 407 233 55 190 316
1 8 11
461 109 7 433 278 432 41 98 120 212 245
1 15 7
429 208 53 229 371 489 498
1 6 11
134 110 384 217 405 392 457 240 142 224 289
1 4 13
375 75 290 37 252 160 47 170 305 421 81 95 263
1 5 12
168 426 210 133 48 138 247 17 93 151 294 362
1 6 11
332 103 258 367 427 260 147 72 70 149 469
1 6 10
467 222 402 186 489 259 30 370 145 378
1 12 7
151 351 431 434 77 282 423
1 5 12
336 324 189 404 29 251 263 150 86 88 338 395
1 6 14
329 480 21 86 63 152 411 62 223 20 118 172 243 327
1 6 7
128 239 188 187 280 475 67
1 6 13
284 463 269 177 204 478 244 0 140 283 410 494 495
1 5 14
400 158 232 157 362 155 301 92 225 372 312 349 433 470
1 10 8
379 255 439 127 236 256 297 314
1 5 13
0 317 106 498 286 179 327 273 196 462 250 426 448
1 8 9
495 161 298 193 84 112 36 305 323
1 7 10
458 245 172 192 423 46 189 288 322 388
1 7 11
228 326 90 331 88 250 230 3 360 407 475
1 14 10
383 347 44 21 286 303 313 317 325 439
1 6 13
125 380 359 395 236 472 140 282 178 237 337 382 468
1 7 10
123 485 107 449 76 55 111 125 134 231
1 8 7
333 270 483 141 304 493 275
1 6 12
468 3 256 171 237 265 371 398 59 83 108 340
1 5 13
441 316 16 243 104 437 325 335 6 296 188 216 411
1 10 12
31 70 281 406 121 68 23 61 238 292 366 416
1 7 6
28 330 288 22 85 427
1 12 5
291 79 285 451 246
1 9 6
190 361 61 49 71 96
1 10 9
56 74 54 85 136 249 268 333 465
1 7 8
320 227 35 219 82 436 160 254
1 8 5
308 444 350 32 409
1 12 11
481 143 340 84 148 341 355 383 405 406 419
1 11 7
144 89 8 96 225 253 267
1 4 8
194 78 419 422 5 49 73 369
1 5 11
348 156 149 415 470 430 339 224 135 221 240
1 5 15
497 164 387 314 401 4 229 137 206 136 16 232 392 413 443
1 9 9
312 452 200 469 271 358 194 372 451
1 5 13
297 292 205 474 313 108 391 390 9 15 105 193 452
1 5 15
482 343 201 409 403 153 366 315 91 477 290 296 418 422 437
1 11 7
185 195 445 13 50 94 107
1 22 4
105 373 58 387
1 7 10
417 309 307 23 456 130 143 178 320 329
1 11 5
231 388 100 435 22
1 6 12
385 83 381 199 249 97 356 57 289 122 295 447
1 9 7
410 51 455 221 264 357 112
1 6 6
12 209 279 15 182 300
1 7 11
302 396 119 34 174 254 114 183 214 234 380
1 12 7
323 287 360 218 106 258 304
1 7 12
413 116 66 87 59 117 342 72 104 169 195 347
1 10 6
262 488 118 487 204 269
1 8 12
389 111 253 484 491 408 368 24 306 307 361 499
1 10 7
214 27 486 438 345 391 482
1 5 13
364 471 126 295 135 246 99 145 45 24 60 350 466
1 12 12
169 234 235 110 124 139 174 220 276 279 436 479
1 6 11
440 213 33 328 175 293 412 130 184 299 379
1 6 14
203 215 39 71 122 393 163 173 117 198 199 336 353 458
1 9 7
102 319 2 267 38 177 454
1 10 12
25 113 101 447 131 10 12 40 281 344 356 464
1 8 6
277 363 94 446 65 205
1 10 4
40 198 443 318
1 8 8
64 132 460 294 378 27 425 434
1 8 10
146 377 183 10 129 300 91 171 358 376
1 5 11
321 399 465 67 420 466 353 32 322 115 373
1 6 7
338 499 99 233 354 394 400
1 7 9
142 52 124 139 148 5 9 103 455
1 8 12
374 459 306 299 365 220 184 28 100 156 398 492
1 7 8
242 98 60 191 202 95 43 476
1 7 14
58 162 26 238 180 69 349 18 44 109 211 247 351 396
1 8 12
154 127 337 81 159 266 284 285 298 408 473 488
1 4 6
181 41 1 416 211 128
1 10 12
425 334 283 80 248 147 153 192 200 226 343 385
1 9 8
479 453 418 303 46 235 241 368
1 8 10
428 450 386 216 166 113 209 218 412 477
1 14 5
424 207 19 319 397
1 17 7
275 226 344 51 166 321 490
1 6 11
355 492 65 257 354 311 494 454 152 339 481
