500 35 775 20
21 13 30 31 15 27 19 35 23 35 11 11 33 17 32 30 25 11 19 18 32 28 21 33 12 19 36 40 27 40 38 35 14 20 24 27 27 23 18 38 28 35 32 13 17 11 29 37 36 21 24 39 14 35 28 33 16 30 39 28 27 34 12 33 22 27 25 35 15 18 20 25 28 25 24 32 27 23 14 23 33 16 14 16 39 19 13 26 22 34 28 27 22 28 25 21 20 29 25 17 33 21 30 17 30 11 17 19 12 14 24 40 12 18 28 34 16 11 19 15 20 31 39 13 22 16 36 36 30 20 24 39 34 34 18 25 26 37 25 13 31 23 12 20 12 19 26 37 39 21 40 24 33 25 36 23 31 14 40 23 20 21 12 22 33 35 36 11 39 22 23 37 14 33 26 27 21 24 32 18 39 31 36 15 16 25 40 15 36 37 28 35 18 36 27 38 24 19 35 25 25 23 27 21 16 23 28 37 39 26 19 26 15 40 39 33 22 24 36 19 11 38 23 31 19 15 13 21 33 24 21 31 15 37 30 21 33 28 12 18 21 14 22 17 19 35 37 12 19 36 30 35 27 22 27 12 36 20 28 11 28 11 31 23 21 38 32 18 29 25 27 18 28 32 24 17 35 20 24 21 34 36 40 32 37 18 18 31 11 29 21 34 34 19 18 32 26 37 13 39 27 40 32 23 39 19 18 17 34 37 34 37 20 15 12 34 34 34 11 37 19 24 23 39 19 24 32 21 33 24 35 11 37 38 12 24 37 36 25 34 12 20 18 38 39 13 28 28 18 14 11 19 29 35 16 23 22 36 29 15 24 36 19 31 17 34 13 28 20 36 34 22 33 25 18 20 25 35 16 17 16 37 38 37 40 28 31 36 16 25 34 13 36 14 12 11 23 33 16 40 31 17 37 21 31 18 21 23 31 16 28 30 35 14 17 36 28 27 35 28 32 21 13 16 22 37 14 31 30 28 19 29 21 12 14 22 30 40 32 16 40 30 23 17 20 38 17 36 20 34 11 22 22 37 23 25 14 37 32 25 20 16 17 13 12 19 13 37 21 40 35 15 17 32 11 22 22 31 32 38 26 15 25 21 26 15 29 33 29 25 38 22 26 37 25 17 20 31 30 39
11 3 20 21 5 17 9 25 13 25 1 1 23 7 22 20 15 1 9 8 22 18 11 23 2 9 26 30 17 30 28 25 4 10 14 17 17 13 8 28 18 25 22 3 7 1 19 27 26 11 14 29 4 25 18 23 6 20 29 18 17 24 2 23 12 17 15 25 5 8 10 15 18 15 14 22 17 13 4 13 23 6 4 6 29 9 3 16 12 24 18 17 12 18 15 11 10 19 15 7 23 11 20 7 20 1 7 9 2 4 14 30 2 8 18 24 6 1 9 5 10 21 29 3 12 6 26 26 20 10 14 29 24 24 8 15 16 27 15 3 21 13 2 10 2 9 16 27 29 11 30 14 23 15 26 13 21 4 30 13 10 11 2 12 23 25 26 1 29 12 13 27 4 23 16 17 11 14 22 8 29 21 26 5 6 15 30 5 26 27 18 25 8 26 17 28 14 9 25 15 15 13 17 11 6 13 18 27 29 16 9 16 5 30 29 23 12 14 26 9 1 28 13 21 9 5 3 11 23 14 11 21 5 27 20 11 23 18 2 8 11 4 12 7 9 25 27 2 9 26 20 25 17 12 17 2 26 10 18 1 18 1 21 13 11 28 22 8 19 15 17 8 18 22 14 7 25 10 14 11 24 26 30 22 27 8 8 21 1 19 11 24 24 9 8 22 16 27 3 29 17 30 22 13 29 9 8 7 24 27 24 27 10 5 2 24 24 24 1 27 9 14 13 29 9 14 22 11 23 14 25 1 27 28 2 14 27 26 15 24 2 10 8 28 29 3 18 18 8 4 1 9 19 25 6 13 12 26 19 5 14 26 9 21 7 24 3 18 10 26 24 12 23 15 8 10 15 25 6 7 6 27 28 27 30 18 21 26 6 15 24 3 26 4 2 1 13 23 6 30 21 7 27 11 21 8 11 13 21 6 18 20 25 4 7 26 18 17 25 18 22 11 3 6 12 27 4 21 20 18 9 19 11 2 4 12 20 30 22 6 30 20 13 7 10 28 7 26 10 24 1 12 12 27 13 15 4 27 22 15 10 6 7 3 2 9 3 27 11 30 25 5 7 22 1 12 12 21 22 28 16 5 15 11 16 5 19 23 19 15 28 12 16 27 15 7 10 21 20 29
1 9 16
196 300 365 426 3 203 454 293 284 393 430 37 295 81 483 441
1 19 22
84 280 376 35 349 272 96 195 179 329 432 406 80 276 128 51 133 199 171 269 258 355
1 4 4
251 270 283 403
1 7 25
334 400 121 182 112 229 140 240 167 449 218 147 108 304 197 395 248 125 472 476 56 115 53 415 433
1 8 15
55 190 350 397 116 106 243 98 105 429 347 97 72 418 331
1 16 11
234 267 33 71 277 184 174 161 417 152 187
1 5 23
490 382 384 451 29 273 309 402 176 93 50 485 73 411 159 390 342 256 482 473 127 259 154
1 17 5
477 408 226 399 227
1 6 11
447 68 165 85 364 475 18 177 219 327 249
1 2 3
370 143 444
1 11 10
459 43 223 427 235 131 354 9 413 178
1 11 24
88 46 217 371 146 434 435 247 83 5 120 19 333 2 299 225 149 238 392 323 491 379 303 1
1 5 18
12 236 470 302 118 162 241 102 27 89 164 222 316 443 246 436 263 298
1 5 25
216 48 31 155 375 250 405 391 499 70 339 312 74 340 378 360 421 22 208 366 489 279 32 76 351
1 4 12
45 77 198 123 481 107 8 21 328 457 381 191
1 11 25
463 420 437 78 262 207 394 313 139 91 471 122 17 233 239 54 254 315 231 16 468 61 419 0 368
1 2 12
484 479 6 104 117 294 372 44 261 265 374 230
1 18 7
307 288 264 42 352 69 305
1 12 18
335 319 282 52 92 318 141 416 257 100 412 330 20 172 169 41 458 409
1 19 10
492 156 290 363 488 296 346 30 275 188
1 18 24
144 24 148 344 461 206 34 14 220 183 497 369 135 274 101 4 469 311 466 388 407 496 60 398
1 18 12
64 462 322 66 389 142 82 314 201 132 387 110
1 16 3
343 487 332
1 1 25
450 11 7 271 150 297 134 205 175 306 268 292 336 192 308 210 180 425 385 151 163 367 170 137 252
1 13 8
15 285 278 40 200 244 440 214
1 19 17
114 181 383 57 59 266 361 79 260 386 448 362 377 324 357 129 410
1 18 21
36 401 253 130 310 39 209 431 439 228 193 13 232 301 460 245 356 38 47 452 124
1 20 18
438 136 348 153 237 423 478 359 221 465 358 215 320 158 168 99 145 58
1 13 7
25 189 212 94 495 87 255
1 15 6
291 498 494 26 287 281
1 12 10
424 422 111 474 321 204 341 286 326 185
1 19 24
493 63 103 213 62 157 446 126 194 396 67 414 119 289 173 442 242 428 445 345 373 10 380 337
1 4 14
109 325 166 467 453 65 464 86 95 224 338 404 456 486
1 18 9
23 113 75 49 90 202 480 138 317
1 4 6
353 28 455 160 211 186
