800 87 1240 18
18 35 35 11 37 35 13 26 13 32 34 33 33 32 29 27 18 25 29 29 13 29 38 15 40 20 12 11 15 22 40 29 23 21 30 11 31 16 16 29 17 19 38 12 20 12 29 25 33 39 26 28 37 24 39 20 28 33 25 15 33 35 31 34 33 11 24 32 29 36 40 25 11 31 26 25 15 15 35 12 38 20 36 34 34 36 36 17 20 25 32 14 19 17 15 14 19 36 28 21 25 29 20 30 30 23 33 17 30 27 25 28 38 40 25 40 24 35 13 29 33 19 30 24 31 24 38 32 40 33 34 37 31 27 19 40 25 21 23 15 23 34 12 14 12 26 30 14 34 31 12 31 22 18 34 13 20 26 38 37 37 31 34 40 27 40 21 16 27 30 22 17 23 34 28 28 25 33 22 31 31 31 14 26 35 37 28 40 35 19 37 37 16 39 28 11 18 17 27 34 13 23 37 11 35 33 35 20 40 26 25 21 26 15 17 35 17 26 31 22 39 19 39 37 38 18 13 35 14 29 21 28 25 14 32 29 15 12 13 14 16 14 31 13 22 28 21 37 33 21 12 40 16 32 26 31 34 38 30 26 27 14 12 33 37 24 14 19 34 39 36 22 39 26 22 29 24 22 37 22 11 35 21 19 35 12 13 21 17 22 11 33 22 12 27 24 23 21 28 38 17 36 26 38 40 39 18 24 23 31 17 37 30 36 34 29 27 36 26 23 32 29 16 26 21 30 22 24 31 14 16 30 21 16 21 11 28 36 37 20 23 13 30 39 12 24 28 22 18 16 32 22 18 32 31 37 36 27 11 22 31 23 30 24 15 32 30 30 27 24 35 31 13 38 26 14 16 16 15 14 19 15 13 26 26 34 24 23 19 28 26 16 33 20 28 22 16 14 33 36 28 27 21 14 21 25 35 15 32 22 33 31 23 31 27 12 32 26 22 11 34 40 33 24 28 23 16 15 38 17 19 35 14 15 18 18 11 33 17 18 29 21 25 15 39 15 12 20 19 29 12 17 28 27 14 28 24 36 24 18 29 21 34 40 30 17 26 16 30 13 14 18 13 18 16 30 20 28 38 28 18 19 34 39 12 32 39 29 14 21 30 23 17 26 37 20 39 14 21 19 14 39 36 30 13 23 25 11 37 32 12 25 29 33 28 13 11 39 30 27 19 38 14 22 21 18 30 34 14 11 23 31 23 40 18 25 36 32 14 40 31 38 22 39 29 11 26 29 17 22 18 36 34 25 17 35 11 32 22 36 40 24 30 33 32 37 22 36 13 21 25 30 14 34 22 36 16 30 12 23 17 25 21 21 18 37 34 32 32 25 13 34 22 36 33 36 37 24 22 33 40 30 12 22 39 32 24 20 38 15 26 18 16 32 36 25 18 15 33 31 34 38 14 37 39 39 35 17 25 20 30 16 35 15 20 20 22 39 14 38 11 35 32 11 22 20 30 33 18 23 29 18 28 33 29 17 19 18 28 34 20 23 37 27 32 21 30 14 23 27 14 34 32 11 18 24 22 21 28 30 37 12 21 27 14 24 23 26 14 36 27 15 35 27 34 39 25 12 28 26 31 38 31 20 40 33 23 11 30 39 25 14 38 29 37 19 37 26 21 20 15 12 33 13 19 40 36 38 28 26 18 19 31 34 38 21 33 15 13 28 23 13 13 32 14 35 24 37 37 27 29 25 16 18 20 23 23 30 25 25 14 35 34 25 32 17 36 20 37 16 24 35 20 23 20 27 35 28 24 25 29 24 38 23 16 26 16 35 36 40 31 30 40 21 17 17 24 15 26 38
8 25 25 1 27 25 3 16 3 22 24 23 23 22 19 17 8 15 19 19 3 19 28 5 30 10 2 1 5 12 30 19 13 11 20 1 21 6 6 19 7 9 28 2 10 2 19 15 23 29 16 18 27 14 29 10 18 23 15 5 23 25 21 24 23 1 14 22 19 26 30 15 1 21 16 15 5 5 25 2 28 10 26 24 24 26 26 7 10 15 22 4 9 7 5 4 9 26 18 11 15 19 10 20 20 13 23 7 20 17 15 18 28 30 15 30 14 25 3 19 23 9 20 14 21 14 28 22 30 23 24 27 21 17 9 30 15 11 13 5 13 24 2 4 2 16 20 4 24 21 2 21 12 8 24 3 10 16 28 27 27 21 24 30 17 30 11 6 17 20 12 7 13 24 18 18 15 23 12 21 21 21 4 16 25 27 18 30 25 9 27 27 6 29 18 1 8 7 17 24 3 13 27 1 25 23 25 10 30 16 15 11 16 5 7 25 7 16 21 12 29 9 29 27 28 8 3 25 4 19 11 18 15 4 22 19 5 2 3 4 6 4 21 3 12 18 11 27 23 11 2 30 6 22 16 21 24 28 20 16 17 4 2 23 27 14 4 9 24 29 26 12 29 16 12 19 14 12 27 12 1 25 11 9 25 2 3 11 7 12 1 23 12 2 17 14 13 11 18 28 7 26 16 28 30 29 8 14 13 21 7 27 20 26 24 19 17 26 16 13 22 19 6 16 11 20 12 14 21 4 6 20 11 6 11 1 18 26 27 10 13 3 20 29 2 14 18 12 8 6 22 12 8 22 21 27 26 17 1 12 21 13 20 14 5 22 20 20 17 14 25 21 3 28 16 4 6 6 5 4 9 5 3 16 16 24 14 13 9 18 16 6 23 10 18 12 6 4 23 26 18 17 11 4 11 15 25 5 22 12 23 21 13 21 17 2 22 16 12 1 24 30 23 14 18 13 6 5 28 7 9 25 4 5 8 8 1 23 7 8 19 11 15 5 29 5 2 10 9 19 2 7 18 17 4 18 14 26 14 8 19 11 24 30 20 7 16 6 20 3 4 8 3 8 6 20 10 18 28 18 8 9 24 29 2 22 29 19 4 11 20 13 7 16 27 10 29 4 11 9 4 29 26 20 3 13 15 1 27 22 2 15 19 23 18 3 1 29 20 17 9 28 4 12 11 8 20 24 4 1 13 21 13 30 8 15 26 22 4 30 21 28 12 29 19 1 16 19 7 12 8 26 24 15 7 25 1 22 12 26 30 14 20 23 22 27 12 26 3 11 15 20 4 24 12 26 6 20 2 13 7 15 11 11 8 27 24 22 22 15 3 24 12 26 23 26 27 14 12 23 30 20 2 12 29 22 14 10 28 5 16 8 6 22 26 15 8 5 23 21 24 28 4 27 29 29 25 7 15 10 20 6 25 5 10 10 12 29 4 28 1 25 22 1 12 10 20 23 8 13 19 8 18 23 19 7 9 8 18 24 10 13 27 17 22 11 20 4 13 17 4 24 22 1 8 14 12 11 18 20 27 2 11 17 4 14 13 16 4 26 17 5 25 17 24 29 15 2 18 16 21 28 21 10 30 23 13 1 20 29 15 4 28 19 27 9 27 16 11 10 5 2 23 3 9 30 26 28 18 16 8 9 21 24 28 11 23 5 3 18 13 3 3 22 4 25 14 27 27 17 19 15 6 8 10 13 13 20 15 15 4 25 24 15 22 7 26 10 27 6 14 25 10 13 10 17 25 18 14 15 19 14 28 13 6 16 6 25 26 30 21 20 30 11 7 7 14 5 16 28
1 6 19
797 426 29 164 196 592 651 717 20 97 397 664 172 222 230 120 349 405 421
1 10 21
413 487 42 158 637 438 680 74 287 399 343 174 279 670 784 460 206 236 316 529 610
1 3 10
514 686 476 706 26 754 106 292 504 742
1 10 12
235 604 639 98 475 524 682 13 141 346 378 642
1 9 12
790 653 269 391 173 54 86 90 214 507 604 660
1 14 16
70 726 659 267 190 455 251 558 303 45 445 381 307 467 494 779
1 3 17
48 342 735 538 348 442 38 82 14 128 140 181 210 401 518 628 726
1 5 18
401 227 16 472 212 551 323 378 210 261 795 585 123 232 328 416 459 466
1 2 17
411 667 692 756 371 477 110 322 128 550 68 720 1 60 212 523 699
1 15 23
671 731 112 272 329 250 311 388 776 178 791 642 281 572 541 20 64 125 364 412 580 584 716
1 14 8
700 593 127 370 221 409 108 709
1 11 26
718 796 431 486 781 702 201 199 125 603 647 50 313 595 626 285 131 147 218 239 301 327 469 598 722 759
1 19 16
520 64 793 153 226 494 49 56 454 576 533 16 93 319 450 585
1 20 11
326 123 716 111 3 464 99 446 567 632 639
1 14 14
390 780 220 290 561 713 739 67 158 160 320 422 590 753
1 12 14
613 695 12 79 297 508 535 594 84 342 437 441 500 749
1 20 7
305 320 202 77 151 371 547
1 11 15
284 334 177 234 786 649 189 760 722 115 31 282 287 390 484
1 4 15
709 549 601 578 383 782 646 4 773 624 148 434 461 681 713
1 13 11
559 441 69 516 393 789 44 235 413 449 758
1 1 15
384 356 733 614 470 596 12 107 182 268 277 394 555 735 761
1 8 16
392 665 506 457 583 353 135 389 427 498 286 563 172 447 641 644
1 1 7
738 233 2 281 537 541 712
1 8 16
232 444 246 53 698 21 159 47 203 151 307 712 617 8 45 105
1 7 15
532 511 105 163 745 0 415 52 150 29 166 189 221 333 607
1 13 21
420 447 562 412 693 306 291 495 459 142 534 452 72 772 615 171 42 187 250 444 569
1 14 17
27 600 574 734 644 779 778 430 242 747 186 22 26 137 154 155 192
1 2 17
387 696 589 382 122 237 422 340 396 632 216 439 453 617 683 763 789
1 12 9
517 478 591 645 67 744 145 474 732
1 2 16
39 724 62 483 270 711 556 10 528 527 380 704 78 5 576 707
1 1 21
619 432 570 157 630 143 423 690 669 124 762 31 321 777 103 111 284 339 367 561 655
1 12 13
799 408 499 404 629 433 225 118 276 528 554 668 744
1 11 7
339 65 677 126 233 593 795
1 3 17
365 774 301 510 634 582 1 324 85 742 332 76 157 205 300 345 643
1 19 16
217 435 193 424 369 167 134 367 395 90 9 240 305 520 666 760
1 15 7
358 104 755 10 247 517 591
1 11 18
252 372 439 176 335 141 198 679 685 149 277 288 180 60 32 775 81 179
1 14 10
57 106 119 201 219 309 323 440 506 527
1 13 8
770 194 473 344 586 620 609 521
1 10 23
345 467 181 763 751 375 721 462 523 204 273 18 416 21 195 196 220 225 290 293 436 512 684
1 5 20
349 130 95 403 140 133 461 493 715 675 417 296 450 114 8 257 203 326 454 755
1 6 14
239 113 554 77 436 266 229 89 171 321 458 625 757 767
1 9 5
540 765 28 62 424
1 15 13
635 474 107 139 674 6 17 156 356 374 408 497 624
1 18 22
15 264 44 518 61 102 703 271 314 206 509 361 759 6 566 168 88 207 366 601 623 653
1 15 16
792 543 9 330 504 162 705 547 650 676 299 616 30 83 115 540
1 11 10
631 785 147 187 750 741 411 609 626 714
1 11 14
497 588 138 51 714 402 25 73 114 180 238 543 570 746
1 5 8
350 182 97 562 587 661 680 774
1 7 20
161 215 579 41 758 30 421 87 729 537 354 366 3 226 237 262 294 397 409 636
1 10 23
580 638 530 364 318 363 552 748 463 274 327 419 280 598 294 521 15 110 359 431 460 679 682
1 6 12
214 184 710 681 185 310 325 509 532 645 737 798
1 16 19
152 560 553 531 282 117 757 347 753 170 479 636 386 109 211 302 578 581 611
1 20 21
394 312 136 374 490 352 657 71 627 440 155 469 338 35 70 243 350 525 559 710 782
1 5 16
197 346 599 542 238 66 309 398 749 610 687 737 761 169 234 433
1 20 18
481 195 129 191 373 89 605 55 567 74 94 96 275 286 380 486 499 785
1 7 19
621 766 46 555 379 325 32 122 136 193 246 267 304 308 354 419 572 711 739
1 13 9
707 577 276 385 91 130 665 766 790
1 9 17
19 606 228 544 131 545 260 575 505 643 333 224 14 351 472 603 686
1 20 11
213 278 219 529 723 768 129 227 369 428 715
1 2 6
448 612 146 640 694 791
1 14 7
336 569 622 149 650 657 687
1 17 10
218 727 519 244 222 231 270 382 384 794
1 10 7
581 5 316 466 19 242 297
1 13 5
256 688 485 23 312
1 20 15
565 701 94 662 752 512 101 732 337 648 66 164 274 627 692
1 13 11
689 119 308 683 28 162 375 398 464 511 754
1 16 20
249 794 507 292 160 787 697 769 434 11 501 355 48 186 303 344 415 524 640 708
1 12 11
43 767 92 482 35 68 266 560 583 594 752
1 3 18
259 81 788 231 360 673 492 736 268 91 699 254 522 47 170 614 678 775
1 3 18
165 262 132 283 587 443 623 236 536 446 359 656 173 252 254 341 740 796
1 17 13
548 539 208 496 719 513 75 258 334 372 651 736 756
1 1 24
691 730 169 33 557 241 407 666 546 525 458 185 771 319 27 46 135 168 249 265 343 429 479 695
1 15 9
633 376 83 304 183 625 260 263 489
1 6 14
798 368 188 678 526 209 96 13 259 420 425 586 706 719
1 16 13
54 258 783 17 655 223 295 597 564 33 455 515 565
1 18 14
515 503 315 418 80 331 641 4 126 224 280 396 589 778
1 3 16
275 248 63 243 428 175 100 36 240 88 101 273 289 606 662 797
1 20 19
121 590 480 694 59 154 740 118 410 488 484 253 357 73 80 491 519 646 691
1 2 10
341 746 456 471 104 363 402 438 477 635
1 7 21
400 362 265 491 166 216 86 200 743 405 414 263 58 22 618 289 256 426 563 616 689
1 4 19
429 568 451 328 465 7 23 293 2 489 611 652 500 247 205 49 383 718 786
1 14 20
300 317 40 298 425 573 602 137 145 255 608 684 502 156 56 99 377 432 539 620
1 14 23
661 34 351 25 37 728 207 449 24 120 468 179 245 607 584 668 113 175 278 324 485 676 690
1 6 20
571 310 437 725 628 406 708 654 377 302 144 764 663 40 385 407 468 488 751 792
1 18 15
93 116 660 658 453 18 39 329 387 538 596 667 721 728 745
1 5 9
192 672 103 251 255 347 510 549 669
