800 91 1240 18
18 39 15 27 40 12 40 36 18 25 29 22 26 28 15 19 34 12 13 29 28 37 18 27 20 37 40 25 15 22 21 40 24 27 38 31 25 18 30 16 22 15 29 27 14 29 15 30 27 39 34 34 18 21 11 27 16 13 19 12 20 26 17 40 12 13 27 24 12 15 19 32 27 24 39 29 32 29 13 19 25 24 19 22 27 33 20 22 35 31 13 15 30 11 27 31 16 32 14 22 18 31 29 12 38 33 20 40 38 30 13 40 18 37 16 27 36 35 39 25 14 26 25 32 37 13 32 33 32 14 19 19 35 16 20 16 14 21 16 27 35 36 15 21 35 23 22 39 29 40 16 39 17 21 38 29 28 38 36 20 16 22 23 34 19 27 22 15 31 15 26 23 27 38 20 26 27 14 33 27 13 23 13 32 25 32 26 16 19 29 34 38 33 16 13 18 34 19 24 26 38 17 28 34 14 38 23 32 25 32 38 32 16 18 39 15 37 25 30 29 15 40 36 24 19 34 37 17 33 18 12 23 27 33 34 30 26 34 21 22 28 33 40 14 18 31 22 29 37 24 31 15 19 40 34 39 28 27 38 13 17 24 19 28 24 39 12 20 21 29 16 17 27 30 35 30 38 28 17 31 30 31 24 23 22 19 35 34 22 26 32 25 36 33 29 20 39 16 17 22 16 36 36 12 18 28 36 40 26 38 37 18 36 18 17 16 40 11 27 14 21 40 36 25 24 22 24 19 34 19 24 23 39 37 32 12 28 31 20 40 40 21 24 29 30 14 17 33 30 15 40 16 18 37 38 12 40 12 37 39 40 30 31 20 27 33 33 13 36 28 36 23 32 28 19 13 24 25 28 27 34 26 31 35 16 24 23 27 27 32 30 39 37 13 14 37 14 29 23 15 36 27 20 12 34 15 35 29 24 29 13 29 22 15 38 36 26 40 33 35 27 11 31 24 39 17 29 37 16 18 28 38 11 18 39 33 24 28 30 29 17 35 31 23 37 39 22 24 31 36 29 29 28 28 32 35 11 34 29 40 25 27 23 39 24 24 12 29 25 27 21 32 12 20 28 32 31 32 14 20 16 37 32 14 32 21 25 19 39 26 33 32 17 17 28 15 38 36 40 38 16 39 30 28 36 23 22 30 28 20 15 17 14 11 20 35 14 27 15 27 26 20 32 14 21 20 39 21 40 28 21 33 19 32 21 12 23 16 30 23 18 30 36 20 40 16 18 20 22 16 11 20 21 18 37 32 11 19 36 32 27 21 38 13 25 31 22 32 15 40 32 32 15 28 15 21 30 11 22 14 33 19 13 37 30 40 36 16 19 38 16 28 34 30 31 14 18 26 36 34 33 30 34 29 33 39 17 26 31 21 11 12 17 15 36 17 19 38 27 37 34 20 35 31 37 11 35 32 27 16 22 31 12 39 25 32 23 36 19 35 39 24 36 25 25 24 39 14 22 17 34 19 35 31 14 13 15 23 17 30 34 34 40 35 21 37 30 28 16 31 24 34 20 31 14 13 27 31 31 38 33 32 27 26 17 27 24 24 22 29 35 27 11 32 35 22 25 34 22 35 38 13 23 40 35 30 26 28 20 16 24 29 35 37 12 11 19 16 29 17 11 20 30 37 13 19 26 25 25 13 28 13 20 20 17 26 21 24 28 23 22 37 36 12 33 26 22 22 38 34 35 21 34 30 29 17 29 15 30 11 14 20 26 33 36 40 33 29 14 16 11 29 29 16 40 16 23 26 34 25 25 17 11 38 21 16 18 21 16 31 20 15 18 30 34 32 23 35 16 32
8 29 5 17 30 2 30 26 8 15 19 12 16 18 5 9 24 2 3 19 18 27 8 17 10 27 30 15 5 12 11 30 14 17 28 21 15 8 20 6 12 5 19 17 4 19 5 20 17 29 24 24 8 11 1 17 6 3 9 2 10 16 7 30 2 3 17 14 2 5 9 22 17 14 29 19 22 19 3 9 15 14 9 12 17 23 10 12 25 21 3 5 20 1 17 21 6 22 4 12 8 21 19 2 28 23 10 30 28 20 3 30 8 27 6 17 26 25 29 15 4 16 15 22 27 3 22 23 22 4 9 9 25 6 10 6 4 11 6 17 25 26 5 11 25 13 12 29 19 30 6 29 7 11 28 19 18 28 26 10 6 12 13 24 9 17 12 5 21 5 16 13 17 28 10 16 17 4 23 17 3 13 3 22 15 22 16 6 9 19 24 28 23 6 3 8 24 9 14 16 28 7 18 24 4 28 13 22 15 22 28 22 6 8 29 5 27 15 20 19 5 30 26 14 9 24 27 7 23 8 2 13 17 23 24 20 16 24 11 12 18 23 30 4 8 21 12 19 27 14 21 5 9 30 24 29 18 17 28 3 7 14 9 18 14 29 2 10 11 19 6 7 17 20 25 20 28 18 7 21 20 21 14 13 12 9 25 24 12 16 22 15 26 23 19 10 29 6 7 12 6 26 26 2 8 18 26 30 16 28 27 8 26 8 7 6 30 1 17 4 11 30 26 15 14 12 14 9 24 9 14 13 29 27 22 2 18 21 10 30 30 11 14 19 20 4 7 23 20 5 30 6 8 27 28 2 30 2 27 29 30 20 21 10 17 23 23 3 26 18 26 13 22 18 9 3 14 15 18 17 24 16 21 25 6 14 13 17 17 22 20 29 27 3 4 27 4 19 13 5 26 17 10 2 24 5 25 19 14 19 3 19 12 5 28 26 16 30 23 25 17 1 21 14 29 7 19 27 6 8 18 28 1 8 29 23 14 18 20 19 7 25 21 13 27 29 12 14 21 26 19 19 18 18 22 25 1 24 19 30 15 17 13 29 14 14 2 19 15 17 11 22 2 10 18 22 21 22 4 10 6 27 22 4 22 11 15 9 29 16 23 22 7 7 18 5 28 26 30 28 6 29 20 18 26 13 12 20 18 10 5 7 4 1 10 25 4 17 5 17 16 10 22 4 11 10 29 11 30 18 11 23 9 22 11 2 13 6 20 13 8 20 26 10 30 6 8 10 12 6 1 10 11 8 27 22 1 9 26 22 17 11 28 3 15 21 12 22 5 30 22 22 5 18 5 11 20 1 12 4 23 9 3 27 20 30 26 6 9 28 6 18 24 20 21 4 8 16 26 24 23 20 24 19 23 29 7 16 21 11 1 2 7 5 26 7 9 28 17 27 24 10 25 21 27 1 25 22 17 6 12 21 2 29 15 22 13 26 9 25 29 14 26 15 15 14 29 4 12 7 24 9 25 21 4 3 5 13 7 20 24 24 30 25 11 27 20 18 6 21 14 24 10 21 4 3 17 21 21 28 23 22 17 16 7 17 14 14 12 19 25 17 1 22 25 12 15 24 12 25 28 3 13 30 25 20 16 18 10 6 14 19 25 27 2 1 9 6 19 7 1 10 20 27 3 9 16 15 15 3 18 3 10 10 7 16 11 14 18 13 12 27 26 2 23 16 12 12 28 24 25 11 24 20 19 7 19 5 20 1 4 10 16 23 26 30 23 19 4 6 1 19 19 6 30 6 13 16 24 15 15 7 1 28 11 6 8 11 6 21 10 5 8 20 24 22 13 25 6 22
1 6 11
437 162 391 590 717 119 168 319 369 525 626
1 7 15
560 370 394 106 505 726 397 197 148 417 428 487 596 707 709
1 19 12
740 452 150 131 171 309 95 178 183 245 474 504
1 16 17
730 40 538 528 189 523 165 766 733 408 387 211 399 527 534 628 673
1 5 9
659 629 50 78 644 315 496 570 632
1 15 5
185 280 388 660 690
1 5 18
464 504 496 569 519 596 219 749 605 223 791 168 304 221 71 226 557 702
1 3 13
258 320 563 239 160 42 146 94 34 77 109 348 393
1 17 11
611 662 2 151 59 102 187 615 620 681 761
1 7 6
286 268 544 125 42 256
1 9 10
734 35 508 779 704 120 403 424 550 624
1 14 16
190 149 587 403 564 537 6 598 780 488 177 193 388 543 732 787
1 9 10
333 550 103 116 284 332 336 655 685 774
1 12 10
228 695 243 137 540 64 123 209 486 535
1 13 25
634 211 668 475 8 351 588 798 655 274 756 16 110 357 484 33 105 182 326 386 603 669 676 678 745
1 10 13
287 181 358 235 777 247 350 476 92 215 323 401 765
1 7 6
67 379 510 374 795 617
1 13 11
342 702 206 385 402 451 464 539 562 573 614
1 6 15
263 785 511 281 148 620 253 460 462 330 204 377 41 68 397
1 16 20
440 615 250 234 179 52 48 296 276 613 166 585 442 486 72 269 281 548 637 698
1 20 6
507 427 335 508 724 753
1 13 23
312 763 748 0 355 54 754 240 290 368 669 328 572 261 212 343 43 127 305 419 435 519 693
1 7 3
719 139 510
1 6 23
15 623 129 105 411 568 352 455 663 132 618 98 716 64 118 708 13 56 239 308 357 459 715
1 12 7
59 256 84 118 406 467 733
1 6 14
49 282 566 337 147 753 216 289 592 752 131 249 549 666
1 2 18
200 130 682 117 736 401 127 643 361 275 376 534 6 173 314 352 371 627
1 5 14
113 684 91 84 384 518 55 170 282 377 441 446 586 605
1 12 13
463 277 768 648 307 577 661 305 23 478 792 241 599
1 5 9
776 509 632 616 146 194 227 613 799
1 4 19
96 65 142 703 25 191 497 672 215 126 246 37 732 202 392 13 106 461 612
1 14 3
402 143 53
1 7 17
513 159 390 9 456 396 327 448 688 360 286 290 309 325 473 608 622
1 17 16
438 60 233 225 612 681 637 584 727 541 645 549 321 47 244 247
1 13 12
259 406 700 203 771 230 294 469 603 78 330 353
1 17 7
745 701 145 232 372 455 484
1 13 16
354 364 742 501 533 674 520 284 602 445 449 63 378 522 723 499
1 12 15
412 654 625 186 93 657 495 184 135 440 506 580 691 734 738
1 16 20
485 583 416 372 153 173 172 783 458 85 24 322 122 237 21 7 224 524 704 790
1 2 13
576 610 743 73 622 74 264 36 38 63 189 518 699
1 19 9
82 574 454 691 594 341 542 625 739
1 17 11
229 446 297 308 760 499 3 270 180 133 672
1 20 16
313 311 58 120 441 409 418 91 121 171 237 345 572 706 752 769
1 8 7
580 164 87 267 411 479 556
1 4 13
68 638 595 36 407 578 57 145 88 2 95 166 199
1 7 5
325 697 67 408 604
1 17 14
765 642 561 789 660 375 769 30 248 318 431 490 537 786
1 6 4
735 687 275 540
1 15 23
30 75 224 347 601 652 794 639 140 217 552 111 119 539 490 54 58 82 289 358 404 498 742
1 16 16
737 720 707 479 187 436 346 424 128 443 348 15 45 409 469 782
1 7 12
156 56 471 551 335 107 656 542 555 472 544 631
1 15 19
201 619 457 141 393 685 573 690 646 66 175 212 238 251 426 485 593 618 675
1 3 11
426 254 680 385 262 51 40 138 405 418 434
1 13 25
317 86 365 671 4 405 597 503 19 222 273 591 349 89 336 61 8 263 339 453 563 568 623 721 784
1 9 13
44 116 658 532 759 762 692 562 272 343 565 581 602
1 2 11
318 640 713 761 249 271 277 322 475 533 538
1 18 20
102 163 175 81 232 323 109 10 196 434 492 167 72 53 137 144 293 303 516 574
1 13 14
506 293 404 679 340 155 236 425 14 165 437 495 641 754
1 17 11
339 300 238 1 188 790 121 108 128 749 781
1 14 24
494 744 755 410 301 724 421 698 725 27 548 543 626 329 179 292 300 311 313 368 560 651 718 748
1 13 17
124 251 62 363 381 470 775 670 31 565 103 9 75 242 334 433 582
1 1 18
714 207 144 738 770 741 502 341 628 400 161 607 665 88 99 195 427 465
1 8 15
373 581 465 482 489 205 666 1 186 217 296 491 591 648 722
1 20 13
715 617 334 683 472 285 17 177 606 139 481 762 798
1 6 6
5 218 586 25 89 270
1 2 10
553 787 747 468 557 788 18 74 147 363
1 9 10
195 39 782 46 435 261 423 531 600 703
1 12 18
515 793 252 535 466 706 83 255 345 514 32 362 50 243 287 414 750 777
1 12 20
667 22 604 696 608 87 176 487 271 220 517 299 399 269 129 151 430 483 649 785
1 19 17
306 356 422 710 609 69 14 12 316 371 206 579 97 767 223 644 659
1 1 20
386 331 739 705 728 547 45 383 781 73 152 205 231 285 373 396 529 545 595 687
1 3 15
559 673 653 298 174 231 796 382 677 353 227 467 524 342 515
1 8 20
493 303 664 395 718 512 92 154 319 260 198 66 758 94 143 157 229 268 412 578
1 12 20
711 169 428 101 429 417 599 473 675 209 575 631 55 115 159 191 266 359 670 755
1 16 18
367 651 786 751 288 678 366 76 531 315 525 29 108 234 331 584 594 609
1 8 16
332 746 567 302 521 641 210 526 444 41 439 155 162 202 551 713
1 7 12
694 600 11 99 614 115 7 297 306 389 445 797
1 13 12
157 627 38 90 773 76 83 310 394 480 575 621
1 8 8
80 797 71 554 133 278 571 32
1 16 15
593 433 451 138 326 536 104 114 226 799 134 141 367 421 661
1 3 19
112 389 784 199 589 419 310 529 636 686 556 477 29 203 390 457 478 569 689
1 16 16
28 123 208 359 380 689 20 778 693 344 169 228 259 438 449 477
1 4 7
431 633 90 384 592 674 766
1 1 21
267 70 635 338 291 649 398 624 43 292 500 558 461 481 676 22 39 96 136 240 528
1 15 15
135 699 582 79 136 420 183 245 721 194 650 561 653 736 775
1 7 23
570 324 100 453 248 621 265 527 182 423 757 774 480 764 498 167 213 272 279 329 347 696 708
1 18 15
152 266 630 447 483 26 530 750 34 31 51 222 258 302 686
1 11 16
545 729 18 731 546 459 134 193 283 213 450 11 235 349 694 795
1 4 16
369 722 77 712 414 415 772 257 279 192 214 413 100 184 262 416
1 5 9
295 314 474 257 488 590 744 763 778
1 8 11
647 242 158 709 491 430 432 516 219 344 725
