800 92 1240 18
15 35 38 23 15 30 12 14 24 33 28 15 18 18 28 16 25 27 16 14 26 24 34 18 28 16 14 34 21 24 23 20 27 31 13 29 31 22 25 37 37 14 20 36 20 11 37 34 36 38 28 17 12 13 36 34 14 28 30 20 20 40 35 15 35 17 11 20 17 40 33 27 39 40 22 31 37 20 29 37 14 38 21 33 30 40 14 15 16 39 23 22 27 40 18 19 14 36 22 31 39 28 20 40 29 34 24 36 27 16 22 15 32 11 34 18 23 38 27 19 17 25 33 30 27 19 21 31 25 28 18 13 30 22 24 40 16 38 37 31 35 16 37 22 32 12 27 32 14 25 33 13 20 38 23 36 39 27 40 32 13 24 23 22 21 29 14 37 33 19 22 32 25 17 28 39 11 27 11 39 31 22 25 26 34 33 13 32 39 27 33 39 35 18 13 19 16 27 36 31 35 13 30 28 26 26 26 29 11 16 40 24 36 25 38 15 25 31 19 23 29 38 16 31 18 16 13 20 13 40 32 28 21 27 28 19 30 20 28 13 27 16 21 11 40 30 16 34 20 14 26 19 14 20 38 17 40 40 31 40 18 16 14 34 12 17 34 23 15 17 22 34 34 26 12 33 36 39 39 24 15 30 13 25 32 38 11 40 28 37 18 19 32 19 25 22 23 18 17 36 34 35 14 11 23 40 33 26 37 22 16 15 13 25 36 26 32 37 27 30 37 17 20 34 15 38 33 36 33 19 28 24 18 23 31 15 29 28 31 18 20 33 40 35 32 19 30 31 36 33 37 13 21 32 12 15 12 14 37 29 23 38 18 25 27 30 16 23 26 16 15 23 34 19 40 31 23 19 16 11 37 19 17 18 34 23 27 37 34 15 27 11 12 31 13 32 21 33 26 13 27 33 38 18 38 13 14 21 12 17 35 14 15 12 19 22 26 34 16 31 31 11 37 40 39 24 26 29 25 22 11 22 26 13 26 24 34 30 31 15 15 36 36 29 21 33 28 39 23 17 17 37 39 22 29 12 28 32 22 33 33 38 35 26 30 13 16 24 29 15 21 32 28 34 13 22 34 11 27 30 38 13 22 20 34 17 30 38 34 22 35 34 38 38 27 27 19 36 40 39 38 35 33 18 32 36 31 36 29 23 36 18 28 38 12 40 38 19 21 13 13 37 12 20 11 24 37 22 26 34 15 36 13 11 35 26 33 15 14 14 15 25 24 26 24 39 27 25 32 25 25 13 39 27 15 26 36 33 25 20 19 22 30 25 35 11 35 29 19 28 20 21 29 38 24 30 28 14 20 11 14 37 39 19 14 16 40 31 27 39 28 14 40 29 35 28 27 31 14 23 31 35 33 28 38 13 36 36 33 20 37 19 29 36 12 11 28 14 30 24 34 20 14 12 36 29 35 13 36 11 30 14 25 12 27 28 25 26 39 17 24 17 33 28 21 37 13 36 13 28 36 35 27 27 35 36 18 26 11 26 28 16 38 35 11 18 11 37 29 38 12 23 24 39 14 15 11 28 38 40 32 24 16 14 34 33 23 39 36 35 40 11 15 13 28 31 14 39 26 20 13 31 23 25 17 31 28 35 11 13 25 32 27 27 24 18 30 30 16 13 13 39 32 37 24 38 15 14 32 27 39 32 35 32 32 18 22 25 12 27 27 19 19 15 26 31 17 22 34 20 18 32 26 33 20 17 14 13 38 35 19 22 37 36 22 20 36 26 40 35 26 12 35 19 35 34 11 36 27 19 20 33 35 32 33 25 35 27 32 14 33 40 30 39 28 36 11 19 29 38
5 25 28 13 5 20 2 4 14 23 18 5 8 8 18 6 15 17 6 4 16 14 24 8 18 6 4 24 11 14 13 10 17 21 3 19 21 12 15 27 27 4 10 26 10 1 27 24 26 28 18 7 2 3 26 24 4 18 20 10 10 30 25 5 25 7 1 10 7 30 23 17 29 30 12 21 27 10 19 27 4 28 11 23 20 30 4 5 6 29 13 12 17 30 8 9 4 26 12 21 29 18 10 30 19 24 14 26 17 6 12 5 22 1 24 8 13 28 17 9 7 15 23 20 17 9 11 21 15 18 8 3 20 12 14 30 6 28 27 21 25 6 27 12 22 2 17 22 4 15 23 3 10 28 13 26 29 17 30 22 3 14 13 12 11 19 4 27 23 9 12 22 15 7 18 29 1 17 1 29 21 12 15 16 24 23 3 22 29 17 23 29 25 8 3 9 6 17 26 21 25 3 20 18 16 16 16 19 1 6 30 14 26 15 28 5 15 21 9 13 19 28 6 21 8 6 3 10 3 30 22 18 11 17 18 9 20 10 18 3 17 6 11 1 30 20 6 24 10 4 16 9 4 10 28 7 30 30 21 30 8 6 4 24 2 7 24 13 5 7 12 24 24 16 2 23 26 29 29 14 5 20 3 15 22 28 1 30 18 27 8 9 22 9 15 12 13 8 7 26 24 25 4 1 13 30 23 16 27 12 6 5 3 15 26 16 22 27 17 20 27 7 10 24 5 28 23 26 23 9 18 14 8 13 21 5 19 18 21 8 10 23 30 25 22 9 20 21 26 23 27 3 11 22 2 5 2 4 27 19 13 28 8 15 17 20 6 13 16 6 5 13 24 9 30 21 13 9 6 1 27 9 7 8 24 13 17 27 24 5 17 1 2 21 3 22 11 23 16 3 17 23 28 8 28 3 4 11 2 7 25 4 5 2 9 12 16 24 6 21 21 1 27 30 29 14 16 19 15 12 1 12 16 3 16 14 24 20 21 5 5 26 26 19 11 23 18 29 13 7 7 27 29 12 19 2 18 22 12 23 23 28 25 16 20 3 6 14 19 5 11 22 18 24 3 12 24 1 17 20 28 3 12 10 24 7 20 28 24 12 25 24 28 28 17 17 9 26 30 29 28 25 23 8 22 26 21 26 19 13 26 8 18 28 2 30 28 9 11 3 3 27 2 10 1 14 27 12 16 24 5 26 3 1 25 16 23 5 4 4 5 15 14 16 14 29 17 15 22 15 15 3 29 17 5 16 26 23 15 10 9 12 20 15 25 1 25 19 9 18 10 11 19 28 14 20 18 4 10 1 4 27 29 9 4 6 30 21 17 29 18 4 30 19 25 18 17 21 4 13 21 25 23 18 28 3 26 26 23 10 27 9 19 26 2 1 18 4 20 14 24 10 4 2 26 19 25 3 26 1 20 4 15 2 17 18 15 16 29 7 14 7 23 18 11 27 3 26 3 18 26 25 17 17 25 26 8 16 1 16 18 6 28 25 1 8 1 27 19 28 2 13 14 29 4 5 1 18 28 30 22 14 6 4 24 23 13 29 26 25 30 1 5 3 18 21 4 29 16 10 3 21 13 15 7 21 18 25 1 3 15 22 17 17 14 8 20 20 6 3 3 29 22 27 14 28 5 4 22 17 29 22 25 22 22 8 12 15 2 17 17 9 9 5 16 21 7 12 24 10 8 22 16 23 10 7 4 3 28 25 9 12 27 26 12 10 26 16 30 25 16 2 25 9 25 24 1 26 17 9 10 23 25 22 23 15 25 17 22 4 23 30 20 29 18 26 1 9 19 28
1 15 14
347 393 503 189 783 663 470 44 327 98 136 392 629 674
1 11 13
355 711 329 387 276 406 440 232 218 295 312 466 500
1 12 8
330 211 476 116 353 377 578 697
1 16 14
91 653 348 97 607 203 129 170 194 258 441 470 580 585
1 5 19
756 273 600 10 706 368 144 551 542 361 262 612 339 31 750 322 358 513 726
1 5 23
224 698 471 526 161 287 451 610 8 685 48 33 725 623 381 78 16 35 246 395 424 548 622
1 18 16
244 636 324 218 378 398 603 578 693 241 353 498 19 99 434 729
1 5 6
547 6 116 555 302 346
1 15 13
463 181 415 151 168 259 428 488 549 565 602 724 787
1 8 18
322 520 715 121 268 742 430 488 107 627 412 92 511 127 260 404 413 425
1 11 20
138 461 624 127 334 472 110 221 288 785 42 739 332 533 126 13 32 372 528 597
1 10 16
297 592 658 345 108 311 214 462 794 286 18 163 233 419 438 511
1 15 5
263 652 128 68 556
1 5 11
602 323 223 732 257 416 754 342 383 560 755
1 7 23
96 304 87 494 535 20 309 123 77 63 183 50 113 422 790 12 73 329 332 440 563 604 686
1 18 13
609 597 195 507 465 707 83 123 170 538 662 694 781
1 19 7
433 53 360 505 550 739 740
1 16 13
613 775 481 485 620 213 64 277 352 396 531 701 798
1 11 14
282 290 540 577 630 274 712 714 619 438 111 222 237 298
1 10 14
359 362 752 681 171 383 51 125 469 637 652 659 707 790
1 10 15
789 777 434 270 392 621 705 69 125 131 135 333 469 340 436
1 15 26
611 614 491 79 235 546 447 563 303 477 561 275 734 475 798 659 53 105 228 230 255 403 612 643 728 758
1 6 10
391 500 397 651 202 271 363 375 575 784
1 15 10
414 746 518 598 571 89 314 91 327 658
1 11 14
157 247 370 318 149 780 744 185 654 297 344 421 451 571
1 7 19
296 25 225 158 642 163 510 384 650 522 541 735 187 217 319 433 457 598 619
1 10 11
524 573 260 19 44 241 467 516 535 737 752
1 5 20
179 486 669 166 737 517 13 449 254 456 237 749 31 38 187 326 427 566 688 710
1 7 12
679 71 75 590 205 137 281 385 432 453 626 685
1 19 15
182 661 527 180 490 718 509 499 647 186 35 143 402 471 768
1 17 10
184 747 425 766 631 583 212 638 679 786
1 5 11
17 133 34 59 388 40 58 184 268 333 530
1 10 6
684 164 736 390 717 778
1 15 19
169 432 220 396 559 301 188 514 589 628 683 513 70 148 113 240 481 573 603
1 12 9
716 326 639 27 102 126 321 328 478
1 11 10
134 730 233 236 357 100 70 250 252 532
1 12 15
648 410 84 176 101 655 534 437 100 267 279 442 588 593 721
1 6 22
637 493 328 409 413 665 239 466 22 448 575 285 799 256 738 28 348 381 417 484 562 576
1 14 10
625 375 604 634 246 419 420 220 386 483
1 9 19
671 264 261 531 24 668 765 660 265 72 724 33 182 273 314 494 564 651 764
1 15 19
153 360 516 37 109 227 252 666 713 695 688 557 210 244 354 365 401 454 577
1 16 16
162 675 356 404 459 423 729 467 552 36 34 161 169 318 393 683
1 15 19
680 175 402 142 363 690 616 340 757 165 720 106 52 227 301 369 572 792 797
1 17 11
566 593 530 23 300 506 771 138 236 519 719
1 19 5
439 568 104 323 502
1 1 16
581 80 93 209 483 255 240 201 130 704 641 77 159 214 291 628
1 11 11
29 528 229 45 249 55 107 109 157 464 512
1 2 14
543 272 743 478 505 717 140 210 208 473 338 114 497 610
1 18 10
721 28 147 120 532 308 160 134 370 769
1 1 10
146 231 380 289 26 56 92 460 476 665
1 4 18
394 726 554 633 191 55 763 584 638 417 46 198 201 290 309 317 493 524
1 6 9
797 442 293 574 238 415 422 631 633
1 8 12
167 217 280 390 143 700 222 677 234 380 552 703
1 11 21
156 779 145 548 43 11 687 482 745 667 755 497 60 492 479 646 411 429 546 773 795
1 6 12
367 178 0 365 196 632 567 691 676 484 254 501
1 2 11
103 539 529 553 427 452 152 300 382 486 518
1 16 8
115 4 708 0 350 645 696 723
1 5 18
16 190 772 95 544 673 54 454 320 103 272 376 378 495 648 649 655 749
1 10 23
112 787 741 27 199 364 788 122 76 5 722 38 464 443 728 50 206 341 459 540 591 656 695
1 10 6
758 786 302 97 330 458
1 15 16
118 49 174 354 537 760 523 86 731 656 45 287 310 527 589 780
1 16 7
319 608 588 145 366 444 756
1 10 7
792 351 773 49 509 725 783
1 12 14
313 154 515 682 278 502 570 78 85 160 178 334 545 727
1 17 12
248 132 770 376 512 703 294 5 211 373 774 775
1 9 21
310 374 643 618 405 284 678 269 727 341 781 401 219 81 740 71 156 164 276 489 672
1 9 11
259 664 2 649 317 702 325 640 347 601 761
1 2 20
426 560 41 98 57 245 767 719 460 586 61 52 431 46 47 63 76 167 522 730
1 15 11
796 536 66 69 89 224 292 316 462 525 731
1 5 16
377 266 366 591 644 207 66 15 458 549 192 1 379 62 130 779
1 19 19
762 670 371 435 580 696 88 504 14 791 699 90 48 101 216 232 414 667 732
1 20 23
606 424 352 312 645 299 124 764 793 457 525 343 455 193 337 144 245 265 278 582 614 689 748
1 13 16
445 710 686 564 344 389 9 291 349 545 622 93 133 223 235 621
1 3 15
250 3 587 251 358 521 372 94 538 230 88 261 431 668 699
1 14 11
373 21 594 508 112 115 307 557 627 630 754
1 17 26
601 444 672 305 82 335 480 382 428 694 18 579 599 782 242 104 2 262 324 387 410 515 617 620 712 741
1 9 19
298 689 51 400 150 569 550 111 267 487 58 85 769 565 446 188 243 529 568
1 20 13
453 105 151 733 39 79 242 248 280 336 388 426 490
1 10 12
253 281 386 436 243 723 279 11 43 204 306 700
1 15 19
369 784 295 83 30 155 501 662 228 277 407 411 271 468 778 192 584 692 716
1 14 11
626 204 395 674 234 65 20 135 406 559 745
1 14 14
306 615 556 206 177 697 173 768 159 40 108 284 669 715
1 10 14
585 346 617 292 136 68 495 258 3 117 430 452 587 777
1 3 17
421 759 496 307 215 226 197 172 635 32 283 316 202 582 168 403 208
1 17 19
595 315 7 321 385 39 450 441 429 774 605 519 110 155 337 456 523 718 770
1 17 13
198 350 776 119 408 657 117 399 489 8 29 183 397
1 6 11
701 56 753 141 7 84 87 106 226 343 623
1 13 8
216 212 761 795 114 54 142 681
1 14 9
576 336 596 67 26 331 74 338 673
1 3 3
102 139 4
1 17 16
572 12 748 558 751 152 194 418 629 474 225 477 508 542 592 677
1 18 9
692 200 73 562 709 41 311 331 720
