800 99 1240 18
31 37 36 12 16 13 14 34 35 15 37 27 29 35 15 20 35 37 23 40 28 25 33 38 27 30 37 13 24 37 19 18 11 23 36 12 24 23 15 23 29 33 29 30 12 22 17 21 34 39 16 16 24 11 11 14 15 17 15 22 29 37 40 19 29 27 13 17 11 13 40 13 33 27 25 28 23 14 15 23 19 28 22 38 15 13 12 31 11 23 12 29 32 13 21 37 27 37 12 18 18 21 33 11 34 39 14 34 11 25 18 21 11 37 14 15 23 35 26 18 12 26 37 22 11 11 29 27 19 17 31 40 28 37 36 15 29 39 35 15 23 30 29 20 17 27 20 16 31 34 39 27 18 22 34 31 34 16 22 12 22 25 24 39 40 16 28 16 21 30 29 16 17 34 22 28 15 27 13 34 36 39 12 38 30 40 22 40 40 17 21 29 16 26 15 25 20 40 28 35 22 36 15 39 32 13 23 28 28 11 13 23 40 31 17 11 28 38 24 18 20 18 34 35 26 18 29 28 13 24 16 26 17 13 21 27 37 15 40 21 29 23 30 18 37 33 33 11 33 36 14 14 13 31 13 29 13 20 36 28 23 30 20 40 39 21 25 19 13 19 19 30 28 34 15 34 20 22 34 23 28 19 14 37 37 13 36 33 27 26 39 34 24 12 23 40 29 33 31 29 31 30 17 27 16 37 39 25 22 17 38 23 27 24 18 24 25 34 17 34 11 11 40 13 36 11 39 28 20 27 37 24 22 38 29 36 33 33 11 28 21 16 21 11 34 27 36 32 36 31 13 32 25 35 40 14 37 25 40 13 19 11 34 39 35 28 25 12 25 14 30 12 39 11 14 12 26 13 13 11 11 16 38 15 18 29 15 20 34 17 20 40 30 23 32 28 18 38 13 23 12 11 30 23 32 14 28 35 36 11 39 20 32 24 28 34 23 27 36 12 27 19 20 32 20 30 11 12 28 22 40 33 32 30 31 11 34 18 31 13 22 39 18 23 14 38 28 11 32 31 27 32 30 39 17 18 16 17 13 33 35 24 20 19 31 34 17 13 13 30 19 24 19 15 30 38 34 15 27 27 22 13 39 12 33 35 22 29 26 37 17 15 14 31 32 15 11 12 38 34 12 15 34 25 40 16 37 14 27 36 17 26 19 17 40 31 18 31 39 20 22 13 20 27 14 39 23 29 21 20 13 28 11 40 40 32 32 17 17 31 26 39 16 17 22 21 11 26 26 24 24 34 24 33 32 12 14 15 38 40 29 15 31 32 28 20 36 23 27 37 13 15 36 23 26 33 20 40 30 34 16 14 26 29 31 34 17 33 11 25 23 17 19 40 36 35 20 36 19 17 16 37 32 24 36 26 34 20 22 30 37 22 26 17 15 35 35 31 36 22 40 34 37 29 31 25 21 33 22 22 26 11 28 30 40 40 37 20 34 20 15 15 16 31 31 18 26 20 33 40 38 14 30 23 35 37 26 37 30 12 22 17 20 24 37 11 11 23 27 24 22 26 23 27 13 18 32 37 19 19 38 19 12 27 36 37 22 19 18 14 19 29 14 16 13 27 21 36 26 31 40 39 17 25 40 40 26 22 35 40 24 23 12 35 29 26 17 17 31 29 39 26 28 40 34 38 40 18 38 40 35 37 33 26 22 27 23 26 17 20 22 37 27 40 27 32 33 21 34 32 33 21 40 39 23 40 40 22 13 31 38 26 34 31 19 36 32 31 11 28 25 18 12 37 37 18 15 38 38 26 30 36 25 39 13 17 32 21 22 36 24 31 32 32 33 11 19 14 20 20
21 27 26 2 6 3 4 24 25 5 27 17 19 25 5 10 25 27 13 30 18 15 23 28 17 20 27 3 14 27 9 8 1 13 26 2 14 13 5 13 19 23 19 20 2 12 7 11 24 29 6 6 14 1 1 4 5 7 5 12 19 27 30 9 19 17 3 7 1 3 30 3 23 17 15 18 13 4 5 13 9 18 12 28 5 3 2 21 1 13 2 19 22 3 11 27 17 27 2 8 8 11 23 1 24 29 4 24 1 15 8 11 1 27 4 5 13 25 16 8 2 16 27 12 1 1 19 17 9 7 21 30 18 27 26 5 19 29 25 5 13 20 19 10 7 17 10 6 21 24 29 17 8 12 24 21 24 6 12 2 12 15 14 29 30 6 18 6 11 20 19 6 7 24 12 18 5 17 3 24 26 29 2 28 20 30 12 30 30 7 11 19 6 16 5 15 10 30 18 25 12 26 5 29 22 3 13 18 18 1 3 13 30 21 7 1 18 28 14 8 10 8 24 25 16 8 19 18 3 14 6 16 7 3 11 17 27 5 30 11 19 13 20 8 27 23 23 1 23 26 4 4 3 21 3 19 3 10 26 18 13 20 10 30 29 11 15 9 3 9 9 20 18 24 5 24 10 12 24 13 18 9 4 27 27 3 26 23 17 16 29 24 14 2 13 30 19 23 21 19 21 20 7 17 6 27 29 15 12 7 28 13 17 14 8 14 15 24 7 24 1 1 30 3 26 1 29 18 10 17 27 14 12 28 19 26 23 23 1 18 11 6 11 1 24 17 26 22 26 21 3 22 15 25 30 4 27 15 30 3 9 1 24 29 25 18 15 2 15 4 20 2 29 1 4 2 16 3 3 1 1 6 28 5 8 19 5 10 24 7 10 30 20 13 22 18 8 28 3 13 2 1 20 13 22 4 18 25 26 1 29 10 22 14 18 24 13 17 26 2 17 9 10 22 10 20 1 2 18 12 30 23 22 20 21 1 24 8 21 3 12 29 8 13 4 28 18 1 22 21 17 22 20 29 7 8 6 7 3 23 25 14 10 9 21 24 7 3 3 20 9 14 9 5 20 28 24 5 17 17 12 3 29 2 23 25 12 19 16 27 7 5 4 21 22 5 1 2 28 24 2 5 24 15 30 6 27 4 17 26 7 16 9 7 30 21 8 21 29 10 12 3 10 17 4 29 13 19 11 10 3 18 1 30 30 22 22 7 7 21 16 29 6 7 12 11 1 16 16 14 14 24 14 23 22 2 4 5 28 30 19 5 21 22 18 10 26 13 17 27 3 5 26 13 16 23 10 30 20 24 6 4 16 19 21 24 7 23 1 15 13 7 9 30 26 25 10 26 9 7 6 27 22 14 26 16 24 10 12 20 27 12 16 7 5 25 25 21 26 12 30 24 27 19 21 15 11 23 12 12 16 1 18 20 30 30 27 10 24 10 5 5 6 21 21 8 16 10 23 30 28 4 20 13 25 27 16 27 20 2 12 7 10 14 27 1 1 13 17 14 12 16 13 17 3 8 22 27 9 9 28 9 2 17 26 27 12 9 8 4 9 19 4 6 3 17 11 26 16 21 30 29 7 15 30 30 16 12 25 30 14 13 2 25 19 16 7 7 21 19 29 16 18 30 24 28 30 8 28 30 25 27 23 16 12 17 13 16 7 10 12 27 17 30 17 22 23 11 24 22 23 11 30 29 13 30 30 12 3 21 28 16 24 21 9 26 22 21 1 18 15 8 2 27 27 8 5 28 28 16 20 26 15 29 3 7 22 11 12 26 14 21 22 22 23 1 9 4 10 10
1 2 9
741 393 46 623 152 54 172 266 558
1 17 21
108 781 553 671 184 389 542 386 513 54 252 348 180 182 342 390 512 551 577 672 697
1 8 17
634 212 13 784 500 567 131 174 747 624 499 447 32 596 78 196 305
1 12 11
755 194 718 556 302 371 222 48 33 493 523
1 16 20
303 327 666 262 464 156 460 141 521 788 704 316 102 109 227 243 247 449 589 696
1 12 7
414 172 16 441 783 119 246
1 5 19
276 310 382 508 789 600 121 84 723 133 155 215 261 272 331 424 459 659 718
1 15 8
627 520 49 90 325 545 634 746
1 13 16
244 197 518 347 402 456 618 572 765 419 60 399 443 467 740 766
1 6 9
710 104 465 577 549 519 50 298 534
1 17 10
532 494 373 149 158 341 436 613 719 739
1 4 15
483 638 605 214 352 531 495 341 656 319 595 265 260 293 405
1 10 10
360 204 323 485 448 440 63 76 411 675
1 15 18
308 286 503 58 644 211 187 32 71 117 171 216 388 407 516 565 695 751
1 10 14
725 346 609 573 709 196 583 282 230 279 128 636 646 755
1 15 4
683 599 328 471
1 19 19
416 246 451 56 611 479 101 364 729 459 177 660 169 26 27 57 145 249 352
1 12 9
15 785 103 593 164 202 406 531 575
1 9 14
616 681 589 100 527 107 739 253 667 714 99 101 220 229
1 2 6
497 306 240 294 327 767
1 4 18
258 324 471 387 716 422 128 658 224 349 116 153 175 386 544 555 698 756
1 8 9
142 554 735 50 298 190 226 532 726
1 1 14
170 655 159 68 696 651 23 34 67 89 168 173 177 361
1 4 15
546 617 358 6 557 458 209 764 552 766 677 110 380 404 170
1 19 7
438 786 603 217 350 510 633
1 19 14
791 762 275 664 536 228 271 143 622 398 259 44 49 394
1 15 15
713 721 750 608 98 344 188 543 80 115 1 48 121 754 784
1 14 12
648 150 44 245 255 329 385 428 527 556 688 734
1 3 8
28 778 702 56 122 161 509 710
1 7 13
614 701 175 190 294 158 9 118 210 301 334 511 713
1 8 22
221 192 251 292 715 753 241 168 717 629 130 138 197 308 333 357 506 594 618 620 628 679
1 7 14
473 322 738 307 374 640 353 136 669 545 670 281 127 550
1 13 14
635 730 693 123 510 676 77 153 566 266 98 187 234 704
1 8 13
102 384 551 621 365 390 125 207 354 426 462 666 673
1 19 10
92 179 23 768 63 204 306 475 528 614
1 12 8
453 97 155 29 533 609 655 730
1 13 9
248 21 744 198 319 326 458 627 743
1 19 14
277 343 400 106 427 283 472 457 178 517 229 144 707 677
1 9 16
547 379 412 524 320 507 643 770 278 790 528 261 672 72 612 644
1 7 15
594 203 675 481 37 437 650 435 492 166 183 211 402 649 700
1 6 18
78 462 336 653 737 208 201 391 119 297 176 264 772 243 320 491 619 727
1 16 19
338 368 3 692 405 742 112 242 69 630 745 792 239 430 576 595 657 691 753
1 18 5
639 421 185 416 498
1 17 20
280 407 432 537 474 57 628 210 273 70 736 680 219 555 782 14 598 682 763 785
1 2 11
773 749 502 215 731 363 165 590 24 39 376
1 14 16
775 684 314 311 189 146 586 2 642 530 94 82 446 536 548 622
1 14 17
42 690 682 562 776 522 449 160 89 254 127 275 313 502 580 638 786
1 2 14
540 418 526 59 99 797 351 756 83 124 295 162 367 463
1 8 15
663 478 535 705 66 740 610 506 309 722 751 31 712 38 455
1 14 18
637 525 218 378 584 512 7 180 563 754 377 686 466 468 76 12 549 669
1 17 7
560 579 428 13 570 717 761
1 14 7
64 467 514 22 238 360 495
1 14 13
509 321 699 489 580 182 767 88 149 607 464 582 583
1 14 9
300 334 77 81 85 137 139 371 658
1 2 9
86 516 118 342 220 375 0 345 474
1 16 8
450 139 657 632 771 200 113 410
1 17 8
233 598 312 37 114 144 165 292
1 16 14
24 198 585 484 270 53 361 18 305 340 431 504 535 728
1 11 7
602 157 147 732 41 136 401
1 8 7
496 355 700 290 335 396 501
1 8 10
335 649 55 336 415 476 571 587 651 701
1 20 11
109 247 511 227 726 55 559 591 748 366 412
1 12 7
299 445 126 619 238 151 693
1 10 14
333 733 43 515 339 470 167 154 689 604 570 283 585 687
1 13 14
550 0 426 257 613 569 665 71 10 720 75 17 639 787
1 9 20
501 574 287 661 51 138 383 486 213 268 645 117 413 561 417 68 225 278 524 731
1 6 19
129 799 597 113 245 62 760 93 148 469 135 200 314 440 460 574 662 745 752
1 13 16
691 226 544 498 96 274 260 30 58 191 400 508 563 590 744 799
1 19 11
105 446 249 403 606 130 420 66 140 645 699
1 3 20
727 291 290 17 794 20 14 571 777 576 330 60 476 296 317 356 391 461 632 782
1 15 9
134 697 326 674 284 129 597 664 670
1 10 12
443 454 95 120 231 659 439 703 87 183 678 794
1 13 9
289 376 87 30 688 441 454 686 793
1 10 7
162 758 123 151 373 539 668
1 9 8
171 195 20 236 252 288 425 621
1 3 19
29 340 225 761 488 288 647 263 27 223 90 685 399 133 11 86 303 337 771
1 7 9
381 646 719 163 248 267 312 368 596
1 7 15
65 452 757 395 436 354 73 461 504 743 565 250 548 643 729
1 19 7
12 370 9 167 174 254 387
1 1 20
181 301 52 631 296 304 491 318 329 411 673 529 111 409 293 430 53 299 403 600
1 15 17
163 795 779 61 40 423 541 587 276 346 433 540 601 605 712 749 792
1 14 19
487 285 601 708 424 620 72 694 191 759 372 564 592 5 558 156 457 635 764
1 2 16
695 39 425 433 240 678 313 615 256 429 267 711 221 330 435 630
1 18 6
332 625 359 626 488 774
1 3 13
612 357 568 185 11 636 1 679 752 575 582 108 588
1 2 10
388 538 199 106 237 265 310 625 711 769
1 6 11
475 505 202 125 116 206 264 485 525 626 796
1 14 11
706 442 367 35 6 193 287 289 477 515 615
1 5 12
662 431 19 385 193 79 142 374 422 603 762 775
1 14 15
408 22 161 444 796 480 186 769 369 236 235 18 281 427 683
1 8 20
137 34 641 406 82 272 41 36 74 26 135 588 477 633 533 33 188 286 451 452
1 4 14
734 539 523 455 410 763 654 114 392 45 652 415 219 592
1 3 10
269 232 205 724 728 47 780 419 663 715
1 18 20
81 315 255 91 85 581 798 122 325 350 164 490 534 88 309 362 486 567 765 770
1 16 14
774 216 207 317 79 356 434 668 237 698 578 397 746 201
1 5 11
25 362 482 8 224 251 270 338 518 604 624
1 9 5
337 345 75 519 773
1 19 9
145 787 31 93 432 450 623 653 768
1 3 21
394 206 331 140 173 234 793 4 401 687 67 463 132 396 28 47 160 262 472 489 526
