700 36 1085 47
3 23 5 18 18 21 17 21 2 15 10 12 12 1 14 5 25 9 29 20 17 10 5 15 4 19 28 9 10 5 10 8 9 9 16 13 4 28 24 2 3 18 15 10 13 15 30 26 27 7 25 2 15 13 22 22 16 10 14 13 28 2 24 1 3 2 24 11 15 2 24 27 11 28 18 18 18 18 5 17 23 12 5 18 17 4 23 25 24 4 29 28 9 27 7 9 27 2 12 9 5 6 26 3 22 18 6 29 29 4 4 28 8 20 7 6 14 29 30 14 25 22 25 2 30 6 25 30 13 10 8 9 16 9 20 29 14 1 11 9 24 9 17 11 11 5 24 28 29 15 19 18 1 30 14 23 8 20 20 25 15 23 28 9 10 14 23 3 16 25 24 25 29 21 4 24 27 18 1 30 6 18 29 17 13 20 6 27 19 22 17 6 28 26 17 22 12 16 4 16 28 24 29 7 29 9 2 11 1 25 5 20 11 7 3 26 2 27 2 2 9 19 7 6 3 19 3 14 28 1 5 30 4 9 17 16 18 15 26 11 11 22 6 4 19 20 29 7 11 29 4 6 15 2 1 18 27 15 27 15 12 23 24 4 20 30 16 4 5 6 6 27 19 17 4 14 8 27 22 19 21 5 22 10 30 29 20 7 15 6 2 20 12 26 16 28 11 15 18 3 6 27 10 3 7 3 16 27 21 1 10 12 14 9 18 15 3 5 18 10 15 23 4 4 8 9 9 7 24 19 2 6 3 22 26 7 3 6 25 19 21 26 3 25 1 1 4 25 24 18 16 18 10 26 30 4 17 12 7 6 30 3 22 5 1 1 5 23 10 24 21 17 14 6 30 1 2 11 15 19 17 24 23 22 3 23 15 12 28 16 10 22 23 4 21 23 25 7 14 6 6 15 9 1 11 28 20 22 12 21 27 12 7 12 21 12 1 7 17 18 6 5 17 13 4 14 9 8 11 5 4 11 11 21 15 24 14 29 20 23 15 20 30 1 29 21 7 22 30 15 23 16 21 5 13 22 9 17 1 23 18 6 6 8 7 10 8 5 28 29 23 10 14 18 19 14 2 9 9 20 1 2 11 5 15 21 19 28 1 23 20 13 20 24 18 7 6 24 29 4 2 1 15 29 6 29 6 6 20 17 21 30 27 21 20 27 12 6 17 5 1 1 15 17 24 15 27 27 1 13 16 7 9 18 24 6 10 20 6 12 2 14 21 7 17 14 18 10 15 27 2 11 30 2 26 17 7 23 4 9 4 19 17 13 15 7 9 7 3 12 19 29 21 3 17 1 2 29 20 24 10 24 30 20 26 23 7 28 1 3 1 13 6 29 20 28 18 9 15 19 5 11 17 26 8 26 26 13 9 22 9 19 19 3 24 3 15 20 9 17 19 4 28 6 7 2 16 24 15 24 30 20 9 9 23 13 15 28 6 11 12 27 21 10 18 12 7 29 22 14 4 30 20 17 5 11 1 15 2 11 16 6 14 24 3 13 18 29 17 8 14 2 11 17 4 21 4 1 20 13 22 28 6 5 17 15 3 28 25 18 26 16 19 21 12 6 26 29 9 29
20 21 24 2 27 19 1 26 30 5 4 1 19 15 15 1 1 16 29 25 9 18 6 18 4 30 2 29 28 10 17 3 11 29 2 2 25 6 19 8 9 7 26 12 16 5 1 1 15 7 10 1 23 28 25 1 13 26 9 29 4 5 4 15 25 18 2 10 9 27 12 25 7 21 2 6 5 30 30 9 30 6 11 12 23 18 22 2 21 10 26 4 29 12 17 26 11 22 25 20 26 23 11 22 2 3 27 27 18 28 17 9 15 21 22 21 28 28 17 15 26 2 19 9 7 21 4 13 6 17 10 13 21 5 8 20 3 18 28 15 29 24 12 27 23 22 5 25 14 15 13 19 1 8 20 30 13 28 17 22 5 19 12 8 5 7 8 27 8 2 11 19 4 6 26 7 7 23 29 11 18 25 4 25 7 17 24 29 28 6 1 22 11 12 15 2 2 27 3 4 15 2 15 21 28 12 26 29 14 28 14 9 27 21 7 29 4 26 15 10 6 13 26 8 25 24 1 2 13 14 5 11 23 16 13 10 4 5 18 12 24 14 8 11 15 15 3 1 11 25 12 20 9 18 12 30 24 17 23 6 11 4 21 18 30 2 4 22 29 19 6 19 21 27 25 22 15 26 16 6 21 18 11 24 22 21 28 9 15 23 23 3 19 9 3 1 11 15 5 10 23 22 8 8 7 9 28 23 4 14 9 22 11 19 7 16 2 26 23 11 27 6 2 17 29 22 27 12 12 4 3 12 15 28 27 3 29 3 2 15 17 23 27 17 16 12 3 2 1 17 30 24 4 23 2 20 10 21 13 4 4 3 30 8 4 4 24 10 15 29 16 3 25 29 19 21 8 29 11 23 9 30 15 17 17 14 30 26 11 10 24 25 12 30 12 17 23 8 6 6 11 13 27 13 4 15 26 22 11 22 2 1 17 14 5 6 7 28 22 5 12 13 19 22 9 21 29 1 8 16 22 18 23 17 2 10 4 27 1 28 1 6 5 22 5 1 19 22 16 10 7 6 6 1 26 15 29 7 30 1 22 13 19 1 27 22 9 25 18 3 16 23 6 27 24 7 14 6 12 27 10 6 19 1 13 4 7 6 4 25 17 5 30 25 15 9 21 12 14 9 5 29 24 8 28 25 9 8 20 3 9 19 1 24 9 20 22 30 25 29 25 19 16 27 2 11 3 17 30 16 26 25 21 8 17 3 2 21 15 19 25 14 1 20 5 23 9 13 3 17 13 18 1 30 7 30 6 22 23 2 13 12 4 1 9 22 1 17 4 29 17 6 19 7 2 17 24 7 21 10 8 6 1 12 4 24 23 10 12 9 20 28 13 7 5 3 7 28 19 9 21 7 21 27 29 26 6 24 17 19 22 24 2 15 26 22 26 19 1 1 7 28 18 5 11 30 15 15 17 3 17 14 22 18 10 9 5 18 19 4 3 27 21 2 30 20 29 9 1 24 23 25 14 30 7 13 11 16 23 9 29 8 9 14 3 27 21 18 29 10 11 18 30 13 23 6 8 5 14 2 3 17 12 23 1 8 26 14 22 8 27 2 27 30 23 24 8 23 22 16
4 18 9
18 371 382 100 661 417 391 319 247
2 2 12
110 107 341 156 89 564 128 316 17 672 115 220
2 13 27
32 262 25 354 645 173 280 480 351 248 455 66 328 474 395 469 163 571 403 184 321 196 104 275 651 390 127
12 17 32
654 444 185 116 117 515 441 135 169 632 660 513 122 592 209 31 48 86 456 315 1 50 601 313 559 615 451 610 106 637 462 249
17 4 35
259 40 503 520 613 221 667 434 80 375 649 606 527 78 528 145 545 397 39 525 290 235 165 582 88 24 580 539 179 223 634 617 303 258 113
1 16 2
394 547
4 10 21
529 308 215 130 548 488 160 644 266 620 333 471 92 250 207 295 497 431 694 232 147
11 12 27
119 38 463 213 421 422 194 361 604 396 322 151 23 255 97 398 268 630 652 199 3 274 348 294 325 132 298
1 10 3
343 636 530
16 9 35
52 368 447 211 669 544 532 430 366 399 360 614 269 350 560 647 123 593 112 517 187 212 481 28 42 202 189 0 662 284 401 670 79 302 590
1 12 4
41 477 622 493
3 8 13
440 546 305 210 485 77 439 588 34 94 292 540 218
2 19 10
558 254 519 541 495 257 276 352 183 470
6 16 21
491 164 6 494 419 167 643 134 137 655 364 423 685 58 65 678 35 44 609 265 149
4 16 30
11 224 129 473 486 277 353 370 53 542 611 260 13 467 508 411 663 246 4 526 475 367 74 133 356 231 118 14 416 407
16 19 31
270 326 244 307 687 426 638 161 142 124 509 369 178 300 205 320 492 103 607 346 342 388 404 408 682 688 591 639 584 583 296
3 5 7
234 631 507 301 91 227 574
11 9 31
239 191 429 626 54 602 562 633 340 498 400 26 478 108 675 538 345 587 691 446 506 314 535 204 378 141 677 589 229 658 556
7 4 12
293 384 155 598 623 225 618 537 597 278 174 424
3 17 5
479 256 21 152 309
13 4 27
581 84 599 109 666 43 436 413 523 344 628 101 489 339 47 12 524 640 664 96 33 182 203 679 323 59 304
10 14 25
264 619 650 457 131 357 686 409 252 73 552 201 568 392 236 216 157 297 621 317 69 596 49 699 554
11 15 28
373 144 102 219 363 288 347 272 90 659 381 656 238 312 170 555 158 501 71 68 377 514 226 230 81 154 241 285
3 14 6
681 387 449 460 45 70
15 3 34
143 453 612 37 332 180 510 653 214 197 476 641 565 29 253 648 459 245 551 335 594 153 192 83 435 629 55 428 561 521 62 233 690 75
9 18 18
365 177 496 570 10 586 576 468 465 511 208 696 150 36 472 98 673 585
4 16 10
531 243 698 168 263 389 680 140 516 684
5 11 9
126 603 569 114 291 376 337 56 464
10 15 16
63 433 577 668 242 64 331 146 642 566 533 500 16 676 87 425
16 10 34
605 518 195 452 553 448 484 261 51 15 176 572 306 573 674 374 76 454 379 148 624 420 82 19 336 512 410 95 695 138 683 502 458 536
3 17 11
646 85 251 72 412 282 198 402 427 418 432
11 10 17
327 557 608 697 271 267 393 438 7 578 20 625 111 181 162 57 159
9 4 30
46 549 311 362 616 385 534 550 166 9 563 188 487 310 499 483 283 22 406 383 505 445 657 171 443 372 504 461 334 193
4 6 32
67 689 125 206 289 279 222 2 190 355 414 136 522 543 437 635 281 579 175 330 380 338 30 105 386 5 139 200 415 358 450 627
5 6 32
595 120 482 8 692 324 237 99 693 61 299 665 349 27 405 567 93 186 60 217 286 329 466 318 287 228 359 671 442 575 273 490
1 4 4
600 240 121 172
