700 488 1085 20
19 22 23 32 34 32 32 33 28 35 35 38 17 36 35 24 33 19 17 14 20 34 23 36 39 31 34 38 37 14 18 17 39 23 18 22 34 32 34 35 27 40 11 24 22 14 11 35 35 13 22 18 27 25 36 27 38 13 32 29 27 34 21 38 29 13 13 11 27 26 11 14 17 14 38 23 21 11 32 14 30 32 22 17 11 19 13 40 21 31 33 24 15 15 28 22 27 39 30 38 33 27 26 25 17 14 14 35 36 36 15 30 27 38 32 24 30 32 19 24 35 26 20 32 11 20 37 31 22 12 15 17 37 17 39 39 39 23 28 31 33 16 30 15 39 17 39 22 13 11 20 18 31 31 23 18 26 13 34 36 21 29 32 27 33 40 16 28 29 17 19 32 33 17 17 15 28 20 39 17 27 13 15 20 28 29 27 21 12 19 17 11 24 17 16 19 14 34 27 39 14 15 28 25 35 34 12 13 20 24 19 35 25 13 37 32 40 23 34 34 31 39 27 37 22 18 15 38 28 29 15 13 36 21 30 24 38 12 17 38 25 15 34 31 26 17 32 11 34 35 21 35 14 27 33 18 33 39 18 21 22 38 34 30 36 40 36 40 25 29 20 13 19 15 15 28 35 32 25 21 24 29 12 19 35 31 40 29 21 32 30 24 30 21 12 18 20 17 11 36 27 31 29 25 23 37 29 24 28 29 13 21 31 14 11 16 17 19 14 24 35 24 23 36 14 13 12 35 36 32 14 38 14 36 13 35 24 21 19 15 38 27 35 17 12 33 20 20 26 40 11 36 15 31 22 32 21 38 13 30 25 27 27 40 35 13 30 40 37 37 38 31 20 30 26 31 27 27 23 32 27 15 21 20 22 34 30 35 28 25 37 38 30 31 13 28 34 40 36 15 29 24 38 26 19 23 38 12 38 18 22 27 30 40 33 13 24 35 12 20 11 19 15 39 15 32 34 17 31 30 35 29 39 33 39 13 15 21 17 40 28 33 26 22 26 24 19 33 28 34 32 35 39 25 25 11 17 25 13 38 18 13 23 31 17 38 37 18 28 13 23 23 33 19 29 16 28 38 28 39 15 18 24 19 27 31 28 14 39 32 23 36 24 39 32 12 17 28 22 21 11 31 31 40 26 17 31 19 19 20 17 31 17 26 17 12 31 15 28 39 37 21 16 16 19 19 32 28 24 33 39 22 24 24 22 12 24 29 38 18 29 11 24 27 20 12 11 14 26 23 14 13 38 26 40 39 30 22 22 38 35 20 34 32 19 35 17 24 29 25 26 39 11 24 24 40 13 38 32 20 18 14 31 24 27 32 14 11 40 17 21 27 19 31 17 35 40 35 32 25 14 15 13 26 40 28 27 40 29 22 11 25 29 32 13 25 24 34 30 35 16 37 26 34 21 28 40 35 17 38 23 29 18 14 14 38 17 36 23 13 33 22 21 28 24 25 24 36 30 19 18 19 28 18 13 18 26 12 15 28 33 17 31 21 23 21 37 17 26 32 40 40 39 20 40 24 16 17 20 40 11 35 21 15 26 21 20 15 40 11 19 14 11 40 18 40 38 38 39 39
9 12 13 22 24 22 22 23 18 25 25 28 7 26 25 14 23 9 7 4 10 24 13 26 29 21 24 28 27 4 8 7 29 13 8 12 24 22 24 25 17 30 1 14 12 4 1 25 25 3 12 8 17 15 26 17 28 3 22 19 17 24 11 28 19 3 3 1 17 16 1 4 7 4 28 13 11 1 22 4 20 22 12 7 1 9 3 30 11 21 23 14 5 5 18 12 17 29 20 28 23 17 16 15 7 4 4 25 26 26 5 20 17 28 22 14 20 22 9 14 25 16 10 22 1 10 27 21 12 2 5 7 27 7 29 29 29 13 18 21 23 6 20 5 29 7 29 12 3 1 10 8 21 21 13 8 16 3 24 26 11 19 22 17 23 30 6 18 19 7 9 22 23 7 7 5 18 10 29 7 17 3 5 10 18 19 17 11 2 9 7 1 14 7 6 9 4 24 17 29 4 5 18 15 25 24 2 3 10 14 9 25 15 3 27 22 30 13 24 24 21 29 17 27 12 8 5 28 18 19 5 3 26 11 20 14 28 2 7 28 15 5 24 21 16 7 22 1 24 25 11 25 4 17 23 8 23 29 8 11 12 28 24 20 26 30 26 30 15 19 10 3 9 5 5 18 25 22 15 11 14 19 2 9 25 21 30 19 11 22 20 14 20 11 2 8 10 7 1 26 17 21 19 15 13 27 19 14 18 19 3 11 21 4 1 6 7 9 4 14 25 14 13 26 4 3 2 25 26 22 4 28 4 26 3 25 14 11 9 5 28 17 25 7 2 23 10 10 16 30 1 26 5 21 12 22 11 28 3 20 15 17 17 30 25 3 20 30 27 27 28 21 10 20 16 21 17 17 13 22 17 5 11 10 12 24 20 25 18 15 27 28 20 21 3 18 24 30 26 5 19 14 28 16 9 13 28 2 28 8 12 17 20 30 23 3 14 25 2 10 1 9 5 29 5 22 24 7 21 20 25 19 29 23 29 3 5 11 7 30 18 23 16 12 16 14 9 23 18 24 22 25 29 15 15 1 7 15 3 28 8 3 13 21 7 28 27 8 18 3 13 13 23 9 19 6 18 28 18 29 5 8 14 9 17 21 18 4 29 22 13 26 14 29 22 2 7 18 12 11 1 21 21 30 16 7 21 9 9 10 7 21 7 16 7 2 21 5 18 29 27 11 6 6 9 9 22 18 14 23 29 12 14 14 12 2 14 19 28 8 19 1 14 17 10 2 1 4 16 13 4 3 28 16 30 29 20 12 12 28 25 10 24 22 9 25 7 14 19 15 16 29 1 14 14 30 3 28 22 10 8 4 21 14 17 22 4 1 30 7 11 17 9 21 7 25 30 25 22 15 4 5 3 16 30 18 17 30 19 12 1 15 19 22 3 15 14 24 20 25 6 27 16 24 11 18 30 25 7 28 13 19 8 4 4 28 7 26 13 3 23 12 11 18 14 15 14 26 20 9 8 9 18 8 3 8 16 2 5 18 23 7 21 11 13 11 27 7 16 22 30 30 29 10 30 14 6 7 10 30 1 25 11 5 16 11 10 5 30 1 9 4 1 30 8 30 28 28 29 29
0 4 4
236 375 189 535
0 9 1
488
0 6 2
513 461
0 15 1
312
0 6 3
591 673 584
0 23 2
371 14
0 5 5
663 689 322 152 92
0 4 4
315 620 9 156
0 9 1
687
0 10 2
425 7
0 24 1
216
0 5 3
150 589 218
0 5 2
641 652
0 9 3
313 108 536
0 5 6
102 135 430 188 549 79
0 4 7
587 696 397 122 242 420 13
0 5 6
32 200 120 395 172 124
0 4 5
20 84 522 646 594
0 7 3
232 202 199
0 4 5
512 78 318 278 243
0 4 3
194 460 83
0 4 4
640 669 125 393
0 4 5
555 560 405 573 364
0 4 4
471 627 611 259
0 4 8
111 533 65 12 82 664 593 688
0 7 2
142 440
0 15 1
233
0 9 1
467
0 8 2
50 94
0 5 2
487 155
0 11 1
257
0 5 4
355 642 386 662
0 6 3
274 623 502
0 7 2
493 296
0 7 3
678 5 537
0 7 3
290 212 275
0 4 4
671 596 105 204
0 4 2
511 116
0 5 4
466 505 450 222
0 4 5
330 568 544 542 146
0 6 5
523 103 138 595 373
0 9 2
87 308
0 4 8
277 342 616 190 358 164 520 294
0 3 4
618 299 256 209
0 5 5
168 114 643 339 191
0 4 7
110 697 564 3 112 677 85
0 4 4
545 464 205 167
0 6 2
119 30
0 16 1
443
0 9 3
331 280 341
0 5 3
508 0 477
0 3 7
354 384 428 247 336 392 608
0 16 2
59 319
0 5 2
307 366
0 5 3
241 661 469
0 7 4
210 565 365 638
0 5 5
107 349 612 352 361
0 9 2
572 614
0 11 1
291
0 4 4
372 529 362 245
0 3 4
98 401 416 271
0 6 2
144 234
0 4 5
498 270 417 653 404
0 6 3
282 208 534
0 6 4
566 514 658 456
0 8 4
353 166 423 489
0 15 1
219
0 6 1
659
0 5 4
394 273 385 276
0 4 7
578 295 457 525 576 159 244
0 4 1
70
0 5 4
89 148 579 285
0 7 3
117 186 321
0 6 4
647 381 418 585
0 17 1
335
0 9 2
211 77
0 19 2
454 414
0 7 3
26 692 252
0 11 3
448 503 360
0 5 5
67 8 682 369 238
0 8 2
29 504
0 4 4
645 698 666 626
0 6 3
203 145 539
1 11 1
1
1 9 1
2
1 11 2
4 387
1 16 1
6
1 18 1
10
1 8 1
11
1 8 1
15
1 13 1
16
1 15 1
17
1 19 1
18
1 9 1
19
1 11 1
21
1 16 1
22
1 11 1
23
1 8 1
24
1 10 2
25 333
1 9 1
27
1 11 1
28
1 9 1
31
1 10 1
33
1 16 1
34
1 9 1
35
1 8 1
36
1 11 1
37
1 25 1
38
1 8 1
39
1 11 1
40
1 8 1
41
1 15 1
42
1 8 1
43
1 15 2
44 648
1 13 1
45
1 10 2
46 343
1 9 1
47
1 12 1
48
1 15 1
49
1 13 1
51
1 19 1
52
1 11 1
53
1 13 1
54
1 9 1
55
1 9 1
56
1 12 1
57
1 12 1
58
1 14 1
60
1 8 1
61
1 17 1
62
1 25 1
63
1 10 2
64 547
1 11 1
66
1 16 1
68
1 11 1
69
1 11 1
71
1 31 1
72
1 8 1
73
1 23 1
74
1 11 1
75
1 9 1
76
1 13 1
80
1 18 1
81
1 7 1
86
1 12 1
88
1 15 1
90
1 9 1
91
1 9 1
93
1 14 1
95
1 22 1
96
1 16 1
97
1 13 1
99
1 13 1
100
1 10 1
101
1 11 2
104 249
1 11 1
106
1 9 1
109
1 20 1
113
1 21 1
115
1 7 1
118
1 9 1
121
1 13 1
123
1 11 2
126 683
1 13 1
127
1 9 1
128
1 11 1
129
1 13 1
130
1 9 1
131
1 8 2
132 557
1 21 1
133
1 13 1
134
1 13 1
136
1 15 1
137
1 14 1
139
1 34 1
140
1 21 1
141
1 8 1
143
1 11 1
147
1 14 1
149
1 10 1
151
1 11 1
153
1 13 1
154
1 13 1
157
1 13 1
158
1 12 1
160
1 14 1
161
1 9 1
162
1 14 1
163
1 10 1
165
1 11 1
169
1 10 1
170
1 15 1
171
1 14 1
173
1 19 1
174
1 10 1
175
1 12 1
176
1 28 1
177
1 9 1
178
1 9 1
179
1 20 2
180 524
1 13 1
181
1 14 1
182
1 8 1
183
1 31 1
184
1 8 1
185
1 14 1
187
1 22 1
192
1 19 2
193 600
1 11 1
195
1 12 1
196
1 11 1
197
1 14 1
198
1 16 1
201
1 10 1
206
1 8 1
207
1 10 1
213
1 13 1
214
1 11 1
215
1 11 1
217
1 12 1
220
1 13 2
221 635
1 21 1
223
1 14 1
224
1 8 1
225
1 7 2
226 497
1 15 1
227
1 8 1
228
1 9 2
229 424
1 13 1
230
1 9 1
231
1 18 1
235
1 9 1
237
1 8 2
239 604
1 10 1
240
1 10 1
246
1 20 1
248
1 9 1
250
1 15 1
251
1 10 1
253
1 9 1
254
1 20 1
255
1 11 1
258
1 14 1
260
1 10 1
261
1 10 1
262
1 13 1
263
1 20 1
264
1 10 1
265
1 14 1
266
1 13 1
267
1 20 1
268
1 29 1
269
1 8 1
272
1 12 1
279
1 14 1
281
1 11 1
283
1 15 1
284
1 32 1
286
1 11 1
287
1 27 1
288
1 10 1
289
1 11 1
292
1 15 1
293
1 12 1
297
1 11 1
298
1 15 1
300
1 13 1
301
1 12 1
302
1 9 1
303
1 14 1
304
1 10 1
305
1 10 1
306
1 10 1
309
1 17 1
310
1 8 1
311
1 17 1
314
1 16 1
316
1 9 1
317
1 11 1
320
1 13 1
323
1 11 1
324
1 7 1
325
1 8 1
326
1 10 1
327
1 10 1
328
1 9 1
329
1 19 1
332
1 13 1
334
1 15 1
337
1 13 1
338
1 14 1
340
1 13 1
344
1 15 1
345
1 9 1
346
1 10 1
347
1 18 1
348
1 11 1
350
1 13 1
351
1 15 1
356
1 19 2
357 558
1 10 1
359
1 15 1
363
1 12 1
367
1 11 1
368
1 9 1
370
1 7 2
374 509
1 13 1
376
1 14 1
377
1 12 1
378
1 11 1
379
1 14 1
380
1 13 1
382
1 11 1
383
1 16 1
388
1 12 1
389
1 19 1
390
1 19 1
391
1 13 1
396
1 11 1
398
1 9 2
399 422
1 13 1
400
1 10 1
402
1 14 1
403
1 15 1
406
1 8 1
407
1 15 1
408
1 28 1
409
1 12 1
410
1 12 1
411
1 10 1
412
1 12 1
413
1 8 1
415
1 8 1
419
1 9 1
421
1 18 1
426
1 12 1
427
1 11 1
429
1 10 1
431
1 18 1
432
1 11 1
433
1 8 1
434
1 14 1
435
1 8 1
436
1 13 1
437
1 10 1
438
1 11 1
439
1 15 1
441
1 11 2
442 577
1 15 1
444
1 9 1
445
1 14 1
446
1 10 1
447
1 13 1
449
1 10 1
451
1 20 1
452
1 11 1
453
1 9 1
455
1 10 1
458
1 11 1
459
1 10 1
462
1 9 1
463
1 12 1
465
1 16 1
468
1 8 1
470
1 14 1
472
1 9 1
473
1 9 1
474
1 7 2
475 580
1 8 1
476
1 8 1
478
1 11 1
479
1 14 1
480
1 13 1
481
1 19 1
482
1 10 1
483
1 10 1
484
1 21 1
485
1 16 1
486
1 18 1
490
1 10 1
491
1 9 1
492
1 24 1
494
1 13 1
495
1 10 1
496
1 13 1
499
1 11 1
500
1 9 1
501
1 8 1
506
1 9 1
507
1 11 1
510
1 9 1
515
1 11 1
516
1 10 1
517
1 15 1
518
1 12 1
519
1 12 1
521
1 9 1
526
1 12 1
527
1 13 1
528
1 11 1
530
1 12 1
531
1 9 1
532
1 13 1
538
1 17 1
540
1 16 1
541
1 20 1
543
1 10 1
546
1 12 1
548
1 30 1
550
1 10 1
551
1 9 1
552
1 13 1
553
1 10 1
554
1 12 1
556
1 11 1
559
1 13 1
561
1 11 1
562
1 20 1
563
1 11 1
567
1 14 1
569
1 9 2
570 694
1 7 1
571
1 19 1
574
1 9 1
575
1 13 1
581
1 10 1
582
1 9 1
583
1 15 1
586
1 9 1
588
1 19 1
590
1 18 1
592
1 12 1
597
1 13 1
598
1 9 1
599
1 13 1
601
1 10 1
602
1 11 1
603
1 7 1
605
1 11 1
606
1 10 1
607
1 9 1
609
1 10 1
610
1 14 1
613
1 11 1
615
1 12 1
617
1 11 1
619
1 12 1
621
1 11 1
622
1 13 1
624
1 8 1
625
1 28 1
628
1 14 1
629
1 16 1
630
1 9 1
631
1 10 1
632
1 9 1
633
1 9 1
634
1 10 1
636
1 9 1
637
1 15 1
639
1 12 1
644
1 8 1
649
1 14 1
650
1 10 1
651
1 10 1
654
1 8 1
655
1 7 1
656
1 13 1
657
1 12 1
660
1 9 1
665
1 9 1
667
1 8 1
668
1 17 1
670
1 20 1
672
1 8 1
674
1 9 1
675
1 10 1
676
1 14 1
679
1 19 1
680
1 9 1
681
1 14 1
684
1 13 1
685
1 9 1
686
1 9 1
690
1 12 1
691
1 11 1
693
1 17 1
695
1 14 1
699
