500 358 775 20
29 26 15 35 17 22 31 33 21 20 36 24 29 26 37 40 38 28 18 16 16 19 33 36 16 37 23 29 21 18 30 14 22 32 31 29 36 29 34 23 15 22 21 12 26 24 25 31 13 38 16 37 17 35 37 12 36 39 36 29 19 36 22 40 12 40 24 16 22 24 12 37 37 26 35 26 34 35 18 14 34 25 27 34 20 40 32 34 26 28 18 17 40 28 23 40 25 24 35 22 39 14 33 20 33 12 19 11 14 11 13 11 33 21 36 35 19 34 35 17 39 30 30 34 38 36 27 27 12 31 21 37 12 39 18 35 18 23 23 30 33 11 34 16 26 39 20 30 39 13 12 16 32 23 33 35 40 13 17 30 21 24 38 30 33 24 20 16 23 18 36 28 28 18 35 22 27 33 14 26 12 36 22 12 19 20 21 34 28 38 23 19 40 29 16 14 39 38 32 39 39 38 37 27 28 36 38 34 38 21 17 28 26 32 21 18 31 33 16 37 12 22 24 38 34 29 35 38 29 25 22 28 28 25 20 26 34 15 16 21 40 40 22 13 29 37 34 22 32 30 31 37 32 13 26 17 21 27 39 35 19 19 33 21 33 28 14 39 15 31 29 20 12 21 11 19 39 20 11 38 16 32 19 31 36 18 18 35 22 40 20 33 32 13 31 31 32 22 20 13 40 16 31 13 15 36 12 33 39 38 14 26 31 11 36 17 24 23 24 28 37 32 17 14 35 17 32 29 22 20 21 15 36 16 33 33 15 31 15 29 25 35 18 31 24 18 32 29 37 27 32 37 24 26 13 24 21 24 24 17 13 28 40 17 39 32 31 13 31 33 27 28 37 25 37 40 21 24 38 28 23 25 35 35 36 30 27 36 15 37 37 29 20 31 40 29 23 33 33 29 39 32 35 40 32 25 33 17 15 25 16 26 12 16 28 28 25 30 40 36 17 29 18 15 24 39 34 34 27 12 24 16 15 34 19 31 34 29 37 37 23 23 22 32 16 40 20 21 33 27 24 35 11 40 34 30 14 19 36 18 20 20 22 24 25 38 28 38 21 23 37 12 35 16 31 24 17 17 19 38 36 15 26 33 30 24 31 25 29 24 24 22 20 11 32 15 38 18 21 37
19 16 5 25 7 12 21 23 11 10 26 14 19 16 27 30 28 18 8 6 6 9 23 26 6 27 13 19 11 8 20 4 12 22 21 19 26 19 24 13 5 12 11 2 16 14 15 21 3 28 6 27 7 25 27 2 26 29 26 19 9 26 12 30 2 30 14 6 12 14 2 27 27 16 25 16 24 25 8 4 24 15 17 24 10 30 22 24 16 18 8 7 30 18 13 30 15 14 25 12 29 4 23 10 23 2 9 1 4 1 3 1 23 11 26 25 9 24 25 7 29 20 20 24 28 26 17 17 2 21 11 27 2 29 8 25 8 13 13 20 23 1 24 6 16 29 10 20 29 3 2 6 22 13 23 25 30 3 7 20 11 14 28 20 23 14 10 6 13 8 26 18 18 8 25 12 17 23 4 16 2 26 12 2 9 10 11 24 18 28 13 9 30 19 6 4 29 28 22 29 29 28 27 17 18 26 28 24 28 11 7 18 16 22 11 8 21 23 6 27 2 12 14 28 24 19 25 28 19 15 12 18 18 15 10 16 24 5 6 11 30 30 12 3 19 27 24 12 22 20 21 27 22 3 16 7 11 17 29 25 9 9 23 11 23 18 4 29 5 21 19 10 2 11 1 9 29 10 1 28 6 22 9 21 26 8 8 25 12 30 10 23 22 3 21 21 22 12 10 3 30 6 21 3 5 26 2 23 29 28 4 16 21 1 26 7 14 13 14 18 27 22 7 4 25 7 22 19 12 10 11 5 26 6 23 23 5 21 5 19 15 25 8 21 14 8 22 19 27 17 22 27 14 16 3 14 11 14 14 7 3 18 30 7 29 22 21 3 21 23 17 18 27 15 27 30 11 14 28 18 13 15 25 25 26 20 17 26 5 27 27 19 10 21 30 19 13 23 23 19 29 22 25 30 22 15 23 7 5 15 6 16 2 6 18 18 15 20 30 26 7 19 8 5 14 29 24 24 17 2 14 6 5 24 9 21 24 19 27 27 13 13 12 22 6 30 10 11 23 17 14 25 1 30 24 20 4 9 26 8 10 10 12 14 15 28 18 28 11 13 27 2 25 6 21 14 7 7 9 28 26 5 16 23 20 14 21 15 19 14 14 12 10 1 22 5 28 8 11 27
0 15 1
382
0 5 4
164 88 75 150
0 5 3
443 122 463
0 20 2
385 34
0 9 3
446 276 290
0 5 2
25 247
0 5 3
336 438 182
0 6 1
311
0 15 1
30
0 14 1
241
0 5 5
136 282 357 184 460
0 12 1
274
0 7 3
225 377 417
0 7 3
4 49 430
0 5 3
312 362 53
0 4 5
457 174 216 246 6
0 5 3
181 235 428
0 7 4
310 82 76 409
0 7 3
162 328 209
0 5 2
185 381
0 9 4
108 187 226 0
0 9 1
167
0 5 4
237 400 189 353
0 8 2
138 429
0 6 5
413 410 240 195 208
0 6 3
481 40 452
0 19 2
190 387
0 10 1
406
0 8 2
358 368
0 7 3
329 412 450
0 5 2
158 38
0 8 2
99 301
0 12 2
249 314
0 18 2
439 133
0 17 1
228
0 7 4
79 63 277 482
0 5 3
100 339 435
0 13 3
303 10 344
0 7 5
68 1 360 200 146
0 8 1
396
0 5 6
245 87 244 340 401 112
0 9 3
24 372 59
0 6 4
366 29 110 346
0 13 1
41
0 5 6
67 477 393 272 123 15
0 6 3
173 304 156
0 10 2
407 441
0 8 3
478 405 451
0 6 5
447 206 351 279 425
0 6 2
163 55
0 7 1
83
0 10 2
186 347
0 6 3
239 104 283
0 11 2
403 157
0 15 1
80
0 5 4
345 129 388 57
0 11 1
273
0 9 3
86 392 348
0 9 3
499 423 262
0 6 5
215 124 488 404 18
0 15 2
325 217
0 5 2
391 323
0 11 2
308 170
0 6 3
220 236 115
0 10 3
97 180 414
0 8 2
151 263
0 7 1
105
0 6 3
56 299 175
0 5 6
149 66 480 89 188 338
0 11 1
227
0 6 3
42 307 257
0 5 3
14 11 494
0 7 1
205
0 5 4
448 376 285 199
0 7 4
140 313 424 22
1 15 1
2
1 16 1
3
1 18 1
5
1 10 1
7
1 21 1
8
1 22 1
9
1 17 1
12
1 10 2
13 36
1 12 1
16
1 31 1
17
1 20 1
19
1 16 1
20
1 10 1
21
1 22 2
23 493
1 18 1
26
1 13 1
27
1 12 1
28
1 11 1
31
1 20 2
32 281
1 15 1
33
1 12 1
35
1 22 1
37
1 10 1
39
1 20 1
43
1 19 1
44
1 24 1
45
1 11 1
46
1 20 1
47
1 17 1
48
1 21 1
50
1 14 1
51
1 13 1
52
1 13 1
54
1 14 1
58
1 15 1
60
1 10 1
61
1 20 1
62
1 17 1
64
1 13 1
65
1 12 1
69
1 13 1
70
1 14 1
71
1 15 1
72
1 12 1
73
1 19 1
74
1 16 1
77
1 13 1
78
1 11 2
81 166
1 23 1
84
1 10 1
85
1 11 1
90
1 15 1
91
1 23 1
92
1 24 1
93
1 16 1
94
1 19 1
95
1 11 2
96 459
1 27 1
98
1 12 1
101
1 13 1
102
1 11 1
103
1 12 1
106
1 18 1
107
1 24 1
109
1 11 1
111
1 21 1
113
1 16 1
114
1 12 1
116
1 12 1
117
1 18 1
118
1 14 1
119
1 14 1
120
1 12 1
121
1 13 1
125
1 11 1
126
1 22 1
127
1 10 2
128 280
1 18 1
130
1 13 1
131
1 14 1
132
1 16 1
134
1 10 1
135
1 13 1
137
1 11 1
139
1 17 1
141
1 19 1
142
1 15 1
143
1 14 1
144
1 12 1
145
1 11 1
147
1 15 2
148 284
1 10 2
152 334
1 16 1
153
1 20 1
154
1 11 1
155
1 12 1
159
1 29 1
160
1 18 1
161
1 15 2
165 260
1 23 1
168
1 15 1
169
1 11 1
171
1 16 1
172
1 14 1
176
1 24 1
177
1 23 1
178
1 27 1
179
1 14 1
183
1 14 1
191
1 14 1
192
1 18 1
193
1 12 1
194
1 19 1
196
1 15 1
197
1 16 1
198
1 10 1
201
1 16 1
202
1 13 1
203
1 10 1
204
1 25 1
207
1 20 1
210
1 16 1
211
1 17 1
212
1 22 1
213
1 9 1
214
1 13 1
218
1 12 1
219
1 20 1
221
1 11 1
222
1 30 1
223
1 19 1
224
1 25 1
229
1 12 1
230
1 11 1
231
1 12 1
232
1 26 1
233
1 12 1
234
1 21 1
238
1 11 1
242
1 16 1
243
1 18 1
248
1 14 1
250
1 14 1
251
1 13 1
252
1 18 1
253
1 17 1
254
1 10 1
255
1 18 1
256
1 16 1
258
1 13 1
259
1 20 1
261
1 18 1
264
1 20 1
265
1 16 1
266
1 18 1
267
1 17 1
268
1 18 1
269
1 20 2
270 458
1 12 1
271
1 24 1
275
1 26 1
278
1 16 1
286
1 11 1
287
1 11 1
288
1 16 1
289
1 19 2
291 442
1 19 1
292
1 20 1
293
1 18 1
294
1 13 1
295
1 29 1
296
1 13 1
297
1 16 1
298
1 14 1
300
1 10 1
302
1 24 1
305
1 14 1
306
1 13 1
309
1 11 1
315
1 16 1
316
1 12 1
317
1 19 2
318 332
1 14 1
319
1 11 1
320
1 14 1
321
1 16 1
322
1 11 1
324
1 12 1
326
1 13 1
327
1 14 1
330
1 27 1
331
1 16 1
333
1 25 1
335
1 22 1
337
1 12 1
341
1 10 1
342
1 13 1
343
1 10 1
349
1 23 1
350
1 14 1
352
1 13 1
354
1 20 1
355
1 11 1
356
1 14 1
359
1 11 1
361
1 14 1
363
1 11 1
364
1 15 1
365
1 17 1
367
1 12 1
369
1 12 1
370
1 13 1
371
1 24 1
373
1 15 1
374
1 21 1
375
1 15 1
378
1 10 1
379
1 19 1
380
1 12 1
383
1 12 1
384
1 10 1
386
1 19 1
389
1 19 1
390
1 19 1
394
1 14 1
395
1 14 1
397
1 10 1
398
1 15 1
399
1 20 1
402
1 19 1
408
1 14 1
411
1 11 1
415
1 18 1
416
1 17 1
418
1 17 1
419
1 11 1
420
1 12 1
421
1 13 1
422
1 29 1
426
1 10 1
427
1 16 1
431
1 11 1
432
1 20 1
433
1 11 1
434
1 20 1
436
1 13 1
437
1 17 1
440
1 12 1
444
1 15 1
445
1 13 1
449
1 11 1
453
1 9 1
454
1 15 1
455
1 21 1
456
1 13 1
461
1 21 1
462
1 20 1
464
1 22 1
465
1 22 1
466
1 11 1
467
1 21 1
468
1 13 1
469
1 13 1
470
1 14 1
471
1 26 1
472
1 15 1
473
1 12 1
474
1 12 1
475
1 19 1
476
1 14 1
479
1 14 1
483
1 17 1
484
1 10 1
485
1 30 1
486
1 14 1
487
1 14 1
489
1 20 1
490
1 10 1
491
1 13 1
492
1 24 1
495
1 13 1
496
1 23 1
497
1 17 1
498
