800 534 1240 18
13 32 19 20 15 11 11 29 12 37 16 38 22 35 21 34 24 22 17 19 36 13 20 40 38 25 11 18 23 32 13 31 26 12 35 35 18 21 13 35 13 22 27 24 12 16 12 14 23 21 15 13 18 21 27 34 15 24 17 38 29 31 11 26 19 37 21 34 14 37 19 14 14 27 36 30 11 15 17 25 21 33 21 25 24 12 15 29 39 13 24 12 30 24 31 14 24 39 30 40 40 14 32 35 36 36 38 38 24 22 33 18 40 20 28 32 18 12 11 40 38 22 19 23 33 16 36 29 35 33 37 24 18 15 18 11 38 22 18 18 24 32 19 36 28 18 32 17 28 33 20 38 20 28 40 37 15 19 23 39 39 29 16 33 31 36 23 26 28 29 26 30 20 37 40 21 30 18 21 40 28 37 29 38 14 25 16 33 28 33 15 31 17 29 24 20 40 28 35 20 34 22 40 33 33 24 40 19 33 19 31 34 33 35 14 16 37 14 38 22 29 25 15 15 21 18 24 21 32 26 19 30 11 29 23 22 17 17 19 15 30 24 13 27 22 18 40 40 31 40 35 20 26 18 35 23 11 38 24 21 36 35 37 21 33 11 23 36 25 14 30 39 12 23 18 38 37 27 40 35 31 37 24 11 31 20 30 40 39 22 35 13 16 27 18 34 40 27 24 25 13 32 11 38 40 31 11 23 20 16 21 37 30 36 30 26 20 33 32 25 15 33 37 25 37 36 39 24 21 34 37 40 15 37 13 29 34 29 28 31 17 38 37 36 39 39 12 18 31 23 40 29 36 35 20 38 37 39 25 26 28 37 26 36 36 12 27 11 21 17 31 24 12 37 14 38 20 37 16 12 33 23 14 32 21 34 36 23 27 38 20 39 40 31 31 27 23 21 40 27 23 36 33 13 25 22 18 28 25 29 30 14 15 25 12 27 11 28 16 37 11 21 31 19 24 12 23 11 37 17 39 11 40 40 29 17 24 11 14 40 13 40 29 18 11 22 35 15 20 25 25 29 18 17 36 34 11 25 22 20 22 12 11 16 21 16 21 14 29 37 18 25 32 16 13 14 24 36 38 31 11 31 20 39 19 11 24 37 15 39 30 19 38 13 39 28 37 36 29 28 29 15 16 31 33 15 36 15 16 31 34 36 25 17 20 28 22 26 18 33 34 20 34 31 28 40 31 25 11 27 12 28 14 14 39 15 25 21 17 24 20 37 18 20 26 27 16 22 17 39 23 14 36 18 16 33 27 22 36 26 24 11 40 36 35 24 21 13 37 38 24 23 20 17 40 12 32 22 39 32 30 21 17 26 18 24 22 27 28 15 16 29 33 35 17 34 18 35 28 28 32 36 23 23 37 30 26 40 29 22 37 15 40 32 20 17 17 31 15 20 31 27 30 11 14 13 13 34 36 22 21 26 31 27 11 30 36 26 31 27 29 29 37 40 32 16 18 36 18 22 28 31 12 22 32 22 14 14 28 24 29 15 19 23 40 32 26 30 20 32 25 40 14 24 19 32 32 14 35 31 33 39 36 27 20 39 27 34 37 30 12 24 17 19 36 37 13 12 33 31 14 17 26 21 25 40 27 24 33 24 35 23 17 24 17 38 18 18 12 30 30 38 27 31 28 40 19 14 32 28 34 23 20 25 17 18 29 29 35 28 17 33 19 27 12 30 38 27 24 13 12 19 36 16 12 31 27 32 35 29 34 26 13 30 17 23 37 18 32 39 22 11 20 36 35 22 37 33 34 37 17 20 20 18 15 21 33 21 21 37 19 32 37 30 15 38 26 21 17 23
3 22 9 10 5 1 1 19 2 27 6 28 12 25 11 24 14 12 7 9 26 3 10 30 28 15 1 8 13 22 3 21 16 2 25 25 8 11 3 25 3 12 17 14 2 6 2 4 13 11 5 3 8 11 17 24 5 14 7 28 19 21 1 16 9 27 11 24 4 27 9 4 4 17 26 20 1 5 7 15 11 23 11 15 14 2 5 19 29 3 14 2 20 14 21 4 14 29 20 30 30 4 22 25 26 26 28 28 14 12 23 8 30 10 18 22 8 2 1 30 28 12 9 13 23 6 26 19 25 23 27 14 8 5 8 1 28 12 8 8 14 22 9 26 18 8 22 7 18 23 10 28 10 18 30 27 5 9 13 29 29 19 6 23 21 26 13 16 18 19 16 20 10 27 30 11 20 8 11 30 18 27 19 28 4 15 6 23 18 23 5 21 7 19 14 10 30 18 25 10 24 12 30 23 23 14 30 9 23 9 21 24 23 25 4 6 27 4 28 12 19 15 5 5 11 8 14 11 22 16 9 20 1 19 13 12 7 7 9 5 20 14 3 17 12 8 30 30 21 30 25 10 16 8 25 13 1 28 14 11 26 25 27 11 23 1 13 26 15 4 20 29 2 13 8 28 27 17 30 25 21 27 14 1 21 10 20 30 29 12 25 3 6 17 8 24 30 17 14 15 3 22 1 28 30 21 1 13 10 6 11 27 20 26 20 16 10 23 22 15 5 23 27 15 27 26 29 14 11 24 27 30 5 27 3 19 24 19 18 21 7 28 27 26 29 29 2 8 21 13 30 19 26 25 10 28 27 29 15 16 18 27 16 26 26 2 17 1 11 7 21 14 2 27 4 28 10 27 6 2 23 13 4 22 11 24 26 13 17 28 10 29 30 21 21 17 13 11 30 17 13 26 23 3 15 12 8 18 15 19 20 4 5 15 2 17 1 18 6 27 1 11 21 9 14 2 13 1 27 7 29 1 30 30 19 7 14 1 4 30 3 30 19 8 1 12 25 5 10 15 15 19 8 7 26 24 1 15 12 10 12 2 1 6 11 6 11 4 19 27 8 15 22 6 3 4 14 26 28 21 1 21 10 29 9 1 14 27 5 29 20 9 28 3 29 18 27 26 19 18 19 5 6 21 23 5 26 5 6 21 24 26 15 7 10 18 12 16 8 23 24 10 24 21 18 30 21 15 1 17 2 18 4 4 29 5 15 11 7 14 10 27 8 10 16 17 6 12 7 29 13 4 26 8 6 23 17 12 26 16 14 1 30 26 25 14 11 3 27 28 14 13 10 7 30 2 22 12 29 22 20 11 7 16 8 14 12 17 18 5 6 19 23 25 7 24 8 25 18 18 22 26 13 13 27 20 16 30 19 12 27 5 30 22 10 7 7 21 5 10 21 17 20 1 4 3 3 24 26 12 11 16 21 17 1 20 26 16 21 17 19 19 27 30 22 6 8 26 8 12 18 21 2 12 22 12 4 4 18 14 19 5 9 13 30 22 16 20 10 22 15 30 4 14 9 22 22 4 25 21 23 29 26 17 10 29 17 24 27 20 2 14 7 9 26 27 3 2 23 21 4 7 16 11 15 30 17 14 23 14 25 13 7 14 7 28 8 8 2 20 20 28 17 21 18 30 9 4 22 18 24 13 10 15 7 8 19 19 25 18 7 23 9 17 2 20 28 17 14 3 2 9 26 6 2 21 17 22 25 19 24 16 3 20 7 13 27 8 22 29 12 1 10 26 25 12 27 23 24 27 7 10 10 8 5 11 23 11 11 27 9 22 27 20 5 28 16 11 7 13
0 9 1
282
0 8 2
136 70
0 26 1
373
0 7 2
417 484
0 4 9
670 427 202 148 781 78 225 366 381
0 12 2
611 545
0 4 3
428 752 36
0 4 4
11 256 787 777
0 3 4
395 139 33 412
0 3 5
493 470 680 151 462
0 3 9
92 262 233 104 154 613 230 173 415
0 5 2
491 657
0 4 5
285 751 113 360 23
0 7 2
158 75
0 6 4
371 261 116 742
0 5 3
155 540 476
0 16 2
333 394
0 4 4
604 140 480 407
0 4 8
749 336 0 726 535 658 796 647
0 5 3
697 699 438
0 4 8
254 297 353 165 605 600 74 769
0 3 4
60 219 304 431
0 4 8
3 644 351 737 735 228 518 725
0 8 3
213 83 160
0 4 6
723 558 709 156 372 586
0 9 2
791 792
0 6 4
90 305 357 9
0 7 2
283 411
0 5 4
40 315 339 596
0 5 4
739 68 242 112
0 3 5
712 120 628 724 763
0 4 4
87 640 525 224
0 19 1
562
0 3 7
138 268 646 332 559 39 426
0 6 4
734 506 150 457
0 19 1
627
0 10 4
746 522 748 595
0 5 3
263 550 66
0 8 3
199 744 105
0 6 5
799 447 342 473 770
0 7 4
767 592 689 130
0 3 8
235 552 537 206 89 553 733 142
0 7 5
782 91 311 216 314
0 5 4
359 731 26 568
0 3 4
503 418 795 693
0 8 1
266
0 5 5
316 728 409 278 720
0 4 3
634 86 157
0 11 3
286 294 276
0 3 5
441 698 127 736 499
0 9 2
253 551
0 6 3
2 191 272
0 5 3
361 27 588
0 4 3
147 295 73
0 5 5
519 449 245 123 376
0 4 10
690 125 389 718 404 244 534 281 326 204
0 11 3
279 284 750
0 3 5
479 222 255 492 306
0 13 1
59
0 3 9
106 251 61 715 704 478 610 385 564
0 3 7
677 135 229 641 88 38 163
0 5 4
565 101 453 619
0 4 4
168 221 463 509
0 4 1
758
0 6 3
490 258 776
0 4 2
556 505
0 5 4
423 172 96 318
0 3 6
31 109 581 547 488 337
0 7 3
226 542 771
0 7 2
403 28
0 11 1
621
0 7 1
793
0 3 7
320 618 573 169 374 638 379
0 9 1
516
0 10 1
747
0 9 3
530 461 643
0 6 3
41 364 18
0 6 2
636 243
0 5 4
153 625 328 532
0 3 7
593 185 508 405 716 341 177
0 3 3
308 666 654
0 6 2
208 435
0 22 1
344
1 14 1
1
1 16 1
4
1 6 2
5 510
1 12 1
6
1 16 1
7
1 21 2
8 175
1 8 1
10
1 11 1
12
1 7 1
13
1 6 1
14
1 12 1
15
1 11 2
16 779
1 25 1
17
1 8 2
19 121
1 11 1
20
1 10 1
21
1 20 1
22
1 23 1
24
1 28 1
25
1 20 1
29
1 11 1
30
1 26 1
32
1 8 1
34
1 27 1
35
1 9 1
37
1 18 1
42
1 10 1
43
1 15 1
44
1 8 1
45
1 7 2
46 166
1 6 1
47
1 15 1
48
1 29 1
49
1 8 1
50
1 6 1
51
1 6 1
52
1 18 2
53 296
1 15 1
54
1 8 1
55
1 13 1
56
1 12 1
57
1 12 1
58
1 7 1
62
1 12 1
63
1 6 1
64
1 6 1
65
1 11 1
67
1 15 1
69
1 7 2
71 240
1 8 1
72
1 13 1
76
1 14 1
77
1 6 1
79
1 10 1
80
1 11 1
81
1 18 1
82
1 15 1
84
1 8 2
85 94
1 13 1
93
1 19 1
95
1 9 2
97 301
1 8 1
98
1 7 1
99
1 13 1
100
1 18 1
102
1 18 1
103
1 12 1
107
1 14 2
108 684
1 9 1
110
1 11 1
111
1 6 1
114
1 11 1
115
1 7 2
117 179
1 7 1
118
1 22 1
119
1 16 1
122
1 9 1
124
1 12 1
126
1 31 1
128
1 14 1
129
1 9 1
131
1 15 1
132
1 10 1
133
1 9 2
134 190
1 23 1
137
1 9 1
141
1 19 1
143
1 23 1
144
1 15 1
145
1 13 1
146
1 6 1
149
1 13 1
152
1 7 1
159
1 8 1
161
1 9 1
162
1 15 1
164
1 10 1
167
1 8 2
170 759
1 17 1
171
1 18 1
174
1 9 1
176
1 10 1
178
1 6 2
180 504
1 8 1
181
1 14 1
182
1 9 1
183
1 12 1
184
1 13 1
186
1 15 1
187
1 16 1
188
1 10 1
189
1 11 1
192
1 15 1
193
1 10 2
194 396
1 9 1
195
1 10 2
196 572
1 6 2
197 312
1 14 1
198
1 9 2
200 437
1 23 1
201
1 8 1
203
1 14 1
205
1 22 2
207 527
1 7 1
209
1 10 1
210
1 12 1
211
1 18 1
212
1 7 2
214 424
1 18 1
215
1 16 1
217
1 20 1
218
1 10 1
220
1 13 1
223
1 11 1
227
1 14 1
231
1 24 1
232
1 9 2
234 375
1 13 2
236 661
1 10 1
237
1 14 1
238
1 9 1
239
1 7 1
241
1 24 1
246
1 7 1
247
1 20 1
248
1 42 1
249
1 16 2
250 548
1 10 1
252
1 8 1
257
1 16 1
259
1 8 1
260
1 19 1
264
1 6 1
265
1 10 1
267
1 8 1
269
1 13 1
270
1 24 1
271
1 10 1
273
1 16 1
274
1 10 1
275
1 10 1
277
1 13 1
280
1 7 1
287
1 13 1
288
1 14 1
289
1 11 1
290
1 10 1
291
1 6 1
292
1 14 1
293
1 8 1
298
1 7 1
299
1 6 1
300
1 13 1
302
1 10 2
303 672
1 13 1
307
1 8 1
309
1 28 1
310
1 13 1
313
1 13 1
317
1 14 1
319
1 13 1
321
1 13 1
322
1 7 1
323
1 11 1
324
1 9 1
325
1 10 1
327
1 9 2
329 335
1 11 1
330
1 8 1
331
1 16 1
334
1 7 1
338
1 8 2
340 450
1 6 1
343
1 8 1
345
1 11 1
346
1 12 1
347
1 10 1
348
1 8 1
349
1 28 1
350
1 24 1
352
1 22 1
354
1 8 1
355
1 8 2
356 390
1 8 1
358
1 9 1
362
1 9 1
363
1 12 1
365
1 10 1
367
1 14 1
368
1 8 1
369
1 8 1
370
1 11 1
377
1 12 1
378
1 31 1
380
1 14 1
382
1 9 1
383
1 15 1
384
1 11 1
386
1 16 1
387
1 12 1
388
1 16 1
391
1 7 1
392
1 11 1
393
1 13 1
397
1 14 1
398
1 16 1
399
1 10 1
400
1 13 1
401
1 25 1
402
1 9 1
406
1 14 1
408
1 6 2
410 663
1 10 1
413
1 7 1
414
1 9 2
416 584
1 14 1
419
1 15 2
420 482
1 8 1
421
1 13 1
422
1 14 1
425
1 11 1
429
1 9 1
430
1 14 1
432
1 8 1
433
1 14 1
434
1 9 1
436
1 18 1
439
1 10 1
440
1 12 1
442
1 14 1
443
1 10 1
444
1 9 1
445
1 10 1
446
1 10 1
448
1 13 1
451
1 7 1
452
1 20 1
454
1 11 1
455
1 8 1
456
1 9 1
458
1 14 1
459
1 7 1
460
1 9 1
464
1 7 1
465
1 13 1
466
1 13 1
467
1 13 1
468
1 9 1
469
1 12 1
471
1 10 1
472
1 21 1
474
1 12 1
475
1 11 1
477
1 7 1
481
1 9 1
483
1 12 1
485
1 9 1
486
1 10 1
487
1 6 1
489
1 17 1
494
1 9 1
495
1 7 1
496
1 13 1
497
1 12 1
498
1 8 1
500
1 23 1
501
1 8 2
502 645
1 22 1
507
1 9 2
511 674
1 30 1
512
1 12 1
513
1 14 1
514
1 9 1
515
1 7 1
517
1 32 1
520
1 7 1
521
1 14 1
523
1 25 1
524
1 10 1
526
1 8 1
528
1 16 1
529
1 14 1
531
1 11 1
533
1 9 1
536
1 11 1
538
1 10 1
539
1 10 1
541
1 10 1
543
1 12 1
544
1 16 1
546
1 16 1
549
1 14 1
554
1 6 1
555
1 7 1
557
1 12 1
560
1 9 1
561
1 12 1
563
1 7 1
566
1 8 1
567
1 12 1
569
1 12 1
570
1 10 1
571
1 7 1
574
1 9 1
575
1 9 2
576 740
1 8 1
577
1 9 1
578
1 7 2
579 607
1 10 1
580
1 14 1
582
1 10 1
583
1 8 1
585
1 12 1
587
1 9 1
589
1 19 1
590
1 9 1
591
1 14 1
594
1 13 1
597
1 20 1
598
1 10 1
599
1 10 1
601
1 14 1
602
1 12 1
603
1 10 1
606
1 22 1
608
1 15 1
609
1 15 1
612
1 22 1
614
1 31 1
615
1 6 1
616
1 15 1
617
1 13 1
620
1 23 1
622
1 8 1
623
1 10 1
624
1 15 1
626
1 15 1
629
1 17 1
630
1 14 1
631
1 13 1
632
1 24 1
633
1 19 1
635
1 7 1
637
1 10 1
639
1 7 1
642
1 8 1
648
1 10 1
649
1 15 1
650
1 6 1
651
1 11 1
652
1 8 1
653
1 12 1
655
1 13 1
656
1 9 1
659
1 13 1
660
1 12 1
662
1 22 1
664
1 7 1
665
1 7 1
667
1 7 1
668
1 16 1
669
1 12 1
671
1 22 1
673
1 15 1
675
1 7 1
676
1 12 1
678
1 17 1
679
1 23 1
681
1 15 1
682
1 9 1
683
1 9 1
685
1 8 1
686
1 6 1
687
1 14 1
688
1 9 1
691
1 20 1
692
1 9 1
694
1 7 1
695
1 27 1
696
1 20 1
700
1 8 1
701
1 8 1
702
1 10 1
703
1 11 1
705
1 12 1
706
1 14 1
707
1 9 1
708
1 11 1
710
1 9 1
711
1 11 1
713
1 10 1
714
1 9 1
717
1 11 1
719
1 8 1
721
1 16 1
722
1 10 1
727
1 18 1
729
1 7 1
730
1 8 1
732
1 19 1
738
1 13 1
741
1 7 1
743
1 12 1
745
1 12 1
753
1 23 1
754
1 12 1
755
1 10 1
756
1 22 1
757
1 14 1
760
1 9 1
761
1 12 1
762
1 14 1
764
1 9 1
765
1 28 1
766
1 12 1
768
1 10 1
772
1 14 1
773
1 8 1
774
1 6 1
775
1 11 1
778
1 14 1
780
1 19 1
783
1 14 1
784
1 12 1
785
1 18 1
786
1 9 1
788
1 16 1
789
1 13 1
790
1 7 1
794
1 7 1
797
1 10 1
798
