300 235 465 20
11 35 27 26 24 29 32 31 29 34 39 35 37 14 16 21 30 31 16 20 34 26 15 24 26 24 13 38 36 27 35 24 15 34 34 28 22 17 26 33 25 38 13 25 33 38 22 25 31 20 15 19 14 33 40 38 40 40 24 31 14 36 24 19 32 25 38 37 17 16 40 27 29 36 33 36 11 16 23 32 32 18 33 31 29 39 29 24 25 14 23 33 20 18 20 38 23 18 23 40 18 12 39 38 39 22 22 39 35 14 23 32 39 18 13 35 21 19 35 31 23 34 32 28 31 11 21 20 14 24 15 15 38 37 17 13 24 14 20 11 26 18 37 32 22 11 25 24 20 16 39 40 18 28 38 20 18 18 18 23 26 25 14 29 39 32 12 13 20 24 15 30 28 21 24 24 28 13 38 20 11 17 25 34 28 11 23 39 38 15 23 40 20 18 23 37 33 16 31 14 36 26 16 35 25 34 11 16 24 28 32 34 35 15 11 29 13 16 30 34 18 33 38 19 32 20 35 15 36 21 16 25 15 31 40 39 22 26 27 21 33 37 20 24 37 12 24 11 20 26 24 12 14 16 40 11 30 31 32 22 30 17 24 21 13 34 39 40 31 26 16 30 25 25 37 35 38 19 17 37 39 12 35 19 34 13 23 33 27 26 18 14 31 22 14 34 20 23 17 33
1 25 17 16 14 19 22 21 19 24 29 25 27 4 6 11 20 21 6 10 24 16 5 14 16 14 3 28 26 17 25 14 5 24 24 18 12 7 16 23 15 28 3 15 23 28 12 15 21 10 5 9 4 23 30 28 30 30 14 21 4 26 14 9 22 15 28 27 7 6 30 17 19 26 23 26 1 6 13 22 22 8 23 21 19 29 19 14 15 4 13 23 10 8 10 28 13 8 13 30 8 2 29 28 29 12 12 29 25 4 13 22 29 8 3 25 11 9 25 21 13 24 22 18 21 1 11 10 4 14 5 5 28 27 7 3 14 4 10 1 16 8 27 22 12 1 15 14 10 6 29 30 8 18 28 10 8 8 8 13 16 15 4 19 29 22 2 3 10 14 5 20 18 11 14 14 18 3 28 10 1 7 15 24 18 1 13 29 28 5 13 30 10 8 13 27 23 6 21 4 26 16 6 25 15 24 1 6 14 18 22 24 25 5 1 19 3 6 20 24 8 23 28 9 22 10 25 5 26 11 6 15 5 21 30 29 12 16 17 11 23 27 10 14 27 2 14 1 10 16 14 2 4 6 30 1 20 21 22 12 20 7 14 11 3 24 29 30 21 16 6 20 15 15 27 25 28 9 7 27 29 2 25 9 24 3 13 23 17 16 8 4 21 12 4 24 10 13 7 23
0 14 1
291
0 5 1
93
0 11 1
281
0 10 2
17 52
0 8 3
158 177 216
0 18 2
142 274
0 7 4
16 4 19 125
0 18 3
28 171 234
0 11 2
148 143
0 11 1
283
0 11 3
240 139 56
0 10 3
120 102 197
0 23 1
21
0 9 2
94 255
0 11 4
252 218 66 209
0 8 1
187
0 4 2
76 141
0 8 1
113
0 11 1
208
0 9 2
297 83
0 7 4
239 101 220 133
0 16 1
128
0 7 2
277 242
0 7 5
299 162 59 140 199
0 11 2
137 40
0 13 1
145
0 7 3
179 188 294
0 14 1
163
0 11 2
267 228
0 19 2
58 33
0 11 2
235 146
0 14 1
12
0 7 3
77 238 184
0 10 2
123 149
0 16 1
114
0 11 1
278
0 8 1
298
0 7 1
213
0 12 3
109 246 212
0 8 1
227
0 9 1
263
0 7 1
30
0 19 1
192
0 9 1
230
0 13 4
284 79 103 248
0 10 1
157
0 11 4
176 26 95 63
0 9 2
193 247
0 11 2
8 45
0 8 3
60 210 206
0 8 2
49 138
0 7 1
47
0 13 1
156
0 2 2
166 189
1 26 2
295 154
0 11 2
191 243
0 10 2
251 257
0 10 4
200 67 219 5
0 10 1
276
0 8 3
250 289 259
0 13 1
74
0 9 2
203 73
0 10 2
71 75
0 7 2
31 86
1 27 1
0
1 15 1
1
1 22 1
2
1 16 1
3
1 20 1
6
1 16 1
7
1 16 1
9
1 29 1
10
1 16 1
11
1 15 1
13
1 27 1
14
1 24 1
15
1 13 1
18
1 25 1
20
1 27 2
22 296
1 17 1
23
1 15 2
24 65
1 16 1
25
1 21 1
27
1 23 1
29
1 23 1
32
1 18 1
34
1 26 2
35 80
1 19 1
36
1 24 1
37
1 29 1
38
1 16 1
39
1 19 1
41
1 20 1
42
1 20 1
43
1 18 1
44
1 22 1
46
1 34 1
48
1 25 1
50
1 29 1
51
1 15 1
53
1 22 1
54
1 39 1
55
1 25 1
57
1 21 1
61
1 19 1
62
1 18 1
64
1 26 1
68
1 6 1
69
1 36 1
70
1 19 1
72
1 19 1
78
1 22 1
81
1 18 1
82
1 15 1
84
1 25 1
85
1 22 1
87
1 22 1
88
1 30 1
89
1 19 1
90
1 28 1
91
1 19 1
92
1 20 1
96
1 26 1
97
1 26 1
98
1 20 1
99
1 17 1
100
1 25 1
104
1 17 1
105
1 20 1
106
1 18 1
107
1 15 1
108
1 17 1
110
1 30 1
111
1 18 1
112
1 18 1
115
1 18 1
116
1 15 1
117
1 24 1
118
1 21 1
119
1 22 1
121
1 21 1
122
1 18 1
124
1 20 1
126
1 19 1
127
1 18 1
129
1 13 1
130
1 14 1
131
1 20 1
132
1 16 1
134
1 23 1
135
1 22 1
136
1 20 1
144
1 30 1
147
1 25 1
150
1 16 1
151
1 17 1
152
1 18 1
153
1 21 1
155
1 23 1
159
1 18 1
160
1 20 1
161
1 22 1
164
1 29 1
165
1 22 1
167
1 21 1
168
1 14 1
169
1 20 1
170
1 21 1
172
1 24 1
173
1 21 1
174
1 20 1
175
1 27 1
178
1 9 1
180
1 16 1
181
1 21 1
182
1 25 1
183
1 17 1
185
1 23 1
186
1 24 1
190
1 31 1
194
1 22 1
195
1 20 1
196
1 19 1
198
1 30 1
201
1 19 1
202
1 29 1
204
1 18 1
205
1 20 1
207
1 15 1
211
1 21 1
214
1 11 1
215
1 29 1
217
1 23 1
221
1 30 1
222
1 15 1
223
1 19 1
224
1 19 1
225
1 31 1
226
1 19 1
229
1 21 1
231
1 18 1
232
1 15 1
233
1 20 1
236
1 21 1
237
1 19 1
241
1 18 1
244
1 23 1
245
1 18 1
249
1 20 1
253
1 32 1
254
1 17 1
256
1 19 1
258
1 28 1
260
1 23 1
261
1 38 1
262
1 18 1
264
1 27 1
265
1 25 1
266
1 25 1
268
1 35 1
269
1 18 1
270
1 14 1
271
1 9 1
272
1 18 1
273
1 28 1
275
1 32 1
279
1 20 1
280
1 23 1
282
1 22 1
285
1 18 1
286
1 14 1
287
1 27 1
288
1 18 1
290
1 22 1
292
1 19 1
293
