800 541 1240 18
37 28 38 30 33 11 11 22 16 12 11 17 37 22 17 13 32 27 20 15 17 24 11 37 23 19 38 17 29 24 14 33 13 18 11 26 30 16 33 24 16 34 38 29 28 14 11 35 36 11 12 27 18 27 25 18 21 36 14 36 35 40 19 26 34 24 12 22 28 28 16 13 37 26 16 22 29 19 38 21 25 40 26 24 15 18 28 25 23 35 28 32 31 19 40 19 27 33 27 17 19 23 11 16 18 13 39 20 31 35 17 28 17 18 30 30 24 23 29 34 17 33 26 31 22 26 37 38 22 36 37 12 31 24 14 27 19 16 17 14 37 16 11 13 16 27 17 18 18 31 16 12 39 13 13 26 37 27 28 39 14 16 18 26 23 15 17 31 14 32 30 34 39 15 15 31 37 35 39 24 39 39 14 38 31 29 28 20 14 12 30 29 18 28 19 19 35 16 20 21 37 40 30 19 25 30 26 39 21 31 26 38 38 39 31 39 25 34 11 31 21 32 13 23 12 26 11 29 25 17 17 14 29 16 40 18 36 23 16 23 27 14 27 25 18 34 22 30 31 25 15 13 39 24 34 14 34 32 36 39 22 30 17 24 11 15 22 14 36 17 36 35 18 12 17 23 28 27 21 30 32 34 18 31 32 27 40 39 31 21 17 12 29 35 19 22 18 25 35 39 15 26 34 23 17 13 13 20 23 17 18 25 39 11 19 24 38 29 33 11 19 32 34 18 24 37 12 13 34 40 25 19 13 34 31 29 28 40 25 32 34 19 29 28 40 19 37 14 37 39 22 20 14 12 30 20 30 25 14 18 12 35 16 19 29 21 19 26 31 24 20 30 11 33 26 32 35 37 14 15 11 31 35 40 24 34 25 34 38 12 22 15 33 18 37 24 19 21 27 24 16 29 15 39 14 19 21 26 35 15 12 17 25 16 35 38 31 34 17 17 19 22 27 36 40 20 21 27 16 24 14 25 14 20 38 31 15 24 21 37 36 14 24 16 36 37 36 11 11 26 11 31 30 21 19 19 22 20 32 24 27 39 34 12 22 29 14 22 39 26 17 25 38 39 23 12 14 23 37 40 40 36 25 25 24 12 24 24 17 38 27 19 38 29 26 20 30 31 23 37 19 20 22 18 40 18 21 33 18 20 26 33 11 14 22 16 13 29 13 19 21 28 12 12 28 27 36 16 28 16 28 36 32 23 23 15 23 14 40 26 36 21 14 39 24 17 24 26 15 21 39 21 11 38 16 15 12 16 39 18 13 27 37 15 17 26 27 30 25 12 29 28 22 17 29 20 27 19 31 18 24 17 21 33 25 20 34 25 17 40 40 19 39 15 34 38 25 36 22 37 27 26 34 28 24 36 40 14 36 28 11 36 19 34 31 23 33 15 14 37 38 22 13 35 26 39 26 22 16 28 35 30 11 26 29 14 35 21 22 27 17 21 12 28 21 34 23 20 34 33 34 24 30 32 14 30 20 28 21 35 28 37 37 30 33 33 40 33 12 15 32 15 18 13 33 16 31 37 17 29 15 15 18 29 32 40 30 40 39 36 24 30 32 17 39 15 27 26 26 11 20 31 40 22 13 26 29 29 26 13 16 38 25 30 40 19 24 37 27 31 39 22 20 24 39 33 28 36 28 39 35 40 33 37 17 24 30 34 36 15 20 27 14 11 28 17 34 27 19 26 30 40 15 18 29 24 32 38 12 26 20 19 36 40 24 35 19 12 25 19 20 24 37 30 15 31 33 40 27 28 32 17 39 28 38 15 11 15 29 28 13 39 27 22 16 20 35 20 25 36
27 18 28 20 23 1 1 12 6 2 1 7 27 12 7 3 22 17 10 5 7 14 1 27 13 9 28 7 19 14 4 23 3 8 1 16 20 6 23 14 6 24 28 19 18 4 1 25 26 1 2 17 8 17 15 8 11 26 4 26 25 30 9 16 24 14 2 12 18 18 6 3 27 16 6 12 19 9 28 11 15 30 16 14 5 8 18 15 13 25 18 22 21 9 30 9 17 23 17 7 9 13 1 6 8 3 29 10 21 25 7 18 7 8 20 20 14 13 19 24 7 23 16 21 12 16 27 28 12 26 27 2 21 14 4 17 9 6 7 4 27 6 1 3 6 17 7 8 8 21 6 2 29 3 3 16 27 17 18 29 4 6 8 16 13 5 7 21 4 22 20 24 29 5 5 21 27 25 29 14 29 29 4 28 21 19 18 10 4 2 20 19 8 18 9 9 25 6 10 11 27 30 20 9 15 20 16 29 11 21 16 28 28 29 21 29 15 24 1 21 11 22 3 13 2 16 1 19 15 7 7 4 19 6 30 8 26 13 6 13 17 4 17 15 8 24 12 20 21 15 5 3 29 14 24 4 24 22 26 29 12 20 7 14 1 5 12 4 26 7 26 25 8 2 7 13 18 17 11 20 22 24 8 21 22 17 30 29 21 11 7 2 19 25 9 12 8 15 25 29 5 16 24 13 7 3 3 10 13 7 8 15 29 1 9 14 28 19 23 1 9 22 24 8 14 27 2 3 24 30 15 9 3 24 21 19 18 30 15 22 24 9 19 18 30 9 27 4 27 29 12 10 4 2 20 10 20 15 4 8 2 25 6 9 19 11 9 16 21 14 10 20 1 23 16 22 25 27 4 5 1 21 25 30 14 24 15 24 28 2 12 5 23 8 27 14 9 11 17 14 6 19 5 29 4 9 11 16 25 5 2 7 15 6 25 28 21 24 7 7 9 12 17 26 30 10 11 17 6 14 4 15 4 10 28 21 5 14 11 27 26 4 14 6 26 27 26 1 1 16 1 21 20 11 9 9 12 10 22 14 17 29 24 2 12 19 4 12 29 16 7 15 28 29 13 2 4 13 27 30 30 26 15 15 14 2 14 14 7 28 17 9 28 19 16 10 20 21 13 27 9 10 12 8 30 8 11 23 8 10 16 23 1 4 12 6 3 19 3 9 11 18 2 2 18 17 26 6 18 6 18 26 22 13 13 5 13 4 30 16 26 11 4 29 14 7 14 16 5 11 29 11 1 28 6 5 2 6 29 8 3 17 27 5 7 16 17 20 15 2 19 18 12 7 19 10 17 9 21 8 14 7 11 23 15 10 24 15 7 30 30 9 29 5 24 28 15 26 12 27 17 16 24 18 14 26 30 4 26 18 1 26 9 24 21 13 23 5 4 27 28 12 3 25 16 29 16 12 6 18 25 20 1 16 19 4 25 11 12 17 7 11 2 18 11 24 13 10 24 23 24 14 20 22 4 20 10 18 11 25 18 27 27 20 23 23 30 23 2 5 22 5 8 3 23 6 21 27 7 19 5 5 8 19 22 30 20 30 29 26 14 20 22 7 29 5 17 16 16 1 10 21 30 12 3 16 19 19 16 3 6 28 15 20 30 9 14 27 17 21 29 12 10 14 29 23 18 26 18 29 25 30 23 27 7 14 20 24 26 5 10 17 4 1 18 7 24 17 9 16 20 30 5 8 19 14 22 28 2 16 10 9 26 30 14 25 9 2 15 9 10 14 27 20 5 21 23 30 17 18 22 7 29 18 28 5 1 5 19 18 3 29 17 12 6 10 25 10 15 26
0 5 2
205 479
0 6 1
196
0 4 5
173 232 685 99 585
0 4 5
567 525 248 658 770
0 12 1
713
0 3 7
673 698 332 610 440 526 778
0 4 7
92 316 590 614 37 645 9
0 11 3
317 237 264
0 12 1
136
0 11 1
231
0 10 3
315 373 389
0 11 2
350 513
0 3 5
4 694 150 739 759
0 6 4
480 416 24 447
0 5 3
676 654 723
0 12 1
392
0 3 9
119 418 423 502 32 73 489 194 488
0 6 4
653 67 349 63
0 4 4
276 368 617 388
0 4 4
198 244 239 458
0 8 1
706
0 3 7
799 473 727 595 303 605 583
0 3 8
353 342 235 444 344 761 184 728
0 12 1
571
0 5 1
503
0 4 2
101 147
0 4 4
57 566 693 740
0 5 4
382 621 35 741
0 3 6
151 182 507 745 152 6
0 10 3
773 356 449
0 4 9
562 504 485 206 538 185 753 542 497
0 7 1
581
0 4 5
98 500 186 400 340
0 8 2
642 394
0 15 2
118 380
0 4 3
493 780 268
0 3 5
417 496 146 83 134
0 6 3
508 364 42
0 3 7
224 55 421 287 433 757 75
0 4 8
786 329 787 358 49 54 320 396
0 3 5
199 294 648 544 393
0 5 2
641 451
0 7 4
221 718 274 142
0 18 2
455 346
0 4 7
370 620 689 638 97 74 36
0 4 7
413 314 29 379 347 240 95
0 6 4
551 5 597 563
0 6 3
326 633 716
0 6 1
462
0 3 3
302 701 391
0 8 2
115 341
0 4 5
279 514 96 752 53
0 3 5
372 747 79 366 203
0 13 4
636 797 564 383
0 5 6
420 335 258 649 537 220
0 13 1
200
0 5 4
516 565 71 688
0 5 5
475 103 639 202 122
0 4 5
197 472 437 153 592
0 4 5
771 717 484 51 124
0 6 4
65 680 100 587
0 5 4
292 272 424 387
0 6 4
696 33 729 227
0 7 1
487
0 8 2
755 410
0 14 1
218
0 5 8
64 731 295 0 265 733 261 652
0 4 2
313 319
0 3 4
666 453 555 275
0 9 2
535 600
0 8 2
397 111
0 8 3
3 477 291
0 7 1
774
0 9 1
80
0 7 3
683 217 48
0 4 5
573 767 748 626 427
0 3 7
461 776 430 61 534 132 677
0 3 4
10 703 260 371
0 11 2
143 660
0 8 4
568 288 749 714
0 3 3
725 795 560
0 6 2
529 242
0 18 1
715
0 7 2
594 794
0 4 5
157 644 233 704 743
0 8 4
245 114 16 630
0 11 2
141 46
0 7 2
519 7
0 6 1
482
0 4 5
520 593 339 162 187
1 18 1
1
1 17 1
2
1 15 1
8
1 13 1
11
1 8 1
12
1 7 1
13
1 11 1
14
1 10 1
15
1 8 1
17
1 10 1
18
1 15 1
19
1 14 1
20
1 6 1
21
1 11 1
22
1 14 1
23
1 8 1
25
1 9 1
26
1 10 1
27
1 12 2
28 711
1 8 1
30
1 14 1
31
1 9 1
34
1 11 1
38
1 12 1
39
1 9 1
40
1 9 1
41
1 7 1
43
1 13 1
44
1 15 1
45
1 19 1
47
1 8 1
50
1 7 1
52
1 11 1
56
1 10 1
58
1 10 1
59
1 15 1
60
1 12 1
62
1 19 1
66
1 10 1
68
1 9 1
69
1 18 1
70
1 9 1
72
1 11 1
76
1 12 1
77
1 15 1
78
1 13 1
81
1 10 1
82
1 9 2
84 85
1 16 1
86
1 7 1
87
1 9 1
88
1 26 1
89
1 12 1
90
1 7 1
91
1 10 1
93
1 15 2
94 530
1 20 1
102
1 10 2
104 442
1 9 1
105
1 8 1
106
1 18 1
107
1 9 2
108 113
1 18 1
109
1 9 1
110
1 11 1
112
1 9 1
116
1 9 1
117
1 9 1
120
1 6 1
121
1 12 1
123
1 16 1
125
1 11 1
126
1 10 1
127
1 9 2
128 137
1 12 1
129
1 7 1
130
1 11 1
131
1 8 1
133
1 10 1
135
1 11 2
138 584
1 17 1
139
1 8 1
140
1 6 2
144 432
1 8 1
145
1 16 1
148
1 13 1
149
1 6 1
154
1 12 1
155
1 10 2
156 253
1 12 2
158 691
1 13 1
159
1 10 1
160
1 7 1
161
1 8 1
163
1 8 1
164
1 14 2
165 777
1 7 1
166
1 15 1
167
1 16 1
168
1 7 1
169
1 10 1
170
1 7 2
171 439
1 14 1
172
1 11 2
174 586
1 8 1
175
1 6 2
176 697
1 9 1
177
1 11 1
178
1 11 1
179
1 10 1
180
1 14 1
181
1 20 1
183
1 6 1
188
1 10 1
189
1 9 1
190
1 10 2
191 750
1 11 1
192
1 11 1
193
1 10 1
195
1 15 1
201
1 8 1
204
1 6 1
207
1 9 1
208
1 11 1
209
1 8 1
210
1 24 1
211
1 11 2
212 720
1 15 1
213
1 11 1
214
1 10 1
215
1 17 1
216
1 10 1
219
1 11 1
222
1 11 1
223
1 12 1
225
1 8 1
226
1 7 1
228
1 15 1
229
1 10 1
230
1 14 1
234
1 15 1
236
1 11 1
238
1 19 1
241
1 7 1
243
1 8 1
246
1 7 2
247 552
1 12 1
249
1 9 1
250
1 8 1
251
1 9 1
252
1 14 1
254
1 17 1
255
1 8 1
256
1 8 2
257 459
1 18 1
259
1 10 1
262
1 6 1
263
1 8 1
266
1 16 1
267
1 8 1
269
1 18 1
270
1 12 1
271
1 8 1
273
1 10 1
277
1 9 1
278
1 18 1
280
1 10 1
281
1 19 1
282
1 11 1
283
1 8 1
284
1 8 1
285
1 16 1
286
1 9 1
289
1 10 1
290
1 6 1
293
1 12 1
296
1 7 1
297
1 13 1
298
1 8 1
299
1 17 1
300
1 8 1
301
1 9 1
304
1 9 1
305
1 6 1
306
1 9 1
307
1 13 1
308
1 13 1
309
1 6 1
310
1 8 1
311
1 9 1
312
1 8 2
318 334
1 19 1
321
1 16 1
322
1 11 1
323
1 7 1
324
1 17 1
325
1 11 1
327
1 7 1
328
1 8 1
330
1 10 1
331
1 10 2
333 618
1 9 1
336
1 21 1
337
1 7 1
338
1 11 1
343
1 10 1
345
1 15 1
348
1 12 1
351
1 20 1
352
1 28 1
354
1 7 1
355
1 9 1
357
1 15 1
359
1 24 1
360
1 8 1
361
1 13 1
362
1 17 1
363
1 8 1
365
1 11 1
367
1 14 1
369
1 8 1
374
1 13 1
375
1 15 1
376
1 30 1
377
1 8 1
378
1 12 1
381
1 12 1
384
1 15 1
385
1 16 1
386
1 14 1
390
1 12 1
395
1 15 1
398
1 22 1
399
1 17 1
401
1 11 1
402
1 9 1
403
1 16 1
404
1 13 1
405
1 13 1
406
1 9 1
407
1 11 1
408
1 16 1
409
1 8 1
411
1 11 1
412
1 13 1
414
1 7 1
415
1 9 1
419
1 12 2
422 656
1 7 1
425
1 7 1
426
1 11 1
428
1 19 1
429
1 15 1
431
1 8 1
434
1 10 1
435
1 15 1
436
1 10 1
438
1 7 1
441
1 7 1
443
1 15 1
445
1 9 1
446
1 10 1
448
1 15 1
450
1 14 1
452
1 17 1
454
1 7 1
456
1 11 1
457
1 9 1
460
1 11 1
463
1 11 1
464
1 8 1
465
1 9 1
466
1 7 2
467 470
1 13 1
468
1 21 1
469
1 16 1
471
1 10 1
474
1 15 1
476
1 8 1
478
1 16 1
481
1 9 1
483
1 8 1
486
1 14 1
490
1 23 1
491
1 8 1
492
1 6 1
494
1 17 1
495
1 15 1
498
1 9 1
499
1 10 1
501
1 27 1
505
1 21 1
506
1 10 1
509
1 11 1
510
1 10 1
511
1 10 1
512
1 15 1
515
1 7 1
517
1 7 1
518
1 15 1
521
1 10 1
522
1 9 1
523
1 8 2
524 792
1 16 1
527
1 8 1
528
1 8 1
531
1 10 1
532
1 14 1
533
1 10 1
536
1 8 1
539
1 9 1
540
1 13 1
541
1 14 1
543
1 14 1
545
1 7 1
546
1 12 1
547
1 13 1
548
1 16 1
549
1 7 1
550
1 9 1
553
1 14 1
554
1 6 1
556
1 9 1
557
1 12 1
558
1 12 1
559
1 7 1
561
1 7 1
569
1 8 1
570
1 9 1
572
1 15 1
574
1 9 1
575
1 9 1
576
1 7 1
577
1 9 1
578
1 16 1
579
1 20 1
580
1 9 1
582
1 7 1
588
1 8 1
589
1 7 1
591
1 10 1
596
1 21 1
598
1 25 1
599
1 15 1
601
1 7 1
602
1 14 1
603
1 11 1
604
1 12 1
606
1 13 1
607
1 9 1
608
1 21 1
609
1 18 1
611
1 15 1
612
1 14 1
613
1 8 2
615 707
1 8 1
616
1 7 1
619
1 7 1
622
1 7 1
623
1 7 1
624
1 17 1
625
1 15 1
627
1 14 1
628
1 8 1
629
1 11 1
631
1 10 1
632
1 7 1
634
1 14 1
635
1 9 1
637
1 14 1
640
1 10 1
643
1 12 1
646
1 7 1
647
1 6 1
650
1 19 1
651
1 11 1
655
1 10 1
657
1 8 1
659
1 14 1
661
1 17 1
662
1 13 1
663
1 24 1
664
1 8 1
665
1 8 1
667
1 11 1
668
1 16 1
669
1 13 1
670
1 18 1
671
1 11 1
672
1 8 1
674
1 8 1
675
1 9 1
678
1 24 1
679
1 11 1
681
1 13 1
682
1 18 1
684
1 22 1
686
1 9 1
687
1 6 1
690
1 9 1
692
1 10 1
695
1 7 1
699
1 8 1
700
1 12 1
702
1 9 1
705
1 10 1
708
1 9 1
709
1 11 1
710
1 14 1
712
1 16 1
719
1 12 1
721
1 18 1
722
1 9 1
724
1 12 1
726
1 6 1
730
1 13 1
732
1 14 1
734
1 30 1
735
1 17 1
736
1 13 1
737
1 8 1
738
1 22 1
742
1 21 1
744
1 14 1
746
1 11 1
751
1 14 1
754
1 11 1
756
1 12 1
758
1 9 1
760
1 13 1
762
1 18 1
763
1 11 1
764
1 15 1
765
1 11 1
766
1 13 1
768
1 11 1
769
1 7 1
772
1 13 1
775
1 9 1
779
1 7 1
781
1 8 1
782
1 10 1
783
1 23 1
784
1 12 1
785
1 15 1
788
1 14 1
789
1 7 1
790
1 24 1
791
1 6 1
793
1 16 1
796
1 13 1
798
