500 368 775 20
38 13 35 35 40 19 19 24 13 23 37 20 14 39 39 33 11 40 40 21 20 35 16 33 18 34 20 15 37 33 25 37 15 13 12 40 30 29 39 21 40 40 16 18 24 28 21 33 21 36 11 15 14 16 16 17 16 11 37 34 35 25 21 20 27 26 16 28 12 28 20 14 35 17 21 31 22 36 23 19 11 21 37 36 34 32 39 15 28 38 39 17 35 15 16 24 17 23 25 19 21 11 31 18 40 31 30 24 20 39 39 37 36 36 30 14 31 34 21 31 27 38 35 23 28 12 36 14 31 38 22 15 19 14 31 36 21 30 27 22 16 28 30 30 21 39 12 36 14 31 16 26 34 30 26 12 12 24 23 31 39 26 24 19 25 23 22 40 24 34 21 36 22 24 26 40 26 13 38 16 13 35 23 20 15 14 39 13 24 24 38 12 40 16 11 37 23 36 15 11 38 22 25 31 22 24 26 33 26 22 36 23 37 38 24 30 27 27 14 24 16 28 32 17 22 35 32 24 30 32 29 11 25 39 14 11 18 15 19 22 27 32 13 39 38 34 23 40 33 20 30 24 31 34 26 25 33 26 22 39 11 30 22 18 28 15 22 36 19 34 20 18 29 26 30 33 13 27 24 16 26 14 35 35 40 39 29 34 17 19 36 35 15 29 24 28 15 40 15 25 38 13 24 31 35 24 22 20 24 19 34 24 35 27 13 13 34 12 26 28 26 32 32 32 11 17 38 27 13 29 18 18 22 22 38 25 35 28 38 24 38 19 18 13 28 15 11 26 33 21 12 14 35 12 31 28 38 30 33 27 39 27 25 28 28 17 19 24 19 27 18 36 23 13 19 18 19 32 28 23 16 22 17 30 27 31 29 32 27 14 30 18 22 13 36 22 38 32 37 27 33 29 26 27 37 26 25 24 38 31 27 38 22 12 20 24 39 18 30 38 25 36 28 29 35 12 26 34 26 35 33 20 33 16 20 21 22 18 19 28 22 20 11 22 18 27 23 14 16 12 39 27 25 26 23 38 11 25 12 13 11 14 20 19 39 11 33 16 23 31 18 14 23 38 30 32 26 26 16 15 29 39 29 11 24 33 39 26 12 19 21 32 21 20 39 21 23 36 40 14
28 3 25 25 30 9 9 14 3 13 27 10 4 29 29 23 1 30 30 11 10 25 6 23 8 24 10 5 27 23 15 27 5 3 2 30 20 19 29 11 30 30 6 8 14 18 11 23 11 26 1 5 4 6 6 7 6 1 27 24 25 15 11 10 17 16 6 18 2 18 10 4 25 7 11 21 12 26 13 9 1 11 27 26 24 22 29 5 18 28 29 7 25 5 6 14 7 13 15 9 11 1 21 8 30 21 20 14 10 29 29 27 26 26 20 4 21 24 11 21 17 28 25 13 18 2 26 4 21 28 12 5 9 4 21 26 11 20 17 12 6 18 20 20 11 29 2 26 4 21 6 16 24 20 16 2 2 14 13 21 29 16 14 9 15 13 12 30 14 24 11 26 12 14 16 30 16 3 28 6 3 25 13 10 5 4 29 3 14 14 28 2 30 6 1 27 13 26 5 1 28 12 15 21 12 14 16 23 16 12 26 13 27 28 14 20 17 17 4 14 6 18 22 7 12 25 22 14 20 22 19 1 15 29 4 1 8 5 9 12 17 22 3 29 28 24 13 30 23 10 20 14 21 24 16 15 23 16 12 29 1 20 12 8 18 5 12 26 9 24 10 8 19 16 20 23 3 17 14 6 16 4 25 25 30 29 19 24 7 9 26 25 5 19 14 18 5 30 5 15 28 3 14 21 25 14 12 10 14 9 24 14 25 17 3 3 24 2 16 18 16 22 22 22 1 7 28 17 3 19 8 8 12 12 28 15 25 18 28 14 28 9 8 3 18 5 1 16 23 11 2 4 25 2 21 18 28 20 23 17 29 17 15 18 18 7 9 14 9 17 8 26 13 3 9 8 9 22 18 13 6 12 7 20 17 21 19 22 17 4 20 8 12 3 26 12 28 22 27 17 23 19 16 17 27 16 15 14 28 21 17 28 12 2 10 14 29 8 20 28 15 26 18 19 25 2 16 24 16 25 23 10 23 6 10 11 12 8 9 18 12 10 1 12 8 17 13 4 6 2 29 17 15 16 13 28 1 15 2 3 1 4 10 9 29 1 23 6 13 21 8 4 13 28 20 22 16 16 6 5 19 29 19 1 14 23 29 16 2 9 11 22 11 10 29 11 13 26 30 4
0 6 3
228 492 55
0 19 1
387
0 14 3
256 419 284
0 13 3
383 252 487
0 7 2
466 56
0 13 3
140 221 186
0 5 2
32 437
0 12 1
267
0 7 2
81 427
0 7 3
236 127 217
0 5 1
156
0 5 2
162 411
0 11 1
304
0 7 2
16 389
0 9 2
200 17
0 16 1
355
0 6 2
11 232
0 18 1
89
0 6 2
220 184
0 8 2
112 385
0 5 4
66 248 188 482
0 4 2
230 368
0 9 2
218 360
0 6 4
371 113 149 199
0 14 1
160
0 8 2
291 28
0 6 4
192 407 181 423
0 10 1
131
0 5 3
46 225 95
0 10 2
445 78
0 4 4
452 119 319 457
0 4 4
303 376 1 75
0 20 1
257
0 7 4
31 167 471 172
0 10 1
147
0 11 2
109 177
0 4 4
79 34 377 472
0 8 3
144 178 61
0 8 1
352
0 12 2
138 390
0 6 3
42 223 442
0 7 1
486
0 8 3
443 332 185
0 7 3
315 338 77
0 15 1
432
0 15 1
180
0 15 2
275 269
0 7 1
271
0 12 2
142 175
0 5 6
373 9 7 378 190 76
0 9 2
316 320
0 9 2
87 422
0 11 1
182
0 6 3
72 417 425
0 14 1
255
0 6 2
264 488
0 7 1
366
0 3 3
328 382 359
0 11 3
86 189 370
0 6 2
41 99
0 13 2
306 197
0 13 3
103 126 243
0 8 5
381 116 464 485 206
0 14 2
37 159
0 10 2
346 19
0 7 2
448 224
0 8 2
297 365
0 5 4
226 193 296 330
0 6 3
238 456 64
0 4 5
357 45 361 337 211
0 8 2
412 262
0 5 4
120 207 234 300
0 9 1
170
0 9 5
92 242 481 451 394
0 5 4
14 416 176 342
0 6 4
424 477 281 494
0 5 5
260 286 325 288 196
0 6 2
459 249
0 5 3
462 94 341
1 13 2
0 108
1 19 1
2
1 20 1
3
1 17 1
4
1 22 1
5
1 28 1
6
1 17 1
8
1 18 1
10
1 18 2
12 152
1 24 1
13
1 13 1
15
1 18 1
18
1 23 1
20
1 15 2
21 67
1 12 1
22
1 16 2
23 490
1 10 1
24
1 18 1
25
1 10 2
26 191
1 22 1
27
1 20 1
29
1 9 1
30
1 12 1
33
1 26 1
35
1 21 1
36
1 12 1
38
1 12 1
39
1 10 1
40
1 13 2
43 435
1 12 2
44 294
1 9 1
47
1 17 1
48
1 21 1
49
1 26 1
50
1 12 1
51
1 14 1
52
1 11 1
53
1 9 1
54
1 24 1
57
1 26 1
58
1 34 1
59
1 13 2
60 398
1 21 1
62
1 12 2
63 194
1 17 1
65
1 19 2
68 290
1 22 1
69
1 13 1
70
1 13 1
71
1 8 2
73 128
1 14 2
74 480
1 14 1
80
1 19 1
82
1 22 1
83
1 22 1
84
1 26 1
85
1 21 1
88
1 22 1
90
1 12 1
91
1 23 1
93
1 10 1
96
1 17 1
97
1 20 1
98
1 16 1
100
1 17 1
101
1 10 1
102
1 17 1
104
1 35 1
105
1 26 1
106
1 15 1
107
1 14 1
110
1 15 1
111
1 13 1
114
1 22 1
115
1 11 2
117 364
1 24 1
118
1 21 1
121
1 42 1
122
1 14 1
123
1 13 2
124 468
1 13 1
125
1 17 1
129
1 17 1
130
1 16 1
132
1 12 1
133
1 12 1
134
1 24 1
135
1 15 1
136
1 13 1
137
1 16 1
139
1 18 1
141
1 22 1
143
1 11 1
145
1 17 1
146
1 12 1
148
1 17 1
150
1 12 1
151
1 24 1
153
1 13 1
154
1 20 1
155
1 17 1
157
1 17 1
158
1 13 1
161
1 13 1
163
1 25 1
164
1 18 2
165 444
1 17 1
166
1 13 1
168
1 17 1
169
1 20 1
171
1 23 1
173
1 15 1
174
1 17 1
179
1 21 1
183
1 18 1
187
1 28 1
195
1 13 1
198
1 11 1
201
1 13 1
202
1 21 1
203
1 12 1
204
1 21 1
205
1 10 1
208
1 17 1
209
1 23 1
210
1 18 1
212
1 29 1
213
1 16 1
214
1 12 1
215
1 24 1
216
1 17 1
219
1 17 2
222 327
1 12 1
227
1 27 1
229
1 11 1
231
1 16 1
233
1 13 1
235
1 14 1
237
1 19 1
239
1 11 1
240
1 29 1
241
1 28 1
244
1 15 1
245
1 13 1
246
1 15 1
247
1 21 1
250
1 22 1
251
1 11 1
253
1 20 1
254
1 18 1
258
1 11 1
259
1 27 1
261
1 18 1
263
1 13 1
265
1 11 1
266
1 11 1
268
1 14 1
270
1 12 1
272
1 21 1
273
1 13 1
274
1 18 1
276
1 11 1
277
1 10 1
278
1 16 1
279
1 14 1
280
1 20 1
282
1 15 1
283
1 23 1
285
1 30 1
287
1 13 1
289
1 19 1
292
1 9 1
293
1 14 1
295
1 12 1
298
1 14 1
299
1 14 1
301
1 12 1
302
1 23 1
305
1 14 1
307
1 17 1
308
1 18 1
309
1 10 1
310
1 23 1
311
1 13 2
312 421
1 15 1
313
1 18 1
314
1 15 2
317 498
1 13 1
318
1 30 1
321
1 11 1
322
1 16 1
323
1 14 1
324
1 15 1
326
1 14 1
329
1 24 1
331
1 13 1
333
1 15 1
334
1 21 1
335
1 19 1
336
1 19 1
339
1 14 1
340
1 18 1
343
1 12 1
344
1 20 1
345
1 30 1
347
1 21 1
348
1 17 1
349
1 14 1
350
1 20 1
351
1 22 1
353
1 17 1
354
1 22 1
356
1 16 1
358
1 14 1
362
1 22 1
363
1 8 1
367
1 12 1
369
1 8 1
372
1 19 1
374
1 13 1
375
1 26 1
379
1 27 1
380
1 13 1
384
1 14 1
386
1 21 1
388
1 15 1
391
1 11 1
392
1 13 1
393
1 18 1
395
1 16 1
396
1 13 1
397
1 12 1
399
1 9 1
400
1 12 1
401
1 12 1
402
1 15 1
403
1 32 1
404
1 15 1
405
1 11 1
406
1 25 1
408
1 17 1
409
1 16 1
410
1 22 1
413
1 18 1
414
1 14 1
415
1 30 1
418
1 17 1
420
1 13 1
426
1 23 1
428
1 16 1
429
1 11 1
430
1 14 1
431
1 11 1
433
1 26 1
434
1 12 1
436
1 14 1
438
1 27 1
439
1 12 1
440
1 17 1
441
1 15 1
446
1 11 1
447
1 12 1
449
1 23 1
450
1 20 1
453
1 32 1
454
1 17 1
455
1 19 1
458
1 15 1
460
1 25 1
461
1 12 1
463
1 19 1
465
1 12 1
467
1 10 1
469
1 21 1
470
1 15 1
473
1 17 1
474
1 11 1
475
1 20 1
476
1 15 1
478
1 11 1
479
1 13 1
483
1 9 1
484
1 13 1
489
1 17 1
491
1 19 1
493
1 17 1
495
1 14 1
496
1 23 1
497
1 14 1
499
