800 545 1240 18
31 25 24 11 36 39 29 40 14 13 36 15 24 17 30 25 18 26 34 15 23 32 36 30 12 25 16 31 35 28 12 36 28 29 40 24 25 33 40 39 32 19 16 11 14 39 35 12 11 40 33 38 33 35 24 20 27 32 37 32 24 40 20 22 39 32 25 29 29 34 14 22 38 22 29 22 23 21 23 28 40 34 23 30 11 15 36 31 28 27 15 25 15 30 34 23 32 18 12 22 12 37 40 13 39 19 40 36 15 40 27 24 25 32 19 32 17 29 34 22 28 39 14 24 28 13 16 17 31 16 16 21 15 23 16 13 26 30 15 34 25 21 18 12 17 16 25 13 26 31 35 28 17 17 40 12 38 14 18 11 39 28 26 39 11 37 36 12 35 34 30 15 36 38 39 26 26 36 28 31 34 31 37 16 19 21 23 14 15 21 23 33 37 17 40 15 39 33 27 22 35 18 11 21 19 28 25 13 11 25 31 27 20 23 21 16 25 13 28 22 16 28 38 28 23 22 18 25 37 31 39 15 13 22 37 30 16 38 22 32 15 23 24 20 31 16 28 26 23 21 29 23 18 38 21 30 16 19 24 27 40 15 13 29 38 29 11 21 27 26 31 29 14 33 13 40 14 34 37 19 37 34 21 22 15 35 27 17 29 17 29 26 30 22 40 27 26 15 19 29 22 17 26 16 25 39 28 35 35 36 40 32 36 40 38 40 34 40 38 30 29 24 35 24 35 27 26 36 23 32 14 23 33 21 33 20 25 14 13 28 22 15 30 29 29 21 24 20 39 22 13 33 18 39 39 29 24 16 19 40 38 39 16 32 13 16 21 34 24 37 28 37 14 13 18 16 12 31 23 37 29 21 36 27 14 40 40 38 15 24 39 26 13 40 33 11 32 32 17 19 30 37 26 29 12 24 16 17 29 23 23 28 19 28 31 33 36 37 32 18 11 17 32 36 33 20 34 32 17 34 34 22 19 19 27 20 30 31 40 38 40 20 20 40 18 37 20 40 34 32 11 21 38 38 27 16 22 38 33 20 13 32 15 30 20 26 38 11 38 39 28 38 15 28 22 30 21 19 36 33 35 26 32 29 22 38 13 32 24 35 39 21 13 28 33 12 24 36 38 34 16 28 27 28 15 20 36 33 22 33 12 16 24 35 33 19 40 16 35 39 26 14 27 14 24 15 13 22 17 36 40 29 13 36 14 30 39 34 16 34 35 35 20 24 31 31 29 33 24 21 16 25 37 15 17 17 28 19 22 32 14 20 33 15 29 33 26 28 30 28 35 38 22 36 12 34 34 30 22 27 38 40 40 19 19 16 32 29 21 21 19 22 32 34 36 13 22 38 20 39 15 23 17 37 40 39 22 16 36 16 27 28 36 35 17 19 26 15 21 22 20 12 38 31 34 17 13 14 37 12 39 32 31 27 28 19 38 33 40 39 40 34 13 29 19 39 33 27 17 21 11 18 32 37 18 38 17 18 25 25 30 14 29 31 14 34 11 14 21 34 18 20 17 39 26 33 16 38 16 14 21 12 32 22 36 24 15 26 13 19 29 14 33 31 18 34 31 32 20 25 18 12 30 20 37 19 16 24 22 25 22 23 14 25 22 38 14 16 14 15 39 23 33 40 17 19 28 31 15 12 40 35 19 40 13 22 14 14 36 32 24 17 30 40 20 28 31 34 31 21 39 17 33 25 35 24 27 40 40 25 11 24 20 12 11 18 20 33 26 33 25 36 21 30 11 18 34 25 30 20 38 18 11 12 20 30 15 35 18 30 26 36 26 11 14 15 28 21 29 22
21 15 14 1 26 29 19 30 4 3 26 5 14 7 20 15 8 16 24 5 13 22 26 20 2 15 6 21 25 18 2 26 18 19 30 14 15 23 30 29 22 9 6 1 4 29 25 2 1 30 23 28 23 25 14 10 17 22 27 22 14 30 10 12 29 22 15 19 19 24 4 12 28 12 19 12 13 11 13 18 30 24 13 20 1 5 26 21 18 17 5 15 5 20 24 13 22 8 2 12 2 27 30 3 29 9 30 26 5 30 17 14 15 22 9 22 7 19 24 12 18 29 4 14 18 3 6 7 21 6 6 11 5 13 6 3 16 20 5 24 15 11 8 2 7 6 15 3 16 21 25 18 7 7 30 2 28 4 8 1 29 18 16 29 1 27 26 2 25 24 20 5 26 28 29 16 16 26 18 21 24 21 27 6 9 11 13 4 5 11 13 23 27 7 30 5 29 23 17 12 25 8 1 11 9 18 15 3 1 15 21 17 10 13 11 6 15 3 18 12 6 18 28 18 13 12 8 15 27 21 29 5 3 12 27 20 6 28 12 22 5 13 14 10 21 6 18 16 13 11 19 13 8 28 11 20 6 9 14 17 30 5 3 19 28 19 1 11 17 16 21 19 4 23 3 30 4 24 27 9 27 24 11 12 5 25 17 7 19 7 19 16 20 12 30 17 16 5 9 19 12 7 16 6 15 29 18 25 25 26 30 22 26 30 28 30 24 30 28 20 19 14 25 14 25 17 16 26 13 22 4 13 23 11 23 10 15 4 3 18 12 5 20 19 19 11 14 10 29 12 3 23 8 29 29 19 14 6 9 30 28 29 6 22 3 6 11 24 14 27 18 27 4 3 8 6 2 21 13 27 19 11 26 17 4 30 30 28 5 14 29 16 3 30 23 1 22 22 7 9 20 27 16 19 2 14 6 7 19 13 13 18 9 18 21 23 26 27 22 8 1 7 22 26 23 10 24 22 7 24 24 12 9 9 17 10 20 21 30 28 30 10 10 30 8 27 10 30 24 22 1 11 28 28 17 6 12 28 23 10 3 22 5 20 10 16 28 1 28 29 18 28 5 18 12 20 11 9 26 23 25 16 22 19 12 28 3 22 14 25 29 11 3 18 23 2 14 26 28 24 6 18 17 18 5 10 26 23 12 23 2 6 14 25 23 9 30 6 25 29 16 4 17 4 14 5 3 12 7 26 30 19 3 26 4 20 29 24 6 24 25 25 10 14 21 21 19 23 14 11 6 15 27 5 7 7 18 9 12 22 4 10 23 5 19 23 16 18 20 18 25 28 12 26 2 24 24 20 12 17 28 30 30 9 9 6 22 19 11 11 9 12 22 24 26 3 12 28 10 29 5 13 7 27 30 29 12 6 26 6 17 18 26 25 7 9 16 5 11 12 10 2 28 21 24 7 3 4 27 2 29 22 21 17 18 9 28 23 30 29 30 24 3 19 9 29 23 17 7 11 1 8 22 27 8 28 7 8 15 15 20 4 19 21 4 24 1 4 11 24 8 10 7 29 16 23 6 28 6 4 11 2 22 12 26 14 5 16 3 9 19 4 23 21 8 24 21 22 10 15 8 2 20 10 27 9 6 14 12 15 12 13 4 15 12 28 4 6 4 5 29 13 23 30 7 9 18 21 5 2 30 25 9 30 3 12 4 4 26 22 14 7 20 30 10 18 21 24 21 11 29 7 23 15 25 14 17 30 30 15 1 14 10 2 1 8 10 23 16 23 15 26 11 20 1 8 24 15 20 10 28 8 1 2 10 20 5 25 8 20 16 26 16 1 4 5 18 11 19 12
0 6 1
616
0 5 5
792 756 120 543 189
0 4 5
96 338 163 679 15
0 10 2
71 555
0 8 3
651 292 27
0 8 2
145 153
0 12 2
507 471
0 5 3
8 786 328
0 7 1
698
0 6 2
358 618
0 7 3
367 20 363
0 5 3
663 421 708
0 6 5
345 653 381 278 31
0 10 1
550
0 3 7
636 512 783 489 721 460 572
0 10 2
533 529
0 6 3
98 36 155
0 5 3
130 722 590
0 3 7
538 235 464 12 246 391 570
0 12 1
21
0 6 2
229 518
0 14 3
582 378 354
0 5 4
284 218 622 536
0 8 1
232
0 3 5
650 215 601 617 9
0 5 4
207 359 382 16
0 9 2
102 496
0 4 6
690 39 544 337 427 749
0 4 4
254 548 234 766
0 4 4
353 760 715 180
0 5 4
397 54 424 293
0 3 5
447 204 343 717 199
0 5 5
322 682 773 557 4
0 7 4
22 43 481 80
0 10 2
576 787
0 5 5
272 490 78 334 203
0 6 3
148 799 571
0 4 2
575 190
0 4 9
737 104 277 50 693 14 368 480 331
0 7 5
581 750 377 170 191
0 11 3
775 264 387
0 5 4
261 567 759 209
0 4 3
187 566 64
0 4 5
547 6 492 712 383
0 10 3
556 308 259
0 6 1
731
0 7 5
294 614 685 356 560
0 8 3
74 395 428
0 5 1
491
0 5 4
320 186 183 699
0 3 5
51 675 528 288 174
0 8 3
268 467 446
0 6 2
92 230
0 6 7
656 757 442 744 640 161 402
0 4 3
719 791 559
0 8 5
608 448 132 228 755
0 12 1
205
0 9 1
796
0 4 6
769 527 728 501 17 478
0 4 7
727 433 162 588 611 85 53
0 27 1
513
0 4 4
710 761 684 523
0 12 2
115 439
0 14 1
99
0 4 4
420 77 714 638
0 4 6
752 726 242 224 7 375
0 7 5
197 558 30 654 26
0 5 4
386 188 49 704
0 11 2
233 458
0 4 4
540 280 23 589
0 6 2
44 596
0 6 6
144 795 100 352 107 312
0 5 5
600 520 202 706 552
0 6 2
47 778
0 2 5
75 185 499 113 355
0 3 5
747 422 595 299 753
0 5 3
790 456 700
0 3 8
418 330 607 127 508 360 182 265
0 5 4
452 623 201 720
0 18 1
178
0 5 3
384 282 672
0 5 2
754 615
0 6 2
340 291
0 6 3
253 136 295
0 4 6
742 416 494 311 221 158
0 3 8
597 621 526 13 644 290 361 37
0 5 1
500
0 3 8
410 530 545 52 635 93 505 579
0 11 1
670
1 8 1
0
1 7 1
1
1 9 1
2
1 8 1
3
1 6 1
5
1 10 1
10
1 7 1
11
1 7 1
18
1 9 1
19
1 11 1
24
1 8 2
25 227
1 18 1
28
1 14 1
29
1 9 1
32
1 10 1
33
1 20 1
34
1 23 1
35
1 13 1
38
1 15 1
40
1 12 1
41
1 7 1
42
1 14 1
45
1 12 1
46
1 7 1
48
1 12 1
55
1 18 1
56
1 10 2
57 151
1 12 1
58
1 9 1
59
1 16 1
60
1 18 1
61
1 17 1
62
1 8 1
63
1 13 1
65
1 12 1
66
1 11 1
67
1 13 2
68 208
1 13 1
69
1 6 1
70
1 10 2
72 108
1 12 1
73
1 10 1
76
1 21 1
79
1 15 2
81 248
1 14 1
82
1 9 1
83
1 11 1
84
1 9 1
86
1 16 1
87
1 6 1
88
1 8 1
89
1 8 1
90
1 7 1
91
1 14 1
94
1 12 1
95
1 8 1
97
1 15 1
101
1 9 1
103
1 13 1
105
1 14 1
106
1 16 1
109
1 10 1
110
1 8 1
111
1 15 1
112
1 11 1
114
1 9 2
116 210
1 31 1
117
1 16 1
118
1 16 1
119
1 10 1
121
1 9 1
122
1 9 2
123 584
1 15 1
124
1 11 1
125
1 8 1
126
1 13 1
128
1 10 1
129
1 7 2
131 405
1 8 1
133
1 7 1
134
1 7 2
135 347
1 9 1
137
1 20 1
138
1 11 1
139
1 9 1
140
1 8 1
141
1 10 1
142
1 12 1
143
1 8 1
146
1 11 1
147
1 6 1
149
1 11 1
150
1 21 1
152
1 7 1
154
1 14 1
156
1 13 1
157
1 21 1
159
1 12 1
160
1 31 1
164
1 10 1
165
1 8 1
166
1 20 1
167
1 8 1
168
1 18 1
169
1 9 1
171
1 16 1
172
1 7 1
173
1 8 1
175
1 16 1
176
1 17 1
177
1 7 1
179
1 12 1
181
1 11 1
184
1 20 1
192
1 11 1
193
1 14 1
194
1 19 2
195 509
1 12 2
196 483
1 13 1
198
1 7 1
200
1 16 1
206
1 8 1
211
1 13 1
212
1 9 1
213
1 8 2
214 733
1 9 1
216
1 9 1
217
1 10 1
219
1 14 1
220
1 6 1
222
1 9 1
223
1 9 1
225
1 12 1
226
1 11 1
231
1 10 1
236
1 12 3
237 406 504
1 9 1
238
1 10 1
239
1 12 1
240
1 8 1
241
1 10 1
243
1 8 1
244
1 8 2
245 748
1 12 1
247
1 18 1
249
1 21 1
250
1 12 1
251
1 9 1
252
1 15 1
255
1 12 1
256
1 24 1
257
1 15 1
258
1 15 1
260
1 8 1
262
1 8 1
263
1 11 2
266 725
1 10 1
267
1 15 1
269
1 9 2
270 603
1 11 2
271 432
1 8 1
273
1 9 1
274
1 15 1
275
1 10 1
276
1 12 1
279
1 10 1
281
1 9 1
283
1 18 1
285
1 7 1
286
1 11 1
287
1 13 1
289
1 14 1
296
1 19 1
297
1 7 1
298
1 16 1
300
1 13 1
301
1 14 1
302
1 17 2
303 336
1 10 1
304
1 10 1
305
1 6 1
306
1 17 1
307
1 9 1
309
1 10 1
310
1 20 1
313
1 9 1
314
1 30 1
315
1 9 1
316
1 15 1
317
1 9 1
318
1 12 1
319
1 11 1
321
1 8 1
323
1 10 1
324
1 10 1
325
1 13 1
326
1 14 1
327
1 12 1
329
1 17 1
332
1 15 1
333
1 13 1
335
1 12 1
339
1 15 1
341
1 12 1
342
1 31 1
344
1 15 1
346
1 9 1
348
1 12 1
349
1 10 1
350
1 19 1
351
1 10 1
357
1 8 1
362
1 10 1
364
1 12 1
365
1 6 1
366
1 10 1
369
1 7 1
370
1 7 1
371
1 13 1
372
1 15 1
373
1 7 1
374
1 10 1
376
1 12 1
379
1 16 1
380
1 11 1
385
1 17 1
388
1 22 1
389
1 19 1
390
1 11 1
392
1 15 1
393
1 17 1
394
1 16 1
396
1 14 1
398
1 14 1
399
1 13 1
400
1 18 1
401
1 11 1
403
1 10 1
404
1 11 1
407
1 10 1
408
1 10 1
409
1 13 1
411
1 9 1
412
1 12 1
413
1 15 1
414
1 9 1
415
1 12 1
417
1 7 2
419 542
1 9 1
423
1 11 1
425
1 12 1
426
1 17 1
429
1 10 1
430
1 8 1
431
1 16 1
434
1 17 1
435
1 11 1
436
1 11 1
437
1 12 1
438
1 12 1
440
1 11 1
441
1 14 2
443 705
1 12 1
444
1 11 1
445
1 10 1
449
1 12 1
450
1 10 1
451
1 17 1
453
1 12 1
454
1 7 1
455
1 14 1
457
1 11 1
459
1 11 1
461
1 10 1
462
1 10 1
463
1 12 1
465
1 8 1
466
1 9 1
468
1 10 1
469
1 16 1
470
1 12 1
472
1 7 1
473
1 10 1
474
1 10 1
475
1 12 1
476
1 8 1
477
1 10 1
479
1 12 1
482
1 8 1
484
1 10 1
485
1 9 1
486
1 8 1
487
1 8 1
488
1 9 1
493
1 14 1
495
1 9 1
497
1 15 1
498
1 15 1
502
1 14 1
503
1 20 1
506
1 6 1
510
1 15 2
511 532
1 19 1
514
1 9 1
515
1 7 1
516
1 7 1
517
1 14 1
519
1 9 1
521
1 11 1
522
1 9 1
524
1 17 1
525
1 8 1
531
1 10 1
534
1 14 1
535
1 15 1
537
1 8 1
539
1 13 1
541
1 16 1
546
1 11 1
549
1 12 1
551
1 33 1
553
1 8 1
554
1 8 1
561
1 14 1
562
1 31 1
563
1 10 1
564
1 14 1
565
1 11 1
568
1 12 1
569
1 12 1
573
1 14 1
574
1 19 1
577
1 7 1
578
1 14 1
580
1 10 1
583
1 22 1
585
1 10 1
586
1 11 1
587
1 8 1
591
1 12 1
592
1 21 1
593
1 12 1
594
1 10 1
598
1 22 1
599
1 11 1
602
1 13 1
604
1 11 1
605
1 7 1
606
1 11 1
609
1 10 1
610
1 18 1
612
1 14 1
613
1 15 1
619
1 18 1
620
1 11 1
624
1 17 1
625
1 14 1
626
1 12 1
627
1 10 1
628
1 10 1
629
1 17 1
630
1 15 1
631
1 11 1
632
1 8 1
633
1 7 1
634
1 8 1
637
1 9 1
639
1 11 1
641
1 17 1
642
1 20 1
643
1 11 1
645
1 14 1
646
1 10 1
647
1 9 1
648
1 7 1
649
1 10 1
652
1 9 1
655
1 14 1
657
1 11 1
658
1 14 1
659
1 14 1
660
1 19 1
661
1 13 2
662 739
1 7 1
664
1 10 1
665
1 11 1
666
1 17 1
667
1 11 1
668
1 7 1
669
1 7 1
671
1 23 1
673
1 11 1
674
1 10 1
676
1 10 1
677
1 11 1
678
1 9 1
680
1 9 1
681
1 10 1
683
1 17 1
686
1 9 1
687
1 9 1
688
1 8 1
689
1 9 1
691
1 11 1
692
1 9 1
694
1 18 1
695
1 10 1
696
1 15 1
697
1 23 1
701
1 12 1
702
1 11 1
703
1 10 1
707
1 10 1
709
1 9 1
711
1 17 1
713
1 12 1
716
1 8 1
718
1 14 1
723
1 10 1
724
1 13 1
729
1 9 1
730
1 16 1
732
1 15 1
734
1 7 1
735
1 15 1
736
1 15 1
738
1 11 1
740
1 16 1
741
1 9 1
743
1 17 1
745
1 10 1
746
1 22 1
751
1 15 1
758
1 15 1
762
1 10 1
763
1 6 2
764 772
1 7 1
765
1 12 1
767
1 8 1
768
1 11 1
770
1 14 1
771
1 9 1
774
1 12 1
776
1 16 1
777
1 23 1
779
1 8 1
780
1 16 1
781
1 9 1
782
1 11 1
784
1 11 1
785
1 7 1
788
1 7 1
789
1 13 1
793
1 12 1
794
1 9 1
797
1 8 1
798
