700 479 1085 20
28 29 37 23 30 39 33 32 11 12 28 27 21 24 21 28 23 31 20 13 38 15 40 26 38 34 32 39 18 36 40 27 16 15 15 15 32 31 20 34 25 40 23 11 18 15 16 33 23 37 26 40 12 12 26 28 21 32 35 25 27 37 21 23 21 40 36 33 13 24 36 33 31 13 26 21 16 15 40 27 20 14 34 36 28 32 25 27 25 16 11 18 36 20 23 11 36 40 27 19 17 40 39 23 16 11 17 29 19 23 20 22 38 25 24 30 36 34 18 37 21 39 40 28 22 16 13 24 17 32 37 39 26 12 23 35 27 25 13 34 31 14 38 13 25 32 36 19 22 16 34 21 29 20 33 33 11 28 33 30 30 39 11 37 21 28 24 27 20 23 22 32 33 19 21 25 36 39 11 34 13 13 17 27 20 40 23 16 29 27 38 33 38 11 18 13 14 38 21 40 38 39 17 15 12 37 23 24 28 16 13 17 40 14 37 17 30 14 13 24 11 24 13 20 17 13 24 33 40 26 22 27 12 16 25 26 12 35 12 28 34 33 30 24 37 12 21 31 38 28 26 13 19 38 35 16 27 28 18 26 12 25 22 29 35 24 30 13 28 37 13 11 25 33 16 27 17 38 18 31 13 15 40 18 26 39 28 36 23 27 39 19 21 12 18 14 29 37 38 18 15 33 30 31 24 32 27 19 13 36 24 26 15 23 30 39 11 12 25 32 16 35 30 33 25 20 22 36 16 35 33 14 31 24 38 25 13 35 36 35 38 15 33 32 17 30 28 21 13 16 26 17 16 40 19 34 24 38 11 31 37 34 38 37 20 28 22 12 13 40 37 33 35 36 26 37 23 33 17 25 34 14 20 11 16 38 32 33 22 15 20 31 37 39 19 14 12 17 18 34 35 11 22 26 37 28 22 11 19 40 31 17 21 14 18 29 11 25 38 34 39 17 11 11 12 31 22 14 32 28 36 22 16 31 14 11 36 32 25 39 11 36 32 38 33 26 30 16 39 22 40 26 23 14 21 32 28 33 25 22 15 27 21 34 26 23 11 39 19 36 27 27 26 26 27 26 14 27 30 32 20 25 16 17 24 29 24 34 32 39 39 18 26 29 24 15 22 32 32 20 11 32 40 24 30 34 19 26 24 36 34 13 13 31 39 15 21 31 27 27 19 13 23 21 12 23 37 22 11 17 33 32 24 34 26 26 16 11 22 11 37 26 35 34 25 30 17 39 16 11 21 32 39 29 39 21 31 38 40 30 40 34 24 39 22 34 38 29 34 33 28 34 28 35 33 20 11 30 23 40 30 36 24 34 20 24 38 29 17 21 25 23 30 18 14 25 23 16 16 33 27 16 17 13 15 20 18 20 16 33 28 28 21 15 39 29 11 26 27 11 34 31 28 15 16 14 17 12 39 18 26 24 29 13 38 17 32 33 36 34 37 12 24 21 14 14 34 26 33 21 26 35 13 36 39 22 39 26 11 24 13 27 29 38 35 32 39 12 21 30 12 25 21 33 19 26 17 25 25 13 33 34 14 24 16 20 13 38 40 36 27 16 22 25 32 29 39 36 26 25
18 19 27 13 20 29 23 22 1 2 18 17 11 14 11 18 13 21 10 3 28 5 30 16 28 24 22 29 8 26 30 17 6 5 5 5 22 21 10 24 15 30 13 1 8 5 6 23 13 27 16 30 2 2 16 18 11 22 25 15 17 27 11 13 11 30 26 23 3 14 26 23 21 3 16 11 6 5 30 17 10 4 24 26 18 22 15 17 15 6 1 8 26 10 13 1 26 30 17 9 7 30 29 13 6 1 7 19 9 13 10 12 28 15 14 20 26 24 8 27 11 29 30 18 12 6 3 14 7 22 27 29 16 2 13 25 17 15 3 24 21 4 28 3 15 22 26 9 12 6 24 11 19 10 23 23 1 18 23 20 20 29 1 27 11 18 14 17 10 13 12 22 23 9 11 15 26 29 1 24 3 3 7 17 10 30 13 6 19 17 28 23 28 1 8 3 4 28 11 30 28 29 7 5 2 27 13 14 18 6 3 7 30 4 27 7 20 4 3 14 1 14 3 10 7 3 14 23 30 16 12 17 2 6 15 16 2 25 2 18 24 23 20 14 27 2 11 21 28 18 16 3 9 28 25 6 17 18 8 16 2 15 12 19 25 14 20 3 18 27 3 1 15 23 6 17 7 28 8 21 3 5 30 8 16 29 18 26 13 17 29 9 11 2 8 4 19 27 28 8 5 23 20 21 14 22 17 9 3 26 14 16 5 13 20 29 1 2 15 22 6 25 20 23 15 10 12 26 6 25 23 4 21 14 28 15 3 25 26 25 28 5 23 22 7 20 18 11 3 6 16 7 6 30 9 24 14 28 1 21 27 24 28 27 10 18 12 2 3 30 27 23 25 26 16 27 13 23 7 15 24 4 10 1 6 28 22 23 12 5 10 21 27 29 9 4 2 7 8 24 25 1 12 16 27 18 12 1 9 30 21 7 11 4 8 19 1 15 28 24 29 7 1 1 2 21 12 4 22 18 26 12 6 21 4 1 26 22 15 29 1 26 22 28 23 16 20 6 29 12 30 16 13 4 11 22 18 23 15 12 5 17 11 24 16 13 1 29 9 26 17 17 16 16 17 16 4 17 20 22 10 15 6 7 14 19 14 24 22 29 29 8 16 19 14 5 12 22 22 10 1 22 30 14 20 24 9 16 14 26 24 3 3 21 29 5 11 21 17 17 9 3 13 11 2 13 27 12 1 7 23 22 14 24 16 16 6 1 12 1 27 16 25 24 15 20 7 29 6 1 11 22 29 19 29 11 21 28 30 20 30 24 14 29 12 24 28 19 24 23 18 24 18 25 23 10 1 20 13 30 20 26 14 24 10 14 28 19 7 11 15 13 20 8 4 15 13 6 6 23 17 6 7 3 5 10 8 10 6 23 18 18 11 5 29 19 1 16 17 1 24 21 18 5 6 4 7 2 29 8 16 14 19 3 28 7 22 23 26 24 27 2 14 11 4 4 24 16 23 11 16 25 3 26 29 12 29 16 1 14 3 17 19 28 25 22 29 2 11 20 2 15 11 23 9 16 7 15 15 3 23 24 4 14 6 10 3 28 30 26 17 6 12 15 22 19 29 26 16 15
0 5 3
168 74 251
0 9 3
696 348 501
0 3 7
140 454 39 387 245 149 608
0 4 5
438 235 412 275 503
0 6 3
190 368 108
0 5 4
116 462 646 294
0 3 7
178 28 521 107 564 358 401
0 5 3
67 334 599
0 6 4
130 198 471 41
0 4 4
418 301 667 329
0 4 6
485 76 189 55 640 287
0 3 9
210 624 345 216 432 164 160 229 317
0 10 3
165 272 416
0 5 4
88 661 635 141
0 4 4
174 111 374 497
0 6 2
48 431
0 5 6
631 618 302 540 100 114
0 4 5
613 222 429 552 492
0 6 3
391 320 444
0 3 4
262 596 248 606
0 4 5
51 87 233 92 550
0 14 2
672 184
0 5 4
658 228 163 653
0 13 2
64 63
0 10 2
148 651
0 3 6
683 415 19 377 527 671
0 6 3
56 551 333
0 9 1
99
0 5 3
214 546 327
0 5 5
626 166 426 682 514
0 6 2
443 473
0 6 2
459 283
0 5 5
290 636 584 449 85
0 4 2
38 445
0 11 1
647
0 10 1
32
0 15 1
430
0 6 2
378 689
0 4 4
284 68 112 392
0 5 4
561 609 22 0
0 3 6
53 359 137 520 383 181
0 9 2
143 557
0 5 6
373 402 240 451 77 231
0 6 1
409
0 4 2
425 226
0 4 5
699 286 433 692 59
0 8 3
360 33 694
0 6 3
313 390 567
0 8 5
495 171 66 450 504
0 8 4
620 18 25 144
0 6 4
657 526 142 29
0 6 1
328
0 4 6
91 118 369 385 642 153
0 18 2
323 127
0 9 2
478 139
0 9 1
4
0 8 1
421
0 4 7
273 601 31 71 49 463 407
0 9 2
654 639
0 8 4
400 500 258 477
0 6 3
406 70 90
0 12 1
578
0 5 2
621 569
0 11 1
341
0 7 3
607 319 571
0 7 4
539 549 225 271
0 9 2
695 588
0 5 3
560 304 80
0 6 3
26 188 367
0 4 6
162 117 516 13 311 577
0 5 2
7 616
0 4 6
486 475 24 44 632 241
0 14 1
441
0 3 7
17 365 250 86 363 93 132
0 4 3
335 535 472
0 4 6
545 122 356 315 663 494
0 4 5
579 110 324 244 208
0 4 3
427 570 597
1 12 1
1
1 10 1
2
1 8 1
3
1 16 1
5
1 20 1
6
1 7 1
8
1 11 1
9
1 10 1
10
1 11 1
11
1 7 1
12
1 8 1
14
1 7 1
15
1 13 1
16
1 11 1
20
1 10 1
21
1 7 1
23
1 10 3
27 295 515
1 19 1
30
1 18 1
34
1 18 2
35 555
1 9 2
36 73
1 7 1
37
1 13 1
40
1 17 1
42
1 10 1
43
1 10 1
45
1 13 1
46
1 7 1
47
1 17 1
50
1 8 1
52
1 10 2
54 655
1 14 1
57
1 8 1
58
1 23 1
60
1 16 1
61
1 9 2
62 78
1 9 1
65
1 8 1
69
1 24 1
72
1 16 1
75
1 21 1
79
1 8 1
81
1 9 1
82
1 9 1
83
1 12 1
84
1 10 1
89
1 21 1
94
1 12 1
95
1 14 1
96
1 10 1
97
1 13 1
98
1 13 1
101
1 14 1
102
1 9 1
103
1 8 1
104
1 9 1
105
1 12 2
106 403
1 13 1
109
1 11 1
113
1 10 2
115 399
1 21 1
119
1 19 1
120
1 10 1
121
1 13 2
123 476
1 18 1
124
1 16 1
125
1 14 1
126
1 18 1
128
1 9 1
129
1 8 1
131
1 11 1
133
1 11 1
134
1 15 1
135
1 17 1
136
1 9 1
138
1 19 1
145
1 15 1
146
1 10 1
147
1 9 1
150
1 8 1
151
1 8 1
152
1 9 1
154
1 10 2
155 352
1 13 1
156
1 18 1
157
1 9 1
158
1 8 1
159
1 12 2
161 698
1 11 1
167
1 9 1
169
1 15 1
170
1 12 1
172
1 8 1
173
1 13 1
175
1 10 1
176
1 23 1
177
1 23 1
179
1 8 1
180
1 15 1
182
1 13 1
183
1 15 2
185 260
1 19 1
186
1 15 1
187
1 11 1
191
1 14 1
192
1 14 1
193
1 8 1
194
1 18 1
195
1 12 1
196
1 9 1
197
1 11 1
199
1 16 1
200
1 9 1
201
1 10 1
202
1 9 1
203
1 9 1
204
1 11 1
205
1 19 1
206
1 10 1
207
1 15 1
209
1 23 1
211
1 13 1
212
1 13 1
213
1 8 1
215
1 11 1
217
1 17 1
218
1 11 1
219
1 9 1
220
1 8 1
221
1 9 1
223
1 17 1
224
1 18 1
227
1 13 2
230 364
1 12 1
232
1 9 2
234 276
1 13 1
236
1 8 2
237 691
1 9 1
238
1 12 1
239
1 14 1
242
1 9 1
243
1 8 1
246
1 7 1
247
1 11 1
249
1 8 1
252
1 17 1
253
1 14 1
254
1 16 1
255
1 13 1
256
1 8 1
257
1 9 1
259
1 10 2
261 686
1 9 1
263
1 12 1
264
1 18 1
265
1 10 1
266
1 13 1
267
1 11 1
268
1 13 1
269
1 9 1
270
1 10 1
274
1 23 1
277
1 13 1
278
1 10 1
279
1 12 1
280
1 15 2
281 305
1 15 1
282
1 13 1
285
1 18 1
288
1 14 1
289
1 20 1
291
1 19 1
292
1 7 1
293
1 9 2
296 591
1 13 1
297
1 19 1
298
1 9 1
299
1 9 1
300
1 9 1
303
1 19 1
306
1 12 1
307
1 6 2
308 507
1 9 1
309
1 19 1
310
1 14 2
312 489
1 10 1
314
1 23 1
316
1 12 1
318
1 10 1
321
1 15 1
322
1 14 1
325
1 10 1
326
1 12 1
330
1 14 1
331
1 17 1
332
1 17 1
336
1 13 1
337
1 10 1
338
1 16 1
339
1 13 1
340
1 11 2
342 583
1 8 1
343
1 10 1
344
1 17 1
346
1 7 1
347
1 11 1
349
1 12 1
350
1 13 1
351
1 24 1
353
1 10 1
354
1 14 1
355
1 13 1
357
1 9 1
361
1 9 1
362
1 18 1
366
1 7 1
370
1 8 1
371
1 9 1
372
1 14 1
375
1 9 2
376 685
1 8 1
379
1 13 1
380
1 21 1
381
1 9 1
382
1 27 1
384
1 20 1
386
1 15 1
388
1 14 1
389
1 15 1
393
1 10 1
394
1 11 1
395
1 9 1
396
1 14 1
397
1 10 1
398
1 9 1
404
1 13 1
405
1 16 1
408
1 8 1
410
1 12 1
411
1 14 1
413
1 9 1
414
1 12 1
417
1 16 1
419
1 9 1
420
1 9 1
422
1 20 1
423
1 10 1
424
1 11 1
428
1 13 1
434
1 20 1
435
1 18 1
436
1 8 1
437
1 23 1
439
1 13 1
440
1 7 1
442
1 18 2
446 600
1 8 1
447
1 11 1
448
1 21 1
452
1 14 1
453
1 11 1
455
1 22 1
456
1 9 1
457
1 11 1
458
1 17 1
460
1 13 1
461
1 10 1
464
1 13 1
465
1 8 1
466
1 23 1
467
1 22 2
468 648
1 8 1
469
1 10 1
470
1 15 1
474
1 15 1
479
1 14 1
480
1 8 1
481
1 11 1
482
1 7 1
483
1 7 1
484
1 8 1
487
1 10 1
488
1 12 1
490
1 9 1
491
1 11 1
493
1 18 1
496
1 12 1
498
1 10 1
499
1 14 1
502
1 12 1
505
1 11 1
506
1 7 1
508
1 14 1
509
1 8 1
510
1 17 1
511
1 7 1
512
1 21 1
513
1 10 1
517
1 9 1
518
1 13 1
519
1 9 1
522
1 12 1
523
1 11 1
524
1 10 1
525
1 10 1
528
1 9 1
529
1 15 1
530
1 12 1
531
1 9 1
532
1 10 1
533
1 14 1
534
1 14 1
536
1 13 1
537
1 9 1
538
1 20 1
541
1 9 1
542
1 16 1
543
1 20 1
544
1 9 1
547
1 9 1
548
1 10 1
553
1 20 1
554
1 8 1
556
1 12 1
558
1 10 1
559
1 8 1
562
1 15 1
563
1 11 1
565
1 8 1
566
1 18 1
568
1 13 2
572 604
1 17 1
573
1 9 1
574
1 10 1
575
1 15 1
576
1 8 1
580
1 10 1
581
1 7 1
582
1 8 1
585
1 8 1
586
1 19 1
587
1 7 1
589
1 13 1
590
1 15 1
592
1 8 1
593
1 8 1
594
1 11 1
595
1 17 1
598
1 11 1
602
1 9 1
603
1 28 1
605
1 14 1
610
1 8 1
611
1 8 1
612
1 10 1
614
1 9 1
615
1 7 1
617
1 11 1
619
1 8 1
622
1 15 1
623
1 11 1
625
1 16 1
627
1 11 1
628
1 11 1
629
1 20 1
630
1 15 1
633
1 11 1
634
1 9 1
637
1 12 1
638
1 9 1
641
1 9 1
643
1 17 1
644
1 13 1
645
1 8 1
649
1 10 1
650
1 16 1
652
1 9 1
656
1 14 1
659
1 14 1
660
1 11 1
662
1 13 1
664
1 10 1
665
1 17 1
666
1 8 1
668
1 9 1
669
1 9 1
670
1 12 1
673
1 9 1
674
1 12 1
675
1 16 1
676
1 7 1
677
1 19 1
678
1 17 1
679
1 12 1
680
1 8 1
681
1 26 1
684
1 16 1
687
1 20 1
688
1 14 1
690
1 15 1
693
1 10 1
697
