700 495 1085 20
18 23 37 11 19 27 22 33 19 21 30 11 30 31 11 32 13 35 14 40 33 22 33 11 19 40 23 18 16 38 33 22 33 29 20 22 28 38 15 32 13 36 22 39 18 37 12 15 27 31 38 39 32 32 15 23 24 29 30 35 12 25 36 20 26 38 15 12 25 28 20 33 35 37 39 32 21 18 15 25 40 27 23 19 17 20 40 18 14 24 11 22 26 21 35 33 25 27 35 28 14 34 23 18 24 34 29 36 24 28 40 21 18 19 28 35 18 26 14 20 13 33 11 30 33 21 18 33 18 25 14 37 18 19 11 13 24 27 11 21 24 17 26 33 24 34 19 24 19 39 20 25 28 13 38 40 29 26 13 13 22 31 40 31 29 26 18 20 16 32 24 26 27 18 11 40 27 22 12 36 19 30 29 24 16 30 14 37 20 15 33 36 32 35 39 34 17 29 15 39 22 15 27 11 17 22 12 16 37 26 15 25 30 33 36 23 38 28 11 39 25 26 21 15 24 29 30 13 32 19 29 16 24 24 27 32 13 38 19 29 30 33 33 19 31 19 39 31 11 33 12 26 39 25 13 36 38 38 20 38 33 28 33 36 22 33 40 12 26 24 15 35 22 21 32 32 19 22 23 36 35 35 38 32 24 24 38 34 29 31 21 20 34 38 22 23 21 37 19 22 27 22 13 19 11 31 15 38 18 24 34 35 27 36 26 21 33 26 31 18 36 26 27 23 11 33 12 17 17 25 25 11 40 30 25 18 39 27 19 17 21 11 30 22 38 15 26 29 15 34 25 17 18 21 27 20 14 25 30 24 25 22 27 24 26 35 36 27 12 39 17 36 23 27 12 36 24 23 17 20 18 24 38 32 11 31 40 40 33 22 34 22 12 13 12 15 15 15 38 37 33 20 31 24 40 40 21 26 31 15 25 38 24 14 31 18 14 18 17 21 33 30 33 19 20 39 31 24 19 15 38 21 11 31 23 28 13 12 23 13 16 19 40 30 13 32 12 36 39 32 28 22 26 17 13 23 22 39 11 29 20 23 22 19 26 27 12 18 23 35 28 32 20 28 11 39 40 21 40 27 23 18 17 12 33 13 35 22 14 11 15 25 22 13 27 34 12 16 15 17 37 11 18 32 16 23 22 23 26 15 30 34 15 13 11 19 32 19 25 29 33 36 35 30 19 16 30 16 33 24 19 27 38 28 11 31 12 13 12 38 12 26 26 34 29 23 33 27 25 39 14 37 16 12 16 18 14 40 40 33 11 13 14 25 14 25 11 16 13 19 28 26 14 22 38 19 30 36 16 18 11 17 17 21 33 26 20 24 32 32 11 22 40 35 12 23 22 23 17 11 28 24 28 22 30 22 12 34 15 23 31 19 18 13 39 24 28 15 25 37 40 12 15 19 18 35 36 38 31 27 13 23 11 22 37 38 35 17 24 12 17 13 14 39 32 18 24 11 30 39 22 39 29 24 28 14 34 15 37 25 24 23 28 18 29 18 39 38 35 30 16 34 11 35 32 12 30 25 36 34 23 40 29 12 16 19 31 28 13 34 27 16 11 38 33 19 34 27 25 15
8 13 27 1 9 17 12 23 9 11 20 1 20 21 1 22 3 25 4 30 23 12 23 1 9 30 13 8 6 28 23 12 23 19 10 12 18 28 5 22 3 26 12 29 8 27 2 5 17 21 28 29 22 22 5 13 14 19 20 25 2 15 26 10 16 28 5 2 15 18 10 23 25 27 29 22 11 8 5 15 30 17 13 9 7 10 30 8 4 14 1 12 16 11 25 23 15 17 25 18 4 24 13 8 14 24 19 26 14 18 30 11 8 9 18 25 8 16 4 10 3 23 1 20 23 11 8 23 8 15 4 27 8 9 1 3 14 17 1 11 14 7 16 23 14 24 9 14 9 29 10 15 18 3 28 30 19 16 3 3 12 21 30 21 19 16 8 10 6 22 14 16 17 8 1 30 17 12 2 26 9 20 19 14 6 20 4 27 10 5 23 26 22 25 29 24 7 19 5 29 12 5 17 1 7 12 2 6 27 16 5 15 20 23 26 13 28 18 1 29 15 16 11 5 14 19 20 3 22 9 19 6 14 14 17 22 3 28 9 19 20 23 23 9 21 9 29 21 1 23 2 16 29 15 3 26 28 28 10 28 23 18 23 26 12 23 30 2 16 14 5 25 12 11 22 22 9 12 13 26 25 25 28 22 14 14 28 24 19 21 11 10 24 28 12 13 11 27 9 12 17 12 3 9 1 21 5 28 8 14 24 25 17 26 16 11 23 16 21 8 26 16 17 13 1 23 2 7 7 15 15 1 30 20 15 8 29 17 9 7 11 1 20 12 28 5 16 19 5 24 15 7 8 11 17 10 4 15 20 14 15 12 17 14 16 25 26 17 2 29 7 26 13 17 2 26 14 13 7 10 8 14 28 22 1 21 30 30 23 12 24 12 2 3 2 5 5 5 28 27 23 10 21 14 30 30 11 16 21 5 15 28 14 4 21 8 4 8 7 11 23 20 23 9 10 29 21 14 9 5 28 11 1 21 13 18 3 2 13 3 6 9 30 20 3 22 2 26 29 22 18 12 16 7 3 13 12 29 1 19 10 13 12 9 16 17 2 8 13 25 18 22 10 18 1 29 30 11 30 17 13 8 7 2 23 3 25 12 4 1 5 15 12 3 17 24 2 6 5 7 27 1 8 22 6 13 12 13 16 5 20 24 5 3 1 9 22 9 15 19 23 26 25 20 9 6 20 6 23 14 9 17 28 18 1 21 2 3 2 28 2 16 16 24 19 13 23 17 15 29 4 27 6 2 6 8 4 30 30 23 1 3 4 15 4 15 1 6 3 9 18 16 4 12 28 9 20 26 6 8 1 7 7 11 23 16 10 14 22 22 1 12 30 25 2 13 12 13 7 1 18 14 18 12 20 12 2 24 5 13 21 9 8 3 29 14 18 5 15 27 30 2 5 9 8 25 26 28 21 17 3 13 1 12 27 28 25 7 14 2 7 3 4 29 22 8 14 1 20 29 12 29 19 14 18 4 24 5 27 15 14 13 18 8 19 8 29 28 25 20 6 24 1 25 22 2 20 15 26 24 13 30 19 2 6 9 21 18 3 24 17 6 1 28 23 9 24 17 15 5
0 5 3
307 641 480
0 18 1
154
0 6 5
623 671 688 634 367
0 12 1
658
0 14 2
273 172
0 5 6
227 592 158 607 552 491
0 9 1
465
0 4 4
387 159 436 460
0 7 4
467 532 119 351
0 9 4
252 139 676 297
0 13 1
680
0 8 2
433 285
0 4 6
78 54 376 340 321 34
0 5 3
44 25 116
0 19 2
557 612
0 9 3
208 604 295
0 4 9
675 396 256 584 289 514 691 337 243
0 6 5
131 26 50 324 186
0 8 2
193 551
0 5 3
75 29 113
0 4 5
380 421 642 696 673
0 6 7
363 610 21 90 401 446 149
0 6 1
269
0 4 4
286 281 334 6
0 4 4
462 179 134 106
0 6 2
381 362
0 17 2
239 360
0 11 1
183
0 5 3
65 246 42
0 7 2
59 631
0 8 1
478
0 6 2
361 174
0 7 1
620
0 4 4
320 358 690 226
0 6 3
138 548 486
0 21 1
442
0 6 3
389 230 302
0 10 3
140 558 471
0 4 6
494 210 308 524 497 565
0 10 3
528 615 176
0 6 2
426 95
0 7 4
476 411 587 329
0 13 1
40
0 8 1
678
0 8 1
441
0 10 3
202 382 85
0 3 8
33 153 398 290 420 686 109 319
0 5 2
45 354
0 7 2
518 108
0 6 6
359 127 630 425 454 328
0 16 2
336 185
0 3 4
621 443 87 364
0 6 5
522 646 318 197 643
0 8 2
222 657
0 10 1
403
0 4 3
639 60 221
0 3 5
515 157 128 556 317
0 4 2
211 511
0 3 6
505 596 66 656 169 88
0 8 2
581 533
0 9 1
10
0 3 2
374 608
0 3 5
98 572 496 606 525
0 6 4
196 549 507 519
0 3 2
379 458
0 4 2
151 284
0 9 2
613 563
0 5 3
553 77 114
0 7 5
481 622 694 644 391
0 4 4
668 310 192 654
0 5 2
531 130
0 11 1
205
0 4 3
662 278 538
0 4 5
697 667 250 12 79
0 4 5
479 521 368 575 232
0 5 1
432
0 3 2
13 91
0 4 5
589 331 614 545 590
0 6 5
687 223 452 574 303
0 10 3
385 217 384
0 4 5
342 287 456 373 653
0 6 2
502 30
0 3 2
14 291
0 4 5
46 315 136 254 585
0 18 1
504
0 7 4
627 135 655 274
0 10 3
605 156 645
0 10 3
102 322 569
1 10 1
0
1 10 1
1
1 10 1
2
1 10 1
3
1 23 1
4
1 11 1
5
1 7 1
7
1 16 1
8
1 13 1
9
1 10 1
11
1 8 1
15
1 8 1
16
1 7 1
17
1 10 2
18 184
1 13 1
19
1 16 1
20
1 16 1
22
1 17 1
23
1 19 1
24
1 11 1
27
1 12 2
28 93
1 9 1
31
1 10 1
32
1 19 1
35
1 10 1
36
1 18 1
37
1 22 1
38
1 15 1
39
1 14 1
41
1 14 1
43
1 19 1
47
1 11 1
48
1 18 1
49
1 11 1
51
1 22 1
52
1 20 1
53
1 10 1
55
1 17 1
56
1 8 1
57
1 12 1
58
1 8 1
61
1 12 1
62
1 7 1
63
1 18 1
64
1 11 2
67 602
1 15 1
68
1 15 1
69
1 24 1
70
1 11 1
71
1 10 1
72
1 18 1
73
1 12 1
74
1 9 1
76
1 19 1
80
1 16 1
81
1 10 1
82
1 28 1
83
1 8 1
84
1 11 1
86
1 17 3
89 366 487
1 9 1
92
1 18 1
94
1 8 1
96
1 6 1
97
1 15 1
99
1 12 1
100
1 7 1
101
1 17 1
103
1 11 1
104
1 30 1
105
1 16 1
107
1 15 2
110 579
1 11 1
111
1 24 1
112
1 8 2
115 187
1 17 1
117
1 26 1
118
1 23 1
120
1 13 1
121
1 7 1
122
1 9 1
123
1 7 1
124
1 13 1
125
1 15 1
126
1 9 1
129
1 18 1
132
1 14 1
133
1 14 1
137
1 7 1
141
1 11 1
142
1 11 1
143
1 10 1
144
1 9 1
145
1 16 1
146
1 11 1
147
1 14 1
148
1 9 1
150
1 17 2
152 249
1 14 1
155
1 9 1
160
1 10 1
161
1 10 1
162
1 22 1
163
1 18 1
164
1 15 1
165
1 17 1
166
1 7 1
167
1 10 1
168
1 25 1
170
1 7 1
171
1 9 1
173
1 12 1
175
1 8 1
177
1 9 1
178
1 19 1
180
1 18 1
181
1 11 1
182
1 16 1
188
1 14 1
189
1 8 1
190
1 7 2
191 632
1 11 1
194
1 13 1
195
1 12 1
198
1 8 1
199
1 7 1
200
1 10 1
201
1 13 1
203
1 12 1
204
1 12 1
206
1 10 1
207
1 14 1
209
1 21 1
212
1 23 1
213
1 11 1
214
1 16 1
215
1 12 1
216
1 12 1
218
1 14 1
219
1 15 1
220
1 7 1
224
1 37 1
225
1 14 1
228
1 13 1
229
1 23 1
231
1 10 2
233 463
1 14 1
234
1 24 1
235
1 16 1
236
1 29 1
237
1 7 2
238 568
1 13 1
240
1 9 1
241
1 10 1
242
1 7 2
244 626
1 14 2
245 440
1 10 1
247
1 13 1
248
1 22 1
251
1 15 1
253
1 21 1
255
1 9 1
257
1 10 1
258
1 13 1
259
1 7 1
260
1 7 1
261
1 16 1
262
1 14 1
263
1 13 1
264
1 12 1
265
1 13 1
266
1 14 1
267
1 9 1
268
1 13 1
270
1 18 1
271
1 21 1
272
1 11 1
275
1 24 1
276
1 10 1
277
1 13 1
279
1 10 1
280
1 13 1
282
1 27 1
283
1 8 2
288 388
1 10 2
292 679
1 27 1
293
1 16 1
294
1 15 1
296
1 17 1
298
1 15 1
299
1 6 1
300
1 29 1
301
1 10 1
304
1 16 1
305
1 8 1
306
1 14 1
309
1 11 1
311
1 9 1
312
1 7 1
313
1 9 1
314
1 14 1
316
1 12 1
323
1 11 1
325
1 13 1
326
1 20 1
327
1 11 1
330
1 15 2
332 550
1 13 1
333
1 25 1
335
1 10 1
338
1 12 1
339
1 12 1
341
1 20 1
343
1 11 1
344
1 14 1
345
1 14 1
346
1 14 1
347
1 10 1
348
1 13 1
349
1 14 1
350
1 20 1
352
1 11 1
353
1 8 1
355
1 9 1
356
1 12 1
357
1 19 1
365
1 22 1
369
1 34 1
370
1 13 1
371
1 7 1
372
1 9 1
375
1 14 1
377
1 22 1
378
1 14 1
383
1 16 1
386
1 8 1
390
1 11 1
392
1 16 1
393
1 15 1
394
1 10 1
395
1 7 1
397
1 15 1
399
1 25 1
400
1 17 1
402
1 35 1
404
1 17 1
405
1 11 1
406
1 11 2
407 650
1 24 1
408
1 11 1
409
1 15 1
410
1 11 2
412 508
1 24 1
413
1 8 1
414
1 11 1
415
1 24 1
416
1 17 1
417
1 7 2
418 493
1 27 1
419
1 16 1
422
1 7 1
423
1 8 1
424
1 13 1
427
1 26 1
428
1 8 1
429
1 11 1
430
1 9 1
431
1 6 1
434
1 12 1
435
1 16 1
437
1 20 1
438
1 9 1
439
1 9 1
444
1 17 1
445
1 16 1
447
1 13 1
448
1 7 1
449
1 11 1
450
1 10 1
451
1 14 1
453
1 19 1
455
1 27 1
457
1 8 1
459
1 11 1
461
1 17 1
464
1 12 1
466
1 9 1
468
1 13 1
469
1 11 1
470
1 21 1
472
1 12 1
473
1 13 1
474
1 14 1
475
1 18 1
477
1 24 1
482
1 13 1
483
1 10 1
484
1 7 1
485
1 19 1
488
1 9 1
489
1 13 1
490
1 22 1
492
1 21 1
495
1 20 1
498
1 10 1
499
1 10 1
500
1 8 1
501
1 12 1
503
1 8 1
506
1 7 1
509
1 8 1
510
1 9 1
512
1 16 1
513
1 16 1
516
1 12 1
517
1 26 1
520
1 11 1
523
1 15 1
526
1 21 1
527
1 19 1
529
1 8 1
530
1 10 1
534
1 8 1
535
1 14 1
536
1 7 1
537
1 30 1
539
1 11 1
540
1 11 1
541
1 13 1
542
1 11 1
543
1 14 1
544
1 19 1
546
1 8 1
547
1 13 1
554
1 23 1
555
1 16 1
559
1 14 1
560
1 16 1
561
1 11 1
562
1 25 1
564
1 9 1
566
1 11 1
567
1 22 1
570
1 28 1
571
1 9 1
573
1 10 1
576
1 11 1
577
1 8 1
578
1 17 1
580
1 7 1
582
1 10 1
583
1 19 1
586
1 16 1
588
1 22 1
591
1 10 1
593
1 15 1
594
1 18 1
595
1 23 1
597
1 12 1
598
1 16 1
599
1 8 1
600
1 7 1
601
1 21 1
603
1 28 1
609
1 24 1
611
1 17 1
616
1 13 1
617
1 17 1
618
1 15 1
619
1 9 1
624
1 19 1
625
1 18 1
628
1 13 1
629
1 12 1
633
1 20 1
635
1 22 1
636
1 7 1
637
1 10 1
638
1 11 1
640
1 16 1
647
1 13 1
648
1 14 1
649
1 11 1
651
1 17 1
652
1 7 1
659
1 12 1
660
1 13 1
661
1 12 1
663
1 7 1
664
1 9 1
665
1 17 1
666
1 15 1
669
1 12 1
670
1 9 1
672
1 9 1
674
1 17 1
677
1 8 1
681
1 12 1
682
1 13 1
683
1 10 1
684
1 16 1
685
1 16 1
689
1 23 1
692
1 19 1
693
1 10 1
695
1 12 1
698
1 9 1
699
