800 536 1240 18
15 27 12 33 34 17 30 39 29 30 11 17 23 11 27 30 39 34 26 29 20 31 15 37 16 33 17 14 29 25 14 14 21 16 14 17 16 31 32 18 25 37 32 16 12 15 40 25 13 40 40 37 31 18 40 12 36 14 17 14 34 18 25 26 15 31 12 13 37 30 25 15 16 12 24 20 25 17 29 40 23 37 34 39 28 23 20 25 28 22 38 37 21 27 25 20 39 29 21 31 22 39 35 24 31 36 38 37 18 30 22 34 20 38 13 28 34 16 34 25 30 11 34 30 11 11 16 14 37 14 32 13 19 27 16 36 23 36 34 19 22 31 38 40 16 23 25 39 30 18 32 21 34 29 11 35 39 22 13 33 36 25 30 36 30 23 21 20 25 29 26 37 15 19 15 30 16 25 23 30 13 33 34 22 18 25 19 21 27 29 26 20 16 36 29 40 29 26 20 27 29 39 36 34 38 37 14 24 40 26 35 16 14 15 36 29 34 22 38 29 20 27 30 20 30 25 23 20 18 39 19 30 27 27 36 24 12 39 15 38 36 38 25 40 25 15 27 33 37 39 33 24 14 26 39 24 20 19 24 38 17 24 21 30 37 29 27 21 28 23 24 16 23 27 37 17 30 13 24 19 13 27 29 30 30 16 23 21 12 35 18 29 25 22 31 13 38 36 14 17 36 31 20 12 14 37 31 30 28 19 12 20 16 17 38 39 18 31 37 11 15 14 18 34 22 22 39 16 14 27 19 27 22 16 25 20 39 40 36 27 37 14 26 23 14 22 13 29 31 25 19 17 33 15 26 13 15 25 38 39 38 40 31 39 32 16 17 39 33 23 22 25 22 15 16 11 37 37 21 18 36 15 33 32 35 18 25 16 12 29 23 11 31 24 18 25 19 13 31 22 14 11 36 24 25 35 15 38 22 34 33 17 16 15 37 33 13 33 39 14 30 12 35 18 27 38 29 19 36 28 38 26 17 20 13 11 11 27 28 35 15 18 15 28 30 23 20 32 27 17 25 32 39 40 30 40 13 37 24 29 26 13 22 27 15 17 22 30 26 30 27 25 14 26 36 27 17 32 23 40 34 37 36 22 21 12 13 39 18 20 37 32 16 37 14 40 34 25 22 20 34 22 13 33 37 28 27 26 23 15 19 30 21 16 14 32 36 18 24 11 30 16 26 36 30 27 23 37 34 11 37 17 20 25 33 11 19 40 40 19 32 32 14 18 13 30 26 40 32 16 30 35 22 18 38 18 20 14 39 24 25 19 36 36 15 38 16 13 38 17 34 35 15 13 38 26 15 28 30 19 12 14 36 17 20 30 21 11 20 25 14 23 14 32 27 22 12 29 15 15 15 19 26 38 19 14 30 30 26 24 14 31 33 25 32 11 25 35 23 15 15 24 16 17 33 14 35 39 39 21 11 34 36 22 26 13 25 40 28 22 33 29 39 20 28 16 12 32 32 25 22 39 16 40 11 38 33 14 32 16 40 30 37 23 36 22 40 13 22 15 37 37 31 33 15 25 16 11 31 24 20 21 35 25 16 23 20 20 18 14 39 36 28 27 39 27 38 21 31 17 38 35 15 33 19 34 33 23 40 36 29 34 34 34 33 18 19 23 19 35 25 39 14 15 32 36 37 35 25 36 12 19 39 26 38 14 13 23 23 14 31 32 21 39 35 30 34 16 34 23 18 23 34 38 29 17 19 22 33 37 34 17 35 19 38 15 33 11 35 15 36 18 11 17 22 32 11 24 16 32 25 32 11 36 18 40 22 12 22 14 15 27 35 15 19 22 20 23 31 36
5 17 2 23 24 7 20 29 19 20 1 7 13 1 17 20 29 24 16 19 10 21 5 27 6 23 7 4 19 15 4 4 11 6 4 7 6 21 22 8 15 27 22 6 2 5 30 15 3 30 30 27 21 8 30 2 26 4 7 4 24 8 15 16 5 21 2 3 27 20 15 5 6 2 14 10 15 7 19 30 13 27 24 29 18 13 10 15 18 12 28 27 11 17 15 10 29 19 11 21 12 29 25 14 21 26 28 27 8 20 12 24 10 28 3 18 24 6 24 15 20 1 24 20 1 1 6 4 27 4 22 3 9 17 6 26 13 26 24 9 12 21 28 30 6 13 15 29 20 8 22 11 24 19 1 25 29 12 3 23 26 15 20 26 20 13 11 10 15 19 16 27 5 9 5 20 6 15 13 20 3 23 24 12 8 15 9 11 17 19 16 10 6 26 19 30 19 16 10 17 19 29 26 24 28 27 4 14 30 16 25 6 4 5 26 19 24 12 28 19 10 17 20 10 20 15 13 10 8 29 9 20 17 17 26 14 2 29 5 28 26 28 15 30 15 5 17 23 27 29 23 14 4 16 29 14 10 9 14 28 7 14 11 20 27 19 17 11 18 13 14 6 13 17 27 7 20 3 14 9 3 17 19 20 20 6 13 11 2 25 8 19 15 12 21 3 28 26 4 7 26 21 10 2 4 27 21 20 18 9 2 10 6 7 28 29 8 21 27 1 5 4 8 24 12 12 29 6 4 17 9 17 12 6 15 10 29 30 26 17 27 4 16 13 4 12 3 19 21 15 9 7 23 5 16 3 5 15 28 29 28 30 21 29 22 6 7 29 23 13 12 15 12 5 6 1 27 27 11 8 26 5 23 22 25 8 15 6 2 19 13 1 21 14 8 15 9 3 21 12 4 1 26 14 15 25 5 28 12 24 23 7 6 5 27 23 3 23 29 4 20 2 25 8 17 28 19 9 26 18 28 16 7 10 3 1 1 17 18 25 5 8 5 18 20 13 10 22 17 7 15 22 29 30 20 30 3 27 14 19 16 3 12 17 5 7 12 20 16 20 17 15 4 16 26 17 7 22 13 30 24 27 26 12 11 2 3 29 8 10 27 22 6 27 4 30 24 15 12 10 24 12 3 23 27 18 17 16 13 5 9 20 11 6 4 22 26 8 14 1 20 6 16 26 20 17 13 27 24 1 27 7 10 15 23 1 9 30 30 9 22 22 4 8 3 20 16 30 22 6 20 25 12 8 28 8 10 4 29 14 15 9 26 26 5 28 6 3 28 7 24 25 5 3 28 16 5 18 20 9 2 4 26 7 10 20 11 1 10 15 4 13 4 22 17 12 2 19 5 5 5 9 16 28 9 4 20 20 16 14 4 21 23 15 22 1 15 25 13 5 5 14 6 7 23 4 25 29 29 11 1 24 26 12 16 3 15 30 18 12 23 19 29 10 18 6 2 22 22 15 12 29 6 30 1 28 23 4 22 6 30 20 27 13 26 12 30 3 12 5 27 27 21 23 5 15 6 1 21 14 10 11 25 15 6 13 10 10 8 4 29 26 18 17 29 17 28 11 21 7 28 25 5 23 9 24 23 13 30 26 19 24 24 24 23 8 9 13 9 25 15 29 4 5 22 26 27 25 15 26 2 9 29 16 28 4 3 13 13 4 21 22 11 29 25 20 24 6 24 13 8 13 24 28 19 7 9 12 23 27 24 7 25 9 28 5 23 1 25 5 26 8 1 7 12 22 1 14 6 22 15 22 1 26 8 30 12 2 12 4 5 17 25 5 9 12 10 13 21 26
0 3 4
230 300 214 52
0 5 5
632 171 98 501 87
0 13 1
640
0 3 1
422
0 5 2
558 659
0 4 4
210 77 515 634
0 5 6
63 392 206 317 602 708
0 18 2
493 693
0 7 4
268 290 432 102
0 4 5
773 641 617 571 734
0 6 3
519 176 107
0 5 1
798
0 5 2
774 688
0 3 7
514 398 721 349 559 354 382
0 4 7
562 223 401 607 124 365 471
0 4 4
524 635 585 629
0 3 8
440 142 136 162 356 544 331 16
0 5 2
658 108
0 6 1
778
0 8 4
458 636 189 141
0 4 4
25 53 212 279
0 3 8
18 166 710 482 291 288 374 534
0 2 3
165 126 412
0 4 3
508 785 224
0 3 8
795 341 503 492 574 393 275 286
0 3 6
389 81 20 399 145 371
0 4 5
530 625 188 110 742
0 3 9
99 772 22 201 35 170 329 116 581
0 13 3
496 385 429
0 7 2
84 674
0 6 3
168 540 713
0 5 4
384 348 169 91
0 3 11
726 205 216 330 531 184 655 186 345 38 653
0 6 1
9
0 3 7
442 541 396 14 794 462 465
0 4 5
85 619 134 97 484
0 8 2
761 556
0 5 4
31 716 89 185
0 5 3
709 612 633
0 4 6
536 481 490 749 360 227
0 3 1
707
0 5 4
59 566 220 478
0 3 4
510 586 604 150
0 17 1
673
0 5 3
768 140 797
0 17 2
732 775
0 3 3
113 258 192
0 7 3
528 736 611
0 9 3
443 370 46
0 8 1
241
0 4 6
7 705 103 175 49 334
0 6 5
594 244 470 379 58
0 7 1
131
0 4 6
337 294 523 452 593 152
0 6 2
217 475
0 9 1
277
0 5 5
500 613 621 318 381
0 5 3
159 644 786
0 8 4
639 680 664 281
0 4 7
608 557 446 5 222 649 689
0 6 2
34 787
0 5 7
425 233 789 527 790 779 261
0 6 4
238 15 23 340
0 5 1
26
0 4 6
489 714 71 567 322 546
0 13 2
369 582
0 6 3
760 178 161
0 4 4
234 509 368 355
0 3 6
274 735 173 782 293 225
0 4 8
690 563 770 88 321 200 630 631
0 3 8
109 260 656 3 316 406 418 646
0 5 3
148 128 409
0 11 1
255
0 5 3
65 400 289
0 3 7
701 417 213 780 576 517 149
0 8 3
638 504 402
0 4 6
160 662 17 466 438 373
0 3 7
351 228 177 597 703 264 547
0 5 2
257 511
1 16 2
0 287
1 8 1
1
1 11 1
2
1 8 1
4
1 12 1
6
1 7 1
8
1 10 1
10
1 14 1
11
1 16 1
12
1 10 1
13
1 12 1
19
1 6 1
21
1 11 1
24
1 7 1
27
1 14 1
28
1 12 1
29
1 11 1
30
1 8 1
32
1 8 1
33
1 22 1
36
1 12 1
37
1 7 2
39 722
1 7 1
40
1 10 2
41 353
1 37 1
42
1 21 2
43 276
1 10 1
44
1 9 1
45
1 9 1
47
1 7 1
48
1 9 2
50 686
1 11 1
51
1 11 1
54
1 9 1
55
1 30 1
56
1 10 1
57
1 21 1
60
1 11 1
61
1 10 1
62
1 7 1
64
1 7 2
66 323
1 10 1
67
1 16 1
68
1 12 1
69
1 11 1
70
1 6 1
72
1 9 1
73
1 11 1
74
1 10 2
75 271
1 25 1
76
1 10 1
78
1 11 1
79
1 9 1
80
1 18 1
82
1 10 1
83
1 5 1
86
1 10 1
90
1 9 1
92
1 6 1
93
1 8 1
94
1 30 1
95
1 8 1
96
1 7 1
100
1 9 1
101
1 6 1
104
1 8 1
105
1 8 1
106
1 9 1
111
1 18 1
112
1 9 1
114
1 7 1
115
1 10 1
117
1 11 1
118
1 27 1
119
1 7 1
120
1 15 1
121
1 20 1
122
1 17 1
123
1 7 1
125
1 10 1
127
1 20 1
129
1 16 1
130
1 12 1
132
1 20 1
133
1 6 1
135
1 8 1
137
1 16 1
138
1 7 1
139
1 7 1
143
1 21 1
144
1 8 1
146
1 6 1
147
1 7 1
151
1 12 1
153
1 18 1
154
1 17 1
155
1 9 1
156
1 16 1
157
1 8 1
158
1 13 1
163
1 6 1
164
1 11 1
167
1 9 2
172 683
1 12 1
174
1 8 2
179 266
1 8 1
180
1 12 2
181 407
1 11 2
182 397
1 6 1
183
1 12 1
187
1 21 1
190
1 8 1
191
1 7 1
193
1 10 1
194
1 16 2
195 603
1 6 1
196
1 6 3
197 427 687
1 9 1
198
1 14 1
199
1 12 1
202
1 11 1
203
1 9 2
204 505
1 11 1
207
1 8 1
208
1 10 1
209
1 8 1
211
1 9 1
215
1 9 1
218
1 9 1
219
1 10 1
221
1 8 1
226
1 18 1
229
1 9 1
231
1 15 1
232
1 18 1
235
1 7 1
236
1 7 1
237
1 8 1
239
1 9 2
240 616
1 26 1
242
1 30 1
243
1 8 1
245
1 9 1
246
1 12 1
247
1 8 1
248
1 11 1
249
1 23 1
250
1 7 1
251
1 7 1
252
1 8 1
253
1 8 1
254
1 6 1
256
1 6 2
259 691
1 22 1
262
1 18 1
263
1 9 1
265
1 7 1
267
1 7 1
269
1 15 1
270
1 9 1
272
1 10 1
273
1 11 1
278
1 9 1
280
1 12 2
282 495
1 6 1
283
1 8 1
284
1 10 1
285
1 6 1
292
1 8 1
295
1 8 1
296
1 12 1
297
1 12 1
298
1 11 1
299
1 8 1
301
1 15 1
302
1 10 1
303
1 8 1
304
1 21 1
305
1 10 1
306
1 7 1
307
1 7 1
308
1 8 2
309 648
1 8 1
310
1 15 1
311
1 7 1
312
1 9 1
313
1 22 1
314
1 9 1
315
1 10 1
319
1 9 1
320
1 10 1
324
1 20 1
325
1 12 1
326
1 15 1
327
1 18 1
328
1 14 1
332
1 17 1
333
1 10 1
335
1 7 1
336
1 8 1
338
1 9 1
339
1 5 1
342
1 11 1
343
1 13 1
344
1 10 1
346
1 10 1
347
1 10 1
350
1 17 1
352
1 12 1
357
1 8 1
358
1 16 1
359
1 18 1
361
1 8 1
362
1 21 1
363
1 9 1
364
1 10 1
366
1 9 1
367
1 9 1
372
1 8 1
375
1 9 1
376
1 20 1
377
1 10 1
378
1 7 1
380
1 31 1
383
1 26 1
386
1 14 1
387
1 11 1
388
1 10 1
390
1 7 1
391
1 11 1
394
1 11 1
395
1 8 1
403
1 15 1
404
1 12 1
405
1 9 1
408
1 7 1
410
1 10 1
411
1 19 1
413
1 10 1
414
1 21 1
415
1 12 1
416
1 17 1
419
1 6 1
420
1 11 1
421
1 24 1
423
1 12 1
424
1 11 1
426
1 10 1
428
1 23 1
430
1 22 1
431
1 10 1
433
1 6 1
434
1 9 1
435
1 16 1
436
1 7 1
437
1 16 1
439
1 11 1
441
1 8 1
444
1 12 1
445
1 8 1
447
1 18 1
448
1 8 1
449
1 20 1
450
1 16 1
451
1 20 1
453
1 32 1
454
1 29 1
455
1 12 1
456
1 17 1
457
1 8 1
459
1 18 1
460
1 14 1
461
1 14 1
463
1 8 1
464
1 11 1
467
1 12 1
468
1 11 1
469
1 7 1
472
1 10 1
473
1 11 1
474
1 5 1
476
1 10 1
477
1 14 1
479
1 22 1
480
1 17 1
483
1 8 1
485
1 23 2
486 694
1 10 1
487
1 9 1
488
1 7 1
491
1 6 1
494
1 9 1
497
1 14 1
498
1 9 1
499
1 6 1
502
1 8 1
506
1 20 1
507
1 9 1
512
1 14 1
513
1 8 2
516 720
1 19 1
518
1 14 1
520
1 9 1
521
1 17 1
522
1 14 1
525
1 14 1
526
1 10 1
529
1 8 1
532
1 23 1
533
1 8 1
535
1 14 1
537
1 7 1
538
1 17 1
539
1 10 1
542
1 10 2
543 654
1 10 1
545
1 10 1
548
1 6 1
549
1 8 1
550
1 9 1
551
1 7 1
552
1 23 2
553 783
1 10 1
554
1 7 1
555
1 8 1
560
1 8 1
561
1 12 1
564
1 8 1
565
1 6 1
568
1 15 1
569
1 10 1
570
1 9 1
572
1 14 1
573
1 15 1
575
1 15 1
577
1 6 1
578
1 10 1
579
1 8 1
580
1 11 1
583
1 6 1
584
1 7 1
587
1 10 1
588
1 10 1
589
1 7 1
590
1 11 1
591
1 8 1
592
1 10 1
595
1 28 1
596
1 10 2
598 618
1 9 1
599
1 8 1
600
1 8 1
601
1 10 1
605
1 15 1
606
1 7 1
609
1 7 1
610
1 10 1
614
1 21 1
615
1 9 1
620
1 15 1
622
1 13 1
623
1 15 2
624 645
1 8 1
626
1 8 1
627
1 31 1
628
1 13 1
637
1 7 1
642
1 11 1
643
1 12 1
647
1 11 1
650
1 10 1
651
1 17 1
652
1 9 1
657
1 21 1
660
1 8 1
661
1 9 1
663
1 8 1
665
1 9 1
666
1 14 1
667
1 12 1
668
1 10 1
669
1 9 1
670
1 21 1
671
1 9 1
672
1 8 1
675
1 9 1
676
1 23 1
677
1 16 1
678
1 16 1
679
1 6 1
681
1 8 1
682
1 9 1
684
1 11 1
685
1 11 1
692
1 11 1
695
1 10 1
696
1 10 1
697
1 8 1
698
1 20 1
699
1 12 1
700
1 11 1
702
1 8 1
704
1 9 1
706
1 8 1
711
1 12 1
712
1 19 1
715
1 11 1
717
1 18 1
718
1 7 1
719
1 16 1
723
1 17 1
724
1 17 1
725
1 9 1
727
1 8 1
728
1 11 1
729
1 14 1
730
1 7 1
731
1 11 1
733
1 8 1
737
1 6 1
738
1 8 1
739
1 8 1
740
1 12 1
741
1 7 1
743
1 11 1
744
1 7 1
745
1 10 1
746
1 10 1
747
1 7 1
748
1 8 1
750
1 11 1
751
1 9 1
752
1 7 1
753
1 7 1
754
1 13 1
755
1 10 1
756
1 15 1
757
1 11 1
758
1 7 1
759
1 11 1
762
1 8 1
763
1 6 1
764
1 6 1
765
1 11 1
766
1 10 1
767
1 8 1
769
1 23 1
771
1 7 1
776
1 13 1
777
1 8 1
781
1 7 1
784
1 8 1
788
1 13 1
791
1 14 1
792
1 7 1
793
1 15 1
796
1 10 1
799
