300 238 465 20
12 31 39 21 25 11 14 26 28 13 13 35 22 13 16 40 12 25 31 37 31 15 19 25 31 28 30 32 36 22 16 38 22 28 18 36 33 21 36 28 40 15 22 20 22 35 24 36 20 27 35 32 26 15 39 28 19 26 15 23 12 21 32 29 30 21 16 12 25 13 25 37 22 14 40 27 12 22 22 33 32 23 30 13 25 16 28 18 39 35 14 28 28 40 24 13 37 13 12 29 21 24 20 20 19 38 12 18 29 11 13 20 19 16 35 28 25 33 20 37 22 33 35 40 19 25 24 40 13 24 14 19 39 28 30 14 18 25 31 31 29 32 19 13 14 31 33 11 14 26 33 13 26 12 28 12 38 23 34 11 37 11 30 19 21 40 14 22 17 15 20 13 25 32 20 31 24 12 19 16 14 34 30 17 16 23 11 37 17 22 40 23 27 16 25 39 35 34 28 38 18 37 35 13 13 24 23 36 31 40 36 13 14 21 37 29 16 21 11 14 21 11 34 15 32 15 16 13 34 33 30 27 29 34 30 39 39 11 34 29 34 39 17 23 22 11 29 40 22 20 14 31 37 26 37 21 34 22 26 11 38 13 40 16 20 32 40 32 37 30 12 25 26 31 36 23 21 14 23 24 17 32 22 30 25 16 17 21 17 38 13 40 35 23 28 24 19 32 35 28
2 21 29 11 15 1 4 16 18 3 3 25 12 3 6 30 2 15 21 27 21 5 9 15 21 18 20 22 26 12 6 28 12 18 8 26 23 11 26 18 30 5 12 10 12 25 14 26 10 17 25 22 16 5 29 18 9 16 5 13 2 11 22 19 20 11 6 2 15 3 15 27 12 4 30 17 2 12 12 23 22 13 20 3 15 6 18 8 29 25 4 18 18 30 14 3 27 3 2 19 11 14 10 10 9 28 2 8 19 1 3 10 9 6 25 18 15 23 10 27 12 23 25 30 9 15 14 30 3 14 4 9 29 18 20 4 8 15 21 21 19 22 9 3 4 21 23 1 4 16 23 3 16 2 18 2 28 13 24 1 27 1 20 9 11 30 4 12 7 5 10 3 15 22 10 21 14 2 9 6 4 24 20 7 6 13 1 27 7 12 30 13 17 6 15 29 25 24 18 28 8 27 25 3 3 14 13 26 21 30 26 3 4 11 27 19 6 11 1 4 11 1 24 5 22 5 6 3 24 23 20 17 19 24 20 29 29 1 24 19 24 29 7 13 12 1 19 30 12 10 4 21 27 16 27 11 24 12 16 1 28 3 30 6 10 22 30 22 27 20 2 15 16 21 26 13 11 4 13 14 7 22 12 20 15 6 7 11 7 28 3 30 25 13 18 14 9 22 25 18
0 10 2
38 214
0 12 1
43
0 15 1
116
0 7 4
6 72 21 245
0 9 1
89
0 10 1
262
0 14 1
18
0 5 1
124
0 10 3
266 269 40
0 8 1
279
0 7 2
33 177
0 12 2
240 34
0 7 4
76 174 70 23
0 11 4
140 87 59 292
0 18 1
207
0 13 2
60 156
0 8 2
241 249
0 8 1
29
0 7 1
261
0 9 3
81 271 154
0 20 1
25
0 6 2
101 24
0 8 3
257 100 93
0 17 2
289 238
0 8 2
290 270
0 13 1
49
0 9 4
298 112 102 230
0 7 1
17
0 4 1
288
0 9 3
119 58 16
0 15 1
209
0 6 2
172 53
0 5 1
147
0 18 1
252
0 15 1
254
0 7 1
78
0 6 3
276 287 9
0 17 2
31 75
0 7 3
4 84 161
0 6 2
178 211
0 6 1
179
0 7 4
106 234 267 95
0 11 2
64 201
0 14 3
195 275 296
0 7 1
14
0 7 1
244
0 19 1
190
0 7 2
12 192
0 8 4
132 10 86 221
0 15 1
217
0 11 2
62 281
0 7 3
188 42 94
0 14 1
167
0 10 2
203 291
0 7 2
280 182
0 8 2
28 164
0 6 3
0 46 175
0 5 1
225
0 15 1
162
0 12 1
145
0 13 1
196
0 24 2
92 247
0 7 1
143
0 26 1
229
0 11 3
26 35 273
1 25 1
1
1 23 1
2
1 28 1
3
1 14 1
5
1 16 1
7
1 15 1
8
1 18 1
11
1 18 1
13
1 37 1
15
1 24 1
19
1 18 1
20
1 20 1
22
1 33 2
27 105
1 16 1
30
1 16 1
32
1 17 1
36
1 15 1
37
1 24 1
39
1 15 1
41
1 15 1
44
1 25 1
45
1 21 1
47
1 17 1
48
1 14 1
50
1 33 1
51
1 11 1
52
1 28 1
54
1 14 1
55
1 19 1
56
1 16 2
57 255
1 28 1
61
1 26 1
63
1 24 1
65
1 16 1
66
1 17 1
67
1 18 1
68
1 17 1
69
1 19 1
71
1 16 1
73
1 28 1
74
1 29 1
77
1 22 1
79
1 27 1
80
1 16 1
82
1 22 1
83
1 25 1
85
1 31 1
88
1 17 1
90
1 16 2
91 117
1 18 1
96
1 20 1
97
1 18 1
98
1 15 1
99
1 18 1
103
1 13 2
104 118
1 20 1
107
1 14 1
108
1 20 1
109
1 31 1
110
1 22 1
111
1 21 1
113
1 19 1
114
1 13 1
115
1 24 1
120
1 22 1
121
1 17 1
122
1 36 1
123
1 30 1
125
1 19 1
126
1 20 1
127
1 14 1
128
1 20 1
129
1 21 2
130 219
1 15 1
131
1 19 1
133
1 26 1
134
1 27 1
135
1 18 1
136
1 21 1
137
1 17 1
138
1 25 1
139
1 13 1
141
1 27 1
142
1 13 1
144
1 14 1
146
1 21 1
148
1 23 1
149
1 14 1
150
1 15 1
151
1 14 1
152
1 9 1
153
1 20 2
155 232
1 22 1
157
1 24 1
158
1 11 1
159
1 22 1
160
1 21 1
163
1 22 1
165
1 17 1
166
1 16 1
168
1 15 1
169
1 19 1
170
1 26 1
171
1 24 1
173
1 39 1
176
1 21 1
180
1 16 1
181
1 30 1
183
1 22 1
184
1 20 1
185
1 21 1
186
1 19 1
187
1 24 1
189
1 20 1
191
1 19 1
193
1 20 1
194
1 17 1
197
1 18 1
198
1 23 1
199
1 25 1
200
1 16 1
202
1 13 1
204
1 14 1
205
1 20 1
206
1 23 1
208
1 25 1
210
1 19 1
212
1 29 1
213
1 20 1
215
1 25 1
216
1 17 1
218
1 19 1
220
1 30 1
222
1 21 1
223
1 19 1
224
1 21 1
226
1 17 1
227
1 19 1
228
1 17 1
231
1 15 1
233
1 36 1
235
1 20 1
236
1 13 1
237
1 34 1
239
1 18 1
242
1 17 1
243
1 29 1
246
1 13 1
248
1 23 1
250
1 13 1
251
1 24 1
253
1 19 1
256
1 21 1
258
1 15 1
259
1 26 1
260
1 14 1
263
1 20 1
264
1 16 1
265
1 17 1
268
1 23 1
272
1 19 1
274
1 15 1
277
1 29 1
278
1 23 1
282
1 25 1
283
1 29 1
284
1 19 1
285
1 26 1
286
1 17 1
293
1 23 1
294
1 17 1
295
1 22 1
297
1 28 1
299
