500 361 775 20
35 12 25 28 35 35 30 27 17 38 35 26 40 20 40 29 26 25 29 36 36 11 17 21 17 28 11 21 33 17 11 21 34 29 26 24 16 36 37 16 24 33 40 16 36 35 14 24 30 23 27 17 31 12 24 34 25 34 40 27 34 13 30 24 11 40 12 23 29 17 36 12 40 39 35 31 12 15 31 22 32 17 18 28 28 31 17 26 11 37 27 13 24 14 16 38 15 25 34 38 26 27 30 21 31 33 20 30 36 37 11 24 24 20 22 18 36 34 11 21 25 26 28 37 38 40 17 11 29 23 13 18 22 28 33 11 32 39 16 35 26 21 39 22 35 22 19 40 24 23 35 16 32 22 32 32 16 31 32 27 27 12 29 28 31 39 32 38 11 11 14 31 33 16 19 37 25 20 35 38 13 35 36 28 40 28 27 36 32 20 39 37 29 21 38 11 19 14 23 32 36 19 14 12 33 29 18 26 24 12 20 13 36 31 24 13 19 13 17 17 17 19 31 13 35 11 12 30 33 31 26 40 14 21 19 17 17 22 26 37 13 30 19 23 40 14 18 13 37 32 16 40 12 39 26 40 40 29 19 19 14 31 26 21 40 16 35 38 33 20 18 40 18 31 23 33 39 13 31 39 11 26 24 29 33 18 18 23 39 35 18 29 24 13 34 17 27 27 18 36 11 19 23 34 30 27 40 14 31 25 19 27 23 20 34 22 40 39 18 22 22 30 15 28 25 22 37 38 30 23 32 18 14 32 17 14 23 15 20 18 24 26 33 40 26 38 33 14 26 26 13 31 26 30 16 39 38 19 22 36 39 34 28 37 17 33 12 29 26 39 18 39 14 21 23 15 38 24 15 26 25 15 11 33 22 19 32 24 32 16 14 11 32 34 18 34 15 16 14 28 25 25 40 40 12 13 30 11 30 40 24 27 25 15 13 18 27 40 19 34 26 35 13 31 36 22 31 17 32 17 36 33 37 13 34 28 37 39 36 27 13 13 15 31 40 32 39 37 33 14 18 34 32 30 33 13 26 38 33 28 34 14 32 31 40 25 29 20 11 40 11 39 19 20 29 25 11 23 37 31 18 34 35 13 30 29 29 33 24 24 15 12 32 24 16 19 32 36 25 27
25 2 15 18 25 25 20 17 7 28 25 16 30 10 30 19 16 15 19 26 26 1 7 11 7 18 1 11 23 7 1 11 24 19 16 14 6 26 27 6 14 23 30 6 26 25 4 14 20 13 17 7 21 2 14 24 15 24 30 17 24 3 20 14 1 30 2 13 19 7 26 2 30 29 25 21 2 5 21 12 22 7 8 18 18 21 7 16 1 27 17 3 14 4 6 28 5 15 24 28 16 17 20 11 21 23 10 20 26 27 1 14 14 10 12 8 26 24 1 11 15 16 18 27 28 30 7 1 19 13 3 8 12 18 23 1 22 29 6 25 16 11 29 12 25 12 9 30 14 13 25 6 22 12 22 22 6 21 22 17 17 2 19 18 21 29 22 28 1 1 4 21 23 6 9 27 15 10 25 28 3 25 26 18 30 18 17 26 22 10 29 27 19 11 28 1 9 4 13 22 26 9 4 2 23 19 8 16 14 2 10 3 26 21 14 3 9 3 7 7 7 9 21 3 25 1 2 20 23 21 16 30 4 11 9 7 7 12 16 27 3 20 9 13 30 4 8 3 27 22 6 30 2 29 16 30 30 19 9 9 4 21 16 11 30 6 25 28 23 10 8 30 8 21 13 23 29 3 21 29 1 16 14 19 23 8 8 13 29 25 8 19 14 3 24 7 17 17 8 26 1 9 13 24 20 17 30 4 21 15 9 17 13 10 24 12 30 29 8 12 12 20 5 18 15 12 27 28 20 13 22 8 4 22 7 4 13 5 10 8 14 16 23 30 16 28 23 4 16 16 3 21 16 20 6 29 28 9 12 26 29 24 18 27 7 23 2 19 16 29 8 29 4 11 13 5 28 14 5 16 15 5 1 23 12 9 22 14 22 6 4 1 22 24 8 24 5 6 4 18 15 15 30 30 2 3 20 1 20 30 14 17 15 5 3 8 17 30 9 24 16 25 3 21 26 12 21 7 22 7 26 23 27 3 24 18 27 29 26 17 3 3 5 21 30 22 29 27 23 4 8 24 22 20 23 3 16 28 23 18 24 4 22 21 30 15 19 10 1 30 1 29 9 10 19 15 1 13 27 21 8 24 25 3 20 19 19 23 14 14 5 2 22 14 6 9 22 26 15 17
0 14 1
481
0 11 2
76 119
0 6 4
305 331 192 143
1 13 2
236 205
0 5 4
499 162 261 129
0 11 2
65 491
0 8 3
440 154 197
0 16 2
166 82
0 10 4
463 242 386 170
0 5 5
135 62 321 193 494
0 10 4
131 409 314 64
0 6 2
81 329
0 22 2
457 296
0 4 2
172 456
0 7 2
374 336
0 7 3
335 4 328
0 11 1
455
0 10 4
147 475 121 2
0 7 1
266
0 11 2
280 424
0 7 5
496 324 38 58 252
0 10 1
497
0 14 1
276
0 6 5
189 323 311 109 259
0 7 2
211 479
0 5 1
449
0 8 2
301 467
0 6 5
498 297 258 340 464
0 6 3
217 20 384
0 4 1
398
0 6 3
74 206 326
0 7 4
171 453 267 11
0 9 2
471 414
0 6 7
235 275 391 377 174 1 402
0 15 1
303
0 17 1
40
0 6 4
212 128 472 270
0 6 4
306 433 218 343
0 8 2
183 442
0 9 1
278
0 9 1
67
0 13 3
365 56 351
0 7 1
441
0 7 4
90 443 25 468
0 9 2
393 465
0 5 4
122 156 286 364
0 8 2
198 60
0 9 3
233 134 107
0 6 3
262 245 492
0 5 8
207 187 0 113 397 367 452 289
0 8 3
69 157 44
0 16 1
126
0 5 3
268 369 230
0 5 2
431 476
0 5 3
204 408 48
0 6 5
229 287 308 412 115
0 5 5
182 146 381 458 355
0 9 4
55 317 363 47
0 5 4
46 346 434 362
0 5 2
87 140
0 11 1
318
0 6 2
214 188
0 5 5
421 222 34 101 91
0 15 1
330
0 7 1
100
0 11 2
142 413
0 8 1
43
0 6 6
373 165 111 108 410 226
0 6 5
215 77 10 125 78
0 8 3
219 299 432
0 13 2
144 358
0 6 1
148
0 14 1
177
0 10 3
151 161 201
0 9 2
184 179
1 14 1
3
1 17 1
5
1 20 1
6
1 23 1
7
1 14 1
8
1 18 1
9
1 15 1
12
1 15 1
13
1 16 1
14
1 16 1
15
1 12 1
16
1 13 1
17
1 10 1
18
1 16 1
19
1 11 1
21
1 26 1
22
1 12 1
23
1 13 1
24
1 16 1
26
1 14 1
27
1 14 1
28
1 29 1
29
1 19 2
30 145
1 18 1
31
1 15 1
32
1 17 1
33
1 20 1
35
1 20 1
36
1 20 1
37
1 14 1
39
1 13 1
41
1 13 1
42
1 16 1
45
1 16 1
49
1 13 1
50
1 19 1
51
1 19 1
52
1 12 1
53
1 16 1
54
1 15 1
57
1 16 1
59
1 18 1
61
1 18 1
63
1 10 1
66
1 14 1
68
1 18 1
70
1 18 1
71
1 16 1
72
1 25 1
73
1 17 1
75
1 24 1
79
1 13 1
80
1 26 1
83
1 16 1
84
1 11 1
85
1 11 1
86
1 20 1
88
1 12 1
89
1 19 2
92 190
1 19 1
93
1 16 1
94
1 11 1
95
1 23 1
96
1 16 1
97
1 17 1
98
1 14 2
99 418
1 14 1
102
1 12 1
103
1 15 1
104
1 22 1
105
1 11 1
106
1 18 1
110
1 18 1
112
1 35 1
114
1 13 1
116
1 14 1
117
1 11 1
118
1 19 1
120
1 23 1
123
1 36 1
124
1 13 1
127
1 14 1
130
1 13 1
132
1 20 1
133
1 16 1
136
1 18 1
137
1 11 1
138
1 21 1
139
1 17 1
141
1 17 1
149
1 14 1
150
1 11 1
152
1 14 1
153
1 13 1
155
1 18 1
158
1 21 1
159
1 13 1
160
1 19 1
163
1 18 1
164
1 18 1
167
1 16 1
168
1 21 1
169
1 12 1
173
1 11 1
175
1 12 1
176
1 20 1
178
1 9 1
180
1 19 1
181
1 14 1
185
1 16 1
186
1 21 1
191
1 17 1
194
1 10 1
195
1 13 1
196
1 16 1
199
1 18 1
200
1 12 1
202
1 10 1
203
1 22 1
208
1 12 1
209
1 15 1
210
1 18 1
213
1 26 2
216 425
1 12 2
220 422
1 12 1
221
1 12 1
223
1 21 1
224
1 19 1
225
1 17 1
227
1 12 1
228
1 13 1
231
1 17 1
232
1 12 1
234
1 12 1
237
1 15 1
238
1 16 1
239
1 14 1
240
1 12 1
241
1 14 1
243
1 21 1
244
1 14 1
246
1 16 1
247
1 14 1
248
1 10 1
249
1 19 1
250
1 22 1
251
1 22 1
253
1 16 1
254
1 16 1
255
1 11 2
256 271
1 31 1
257
1 12 1
260
1 13 1
263
1 17 1
264
1 12 1
265
1 17 2
269 285
1 21 1
272
1 11 1
273
1 17 1
274
1 18 1
277
1 22 1
279
1 17 1
281
1 21 1
282
1 19 1
283
1 16 1
284
1 13 1
288
1 16 1
290
1 16 1
291
1 13 1
292
1 10 1
293
1 14 1
294
1 17 1
295
1 16 1
298
1 12 1
300
1 22 2
302 436
1 13 1
304
1 26 1
307
1 17 1
309
1 11 1
310
1 21 1
312
1 23 1
313
1 21 1
315
1 16 1
316
1 15 1
319
1 15 1
320
1 12 1
322
1 12 1
325
1 15 1
327
1 18 1
332
1 14 1
333
1 12 1
334
1 13 1
337
1 20 1
338
1 14 1
339
1 11 1
341
1 13 1
342
1 17 1
344
1 23 1
345
1 17 1
347
1 12 1
348
1 18 1
349
1 14 1
350
1 14 1
352
1 25 1
353
1 19 1
354
1 24 1
356
1 13 1
357
1 16 1
359
1 18 1
360
1 14 1
361
1 18 1
366
1 12 1
368
1 17 1
370
1 16 1
371
1 10 1
372
1 13 1
375
1 13 1
376
1 20 1
378
1 11 1
379
1 14 1
380
1 20 1
382
1 22 1
383
1 12 1
385
1 15 1
387
1 18 1
388
1 15 1
389
1 11 1
390
1 11 1
392
1 13 1
394
1 10 1
395
1 11 1
396
1 15 1
399
1 16 1
400
1 12 1
401
1 20 1
403
1 12 1
404
1 14 1
405
1 13 1
406
1 11 1
407
1 15 1
411
1 20 1
415
1 15 1
416
1 26 1
417
1 16 1
419
1 12 1
420
1 13 1
423
1 13 1
426
1 14 1
427
1 13 1
428
1 15 1
429
1 15 1
430
1 19 1
435
1 13 1
437
1 12 1
438
1 16 1
439
1 24 1
444
1 15 1
445
1 28 1
446
1 27 1
447
1 21 1
448
1 15 1
450
1 17 1
451
1 11 1
454
1 13 1
459
1 32 1
460
1 16 1
461
1 14 1
462
1 15 1
466
1 12 1
469
1 17 1
470
1 17 1
473
1 10 1
474
1 14 1
477
1 15 1
478
1 14 1
480
1 11 1
482
1 14 1
483
1 24 1
484
1 25 1
485
1 18 1
486
1 14 1
487
1 21 1
488
1 12 1
489
1 17 1
490
1 31 1
493
1 11 1
495
