700 86 1085 47
35 33 35 20 25 20 32 27 29 36 14 37 17 37 13 29 29 29 25 19 12 22 11 11 38 30 24 35 14 40 39 22 15 22 36 37 27 40 34 19 23 26 33 36 22 26 20 37 23 37 17 33 35 39 14 40 18 14 32 32 19 16 13 14 31 22 30 29 34 13 19 17 24 33 20 22 27 40 25 15 12 34 20 37 35 40 21 24 17 38 13 31 18 24 28 33 22 36 29 31 38 35 39 27 17 29 27 37 11 18 30 28 33 20 37 20 30 16 15 18 30 11 20 20 28 23 33 15 36 23 24 18 18 13 18 21 32 26 30 27 24 39 22 29 13 40 23 35 14 31 33 23 15 14 27 35 20 26 32 25 30 27 24 11 32 40 23 25 18 18 19 20 38 37 12 23 32 19 21 36 30 30 21 37 39 16 40 34 11 27 27 17 16 35 12 16 15 24 22 16 14 38 22 13 22 11 27 16 25 14 29 22 28 31 26 19 23 34 14 40 18 16 11 18 17 26 27 14 34 25 13 39 35 19 30 38 25 30 23 30 30 11 14 38 25 19 13 21 24 27 16 31 14 35 22 17 15 15 17 11 13 12 19 15 20 38 38 26 40 23 11 28 16 40 31 35 38 24 40 27 17 28 25 29 37 32 17 23 23 21 34 33 21 16 31 39 16 24 30 26 14 17 12 18 19 38 38 32 14 33 18 12 21 25 22 23 18 24 11 19 17 18 22 21 13 35 35 38 18 31 19 22 39 36 22 12 28 14 11 37 27 16 24 36 40 40 15 27 28 14 15 26 15 25 28 11 40 30 18 24 40 40 26 22 29 38 31 34 37 29 40 33 40 19 34 38 26 19 16 11 17 40 28 30 31 16 24 25 18 30 20 18 13 12 11 11 26 31 11 14 28 29 34 34 27 19 20 37 16 30 37 33 22 23 21 11 40 36 17 34 12 20 32 32 32 17 33 27 32 40 22 35 38 25 40 28 17 33 38 28 25 15 12 20 21 19 30 18 14 34 36 25 19 24 25 34 27 14 32 11 38 20 33 34 15 38 31 21 38 25 25 29 30 33 25 15 29 16 20 27 37 29 40 30 30 18 25 36 21 28 36 29 37 37 21 23 39 25 40 30 31 12 31 22 13 27 11 31 38 30 29 40 35 21 24 15 39 38 23 20 33 26 36 18 22 23 13 30 29 17 27 23 35 22 13 36 31 24 40 14 17 15 33 22 26 35 33 18 33 31 21 21 12 17 18 19 36 14 25 36 22 14 18 16 15 14 40 25 36 35 36 24 27 11 17 16 21 25 17 22 28 20 19 19 14 19 12 40 23 35 22 14 26 31 32 18 31 33 23 37 12 31 35 28 36 12 14 33 36 28 12 11 39 39 17 11 34 37 33 37 14 12 11 23 35 24 27 16 40 26 26 21 37 16 24 34 38 21 11 11 29 34 14 36 16 17 18 23 40 37 21 19 26 23 39 19 12 39 33 13 40 18 28 31 13 39 36 19 16 14 39 34 12 23 19 29 38 16 19 34 11 22 34 27 30 21 39 13 31 15 19 23 32 36 21 38 28 33 22 23
25 23 25 10 15 10 22 17 19 26 4 27 7 27 3 19 19 19 15 9 2 12 1 1 28 20 14 25 4 30 29 12 5 12 26 27 17 30 24 9 13 16 23 26 12 16 10 27 13 27 7 23 25 29 4 30 8 4 22 22 9 6 3 4 21 12 20 19 24 3 9 7 14 23 10 12 17 30 15 5 2 24 10 27 25 30 11 14 7 28 3 21 8 14 18 23 12 26 19 21 28 25 29 17 7 19 17 27 1 8 20 18 23 10 27 10 20 6 5 8 20 1 10 10 18 13 23 5 26 13 14 8 8 3 8 11 22 16 20 17 14 29 12 19 3 30 13 25 4 21 23 13 5 4 17 25 10 16 22 15 20 17 14 1 22 30 13 15 8 8 9 10 28 27 2 13 22 9 11 26 20 20 11 27 29 6 30 24 1 17 17 7 6 25 2 6 5 14 12 6 4 28 12 3 12 1 17 6 15 4 19 12 18 21 16 9 13 24 4 30 8 6 1 8 7 16 17 4 24 15 3 29 25 9 20 28 15 20 13 20 20 1 4 28 15 9 3 11 14 17 6 21 4 25 12 7 5 5 7 1 3 2 9 5 10 28 28 16 30 13 1 18 6 30 21 25 28 14 30 17 7 18 15 19 27 22 7 13 13 11 24 23 11 6 21 29 6 14 20 16 4 7 2 8 9 28 28 22 4 23 8 2 11 15 12 13 8 14 1 9 7 8 12 11 3 25 25 28 8 21 9 12 29 26 12 2 18 4 1 27 17 6 14 26 30 30 5 17 18 4 5 16 5 15 18 1 30 20 8 14 30 30 16 12 19 28 21 24 27 19 30 23 30 9 24 28 16 9 6 1 7 30 18 20 21 6 14 15 8 20 10 8 3 2 1 1 16 21 1 4 18 19 24 24 17 9 10 27 6 20 27 23 12 13 11 1 30 26 7 24 2 10 22 22 22 7 23 17 22 30 12 25 28 15 30 18 7 23 28 18 15 5 2 10 11 9 20 8 4 24 26 15 9 14 15 24 17 4 22 1 28 10 23 24 5 28 21 11 28 15 15 19 20 23 15 5 19 6 10 17 27 19 30 20 20 8 15 26 11 18 26 19 27 27 11 13 29 15 30 20 21 2 21 12 3 17 1 21 28 20 19 30 25 11 14 5 29 28 13 10 23 16 26 8 12 13 3 20 19 7 17 13 25 12 3 26 21 14 30 4 7 5 23 12 16 25 23 8 23 21 11 11 2 7 8 9 26 4 15 26 12 4 8 6 5 4 30 15 26 25 26 14 17 1 7 6 11 15 7 12 18 10 9 9 4 9 2 30 13 25 12 4 16 21 22 8 21 23 13 27 2 21 25 18 26 2 4 23 26 18 2 1 29 29 7 1 24 27 23 27 4 2 1 13 25 14 17 6 30 16 16 11 27 6 14 24 28 11 1 1 19 24 4 26 6 7 8 13 30 27 11 9 16 13 29 9 2 29 23 3 30 8 18 21 3 29 26 9 6 4 29 24 2 13 9 19 28 6 9 24 1 12 24 17 20 11 29 3 21 5 9 13 22 26 11 28 18 23 12 13
6 19 17
559 255 254 517 147 329 477 269 667 582 320 243 38 50 482 550 639
2 3 7
85 316 379 193 94 196 280
8 12 14
649 454 539 182 291 373 485 127 619 629 545 221 116 652
4 10 13
168 24 150 96 109 655 353 165 671 522 252 677 33
1 7 6
598 265 410 61 222 143
1 4 8
90 173 219 596 187 19 53 511
4 2 9
4 341 60 253 562 98 437 68 163
6 11 14
699 670 198 113 389 200 303 359 296 33 463 500 86 342
3 10 13
459 112 364 93 686 529 512 56 282 564 158 2 527
1 17 6
526 169 391 14 308 309
7 19 14
337 58 399 236 569 523 453 469 492 358 665 617 554 30
3 7 15
413 603 104 478 326 209 669 516 572 416 132 439 224 17 676
1 13 5
333 589 92 78 110
3 15 12
429 527 579 494 81 412 362 217 228 438 518 596
7 10 17
395 501 374 164 266 653 471 118 324 361 548 122 144 666 387 464 651
2 18 17
325 386 513 690 117 95 14 231 515 566 251 39 119 146 203 677 698
1 19 11
615 538 283 72 65 344 192 40 521 383 470
2 19 13
380 196 581 366 152 426 651 42 292 232 25 433 638
2 14 3
23 659 499
1 12 9
13 146 407 151 350 382 440 460 542
3 10 13
330 592 409 541 518 318 372 474 693 119 495 76 455
1 18 7
242 305 71 460 418 601 275
3 7 11
162 149 250 346 664 674 568 89 142 293 468
1 8 5
68 585 82 70 239
2 15 10
352 275 311 230 10 213 508 215 98 569
2 10 4
486 355 290 310
2 1 6
595 444 387 228 147 630
4 12 11
400 217 398 268 18 9 553 233 302 189 530
3 3 8
245 680 88 343 458 443 205 12
4 11 10
682 249 451 381 244 304 647 600 160 238
1 8 9
370 12 639 58 95 123 246 281 499
2 1 8
365 161 620 175 83 190 226 114
2 15 12
136 301 220 129 223 369 552 580 163 277 359 648
1 18 7
67 621 497 191 157 505 276
9 17 16
685 204 229 315 396 560 470 307 156 475 212 186 48 247 336 523
2 8 12
270 317 467 50 248 377 27 641 102 37 219 373
5 16 10
468 404 570 479 62 103 276 207 3 226
3 10 9
185 631 625 154 176 70 106 145 478
2 5 6
424 383 339 278 568 696
3 11 7
321 264 259 41 440 59 593
1 4 13
556 45 530 15 54 421 294 611 502 367 314 7 195
4 1 14
241 605 673 613 51 1 34 563 431 394 640 551 449 531
2 14 8
628 577 69 153 606 506 25 283
1 11 6
139 547 349 583 202 427
1 8 3
417 574 634
4 4 12
435 371 385 342 388 36 678 452 211 668 397 170
4 10 16
558 43 111 97 19 607 511 536 263 106 80 107 332 555 491 649
3 3 15
378 124 375 401 482 227 235 627 110 183 403 587 473 480 600
5 16 10
648 261 238 550 363 504 74 281 348 59
2 19 8
66 584 535 295 534 489 239 668
1 8 17
614 442 632 323 52 78 300 663 599 447 476 557 368 366 381 537 695
1 18 9
635 288 576 420 488 319 235 380 538
7 7 13
636 100 402 622 134 28 335 64 384 75 125 541 614
2 9 6
688 53 578 392 654 97
2 19 5
696 55 5 624 679
2 8 11
691 376 32 87 457 181 428 64 320 393 620
1 13 8
267 285 298 422 237 683 49 475
2 12 11
608 210 91 532 44 406 258 142 45 278 517
1 15 7
593 692 602 347 130 483 659
2 2 4
206 22 571 645
2 19 15
120 461 8 159 448 179 86 0 73 121 354 123 336 4 268
1 4 7
487 216 322 72 213 348 559
3 13 15
491 650 658 425 194 63 419 143 131 445 401 434 509 561 670
5 19 10
528 214 297 408 446 26 171 540 415 286
3 4 10
427 177 465 35 544 694 191 209 394 581
5 10 12
312 155 262 588 450 21 99 525 520 360 519 522
1 7 6
130 79 246 546 315 599
2 11 15
483 184 472 484 456 3 441 356 646 524 630 642 84 411 297
3 1 14
306 657 567 277 464 271 656 509 256 436 115 514 434 621
2 13 10
279 225 503 594 240 644 57 178 338 411
1 11 7
105 180 681 623 561 609 287
1 18 19
280 274 610 101 29 689 697 351 618 462 390 498 6 20 446 493 566 575 601
3 17 10
47 537 616 662 197 203 328 626 65 126
2 11 9
140 493 201 260 466 612 258 375 584
7 6 12
687 660 382 135 438 357 575 202 108 695 533 141
5 18 11
126 308 684 77 633 542 637 496 293 112 325
3 6 8
284 16 345 405 46 188 195 208
1 1 4
199 138 471 595
1 3 6
634 507 287 128 481 571
2 15 6
327 393 137 672 398 687
3 8 12
676 573 334 148 414 114 11 340 490 167 273 313
1 16 7
234 272 543 643 6 412 480
2 7 6
432 430 591 299 169 390
2 16 11
166 172 257 604 565 586 174 549 510 675 289
1 13 3
133 698 181
6 2 10
309 145 31 597 286 590 423 331 661 218
