1000 96 1550 67
20 23 26 23 28 21 26 38 35 24 38 38 18 21 20 35 22 39 24 29 34 40 24 23 12 27 12 36 28 27 14 13 23 40 30 34 14 31 20 12 22 17 12 40 24 34 16 26 25 19 37 12 34 12 15 15 12 27 34 15 38 33 27 23 27 16 16 14 13 17 16 40 29 40 19 31 38 28 36 30 29 34 26 33 39 32 39 16 28 21 23 18 34 27 31 36 18 38 35 27 12 30 29 40 29 20 22 27 32 24 35 39 12 11 33 35 30 23 24 27 37 11 33 25 18 24 40 21 26 28 26 14 18 15 19 36 28 14 12 11 38 14 21 30 24 21 17 12 36 29 25 30 12 22 16 28 35 15 38 24 18 25 39 34 29 21 27 40 27 31 27 19 12 20 12 37 25 29 23 31 31 25 19 16 38 35 24 39 29 32 29 20 30 29 13 36 28 11 19 28 31 28 25 14 39 17 32 34 38 19 29 15 27 27 21 19 34 16 17 30 19 38 36 31 14 39 31 27 38 33 34 14 17 20 17 32 25 16 25 29 12 20 24 24 26 21 20 38 21 13 27 17 26 35 27 40 13 21 35 38 18 40 18 21 20 33 29 35 11 34 38 33 26 28 13 35 38 25 29 14 29 12 21 33 12 40 19 16 26 28 21 18 30 17 32 14 36 15 21 18 27 32 27 29 24 37 23 23 39 12 26 22 19 33 13 18 12 24 34 22 26 35 29 40 28 31 36 35 32 35 20 11 11 17 29 36 27 32 34 21 30 20 29 21 19 14 40 22 35 33 39 26 27 32 36 33 36 23 23 34 36 30 27 20 16 40 11 16 31 18 28 17 32 12 23 32 19 16 13 28 33 16 24 17 15 33 15 34 33 15 21 28 17 30 14 16 23 24 31 19 37 28 25 28 23 27 23 32 12 13 11 14 25 32 24 40 37 27 13 17 37 22 16 36 22 19 38 19 37 18 22 39 37 40 20 27 11 17 33 25 39 11 18 25 19 23 30 34 13 17 37 30 28 40 27 33 13 19 39 20 35 21 12 38 18 27 23 13 23 14 36 32 36 39 11 38 20 36 28 22 26 30 36 31 33 27 29 14 17 17 26 27 25 20 23 34 35 30 27 31 40 30 32 39 19 14 11 35 38 25 13 33 30 25 13 37 39 31 33 29 38 25 18 32 36 24 40 30 24 28 28 11 11 32 28 34 17 31 39 37 12 34 11 13 39 28 36 14 32 39 25 12 21 19 11 27 38 14 31 15 16 23 32 26 24 27 39 24 22 21 39 14 18 33 23 27 23 25 15 21 30 38 11 12 20 18 23 22 36 23 13 22 29 23 32 39 12 36 35 33 23 17 25 30 13 34 14 21 38 33 18 17 40 25 18 38 32 27 11 27 23 20 26 30 24 11 31 11 27 18 30 29 12 38 17 30 24 30 23 14 25 24 14 23 30 21 25 21 22 34 33 13 40 32 11 18 21 23 21 26 14 33 15 32 18 11 28 32 33 38 36 31 13 40 29 36 38 25 25 11 32 12 39 33 31 17 29 38 26 14 22 30 11 17 19 16 22 12 40 27 22 26 35 24 22 30 16 17 21 11 19 18 11 23 21 40 38 23 30 30 16 34 29 15 24 16 26 25 22 22 28 19 32 32 13 25 12 27 34 26 17 20 33 16 20 33 29 25 18 38 32 35 37 11 34 14 24 18 28 17 30 23 12 36 26 17 38 21 22 14 22 38 34 26 14 21 17 22 31 17 12 22 13 19 22 37 28 23 19 32 25 21 31 27 17 21 20 40 28 29 38 23 18 14 22 23 24 40 14 38 35 23 19 37 11 30 31 12 30 21 20 23 15 31 22 12 26 27 28 27 19 30 11 13 16 25 11 20 23 29 18 25 18 16 24 12 14 32 36 24 17 35 12 33 32 19 31 20 17 22 21 18 37 25 27 33 21 28 25 24 34 15 21 12 19 33 29 17 20 15 15 22 13 36 35 20 11 28 11 17 12 28 21 29 22 17 35 29 24 38 16 33 13 33 34 18 35 16 12 25 34 16 39 16 22 38 26 18 36 18 28 23 37 22 32 20 38 21 19 38 38 18 28 29 30 16 18 29 11 18 14 13 20 15 17 29 21 40 25 12 20 33 30 37 16 25 15 24 21 31 27 14 14 19 34 21 39 19 11 25 13 28 22 20 33 19 14 19 38 23 18 29 17 22 14 25 33 19 40 34 27 40 24 39 17 16 27 23 32 27
10 13 16 13 18 11 16 28 25 14 28 28 8 11 10 25 12 29 14 19 24 30 14 13 2 17 2 26 18 17 4 3 13 30 20 24 4 21 10 2 12 7 2 30 14 24 6 16 15 9 27 2 24 2 5 5 2 17 24 5 28 23 17 13 17 6 6 4 3 7 6 30 19 30 9 21 28 18 26 20 19 24 16 23 29 22 29 6 18 11 13 8 24 17 21 26 8 28 25 17 2 20 19 30 19 10 12 17 22 14 25 29 2 1 23 25 20 13 14 17 27 1 23 15 8 14 30 11 16 18 16 4 8 5 9 26 18 4 2 1 28 4 11 20 14 11 7 2 26 19 15 20 2 12 6 18 25 5 28 14 8 15 29 24 19 11 17 30 17 21 17 9 2 10 2 27 15 19 13 21 21 15 9 6 28 25 14 29 19 22 19 10 20 19 3 26 18 1 9 18 21 18 15 4 29 7 22 24 28 9 19 5 17 17 11 9 24 6 7 20 9 28 26 21 4 29 21 17 28 23 24 4 7 10 7 22 15 6 15 19 2 10 14 14 16 11 10 28 11 3 17 7 16 25 17 30 3 11 25 28 8 30 8 11 10 23 19 25 1 24 28 23 16 18 3 25 28 15 19 4 19 2 11 23 2 30 9 6 16 18 11 8 20 7 22 4 26 5 11 8 17 22 17 19 14 27 13 13 29 2 16 12 9 23 3 8 2 14 24 12 16 25 19 30 18 21 26 25 22 25 10 1 1 7 19 26 17 22 24 11 20 10 19 11 9 4 30 12 25 23 29 16 17 22 26 23 26 13 13 24 26 20 17 10 6 30 1 6 21 8 18 7 22 2 13 22 9 6 3 18 23 6 14 7 5 23 5 24 23 5 11 18 7 20 4 6 13 14 21 9 27 18 15 18 13 17 13 22 2 3 1 4 15 22 14 30 27 17 3 7 27 12 6 26 12 9 28 9 27 8 12 29 27 30 10 17 1 7 23 15 29 1 8 15 9 13 20 24 3 7 27 20 18 30 17 23 3 9 29 10 25 11 2 28 8 17 13 3 13 4 26 22 26 29 1 28 10 26 18 12 16 20 26 21 23 17 19 4 7 7 16 17 15 10 13 24 25 20 17 21 30 20 22 29 9 4 1 25 28 15 3 23 20 15 3 27 29 21 23 19 28 15 8 22 26 14 30 20 14 18 18 1 1 22 18 24 7 21 29 27 2 24 1 3 29 18 26 4 22 29 15 2 11 9 1 17 28 4 21 5 6 13 22 16 14 17 29 14 12 11 29 4 8 23 13 17 13 15 5 11 20 28 1 2 10 8 13 12 26 13 3 12 19 13 22 29 2 26 25 23 13 7 15 20 3 24 4 11 28 23 8 7 30 15 8 28 22 17 1 17 13 10 16 20 14 1 21 1 17 8 20 19 2 28 7 20 14 20 13 4 15 14 4 13 20 11 15 11 12 24 23 3 30 22 1 8 11 13 11 16 4 23 5 22 8 1 18 22 23 28 26 21 3 30 19 26 28 15 15 1 22 2 29 23 21 7 19 28 16 4 12 20 1 7 9 6 12 2 30 17 12 16 25 14 12 20 6 7 11 1 9 8 1 13 11 30 28 13 20 20 6 24 19 5 14 6 16 15 12 12 18 9 22 22 3 15 2 17 24 16 7 10 23 6 10 23 19 15 8 28 22 25 27 1 24 4 14 8 18 7 20 13 2 26 16 7 28 11 12 4 12 28 24 16 4 11 7 12 21 7 2 12 3 9 12 27 18 13 9 22 15 11 21 17 7 11 10 30 18 19 28 13 8 4 12 13 14 30 4 28 25 13 9 27 1 20 21 2 20 11 10 13 5 21 12 2 16 17 18 17 9 20 1 3 6 15 1 10 13 19 8 15 8 6 14 2 4 22 26 14 7 25 2 23 22 9 21 10 7 12 11 8 27 15 17 23 11 18 15 14 24 5 11 2 9 23 19 7 10 5 5 12 3 26 25 10 1 18 1 7 2 18 11 19 12 7 25 19 14 28 6 23 3 23 24 8 25 6 2 15 24 6 29 6 12 28 16 8 26 8 18 13 27 12 22 10 28 11 9 28 28 8 18 19 20 6 8 19 1 8 4 3 10 5 7 19 11 30 15 2 10 23 20 27 6 15 5 14 11 21 17 4 4 9 24 11 29 9 1 15 3 18 12 10 23 9 4 9 28 13 8 19 7 12 4 15 23 9 30 24 17 30 14 29 7 6 17 13 22 17
4 15 9
661 94 158 677 840 74 250 529 784
2 12 6
264 900 104 703 224 763
8 15 13
835 221 918 254 81 930 873 353 803 406 69 251 315
2 3 17
837 556 284 443 367 327 185 348 458 220 34 700 320 525 576 360 407
1 20 9
842 741 392 184 156 291 77 324 3
2 18 15
519 951 434 602 35 272 6 381 678 779 787 845 250 309 976
1 18 9
695 884 20 712 26 416 594 759 868
3 12 11
29 252 87 907 232 138 780 789 862 878 904
9 12 22
752 245 578 627 164 619 962 361 366 478 994 635 75 997 876 806 535 841 170 906 769 816
1 2 7
633 968 388 726 93 512 638
2 6 15
197 540 173 31 414 669 593 603 858 19 971 50 177 625 627
7 17 16
438 996 756 269 665 66 659 823 398 305 332 267 654 82 484 558
1 5 5
169 776 76 681 701
5 12 13
391 769 773 189 78 133 725 934 149 681 620 575 886
3 1 14
313 592 466 808 203 395 218 704 389 312 18 604 734 21
2 13 5
961 57 345 56 47
1 17 8
944 223 791 2 146 548 595 671
3 1 11
866 955 193 903 100 574 411 109 137 709 996
1 12 5
728 674 528 750 234
1 11 6
278 816 905 147 641 856
3 4 13
585 488 963 448 651 96 114 554 293 430 923 298 810
1 14 17
990 639 297 953 159 920 483 611 484 386 213 131 691 722 892 541 476
2 19 11
502 33 467 494 992 67 325 338 361 424 993
6 6 14
243 121 867 813 491 762 560 298 815 73 127 531 847 634
3 4 12
454 544 616 82 895 277 239 453 993 423 694 598
2 15 13
410 915 321 687 266 451 563 409 119 257 233 456 646
3 19 7
718 889 736 176 772 311 626
1 5 5
49 165 830 228 471
7 18 17
226 464 377 42 379 457 758 986 972 909 241 705 419 981 12 290 876
9 12 15
553 821 412 572 685 748 570 555 679 872 268 355 707 739 382
3 2 21
182 991 594 372 17 3 753 356 947 605 980 136 128 425 536 351 274 220 453 607 809
12 5 19
235 919 814 565 568 183 462 122 782 829 32 229 304 112 582 989 973 795 343
3 14 9
385 588 402 233 192 71 124 280 577
1 2 7
253 967 134 103 926 764 869
1 20 7
452 331 801 516 80 723 820
2 11 6
660 950 824 836 227 561
1 12 4
472 492 272 363
3 12 12
163 662 365 394 497 310 113 397 99 463 326 383
12 1 22
196 789 924 273 682 333 577 38 966 105 771 550 730 939 631 859 690 964 790 132 300 301
2 15 5
710 827 527 15 516
7 9 19
445 618 590 575 418 323 296 84 440 696 188 342 852 37 897 715 346 513 605
10 13 20
807 301 942 431 186 566 785 518 908 999 357 698 496 446 132 987 428 546 297 667
9 15 22
644 833 142 417 511 579 960 359 613 760 551 843 680 427 946 777 825 187 589 129 258 306
4 5 19
514 85 641 210 671 530 542 399 628 455 400 848 658 36 39 839 55 726 739
3 3 7
899 637 927 797 175 374 650
1 4 23
487 523 874 263 370 191 437 738 599 5 141 279 350 362 15 638 649 747 465 299 245 802 940
3 9 13
683 864 693 732 435 211 28 336 759 329 610 587 37
4 15 17
256 436 506 757 708 636 875 901 666 139 289 444 413 520 937 488 554
1 19 11
642 804 90 632 260 802 770 711 714 169 170
6 3 11
283 828 23 307 194 634 208 984 219 819 287
4 14 8
303 30 157 740 688 209 460 995
3 13 6
225 200 508 43 668 954
6 20 19
768 910 95 977 749 285 763 911 240 702 796 236 101 617 716 608 119 443 890
2 3 6
1 227 781 259 415 24
4 8 9
64 80 548 168 929 745 477 723 380
3 20 5
921 943 656 286 244
1 14 15
217 137 648 709 846 390 880 623 689 564 675 339 904 199 871
5 6 12
26 150 855 761 476 499 202 857 27 490 175 649
1 20 8
294 890 375 625 354 337 948 898
6 4 15
936 207 849 52 545 180 673 853 822 474 692 352 742 111 854
7 10 14
956 988 938 607 319 765 198 147 422 612 524 672 66 72
1 18 5
155 12 447 479 666
10 20 21
532 116 177 282 40 439 270 58 913 865 871 153 396 998 204 615 486 98 247 334 679
13 9 22
7 794 893 461 98 358 543 945 851 912 982 190 517 877 922 262 265 935 834 255 320 895
4 14 15
774 670 242 512 932 424 957 799 925 181 856 832 347 959 152
1 18 6
783 76 405 471 319 604
2 12 24
60 199 504 475 879 863 109 881 697 609 212 538 143 861 306 195 344 343 93 355 514 664 845 921
2 14 5
473 387 684 9 598
10 14 18
995 643 86 850 416 450 107 403 657 667 249 404 701 61 48 562 663 949
1 16 2
125 309
2 17 22
290 507 647 868 645 215 330 172 735 886 47 970 597 933 48 140 173 515 570 573 848 898
4 18 17
495 481 500 144 809 713 46 896 54 883 222 432 154 614 295 327 640
6 3 17
729 378 302 719 780 459 860 308 983 737 167 420 887 178 705 827 894
1 20 7
591 10 39 101 157 275 714
3 6 13
318 515 383 341 978 230 117 812 88 485 479 339 736
2 15 8
552 810 586 335 84 368 540 983
1 7 11
754 13 534 206 280 567 724 537 53 629 571
1 18 11
885 952 931 441 655 489 969 261 70 442 938
7 4 15
45 630 248 449 237 755 83 767 300 4 706 596 646 247 754
7 6 16
429 470 123 522 854 110 510 364 363 818 89 115 106 205 358 841
4 5 14
11 408 91 622 401 965 92 166 501 151 357 497 506 927
1 5 2
817 652
6 18 19
601 751 539 482 717 22 664 600 288 606 902 9 686 731 349 214 979 838 318
2 6 5
14 315 382 766 695
1 14 4
744 580 521 954
8 17 16
124 16 68 108 275 146 25 8 621 721 505 559 940 0 10 785
7 9 20
914 371 376 369 976 433 493 238 826 62 831 820 171 676 140 292 63 379 507 610
9 12 19
891 72 869 384 775 974 368 469 533 958 916 393 778 97 975 793 426 59 855
4 12 14
322 653 792 79 317 145 148 314 805 334 234 941 798 236
7 1 16
179 51 447 569 788 509 558 201 733 138 162 174 135 581 27 867
1 1 9
130 561 786 63 583 246 178 251 752
6 7 18
573 152 316 800 328 985 699 917 231 102 746 727 164 165 252 295 844 929
8 17 22
547 161 276 949 844 44 811 862 882 549 126 338 216 870 41 557 421 894 166 559 689 914
1 4 3
743 65 640
5 6 14
584 460 480 888 120 624 373 118 281 526 340 720 107 221
5 10 16
258 24 468 503 878 271 456 498 595 160 928 70 293 418 491 826
