500 83 775 20
16 18 39 11 12 19 11 36 26 13 21 13 21 37 29 39 16 19 28 23 17 33 36 18 38 29 13 12 30 38 20 18 39 11 17 37 13 29 18 18 37 14 13 13 11 33 16 19 35 13 26 34 21 15 35 35 11 20 14 37 39 12 38 11 30 22 20 20 28 13 19 14 19 39 23 37 30 19 27 15 40 39 17 33 21 33 12 15 26 26 26 25 32 26 13 27 31 38 24 34 21 28 11 16 16 23 13 35 11 17 12 17 11 30 26 17 18 40 14 27 32 12 26 39 25 18 19 39 13 38 32 39 37 11 15 16 30 31 24 12 28 27 22 11 17 39 11 35 40 30 18 36 19 26 16 31 23 26 39 21 17 21 27 12 18 18 16 12 34 17 32 28 16 37 33 11 26 26 38 26 32 30 27 28 40 32 31 24 27 19 31 36 20 36 23 34 31 13 16 39 21 31 33 33 14 26 33 26 27 34 22 14 25 16 20 30 38 19 24 17 34 26 27 37 38 26 34 12 40 18 20 22 14 24 12 34 22 28 34 25 14 38 25 17 21 35 21 38 24 11 11 16 30 28 23 20 11 37 13 40 23 31 29 40 33 31 39 16 15 18 40 17 27 28 34 17 39 14 31 23 17 25 36 11 35 32 23 38 14 38 14 25 28 19 21 20 32 18 23 40 17 36 18 13 11 19 39 36 38 19 33 25 35 18 28 31 27 28 17 27 36 38 13 34 15 38 18 14 15 28 18 13 11 18 19 12 16 38 11 15 26 35 12 31 22 15 26 29 35 39 32 15 19 31 38 24 20 18 20 34 20 34 15 22 19 20 21 12 16 24 37 36 19 35 11 22 37 12 40 27 14 30 37 21 30 27 34 30 17 24 39 27 25 16 11 26 16 27 28 27 13 22 31 37 22 24 28 13 12 18 28 28 14 37 34 15 14 35 13 18 23 18 21 12 30 29 33 13 12 36 18 24 15 32 38 23 38 35 31 28 25 30 15 16 35 24 30 37 22 30 16 40 25 33 32 39 34 16 30 20 22 28 17 33 33 32 32 16 16 15 36 29 24 26 13 15 11 14 33 40 25 20 20 36 27 25 22 26 21 37 25 23 36 19 33 23 27 28 11 14
6 8 29 1 2 9 1 26 16 3 11 3 11 27 19 29 6 9 18 13 7 23 26 8 28 19 3 2 20 28 10 8 29 1 7 27 3 19 8 8 27 4 3 3 1 23 6 9 25 3 16 24 11 5 25 25 1 10 4 27 29 2 28 1 20 12 10 10 18 3 9 4 9 29 13 27 20 9 17 5 30 29 7 23 11 23 2 5 16 16 16 15 22 16 3 17 21 28 14 24 11 18 1 6 6 13 3 25 1 7 2 7 1 20 16 7 8 30 4 17 22 2 16 29 15 8 9 29 3 28 22 29 27 1 5 6 20 21 14 2 18 17 12 1 7 29 1 25 30 20 8 26 9 16 6 21 13 16 29 11 7 11 17 2 8 8 6 2 24 7 22 18 6 27 23 1 16 16 28 16 22 20 17 18 30 22 21 14 17 9 21 26 10 26 13 24 21 3 6 29 11 21 23 23 4 16 23 16 17 24 12 4 15 6 10 20 28 9 14 7 24 16 17 27 28 16 24 2 30 8 10 12 4 14 2 24 12 18 24 15 4 28 15 7 11 25 11 28 14 1 1 6 20 18 13 10 1 27 3 30 13 21 19 30 23 21 29 6 5 8 30 7 17 18 24 7 29 4 21 13 7 15 26 1 25 22 13 28 4 28 4 15 18 9 11 10 22 8 13 30 7 26 8 3 1 9 29 26 28 9 23 15 25 8 18 21 17 18 7 17 26 28 3 24 5 28 8 4 5 18 8 3 1 8 9 2 6 28 1 5 16 25 2 21 12 5 16 19 25 29 22 5 9 21 28 14 10 8 10 24 10 24 5 12 9 10 11 2 6 14 27 26 9 25 1 12 27 2 30 17 4 20 27 11 20 17 24 20 7 14 29 17 15 6 1 16 6 17 18 17 3 12 21 27 12 14 18 3 2 8 18 18 4 27 24 5 4 25 3 8 13 8 11 2 20 19 23 3 2 26 8 14 5 22 28 13 28 25 21 18 15 20 5 6 25 14 20 27 12 20 6 30 15 23 22 29 24 6 20 10 12 18 7 23 23 22 22 6 6 5 26 19 14 16 3 5 1 4 23 30 15 10 10 26 17 15 12 16 11 27 15 13 26 9 23 13 17 18 1 4
1 7 7
25 232 170 79 20 146 226
1 5 11
286 43 92 203 436 183 494 246 403 191 413
1 12 10
152 302 326 444 320 451 393 343 181 239
1 9 11
495 309 389 338 225 37 219 429 7 172 229
1 19 9
423 437 245 427 214 488 176 259 271
1 18 10
293 31 98 274 131 398 227 355 92 484
1 11 6
215 123 4 72 17 485
1 13 8
384 445 16 32 340 451 493 494
1 3 15
114 82 234 351 150 489 36 18 478 306 160 214 215 292 420
1 14 7
358 273 392 187 236 145 142
1 9 10
316 91 179 456 258 83 487 112 54 486
1 4 6
477 381 296 448 441 422
1 9 14
496 291 194 396 465 263 319 56 11 36 88 141 178 380
1 4 11
47 329 491 301 282 4 62 171 347 367 401
1 4 7
230 367 464 348 41 257 279
1 5 12
345 118 167 191 406 412 182 29 74 204 240 278
1 4 11
337 217 102 166 151 365 237 261 453 304 352
1 2 10
122 357 425 247 10 136 298 256 335 479
1 5 8
327 362 471 134 8 136 225 333
1 2 7
481 185 70 18 385 411 488
1 6 4
159 110 66 235
1 17 5
129 438 174 113 199
1 18 9
137 68 397 490 34 330 63 170 368
1 11 10
454 473 11 460 220 188 360 226 314 363
1 3 11
486 107 87 373 382 84 161 97 79 263 430
1 12 17
201 458 75 233 189 186 125 342 221 65 72 111 248 328 339 366 470
1 3 4
111 49 350 222
1 8 9
204 359 168 431 468 210 33 51 197
1 3 5
461 450 107 135 298
1 13 14
335 269 341 498 377 414 277 100 287 59 162 290 443 469
1 3 13
347 198 153 307 252 279 353 256 205 3 266 337 374
1 11 6
35 178 120 305 356 357
1 6 8
144 480 380 46 124 281 456 475
1 1 6
366 135 378 371 306 463
1 11 11
253 386 62 476 172 64 435 95 408 82 180
1 12 6
297 419 80 128 210 323
1 4 8
133 254 76 390 1 158 22 117
1 18 7
417 413 96 379 307 330 490
1 13 9
173 85 313 311 73 110 174 253 268
1 19 7
281 90 361 44 125 243 350
1 2 11
376 474 199 349 86 27 492 322 181 271 383
1 5 12
395 93 24 103 57 238 262 394 248 257 428 477
1 3 13
60 12 65 51 55 193 272 21 105 49 69 153 190
1 5 14
138 160 143 241 268 7 9 387 318 332 378 406 444 464
1 10 4
484 434 312 315
1 10 7
0 196 407 194 207 284 387
1 14 12
447 231 208 106 421 89 15 44 105 302 393 452
1 16 6
33 323 126 415 28 305
1 8 12
411 364 61 99 299 479 243 5 165 149 206 282
1 9 9
29 139 207 354 467 147 466 140 218
1 7 10
300 108 177 109 497 169 457 424 216 355
1 4 10
443 197 462 346 428 229 114 188 336 373
1 15 15
328 180 54 77 278 22 224 96 144 200 285 386 389 396 438
1 17 5
372 416 156 334 415
1 14 11
336 264 339 285 216 59 190 26 404 244 270
1 19 6
16 388 126 217 404 466
1 18 5
115 20 19 154 327
1 9 12
310 265 499 200 259 332 63 385 162 213 132 372
1 20 3
163 290 260
1 17 8
74 81 475 113 383 43 71 481
1 13 5
324 53 295 95 119
1 1 11
276 116 228 472 455 130 463 6 46 102 410
1 2 8
340 140 483 8 171 251 38 423
1 10 10
333 420 280 30 409 344 308 452 209 296
1 20 9
69 212 267 439 184 303 2 133 250
1 13 9
250 294 370 400 391 440 183 251 498
1 18 4
195 270 223 203
1 2 8
164 121 242 405 148 117 67 314
1 10 11
40 71 485 432 482 218 48 39 459 100 184
1 15 5
78 275 159 193 369
1 14 11
202 155 67 209 493 430 70 116 128 176 399
1 10 8
283 104 369 470 368 55 161 342
1 13 5
288 23 157 2 76
1 19 13
352 410 52 58 331 88 119 124 363 418 177 361 381
1 20 6
50 206 45 31 221 245
1 2 7
101 192 374 244 146 354 442
1 13 5
399 141 289 255 497
1 12 10
132 249 240 42 433 442 401 94 182 458
1 3 7
284 260 94 222 316 440 468
1 8 14
304 239 32 321 446 266 211 127 402 131 187 258 283 370
1 10 6
449 175 13 426 81 313
1 7 9
14 325 375 317 235 142 292 168 211
1 18 5
469 41 138 397 408
