300 77 465 20
40 17 19 11 20 39 25 30 38 37 19 28 29 29 26 40 36 26 18 27 30 24 21 36 12 25 32 16 12 31 40 29 37 32 36 19 13 23 17 25 18 16 37 20 26 15 34 25 29 24 15 35 18 24 28 38 11 16 32 26 40 15 32 29 20 25 38 27 34 16 20 22 14 32 38 39 25 35 33 21 12 26 30 30 26 27 18 32 16 35 17 25 37 18 12 21 27 20 29 18 33 38 37 24 18 38 14 15 25 21 21 11 18 12 11 31 11 25 13 27 32 14 27 40 37 32 28 31 31 15 35 40 13 15 38 37 11 15 31 16 20 11 31 20 16 26 16 19 17 32 15 27 16 12 32 39 29 17 29 17 35 17 39 35 37 17 34 15 14 14 19 24 16 22 23 31 35 23 31 38 40 17 37 39 25 28 16 20 33 28 28 38 19 28 30 17 16 27 25 21 38 27 21 12 18 37 40 29 30 13 15 28 40 22 30 13 21 29 27 37 27 40 26 19 22 24 27 23 11 29 22 31 40 16 30 11 27 27 19 13 23 19 29 22 26 35 14 22 31 14 21 34 23 40 32 39 18 37 33 21 27 40 22 18 33 15 23 30 17 11 18 18 21 18 11 14 36 34 25 11 13 13 11 26 15 16 16 30 15 25 28 22 37 13 27 16 31 33 33 27
30 7 9 1 10 29 15 20 28 27 9 18 19 19 16 30 26 16 8 17 20 14 11 26 2 15 22 6 2 21 30 19 27 22 26 9 3 13 7 15 8 6 27 10 16 5 24 15 19 14 5 25 8 14 18 28 1 6 22 16 30 5 22 19 10 15 28 17 24 6 10 12 4 22 28 29 15 25 23 11 2 16 20 20 16 17 8 22 6 25 7 15 27 8 2 11 17 10 19 8 23 28 27 14 8 28 4 5 15 11 11 1 8 2 1 21 1 15 3 17 22 4 17 30 27 22 18 21 21 5 25 30 3 5 28 27 1 5 21 6 10 1 21 10 6 16 6 9 7 22 5 17 6 2 22 29 19 7 19 7 25 7 29 25 27 7 24 5 4 4 9 14 6 12 13 21 25 13 21 28 30 7 27 29 15 18 6 10 23 18 18 28 9 18 20 7 6 17 15 11 28 17 11 2 8 27 30 19 20 3 5 18 30 12 20 3 11 19 17 27 17 30 16 9 12 14 17 13 1 19 12 21 30 6 20 1 17 17 9 3 13 9 19 12 16 25 4 12 21 4 11 24 13 30 22 29 8 27 23 11 17 30 12 8 23 5 13 20 7 1 8 8 11 8 1 4 26 24 15 1 3 3 1 16 5 6 6 20 5 15 18 12 27 3 17 6 21 23 23 17
1 10 7
56 8 292 224 1 111 163
1 15 6
202 148 155 150 18 7
1 10 5
95 63 290 132 117
1 12 5
67 269 276 88 221
1 2 8
279 28 275 76 174 87 145 147
1 20 7
258 25 173 66 177 117 170
1 2 8
92 152 184 176 134 264 171 269
1 11 4
200 266 235 182
1 18 6
85 79 160 40 103 210
1 18 7
39 124 31 247 97 2 252
1 8 5
17 112 69 135 206
1 11 7
111 57 210 70 89 139 278
1 14 3
248 37 215
1 12 3
78 231 234
1 14 6
172 94 213 33 116 119
1 17 5
129 43 20 143 64
1 9 5
272 299 52 84 49
1 16 4
30 42 274 34
1 5 5
104 130 29 107 217
1 14 4
120 162 24 193
1 15 8
220 297 153 241 187 121 196 235
1 3 7
259 270 229 146 230 250 188
1 5 7
282 1 102 44 294 55 83
1 17 6
33 263 106 81 4 257
1 15 7
29 217 192 271 7 126 200
1 8 4
170 58 37 135
1 12 7
253 45 293 142 14 175 225
1 16 3
12 82 165
1 9 8
219 71 283 201 57 95 174 267
1 13 8
61 237 164 90 214 65 201 206
1 5 7
207 141 64 289 71 250 296
1 11 4
103 227 164 192
1 16 6
203 101 100 93 72 97
1 15 2
261 196
1 15 2
115 137
1 8 6
256 147 105 182 127 107
1 16 4
46 11 131 186
1 3 4
89 221 12 233
1 8 2
50 180
1 10 6
194 158 118 88 109 251
1 5 9
298 216 288 242 138 48 93 184 237
1 12 5
114 68 53 66 81
1 7 4
157 139 22 51
1 12 5
265 178 277 140 155
1 7 8
245 208 190 199 136 26 92 274
1 7 9
286 149 6 3 244 10 0 43 158
1 10 4
116 167 77 207
1 7 5
122 278 226 55 58
1 12 2
273 254
1 20 7
255 60 41 38 185 160 275
1 2 5
246 128 285 168 243
1 16 9
73 262 166 183 16 225 100 126 240
1 11 3
161 228 213
1 9 6
223 110 96 205 150 272
1 17 4
145 204 54 181
1 17 6
233 238 98 156 251 292
1 14 7
91 240 163 41 195 215 216
1 11 5
267 125 36 226 257
1 20 4
211 171 3 106
1 12 9
47 232 86 295 191 119 49 96 239
1 7 6
65 212 281 133 236 74
1 11 3
35 15 114
1 13 5
9 144 189 19 239
1 17 2
27 252
1 12 5
5 222 36 157 168
1 15 3
198 296 73
1 1 5
80 156 13 75 77
1 14 6
59 40 280 32 0 218
1 12 5
284 287 51 23 99
1 3 6
72 169 113 154 159 38
1 15 7
87 123 5 9 102 166 294
1 6 3
195 21 53
1 1 5
151 193 108 16 220
1 10 7
179 22 197 121 260 138 222
1 4 2
249 268
1 5 7
209 291 62 188 194 258 259
1 15 2
140 83
