500 82 775 20
13 31 37 34 25 38 13 39 37 11 27 39 16 21 40 33 38 25 39 19 39 37 32 25 31 40 37 25 30 24 22 31 11 25 15 33 29 18 22 20 33 25 12 16 32 16 20 20 26 30 32 27 40 36 36 39 21 16 31 27 33 17 31 32 40 37 38 30 29 35 31 33 35 13 35 33 24 15 11 31 36 27 38 14 28 11 38 26 36 40 21 20 16 15 17 36 36 34 14 39 33 12 20 13 16 29 29 37 20 25 29 40 36 23 22 29 26 12 18 23 39 38 29 34 12 27 32 39 19 19 12 16 14 29 39 36 32 19 21 15 39 33 30 26 34 34 31 37 19 35 37 15 24 37 27 11 22 19 18 37 15 32 40 20 23 26 36 25 22 28 30 39 28 30 39 29 39 30 29 18 11 29 21 37 17 28 25 19 24 22 17 19 23 39 20 26 34 12 25 22 38 25 14 33 33 35 19 35 13 12 22 40 20 11 18 20 14 37 14 23 40 18 27 30 35 39 25 38 37 31 36 19 23 25 32 14 26 14 30 33 29 36 33 28 23 12 24 38 37 24 33 34 18 26 30 38 23 28 34 15 29 23 18 35 27 36 29 38 14 26 34 17 35 16 25 33 38 25 32 29 33 36 13 28 19 15 33 20 22 30 15 40 11 14 39 37 39 36 20 30 18 24 31 20 32 16 26 28 20 39 24 21 18 23 16 37 40 31 17 22 39 37 39 39 19 38 24 37 13 24 12 28 17 31 36 29 40 30 16 12 26 19 37 33 37 14 11 12 40 20 27 17 24 12 33 11 27 21 12 18 29 23 23 38 12 24 28 12 29 18 12 11 38 14 22 15 36 17 20 16 36 31 21 27 39 11 40 12 30 13 30 19 32 12 37 36 13 19 28 16 25 30 35 27 36 34 33 26 38 28 37 14 27 26 16 19 32 39 24 35 35 40 38 29 33 15 17 38 36 29 31 13 37 23 30 15 36 19 18 14 23 35 13 40 40 39 21 11 27 32 14 38 14 21 34 34 21 22 28 37 35 39 23 22 24 29 34 36 39 33 28 38 14 31 36 30 27 13 17 11 21 28 35 23 24 40 32 37 20 38 18 20 35 31 37 20 36 13 32 40
3 21 27 24 15 28 3 29 27 1 17 29 6 11 30 23 28 15 29 9 29 27 22 15 21 30 27 15 20 14 12 21 1 15 5 23 19 8 12 10 23 15 2 6 22 6 10 10 16 20 22 17 30 26 26 29 11 6 21 17 23 7 21 22 30 27 28 20 19 25 21 23 25 3 25 23 14 5 1 21 26 17 28 4 18 1 28 16 26 30 11 10 6 5 7 26 26 24 4 29 23 2 10 3 6 19 19 27 10 15 19 30 26 13 12 19 16 2 8 13 29 28 19 24 2 17 22 29 9 9 2 6 4 19 29 26 22 9 11 5 29 23 20 16 24 24 21 27 9 25 27 5 14 27 17 1 12 9 8 27 5 22 30 10 13 16 26 15 12 18 20 29 18 20 29 19 29 20 19 8 1 19 11 27 7 18 15 9 14 12 7 9 13 29 10 16 24 2 15 12 28 15 4 23 23 25 9 25 3 2 12 30 10 1 8 10 4 27 4 13 30 8 17 20 25 29 15 28 27 21 26 9 13 15 22 4 16 4 20 23 19 26 23 18 13 2 14 28 27 14 23 24 8 16 20 28 13 18 24 5 19 13 8 25 17 26 19 28 4 16 24 7 25 6 15 23 28 15 22 19 23 26 3 18 9 5 23 10 12 20 5 30 1 4 29 27 29 26 10 20 8 14 21 10 22 6 16 18 10 29 14 11 8 13 6 27 30 21 7 12 29 27 29 29 9 28 14 27 3 14 2 18 7 21 26 19 30 20 6 2 16 9 27 23 27 4 1 2 30 10 17 7 14 2 23 1 17 11 2 8 19 13 13 28 2 14 18 2 19 8 2 1 28 4 12 5 26 7 10 6 26 21 11 17 29 1 30 2 20 3 20 9 22 2 27 26 3 9 18 6 15 20 25 17 26 24 23 16 28 18 27 4 17 16 6 9 22 29 14 25 25 30 28 19 23 5 7 28 26 19 21 3 27 13 20 5 26 9 8 4 13 25 3 30 30 29 11 1 17 22 4 28 4 11 24 24 11 12 18 27 25 29 13 12 14 19 24 26 29 23 18 28 4 21 26 20 17 3 7 1 11 18 25 13 14 30 22 27 10 28 8 10 25 21 27 10 26 3 22 30
1 7 6
78 482 0 114 11 41
1 11 14
154 321 251 189 253 309 376 142 88 210 236 252 373 450
1 4 13
186 21 199 244 428 12 421 354 270 250 280 308 444
1 13 5
434 129 191 436 478
1 12 15
46 217 219 290 32 279 205 194 181 60 90 188 327 357 383
1 16 11
486 449 143 312 391 195 269 209 324 145 331
1 20 2
297 288
1 11 7
191 92 473 316 443 120 124
1 10 11
271 139 16 48 414 262 86 18 485 357 253
1 2 4
8 183 74 361
1 8 13
390 71 313 395 254 396 459 149 345 283 36 95 386
1 8 7
261 469 243 67 91 490 449
1 6 8
73 425 407 274 38 98 44 146
1 16 11
93 371 370 284 248 13 403 41 185 325 20
1 9 4
252 175 349 144
1 3 14
95 148 69 394 366 327 241 444 229 266 43 313 378 454
1 17 12
196 402 356 76 246 17 50 239 233 353 118 381
1 3 11
427 74 113 107 435 467 289 287 200 334 402
1 4 6
440 447 323 198 98 324
1 16 8
58 431 359 303 448 415 64 291
1 7 3
358 25 24
1 5 3
36 334 461
1 10 11
432 300 218 39 385 22 294 132 235 379 435
1 3 3
453 123 102
1 15 4
27 491 344 89
1 16 9
63 465 52 27 53 260 281 413 420
1 7 12
418 85 83 164 130 207 498 59 487 34 222 447
1 16 10
29 190 28 180 392 451 468 342 163 271
1 5 15
439 291 393 108 1 304 348 208 124 179 141 198 356 418 421
1 19 13
319 337 165 57 151 272 298 462 90 96 111 282 397
1 16 2
188 381
1 16 6
170 426 331 476 118 479
1 19 3
137 147 23
1 15 11
31 134 352 228 375 423 455 62 425 440 468
1 16 8
295 104 94 273 263 272 407 419
1 18 9
332 488 302 116 48 148 257 311 320
1 14 12
350 259 441 203 24 404 210 22 82 175 204 211
1 17 9
472 227 377 450 457 2 160 294 481
1 1 13
442 481 5 346 382 162 232 156 26 151 176 286 367
1 11 11
102 389 128 460 112 412 231 245 314 406 461
1 18 13
267 135 197 326 33 436 306 34 42 165 423 433 443
1 14 7
10 121 496 263 277 340 368
1 8 8
242 483 372 54 177 138 80 14
1 12 4
268 293 454 159
1 4 14
35 99 68 223 249 276 399 106 79 247 8 67 69 391
1 14 11
305 126 51 23 446 380 66 136 200 212 458
1 3 8
341 361 140 19 463 413 21 349
1 11 7
329 280 176 236 401 260 37
1 11 10
477 178 493 97 184 245 383 308 355 498
1 5 13
204 53 478 322 216 82 330 458 364 475 180 237 487
1 8 4
388 317 9 73
1 4 10
202 133 100 11 281 347 99 225 265 472
1 6 5
14 141 315 152 109
1 7 9
238 206 65 187 495 214 223 333 359
1 20 12
386 168 7 408 215 484 240 492 17 275 279 438
1 9 5
101 275 265 115 264
1 12 10
499 26 320 70 338 339 201 360 56 45
1 6 5
285 81 136 243 430
1 16 10
125 40 416 374 494 480 290 307 351 469
1 7 5
157 226 60 378 385
1 13 13
335 131 55 470 365 333 45 307 220 39 71 155 156
1 3 14
211 221 153 111 301 286 167 49 213 466 18 68 181 484
1 16 14
30 387 192 362 4 424 61 72 183 232 247 330 398 415
1 18 7
222 258 163 255 173 117 225
1 10 7
452 182 78 121 193 216 476
1 11 9
122 411 430 193 146 282 318 400 344
1 3 9
47 397 6 456 66 43 410 32 267
1 9 10
343 75 234 379 409 420 367 150 314 368
1 1 6
355 474 169 299 437 410
1 1 5
479 292 214 497 207
1 6 8
171 489 429 405 230 398 79 274
1 3 5
84 369 174 20 325
1 1 5
351 264 155 15 446
1 12 3
417 363 119
1 1 4
278 72 315 405
1 18 11
96 3 296 103 172 422 61 110 196 235 241
1 16 12
88 336 445 310 87 166 433 105 25 135 328 426
1 20 9
161 340 373 212 160 190 218 249 474
1 19 3
471 328 231
1 3 8
159 419 311 438 83 87 338 384
1 6 8
384 256 77 158 464 406 224 301
1 7 6
257 237 127 110 296 434
