800 93 1240 18
19 32 23 15 15 11 19 15 32 35 16 20 15 31 14 38 16 31 37 39 11 20 32 31 26 37 27 31 36 39 21 18 16 31 14 31 26 19 35 19 17 16 19 30 27 34 19 14 32 35 33 35 17 15 32 21 26 29 26 34 35 30 28 37 24 37 37 35 36 34 36 36 29 16 19 32 23 25 24 21 16 13 38 31 40 38 32 23 28 27 14 20 31 22 31 22 31 28 40 30 28 35 25 40 17 32 16 34 15 20 23 20 27 17 39 19 37 18 22 12 16 38 31 24 24 39 34 20 32 31 40 18 37 20 30 15 33 13 27 39 40 29 29 37 20 11 20 35 19 32 13 24 21 19 12 37 37 22 26 27 31 39 17 34 29 33 19 40 11 27 25 33 27 20 20 19 11 37 26 15 14 16 25 11 31 32 39 11 29 17 14 12 24 28 14 15 24 30 30 37 25 34 13 12 40 35 40 12 11 26 34 21 13 30 35 33 12 33 39 23 35 16 36 18 17 25 40 19 25 24 38 13 20 29 21 20 32 20 24 18 30 18 12 32 40 17 38 11 33 39 36 23 36 39 15 22 29 15 19 21 31 39 38 36 21 26 35 34 28 17 26 29 22 11 36 19 38 15 32 36 21 16 27 39 19 14 35 25 11 11 32 36 12 25 11 14 13 16 35 22 14 12 39 25 33 27 17 27 26 39 29 24 26 36 17 38 13 35 33 33 19 14 17 17 32 21 25 39 12 35 39 32 20 12 32 25 32 33 15 28 29 40 12 13 31 18 17 15 39 21 36 29 36 33 31 35 15 31 25 30 29 34 29 12 17 40 32 17 31 34 30 38 28 23 17 38 16 29 38 34 24 22 23 19 38 26 34 30 19 33 29 31 33 35 18 36 32 30 27 26 19 35 28 33 33 16 16 20 11 30 28 33 20 39 22 31 37 29 36 32 11 33 20 26 33 33 37 11 40 24 29 21 20 33 31 25 27 35 39 20 37 32 32 34 19 14 21 20 30 38 34 24 35 21 23 30 13 31 31 31 39 37 34 19 24 20 34 13 19 31 30 32 15 28 36 37 17 34 23 39 37 35 40 32 40 27 36 29 13 13 19 25 25 28 14 19 29 28 14 38 17 14 32 39 32 25 15 17 33 19 31 38 27 23 25 24 19 11 38 19 13 39 34 19 13 17 26 20 13 40 22 26 37 26 26 11 21 34 18 31 21 35 26 37 16 20 13 19 36 21 14 31 40 19 34 19 16 21 39 11 38 29 26 38 33 40 11 29 17 35 12 29 32 28 32 23 12 39 36 23 36 14 11 11 32 20 38 27 29 22 29 27 24 38 40 21 12 16 19 28 26 30 11 22 38 33 38 15 19 15 26 14 30 33 39 12 17 19 19 11 28 17 31 31 21 20 24 40 17 23 14 19 33 17 25 29 28 36 15 19 25 24 32 36 21 25 36 24 33 40 40 15 16 39 24 12 29 29 35 20 35 35 14 33 13 14 37 33 17 33 29 28 23 26 13 24 39 19 23 19 31 36 23 40 38 34 20 34 28 18 25 24 25 15 30 11 31 29 40 40 12 32 24 14 29 12 19 25 37 20 37 17 11 24 31 15 17 19 30 19 21 37 34 26 22 18 35 18 13 32 39 31 35 23 40 16 19 16 11 27 40 13 11 12 33 24 24 21 37 12 24 35 36 20 37 24 29 38 14 22 17 24 21 19 34 26 31 37 29 25 28 22 36 38 40 26 13 20 40 12 39 36 34 20 31 21 29 26 24 26 31 23 21 17 38 32 32 12 35 30
9 22 13 5 5 1 9 5 22 25 6 10 5 21 4 28 6 21 27 29 1 10 22 21 16 27 17 21 26 29 11 8 6 21 4 21 16 9 25 9 7 6 9 20 17 24 9 4 22 25 23 25 7 5 22 11 16 19 16 24 25 20 18 27 14 27 27 25 26 24 26 26 19 6 9 22 13 15 14 11 6 3 28 21 30 28 22 13 18 17 4 10 21 12 21 12 21 18 30 20 18 25 15 30 7 22 6 24 5 10 13 10 17 7 29 9 27 8 12 2 6 28 21 14 14 29 24 10 22 21 30 8 27 10 20 5 23 3 17 29 30 19 19 27 10 1 10 25 9 22 3 14 11 9 2 27 27 12 16 17 21 29 7 24 19 23 9 30 1 17 15 23 17 10 10 9 1 27 16 5 4 6 15 1 21 22 29 1 19 7 4 2 14 18 4 5 14 20 20 27 15 24 3 2 30 25 30 2 1 16 24 11 3 20 25 23 2 23 29 13 25 6 26 8 7 15 30 9 15 14 28 3 10 19 11 10 22 10 14 8 20 8 2 22 30 7 28 1 23 29 26 13 26 29 5 12 19 5 9 11 21 29 28 26 11 16 25 24 18 7 16 19 12 1 26 9 28 5 22 26 11 6 17 29 9 4 25 15 1 1 22 26 2 15 1 4 3 6 25 12 4 2 29 15 23 17 7 17 16 29 19 14 16 26 7 28 3 25 23 23 9 4 7 7 22 11 15 29 2 25 29 22 10 2 22 15 22 23 5 18 19 30 2 3 21 8 7 5 29 11 26 19 26 23 21 25 5 21 15 20 19 24 19 2 7 30 22 7 21 24 20 28 18 13 7 28 6 19 28 24 14 12 13 9 28 16 24 20 9 23 19 21 23 25 8 26 22 20 17 16 9 25 18 23 23 6 6 10 1 20 18 23 10 29 12 21 27 19 26 22 1 23 10 16 23 23 27 1 30 14 19 11 10 23 21 15 17 25 29 10 27 22 22 24 9 4 11 10 20 28 24 14 25 11 13 20 3 21 21 21 29 27 24 9 14 10 24 3 9 21 20 22 5 18 26 27 7 24 13 29 27 25 30 22 30 17 26 19 3 3 9 15 15 18 4 9 19 18 4 28 7 4 22 29 22 15 5 7 23 9 21 28 17 13 15 14 9 1 28 9 3 29 24 9 3 7 16 10 3 30 12 16 27 16 16 1 11 24 8 21 11 25 16 27 6 10 3 9 26 11 4 21 30 9 24 9 6 11 29 1 28 19 16 28 23 30 1 19 7 25 2 19 22 18 22 13 2 29 26 13 26 4 1 1 22 10 28 17 19 12 19 17 14 28 30 11 2 6 9 18 16 20 1 12 28 23 28 5 9 5 16 4 20 23 29 2 7 9 9 1 18 7 21 21 11 10 14 30 7 13 4 9 23 7 15 19 18 26 5 9 15 14 22 26 11 15 26 14 23 30 30 5 6 29 14 2 19 19 25 10 25 25 4 23 3 4 27 23 7 23 19 18 13 16 3 14 29 9 13 9 21 26 13 30 28 24 10 24 18 8 15 14 15 5 20 1 21 19 30 30 2 22 14 4 19 2 9 15 27 10 27 7 1 14 21 5 7 9 20 9 11 27 24 16 12 8 25 8 3 22 29 21 25 13 30 6 9 6 1 17 30 3 1 2 23 14 14 11 27 2 14 25 26 10 27 14 19 28 4 12 7 14 11 9 24 16 21 27 19 15 18 12 26 28 30 16 3 10 30 2 29 26 24 10 21 11 19 16 14 16 21 13 11 7 28 22 22 2 25 20
1 10 9
169 492 530 689 263 757 773 506 549
1 4 14
498 431 582 395 234 464 72 105 130 244 312 335 426 686
1 3 12
511 241 281 760 700 533 493 208 243 224 234 408
1 19 13
325 172 184 776 322 427 28 341 178 108 15 155 346
1 5 6
629 88 786 186 344 780
1 8 3
634 14 232
1 13 4
124 771 245 450
1 7 22
733 289 650 180 799 116 426 505 510 437 598 195 277 246 190 22 47 157 196 373 374 668
1 18 5
240 481 48 791 388
1 9 7
489 128 231 606 245 363 466
1 15 11
84 168 16 660 435 55 214 639 124 243 583
1 14 7
722 473 635 61 170 213 721
1 11 17
577 424 768 558 308 789 404 81 574 3 724 632 8 300 495 52 206
1 20 17
78 50 490 787 638 475 265 572 439 480 18 171 161 379 651 271 591
1 19 8
259 597 316 173 211 765 776 784
1 14 14
9 785 467 397 795 714 772 147 95 645 797 226 199 722
1 3 15
609 418 454 344 207 608 371 661 460 299 177 275 83 359 127
1 10 8
201 559 670 545 774 575 9 618
1 9 20
528 193 121 86 87 681 777 781 15 82 358 734 97 488 462 203 100 132 266 638
1 13 15
237 579 665 366 672 731 560 765 25 163 732 506 381 36 360
1 2 7
696 211 513 229 11 150 268
1 2 6
568 349 369 98 162 179
1 8 14
319 137 712 474 664 411 792 225 458 13 145 168 576 750
1 1 22
603 735 174 261 307 70 286 514 279 329 187 338 96 158 583 157 16 26 89 406 424 629
1 13 15
709 740 125 73 312 503 567 613 526 604 273 588 255 332 435
1 7 15
136 719 183 456 131 617 519 188 247 69 715 502 54 57 678
1 16 18
388 440 566 320 89 518 285 500 436 142 295 235 63 354 391 37 67 239
1 6 11
663 384 600 6 423 628 284 58 146 378 267
1 9 6
590 2 303 470 481 613
1 3 18
413 561 611 564 727 389 352 251 469 249 362 497 112 84 414 445 619 690
1 18 20
432 93 447 466 459 726 200 219 301 755 717 472 206 562 31 125 285 646 662 681
1 6 15
173 355 442 291 756 537 649 405 723 94 35 103 326 359 542
1 10 16
666 294 710 29 434 718 742 612 321 350 166 307 490 556 596 673
1 16 9
17 393 679 202 207 383 597 614 693
1 3 14
64 372 260 452 323 463 228 56 49 383 654 385 403 177
1 11 20
659 507 313 138 589 706 626 353 85 68 399 581 45 101 3 142 149 371 572 661
1 9 6
310 67 106 637 679 757
1 2 13
441 720 380 622 711 636 104 601 5 151 212 464 633
1 15 7
687 565 697 357 109 69 514
1 12 18
536 676 656 527 46 7 508 176 191 752 455 759 264 749 25 120 235 347
1 3 12
41 751 775 288 351 667 340 244 62 318 367 341
1 11 6
524 292 179 557 305 518
1 11 10
592 576 65 425 99 216 328 402 732 748
1 19 13
373 368 236 430 747 412 194 212 643 770 167 563 446
1 8 8
120 658 55 134 147 419 510 774
1 16 17
673 100 400 762 374 255 342 682 415 266 197 543 132 11 114 272 521
1 19 7
675 274 729 225 602 634 797
1 17 9
290 540 145 252 741 119 181 403 550
1 8 17
739 486 691 790 287 170 123 328 164 448 631 36 49 121 622 653 740
1 1 13
784 767 387 148 624 468 181 129 346 166 146 489 700
1 11 17
394 107 737 544 509 336 238 429 390 242 103 457 254 257 386 546 698
1 13 10
154 553 280 491 203 275 401 501 621 738
1 10 10
51 52 704 253 750 21 167 229 299 534
1 3 16
512 595 485 205 343 364 296 213 317 334 42 144 591 64 231 710
1 19 14
276 32 619 202 532 705 248 479 698 535 21 265 467 741
1 12 7
515 185 214 304 365 382 438
1 16 7
573 59 224 291 520 642 739
1 4 9
521 324 517 657 71 123 309 537 632
1 9 19
221 35 713 736 746 494 646 538 115 258 233 685 79 144 193 288 440 527 586
1 8 7
499 446 117 438 478 731 745
1 18 11
738 620 90 66 10 80 745 159 355 425 496
1 2 12
703 640 152 516 216 337 297 189 652 694 483 535
1 11 12
314 615 356 728 345 402 370 416 32 228 577 616
1 10 13
758 122 333 623 766 351 353 381 429 485 517 669 709
1 19 5
550 409 20 230 733
1 11 17
761 539 210 401 702 47 44 239 716 271 594 450 327 116 218 375 734
1 7 13
522 780 476 414 348 182 607 153 764 256 192 377 743
1 7 14
633 282 461 283 111 60 43 478 139 6 29 210 512 689
1 14 10
315 92 339 140 199 308 487 505 640 794
1 3 7
13 162 61 443 496 349 639
1 20 9
587 616 523 113 156 541 40 725 777
1 13 13
106 445 690 360 680 630 105 102 347 209 226 407 588
1 15 7
669 552 220 134 270 91 513
1 9 14
20 262 410 198 39 648 618 24 31 59 227 436 585 655
1 13 12
477 127 135 209 421 671 269 794 311 163 452 607
1 17 18
688 748 627 796 571 692 149 614 33 684 1 641 0 668 428 584 17 615
1 20 13
398 130 580 555 556 143 375 230 753 406 114 251 508
1 2 9
674 361 484 504 26 602 534 525 108
1 11 14
133 778 798 779 420 444 160 126 433 570 725 302 40 316
1 15 21
730 53 91 644 27 110 451 701 621 392 303 569 250 554 44 252 278 284 305 565 786
1 13 7
642 272 102 385 387 498 766
1 5 12
531 449 453 309 268 186 547 365 470 86 97 567
1 1 19
487 30 4 549 637 331 298 293 74 118 677 267 34 178 237 393 584 708 747
1 16 12
593 520 596 217 548 708 754 647 683 555 656 787
1 3 9
744 34 585 783 586 319 453 524 580
1 1 16
578 678 363 599 335 76 408 332 218 763 38 223 304 788 39 88
1 4 4
330 396 279 367
1 17 16
326 196 175 417 306 215 222 278 743 232 19 99 325 469 551 579
1 16 8
79 141 542 769 377 782 582 761
1 11 15
382 23 165 12 376 721 471 482 19 662 655 653 141 369 600
1 7 7
693 422 551 407 227 707 38
1 17 18
140 793 75 610 686 529 699 625 155 192 204 465 605 695 419 501 507 636
1 12 3
77 119 174
