800 99 1240 18
31 37 36 12 16 13 14 34 35 15 37 27 29 35 15 20 35 37 23 40 28 25 33 38 27 30 37 13 24 37 19 18 11 23 36 12 24 23 15 23 29 33 29 30 12 22 17 21 34 39 16 16 24 11 11 14 15 17 15 22 29 37 40 19 29 27 13 17 11 13 40 13 33 27 25 28 23 14 15 23 19 28 22 38 15 13 12 31 11 23 12 29 32 13 21 37 27 37 12 18 18 21 33 11 34 39 14 34 11 25 18 21 11 37 14 15 23 35 26 18 12 26 37 22 11 11 29 27 19 17 31 40 28 37 36 15 29 39 35 15 23 30 29 20 17 27 20 16 31 34 39 27 18 22 34 31 34 16 22 12 22 25 24 39 40 16 28 16 21 30 29 16 17 34 22 28 15 27 13 34 36 39 12 38 30 40 22 40 40 17 21 29 16 26 15 25 20 40 28 35 22 36 15 39 32 13 23 28 28 11 13 23 40 31 17 11 28 38 24 18 20 18 34 35 26 18 29 28 13 24 16 26 17 13 21 27 37 15 40 21 29 23 30 18 37 33 33 11 33 36 14 14 13 31 13 29 13 20 36 28 23 30 20 40 39 21 25 19 13 19 19 30 28 34 15 34 20 22 34 23 28 19 14 37 37 13 36 33 27 26 39 34 24 12 23 40 29 33 31 29 31 30 17 27 16 37 39 25 22 17 38 23 27 24 18 24 25 34 17 34 11 11 40 13 36 11 39 28 20 27 37 24 22 38 29 36 33 33 11 28 21 16 21 11 34 27 36 32 36 31 13 32 25 35 40 14 37 25 40 13 19 11 34 39 35 28 25 12 25 14 30 12 39 11 14 12 26 13 13 11 11 16 38 15 18 29 15 20 34 17 20 40 30 23 32 28 18 38 13 23 12 11 30 23 32 14 28 35 36 11 39 20 32 24 28 34 23 27 36 12 27 19 20 32 20 30 11 12 28 22 40 33 32 30 31 11 34 18 31 13 22 39 18 23 14 38 28 11 32 31 27 32 30 39 17 18 16 17 13 33 35 24 20 19 31 34 17 13 13 30 19 24 19 15 30 38 34 15 27 27 22 13 39 12 33 35 22 29 26 37 17 15 14 31 32 15 11 12 38 34 12 15 34 25 40 16 37 14 27 36 17 26 19 17 40 31 18 31 39 20 22 13 20 27 14 39 23 29 21 20 13 28 11 40 40 32 32 17 17 31 26 39 16 17 22 21 11 26 26 24 24 34 24 33 32 12 14 15 38 40 29 15 31 32 28 20 36 23 27 37 13 15 36 23 26 33 20 40 30 34 16 14 26 29 31 34 17 33 11 25 23 17 19 40 36 35 20 36 19 17 16 37 32 24 36 26 34 20 22 30 37 22 26 17 15 35 35 31 36 22 40 34 37 29 31 25 21 33 22 22 26 11 28 30 40 40 37 20 34 20 15 15 16 31 31 18 26 20 33 40 38 14 30 23 35 37 26 37 30 12 22 17 20 24 37 11 11 23 27 24 22 26 23 27 13 18 32 37 19 19 38 19 12 27 36 37 22 19 18 14 19 29 14 16 13 27 21 36 26 31 40 39 17 25 40 40 26 22 35 40 24 23 12 35 29 26 17 17 31 29 39 26 28 40 34 38 40 18 38 40 35 37 33 26 22 27 23 26 17 20 22 37 27 40 27 32 33 21 34 32 33 21 40 39 23 40 40 22 13 31 38 26 34 31 19 36 32 31 11 28 25 18 12 37 37 18 15 38 38 26 30 36 25 39 13 17 32 21 22 36 24 31 32 32 33 11 19 14 20 20
21 27 26 2 6 3 4 24 25 5 27 17 19 25 5 10 25 27 13 30 18 15 23 28 17 20 27 3 14 27 9 8 1 13 26 2 14 13 5 13 19 23 19 20 2 12 7 11 24 29 6 6 14 1 1 4 5 7 5 12 19 27 30 9 19 17 3 7 1 3 30 3 23 17 15 18 13 4 5 13 9 18 12 28 5 3 2 21 1 13 2 19 22 3 11 27 17 27 2 8 8 11 23 1 24 29 4 24 1 15 8 11 1 27 4 5 13 25 16 8 2 16 27 12 1 1 19 17 9 7 21 30 18 27 26 5 19 29 25 5 13 20 19 10 7 17 10 6 21 24 29 17 8 12 24 21 24 6 12 2 12 15 14 29 30 6 18 6 11 20 19 6 7 24 12 18 5 17 3 24 26 29 2 28 20 30 12 30 30 7 11 19 6 16 5 15 10 30 18 25 12 26 5 29 22 3 13 18 18 1 3 13 30 21 7 1 18 28 14 8 10 8 24 25 16 8 19 18 3 14 6 16 7 3 11 17 27 5 30 11 19 13 20 8 27 23 23 1 23 26 4 4 3 21 3 19 3 10 26 18 13 20 10 30 29 11 15 9 3 9 9 20 18 24 5 24 10 12 24 13 18 9 4 27 27 3 26 23 17 16 29 24 14 2 13 30 19 23 21 19 21 20 7 17 6 27 29 15 12 7 28 13 17 14 8 14 15 24 7 24 1 1 30 3 26 1 29 18 10 17 27 14 12 28 19 26 23 23 1 18 11 6 11 1 24 17 26 22 26 21 3 22 15 25 30 4 27 15 30 3 9 1 24 29 25 18 15 2 15 4 20 2 29 1 4 2 16 3 3 1 1 6 28 5 8 19 5 10 24 7 10 30 20 13 22 18 8 28 3 13 2 1 20 13 22 4 18 25 26 1 29 10 22 14 18 24 13 17 26 2 17 9 10 22 10 20 1 2 18 12 30 23 22 20 21 1 24 8 21 3 12 29 8 13 4 28 18 1 22 21 17 22 20 29 7 8 6 7 3 23 25 14 10 9 21 24 7 3 3 20 9 14 9 5 20 28 24 5 17 17 12 3 29 2 23 25 12 19 16 27 7 5 4 21 22 5 1 2 28 24 2 5 24 15 30 6 27 4 17 26 7 16 9 7 30 21 8 21 29 10 12 3 10 17 4 29 13 19 11 10 3 18 1 30 30 22 22 7 7 21 16 29 6 7 12 11 1 16 16 14 14 24 14 23 22 2 4 5 28 30 19 5 21 22 18 10 26 13 17 27 3 5 26 13 16 23 10 30 20 24 6 4 16 19 21 24 7 23 1 15 13 7 9 30 26 25 10 26 9 7 6 27 22 14 26 16 24 10 12 20 27 12 16 7 5 25 25 21 26 12 30 24 27 19 21 15 11 23 12 12 16 1 18 20 30 30 27 10 24 10 5 5 6 21 21 8 16 10 23 30 28 4 20 13 25 27 16 27 20 2 12 7 10 14 27 1 1 13 17 14 12 16 13 17 3 8 22 27 9 9 28 9 2 17 26 27 12 9 8 4 9 19 4 6 3 17 11 26 16 21 30 29 7 15 30 30 16 12 25 30 14 13 2 25 19 16 7 7 21 19 29 16 18 30 24 28 30 8 28 30 25 27 23 16 12 17 13 16 7 10 12 27 17 30 17 22 23 11 24 22 23 11 30 29 13 30 30 12 3 21 28 16 24 21 9 26 22 21 1 18 15 8 2 27 27 8 5 28 28 16 20 26 15 29 3 7 22 11 12 26 14 21 22 22 23 1 9 4 10 10
1 2 12
741 393 46 623 152 52 412 432 446 515 541 772
1 17 13
108 781 553 671 184 389 542 386 513 54 252 348 799
1 8 19
634 212 13 784 500 567 131 174 747 624 499 447 32 596 454 625 734 750 753
1 12 12
755 194 718 556 302 371 222 48 33 493 560 680
1 16 14
303 327 666 262 464 156 460 141 521 788 704 316 213 630
1 12 7
414 172 16 441 783 658 733
1 5 18
276 310 382 508 789 600 121 84 723 28 43 176 269 460 499 626 656 689
1 15 4
627 520 49 99
1 13 11
244 197 518 347 402 456 618 572 765 419 265
1 6 8
710 104 465 577 549 519 508 522
1 17 5
532 494 373 205 519
1 4 18
483 638 605 214 352 531 495 341 656 319 595 265 76 220 365 430 544 584
1 10 8
360 204 323 485 448 440 415 509
1 15 8
308 286 503 58 644 211 187 266
1 10 13
725 346 609 573 709 196 583 282 230 279 216 495 663
1 15 5
683 599 328 564 701
1 19 16
416 246 451 56 611 479 101 364 729 459 177 660 169 562 605 765
1 12 5
15 785 103 593 38
1 9 11
616 681 589 100 527 107 739 253 667 714 567
1 2 9
497 306 143 165 398 402 493 543 691
1 4 14
258 324 471 387 716 422 128 658 224 349 116 285 370 512
1 8 10
142 554 735 50 298 105 139 344 525 786
1 1 7
170 655 159 68 696 651 507
1 4 17
546 617 358 6 557 458 209 764 552 766 677 110 380 404 247 345 696
1 19 5
438 786 603 217 722
1 19 14
791 762 275 664 536 228 271 143 622 398 259 63 222 724
1 15 13
713 721 750 608 98 344 188 543 80 115 134 277 586
1 14 5
648 150 44 58 384
1 3 6
28 778 702 203 315 745
1 7 10
614 701 175 190 294 158 61 77 157 465
1 8 15
221 192 251 292 715 753 241 168 717 629 29 64 298 317 622
1 7 17
473 322 738 307 374 640 353 136 669 545 670 281 127 50 98 144 325
1 13 12
635 730 693 123 510 676 77 153 566 266 228 302
1 8 10
102 384 551 621 365 390 27 296 410 506
1 19 8
92 179 23 768 63 152 390 581
1 12 4
453 97 155 116
1 13 10
248 21 744 249 280 382 672 731 738 771
1 19 14
277 343 400 106 427 283 472 457 178 517 229 144 707 690
1 9 15
547 379 412 524 320 507 643 770 278 790 528 261 672 237 282
1 7 14
594 203 675 481 37 437 650 435 492 166 183 120 659 697
1 6 19
78 462 336 653 737 208 201 391 119 297 176 264 772 243 177 226 381 470 533
1 16 14
338 368 3 692 405 742 112 242 69 630 745 792 239 629
1 18 4
639 421 124 601
1 17 17
280 407 432 537 474 57 628 210 273 70 736 680 219 555 782 54 140
1 2 11
773 749 502 215 731 363 165 590 290 342 546
1 14 12
775 684 314 311 189 146 586 2 642 530 94 566
1 14 17
42 690 682 562 776 522 449 160 89 254 6 151 248 374 440 729 789
1 2 13
540 418 526 59 99 797 351 756 83 124 295 337 741
1 8 18
663 478 535 705 66 740 610 506 309 722 751 31 712 38 44 385 600 719
1 14 18
637 525 218 378 584 512 7 180 563 754 377 686 466 468 76 56 602 778
1 17 5
560 579 428 148 169
1 14 8
64 467 514 16 164 297 513 748
1 14 14
509 321 699 489 580 182 767 88 149 607 46 310 526 664
1 14 5
300 334 215 360 473
1 2 10
86 516 118 342 220 375 24 244 675 794
1 16 7
450 139 657 632 771 200 569
1 17 6
233 598 312 36 100 523
1 16 10
24 198 585 484 270 53 361 18 305 720
1 11 5
602 157 147 732 230
1 8 5
496 355 700 74 262
1 8 5
335 649 95 108 202
1 20 13
109 247 511 227 726 55 559 591 748 366 530 647 666
1 12 10
299 445 126 619 238 151 231 258 715 787
1 10 13
333 733 43 515 339 470 167 154 689 604 570 341 674
1 13 13
550 0 426 257 613 569 665 71 10 720 75 159 624
1 9 16
501 574 287 661 51 138 383 486 213 268 645 117 413 561 417 223
1 6 13
129 799 597 113 245 62 760 93 148 469 11 195 681
1 13 12
691 226 544 498 96 274 260 5 104 518 592 616
1 19 11
105 446 249 403 606 130 420 168 364 547 599
1 3 18
727 291 290 17 794 20 14 571 777 576 330 60 476 21 94 210 433 615
1 15 10
134 697 326 674 284 224 481 485 751 773
1 10 12
443 454 95 120 231 659 439 703 362 628 693 723
1 13 7
289 376 87 30 688 441 679
1 10 5
162 758 53 200 206
1 9 3
171 195 634
1 3 17
29 340 225 761 488 288 647 263 27 223 90 685 399 133 0 234 635
1 7 6
381 646 719 9 34 394
1 7 18
65 452 757 395 436 354 73 461 504 743 565 250 548 211 254 387 594 620
1 19 4
12 370 9 31
1 1 18
181 301 52 631 296 304 491 318 329 411 673 529 111 409 293 430 273 540
1 15 11
163 795 779 61 40 423 541 587 83 559 694
1 14 17
487 285 601 708 424 620 72 694 191 759 372 564 592 5 558 163 313
1 2 18
695 39 425 433 240 678 313 615 256 429 267 711 353 368 371 539 578 775
1 18 9
332 625 359 626 12 209 232 346 682
1 3 12
612 357 568 185 11 636 1 679 752 575 582 650
1 2 5
388 538 199 484 596
1 6 5
475 505 202 125 427
1 14 7
706 442 367 35 416 637 793
1 5 16
662 431 19 385 193 47 268 421 453 461 524 550 747 752 769 776
1 14 16
408 22 161 444 796 480 186 769 369 236 235 15 182 449 455 490
1 8 21
137 34 641 406 82 272 41 36 74 26 135 588 477 633 533 136 199 459 511 703 743
1 4 15
734 539 523 455 410 763 654 114 392 45 652 415 175 333 475
1 3 13
269 232 205 724 728 47 780 117 287 388 476 479 732
1 18 15
81 315 255 91 85 581 798 122 325 350 164 490 534 32 86
1 16 15
774 216 207 317 79 356 434 668 237 698 578 397 746 553 606
1 5 8
25 362 482 8 39 201 263 351
1 9 5
337 345 67 598 671
1 19 6
145 787 256 284 422 695
1 3 17
394 206 331 140 173 234 793 4 401 687 67 463 132 396 278 434 595
