300 139 465 20
36 12 39 36 12 23 12 28 37 12 31 38 22 28 23 24 19 21 31 20 36 23 35 35 25 28 16 34 33 19 15 24 24 15 33 20 36 29 34 27 29 27 35 27 28 20 18 21 30 17 20 21 33 19 17 21 40 38 39 25 30 15 27 13 30 14 23 11 22 21 22 22 25 16 29 30 11 21 16 17 28 15 39 37 19 39 33 40 17 17 24 21 31 14 28 19 21 29 14 19 33 23 24 28 40 22 32 30 22 17 38 12 14 22 39 28 28 37 26 29 17 12 15 25 37 17 12 38 29 29 28 28 12 30 14 11 25 38 21 19 16 36 30 12 39 33 38 24 23 30 27 24 38 35 34 13 20 28 27 37 25 38 31 32 33 12 16 23 31 22 34 15 23 27 15 24 14 23 21 28 34 31 20 19 33 29 29 22 34 31 29 40 37 32 35 19 22 22 18 40 20 32 13 12 11 20 13 28 14 33 17 16 31 23 15 19 20 37 27 18 30 37 36 21 14 37 30 26 12 22 33 28 37 20 33 38 26 36 22 33 28 34 29 24 28 17 13 17 20 37 31 28 26 24 17 12 28 18 27 29 40 19 29 22 13 12 15 14 29 32 11 19 28 37 27 31 16 13 33 40 31 37 40 22 23 12 21 18 36 28 17 37 32 26 25 17 37 34 28 32
26 2 29 26 2 13 2 18 27 2 21 28 12 18 13 14 9 11 21 10 26 13 25 25 15 18 6 24 23 9 5 14 14 5 23 10 26 19 24 17 19 17 25 17 18 10 8 11 20 7 10 11 23 9 7 11 30 28 29 15 20 5 17 3 20 4 13 1 12 11 12 12 15 6 19 20 1 11 6 7 18 5 29 27 9 29 23 30 7 7 14 11 21 4 18 9 11 19 4 9 23 13 14 18 30 12 22 20 12 7 28 2 4 12 29 18 18 27 16 19 7 2 5 15 27 7 2 28 19 19 18 18 2 20 4 1 15 28 11 9 6 26 20 2 29 23 28 14 13 20 17 14 28 25 24 3 10 18 17 27 15 28 21 22 23 2 6 13 21 12 24 5 13 17 5 14 4 13 11 18 24 21 10 9 23 19 19 12 24 21 19 30 27 22 25 9 12 12 8 30 10 22 3 2 1 10 3 18 4 23 7 6 21 13 5 9 10 27 17 8 20 27 26 11 4 27 20 16 2 12 23 18 27 10 23 28 16 26 12 23 18 24 19 14 18 7 3 7 10 27 21 18 16 14 7 2 18 8 17 19 30 9 19 12 3 2 5 4 19 22 1 9 18 27 17 21 6 3 23 30 21 27 30 12 13 2 11 8 26 18 7 27 22 16 15 7 27 24 18 22
0 12 4
206 218 42 80
0 18 4
95 111 121 76
0 14 2
171 240
0 19 5
132 139 174 17 162
0 19 5
172 153 229 213 33
1 9 4
137 68 223 250
0 3 1
271
0 4 3
252 91 170
0 11 3
147 133 297
0 16 5
221 286 215 188 245
0 19 2
262 208
0 12 2
196 1
0 2 1
62
0 17 3
296 177 14
0 19 4
152 165 81 299
0 14 2
71 118
1 2 2
159 191
0 12 2
287 122
0 3 4
176 224 51 255
0 14 4
125 225 61 295
0 8 2
242 38
1 6 2
210 293
0 4 3
226 131 31
0 13 4
98 243 167 201
0 18 4
70 7 283 238
0 18 3
134 15 261
0 19 1
101
0 10 4
88 214 145 169
1 14 2
178 143
1 7 4
247 140 128 93
0 1 1
235
1 1 2
180 10
0 7 5
265 205 173 19 85
0 2 3
270 163 192
0 9 1
216
0 7 5
116 227 47 50 257
0 9 5
67 2 157 253 138
0 8 2
168 267
0 7 3
69 124 183
0 17 3
4 97 22
0 13 5
198 184 212 86 236
0 8 1
259
0 3 4
115 298 289 203
0 6 2
248 151
0 12 2
57 34
0 4 3
233 26 164
0 9 1
219
0 13 3
56 142 146
0 19 2
73 130
0 2 5
29 274 268 59 25
0 5 4
282 89 181 20
0 8 2
119 6
1 15 2
249 185
0 9 4
114 211 291 113
0 15 3
74 182 251
0 2 5
149 64 108 193 288
0 15 3
24 52 46
0 14 2
90 278
1 5 4
237 63 220 49
1 6 5
13 92 194 39 117
1 3 3
104 37 16
0 18 2
112 266
0 11 3
78 77 28
0 9 3
273 158 256
0 11 3
199 107 150
0 15 5
241 8 11 129 94
1 20 3
123 87 18
0 13 2
84 155
0 1 4
110 82 72 276
0 5 4
207 0 258 3
0 4 4
217 23 154 197
0 7 2
264 45
0 8 5
161 105 75 290 126
0 5 2
21 99
0 4 4
292 175 231 195
0 10 5
202 103 239 275 5
0 1 1
166
1 26 1
9
1 10 1
12
1 18 1
27
1 25 1
30
1 18 1
32
1 19 1
35
1 28 1
36
1 15 1
40
1 16 1
41
1 26 1
43
1 20 1
44
1 21 1
48
1 26 1
53
1 18 1
54
1 17 1
55
1 30 1
58
1 8 1
60
1 20 1
65
1 33 1
66
1 16 1
79
1 16 1
83
1 13 1
96
1 11 1
100
1 16 1
102
1 28 1
106
1 36 1
109
1 21 1
120
1 23 1
127
1 31 1
135
1 4 1
136
1 11 1
141
1 13 1
144
1 27 1
148
1 14 1
156
1 16 1
160
1 34 1
179
1 23 1
186
1 3 1
187
1 14 1
189
1 12 1
190
1 28 1
200
1 13 1
204
1 23 1
209
1 22 1
222
1 26 1
228
1 29 1
230
1 9 1
232
1 18 1
234
1 36 1
244
1 22 1
246
1 5 1
254
1 27 1
260
1 23 1
263
1 27 1
269
1 15 1
272
1 15 1
277
1 12 1
279
1 19 1
280
1 28 1
281
1 35 1
284
1 22 1
285
1 17 1
294
