300 133 465 20
25 30 30 25 38 18 21 33 38 13 18 27 22 24 13 27 11 28 16 32 11 27 14 35 14 21 39 35 13 37 19 19 35 40 30 35 16 20 19 12 17 20 20 38 38 25 35 11 34 22 19 39 39 19 17 16 25 25 35 21 40 15 25 38 19 12 25 15 36 37 19 27 23 16 24 12 38 35 34 18 32 37 12 31 37 19 21 19 11 39 23 25 23 22 34 31 12 20 33 11 21 37 37 28 28 24 19 23 36 30 23 24 37 26 40 24 25 22 16 31 24 23 17 22 39 27 17 17 18 22 12 40 25 17 13 20 40 37 37 13 22 31 38 15 14 31 32 16 23 24 33 14 30 20 38 34 30 18 29 36 29 31 36 19 22 34 17 26 25 22 24 20 25 35 13 17 39 22 35 12 35 20 24 21 20 22 28 14 32 27 26 32 34 34 33 40 19 11 16 31 36 39 37 15 38 27 40 30 20 12 21 16 36 18 16 35 12 31 20 11 13 29 11 39 34 36 13 12 19 31 13 30 11 20 11 37 36 29 27 12 11 28 17 28 34 32 33 27 37 31 17 34 24 12 33 29 14 28 35 18 27 13 15 21 34 29 11 12 36 13 39 18 14 28 18 15 28 15 30 11 24 31 19 18 16 14 39 17 27 23 15 11 15 21 37 24 32 32 30 30
15 20 20 15 28 8 11 23 28 3 8 17 12 14 3 17 1 18 6 22 1 17 4 25 4 11 29 25 3 27 9 9 25 30 20 25 6 10 9 2 7 10 10 28 28 15 25 1 24 12 9 29 29 9 7 6 15 15 25 11 30 5 15 28 9 2 15 5 26 27 9 17 13 6 14 2 28 25 24 8 22 27 2 21 27 9 11 9 1 29 13 15 13 12 24 21 2 10 23 1 11 27 27 18 18 14 9 13 26 20 13 14 27 16 30 14 15 12 6 21 14 13 7 12 29 17 7 7 8 12 2 30 15 7 3 10 30 27 27 3 12 21 28 5 4 21 22 6 13 14 23 4 20 10 28 24 20 8 19 26 19 21 26 9 12 24 7 16 15 12 14 10 15 25 3 7 29 12 25 2 25 10 14 11 10 12 18 4 22 17 16 22 24 24 23 30 9 1 6 21 26 29 27 5 28 17 30 20 10 2 11 6 26 8 6 25 2 21 10 1 3 19 1 29 24 26 3 2 9 21 3 20 1 10 1 27 26 19 17 2 1 18 7 18 24 22 23 17 27 21 7 24 14 2 23 19 4 18 25 8 17 3 5 11 24 19 1 2 26 3 29 8 4 18 8 5 18 5 20 1 14 21 9 8 6 4 29 7 17 13 5 1 5 11 27 14 22 22 20 20
1 17 5
131 225 54 287 137
0 13 2
258 234
0 17 5
118 119 49 33 50
0 3 4
47 227 101 88
0 9 4
222 168 237 269
0 16 5
195 270 278 154 152
0 8 2
200 274
0 20 3
89 276 125
0 12 3
150 295 99
0 7 3
208 156 153
0 12 2
291 292
0 6 2
299 233
0 20 5
254 58 170 82 185
0 7 3
147 174 252
0 3 3
79 298 29
1 14 5
231 1 93 183 224
0 18 3
223 230 204
1 8 2
249 104
1 2 4
84 116 42 14
0 7 5
241 271 110 193 0
0 4 4
117 178 55 184
0 2 2
246 245
0 14 4
97 248 256 186
0 16 4
191 71 181 196
1 14 5
43 64 111 229 34
0 19 4
244 146 114 23
0 2 5
206 199 279 169 262
1 4 5
52 247 83 45 62
0 14 3
155 15 281
0 10 2
293 144
1 20 3
2 115 161
1 11 4
68 80 253 194
0 11 4
28 138 73 126
0 19 4
286 236 6 77
1 10 3
135 265 30
0 12 2
198 36
0 10 2
264 273
0 16 3
106 285 13
0 7 2
141 90
0 3 5
25 129 139 26 250
0 19 3
65 124 41
1 19 2
18 188
0 16 3
11 167 140
1 12 3
190 70 19
0 10 3
44 182 100
0 10 1
212
0 5 2
66 132
0 18 4
238 210 159 290
0 9 3
9 259 56
0 15 3
179 163 166
0 6 2
7 113
1 5 2
260 239
0 20 4
53 105 81 173
0 15 3
157 48 35
1 7 4
107 266 94 219
0 8 3
85 214 257
0 10 1
133
0 20 1
217
0 20 6
63 296 240 180 120 203
0 15 1
24
0 7 2
102 59
0 10 3
228 283 109
0 10 4
95 280 242 282
0 9 2
121 251
0 11 3
143 142 122
0 4 2
76 74
0 17 2
211 232
0 13 1
130
0 17 3
275 3 22
1 2 3
38 134 51
0 20 3
108 4 31
1 12 6
57 46 158 243 261 123
1 19 6
21 213 67 12 61 197
0 17 2
5 215
0 20 1
176
0 16 1
201
0 9 5
69 91 72 10 75
0 20 2
87 39
1 22 1
8
1 24 1
16
1 28 1
17
1 16 1
20
1 18 1
27
1 20 1
32
1 15 1
37
1 10 1
40
1 21 1
60
1 27 1
78
1 34 1
86
1 29 1
92
1 16 1
96
1 20 1
98
1 22 1
103
1 30 1
112
1 25 1
127
1 25 1
128
1 23 1
136
1 18 1
145
1 20 1
148
1 24 1
149
1 37 1
151
1 30 1
160
1 9 1
162
1 30 1
164
1 13 1
165
1 24 1
171
1 24 1
172
1 26 1
175
1 30 1
177
1 28 1
187
1 39 1
189
1 28 1
192
1 29 1
202
1 33 1
205
1 34 1
207
1 30 1
209
1 30 1
216
1 32 1
218
1 16 1
220
1 25 1
221
1 26 1
226
1 23 1
235
1 23 1
255
1 13 1
263
1 20 1
267
1 35 1
268
1 40 1
272
1 28 1
277
1 20 1
284
1 17 1
288
1 24 1
289
1 34 1
294
1 20 1
297
