300 140 465 20
35 31 38 40 23 15 34 11 34 11 37 30 18 25 28 17 17 23 22 18 40 16 13 39 30 27 26 40 32 36 35 15 37 20 22 26 24 32 32 29 15 37 18 39 14 12 21 27 20 28 39 14 25 31 21 12 21 35 25 29 33 35 38 23 37 25 30 35 39 21 14 29 17 22 18 21 21 17 36 22 34 27 12 40 38 21 38 37 29 16 40 19 25 23 22 34 18 17 38 40 32 28 34 38 28 37 26 39 28 12 18 11 23 35 29 17 11 38 25 25 33 19 20 25 35 19 34 14 39 23 27 20 32 15 37 26 32 27 21 37 21 33 11 29 19 35 34 30 36 24 32 38 19 40 23 26 28 32 36 15 33 22 32 30 12 32 34 34 15 29 15 17 31 33 39 14 21 31 13 18 16 40 38 20 13 34 40 15 33 21 25 19 28 15 17 24 26 30 39 31 18 16 40 38 12 24 16 40 35 40 16 29 13 21 40 34 33 29 30 22 25 37 16 35 36 29 33 17 23 36 22 33 19 20 24 24 21 22 14 25 37 24 18 35 15 13 32 12 14 37 22 28 29 34 37 14 25 19 25 33 27 35 19 35 32 34 19 11 13 16 39 29 39 20 15 36 21 12 32 24 26 31 32 17 16 15 14 27 14 33 15 39 23 28 11 20 26 39 25 40
25 21 28 30 13 5 24 1 24 1 27 20 8 15 18 7 7 13 12 8 30 6 3 29 20 17 16 30 22 26 25 5 27 10 12 16 14 22 22 19 5 27 8 29 4 2 11 17 10 18 29 4 15 21 11 2 11 25 15 19 23 25 28 13 27 15 20 25 29 11 4 19 7 12 8 11 11 7 26 12 24 17 2 30 28 11 28 27 19 6 30 9 15 13 12 24 8 7 28 30 22 18 24 28 18 27 16 29 18 2 8 1 13 25 19 7 1 28 15 15 23 9 10 15 25 9 24 4 29 13 17 10 22 5 27 16 22 17 11 27 11 23 1 19 9 25 24 20 26 14 22 28 9 30 13 16 18 22 26 5 23 12 22 20 2 22 24 24 5 19 5 7 21 23 29 4 11 21 3 8 6 30 28 10 3 24 30 5 23 11 15 9 18 5 7 14 16 20 29 21 8 6 30 28 2 14 6 30 25 30 6 19 3 11 30 24 23 19 20 12 15 27 6 25 26 19 23 7 13 26 12 23 9 10 14 14 11 12 4 15 27 14 8 25 5 3 22 2 4 27 12 18 19 24 27 4 15 9 15 23 17 25 9 25 22 24 9 1 3 6 29 19 29 10 5 26 11 2 22 14 16 21 22 7 6 5 4 17 4 23 5 29 13 18 1 10 16 29 15 30
1 13 3
273 242 281
1 10 4
148 167 205 53
1 6 2
272 94
0 1 2
170 282
0 6 4
133 299 247 259
0 2 5
228 64 215 250 295
0 12 1
186
0 4 1
20
1 6 4
199 197 175 111
0 15 2
74 112
0 20 5
85 209 180 270 287
0 8 5
187 5 44 182 172
1 13 3
128 280 224
0 16 4
264 147 21 184
0 5 4
1 274 144 243
0 18 4
153 54 140 288
0 19 4
43 200 296 143
0 16 5
218 216 239 275 268
1 5 2
131 41
0 20 4
160 93 71 151
0 3 2
63 253
0 3 2
255 190
0 18 1
95
0 19 2
198 35
0 17 6
166 110 125 284 269 211
0 5 3
40 262 152
1 3 2
208 185
1 17 4
234 156 50 59
0 8 5
58 267 179 173 203
0 3 1
260
0 11 3
32 251 86
0 3 1
292
0 4 3
77 132 18
1 6 5
122 87 181 276 206
0 14 4
254 11 14 142
0 12 5
283 141 158 226 81
1 19 2
139 293
0 9 3
244 286 65
1 19 2
17 183
0 2 3
100 289 31
0 15 4
36 265 46 52
0 9 1
51
1 20 6
10 238 201 176 278 279
1 18 4
101 114 73 7
0 18 3
164 8 163
0 5 3
15 162 108
0 16 5
99 222 177 193 2
1 1 2
92 297
0 6 4
42 245 118 196
0 4 2
106 271
0 9 2
214 79
0 15 4
257 263 119 202
0 9 3
171 24 129
0 8 1
61
0 11 2
116 28
0 14 2
57 90
0 14 4
249 159 168 149
0 19 2
96 225
1 4 3
227 127 80
0 7 2
66 145
0 10 3
29 45 236
0 18 3
285 115 4
0 14 2
70 25
0 8 4
189 195 0 233
0 9 3
55 117 84
0 13 3
121 48 126
0 3 2
109 13
0 3 5
261 219 67 30 217
0 13 4
38 135 130 137
0 1 5
104 291 298 124 88
0 17 6
221 191 150 165 213 136
0 13 1
174
0 13 5
204 27 91 240 34
1 19 1
3
1 22 1
6
1 21 1
9
1 10 1
12
1 22 1
16
1 29 1
19
1 10 1
22
1 20 1
23
1 24 1
26
1 36 1
33
1 21 1
37
1 18 1
39
1 24 1
47
1 20 1
49
1 27 1
56
1 17 1
60
1 21 1
62
1 20 1
68
1 25 1
69
1 21 1
72
1 31 1
75
1 17 1
76
1 16 1
78
1 22 1
82
1 35 1
83
1 18 1
89
1 24 1
97
1 13 1
98
1 20 1
102
1 19 1
103
1 28 1
105
1 7 2
107 223
1 9 1
113
1 18 1
120
1 22 1
123
1 20 1
134
1 18 1
138
1 37 1
146
1 7 1
154
1 9 1
155
1 27 1
157
1 17 1
161
1 11 1
169
1 22 1
178
1 28 1
188
1 18 1
192
1 13 1
194
1 16 1
207
1 11 1
210
1 37 1
212
1 11 1
220
1 18 1
229
1 32 1
230
1 20 1
231
1 32 1
232
1 12 1
235
1 36 1
237
1 19 1
241
1 12 1
246
1 36 1
248
1 12 1
252
1 26 1
256
1 29 1
258
1 29 1
266
1 18 1
277
1 23 1
290
1 15 1
294
