700 229 1085 20
17 33 20 40 16 30 20 19 17 39 22 11 22 26 34 40 22 22 15 26 17 11 34 23 19 31 23 17 21 39 25 17 14 30 30 27 11 11 24 32 37 35 18 32 13 11 25 24 34 20 23 28 11 30 32 26 16 35 31 33 22 39 33 38 40 24 24 14 24 37 28 14 39 33 14 24 27 27 25 18 36 16 19 26 20 31 12 16 31 39 37 23 31 39 21 11 22 35 36 31 33 27 26 25 30 23 35 22 32 35 11 28 40 20 15 34 30 38 40 30 30 33 38 31 22 36 25 15 34 15 17 11 19 11 21 28 30 32 27 37 11 25 37 28 14 38 29 25 32 38 30 40 12 24 16 25 30 19 31 27 24 12 20 28 28 26 17 38 21 26 20 27 14 15 14 15 34 26 23 39 17 26 35 33 33 39 28 27 14 29 22 35 24 13 14 39 32 37 15 19 31 11 39 36 31 16 11 36 24 11 35 29 16 36 36 14 27 16 30 32 35 34 22 26 31 26 17 28 25 23 28 37 25 24 33 30 30 24 16 32 20 15 18 13 26 20 31 14 13 22 13 33 11 17 12 28 13 35 21 24 34 28 30 21 40 24 25 34 18 31 36 14 33 13 27 22 17 15 38 35 29 18 28 34 12 11 20 15 39 39 25 40 20 19 38 27 16 14 15 27 21 19 15 26 26 28 38 30 12 24 14 14 21 39 38 16 29 20 18 21 38 24 31 35 28 32 31 38 22 22 18 31 30 38 14 22 16 12 40 35 31 22 32 12 11 22 29 34 34 37 32 22 29 32 39 17 15 13 25 21 15 37 36 18 34 12 15 25 22 18 16 23 14 24 26 25 39 13 20 11 31 22 16 24 20 35 29 37 13 25 22 14 23 38 26 30 11 18 11 19 22 30 38 34 19 22 39 14 12 30 40 36 13 32 40 28 21 18 35 40 40 20 21 22 23 34 31 11 16 13 13 22 18 12 22 39 15 20 29 13 30 22 12 22 29 40 28 11 31 34 39 12 11 40 25 29 17 30 27 13 31 18 16 12 38 17 28 15 29 27 27 17 39 37 33 12 36 20 25 31 39 20 19 30 40 30 37 13 39 15 36 40 34 22 14 14 25 38 27 11 38 20 30 12 22 31 27 25 16 28 24 32 32 26 23 34 14 26 34 37 18 24 16 20 13 16 11 17 21 29 26 13 27 13 25 17 18 25 18 14 34 14 11 23 32 20 26 31 23 37 33 15 25 28 20 18 19 17 31 19 26 26 36 35 21 22 35 39 34 28 12 11 25 37 14 23 33 16 16 25 30 15 13 27 17 18 32 12 14 26 23 29 35 26 31 21 20 16 14 30 28 25 23 19 14 14 13 19 17 37 38 15 35 20 22 37 39 40 27 24 12 29 23 28 20 40 34 25 22 27 31 27 27 26 25 33 22 35 33 27 23 30 28 34 24 27 13 39 39 17 18 24 13 17 17 22 33 17 16 15 34 36 11 19 22 39 14 24 33 35 25 27 28 36 16 18 22 20 20 25 34 27 15 27 15 33 35 14 12 36 13 27 15 17 20 40 32 36 12 17
7 23 10 30 6 20 10 9 7 29 12 1 12 16 24 30 12 12 5 16 7 1 24 13 9 21 13 7 11 29 15 7 4 20 20 17 1 1 14 22 27 25 8 22 3 1 15 14 24 10 13 18 1 20 22 16 6 25 21 23 12 29 23 28 30 14 14 4 14 27 18 4 29 23 4 14 17 17 15 8 26 6 9 16 10 21 2 6 21 29 27 13 21 29 11 1 12 25 26 21 23 17 16 15 20 13 25 12 22 25 1 18 30 10 5 24 20 28 30 20 20 23 28 21 12 26 15 5 24 5 7 1 9 1 11 18 20 22 17 27 1 15 27 18 4 28 19 15 22 28 20 30 2 14 6 15 20 9 21 17 14 2 10 18 18 16 7 28 11 16 10 17 4 5 4 5 24 16 13 29 7 16 25 23 23 29 18 17 4 19 12 25 14 3 4 29 22 27 5 9 21 1 29 26 21 6 1 26 14 1 25 19 6 26 26 4 17 6 20 22 25 24 12 16 21 16 7 18 15 13 18 27 15 14 23 20 20 14 6 22 10 5 8 3 16 10 21 4 3 12 3 23 1 7 2 18 3 25 11 14 24 18 20 11 30 14 15 24 8 21 26 4 23 3 17 12 7 5 28 25 19 8 18 24 2 1 10 5 29 29 15 30 10 9 28 17 6 4 5 17 11 9 5 16 16 18 28 20 2 14 4 4 11 29 28 6 19 10 8 11 28 14 21 25 18 22 21 28 12 12 8 21 20 28 4 12 6 2 30 25 21 12 22 2 1 12 19 24 24 27 22 12 19 22 29 7 5 3 15 11 5 27 26 8 24 2 5 15 12 8 6 13 4 14 16 15 29 3 10 1 21 12 6 14 10 25 19 27 3 15 12 4 13 28 16 20 1 8 1 9 12 20 28 24 9 12 29 4 2 20 30 26 3 22 30 18 11 8 25 30 30 10 11 12 13 24 21 1 6 3 3 12 8 2 12 29 5 10 19 3 20 12 2 12 19 30 18 1 21 24 29 2 1 30 15 19 7 20 17 3 21 8 6 2 28 7 18 5 19 17 17 7 29 27 23 2 26 10 15 21 29 10 9 20 30 20 27 3 29 5 26 30 24 12 4 4 15 28 17 1 28 10 20 2 12 21 17 15 6 18 14 22 22 16 13 24 4 16 24 27 8 14 6 10 3 6 1 7 11 19 16 3 17 3 15 7 8 15 8 4 24 4 1 13 22 10 16 21 13 27 23 5 15 18 10 8 9 7 21 9 16 16 26 25 11 12 25 29 24 18 2 1 15 27 4 13 23 6 6 15 20 5 3 17 7 8 22 2 4 16 13 19 25 16 21 11 10 6 4 20 18 15 13 9 4 4 3 9 7 27 28 5 25 10 12 27 29 30 17 14 2 19 13 18 10 30 24 15 12 17 21 17 17 16 15 23 12 25 23 17 13 20 18 24 14 17 3 29 29 7 8 14 3 7 7 12 23 7 6 5 24 26 1 9 12 29 4 14 23 25 15 17 18 26 6 8 12 10 10 15 24 17 5 17 5 23 25 4 2 26 3 17 5 7 10 30 22 26 2 7
0 18 11
74 89 83 285 294 652 528 216 668 688 146
0 18 11
499 536 131 350 622 90 225 3 477 615 204
0 4 2
510 527
0 13 2
300 112
0 7 3
79 409 500
0 10 7
554 353 158 599 299 66 244
0 6 7
58 626 101 250 245 113 358
0 19 5
313 681 149 290 128
0 9 7
524 125 314 449 453 670 497
0 11 6
585 46 256 52 228 427
0 16 8
17 538 546 558 312 63 276 252
0 17 12
100 227 486 145 212 2 363 589 117 190 691 70
0 5 8
249 661 408 374 11 266 464 99
0 6 11
513 545 460 609 192 446 507 26 646 43 84
0 4 12
123 38 642 654 445 119 42 564 103 310 284 457
0 19 5
410 389 198 29 479
0 13 11
488 542 12 540 441 514 663 529 336 185 632
1 10 9
394 211 425 526 53 541 24 436 552
0 9 5
85 581 401 551 633
0 19 8
281 39 433 690 481 251 571 547
0 7 2
376 634
0 7 6
603 155 142 562 472 352
0 19 8
656 229 375 343 6 466 188 583
0 10 3
148 388 323
0 17 10
373 465 214 116 325 623 147 577 54 1
0 6 2
218 254
0 8 8
519 344 371 87 693 675 345 341
0 4 8
107 629 18 432 641 306 543 305
0 16 4
651 154 423 521
0 13 6
686 115 272 13 15 61
0 9 2
0 368
0 10 12
413 458 175 483 98 617 378 522 88 194 170 197
0 1 2
424 498
0 12 6
590 191 588 561 403 532
0 20 5
318 96 76 658 65
0 19 6
474 34 666 669 189 520
0 6 9
151 205 288 60 608 572 475 327 569
0 4 6
270 139 230 168 316 207
0 18 6
452 366 639 604 442 535
1 9 14
487 447 672 215 508 655 559 129 91 236 262 531 143 73
0 16 7
549 186 120 333 431 372 616
0 16 3
537 348 30
0 20 6
109 132 338 505 163 420
0 6 2
518 468
0 16 7
35 426 534 484 407 576 390
0 7 6
443 461 183 135 493 450
0 19 6
677 253 261 246 56 187
0 6 4
556 201 695 122
0 12 5
152 687 377 55 9
0 6 7
169 459 387 5 386 329 240
0 17 4
121 108 67 221
0 10 9
234 23 516 49 570 126 324 369 437
0 4 2
402 278
0 13 2
480 396
0 19 1
414
0 6 12
311 33 36 455 199 404 259 503 72 462 321 77
0 18 4
644 130 337 27
0 4 8
360 495 110 178 594 59 202 304
0 8 6
502 444 664 381 392 269
0 16 3
485 242 614
0 17 12
172 181 164 361 548 365 383 421 682 347 671 418
0 16 6
232 179 640 680 568 308
0 14 9
268 171 237 19 134 385 138 613 274
0 6 2
439 279
0 18 7
563 161 469 384 222 44 136
0 16 3
411 238 573
0 6 2
618 362
0 14 7
574 223 359 395 596 416 398
0 19 7
114 260 482 370 592 349 662
0 4 10
607 68 160 48 104 315 399 438 473 683
0 11 7
331 247 643 660 342 355 600
0 6 3
659 625 694
0 7 13
182 429 419 157 200 434 621 435 94 627 95 320 184
0 2 5
224 539 560 506 624
0 17 12
4 25 106 275 448 243 489 330 124 610 21 697
0 13 8
647 635 601 50 144 180 692 8
0 1 7
512 105 367 69 22 71 606
0 20 1
16
0 14 6
267 649 298 430 235 283
0 7 5
631 638 382 208 515
0 1 8
346 380 463 665 674 584 523 40
0 1 2
582 150
0 7 6
490 137 153 340 302 630
0 9 1
219
0 16 8
698 509 14 566 231 400 239 309
0 10 10
133 28 598 689 391 612 544 166 650 203
0 4 7
645 593 550 75 206 636 579
0 20 2
637 319
0 4 2
415 156
1 24 1
7
1 27 1
10
1 33 1
20
1 20 1
31
1 36 1
32
1 12 1
37
1 27 1
41
1 28 1
45
1 35 1
47
1 20 1
51
1 23 2
57 118
1 17 1
62
1 20 1
64
1 12 1
78
1 7 1
80
1 20 1
81
1 27 1
82
1 13 1
86
1 30 1
92
1 34 1
93
1 8 1
97
1 11 1
102
1 38 1
111
1 36 1
127
1 13 1
140
1 33 1
141
1 19 1
159
1 25 1
162
1 22 2
165 580
1 38 1
167
1 23 1
173
1 23 1
174
1 28 1
176
1 32 1
177
1 20 1
193
1 7 1
195
1 20 1
196
1 37 1
209
1 23 1
210
1 18 1
213
1 29 1
217
1 19 1
220
1 29 1
226
1 21 1
233
1 30 2
241 492
1 36 1
248
1 14 1
255
1 32 1
257
1 10 1
258
1 23 1
263
1 21 1
264
1 33 1
265
1 20 1
271
1 22 1
273
1 20 1
277
1 17 1
280
1 17 1
282
1 27 1
286
1 20 1
287
1 25 1
289
1 20 1
291
1 11 1
292
1 29 1
293
1 30 1
295
1 16 1
296
1 23 1
297
1 21 1
301
1 10 1
303
1 35 1
307
1 16 1
317
1 7 1
322
1 27 1
326
1 37 1
328
1 19 1
332
1 27 1
334
1 8 1
335
1 11 1
339
1 28 1
351
1 30 1
354
1 25 1
356
1 24 1
357
1 26 1
364
1 20 1
379
1 29 1
393
1 9 1
397
1 14 1
405
1 20 1
406
1 23 1
412
1 20 1
417
1 13 1
422
1 26 1
428
1 21 1
440
1 26 1
451
1 19 1
454
1 20 1
456
1 26 1
467
1 38 1
470
1 15 1
471
1 25 1
476
1 9 1
478
1 23 1
491
1 26 1
494
1 38 1
496
1 23 1
501
1 25 1
504
1 23 1
511
1 28 1
517
1 32 1
525
1 31 1
530
1 3 1
533
1 18 1
553
1 16 1
555
1 25 1
557
1 10 1
565
1 15 1
567
1 16 1
575
1 15 1
578
1 19 1
586
1 26 1
587
1 16 1
591
1 7 1
595
1 20 1
597
1 22 1
602
1 25 1
605
1 18 1
611
1 30 1
619
1 8 1
620
1 31 1
628
1 22 1
648
1 24 1
653
1 24 1
657
1 22 1
667
1 37 1
673
1 14 1
676
1 15 1
678
1 24 1
679
1 24 1
684
1 7 1
685
1 20 1
696
1 22 1
699
