700 232 1085 10
26 12 12 11 18 15 39 33 40 11 14 30 37 30 16 21 16 13 17 36 17 16 21 19 29 36 26 39 11 35 23 37 20 23 24 40 13 30 31 36 15 36 38 26 16 35 16 13 34 40 12 40 15 27 18 27 39 25 13 13 32 38 18 40 36 28 40 37 32 17 14 13 31 27 24 38 32 34 34 23 35 18 23 21 38 14 37 40 39 30 24 18 21 18 28 13 29 27 32 12 40 28 33 23 35 22 34 31 20 30 21 37 37 24 34 12 16 12 22 25 36 27 25 36 21 18 22 15 29 36 19 20 14 28 16 30 19 26 32 27 30 23 17 11 25 25 17 19 14 29 24 28 34 25 13 32 23 16 20 32 13 12 34 37 16 15 18 29 25 22 28 26 23 22 31 34 33 22 13 26 12 32 34 38 32 26 37 35 28 33 27 34 27 23 24 39 39 18 34 17 34 15 32 30 40 13 24 32 32 27 24 14 37 24 39 30 34 20 39 40 33 24 38 26 38 11 29 20 27 15 36 30 38 37 24 15 32 39 23 40 34 11 16 35 13 24 31 29 36 22 12 18 23 15 38 28 34 19 27 17 37 23 33 23 30 25 28 18 38 24 24 11 25 27 29 40 40 19 24 13 34 19 23 29 35 24 38 19 15 34 34 18 36 32 21 18 31 18 25 37 19 31 33 12 19 11 28 27 39 36 35 22 36 11 29 23 27 24 18 35 16 20 15 39 35 14 35 26 23 40 34 33 34 15 17 30 14 30 20 20 26 19 39 11 38 14 29 25 13 28 19 12 20 40 32 17 19 32 17 14 39 18 36 31 28 26 38 12 19 15 28 16 25 21 21 11 40 38 13 18 11 23 31 30 25 28 22 26 34 28 22 17 40 26 34 33 12 26 15 19 40 37 22 31 27 19 28 32 20 34 30 18 18 38 14 34 13 33 31 20 40 15 29 20 33 15 31 21 28 32 39 37 17 29 18 25 30 29 20 31 32 29 19 18 35 37 39 14 26 20 31 32 13 13 23 30 16 30 37 16 13 38 30 16 17 18 31 14 36 11 38 25 34 22 12 36 24 15 14 33 26 36 39 18 15 40 15 37 22 37 23 37 17 21 20 20 38 13 35 34 25 36 19 14 16 26 27 28 21 40 38 36 35 18 11 23 27 24 28 39 11 21 25 22 25 14 18 28 23 15 34 19 34 32 36 15 37 27 39 21 19 12 20 39 21 16 15 39 15 15 21 29 28 11 32 31 40 29 40 28 27 32 34 22 40 38 14 32 24 21 37 27 32 16 34 17 34 37 24 33 29 28 25 31 37 28 13 23 38 34 19 22 33 18 11 36 38 30 34 26 33 14 29 25 14 36 14 15 38 31 28 18 15 21 27 28 22 34 27 18 21 30 25 37 25 28 21 24 11 12 24 30 40 31 37 22 31 33 14 19 19 35 38 31 18 24 26 16 23 27 26 14 22 19 18 21 36 22 39 28 15 27 14 40 14 27 36 36 32 35 36 21 27 15 27 39 16 24 25 17 18 35 29 32 39 25 13 27 19 25 25 30 34 32 22 26 30 15 40 13
16 2 2 1 8 5 29 23 30 1 4 20 27 20 6 11 6 3 7 26 7 6 11 9 19 26 16 29 1 25 13 27 10 13 14 30 3 20 21 26 5 26 28 16 6 25 6 3 24 30 2 30 5 17 8 17 29 15 3 3 22 28 8 30 26 18 30 27 22 7 4 3 21 17 14 28 22 24 24 13 25 8 13 11 28 4 27 30 29 20 14 8 11 8 18 3 19 17 22 2 30 18 23 13 25 12 24 21 10 20 11 27 27 14 24 2 6 2 12 15 26 17 15 26 11 8 12 5 19 26 9 10 4 18 6 20 9 16 22 17 20 13 7 1 15 15 7 9 4 19 14 18 24 15 3 22 13 6 10 22 3 2 24 27 6 5 8 19 15 12 18 16 13 12 21 24 23 12 3 16 2 22 24 28 22 16 27 25 18 23 17 24 17 13 14 29 29 8 24 7 24 5 22 20 30 3 14 22 22 17 14 4 27 14 29 20 24 10 29 30 23 14 28 16 28 1 19 10 17 5 26 20 28 27 14 5 22 29 13 30 24 1 6 25 3 14 21 19 26 12 2 8 13 5 28 18 24 9 17 7 27 13 23 13 20 15 18 8 28 14 14 1 15 17 19 30 30 9 14 3 24 9 13 19 25 14 28 9 5 24 24 8 26 22 11 8 21 8 15 27 9 21 23 2 9 1 18 17 29 26 25 12 26 1 19 13 17 14 8 25 6 10 5 29 25 4 25 16 13 30 24 23 24 5 7 20 4 20 10 10 16 9 29 1 28 4 19 15 3 18 9 2 10 30 22 7 9 22 7 4 29 8 26 21 18 16 28 2 9 5 18 6 15 11 11 1 30 28 3 8 1 13 21 20 15 18 12 16 24 18 12 7 30 16 24 23 2 16 5 9 30 27 12 21 17 9 18 22 10 24 20 8 8 28 4 24 3 23 21 10 30 5 19 10 23 5 21 11 18 22 29 27 7 19 8 15 20 19 10 21 22 19 9 8 25 27 29 4 16 10 21 22 3 3 13 20 6 20 27 6 3 28 20 6 7 8 21 4 26 1 28 15 24 12 2 26 14 5 4 23 16 26 29 8 5 30 5 27 12 27 13 27 7 11 10 10 28 3 25 24 15 26 9 4 6 16 17 18 11 30 28 26 25 8 1 13 17 14 18 29 1 11 15 12 15 4 8 18 13 5 24 9 24 22 26 5 27 17 29 11 9 2 10 29 11 6 5 29 5 5 11 19 18 1 22 21 30 19 30 18 17 22 24 12 30 28 4 22 14 11 27 17 22 6 24 7 24 27 14 23 19 18 15 21 27 18 3 13 28 24 9 12 23 8 1 26 28 20 24 16 23 4 19 15 4 26 4 5 28 21 18 8 5 11 17 18 12 24 17 8 11 20 15 27 15 18 11 14 1 2 14 20 30 21 27 12 21 23 4 9 9 25 28 21 8 14 16 6 13 17 16 4 12 9 8 11 26 12 29 18 5 17 4 30 4 17 26 26 22 25 26 11 17 5 17 29 6 14 15 7 8 25 19 22 29 15 3 17 9 15 15 20 24 22 12 16 20 5 30 3
0 6 6
40 520 595 347 132 429
1 18 7
309 313 378 644 506 56 130
0 5 8
64 240 571 320 242 407 155 673
0 3 12
284 214 337 222 332 112 635 161 369 529 228 325
0 6 2
50 491
0 5 2
108 101
0 14 2
109 362
0 4 7
274 210 340 62 330 115 53
0 17 8
231 359 65 208 143 382 229 610
0 5 1
454
0 8 3
649 48 385
0 6 6
212 302 630 394 310 401
0 17 7
157 133 551 687 596 47 388
0 1 3
689 512 515
0 10 5
557 233 183 655 617
0 10 10
563 676 532 561 81 5 410 393 276 451
0 12 6
652 400 182 667 293 426
0 9 7
501 432 8 559 192 267 41
1 15 6
633 103 156 489 440 97
0 7 11
82 124 391 594 546 402 611 460 187 335 0
0 18 5
328 342 589 55 61
0 9 8
117 137 439 480 227 508 355 538
0 16 7
526 18 381 598 131 699 217
0 16 3
573 642 639
1 9 5
522 367 606 225 300
0 18 3
368 86 264
0 20 5
686 476 122 252 697
0 10 9
605 341 206 668 282 558 450 125 500
0 15 4
591 692 49 223
0 16 3
203 643 127
0 3 4
387 292 116 446
0 17 3
102 59 107
0 9 3
494 178 435
0 8 5
234 324 249 493 592
0 16 3
343 121 397
0 20 4
404 45 490 666
0 17 4
60 189 205 106
0 13 5
114 70 552 414 4
0 17 11
51 447 580 669 514 418 275 430 634 3 323
0 9 9
541 694 315 497 119 31 104 170 207
0 14 5
43 419 548 354 190
0 16 10
262 266 90 197 569 153 434 246 389 583
0 11 7
656 366 518 431 556 677 456
0 15 3
570 289 204
0 20 6
312 472 308 379 645 314
0 12 3
307 305 492
0 11 2
193 46
0 15 5
265 326 14 576 513
0 10 11
348 202 147 511 239 78 96 601 496 468 603
0 3 3
129 621 79
0 7 10
607 458 76 317 484 565 84 423 184 278
0 14 3
441 625 163
0 3 1
422
0 14 3
599 113 505
0 2 3
148 349 374
1 18 2
413 636
0 20 11
651 530 415 681 626 221 527 691 144 77 283
0 13 8
273 171 243 24 38 575 98 19
0 2 11
200 582 303 470 690 590 417 72 550 87 149
0 5 2
30 58
0 7 1
165
0 19 11
674 253 145 263 339 444 608 322 168 281 288
0 6 9
568 424 516 564 272 684 270 39 403
0 9 8
584 473 427 152 502 27 483 11
0 11 11
321 392 609 528 237 260 334 174 169 461 279
1 12 5
298 640 277 66 150
0 20 4
637 123 376 467
0 9 4
437 474 179 650
1 17 2
463 631
0 8 3
544 167 209
0 8 13
191 29 105 345 238 135 2 507 71 85 503 164 162
0 8 3
360 597 396
0 7 3
479 296 257
0 8 9
268 567 455 32 398 74 365 28 299
1 5 2
664 44
0 9 1
356
0 16 5
247 198 624 338 549
0 4 10
465 534 54 428 361 647 421 188 488 118
0 7 6
57 688 20 587 22 390
0 2 4
146 696 236 199
0 8 9
384 409 120 537 613 9 543 295 477
0 3 2
196 128
0 18 3
695 535 261
0 4 7
248 357 186 627 33 578 256
0 13 1
201
0 15 1
245
0 1 4
555 547 657 151
0 2 11
487 1 581 452 23 17 663 241 230 83 25
0 6 5
620 449 638 553 185
0 7 8
612 671 244 373 331 574 99 521
0 11 6
67 73 213 329 478 372
0 11 5
482 560 304 142 615
1 16 4
88 395 37 533
0 18 1
679
0 2 6
562 319 457 15 459 172
0 16 7
211 683 481 693 327 665 618
0 1 8
698 554 232 654 297 89 363 680
0 20 12
614 139 593 291 42 95 619 525 602 219 52 375
0 6 6
442 352 588 195 34 7
0 2 8
531 542 504 519 466 63 540 220
0 20 9
158 13 678 517 134 545 646 629 406
0 6 1
510
1 12 1
6
1 30 1
10
1 12 1
12
1 26 1
16
1 27 1
21
1 23 2
26 226
1 13 1
35
1 22 1
36
1 39 1
68
1 17 1
69
1 10 1
75
1 25 1
80
1 16 1
91
1 29 1
92
1 5 1
93
1 16 1
94
1 11 1
100
1 29 1
110
1 17 1
111
1 6 1
126
1 31 1
136
1 10 1
138
1 11 1
140
1 28 1
141
1 16 1
154
1 14 1
159
1 17 1
160
1 15 1
166
1 24 1
173
1 31 1
175
1 25 1
176
1 19 1
177
1 22 1
180
1 27 1
181
1 30 1
194
1 25 1
215
1 30 1
216
1 30 1
218
1 11 1
224
1 25 1
235
1 30 1
250
1 20 1
251
1 25 1
254
1 19 1
255
1 11 1
258
1 27 1
259
1 36 1
269
1 31 1
271
1 16 1
280
1 21 1
285
1 23 1
286
1 25 1
287
1 37 1
290
1 18 1
294
1 5 1
301
1 7 1
306
1 25 1
311
1 33 1
316
1 24 1
318
1 13 1
333
1 19 1
336
1 22 1
344
1 37 1
346
1 19 1
350
1 14 1
351
1 35 1
353
1 29 1
358
1 11 1
364
1 22 1
370
1 31 1
371
1 28 1
377
1 10 1
380
1 11 1
383
1 33 1
386
1 22 1
399
1 20 1
405
1 24 1
408
1 32 1
411
1 24 1
412
1 30 1
416
1 28 1
420
1 15 1
425
1 25 1
433
1 11 1
436
1 37 1
438
1 27 1
443
1 12 1
445
1 22 1
448
1 25 1
453
1 14 1
462
1 25 1
464
1 28 1
469
1 25 1
471
1 12 1
475
1 40 1
485
1 23 1
486
1 30 1
495
1 13 1
498
1 24 1
499
1 19 1
509
1 13 1
523
1 23 1
524
1 20 1
536
1 12 1
539
1 18 1
566
1 25 1
572
1 15 1
577
1 29 1
579
1 21 1
585
1 20 1
586
1 19 1
600
1 25 1
604
1 25 1
616
1 31 1
622
1 20 1
623
1 9 1
628
1 6 1
632
1 10 1
641
1 15 1
648
1 36 1
653
1 21 1
658
1 34 1
659
1 12 1
660
1 12 1
661
1 16 1
662
1 26 1
670
1 12 1
672
1 38 1
675
1 11 1
682
1 7 1
685
