500 192 775 10
20 30 17 31 27 37 16 29 29 24 15 18 35 18 31 39 21 36 14 15 29 29 15 25 19 38 31 35 23 23 17 27 29 33 16 37 37 36 14 22 15 20 36 11 14 26 18 16 34 13 16 24 18 11 29 18 12 23 25 21 19 11 22 33 19 25 20 28 37 13 19 35 27 18 11 21 39 25 39 28 30 40 12 15 39 37 19 15 17 25 39 14 20 31 27 40 19 30 20 39 36 37 20 40 21 15 40 34 28 16 25 30 13 39 24 18 34 16 38 23 12 30 17 29 14 32 11 32 23 36 22 30 13 29 29 23 22 13 34 20 32 32 23 34 21 20 17 38 35 27 38 20 16 15 16 26 11 25 29 14 11 11 19 21 13 18 33 31 34 13 20 18 21 24 11 13 28 25 19 32 18 20 25 28 13 17 20 38 32 39 38 30 29 15 32 39 38 35 33 27 15 40 27 14 16 14 37 16 16 37 24 34 17 12 36 32 33 32 35 20 11 17 38 40 12 22 27 40 38 16 19 24 31 21 18 38 34 17 39 34 26 25 22 12 32 11 20 39 36 24 33 12 33 17 21 15 38 31 39 24 29 38 12 20 33 34 25 37 40 32 30 27 16 29 13 29 31 26 38 23 24 29 25 24 40 25 30 18 22 19 16 40 25 19 19 33 14 20 31 27 38 24 36 40 24 17 30 37 19 22 15 29 30 38 21 36 30 24 27 26 31 27 13 29 23 35 17 30 25 23 32 13 21 32 29 35 12 25 24 12 21 28 36 29 20 25 37 35 34 25 38 22 32 19 13 30 32 33 25 32 32 15 11 17 40 16 13 16 26 37 19 26 22 39 12 22 39 25 21 13 15 17 26 39 12 32 15 13 17 27 19 39 33 38 27 22 35 19 18 12 15 20 24 30 32 33 19 27 30 26 40 15 16 25 36 35 19 39 11 34 14 24 22 12 14 34 12 20 39 14 11 32 37 17 23 13 36 34 16 39 38 34 13 17 17 37 22 30 32 21 36 21 18 18 12 34 28 21 14 35 18 38 35 38 38 20 24 17 31 12 15 22 36 37 33 18 19 17 28 24 18 35 37 22 26 26 32 11 20 31 26 38 36 37 39 26 35 18 33 22
10 20 7 21 17 27 6 19 19 14 5 8 25 8 21 29 11 26 4 5 19 19 5 15 9 28 21 25 13 13 7 17 19 23 6 27 27 26 4 12 5 10 26 1 4 16 8 6 24 3 6 14 8 1 19 8 2 13 15 11 9 1 12 23 9 15 10 18 27 3 9 25 17 8 1 11 29 15 29 18 20 30 2 5 29 27 9 5 7 15 29 4 10 21 17 30 9 20 10 29 26 27 10 30 11 5 30 24 18 6 15 20 3 29 14 8 24 6 28 13 2 20 7 19 4 22 1 22 13 26 12 20 3 19 19 13 12 3 24 10 22 22 13 24 11 10 7 28 25 17 28 10 6 5 6 16 1 15 19 4 1 1 9 11 3 8 23 21 24 3 10 8 11 14 1 3 18 15 9 22 8 10 15 18 3 7 10 28 22 29 28 20 19 5 22 29 28 25 23 17 5 30 17 4 6 4 27 6 6 27 14 24 7 2 26 22 23 22 25 10 1 7 28 30 2 12 17 30 28 6 9 14 21 11 8 28 24 7 29 24 16 15 12 2 22 1 10 29 26 14 23 2 23 7 11 5 28 21 29 14 19 28 2 10 23 24 15 27 30 22 20 17 6 19 3 19 21 16 28 13 14 19 15 14 30 15 20 8 12 9 6 30 15 9 9 23 4 10 21 17 28 14 26 30 14 7 20 27 9 12 5 19 20 28 11 26 20 14 17 16 21 17 3 19 13 25 7 20 15 13 22 3 11 22 19 25 2 15 14 2 11 18 26 19 10 15 27 25 24 15 28 12 22 9 3 20 22 23 15 22 22 5 1 7 30 6 3 6 16 27 9 16 12 29 2 12 29 15 11 3 5 7 16 29 2 22 5 3 7 17 9 29 23 28 17 12 25 9 8 2 5 10 14 20 22 23 9 17 20 16 30 5 6 15 26 25 9 29 1 24 4 14 12 2 4 24 2 10 29 4 1 22 27 7 13 3 26 24 6 29 28 24 3 7 7 27 12 20 22 11 26 11 8 8 2 24 18 11 4 25 8 28 25 28 28 10 14 7 21 2 5 12 26 27 23 8 9 7 18 14 8 25 27 12 16 16 22 1 10 21 16 28 26 27 29 16 25 8 23 12
0 6 5
132 281 62 171 27
0 3 5
467 474 430 184 228
0 4 7
241 179 233 98 356 280 315
0 11 3
97 93 238
0 1 2
52 253
1 6 3
163 112 260
0 1 6
433 406 306 190 13 225
0 16 5
449 320 75 146 227
0 6 8
299 264 404 303 95 489 498 201
1 19 10
301 344 495 336 365 256 74 341 81 289
0 9 2
402 12
0 17 4
387 420 395 119
0 11 6
372 41 491 274 3 109
0 8 6
218 453 465 0 197 494
0 17 6
114 308 340 314 305 40
0 8 5
262 401 159 51 451
0 20 9
297 421 101 91 244 419 211 71 103
1 2 3
63 269 334
0 19 7
471 16 96 58 33 287 61
0 19 2
189 363
0 7 2
428 298
0 14 6
357 206 28 176 214 55
0 20 4
473 426 125 53
0 11 4
382 432 194 149
0 15 9
124 128 378 318 415 349 263 8 485
0 8 7
9 185 409 366 210 222 296
0 16 7
186 48 455 345 155 456 116
0 10 9
76 482 83 234 181 458 331 29 385
0 19 3
162 324 328
0 9 7
37 203 397 47 413 396 230
0 7 6
21 389 273 7 436 323
1 4 9
138 106 351 309 271 441 422 208 330
0 1 3
45 292 446
0 19 3
153 217 359
0 13 7
368 89 319 302 25 377 358
0 13 6
283 143 212 391 236 338
0 18 2
353 255
0 20 5
68 100 195 438 204
0 19 4
364 335 483 19
0 10 6
207 223 141 142 332 425
0 13 5
49 20 46 105 15
0 4 6
294 354 144 379 10 229
0 12 3
258 79 457
0 8 5
374 412 347 417 325
0 19 3
304 440 346
0 5 2
375 312
0 7 3
329 188 459
0 13 4
405 452 362 38
1 7 7
342 343 219 152 137 174 427
0 10 7
370 470 431 77 168 490 290
0 15 7
390 226 5 147 166 311 120
0 12 4
127 164 139 67
0 12 9
150 248 448 439 23 126 82 31 327
0 17 2
267 407
0 3 5
192 240 257 437 235
0 10 4
300 42 200 6
0 17 5
69 111 497 242 239
0 5 6
59 56 481 87 130 2
0 4 3
136 246 172
0 13 1
44
0 18 2
424 78
0 2 3
463 445 454
0 18 7
199 270 140 220 261 414 35
0 9 8
373 388 266 254 408 86 36 14
0 17 7
282 134 43 151 122 476 34
0 17 3
90 277 386
0 19 7
472 477 469 249 442 99 102
0 7 6
479 316 462 30 307 170
0 13 3
178 247 478
0 19 3
215 160 148
0 16 2
326 278
0 20 3
180 121 361
0 15 2
468 293
0 13 4
1 429 461 187
0 11 4
131 435 70 434
0 11 3
464 496 113
0 3 9
108 123 135 392 450 383 352 156 165
0 13 5
350 399 410 250 355
0 14 2
118 444
1 16 1
4
1 31 1
11
1 17 1
17
1 21 1
18
1 30 1
22
1 6 1
24
1 14 1
26
1 18 1
32
1 7 1
39
1 28 1
50
1 20 1
54
1 25 1
57
1 12 1
60
1 25 1
64
1 32 1
65
1 38 1
66
1 9 1
72
1 17 1
73
1 22 1
80
1 8 1
84
1 32 1
85
1 14 1
88
1 28 1
92
1 25 1
94
1 25 1
104
1 29 1
107
1 8 1
110
1 20 1
115
1 17 1
117
1 27 1
129
1 19 1
133
1 30 1
145
1 9 1
154
1 27 1
157
1 21 1
158
1 39 1
161
1 29 1
167
1 27 1
169
1 16 1
173
1 34 1
175
1 16 1
177
1 19 1
182
1 25 1
183
1 35 1
191
1 27 1
193
1 20 1
196
1 19 1
198
1 18 1
202
1 17 1
205
1 28 1
209
1 16 1
213
1 25 1
216
1 22 1
221
1 30 1
224
1 28 1
231
1 33 1
232
1 35 1
237
1 28 1
243
1 23 1
245
1 30 1
251
1 20 1
252
1 30 1
259
1 23 1
265
1 12 1
268
1 13 1
272
1 20 1
275
1 21 1
276
1 20 1
279
1 18 1
284
1 20 1
285
1 28 1
286
1 32 1
288
1 22 1
291
1 15 1
295
1 32 1
310
1 34 1
313
1 29 1
317
1 24 1
321
1 32 1
322
1 31 1
333
1 16 1
337
1 29 1
339
1 26 1
348
1 19 1
360
1 26 1
367
1 4 1
369
1 20 1
371
1 26 1
376
1 4 1
380
1 32 1
381
1 33 1
384
1 29 1
393
1 33 1
394
1 24 1
398
1 12 1
400
1 26 1
403
1 27 1
411
1 33 1
416
1 33 1
418
1 17 1
423
1 14 1
443
1 28 1
447
1 14 1
460
1 29 1
466
1 35 1
475
1 21 1
480
1 18 1
484
1 31 1
486
1 24 1
487
1 35 1
488
1 22 1
492
1 27 1
493
1 30 1
499
