800 250 1240 9
15 35 38 23 15 30 12 14 24 33 28 15 18 18 28 16 25 27 16 14 26 24 34 18 28 16 14 34 21 24 23 20 27 31 13 29 31 22 25 37 37 14 20 36 20 11 37 34 36 38 28 17 12 13 36 34 14 28 30 20 20 40 35 15 35 17 11 20 17 40 33 27 39 40 22 31 37 20 29 37 14 38 21 33 30 40 14 15 16 39 23 22 27 40 18 19 14 36 22 31 39 28 20 40 29 34 24 36 27 16 22 15 32 11 34 18 23 38 27 19 17 25 33 30 27 19 21 31 25 28 18 13 30 22 24 40 16 38 37 31 35 16 37 22 32 12 27 32 14 25 33 13 20 38 23 36 39 27 40 32 13 24 23 22 21 29 14 37 33 19 22 32 25 17 28 39 11 27 11 39 31 22 25 26 34 33 13 32 39 27 33 39 35 18 13 19 16 27 36 31 35 13 30 28 26 26 26 29 11 16 40 24 36 25 38 15 25 31 19 23 29 38 16 31 18 16 13 20 13 40 32 28 21 27 28 19 30 20 28 13 27 16 21 11 40 30 16 34 20 14 26 19 14 20 38 17 40 40 31 40 18 16 14 34 12 17 34 23 15 17 22 34 34 26 12 33 36 39 39 24 15 30 13 25 32 38 11 40 28 37 18 19 32 19 25 22 23 18 17 36 34 35 14 11 23 40 33 26 37 22 16 15 13 25 36 26 32 37 27 30 37 17 20 34 15 38 33 36 33 19 28 24 18 23 31 15 29 28 31 18 20 33 40 35 32 19 30 31 36 33 37 13 21 32 12 15 12 14 37 29 23 38 18 25 27 30 16 23 26 16 15 23 34 19 40 31 23 19 16 11 37 19 17 18 34 23 27 37 34 15 27 11 12 31 13 32 21 33 26 13 27 33 38 18 38 13 14 21 12 17 35 14 15 12 19 22 26 34 16 31 31 11 37 40 39 24 26 29 25 22 11 22 26 13 26 24 34 30 31 15 15 36 36 29 21 33 28 39 23 17 17 37 39 22 29 12 28 32 22 33 33 38 35 26 30 13 16 24 29 15 21 32 28 34 13 22 34 11 27 30 38 13 22 20 34 17 30 38 34 22 35 34 38 38 27 27 19 36 40 39 38 35 33 18 32 36 31 36 29 23 36 18 28 38 12 40 38 19 21 13 13 37 12 20 11 24 37 22 26 34 15 36 13 11 35 26 33 15 14 14 15 25 24 26 24 39 27 25 32 25 25 13 39 27 15 26 36 33 25 20 19 22 30 25 35 11 35 29 19 28 20 21 29 38 24 30 28 14 20 11 14 37 39 19 14 16 40 31 27 39 28 14 40 29 35 28 27 31 14 23 31 35 33 28 38 13 36 36 33 20 37 19 29 36 12 11 28 14 30 24 34 20 14 12 36 29 35 13 36 11 30 14 25 12 27 28 25 26 39 17 24 17 33 28 21 37 13 36 13 28 36 35 27 27 35 36 18 26 11 26 28 16 38 35 11 18 11 37 29 38 12 23 24 39 14 15 11 28 38 40 32 24 16 14 34 33 23 39 36 35 40 11 15 13 28 31 14 39 26 20 13 31 23 25 17 31 28 35 11 13 25 32 27 27 24 18 30 30 16 13 13 39 32 37 24 38 15 14 32 27 39 32 35 32 32 18 22 25 12 27 27 19 19 15 26 31 17 22 34 20 18 32 26 33 20 17 14 13 38 35 19 22 37 36 22 20 36 26 40 35 26 12 35 19 35 34 11 36 27 19 20 33 35 32 33 25 35 27 32 14 33 40 30 39 28 36 11 19 29 38
5 25 28 13 5 20 2 4 14 23 18 5 8 8 18 6 15 17 6 4 16 14 24 8 18 6 4 24 11 14 13 10 17 21 3 19 21 12 15 27 27 4 10 26 10 1 27 24 26 28 18 7 2 3 26 24 4 18 20 10 10 30 25 5 25 7 1 10 7 30 23 17 29 30 12 21 27 10 19 27 4 28 11 23 20 30 4 5 6 29 13 12 17 30 8 9 4 26 12 21 29 18 10 30 19 24 14 26 17 6 12 5 22 1 24 8 13 28 17 9 7 15 23 20 17 9 11 21 15 18 8 3 20 12 14 30 6 28 27 21 25 6 27 12 22 2 17 22 4 15 23 3 10 28 13 26 29 17 30 22 3 14 13 12 11 19 4 27 23 9 12 22 15 7 18 29 1 17 1 29 21 12 15 16 24 23 3 22 29 17 23 29 25 8 3 9 6 17 26 21 25 3 20 18 16 16 16 19 1 6 30 14 26 15 28 5 15 21 9 13 19 28 6 21 8 6 3 10 3 30 22 18 11 17 18 9 20 10 18 3 17 6 11 1 30 20 6 24 10 4 16 9 4 10 28 7 30 30 21 30 8 6 4 24 2 7 24 13 5 7 12 24 24 16 2 23 26 29 29 14 5 20 3 15 22 28 1 30 18 27 8 9 22 9 15 12 13 8 7 26 24 25 4 1 13 30 23 16 27 12 6 5 3 15 26 16 22 27 17 20 27 7 10 24 5 28 23 26 23 9 18 14 8 13 21 5 19 18 21 8 10 23 30 25 22 9 20 21 26 23 27 3 11 22 2 5 2 4 27 19 13 28 8 15 17 20 6 13 16 6 5 13 24 9 30 21 13 9 6 1 27 9 7 8 24 13 17 27 24 5 17 1 2 21 3 22 11 23 16 3 17 23 28 8 28 3 4 11 2 7 25 4 5 2 9 12 16 24 6 21 21 1 27 30 29 14 16 19 15 12 1 12 16 3 16 14 24 20 21 5 5 26 26 19 11 23 18 29 13 7 7 27 29 12 19 2 18 22 12 23 23 28 25 16 20 3 6 14 19 5 11 22 18 24 3 12 24 1 17 20 28 3 12 10 24 7 20 28 24 12 25 24 28 28 17 17 9 26 30 29 28 25 23 8 22 26 21 26 19 13 26 8 18 28 2 30 28 9 11 3 3 27 2 10 1 14 27 12 16 24 5 26 3 1 25 16 23 5 4 4 5 15 14 16 14 29 17 15 22 15 15 3 29 17 5 16 26 23 15 10 9 12 20 15 25 1 25 19 9 18 10 11 19 28 14 20 18 4 10 1 4 27 29 9 4 6 30 21 17 29 18 4 30 19 25 18 17 21 4 13 21 25 23 18 28 3 26 26 23 10 27 9 19 26 2 1 18 4 20 14 24 10 4 2 26 19 25 3 26 1 20 4 15 2 17 18 15 16 29 7 14 7 23 18 11 27 3 26 3 18 26 25 17 17 25 26 8 16 1 16 18 6 28 25 1 8 1 27 19 28 2 13 14 29 4 5 1 18 28 30 22 14 6 4 24 23 13 29 26 25 30 1 5 3 18 21 4 29 16 10 3 21 13 15 7 21 18 25 1 3 15 22 17 17 14 8 20 20 6 3 3 29 22 27 14 28 5 4 22 17 29 22 25 22 22 8 12 15 2 17 17 9 9 5 16 21 7 12 24 10 8 22 16 23 10 7 4 3 28 25 9 12 27 26 12 10 26 16 30 25 16 2 25 9 25 24 1 26 17 9 10 23 25 22 23 15 25 17 22 4 23 30 20 29 18 26 1 9 19 28
0 15 4
347 503 189 470
0 11 7
355 711 387 276 406 440 232
0 12 3
330 211 476
0 16 6
91 653 97 607 203 129
0 5 13
756 600 10 706 144 551 542 361 262 612 339 31 750
0 5 12
224 471 287 451 610 8 685 33 725 623 381 78
0 18 11
244 636 218 378 398 603 578 353 498 19 99
0 5 3
547 6 555
0 15 2
181 415
0 8 11
322 715 121 268 742 430 488 107 627 412 511
0 11 10
138 624 334 110 221 288 785 42 739 126
0 10 8
297 592 658 345 108 311 794 286
0 15 2
263 652
0 5 7
602 323 223 257 416 754 342
0 7 12
96 304 87 494 535 20 309 63 183 50 422 790
0 18 4
609 507 465 707
1 19 2
433 53
0 16 5
613 775 481 213 64
0 11 9
282 290 540 630 274 712 714 619 438
0 10 4
359 362 752 171
0 10 11
789 777 434 270 621 705 125 131 135 333 469
0 15 14
611 614 491 79 235 447 303 477 561 275 734 475 798 659
0 6 3
391 397 651
0 15 6
414 746 518 598 571 89
0 11 8
247 370 318 149 780 744 185 654
0 7 11
296 25 225 158 642 163 510 384 650 541 187
0 10 3
524 573 260
0 5 9
486 669 737 517 449 254 456 237 749
0 7 4
679 71 75 590
0 19 7
661 180 490 499 647 186 35
0 17 5
747 425 766 631 583
0 5 6
17 133 34 59 388 40
0 10 1
164
0 15 12
169 432 220 396 559 301 514 589 628 683 513 70
0 12 3
716 326 639
0 11 4
134 236 357 100
0 12 5
648 176 101 655 534
0 6 14
637 493 328 409 413 665 239 466 22 448 575 285 799 256
0 14 4
625 634 246 420
0 9 7
671 264 261 531 24 72 724
0 15 9
516 109 227 252 666 713 695 688 557
0 16 9
162 675 356 404 459 423 729 467 552
0 15 11
680 175 402 142 363 690 616 340 757 720 106
0 17 4
566 593 23 300
0 19 2
439 568
0 1 9
581 80 93 209 483 255 130 704 641
0 11 4
29 528 45 249
0 2 10
543 272 478 505 717 140 210 208 473 338
0 18 7
721 28 147 120 532 308 160
0 1 3
146 380 289
0 4 7
394 726 554 633 191 584 417
0 6 5
797 442 293 574 238
0 8 7
167 280 390 143 700 222 677
0 11 14
156 145 548 11 687 482 745 667 755 497 60 492 479 646
0 6 8
367 0 365 196 632 691 676 484
0 2 6
103 539 529 553 427 452
0 16 2
115 4
0 5 7
16 190 772 95 54 454 320
0 10 14
112 787 741 27 199 364 788 122 76 5 722 38 443 728
0 10 3
758 786 302
0 15 9
118 49 174 354 537 760 523 731 656
0 16 2
608 588
0 10 2
351 773
0 12 7
313 154 515 682 278 502 570
0 17 6
132 770 376 512 703 294
0 9 13
310 374 643 618 405 284 678 269 727 781 401 219 81
0 9 5
259 2 649 317 640
0 2 13
426 560 41 98 57 767 460 586 61 52 431 46 47
0 15 2
796 536
0 5 12
377 266 366 591 207 66 15 549 192 1 379 62
0 19 7
670 580 696 504 14 699 90
0 20 13
606 424 352 312 299 124 764 793 457 525 343 193 337
0 13 10
445 710 564 344 389 9 291 349 545 622
0 3 8
3 587 251 521 372 94 538 230
0 14 3
373 21 508
0 17 10
601 444 672 82 335 480 579 599 782 242
0 9 12
689 51 150 550 111 267 487 58 85 769 565 446
0 20 4
453 105 151 733
0 10 5
253 281 386 436 279
0 15 10
295 83 30 155 501 662 277 411 468 778
0 14 3
626 204 674
0 14 9
306 615 556 206 177 697 173 768 159
0 10 7
585 617 292 136 68 495 258
0 3 14
759 496 307 215 226 197 172 635 32 283 316 582 168 403
0 17 9
595 315 7 321 39 441 429 774 605
0 17 7
198 350 776 119 408 657 117
0 6 3
701 56 753
0 13 5
216 212 761 795 114
0 14 4
576 596 26 74
0 17 8
572 12 748 152 194 418 629 474
0 18 4
692 73 562 709
1 14 1
13
1 28 1
18
1 28 1
36
1 25 1
37
1 14 1
43
1 26 1
44
1 16 1
48
1 14 1
55
1 16 1
65
1 29 1
67
1 25 1
69
1 17 1
77
1 26 1
84
1 20 1
86
1 24 1
88
1 23 1
92
1 8 1
102
1 32 2
104 382
1 18 1
113
1 21 1
116
1 24 1
123
1 26 1
127
1 32 2
128 519
1 22 1
137
1 8 1
139
1 16 1
141
1 34 1
148
1 26 1
153
1 27 1
157
1 7 1
161
1 32 1
165
1 21 1
166
1 34 1
170
1 22 1
178
1 14 1
179
1 27 1
182
1 37 1
184
1 32 1
188
1 31 1
195
1 19 1
200
1 17 1
201
1 18 1
202
1 13 1
205
1 20 1
214
1 22 1
217
1 30 1
228
1 25 1
229
1 10 1
231
1 21 1
233
1 16 1
234
1 17 1
240
1 36 1
241
1 26 1
243
1 21 1
245
1 31 1
248
1 20 1
250
1 19 1
265
1 25 1
271
1 19 1
273
1 22 1
298
1 34 1
305
1 35 1
314
1 32 1
319
1 28 1
324
1 26 1
325
1 34 1
327
1 22 1
329
1 32 1
331
1 27 1
332
1 33 1
336
1 24 1
341
1 26 1
346
1 33 1
348
1 6 1
358
1 33 1
360
1 20 1
368
1 25 1
369
1 28 1
371
1 29 1
375
1 27 1
383
1 36 1
385
1 13 1
392
1 26 1
393
1 31 1
395
1 32 1
399
1 27 1
400
1 32 1
407
1 30 1
410
1 26 1
419
1 14 1
421
1 34 1
428
1 32 1
435
1 29 1
437
1 37 1
450
1 30 1
455
1 22 1
458
1 21 1
461
1 18 1
462
1 28 1
463
1 18 1
464
1 14 1
472
1 28 1
485
1 33 1
489
1 7 1
500
1 33 1
506
1 34 1
509
1 22 1
520
1 22 1
522
1 10 1
526
1 24 1
527
1 35 1
530
1 21 1
533
1 13 1
544
1 23 1
546
1 31 1
558
1 31 1
563
1 8 1
567
1 15 1
569
1 29 1
577
1 19 1
594
1 35 1
597
1 29 1
604
1 31 1
620
1 21 1
638
1 16 1
644
1 21 1
645
1 19 1
660
1 27 1
663
1 19 1
664
1 17 1
668
1 10 1
673
1 15 1
681
1 21 1
684
1 20 1
686
1 29 1
693
1 22 1
694
1 15 1
698
1 19 1
702
1 34 1
708
1 31 1
718
1 13 1
719
1 16 1
723
1 31 1
730
1 22 1
732
1 22 1
735
1 16 1
736
1 15 1
738
1 24 1
740
1 19 1
743
1 29 1
751
1 29 1
762
1 13 1
763
1 15 1
765
1 35 1
771
1 21 1
779
1 29 1
783
1 26 1
784
1 36 1
791
1 24 1
792
