1000 304 1550 9
31 26 30 34 30 39 22 31 34 38 40 23 26 29 32 23 27 34 21 39 32 30 28 29 26 27 35 34 29 29 29 28 30 25 20 14 23 39 31 30 28 16 28 16 26 23 26 17 22 32 36 29 12 28 31 25 34 16 23 21 34 20 13 24 12 21 33 17 32 33 16 37 38 15 18 27 40 35 30 18 12 31 36 38 40 26 25 40 36 15 22 35 13 19 24 38 18 37 29 30 34 18 24 14 15 21 36 39 40 11 37 18 15 36 34 40 11 14 30 33 37 33 21 23 22 22 26 21 26 31 36 36 40 35 19 19 31 40 12 37 27 22 27 16 16 16 36 24 18 35 27 25 40 13 36 28 15 12 22 28 29 22 28 22 14 13 34 32 17 23 36 17 16 27 23 29 34 16 38 22 30 35 29 25 25 29 37 27 22 31 17 26 37 16 12 19 29 26 34 11 21 33 29 30 36 26 20 37 17 20 39 31 18 30 39 20 33 34 28 23 38 32 16 12 27 12 28 18 30 25 32 27 40 38 29 25 31 21 19 22 30 32 11 27 34 16 16 40 22 19 18 31 35 13 34 37 36 28 31 33 26 32 15 36 23 12 33 19 20 32 27 29 17 15 18 15 32 20 37 36 20 27 39 22 31 27 19 25 13 19 27 32 36 30 26 13 30 34 18 14 13 33 33 35 23 15 19 38 30 35 15 20 32 15 16 25 22 38 23 24 33 26 34 23 24 28 30 21 35 14 34 31 28 23 26 23 32 21 35 12 22 39 25 36 11 14 26 16 15 30 26 16 24 17 25 28 20 28 19 14 34 21 23 18 20 25 13 28 19 20 32 18 24 27 35 33 27 26 20 23 13 27 17 31 12 23 16 21 17 22 26 27 22 37 30 18 30 40 14 31 14 13 34 39 34 12 26 37 38 36 16 13 31 21 19 35 37 20 30 34 19 37 16 16 40 18 17 39 24 31 31 21 35 38 34 22 17 14 12 26 14 23 32 28 14 33 13 16 16 34 11 23 33 16 24 37 30 40 16 38 15 26 19 22 16 38 34 31 36 25 25 17 39 40 19 34 19 39 14 33 23 32 12 13 23 15 29 23 28 27 32 19 33 39 34 25 30 26 38 19 35 29 16 34 13 27 25 23 37 12 38 39 39 26 21 28 19 33 33 20 19 23 30 34 21 26 21 21 39 39 17 18 21 40 32 12 35 22 17 12 28 19 28 32 24 40 24 21 15 40 13 36 33 26 29 26 22 19 16 31 13 20 17 14 31 25 23 25 16 29 26 26 12 25 19 24 20 16 14 34 23 13 32 18 35 37 18 20 12 34 23 37 24 23 34 20 24 14 38 13 37 12 21 28 39 11 12 12 26 40 29 30 32 38 24 28 14 11 16 32 37 24 18 25 39 13 15 23 15 40 26 37 34 30 25 27 39 26 19 11 23 25 22 18 25 40 14 27 19 26 40 11 14 20 19 23 34 22 28 21 21 24 21 22 36 13 23 37 39 34 22 25 24 22 12 30 15 26 24 13 30 27 26 32 18 30 24 21 33 15 30 12 15 30 16 30 38 30 25 33 31 38 15 39 14 14 30 34 38 12 15 20 18 16 31 17 19 25 30 33 13 11 11 19 11 29 15 14 27 21 19 25 13 13 24 35 20 33 29 22 25 30 19 35 12 32 27 30 19 32 33 26 11 27 23 27 27 37 21 20 14 21 26 20 18 19 20 11 18 22 38 28 25 20 37 24 39 19 37 12 25 35 39 26 38 17 24 12 18 35 27 25 15 32 22 12 15 26 17 32 30 35 11 11 31 14 27 32 28 29 20 29 14 28 39 35 24 23 28 24 39 23 23 40 20 15 19 18 34 17 26 14 22 34 15 35 15 19 27 18 34 14 15 32 35 34 18 40 14 32 23 37 19 35 40 26 16 16 37 12 30 21 21 29 34 32 17 40 39 33 29 26 12 39 14 30 22 12 15 39 35 39 15 40 39 36 18 32 12 20 33 27 31 32 14 17 39 36 36 27 30 30 38 26 19 25 17 30 39 21 37 18 14 36 28 20 27 24 16 31 27 38 38 18 39 34 21 29 21 40 18 39 39 24 20 28 33 28 33 20 13 25 24 29 19 11 22 36 37 13 12 24 20 20 31 20 32 26 22 12 14 17 23 11 27 18 21 17 20 22 24 19 27 35 31 19 21 37 23 11 36 19 19 16 37 13 36 18 25 28 31 17 23 13 28 36 22 25 38 14
21 16 20 24 20 29 12 21 24 28 30 13 16 19 22 13 17 24 11 29 22 20 18 19 16 17 25 24 19 19 19 18 20 15 10 4 13 29 21 20 18 6 18 6 16 13 16 7 12 22 26 19 2 18 21 15 24 6 13 11 24 10 3 14 2 11 23 7 22 23 6 27 28 5 8 17 30 25 20 8 2 21 26 28 30 16 15 30 26 5 12 25 3 9 14 28 8 27 19 20 24 8 14 4 5 11 26 29 30 1 27 8 5 26 24 30 1 4 20 23 27 23 11 13 12 12 16 11 16 21 26 26 30 25 9 9 21 30 2 27 17 12 17 6 6 6 26 14 8 25 17 15 30 3 26 18 5 2 12 18 19 12 18 12 4 3 24 22 7 13 26 7 6 17 13 19 24 6 28 12 20 25 19 15 15 19 27 17 12 21 7 16 27 6 2 9 19 16 24 1 11 23 19 20 26 16 10 27 7 10 29 21 8 20 29 10 23 24 18 13 28 22 6 2 17 2 18 8 20 15 22 17 30 28 19 15 21 11 9 12 20 22 1 17 24 6 6 30 12 9 8 21 25 3 24 27 26 18 21 23 16 22 5 26 13 2 23 9 10 22 17 19 7 5 8 5 22 10 27 26 10 17 29 12 21 17 9 15 3 9 17 22 26 20 16 3 20 24 8 4 3 23 23 25 13 5 9 28 20 25 5 10 22 5 6 15 12 28 13 14 23 16 24 13 14 18 20 11 25 4 24 21 18 13 16 13 22 11 25 2 12 29 15 26 1 4 16 6 5 20 16 6 14 7 15 18 10 18 9 4 24 11 13 8 10 15 3 18 9 10 22 8 14 17 25 23 17 16 10 13 3 17 7 21 2 13 6 11 7 12 16 17 12 27 20 8 20 30 4 21 4 3 24 29 24 2 16 27 28 26 6 3 21 11 9 25 27 10 20 24 9 27 6 6 30 8 7 29 14 21 21 11 25 28 24 12 7 4 2 16 4 13 22 18 4 23 3 6 6 24 1 13 23 6 14 27 20 30 6 28 5 16 9 12 6 28 24 21 26 15 15 7 29 30 9 24 9 29 4 23 13 22 2 3 13 5 19 13 18 17 22 9 23 29 24 15 20 16 28 9 25 19 6 24 3 17 15 13 27 2 28 29 29 16 11 18 9 23 23 10 9 13 20 24 11 16 11 11 29 29 7 8 11 30 22 2 25 12 7 2 18 9 18 22 14 30 14 11 5 30 3 26 23 16 19 16 12 9 6 21 3 10 7 4 21 15 13 15 6 19 16 16 2 15 9 14 10 6 4 24 13 3 22 8 25 27 8 10 2 24 13 27 14 13 24 10 14 4 28 3 27 2 11 18 29 1 2 2 16 30 19 20 22 28 14 18 4 1 6 22 27 14 8 15 29 3 5 13 5 30 16 27 24 20 15 17 29 16 9 1 13 15 12 8 15 30 4 17 9 16 30 1 4 10 9 13 24 12 18 11 11 14 11 12 26 3 13 27 29 24 12 15 14 12 2 20 5 16 14 3 20 17 16 22 8 20 14 11 23 5 20 2 5 20 6 20 28 20 15 23 21 28 5 29 4 4 20 24 28 2 5 10 8 6 21 7 9 15 20 23 3 1 1 9 1 19 5 4 17 11 9 15 3 3 14 25 10 23 19 12 15 20 9 25 2 22 17 20 9 22 23 16 1 17 13 17 17 27 11 10 4 11 16 10 8 9 10 1 8 12 28 18 15 10 27 14 29 9 27 2 15 25 29 16 28 7 14 2 8 25 17 15 5 22 12 2 5 16 7 22 20 25 1 1 21 4 17 22 18 19 10 19 4 18 29 25 14 13 18 14 29 13 13 30 10 5 9 8 24 7 16 4 12 24 5 25 5 9 17 8 24 4 5 22 25 24 8 30 4 22 13 27 9 25 30 16 6 6 27 2 20 11 11 19 24 22 7 30 29 23 19 16 2 29 4 20 12 2 5 29 25 29 5 30 29 26 8 22 2 10 23 17 21 22 4 7 29 26 26 17 20 20 28 16 9 15 7 20 29 11 27 8 4 26 18 10 17 14 6 21 17 28 28 8 29 24 11 19 11 30 8 29 29 14 10 18 23 18 23 10 3 15 14 19 9 1 12 26 27 3 2 14 10 10 21 10 22 16 12 2 4 7 13 1 17 8 11 7 10 12 14 9 17 25 21 9 11 27 13 1 26 9 9 6 27 3 26 8 15 18 21 7 13 3 18 26 12 15 28 4
0 18 15
816 206 272 185 178 507 453 826 635 480 911 591 667 103 819
0 2 7
182 425 59 254 666 405 25
0 1 20
503 839 549 515 414 485 114 361 50 763 811 127 973 84 787 327 138 765 975 601
0 17 8
124 27 654 935 30 406 708 802
0 12 13
342 243 691 23 493 63 199 817 334 147 963 148 824
0 2 1
851
0 6 11
618 75 384 741 528 181 340 943 140 835 57
0 14 5
1 504 437 192 259
0 9 9
76 912 672 547 55 93 372 569 482
0 13 4
285 653 818 994
0 20 1
34
0 10 18
934 179 379 263 413 374 593 597 106 857 16 951 216 174 538 868 840 223
0 8 7
677 221 823 875 364 198 502
0 5 13
961 101 78 47 980 369 745 727 353 527 784 490 633
0 19 5
439 164 999 810 609
0 14 9
316 107 235 546 919 201 167 205 472
0 5 18
420 44 564 981 565 662 73 796 575 989 189 954 619 853 162 554 702 126
0 4 13
750 434 541 748 615 778 443 388 186 896 447 35 733
0 10 7
588 510 930 166 133 557 535
0 16 5
519 301 82 33 692
0 20 3
913 123 885
0 17 13
266 74 337 139 142 680 860 725 246 130 573 110 39
0 4 11
671 476 343 416 218 927 786 274 841 312 331
0 17 4
129 651 833 326
0 1 2
585 890
0 13 13
660 442 4 445 545 15 520 400 111 411 788 168 711
0 18 1
909
0 17 5
570 513 631 333 303
0 9 11
54 163 891 642 383 697 102 37 336 486 380
0 2 4
427 247 373 705
0 15 14
718 200 825 132 836 809 173 158 128 11 533 863 207 7
0 12 2
749 542
0 17 10
924 260 92 77 156 410 283 984 454 915
0 4 8
864 762 122 22 286 65 800 498
0 8 14
356 893 49 459 46 582 134 972 592 578 481 770 735 767
0 3 7
290 847 746 870 269 530 125
0 4 9
368 929 771 81 0 785 827 366 458
0 19 4
552 614 291 522
0 13 2
656 3
0 6 11
644 233 496 747 402 121 869 794 995 590 150
0 16 11
712 846 79 580 874 719 145 499 793 501 779
0 15 8
273 69 478 419 949 154 948 475
0 10 4
859 850 759 895
0 9 12
471 359 769 213 349 417 953 108 202 589 441 567
0 14 16
814 43 768 257 955 574 461 120 548 897 280 581 20 187 494 32
0 14 8
720 606 713 360 966 214 659 610
0 15 4
882 917 723 873
0 7 6
339 960 467 622 958 806
0 5 7
641 294 310 620 636 982 848
0 11 14
265 932 217 543 625 587 782 495 797 194 813 60 463 432
0 4 8
436 643 261 104 10 457 970 987
0 3 13
990 561 251 335 397 141 304 415 526 586 115 161 314
0 9 6
376 40 807 284 238 647
0 19 4
220 377 751 624
0 20 15
484 921 952 675 879 611 777 355 877 149 664 986 685 249 886
0 10 11
317 177 603 688 14 638 299 979 755 6 175
0 9 14
244 155 584 717 534 988 925 239 602 894 234 509 640 170
0 16 14
396 289 13 604 191 937 752 435 38 772 889 488 734 634
0 19 7
305 98 974 742 450 332 867
0 16 5
306 462 268 838 404
0 3 12
346 942 558 90 296 270 224 908 89 232 66 165
0 6 2
774 674
0 15 6
820 465 946 252 479 196
0 2 10
144 931 738 72 422 87 941 80 282 315
0 13 16
180 572 728 190 920 322 438 151 460 632 737 21 866 523 52 613
0 17 4
344 871 790 888
0 4 12
907 700 996 418 803 408 976 978 210 944 661 612
0 2 6
370 740 616 347 898 424
0 8 3
532 225 9
0 10 9
650 576 710 338 971 892 264 884 307
0 4 4
248 876 29 492
0 13 3
957 448 900
0 12 3
345 743 595
0 20 11
375 808 362 208 901 240 550 146 608 629 204
0 4 2
694 843
0 12 5
789 918 681 184 277
0 8 14
477 279 392 26 5 512 904 881 153 766 663 429 696 714
0 4 7
152 964 12 302 409 203 648
0 4 11
812 922 985 211 505 760 683 18 939 449 193
0 15 8
628 329 566 385 99 354 105 524
0 3 4
730 395 783 514
0 7 10
88 8 313 998 630 962 309 577 421 562
0 17 14
715 716 64 679 117 365 914 926 393 521 378 704 887 670
0 3 9
42 17 318 754 85 24 91 183 805
0 5 12
781 928 899 387 795 469 780 517 444 452 992 731
0 19 12
236 852 682 583 86 910 394 45 693 466 401 489
0 4 2
686 483
0 10 2
560 325
0 6 4
832 872 56 188
0 11 6
668 258 607 473 792 227
0 10 15
176 351 323 245 357 516 31 906 669 271 956 518 658 933 229
0 20 2
61 764
0 10 8
701 938 2 219 324 96 451 159
0 4 15
506 423 474 160 295 41 698 367 758 965 537 433 292 646 195
0 6 2
855 571
0 12 2
19 993
0 8 1
28
0 23 1
36
0 22 1
48
0 26 1
51
0 30 1
53
0 19 1
58
0 4 1
62
0 8 1
67
0 12 1
68
0 19 1
70
0 23 1
71
0 33 1
83
0 29 1
94
0 14 1
95
0 21 1
97
0 19 1
100
0 26 1
109
0 28 1
112
0 14 1
113
0 26 1
116
0 16 1
118
0 22 1
119
0 6 1
131
0 15 1
135
0 10 1
136
0 21 1
137
0 12 1
143
0 26 1
157
0 14 1
169
0 12 1
171
0 20 1
172
0 10 1
197
0 13 1
209
0 24 1
212
0 23 1
215
0 7 1
222
0 8 1
226
0 22 1
228
0 36 1
230
0 34 1
231
0 14 1
237
0 17 1
241
0 25 1
242
0 22 1
250
0 27 1
253
0 32 1
255
0 16 1
256
0 14 1
262
0 11 1
267
0 21 1
275
0 19 1
276
0 21 1
278
0 20 1
281
0 13 1
287
0 21 1
288
0 28 1
293
0 37 1
297
0 17 1
298
0 25 1
300
0 12 1
308
0 21 1
311
0 16 1
319
0 10 1
320
0 22 1
321
0 4 1
328
0 12 1
330
0 30 1
341
0 15 1
348
0 9 1
350
0 28 1
352
0 11 1
358
0 16 1
363
0 19 1
371
0 26 1
381
0 11 1
382
0 20 1
386
0 7 1
389
0 7 1
390
0 24 1
391
0 11 1
398
0 28 1
399
0 23 1
403
0 17 1
407
0 21 1
412
0 28 1
426
0 27 1
428
0 24 1
430
0 31 1
431
0 20 1
440
0 22 1
446
0 18 1
455
0 32 1
456
0 31 1
464
0 27 1
468
0 22 1
470
0 36 1
487
0 7 1
491
0 8 1
497
0 11 1
500
0 11 1
508
0 39 1
511
0 34 1
525
0 19 1
529
0 8 1
531
0 25 1
536
0 18 1
539
0 17 1
540
0 25 1
544
0 19 1
551
0 23 1
553
0 16 1
555
0 36 1
556
0 8 1
559
0 20 1
563
0 19 1
568
0 31 1
579
0 26 1
594
0 8 1
596
0 29 1
598
0 12 1
599
0 29 1
600
0 24 1
605
0 33 1
617
0 34 1
621
0 14 1
623
0 24 1
626
0 11 1
627
0 27 1
637
0 30 1
639
0 19 1
645
0 22 1
649
0 9 1
652
0 27 1
655
0 16 1
657
0 15 1
665
0 20 1
673
0 28 1
676
0 7 1
678
0 36 1
684
0 30 1
687
0 15 1
689
0 12 1
690
0 14 1
695
0 18 1
699
0 25 1
703
0 32 1
706
0 27 1
707
0 28 1
709
0 34 1
721
0 22 1
722
0 17 1
724
0 18 1
726
0 35 1
729
0 6 1
732
0 21 1
736
0 16 1
739
0 30 1
744
0 20 1
753
0 22 1
756
0 15 1
757
0 28 1
761
0 33 1
773
0 23 1
775
0 9 1
776
0 22 1
791
0 13 1
798
0 27 1
799
0 16 1
801
0 13 1
804
0 32 1
815
0 25 1
821
0 30 1
822
0 8 1
828
0 22 1
829
0 18 1
830
0 15 1
831
0 7 1
834
0 14 1
837
0 5 1
842
0 23 1
844
0 17 1
845
0 23 1
849
0 18 1
854
0 17 1
856
0 18 1
858
0 24 1
861
0 37 1
862
0 24 1
865
0 32 1
878
0 13 1
880
0 23 1
883
0 29 1
902
0 20 2
903 905
0 17 1
916
0 16 1
923
0 14 1
936
0 16 1
940
0 24 1
945
0 8 1
947
0 17 1
950
0 18 1
959
0 25 1
967
0 20 1
968
0 15 1
969
0 19 1
977
0 20 1
983
0 13 1
991
0 20 1
997
