800 244 1240 9
39 15 34 24 39 34 39 33 22 33 19 31 16 15 12 16 23 36 40 12 33 19 28 17 11 37 18 31 32 34 31 14 24 15 30 16 40 13 37 24 29 22 31 19 24 40 31 22 22 31 35 19 16 36 31 19 23 17 13 21 33 19 18 22 11 29 25 31 31 15 12 18 14 14 37 39 12 31 23 36 15 40 27 18 16 30 40 29 22 25 13 35 38 33 30 32 35 37 31 13 20 27 22 34 22 35 16 35 24 21 15 40 32 23 14 20 33 28 23 34 20 39 39 36 26 36 15 11 30 13 36 27 19 34 39 34 25 15 29 31 34 26 25 22 15 22 33 34 16 24 13 29 15 32 16 32 32 23 19 27 23 34 14 39 16 15 17 35 14 28 11 11 24 40 28 35 36 14 26 18 18 37 38 21 16 14 12 36 13 39 11 37 17 39 28 22 35 38 40 21 35 17 32 30 37 22 35 18 37 13 13 25 18 18 36 12 25 19 19 24 17 19 30 39 35 15 13 11 20 40 36 21 14 24 22 24 36 32 37 18 30 14 37 29 33 28 24 27 19 31 14 37 17 11 14 21 32 29 23 40 31 19 16 13 35 28 40 12 21 34 39 13 29 13 28 11 33 20 33 21 40 32 35 19 17 18 17 34 27 33 39 27 32 17 25 38 20 34 30 32 21 38 36 39 18 19 26 36 33 33 39 12 37 31 37 26 22 16 11 20 27 40 18 25 11 27 24 12 29 39 31 15 26 19 37 37 33 25 37 16 14 15 31 33 25 33 12 34 17 34 11 39 27 12 38 35 21 27 29 34 16 33 31 40 15 34 12 30 33 34 14 29 15 15 19 14 23 17 38 23 16 14 38 12 29 14 36 35 29 30 26 15 18 20 19 18 19 33 40 40 15 33 13 17 14 11 13 22 26 15 21 18 11 40 34 15 23 38 11 21 16 35 36 19 25 17 28 26 32 31 29 24 18 35 11 26 37 19 24 26 37 17 11 15 19 29 14 38 25 26 17 39 28 16 30 23 36 11 33 30 36 36 29 24 30 31 39 22 38 11 32 35 32 18 14 16 12 35 20 34 38 23 23 39 34 18 31 33 34 16 14 33 35 28 29 36 27 38 21 12 25 16 11 24 39 33 34 38 25 14 27 11 11 36 17 22 16 13 18 28 37 11 33 19 39 31 23 37 24 25 26 20 37 23 17 31 38 23 40 16 28 21 38 31 13 13 38 19 37 22 25 27 30 18 13 31 33 27 27 24 19 12 28 23 37 11 19 36 16 12 13 25 19 16 31 27 40 36 18 33 32 18 13 20 23 28 27 32 36 40 23 31 38 25 13 17 31 15 11 35 11 23 25 20 27 32 19 20 11 35 19 39 39 20 27 17 39 37 17 26 40 37 20 22 39 37 22 35 25 32 20 24 23 24 38 32 21 34 24 14 27 16 13 13 25 38 23 35 26 32 29 22 27 31 30 29 39 39 40 14 35 13 26 21 21 33 30 22 30 16 29 39 27 20 30 14 34 28 30 36 28 38 18 19 22 25 18 33 39 26 25 35 30 28 19 26 21 23 24 16 31 19 37 32 21 20 11 39 24 20 21 25 24 24 17 40 33 40 32 28 40 28 18 34 21 37 27 13 39 30 32 32 40 24 18 26 13 13 35 11 22 39 37 30 27 19 28 20 33 21 39 27 30 32 33 40 27 28 19 39 16 37 12 19 32 23 14 24 25 36 11 12 13 15 27 33 13 16 19 27 30 28 25 20 16 31 24 40 26 24 24 25 23 17 28 34 34 33 36 20
29 5 24 14 29 24 29 23 12 23 9 21 6 5 2 6 13 26 30 2 23 9 18 7 1 27 8 21 22 24 21 4 14 5 20 6 30 3 27 14 19 12 21 9 14 30 21 12 12 21 25 9 6 26 21 9 13 7 3 11 23 9 8 12 1 19 15 21 21 5 2 8 4 4 27 29 2 21 13 26 5 30 17 8 6 20 30 19 12 15 3 25 28 23 20 22 25 27 21 3 10 17 12 24 12 25 6 25 14 11 5 30 22 13 4 10 23 18 13 24 10 29 29 26 16 26 5 1 20 3 26 17 9 24 29 24 15 5 19 21 24 16 15 12 5 12 23 24 6 14 3 19 5 22 6 22 22 13 9 17 13 24 4 29 6 5 7 25 4 18 1 1 14 30 18 25 26 4 16 8 8 27 28 11 6 4 2 26 3 29 1 27 7 29 18 12 25 28 30 11 25 7 22 20 27 12 25 8 27 3 3 15 8 8 26 2 15 9 9 14 7 9 20 29 25 5 3 1 10 30 26 11 4 14 12 14 26 22 27 8 20 4 27 19 23 18 14 17 9 21 4 27 7 1 4 11 22 19 13 30 21 9 6 3 25 18 30 2 11 24 29 3 19 3 18 1 23 10 23 11 30 22 25 9 7 8 7 24 17 23 29 17 22 7 15 28 10 24 20 22 11 28 26 29 8 9 16 26 23 23 29 2 27 21 27 16 12 6 1 10 17 30 8 15 1 17 14 2 19 29 21 5 16 9 27 27 23 15 27 6 4 5 21 23 15 23 2 24 7 24 1 29 17 2 28 25 11 17 19 24 6 23 21 30 5 24 2 20 23 24 4 19 5 5 9 4 13 7 28 13 6 4 28 2 19 4 26 25 19 20 16 5 8 10 9 8 9 23 30 30 5 23 3 7 4 1 3 12 16 5 11 8 1 30 24 5 13 28 1 11 6 25 26 9 15 7 18 16 22 21 19 14 8 25 1 16 27 9 14 16 27 7 1 5 9 19 4 28 15 16 7 29 18 6 20 13 26 1 23 20 26 26 19 14 20 21 29 12 28 1 22 25 22 8 4 6 2 25 10 24 28 13 13 29 24 8 21 23 24 6 4 23 25 18 19 26 17 28 11 2 15 6 1 14 29 23 24 28 15 4 17 1 1 26 7 12 6 3 8 18 27 1 23 9 29 21 13 27 14 15 16 10 27 13 7 21 28 13 30 6 18 11 28 21 3 3 28 9 27 12 15 17 20 8 3 21 23 17 17 14 9 2 18 13 27 1 9 26 6 2 3 15 9 6 21 17 30 26 8 23 22 8 3 10 13 18 17 22 26 30 13 21 28 15 3 7 21 5 1 25 1 13 15 10 17 22 9 10 1 25 9 29 29 10 17 7 29 27 7 16 30 27 10 12 29 27 12 25 15 22 10 14 13 14 28 22 11 24 14 4 17 6 3 3 15 28 13 25 16 22 19 12 17 21 20 19 29 29 30 4 25 3 16 11 11 23 20 12 20 6 19 29 17 10 20 4 24 18 20 26 18 28 8 9 12 15 8 23 29 16 15 25 20 18 9 16 11 13 14 6 21 9 27 22 11 10 1 29 14 10 11 15 14 14 7 30 23 30 22 18 30 18 8 24 11 27 17 3 29 20 22 22 30 14 8 16 3 3 25 1 12 29 27 20 17 9 18 10 23 11 29 17 20 22 23 30 17 18 9 29 6 27 2 9 22 13 4 14 15 26 1 2 3 5 17 23 3 6 9 17 20 18 15 10 6 21 14 30 16 14 14 15 13 7 18 24 24 23 26 10
0 7 14
524 281 297 560 123 290 665 416 321 497 239 51 426 760
0 13 12
29 295 65 591 273 571 248 535 447 685 306 604
0 2 10
336 586 618 769 43 694 682 94 267 487
0 11 3
93 362 299
0 19 1
163
0 20 2
454 327
0 10 5
118 655 356 425 320
0 6 12
329 189 741 614 594 536 623 177 444 165 771 219
0 4 1
553
1 19 12
346 606 542 704 383 30 758 795 147 508 601 176
0 19 8
256 509 412 495 402 199 403 292
0 18 3
90 392 46
0 2 6
399 476 332 377 379 14
0 11 4
289 303 271 135
0 16 3
663 344 607
0 18 9
355 358 341 231 318 203 145 766 381
0 11 3
104 543 624
0 18 9
339 366 209 258 361 493 259 247 669
0 17 10
388 699 473 304 730 393 113 775 279 225
0 10 6
309 649 590 679 688 294
1 1 3
783 714 570
0 16 3
492 520 364
0 17 10
689 549 185 152 774 436 455 41 405 3
0 9 8
106 721 659 127 453 406 573 582
0 2 12
167 141 778 187 740 561 319 278 146 334 83 197
0 9 6
548 66 313 220 49 513
0 17 14
427 725 417 96 230 605 522 390 612 537 484 81 325 419
0 11 11
19 708 53 126 554 707 252 713 211 764 368
0 18 14
428 786 59 414 100 512 528 587 54 348 31 770 250 726
0 3 8
596 36 477 627 198 531 301 446
0 15 7
668 125 56 628 138 602 767
0 2 15
266 568 676 603 745 677 374 23 42 342 756 490 302 255 262
0 18 11
703 620 575 510 418 552 744 340 57 583 563
0 13 9
638 114 483 139 371 672 503 172 555
0 11 7
162 619 343 45 308 236 391
0 16 2
74 223
0 18 9
759 701 494 731 557 700 469 498 755
0 15 9
429 434 776 92 438 62 470 35 397
0 8 5
33 518 296 157 395
0 19 7
335 709 656 288 234 409 413
0 4 5
293 164 526 2 690
0 4 2
269 64
0 11 14
683 34 115 200 233 119 763 63 4 569 241 597 792 793
0 14 3
182 129 372
0 2 4
637 12 24 681
0 15 1
739
0 6 7
648 720 67 754 661 411 465
0 20 4
11 408 287 779
0 8 4
149 440 205 373
0 20 2
599 70
0 19 8
257 762 61 719 404 184 794 275
0 12 4
457 647 312 179
0 17 3
277 28 39
0 16 6
91 459 734 280 101 539
0 19 6
646 686 735 317 360 168
0 1 5
213 89 95 263 505
0 10 6
349 584 432 475 728 464
0 3 1
673
0 7 9
687 757 666 110 692 85 748 478 433
0 7 8
486 48 630 479 658 527 768 657
0 8 12
615 60 78 609 533 265 445 237 69 625 323 773
0 14 10
337 194 613 235 111 224 181 463 206 705
0 5 2
474 291
0 4 7
567 491 521 214 437 190 579
0 8 2
354 541
0 18 10
330 201 183 154 482 191 282 218 284 55
0 15 8
380 517 407 674 215 442 781 148
0 14 7
738 578 761 359 188 131 328
0 5 8
68 158 251 592 268 7 144 670
0 3 6
210 155 593 751 435 103
0 16 2
169 580
0 1 2
173 650
0 6 6
178 254 6 796 175 311
0 14 7
798 737 626 270 27 466 324
0 1 11
107 401 217 678 777 108 242 581 10 338 314
0 16 10
420 452 272 384 150 788 240 511 746 221
0 7 12
642 636 363 128 84 480 13 534 40 562 26 461
0 15 10
394 789 629 286 196 576 502 222 315 551
0 1 13
608 540 153 166 79 202 396 621 515 300 643 632 186
0 15 1
143
0 4 5
544 716 410 675 538
0 5 13
170 439 472 244 780 660 192 706 21 208 448 422 350
0 16 5
718 72 298 481 653
0 17 4
47 651 116 133
0 3 9
516 37 207 50 460 684 246 635 376
1 13 7
398 514 117 136 585 212 71
0 18 8
639 140 443 529 370 216 245 765
0 2 9
98 742 120 229 38 733 572 617 400
0 5 2
724 151
0 5 11
22 132 749 611 662 782 326 331 711 387 283
0 1 12
631 790 322 227 499 105 797 310 736 382 249 664
0 20 4
450 791 441 261
0 7 2
385 421
0 1 6
595 389 112 577 451 574
0 25 1
0
0 12 1
1
0 14 1
5
0 23 1
8
0 24 1
9
0 6 1
15
0 15 1
16
0 20 1
17
0 36 1
18
0 18 1
20
0 4 1
25
0 40 1
32
0 12 1
44
0 30 1
52
0 26 1
58
0 23 1
73
0 4 1
75
0 8 1
76
0 24 1
77
0 6 1
80
0 13 1
82
0 22 1
86
0 21 1
87
0 19 1
88
0 3 1
97
0 16 1
99
0 27 1
102
0 25 1
109
0 19 1
121
0 13 1
122
0 37 1
124
0 20 1
130
0 27 1
134
0 12 1
137
0 20 1
142
0 20 1
156
0 8 1
159
0 20 1
160
0 8 1
161
0 25 1
171
0 24 1
174
0 24 1
180
0 22 1
193
0 31 1
195
0 15 1
204
0 26 1
226
0 22 1
228
0 17 1
232
0 24 1
238
0 13 1
243
0 29 2
253 415
0 3 1
260
0 31 1
264
0 19 1
274
0 26 1
276
0 34 1
285
0 19 1
305
0 21 1
307
0 32 1
316
0 35 1
333
0 31 1
345
0 25 1
347
0 34 1
351
0 8 1
352
0 22 1
353
0 8 1
357
0 28 1
365
0 24 1
367
0 15 1
369
0 16 1
375
0 23 2
378 729
0 26 1
386
0 24 1
423
0 29 1
424
0 4 1
430
0 23 1
431
0 33 1
449
0 25 1
456
0 11 1
458
0 20 1
462
0 22 1
467
0 13 1
468
0 16 1
471
0 8 1
485
0 18 1
488
0 22 1
489
0 11 1
496
0 17 1
500
0 22 1
501
0 31 1
504
0 7 1
506
0 13 1
507
0 20 1
519
0 29 1
523
0 14 1
525
0 3 1
530
0 17 1
532
0 10 1
545
0 26 1
546
0 34 1
547
0 19 1
550
0 17 1
556
0 19 1
558
0 28 1
559
0 31 1
564
0 21 1
565
0 15 1
566
0 18 1
588
0 18 1
589
0 19 1
598
0 32 1
600
0 21 1
610
0 34 1
616
0 34 1
622
0 30 1
633
0 15 1
634
0 34 1
640
0 37 1
641
0 23 1
644
0 34 1
645
0 20 1
652
0 26 1
654
0 23 1
667
0 20 1
671
0 18 1
680
0 9 1
691
0 28 1
693
0 37 1
695
0 22 1
696
0 8 1
697
0 36 1
698
0 33 1
702
0 17 1
710
0 23 1
712
0 22 1
715
0 20 1
717
0 30 1
722
0 16 1
723
0 14 1
727
0 27 1
732
0 22 1
743
0 18 1
747
0 24 1
750
0 4 1
752
0 24 1
753
0 25 1
772
0 30 1
784
0 30 1
785
0 37 1
787
0 24 1
799
