700 222 1085 10
22 17 11 13 38 28 30 26 12 15 18 11 29 36 14 23 15 26 36 11 12 40 19 22 22 20 18 26 29 34 27 23 30 14 29 25 27 24 25 13 37 35 23 30 25 21 24 27 15 17 12 28 36 11 21 39 21 33 12 25 40 23 15 21 27 31 24 34 40 36 25 17 35 15 11 22 37 34 28 17 35 25 37 39 34 27 24 30 23 13 19 32 29 11 14 27 11 21 33 18 21 33 14 38 29 15 24 36 35 16 11 21 28 15 22 32 31 32 37 33 39 35 16 35 17 31 16 31 32 17 13 30 11 40 31 14 31 37 28 33 28 39 17 22 37 36 22 26 21 27 14 15 25 38 34 27 16 14 32 34 30 25 22 35 20 20 19 21 11 20 15 18 25 22 25 38 27 26 19 27 17 12 38 34 25 21 40 17 26 13 35 32 25 40 11 16 32 27 24 15 34 27 32 34 33 35 35 26 26 37 16 18 16 35 38 19 22 29 18 19 20 24 19 18 23 13 36 28 28 27 36 21 23 20 21 19 18 26 24 40 20 23 20 37 11 39 36 34 31 18 16 34 18 11 39 38 22 31 17 34 17 17 14 13 18 14 11 30 21 36 40 34 37 19 21 11 25 35 30 39 29 32 25 38 35 16 23 22 38 36 11 40 16 18 35 19 20 19 11 40 14 12 14 22 28 22 30 34 15 15 31 21 14 30 36 24 35 29 24 25 22 18 38 26 39 24 13 40 13 23 32 16 29 29 38 29 31 40 16 28 16 22 12 40 28 18 27 18 18 34 26 22 28 23 29 25 32 37 25 29 30 23 11 40 12 36 21 40 23 17 21 40 39 21 34 21 20 21 35 40 23 11 20 23 24 32 16 17 31 14 30 40 18 21 34 37 27 37 13 14 33 17 32 40 12 34 26 15 33 19 19 36 15 32 31 16 19 36 29 20 37 21 21 39 12 20 32 22 19 39 37 25 37 22 15 19 12 29 20 29 11 16 40 34 39 16 28 33 25 26 37 36 28 17 12 23 32 36 38 22 17 37 30 31 39 30 33 40 27 24 30 30 28 31 20 11 17 12 35 24 25 39 34 23 29 24 16 34 32 17 11 22 11 31 33 21 35 33 25 32 30 23 31 32 28 28 12 33 36 31 19 35 16 18 29 33 20 32 36 15 33 30 40 15 11 12 11 37 14 40 15 29 34 19 34 38 37 39 21 13 12 24 35 17 13 26 20 15 28 34 35 39 27 12 35 34 40 35 15 33 19 28 22 31 23 36 29 34 37 26 17 12 30 39 24 12 24 38 32 33 40 22 19 34 34 38 34 37 27 32 16 34 12 27 19 16 35 27 28 14 34 25 28 31 35 12 32 32 20 38 21 23 33 19 14 22 34 30 19 26 33 22 13 29 38 35 39 14 35 39 25 40 13 23 23 28 35 16 15 30 17 13 22 16 11 18 13 32 35 18 37 29 27 39 38 35 40 17 21 28 39 19 39 31 28 38 36 12 38 40 36 13 14 29 33 15 29 29 33 29 21 33 21 23 24 38 15 39 26 11 14 14 25 38 36 24 18 39 20 35
12 7 1 3 28 18 20 16 2 5 8 1 19 26 4 13 5 16 26 1 2 30 9 12 12 10 8 16 19 24 17 13 20 4 19 15 17 14 15 3 27 25 13 20 15 11 14 17 5 7 2 18 26 1 11 29 11 23 2 15 30 13 5 11 17 21 14 24 30 26 15 7 25 5 1 12 27 24 18 7 25 15 27 29 24 17 14 20 13 3 9 22 19 1 4 17 1 11 23 8 11 23 4 28 19 5 14 26 25 6 1 11 18 5 12 22 21 22 27 23 29 25 6 25 7 21 6 21 22 7 3 20 1 30 21 4 21 27 18 23 18 29 7 12 27 26 12 16 11 17 4 5 15 28 24 17 6 4 22 24 20 15 12 25 10 10 9 11 1 10 5 8 15 12 15 28 17 16 9 17 7 2 28 24 15 11 30 7 16 3 25 22 15 30 1 6 22 17 14 5 24 17 22 24 23 25 25 16 16 27 6 8 6 25 28 9 12 19 8 9 10 14 9 8 13 3 26 18 18 17 26 11 13 10 11 9 8 16 14 30 10 13 10 27 1 29 26 24 21 8 6 24 8 1 29 28 12 21 7 24 7 7 4 3 8 4 1 20 11 26 30 24 27 9 11 1 15 25 20 29 19 22 15 28 25 6 13 12 28 26 1 30 6 8 25 9 10 9 1 30 4 2 4 12 18 12 20 24 5 5 21 11 4 20 26 14 25 19 14 15 12 8 28 16 29 14 3 30 3 13 22 6 19 19 28 19 21 30 6 18 6 12 2 30 18 8 17 8 8 24 16 12 18 13 19 15 22 27 15 19 20 13 1 30 2 26 11 30 13 7 11 30 29 11 24 11 10 11 25 30 13 1 10 13 14 22 6 7 21 4 20 30 8 11 24 27 17 27 3 4 23 7 22 30 2 24 16 5 23 9 9 26 5 22 21 6 9 26 19 10 27 11 11 29 2 10 22 12 9 29 27 15 27 12 5 9 2 19 10 19 1 6 30 24 29 6 18 23 15 16 27 26 18 7 2 13 22 26 28 12 7 27 20 21 29 20 23 30 17 14 20 20 18 21 10 1 7 2 25 14 15 29 24 13 19 14 6 24 22 7 1 12 1 21 23 11 25 23 15 22 20 13 21 22 18 18 2 23 26 21 9 25 6 8 19 23 10 22 26 5 23 20 30 5 1 2 1 27 4 30 5 19 24 9 24 28 27 29 11 3 2 14 25 7 3 16 10 5 18 24 25 29 17 2 25 24 30 25 5 23 9 18 12 21 13 26 19 24 27 16 7 2 20 29 14 2 14 28 22 23 30 12 9 24 24 28 24 27 17 22 6 24 2 17 9 6 25 17 18 4 24 15 18 21 25 2 22 22 10 28 11 13 23 9 4 12 24 20 9 16 23 12 3 19 28 25 29 4 25 29 15 30 3 13 13 18 25 6 5 20 7 3 12 6 1 8 3 22 25 8 27 19 17 29 28 25 30 7 11 18 29 9 29 21 18 28 26 2 28 30 26 3 4 19 23 5 19 19 23 19 11 23 11 13 14 28 5 29 16 1 4 4 15 28 26 14 8 29 10 25
0 7 11
176 283 234 480 79 515 567 116 57 471 555
0 14 12
51 136 357 146 152 634 227 151 428 187 465 18
0 2 4
508 608 217 569
0 20 5
395 670 3 50 436
0 4 12
633 412 588 618 593 183 47 273 21 312 235 502
0 2 3
663 204 492
0 10 8
528 580 577 164 84 535 43 282
0 9 3
369 26 292
0 2 3
425 614 59
0 4 10
611 530 478 682 270 657 416 231 380 316
0 19 4
685 315 111 595
0 9 6
610 560 141 289 495 491
0 15 9
664 255 78 222 236 293 138 34 297
0 9 8
498 479 583 536 410 213 494 261
0 14 3
624 401 630
0 5 2
552 70
0 18 10
632 489 257 390 636 668 375 135 337 323
0 17 8
27 314 218 500 287 147 104 585
0 3 4
367 4 506 53
0 18 8
362 627 452 332 415 537 615 341
0 15 9
454 594 457 145 379 411 211 194 599
0 17 7
184 229 453 107 205 88 679
0 20 7
673 72 221 121 32 402 584
1 20 3
22 607 272
0 10 6
403 678 523 28 689 499
0 1 11
258 202 505 509 605 579 617 100 294 596 209
0 13 9
120 527 310 388 674 503 263 435 699
0 9 7
451 96 2 68 486 304 420
0 14 10
142 476 598 574 259 228 461 340 58 448
0 1 7
197 482 95 587 89 275 568
1 12 5
170 542 73 277 347
0 10 4
230 175 321 15
0 19 12
365 49 586 188 232 256 274 372 65 286 529 24
0 17 9
655 268 161 190 165 473 35 159 672
0 8 3
397 675 52
0 9 4
377 244 265 262
0 17 7
691 600 619 243 122 540 676
0 9 6
450 642 591 241 206 260
0 4 8
9 697 45 550 512 325 162 603
0 14 5
98 83 413 612 563
0 1 6
510 108 625 178 179 666
0 17 3
278 429 112
0 19 3
604 693 628
0 4 5
692 513 276 60 671
0 6 6
407 485 669 92 31 460
0 13 9
426 481 578 649 319 75 181 54 153
1 1 4
616 493 149 91
0 7 7
208 445 589 440 322 575 360
0 11 8
25 470 373 210 683 516 77 61
0 3 7
400 409 444 1 240 490 17
0 1 3
42 648 518
0 7 4
651 177 677 36
0 3 11
368 252 449 497 638 67 242 548 399 393 511
0 17 5
238 667 661 557 126
0 4 5
110 281 143 158 336
0 1 5
192 163 534 81 635
0 17 5
207 225 382 87 694
1 16 8
441 433 532 168 659 174 324 326
0 14 8
13 308 134 296 128 288 366 200
0 18 10
166 169 695 398 551 144 99 245 5 254
0 15 10
150 237 371 414 44 115 320 160 198 549
0 5 7
39 358 631 313 434 477 333
0 12 5
437 327 442 356 483
0 12 3
331 459 203
1 12 3
565 573 370
0 8 2
105 284
0 17 10
602 391 328 521 463 698 468 352 406 644
0 7 4
172 301 29 69
0 3 2
487 431
0 18 1
280
0 14 5
646 156 196 387 446
0 14 11
507 684 386 300 118 641 419 119 639 55 113
0 20 8
469 76 215 374 438 613 131 302
0 2 7
566 582 37 620 622 456 650
0 20 8
311 167 94 404 189 458 7 82
0 4 8
543 354 590 538 212 124 408 384
0 3 13
637 11 299 250 271 681 665 220 0 20 417 216 154
0 10 4
101 658 647 246
0 20 10
249 571 186 572 376 298 125 690 14 173
0 18 4
553 233 41 662
1 7 9
626 645 239 687 307 139 62 85 629
0 12 5
40 148 224 195 318
0 10 2
343 123
0 17 1
696
0 16 3
558 102 423
0 16 4
127 504 517 266
0 3 13
103 541 466 524 19 496 46 660 290 317 86 199 349
0 9 8
90 264 339 556 421 66 561 201
0 23 1
6
0 3 1
8
0 32 1
10
0 25 1
12
0 15 2
16 171
0 15 1
23
0 12 1
30
0 23 1
33
0 18 1
38
0 37 1
48
0 33 1
56
0 32 1
63
0 5 1
64
0 22 1
71
0 18 1
74
0 18 1
80
0 24 1
93
0 28 1
97
0 23 1
106
0 26 1
109
0 19 1
114
0 31 1
117
0 21 1
129
0 23 1
130
0 27 1
132
0 30 1
133
0 31 1
137
0 34 1
140
0 24 2
155 688
0 35 1
157
0 35 1
180
0 34 1
182
0 28 1
185
0 31 1
191
0 4 1
193
0 9 1
214
0 11 1
219
0 16 1
223
0 16 1
226
0 22 1
247
0 24 1
248
0 12 1
251
0 21 1
253
0 5 1
267
0 18 1
269
0 26 1
279
0 34 1
285
0 7 1
291
0 22 1
295
0 18 1
303
0 24 1
305
0 3 1
306
0 32 1
309
0 12 1
329
0 20 1
330
0 17 1
334
0 23 1
335
0 21 1
338
0 13 1
342
0 9 1
344
0 7 1
345
0 19 1
346
0 19 1
348
0 32 1
350
0 20 1
351
0 18 1
353
0 18 1
355
0 26 1
359
0 20 1
361
0 31 1
363
0 21 1
364
0 12 1
378
0 27 1
381
0 4 1
383
0 14 1
385
0 27 1
389
0 15 1
392
0 23 1
394
0 25 1
396
0 19 1
405
0 24 1
418
0 34 1
422
0 16 1
424
0 31 1
427
0 33 1
430
0 16 1
432
0 31 1
439
0 26 1
443
0 18 1
447
0 25 1
455
0 23 1
462
0 14 1
464
0 18 1
467
0 36 1
472
0 5 1
474
0 23 1
475
0 21 1
484
0 16 1
488
0 11 1
501
0 7 1
514
0 6 1
519
0 12 1
520
0 31 1
522
0 22 1
525
0 27 1
526
0 21 1
531
0 13 1
533
0 16 1
539
0 37 1
544
0 31 1
545
0 37 1
546
0 23 1
547
0 12 1
554
0 21 1
559
0 20 1
562
0 15 1
564
0 18 1
570
0 20 1
576
0 19 1
581
0 14 1
592
0 29 1
597
0 16 1
601
0 24 1
606
0 25 1
609
0 37 1
621
0 30 1
623
0 31 1
640
0 8 1
643
0 15 1
652
0 23 1
653
0 12 1
654
0 16 1
656
0 32 1
680
0 31 1
686
