800 251 1240 9
18 35 35 11 37 35 13 26 13 32 34 33 33 32 29 27 18 25 29 29 13 29 38 15 40 20 12 11 15 22 40 29 23 21 30 11 31 16 16 29 17 19 38 12 20 12 29 25 33 39 26 28 37 24 39 20 28 33 25 15 33 35 31 34 33 11 24 32 29 36 40 25 11 31 26 25 15 15 35 12 38 20 36 34 34 36 36 17 20 25 32 14 19 17 15 14 19 36 28 21 25 29 20 30 30 23 33 17 30 27 25 28 38 40 25 40 24 35 13 29 33 19 30 24 31 24 38 32 40 33 34 37 31 27 19 40 25 21 23 15 23 34 12 14 12 26 30 14 34 31 12 31 22 18 34 13 20 26 38 37 37 31 34 40 27 40 21 16 27 30 22 17 23 34 28 28 25 33 22 31 31 31 14 26 35 37 28 40 35 19 37 37 16 39 28 11 18 17 27 34 13 23 37 11 35 33 35 20 40 26 25 21 26 15 17 35 17 26 31 22 39 19 39 37 38 18 13 35 14 29 21 28 25 14 32 29 15 12 13 14 16 14 31 13 22 28 21 37 33 21 12 40 16 32 26 31 34 38 30 26 27 14 12 33 37 24 14 19 34 39 36 22 39 26 22 29 24 22 37 22 11 35 21 19 35 12 13 21 17 22 11 33 22 12 27 24 23 21 28 38 17 36 26 38 40 39 18 24 23 31 17 37 30 36 34 29 27 36 26 23 32 29 16 26 21 30 22 24 31 14 16 30 21 16 21 11 28 36 37 20 23 13 30 39 12 24 28 22 18 16 32 22 18 32 31 37 36 27 11 22 31 23 30 24 15 32 30 30 27 24 35 31 13 38 26 14 16 16 15 14 19 15 13 26 26 34 24 23 19 28 26 16 33 20 28 22 16 14 33 36 28 27 21 14 21 25 35 15 32 22 33 31 23 31 27 12 32 26 22 11 34 40 33 24 28 23 16 15 38 17 19 35 14 15 18 18 11 33 17 18 29 21 25 15 39 15 12 20 19 29 12 17 28 27 14 28 24 36 24 18 29 21 34 40 30 17 26 16 30 13 14 18 13 18 16 30 20 28 38 28 18 19 34 39 12 32 39 29 14 21 30 23 17 26 37 20 39 14 21 19 14 39 36 30 13 23 25 11 37 32 12 25 29 33 28 13 11 39 30 27 19 38 14 22 21 18 30 34 14 11 23 31 23 40 18 25 36 32 14 40 31 38 22 39 29 11 26 29 17 22 18 36 34 25 17 35 11 32 22 36 40 24 30 33 32 37 22 36 13 21 25 30 14 34 22 36 16 30 12 23 17 25 21 21 18 37 34 32 32 25 13 34 22 36 33 36 37 24 22 33 40 30 12 22 39 32 24 20 38 15 26 18 16 32 36 25 18 15 33 31 34 38 14 37 39 39 35 17 25 20 30 16 35 15 20 20 22 39 14 38 11 35 32 11 22 20 30 33 18 23 29 18 28 33 29 17 19 18 28 34 20 23 37 27 32 21 30 14 23 27 14 34 32 11 18 24 22 21 28 30 37 12 21 27 14 24 23 26 14 36 27 15 35 27 34 39 25 12 28 26 31 38 31 20 40 33 23 11 30 39 25 14 38 29 37 19 37 26 21 20 15 12 33 13 19 40 36 38 28 26 18 19 31 34 38 21 33 15 13 28 23 13 13 32 14 35 24 37 37 27 29 25 16 18 20 23 23 30 25 25 14 35 34 25 32 17 36 20 37 16 24 35 20 23 20 27 35 28 24 25 29 24 38 23 16 26 16 35 36 40 31 30 40 21 17 17 24 15 26 38
8 25 25 1 27 25 3 16 3 22 24 23 23 22 19 17 8 15 19 19 3 19 28 5 30 10 2 1 5 12 30 19 13 11 20 1 21 6 6 19 7 9 28 2 10 2 19 15 23 29 16 18 27 14 29 10 18 23 15 5 23 25 21 24 23 1 14 22 19 26 30 15 1 21 16 15 5 5 25 2 28 10 26 24 24 26 26 7 10 15 22 4 9 7 5 4 9 26 18 11 15 19 10 20 20 13 23 7 20 17 15 18 28 30 15 30 14 25 3 19 23 9 20 14 21 14 28 22 30 23 24 27 21 17 9 30 15 11 13 5 13 24 2 4 2 16 20 4 24 21 2 21 12 8 24 3 10 16 28 27 27 21 24 30 17 30 11 6 17 20 12 7 13 24 18 18 15 23 12 21 21 21 4 16 25 27 18 30 25 9 27 27 6 29 18 1 8 7 17 24 3 13 27 1 25 23 25 10 30 16 15 11 16 5 7 25 7 16 21 12 29 9 29 27 28 8 3 25 4 19 11 18 15 4 22 19 5 2 3 4 6 4 21 3 12 18 11 27 23 11 2 30 6 22 16 21 24 28 20 16 17 4 2 23 27 14 4 9 24 29 26 12 29 16 12 19 14 12 27 12 1 25 11 9 25 2 3 11 7 12 1 23 12 2 17 14 13 11 18 28 7 26 16 28 30 29 8 14 13 21 7 27 20 26 24 19 17 26 16 13 22 19 6 16 11 20 12 14 21 4 6 20 11 6 11 1 18 26 27 10 13 3 20 29 2 14 18 12 8 6 22 12 8 22 21 27 26 17 1 12 21 13 20 14 5 22 20 20 17 14 25 21 3 28 16 4 6 6 5 4 9 5 3 16 16 24 14 13 9 18 16 6 23 10 18 12 6 4 23 26 18 17 11 4 11 15 25 5 22 12 23 21 13 21 17 2 22 16 12 1 24 30 23 14 18 13 6 5 28 7 9 25 4 5 8 8 1 23 7 8 19 11 15 5 29 5 2 10 9 19 2 7 18 17 4 18 14 26 14 8 19 11 24 30 20 7 16 6 20 3 4 8 3 8 6 20 10 18 28 18 8 9 24 29 2 22 29 19 4 11 20 13 7 16 27 10 29 4 11 9 4 29 26 20 3 13 15 1 27 22 2 15 19 23 18 3 1 29 20 17 9 28 4 12 11 8 20 24 4 1 13 21 13 30 8 15 26 22 4 30 21 28 12 29 19 1 16 19 7 12 8 26 24 15 7 25 1 22 12 26 30 14 20 23 22 27 12 26 3 11 15 20 4 24 12 26 6 20 2 13 7 15 11 11 8 27 24 22 22 15 3 24 12 26 23 26 27 14 12 23 30 20 2 12 29 22 14 10 28 5 16 8 6 22 26 15 8 5 23 21 24 28 4 27 29 29 25 7 15 10 20 6 25 5 10 10 12 29 4 28 1 25 22 1 12 10 20 23 8 13 19 8 18 23 19 7 9 8 18 24 10 13 27 17 22 11 20 4 13 17 4 24 22 1 8 14 12 11 18 20 27 2 11 17 4 14 13 16 4 26 17 5 25 17 24 29 15 2 18 16 21 28 21 10 30 23 13 1 20 29 15 4 28 19 27 9 27 16 11 10 5 2 23 3 9 30 26 28 18 16 8 9 21 24 28 11 23 5 3 18 13 3 3 22 4 25 14 27 27 17 19 15 6 8 10 13 13 20 15 15 4 25 24 15 22 7 26 10 27 6 14 25 10 13 10 17 25 18 14 15 19 14 28 13 6 16 6 25 26 30 21 20 30 11 7 7 14 5 16 28
0 6 12
797 426 29 196 592 651 717 20 97 172 222 230
0 10 13
487 42 158 637 438 74 287 399 343 174 279 784 460
0 3 5
514 476 706 26 754
0 10 6
235 604 639 98 524 13
0 9 4
790 653 269 173
0 14 9
70 726 659 267 455 251 303 445 381
0 3 5
48 342 538 348 82
0 5 8
401 16 472 212 378 210 795 585
0 2 7
411 667 756 477 322 128 720
0 15 13
671 731 272 329 250 311 388 776 178 791 281 572 541
0 14 5
593 127 370 409 108
0 11 13
718 796 431 486 781 702 201 603 647 50 313 595 626
0 19 9
520 64 153 226 494 56 454 576 533
0 20 6
326 123 716 111 3 99
0 14 5
390 220 561 713 739
0 12 7
613 12 79 297 535 594 84
0 20 3
305 320 202
0 11 10
284 334 177 234 786 649 189 760 722 115
0 4 10
709 549 601 578 383 782 646 4 773 148
0 13 5
559 441 69 516 789
0 1 5
384 356 733 614 470
0 8 11
392 665 506 457 583 353 135 389 427 498 563
0 8 8
444 246 21 159 47 203 151 307
0 7 9
532 511 105 163 745 0 415 52 150
0 13 12
447 562 693 306 495 459 534 452 72 772 615 171
0 14 9
27 600 734 644 779 778 430 747 186
0 2 8
696 589 382 237 422 340 396 632
0 12 6
517 478 591 645 67 744
0 2 10
39 724 483 270 556 10 528 527 704 78
0 1 12
619 432 157 630 143 423 669 124 762 31 321 777
0 12 5
799 408 629 433 225
0 11 4
339 65 677 126
0 3 10
365 774 301 510 634 582 1 85 742 76
0 19 10
217 435 193 424 369 167 134 367 395 90
0 15 3
358 104 755
0 11 13
252 372 176 335 141 679 685 149 277 288 60 32 775
0 14 2
57 106
0 13 6
770 194 344 586 620 609
0 10 9
345 181 375 721 523 204 273 18 416
0 5 12
130 95 403 133 461 675 417 296 450 114 8 257
0 6 6
113 554 77 436 266 229
0 9 1
765
1 15 5
635 474 107 139 674
0 18 11
264 44 518 61 102 703 271 509 361 759 168
0 15 10
792 543 330 504 162 705 547 650 676 616
0 11 4
631 785 187 750
0 11 3
497 138 51
0 5 2
350 182
0 7 9
161 215 579 41 87 729 537 354 366
0 10 13
580 638 530 363 552 748 463 274 327 419 280 294 521
0 6 4
214 184 710 681
0 16 13
152 560 553 531 282 117 347 753 170 479 636 386 109
0 20 12
394 136 374 490 352 657 71 440 155 469 338 35
0 5 8
197 346 238 309 398 749 610 761
0 20 7
481 195 191 373 89 55 567
0 7 5
621 46 555 379 325
0 13 4
707 577 276 385
0 9 9
606 228 545 260 575 505 333 224 14
0 20 4
213 219 529 768
0 2 3
448 146 640
1 14 3
336 569 622
0 17 3
727 519 244
0 10 2
316 466
0 13 2
256 485
0 20 8
565 701 94 662 752 512 732 337
0 13 3
119 308 683
0 16 11
249 794 507 292 160 787 697 769 434 11 355
0 12 3
767 92 482
0 3 10
259 81 788 231 360 736 268 699 254 522
0 3 10
165 262 132 283 587 443 623 236 359 656
0 17 4
548 496 719 513
0 1 10
691 730 33 557 241 666 525 458 185 771
0 15 2
376 183
0 6 7
798 368 188 678 526 209 96
0 16 8
54 258 783 17 655 295 597 564
0 18 6
515 503 315 80 331 641
0 3 9
275 63 243 428 175 100 36 240 88
0 20 9
480 694 59 740 118 488 484 253 73
0 2 3
341 456 471
0 7 13
400 362 491 166 216 200 743 405 263 58 22 618 289
0 4 11
429 568 451 465 293 2 489 611 652 247 205
0 14 12
300 317 40 298 425 573 602 137 145 255 684 502
0 14 15
34 351 25 37 728 207 449 24 120 468 179 245 607 584 668
0 6 8
310 437 406 708 654 144 764 663
0 18 2
660 658
0 5 3
192 672 103
0 30 1
5
0 32 1
6
0 11 1
7
0 21 1
9
0 34 1
15
0 20 1
19
0 16 1
23
0 19 1
28
0 27 1
30
0 22 2
38 442
0 14 1
43
0 26 1
45
0 21 1
49
0 14 1
53
0 5 1
62
0 24 1
66
0 11 1
68
0 24 1
75
0 30 1
83
0 27 1
86
0 21 1
91
0 35 1
93
0 22 1
101
0 8 2
110 371
0 18 1
112
0 33 1
116
0 34 1
121
0 3 1
122
0 14 1
125
0 21 1
129
0 22 1
131
0 11 1
140
0 20 2
142 420
0 17 1
147
0 21 1
154
0 34 1
156
0 26 1
164
0 7 1
169
0 13 1
180
0 34 1
190
0 28 1
198
0 21 1
199
0 29 1
206
0 27 1
208
0 30 1
211
0 31 1
218
0 19 1
221
0 17 1
223
0 18 1
227
0 20 2
232 617
0 7 1
233
0 22 1
239
0 30 2
242 574
0 16 1
248
0 6 1
261
0 25 2
265 314
0 22 1
278
0 17 1
285
0 20 1
286
0 28 1
290
0 32 1
291
0 23 1
299
0 9 1
302
0 25 1
304
0 38 1
312
0 21 1
318
0 6 1
319
0 14 1
323
0 23 1
324
0 16 1
328
0 17 1
332
0 8 1
349
0 28 1
357
0 18 1
364
0 20 1
377
0 5 1
380
0 5 1
387
0 20 1
391
0 22 1
393
0 19 1
397
0 17 1
402
0 24 1
404
0 11 1
407
0 32 1
410
0 28 1
412
0 28 1
413
0 21 1
414
0 27 1
418
0 18 1
421
0 26 1
439
0 8 1
446
0 28 1
453
0 15 1
462
0 40 1
464
0 18 1
467
0 19 1
473
0 30 1
475
0 18 1
492
0 12 1
493
0 14 1
499
0 7 1
500
0 29 1
501
0 24 1
508
0 13 1
536
0 22 1
539
0 15 1
540
0 7 1
542
0 15 1
544
0 8 1
546
0 13 1
550
0 11 1
551
0 19 1
558
0 20 1
566
0 19 1
570
0 9 1
571
0 22 1
581
0 31 1
588
0 33 1
590
0 21 1
596
0 17 1
598
0 16 1
599
0 25 1
605
0 20 1
608
0 5 1
612
0 13 1
624
0 27 1
625
0 23 1
627
0 7 1
628
0 25 1
633
0 29 1
642
0 29 1
643
0 38 1
648
0 27 1
661
0 15 1
664
0 15 1
670
0 20 1
673
0 28 1
680
0 30 1
682
0 5 1
686
0 8 1
687
0 22 1
688
0 31 1
689
0 19 1
690
0 7 1
692
0 21 1
695
0 10 1
698
0 33 1
700
0 22 1
711
0 23 1
712
0 17 1
714
0 11 1
715
0 34 1
723
0 12 1
725
0 6 1
735
0 20 1
737
0 12 1
738
0 16 1
741
0 17 1
746
0 13 1
751
0 30 1
757
0 9 1
758
0 11 1
763
0 12 1
766
0 17 1
780
0 28 1
793
