1000 33 1550 67
4 11 23 14 16 24 19 2 25 5 20 4 1 17 28 14 11 24 15 14 16 21 1 4 24 23 15 1 25 12 13 25 17 6 8 17 11 3 7 5 26 14 16 24 2 21 25 5 3 29 6 18 17 21 20 1 4 8 30 18 5 21 13 28 16 1 20 4 13 17 26 11 24 21 10 15 27 11 17 16 3 16 30 21 17 3 30 12 12 26 18 5 2 13 26 30 15 25 14 24 3 28 5 16 19 14 11 3 7 20 13 28 1 18 18 17 11 27 25 30 24 2 3 3 30 25 14 5 26 16 26 18 5 29 7 4 25 19 19 6 5 11 22 23 12 27 15 23 30 18 2 7 8 6 14 20 20 6 14 3 9 30 23 9 12 7 4 12 8 23 21 14 14 7 30 23 14 24 15 25 21 11 9 9 21 19 9 15 15 28 27 17 6 30 24 10 21 11 25 18 7 25 25 1 24 13 6 12 10 18 12 19 29 24 16 24 25 21 25 12 6 16 20 30 24 17 18 8 22 14 8 20 15 29 17 12 21 19 28 12 23 6 12 14 3 24 14 18 6 18 18 3 23 24 9 25 23 13 17 22 19 4 11 21 23 8 8 30 14 24 9 24 6 22 2 29 26 7 20 25 24 2 30 8 29 13 14 11 23 6 19 22 18 28 16 3 14 3 30 7 4 16 17 24 5 22 8 17 9 10 25 7 19 27 16 28 13 30 5 26 22 2 6 20 28 12 30 26 20 29 6 2 27 9 11 17 20 26 3 13 11 12 23 15 14 17 7 5 2 25 6 1 6 12 25 3 18 22 30 17 11 20 18 21 8 8 29 29 23 10 14 14 29 8 11 24 5 4 10 17 11 8 3 25 23 23 10 18 16 1 17 2 9 27 17 14 29 1 21 26 21 20 21 6 5 4 9 24 29 18 13 13 14 14 25 3 6 10 15 3 13 5 5 13 19 29 28 26 21 1 17 23 21 30 30 22 26 7 16 13 17 3 19 24 28 10 12 2 12 21 28 21 15 24 8 20 1 25 19 19 7 19 22 2 29 3 28 28 7 11 11 12 28 29 29 18 29 15 5 9 8 29 1 30 1 19 12 15 22 9 2 28 26 20 20 15 12 22 7 22 29 8 11 29 18 8 29 23 19 27 2 29 10 25 27 6 27 27 17 17 8 24 2 9 27 1 21 1 9 28 23 29 8 5 2 19 21 3 1 20 17 20 3 22 12 15 25 23 1 5 21 6 27 16 8 27 16 2 14 24 2 10 23 22 30 29 18 6 22 18 21 26 19 22 21 22 12 1 26 24 24 14 8 21 17 21 21 3 29 7 7 25 13 20 11 2 9 13 27 17 4 7 11 6 18 13 19 19 30 8 11 19 4 20 10 12 21 7 15 11 30 7 9 16 16 29 20 25 19 21 14 10 23 2 4 18 19 15 29 22 17 10 15 10 5 7 14 16 7 7 3 3 29 21 5 14 15 3 11 10 22 23 4 25 5 26 5 25 23 30 28 14 13 11 14 20 13 29 8 20 20 10 27 10 2 11 3 15 17 6 14 7 26 15 2 5 21 15 15 15 12 15 5 13 3 6 21 18 2 11 9 19 30 13 20 3 15 27 21 19 6 15 4 7 22 18 6 5 30 26 23 21 6 9 27 7 12 25 25 22 23 19 29 25 4 20 13 9 4 6 5 20 1 18 5 16 9 14 1 20 22 14 10 7 2 13 8 2 8 10 26 1 22 1 28 22 8 18 3 18 30 30 7 24 4 19 14 1 28 20 23 5 11 21 14 8 19 29 15 14 7 24 2 2 25 19 2 6 20 22 17 25 6 8 10 3 3 16 27 7 30 25 8 5 10 18 4 26 27 24 19 15 14 19 3 16 1 25 14 20 27 19 10 18 2 7 24 18 6 4 18 7 20 1 15 25 12 17 15 4 18 27 1 24 17 3 28 20 16 8 24 7 24 27 10 22 17 9 9 18 18 2 22 4 3 9 5 8 27 10 10 25 24 25 3 10 24 24 18 5 16 14 15 17 8 4 5 27 30 30 17 20 12 21 11 18 5 18 6 29 21 1 21 16 25 28 4 26 25 1 30 16 29 15 17 16 15 11 19 18 25 29 1 28 19 21 20 20 7 20 1 29 14 2 17 13 8 23 27 14 8 27 4 18 5 23 15 14 2 22 13 18 29 9 8 11 6 20 21 4 20 7 20 7 27 15 9 28 21 20 5 23 9 21 6 5 8 11 19 3
11 28 25 29 15 19 26 25 21 16 2 6 9 12 22 2 13 11 28 8 8 25 10 20 24 29 16 17 11 27 20 15 13 1 19 2 6 10 1 2 29 29 25 28 4 28 28 30 24 5 6 7 20 27 3 7 28 22 10 12 14 17 4 15 4 2 17 3 21 30 4 23 9 30 22 10 9 4 6 24 29 25 13 15 19 28 25 29 6 5 8 23 18 30 17 28 23 5 26 25 10 27 19 15 5 8 29 6 29 21 15 21 4 25 7 6 12 7 1 16 22 7 28 15 17 12 9 4 12 22 11 3 10 15 20 23 11 4 8 6 9 13 5 25 28 6 6 23 18 28 15 28 11 25 26 29 20 23 14 6 14 20 19 3 8 19 1 1 3 1 18 14 12 9 4 2 8 7 14 26 10 16 23 2 2 30 26 10 28 15 29 11 30 8 13 12 6 7 29 27 13 10 4 8 6 10 9 24 4 12 12 28 15 14 3 20 6 9 16 5 22 10 17 21 22 22 10 15 19 17 25 2 11 29 17 10 17 14 11 18 14 25 12 27 14 11 11 19 27 26 23 19 29 16 4 13 8 24 17 12 13 16 12 28 15 20 4 16 6 12 13 29 10 8 20 10 6 29 15 28 3 28 7 20 27 20 27 29 28 22 18 9 30 8 26 26 4 23 19 28 12 24 24 24 19 28 10 16 6 13 25 23 19 19 2 20 9 14 15 1 9 25 4 22 19 23 22 1 5 9 4 17 12 27 1 10 6 4 10 26 2 21 2 1 24 28 28 9 22 29 14 4 16 26 14 14 4 25 30 8 26 8 8 8 25 16 20 17 14 17 8 9 5 7 30 24 9 22 29 24 16 7 29 29 23 9 18 18 27 6 21 5 18 12 3 21 10 10 26 19 3 16 6 12 1 4 23 6 6 18 25 11 20 3 16 26 17 4 15 10 3 27 20 12 24 8 2 7 27 30 1 11 27 22 28 6 29 5 13 20 16 10 13 22 7 4 25 2 7 4 23 8 19 14 28 10 7 29 6 14 3 23 26 30 19 26 13 4 14 2 26 23 30 27 21 24 19 2 2 23 22 18 13 2 30 12 13 1 4 29 8 13 19 10 1 12 7 26 23 20 3 17 18 23 13 30 22 5 25 3 18 18 29 12 18 8 30 16 14 22 10 24 12 16 28 29 18 11 28 25 12 15 22 20 9 6 19 24 27 16 26 15 3 23 16 5 7 17 27 14 21 6 19 18 13 10 22 22 7 3 25 10 28 29 20 7 16 11 25 2 19 29 4 24 10 19 16 13 3 25 15 19 4 28 30 11 1 21 9 15 26 29 23 30 15 27 16 6 1 15 6 27 8 29 30 24 8 13 8 29 24 24 8 9 6 26 5 22 16 23 23 11 14 8 3 26 18 28 26 19 12 19 8 16 14 21 3 21 14 16 15 19 19 14 24 29 18 17 9 24 8 4 6 17 28 14 13 5 27 18 30 3 6 29 11 12 9 4 4 3 17 28 14 6 30 18 10 1 18 6 8 7 8 27 9 30 10 3 22 27 26 11 11 7 6 28 7 20 25 17 23 29 19 24 26 25 16 1 20 25 30 22 27 22 21 30 6 21 6 3 4 4 21 8 5 4 22 18 24 20 20 15 7 17 19 3 18 20 3 9 18 18 1 14 27 22 4 16 7 26 18 1 11 4 9 8 21 12 11 30 7 1 6 24 3 16 25 1 20 29 15 21 19 9 16 8 28 22 28 14 10 17 8 5 18 5 29 6 23 10 24 23 14 8 27 7 1 4 12 4 8 23 29 17 29 29 1 16 4 25 15 3 3 1 2 28 13 11 28 17 28 13 1 9 20 29 13 20 1 28 7 27 16 10 20 13 12 15 28 26 28 6 14 14 3 29 1 5 24 30 12 19 29 30 25 28 2 4 13 12 26 10 12 13 27 24 19 6 14 10 27 7 29 15 3 13 7 22 5 5 10 21 10 15 13 2 8 13 9 5 22 2 5 2 11 16 17 12 23 29 5 5 16 8 7 29 5 3 9 16 8 22 26 28 16 29 1 19 19 15 4 22 20 18 21 16 22 25 12 29 4 11 4 8 4 17 1 19 2 12 25 23 9 11 22 18 26 29 3 16 6 8 15 18 13 4 8 23 15 2 8 3 9 24 8 1 10 30 28 17 16 4 19 30 10 25 1 3 5 1 28 14 6 25 16 3 25 4 5 26 7 12 11 10 9 5 19 8 13 22
7 13 21
855 746 88 113 147 232 129 137 110 536 960 806 986 65 150 236 348 495 620 798 944
2 1 20
778 253 58 810 355 104 419 562 580 10 19 43 129 334 361 389 397 926 954 960
22 12 59
558 629 772 284 424 832 985 538 494 390 268 753 546 913 801 671 908 374 702 151 290 91 595 130 758 393 522 773 902 978 149 375 630 722 631 289 10 789 929 956 2 703 935 828 124 804 5 670 799 600 12 84 205 235 243 281 362 377 895
17 6 39
570 364 848 474 887 911 226 592 136 314 37 273 491 572 962 851 926 721 567 52 87 809 709 612 909 54 450 7 914 117 879 489 406 969 824 443 625 631 822
10 13 45
608 694 377 668 26 400 384 818 221 862 369 686 170 524 767 453 727 387 609 80 761 983 603 607 540 527 251 825 11 780 836 169 323 417 200 342 381 649 219 389 74 340 164 436 969
27 10 46
533 951 884 160 543 487 27 413 272 3 633 185 871 285 736 490 581 199 235 103 351 954 672 636 623 677 797 143 593 227 932 886 821 658 31 416 517 646 510 975 748 207 107 133 237 684
19 14 36
998 42 373 293 661 585 343 231 861 469 604 437 874 928 737 59 704 467 918 731 280 60 680 19 842 212 288 666 738 743 82 92 433 478 627 745
2 4 40
964 762 152 846 822 354 454 747 766 922 336 176 106 707 202 317 96 654 903 718 240 464 183 318 626 653 691 980 719 204 803 50 463 100 138 189 270 419 789 961
12 12 38
792 427 398 139 596 312 165 77 597 968 332 823 392 514 68 371 344 650 590 112 363 57 191 441 352 425 669 598 559 733 97 104 498 558 569 862 963 979
16 11 43
620 145 888 518 881 895 154 43 628 682 831 319 66 542 477 588 700 452 394 116 576 274 320 741 411 511 791 640 291 815 269 156 342 557 564 602 608 636 736 867 900 953 965
22 2 51
119 639 837 197 763 812 657 168 638 431 488 739 213 175 921 144 286 449 839 339 388 651 687 341 765 943 271 148 223 757 876 486 84 749 523 584 492 459 39 550 506 949 184 418 575 515 28 475 705 864 967
10 20 29
892 777 894 182 990 40 885 689 195 695 98 69 953 835 307 97 516 181 858 334 866 644 615 99 242 257 295 466 490
6 17 38
25 678 712 544 333 769 786 456 47 987 159 38 958 61 779 436 233 755 563 252 509 123 798 726 264 362 246 716 227 234 276 300 328 589 646 946 949 997
28 15 50
422 22 768 573 840 485 410 211 656 782 946 126 337 258 569 357 605 311 234 261 996 438 565 868 504 278 938 135 785 109 399 688 313 173 849 178 478 660 396 282 442 591 166 99 94 230 418 458 459 843
5 6 12
330 927 796 865 495 547 997 752 877 634 8 336
17 4 43
298 952 548 863 361 561 834 215 408 967 465 621 614 267 13 415 675 937 468 917 228 696 300 187 627 771 508 760 554 974 708 203 685 15 49 66 287 314 391 420 517 747 852
14 8 34
111 982 484 331 896 17 999 214 787 482 860 382 826 907 0 167 24 577 350 391 931 102 742 81 335 224 775 57 159 204 221 321 597 820
12 3 50
85 800 520 345 556 893 873 55 995 192 346 870 156 735 643 676 715 898 732 944 690 720 833 594 250 845 659 378 23 107 502 957 115 356 599 963 315 242 613 728 146 859 683 864 45 112 198 595 649 945
9 12 51
163 20 783 201 128 241 349 574 304 101 308 29 890 555 734 582 557 460 237 579 193 206 601 12 724 309 924 976 587 521 404 216 955 781 838 89 904 439 295 65 4 326 245 370 108 225 132 185 200 282 552
5 17 29
972 499 745 70 34 528 965 301 802 327 500 564 222 479 805 674 63 283 435 616 641 121 857 403 3 194 474 598 872
14 7 50
254 751 30 936 205 75 270 961 16 86 919 360 401 247 966 664 706 560 819 287 553 578 699 602 984 248 729 194 622 229 923 1 470 979 830 405 79 188 263 901 174 161 820 827 196 72 142 486 575 601
2 7 44
33 869 764 82 610 756 6 429 529 90 586 122 566 83 714 645 296 496 53 816 379 948 209 56 950 444 275 445 238 915 872 759 92 505 451 64 67 110 241 251 412 500 543 795
1 4 14
754 46 880 198 684 78 302 157 475 817 226 310 387 695
1 8 9
525 150 256 265 854 405 697 790 876
4 11 35
14 933 635 989 891 814 662 730 774 589 262 277 981 648 794 443 365 925 455 259 367 138 571 299 847 41 637 186 296 438 536 773 803 854 881
28 17 56
941 912 76 705 461 744 51 679 324 480 255 359 790 652 667 114 423 426 512 971 882 665 770 619 348 218 681 632 294 180 420 325 132 21 118 383 750 897 883 306 994 62 549 380 905 217 934 26 119 127 297 343 696 732 866 914
13 16 32
310 723 338 535 476 991 402 428 93 244 993 850 407 807 190 813 434 843 276 784 977 220 545 281 96 315 324 406 430 441 765 799
23 19 48
513 624 618 321 266 829 507 534 945 693 35 844 127 120 551 457 421 162 189 493 793 305 134 440 358 73 539 541 447 249 878 36 347 243 647 72 125 481 433 386 230 867 409 195 399 434 802 925
2 8 15
376 519 366 414 432 297 29 78 95 231 275 409 776 879 978
24 15 54
776 642 916 158 430 717 697 171 257 448 711 179 900 663 153 947 568 131 177 655 208 458 140 899 852 446 526 45 279 988 583 329 32 501 164 940 210 9 49 155 531 462 7 11 125 130 248 442 572 588 698 707 930 977
7 2 37
611 725 532 710 942 397 473 992 939 959 889 713 71 625 260 471 466 856 606 385 970 95 133 930 875 142 368 483 503 55 322 730 774 792 812 919 948
2 11 11
698 552 906 530 740 167 202 439 757 878 889
9 14 40
472 692 8 316 292 172 105 788 44 701 372 395 353 808 48 497 811 498 537 973 920 853 141 328 322 841 412 795 18 239 910 236 673 617 303 374 548 642 737 785
