500 260 775 33
11 20 8 10 23 8 21 27 26 1 26 7 7 10 29 8 17 28 22 15 23 30 29 13 25 19 4 2 3 11 19 19 21 30 7 8 29 25 9 6 30 20 18 21 3 8 24 17 9 18 1 12 4 5 15 17 10 28 27 16 10 2 7 13 5 12 23 29 20 22 25 9 17 7 20 15 7 1 13 2 13 26 13 30 10 3 21 27 6 27 15 12 24 9 15 20 10 21 29 1 8 17 24 7 4 14 11 29 14 17 25 10 17 13 25 27 29 21 12 24 7 16 19 20 1 2 13 6 17 19 9 25 25 20 27 9 5 29 30 13 8 7 10 19 26 28 17 21 15 28 20 11 18 15 18 9 21 9 28 30 6 30 24 2 25 27 13 8 16 20 8 1 3 15 25 24 28 25 26 29 23 18 2 22 28 1 22 5 6 21 6 18 21 6 5 12 20 1 6 23 6 22 4 27 1 16 26 4 30 11 1 28 15 7 6 20 5 27 10 17 11 30 19 30 24 17 18 12 4 2 19 11 25 21 30 22 26 17 20 28 28 17 21 3 6 9 10 17 7 6 4 26 11 18 22 10 22 8 9 15 10 10 14 18 11 12 29 16 20 1 18 12 9 11 21 2 2 14 14 5 26 5 19 19 20 5 17 20 17 2 29 22 14 20 23 24 12 28 27 8 19 7 3 7 9 20 11 16 5 5 16 8 8 9 26 24 8 30 26 1 27 24 19 18 16 29 2 30 27 15 12 4 22 24 8 4 13 24 8 6 9 8 2 27 8 7 28 17 8 14 20 11 14 26 25 27 24 14 13 2 21 2 29 7 23 18 3 11 11 7 22 19 7 30 19 19 23 14 8 25 22 29 27 20 15 22 20 19 24 27 4 27 13 10 13 24 24 26 14 14 29 8 2 26 11 1 26 21 20 7 10 28 10 21 8 22 14 3 30 18 8 28 15 29 13 17 13 20 12 2 21 6 6 1 23 24 14 2 28 21 29 4 8 22 8 23 14 17 13 11 16 26 21 19 22 26 26 23 6 22 28 2 23 28 8 3 24 28 10 3 21 12 15 18 9 4 4 16 26 19 14 22 22 22 3 16 18 11 20 20 17 7 19 2 4 10 22 24 2 27
25 29 17 4 8 17 21 18 4 26 12 9 28 19 3 18 7 21 29 29 27 1 5 3 10 22 22 20 13 19 21 20 1 10 3 29 11 10 22 23 22 8 2 2 11 9 27 13 3 7 29 9 27 26 4 28 20 5 11 10 23 29 8 15 13 18 7 12 2 24 20 15 16 6 12 26 26 14 3 26 2 19 24 7 8 1 2 21 22 29 28 30 2 12 26 16 11 12 1 11 21 4 11 2 24 17 29 24 1 8 15 7 10 2 10 26 4 24 12 8 1 28 5 10 13 15 20 14 29 3 22 7 3 4 25 3 19 29 21 15 8 26 16 17 9 28 2 23 4 27 21 3 6 15 7 23 6 25 18 7 7 2 26 21 12 12 24 11 5 18 21 16 30 2 13 11 7 13 5 14 8 20 16 22 8 21 23 3 17 28 21 20 22 21 2 25 29 1 26 6 20 2 1 22 28 12 19 10 21 2 12 28 20 29 23 16 26 28 6 7 15 15 3 27 15 12 15 25 23 7 13 3 1 30 5 20 17 7 19 7 7 8 24 11 16 21 20 19 10 11 26 17 7 14 8 6 6 26 16 1 12 8 9 17 19 24 22 7 19 4 8 10 27 18 25 9 14 23 24 20 16 22 7 23 1 29 18 25 16 3 13 19 29 27 19 2 8 11 23 3 19 28 27 14 29 15 19 28 30 12 27 6 5 21 18 17 29 2 20 21 15 7 5 30 21 26 4 27 15 29 19 1 12 10 13 22 15 2 15 10 5 30 25 30 27 21 22 15 26 11 8 29 14 17 15 26 25 29 13 13 22 27 25 1 16 19 28 28 20 18 1 23 17 5 9 13 28 19 4 19 12 10 28 14 2 8 18 8 21 9 14 24 28 26 24 7 19 16 19 6 19 8 14 5 17 28 12 5 10 22 12 28 24 18 29 17 30 22 30 13 28 15 3 10 13 9 24 11 26 23 25 25 29 15 30 12 9 28 4 23 16 25 19 17 21 21 9 25 18 29 16 18 6 15 1 26 1 24 14 18 11 22 9 8 15 21 14 17 24 27 23 25 8 9 12 15 23 29 10 7 10 27 19 3 13 14 23 7 24 14 15 18 1 3 15 18 26 19 22 13
3 15 8
223 299 96 460 170 101 439 397
2 7 7
63 307 372 30 432 62 311
1 8 11
293 7 173 411 247 184 272 167 116 37 43
2 10 7
194 392 122 476 76 357 109
1 1 7
106 394 65 413 105 485 383
4 19 11
199 326 249 265 321 313 4 79 270 348 202
4 9 8
14 360 365 140 266 286 153 454
0 1 6
0 108 118 8 158 258
0 13 1
405
2 12 11
97 275 11 464 440 73 426 408 244 150 292
1 16 7
47 46 254 312 53 334 289
0 19 1
50
0 12 3
17 135 472
0 11 1
415
0 11 6
273 478 243 206 390 152
2 10 6
29 296 49 148 453 75
0 17 3
278 455 196
0 2 6
88 162 126 305 81 319
1 3 7
25 315 483 474 435 467 185
4 9 9
361 436 310 376 479 9 94 438 40
0 20 2
402 409
0 4 4
253 127 55 496
0 20 9
468 370 419 269 177 494 130 114 218
3 4 7
87 78 156 446 384 477 317
1 15 11
123 221 456 434 212 72 268 340 396 359 131
1 7 6
237 84 191 3 362 117
0 4 3
300 416 125
0 1 3
110 188 288
3 18 11
473 391 240 349 428 481 32 216 133 89 136
1 9 5
51 107 168 239 457
0 10 10
10 214 338 208 495 18 417 344 497 195
1 3 4
295 90 178 71
8 29 1
1
5 8 2
2 233
5 27 1
5
2 21 1
6
2 35 1
12
4 20 2
13 318
5 12 1
15
3 15 1
16
1 18 1
19
5 19 1
20
10 22 1
21
4 18 2
22 120
3 17 2
23 352
2 8 1
24
2 11 2
26 154
2 19 2
27 377
9 26 2
28 290
2 16 2
31 294
1 19 3
33 306 423
2 19 1
34
2 11 1
35
1 5 1
36
7 7 1
38
3 11 2
39 92
1 33 1
41
2 7 1
42
1 10 4
44 137 180 225
7 12 2
45 232
2 10 1
48
1 17 1
52
3 16 2
54 493
7 12 1
56
2 12 3
57 164 200
3 20 2
58 95
3 5 1
59
3 14 1
60
5 13 2
61 323
3 22 1
64
2 36 2
66 85
5 11 4
67 99 169 316
4 14 1
68
3 32 1
69
4 36 2
70 322
3 27 1
74
4 15 1
77
6 21 1
80
4 24 1
82
3 14 1
83
3 7 2
86 329
7 6 2
91 484
3 14 2
93 229
7 19 1
98
3 24 1
100
6 26 2
102 374
5 10 2
103 327
6 20 1
104
2 31 3
111 119 452
8 19 2
112 257
2 23 1
113
9 25 2
115 297
2 19 1
121
13 13 2
124 461
2 22 2
128 291
5 25 2
129 449
2 24 1
132
3 22 1
134
5 4 1
138
1 25 1
139
5 19 1
141
10 27 1
142
3 19 1
143
2 13 1
144
2 16 1
145
1 32 1
146
4 21 1
147
3 11 1
149
3 13 1
151
5 17 3
155 182 463
8 28 1
157
9 11 1
159
10 33 2
160 466
3 30 1
161
5 33 2
163 175
1 20 1
165
1 22 1
166
7 22 1
171
4 35 1
172
2 18 1
174
4 23 2
176 209
1 13 1
179
2 21 1
181
5 19 1
183
2 27 2
186 368
4 12 2
187 283
2 5 1
189
2 29 1
190
2 23 1
192
13 23 1
193
2 25 2
197 451
2 24 2
198 213
6 24 2
201 386
2 6 1
203
8 19 2
204 437
4 27 1
205
5 17 1
207
4 39 2
210 412
2 30 1
211
4 27 2
215 226
2 23 1
217
4 21 1
219
12 24 2
220 459
5 10 2
222 330
5 16 1
224
7 23 1
227
1 8 1
228
12 34 1
230
10 27 1
231
7 13 1
234
2 31 2
235 252
8 21 2
236 341
9 25 1
238
6 27 1
241
5 10 1
242
4 26 1
245
5 23 2
246 389
5 11 1
248
3 21 2
250 267
7 25 2
251 393
5 18 1
255
3 23 1
256
4 20 1
259
2 14 1
260
2 13 2
261 431
2 8 1
262
1 9 1
263
5 25 1
264
2 25 1
271
2 30 2
274 448
3 20 1
276
2 37 1
277
2 10 1
279
5 18 3
280 385 422
4 28 1
281
1 29 1
282
2 11 1
284
6 26 1
285
4 28 1
287
1 20 1
298
3 31 1
301
3 14 1
302
7 28 1
303
5 18 4
304 333 379 458
2 17 2
308 332
2 38 1
309
1 23 1
314
5 23 1
320
7 31 1
324
1 17 1
325
2 21 1
328
4 30 1
331
2 8 1
335
3 27 1
336
3 20 2
337 410
2 13 1
339
4 29 1
342
3 22 1
343
5 16 1
345
4 27 1
346
1 24 1
347
7 20 2
350 395
8 27 1
351
2 29 1
353
7 26 1
354
7 12 1
355
3 23 1
356
3 11 1
358
7 19 1
363
7 12 1
364
3 11 1
366
2 28 1
367
5 20 3
369 407 444
5 25 1
371
2 40 1
373
6 32 2
375 443
5 24 2
378 441
5 15 1
380
1 14 1
381
3 19 1
382
7 10 1
387
7 18 1
388
5 10 1
398
1 17 1
399
7 13 1
400
3 14 1
401
2 7 1
403
3 26 1
404
5 17 1
406
4 18 1
414
4 19 1
418
4 32 1
420
5 34 1
421
3 19 1
424
7 18 1
425
2 19 1
427
8 20 1
429
3 21 1
430
3 12 1
433
1 21 1
442
2 29 1
445
5 11 1
447
2 30 1
450
2 21 1
462
8 30 1
465
5 30 1
469
3 13 1
470
3 24 1
471
13 28 1
475
4 37 1
480
2 22 1
482
4 29 1
486
13 28 1
487
8 17 1
488
2 23 1
489
3 15 1
490
5 20 1
491
7 15 1
492
5 11 1
498
1 23 1
499
