1000 434 1550 67
28 6 28 22 18 23 24 19 23 13 13 16 2 2 6 11 30 17 6 6 20 18 5 2 13 4 10 6 16 12 12 10 9 26 26 24 19 2 20 7 18 14 7 28 14 21 3 19 11 29 16 29 24 24 17 8 17 26 11 25 10 13 18 11 11 3 14 1 21 25 4 12 10 4 17 21 29 18 4 19 8 25 5 26 3 9 8 19 26 6 22 18 1 15 18 11 9 15 26 19 23 18 21 13 17 30 6 16 1 9 23 5 13 21 26 18 10 23 15 11 4 28 14 3 11 30 28 15 29 1 11 11 20 29 30 4 8 24 20 2 19 4 2 13 20 25 28 29 5 18 18 30 17 26 6 16 4 8 12 28 12 20 24 30 30 12 14 19 3 17 2 24 1 3 14 26 27 12 18 24 21 9 26 18 12 16 29 2 17 7 10 30 9 30 6 29 2 29 1 28 22 15 27 17 3 14 14 30 21 30 10 3 16 29 16 29 9 1 4 25 6 28 26 5 21 30 9 14 29 26 12 3 30 25 17 8 7 28 1 6 30 2 27 8 21 21 19 3 8 30 28 6 29 9 21 29 15 17 6 1 6 30 7 29 6 30 20 16 21 22 19 14 30 24 15 20 4 26 8 24 24 15 2 16 14 11 16 14 9 29 7 27 22 2 23 2 6 14 20 20 16 12 11 29 6 17 15 12 23 1 18 22 9 26 12 21 28 19 29 6 10 3 26 14 14 4 6 14 29 6 12 21 17 8 5 24 5 3 27 25 28 5 5 15 28 7 21 27 10 12 3 30 17 9 24 2 19 17 27 14 2 20 18 19 26 28 2 20 8 18 20 9 5 3 16 9 28 3 28 6 21 27 17 30 2 27 27 8 10 11 12 3 26 26 26 18 13 23 3 21 20 12 22 14 28 11 18 14 26 9 1 1 15 7 25 13 24 16 3 9 9 29 24 18 8 28 30 25 10 2 4 6 11 14 13 14 22 21 9 14 3 18 7 5 12 16 29 23 12 6 25 22 23 29 1 21 1 25 8 12 5 1 12 29 4 30 11 5 24 4 12 5 25 3 1 2 25 10 26 13 3 11 17 28 27 22 13 29 23 8 19 7 23 19 26 5 9 6 13 12 11 19 8 12 5 13 26 19 1 6 21 13 2 16 20 21 25 4 7 7 27 24 3 24 4 24 26 25 20 24 15 3 8 17 2 14 10 6 20 28 8 7 17 17 27 11 2 2 22 24 5 17 24 2 17 22 9 7 8 28 6 5 21 19 29 6 23 22 21 5 6 27 8 23 17 2 20 23 12 2 5 3 14 23 24 20 5 5 4 28 25 16 25 5 18 27 29 29 16 23 12 24 23 1 21 24 28 15 4 29 29 10 20 9 22 27 5 27 1 27 2 30 30 8 9 16 30 9 28 24 9 3 27 9 26 6 17 8 16 12 30 21 30 22 3 2 4 6 1 9 12 29 18 29 7 26 13 10 8 6 9 2 10 30 20 23 23 17 9 21 20 27 16 3 6 5 8 18 20 8 18 26 11 5 10 13 4 23 18 28 24 24 5 13 29 3 18 10 8 17 26 21 13 11 1 20 3 17 7 13 25 15 27 19 30 17 5 23 11 5 20 20 1 9 29 3 25 17 3 28 29 6 5 5 3 14 7 6 26 6 16 11 8 23 25 26 1 5 26 11 13 21 24 27 1 16 10 8 4 30 28 22 19 11 1 30 21 14 2 5 9 22 30 29 2 1 19 6 17 16 15 14 1 15 19 9 9 19 30 21 28 13 27 9 27 18 24 17 20 6 27 25 13 5 12 23 24 22 3 26 11 10 12 29 30 19 4 16 25 10 4 23 25 18 26 5 11 15 12 11 20 28 16 26 18 2 27 9 25 21 2 2 18 25 4 24 4 8 1 21 18 17 9 10 17 16 25 15 22 8 14 19 27 3 21 25 27 27 21 27 28 29 17 13 11 4 2 4 28 6 28 22 13 26 2 13 5 18 25 11 19 19 18 26 6 11 5 13 10 4 25 8 15 11 5 6 26 15 8 12 21 24 20 6 14 21 9 12 19 1 16 8 1 6 18 10 18 24 8 25 17 20 23 16 21 19 19 23 11 24 19 10 7 17 10 28 15 6 14 29 22 18 30 1 21 22 8 18 15 6 10 27 28 17 21 29 7 6 15 17 7 6 18 18 1 29 17 24 28 21 21 13 15 8 18 22 21 11 26 5 9 10 30 10 13 9 20 12 18 2
13 2 21 23 11 5 17 24 25 5 3 8 1 25 14 15 26 2 9 19 13 12 8 29 17 2 14 20 1 19 24 19 23 1 1 24 4 9 24 23 2 23 3 29 6 29 18 7 20 15 27 3 29 28 2 25 17 3 25 7 25 16 22 2 13 12 2 4 17 19 25 28 13 8 20 2 24 20 5 10 22 24 17 3 21 22 8 24 5 21 17 13 30 25 24 25 7 16 21 12 23 22 8 5 7 16 7 12 20 25 18 16 17 17 26 6 7 10 17 12 14 26 17 27 27 24 13 5 11 27 1 17 29 27 4 6 12 1 8 14 12 5 5 3 28 27 24 17 30 15 10 17 3 5 17 4 16 21 26 20 22 17 9 3 2 17 6 20 1 11 30 9 23 6 29 10 14 8 11 13 26 15 2 22 14 26 7 9 21 15 11 29 24 6 5 16 13 19 27 21 17 6 28 24 27 3 26 1 25 9 28 29 4 5 10 6 27 25 27 5 15 16 8 9 17 1 11 20 20 19 4 18 14 23 5 18 7 23 6 28 23 1 6 29 12 3 22 14 26 1 20 1 23 30 7 21 14 21 23 16 20 1 9 5 11 15 14 1 4 4 13 11 16 5 27 5 10 16 8 28 29 27 13 5 8 3 12 17 5 25 18 4 1 5 29 28 30 26 6 19 5 15 25 6 25 5 13 28 4 2 23 13 5 30 5 23 18 15 8 19 2 14 15 25 5 18 15 20 16 11 21 1 29 8 18 2 1 14 24 5 21 17 13 23 20 18 5 30 2 16 7 24 2 16 5 18 6 20 21 11 4 17 24 22 9 4 22 30 12 19 3 6 1 9 5 27 8 12 29 16 5 5 22 15 10 22 6 11 25 27 16 29 20 15 27 25 6 8 6 5 17 13 4 4 25 13 22 4 9 6 19 22 4 20 2 18 13 19 30 3 7 24 19 6 19 8 24 26 15 30 24 6 10 16 6 29 22 26 27 21 5 8 30 9 23 15 14 26 23 28 19 8 6 20 5 29 25 15 23 7 26 19 24 28 3 25 9 18 5 2 16 9 28 6 23 4 11 17 11 24 1 28 1 19 21 8 6 24 10 4 9 1 28 21 19 4 12 12 23 17 13 10 13 27 24 23 16 29 24 25 2 6 11 1 12 22 11 13 8 17 22 22 25 23 13 20 30 4 2 25 23 15 17 1 17 28 15 3 11 10 17 29 12 5 22 25 5 30 24 24 23 2 1 24 6 6 23 29 10 17 16 3 12 1 21 18 29 14 22 24 6 27 24 23 9 26 23 10 15 9 21 26 29 1 29 28 5 23 22 2 18 18 5 22 19 11 19 4 10 21 19 7 27 10 22 14 28 29 5 30 23 2 19 28 7 25 20 12 10 12 18 27 25 16 26 10 17 3 6 25 30 15 16 1 7 9 30 10 28 11 17 2 21 15 27 2 17 16 25 16 17 27 28 28 24 23 14 6 21 10 12 12 10 19 9 24 24 4 14 28 12 17 25 2 4 12 4 27 6 2 20 20 4 13 3 6 23 12 9 17 12 13 11 24 5 26 5 8 14 22 13 3 13 7 15 6 22 30 30 26 11 7 16 8 21 27 5 5 19 14 10 20 1 11 29 5 28 14 21 28 29 23 21 2 19 17 26 18 10 30 29 2 4 21 29 16 24 7 4 2 22 27 7 18 27 30 27 6 23 18 23 24 20 11 21 3 9 25 6 28 4 17 26 2 29 15 10 22 15 5 6 22 6 23 20 26 1 9 23 18 16 3 18 25 19 5 4 6 15 5 20 1 17 27 13 17 15 7 11 8 25 10 12 18 21 16 30 3 20 9 2 20 28 19 29 5 14 5 4 7 25 1 8 11 17 25 25 4 27 6 3 10 7 24 14 9 7 15 5 16 12 2 17 7 20 18 25 4 8 18 23 1 16 23 13 5 20 12 29 22 23 7 26 10 12 26 17 8 24 6 27 12 25 12 13 25 28 8 17 7 3 1 7 11 24 28 13 28 9 20 11 30 6 14 16 10 21 11 19 8 2 26 15 9 25 11 9 19 5 5 6 5 24 14 5 13 9 26 20 22 18 18 9 25 18 17 10 16 6 22 15 6 17 24 7 13 1 4 25 28 28 25 9 10 23 13 23 10 7 20 21 22 5 24 26 26 28 14 20 13 25 15 12 27 18 11 18 29 9 23 17 12 30 13 17 28 20 6 22 19 24 11 10 7 13 6 17 6 18 27
6 16 15
954 463 937 860 759 577 504 358 343 274 426 219 185 821 176
1 9 5
287 2 415 610 655
1 15 8
805 574 908 829 897 378 936 289
1 17 5
967 46 147 718 444
3 13 21
998 188 796 213 756 978 714 984 117 239 253 852 153 321 434 847 819 28 142 736 318
6 17 14
619 709 21 688 792 332 730 766 795 680 855 369 231 845
2 8 8
168 670 187 83 861 788 776 292
2 19 15
492 733 950 402 350 917 301 566 752 111 114 370 232 79 462
1 20 8
557 422 457 93 862 780 952 121
1 12 7
681 406 30 331 525 713 839
2 20 11
19 130 294 284 510 696 715 445 32 166 664
0 19 3
125 11 877
6 14 18
626 728 951 105 813 518 346 980 146 395 141 705 181 588 522 178 50 119
2 16 23
594 909 453 656 672 710 224 66 300 278 661 171 262 995 972 447 895 3 922 859 550 169 561
0 19 15
571 352 470 999 38 770 35 116 956 244 135 748 789 910 538
2 16 22
394 503 198 994 537 489 107 78 381 858 747 669 81 335 189 750 137 969 989 763 938 365
1 17 11
990 711 386 73 399 575 631 217 498 401 175
2 4 18
751 416 900 884 509 934 822 337 912 379 767 785 787 965 601 474 764 202
1 18 7
397 430 671 256 128 464 716
0 2 11
136 500 782 768 1 649 97 702 874 924 490
0 9 6
363 835 559 603 955 907
0 4 3
70 170 540
8 19 19
609 585 797 888 830 441 282 200 64 726 118 143 556 44 697 90 283 250 553
2 2 15
419 943 340 542 548 151 404 779 108 233 285 868 617 806 280
0 1 3
303 31 693
0 4 4
165 899 757 753
8 5 22
34 625 380 465 653 552 618 841 942 389 127 744 554 320 330 4 18 156 545 885 932 311
0 5 4
865 211 354 817
0 11 5
326 454 48 307 263
0 14 12
944 268 778 911 435 493 621 807 9 576 276 174
11 13 22
535 258 167 809 774 398 531 598 592 694 215 227 650 279 218 925 505 637 37 297 616 367
0 19 6
818 689 849 527 844 517
1 13 13
595 225 798 499 375 186 657 791 872 154 85 261 195
0 17 2
612 277
0 19 4
328 338 129 551
0 10 2
901 620
3 15 15
919 644 524 838 987 977 593 157 17 826 412 743 957 939 467
1 20 10
695 985 179 477 834 960 569 663 790 496
4 22 1
0
2 18 2
5 468
4 22 2
6 772
4 35 2
7 824
1 35 3
8 615 734
11 34 1
10
10 19 2
12 58
6 35 1
13
10 21 3
14 36 476
9 6 2
15 384
3 35 1
16
5 33 3
20 229 881
1 17 1
22
9 17 1
23
4 18 1
24
3 14 2
25 565
3 23 1
26
6 27 4
27 532 534 973
6 31 2
29 47
7 25 1
33
3 9 2
39 291
4 23 2
40 190
6 35 3
41 124 864
1 16 1
42
3 18 1
43
3 13 2
45 926
1 21 3
49 486 723
9 30 2
51 349
19 30 3
52 420 698
1 19 4
53 160 466 677
1 19 2
54 638
6 35 3
55 579 873
2 27 2
56 801
5 34 2
57 362
2 29 1
59
6 35 2
60 345
1 25 1
61
1 18 2
62 903
4 33 2
63 302
4 22 1
65
8 30 1
67
1 40 2
68 75
1 39 1
69
3 34 1
71
6 19 3
72 529 646
3 28 4
74 271 627 964
26 29 3
76 255 683
13 29 2
77 876
4 17 2
80 512
1 32 1
82
4 39 1
84
3 30 1
86
2 6 3
87 455 870
3 39 1
88
7 29 2
89 201
1 36 2
91 272
1 29 2
92 440
9 28 1
94
3 32 2
95 417
9 15 1
96
6 17 1
98
21 33 2
99 931
2 21 2
100 596
3 23 4
101 443 651 660
4 30 2
102 823
6 31 3
103 773 846
1 25 1
104
10 26 1
106
9 20 2
109 962
6 35 1
110
1 22 1
112
4 24 1
113
7 29 1
115
6 32 2
120 418
1 34 2
122 220
1 23 1
123
4 25 1
126
2 16 5
131 286 438 533 735
2 21 2
132 582
9 33 2
133 933
4 30 1
134
8 21 2
138 800
7 29 2
139 508
11 39 1
140
1 24 1
144
3 35 2
145 372
1 30 1
148
1 21 1
149
3 30 1
150
3 16 1
152
5 33 3
155 264 458
3 35 3
158 257 507
6 33 2
159 391
4 25 1
161
2 18 2
162 882
1 20 2
163 667
5 32 2
164 461
4 26 3
172 203 918
3 27 2
173 913
3 27 2
177 889
5 37 5
180 248 267 590 769
2 21 1
182
3 39 3
183 357 514
8 32 2
184 703
9 29 2
191 237
9 21 1
192
3 15 1
193
1 26 1
194
6 40 1
196
3 23 1
197
7 34 1
199
3 26 2
204 235
9 20 2
205 738
6 31 2
206 676
2 13 1
207
3 23 1
208
6 29 1
209
1 22 1
210
1 32 1
212
6 31 1
214
1 24 1
216
3 19 1
221
6 24 1
222
2 17 2
223 991
1 35 1
226
7 13 1
228
3 13 1
230
7 17 1
234
7 28 1
236
3 26 3
238 725 802
6 37 1
240
19 33 3
241 563 639
1 24 2
242 497
2 3 2
243 740
6 36 2
245 814
1 8 1
246
20 21 2
247 423
10 13 3
249 296 652
9 35 1
251
4 33 1
252
3 12 1
254
2 19 1
259
3 34 2
260 567
3 36 2
265 851
9 21 2
266 742
4 28 2
269 439
11 38 2
270 701
2 18 3
273 760 857
8 32 4
275 339 762 921
1 39 2
281 775
3 19 1
288
6 36 2
290 409
7 11 2
293 309
1 14 1
295
9 34 2
298 299
2 33 2
304 737
1 24 1
305
1 17 1
306
6 39 2
308 607
2 33 2
310 442
9 33 1
312
3 38 2
313 605
1 28 1
314
6 22 1
315
1 36 1
316
3 27 2
317 411
1 9 1
319
4 27 2
322 536
11 36 1
323
19 24 1
324
4 30 2
325 491
3 35 1
327
1 6 2
329 875
6 21 1
333
21 30 2
334 640
3 30 1
336
10 9 1
341
9 30 2
342 811
7 30 1
344
4 29 1
347
3 24 1
348
1 33 1
351
8 31 1
353
1 24 2
355 624
2 30 1
356
9 24 2
359 523
1 24 1
360
11 31 1
361
7 28 1
364
3 27 2
366 584
6 36 1
368
3 16 3
371 629 731
4 18 1
373
3 37 2
374 891
5 34 1
376
3 17 1
377
3 17 1
382
11 35 3
383 414 682
4 33 4
385 679 833 850
2 26 2
387 832
4 28 1
388
4 26 1
390
3 32 2
392 761
3 23 1
393
1 33 1
396
2 34 1
400
2 32 1
403
9 26 1
405
1 34 1
407
10 17 2
408 825
7 32 2
410 662
2 34 2
413 478
9 19 1
421
7 22 2
424 494
9 29 2
425 894
8 34 2
427 904
1 31 1
428
3 25 2
429 981
6 23 1
431
3 38 1
432
3 21 2
433 754
19 27 1
436
7 14 1
437
1 32 1
446
4 14 1
448
6 35 1
449
1 23 1
450
6 25 1
451
2 18 1
452
3 39 1
456
3 20 2
459 516
3 9 1
460
1 31 1
469
7 35 1
471
3 20 1
472
6 28 2
473 479
2 19 2
475 928
1 25 2
480 940
3 36 1
481
1 30 1
482
2 15 1
483
1 36 1
484
3 30 2
485 979
3 27 1
487
8 29 2
488 982
6 28 1
495
9 29 1
501
9 18 3
502 608 746
3 16 2
506 686
3 28 1
511
8 33 1
513
1 33 3
515 732 892
2 23 1
519
3 23 1
520
3 24 1
521
3 19 1
526
2 31 1
528
4 17 1
530
3 15 1
539
3 16 2
541 840
5 33 1
543
7 21 2
544 966
4 37 1
546
6 38 1
547
3 23 2
549 777
4 38 1
555
19 19 1
558
3 33 1
560
1 13 1
562
11 37 1
564
2 28 1
568
3 31 3
570 729 836
6 40 1
572
1 25 1
573
3 24 1
578
13 31 1
580
4 11 1
581
7 31 1
583
1 34 1
586
10 21 1
587
6 30 1
589
1 23 1
591
3 27 1
597
3 29 2
599 706
6 32 2
600 648
3 39 1
602
2 25 1
604
3 32 3
606 675 947
1 31 1
611
9 36 1
613
3 37 1
614
1 18 1
622
6 20 2
623 820
13 28 1
628
11 34 2
630 866
4 22 1
632
9 16 2
633 878
1 15 1
634
3 24 2
635 983
8 29 2
636 692
4 35 1
641
6 34 1
642
3 32 1
643
3 32 1
645
7 27 2
647 724
3 23 2
654 699
1 20 2
658 996
1 27 2
659 816
3 30 2
665 674
7 16 1
666
2 34 1
668
3 20 1
673
2 30 1
678
1 30 1
684
3 8 1
685
4 32 1
687
3 28 1
690
2 30 1
691
10 22 1
700
4 39 1
704
9 18 1
707
2 27 2
708 976
1 28 1
712
1 35 1
717
4 39 1
719
3 21 1
720
3 27 2
721 923
3 23 1
722
1 29 1
727
5 36 1
739
9 32 1
741
1 24 1
745
3 17 1
749
3 36 1
755
5 29 2
758 988
3 37 1
765
1 37 1
771
3 24 1
781
11 33 2
783 867
1 18 1
784
3 29 1
786
8 18 1
793
7 33 1
794
19 31 1
799
7 27 1
803
8 20 2
804 879
4 29 2
808 848
6 36 1
810
13 32 1
812
9 31 1
815
3 38 1
827
5 30 1
828
3 24 1
831
3 31 1
837
3 14 2
842 993
1 37 2
843 963
3 5 1
853
3 20 1
854
4 32 1
856
3 21 1
863
1 30 1
869
1 38 1
871
6 35 1
880
3 36 1
883
9 32 1
886
4 15 1
887
10 20 1
890
1 24 1
893
3 20 1
896
3 28 1
898
7 33 1
902
2 20 1
905
3 35 1
906
3 38 1
914
9 17 1
915
5 21 2
916 946
1 33 1
920
7 19 1
927
7 23 1
929
1 9 1
930
6 28 1
935
3 22 1
941
9 10 1
945
3 17 1
948
6 25 1
949
1 34 1
953
3 35 1
958
7 24 2
959 968
3 15 1
961
7 25 1
970
3 38 1
971
6 36 1
974
6 24 1
975
3 38 1
986
1 36 1
992
4 28 1
997
