800 359 1240 53
19 19 12 5 14 5 11 15 30 30 22 25 24 1 6 19 24 19 25 6 28 24 20 3 2 28 6 6 2 30 17 9 15 28 24 5 15 18 8 24 4 26 6 10 20 24 29 5 18 28 25 7 19 9 20 18 24 27 13 8 24 18 20 4 24 7 3 7 23 11 9 14 3 16 10 19 19 27 17 3 29 21 19 16 19 12 7 6 3 25 3 9 27 11 11 11 29 21 15 11 6 13 3 21 24 12 26 18 27 6 11 6 3 25 18 18 14 22 15 23 7 11 13 30 13 1 5 9 27 20 21 28 21 3 25 22 14 4 8 17 15 2 28 28 6 6 6 24 22 8 8 22 21 17 20 19 5 4 15 3 27 27 24 30 13 6 6 4 13 28 6 28 16 2 1 16 27 2 15 27 3 28 19 19 8 22 19 1 20 4 30 20 9 17 5 23 14 30 12 19 13 3 5 4 2 22 21 21 24 16 7 18 29 16 22 21 28 12 11 23 6 9 17 8 27 26 1 10 14 20 16 29 6 10 8 23 18 26 1 13 13 12 25 9 7 26 22 10 5 29 25 21 3 24 17 12 11 1 13 15 29 26 13 21 24 5 18 6 25 16 13 21 14 23 4 24 21 17 14 6 10 22 9 2 26 7 4 18 13 14 12 28 25 19 11 23 11 13 13 4 4 23 25 19 5 18 27 29 28 30 16 24 28 12 8 10 10 29 14 24 8 8 16 18 25 19 11 18 12 10 16 16 16 30 23 12 27 30 28 15 16 24 8 2 17 26 1 13 8 16 17 20 4 9 19 25 29 4 20 9 23 30 22 23 9 7 13 5 22 7 26 6 11 12 5 11 30 2 1 3 16 10 12 20 30 10 15 12 27 26 20 3 22 16 20 3 4 23 17 20 9 13 16 19 4 5 18 6 10 13 11 5 17 9 14 29 28 25 21 5 16 2 21 4 27 7 26 24 1 24 18 1 22 10 28 12 18 4 21 16 1 14 8 6 25 1 25 20 19 21 22 15 14 2 24 23 26 15 2 7 2 17 19 12 17 2 20 21 26 16 12 12 12 16 23 3 10 10 25 29 10 3 6 9 30 27 9 17 24 17 8 8 7 11 26 19 24 6 22 22 11 27 17 1 15 29 18 11 16 25 21 27 24 6 28 10 11 20 11 16 2 19 5 15 29 2 7 9 23 21 12 13 6 30 9 5 21 17 20 16 8 8 28 23 2 20 19 26 30 5 7 14 5 26 29 21 27 27 13 1 4 8 18 12 26 23 21 1 12 12 23 10 14 30 29 6 7 14 11 24 29 30 21 18 20 13 12 13 1 22 13 5 23 1 13 4 19 23 12 7 16 3 23 25 18 15 15 21 10 3 18 18 17 4 16 3 9 6 5 11 21 25 27 25 18 12 2 10 2 2 13 17 23 18 2 3 5 30 19 25 17 8 18 9 23 3 4 1 1 7 19 20 29 13 11 3 6 21 23 19 6 19 21 19 28 9 15 15 30 10 22 18 13 13 7 13 28 3 7 5 22 12 20 1 21 29 19 20 10 20 13 4 5 14 20 12 20 18 16 28 28 22 28 1 26 28 6 10 3 29 22 19 5 15 2 28 1 2 9 27 14 20 3 13 4 13 6 16 6 3 16 24 26 21 18 7 5 13 16 30 27 23 27 16 24 22 12 12 29 22 30 6 1 2 19 13 15 27 25 21 16 10 25 1 22 21 3 5 29 23 4 27 24 25 9 9 23 4 6 25 29 6 23 16 9 25 17 3 30 21 8 9 26 21 19 18 3 4 19 11
3 7 24 18 12 19 30 19 3 20 26 17 25 22 9 25 9 28 14 25 29 2 2 14 17 3 13 14 8 19 22 23 27 25 27 15 5 3 18 4 11 19 22 13 6 26 26 16 2 10 1 24 8 15 28 23 16 25 13 1 18 7 3 15 18 18 21 18 1 28 22 4 18 13 24 15 19 3 15 12 26 16 8 12 8 13 25 27 22 24 22 30 23 6 7 14 9 28 22 28 29 28 26 21 6 29 29 15 24 29 10 15 14 27 22 27 20 17 28 23 17 30 2 9 17 24 13 21 16 15 29 14 10 9 1 1 27 15 17 6 23 4 4 28 18 22 8 27 7 27 27 29 9 11 26 27 28 21 20 29 9 30 28 26 15 3 9 1 8 15 27 10 4 24 17 10 22 15 10 19 14 23 8 19 16 11 3 23 14 29 2 27 22 22 16 5 3 26 5 18 22 30 26 2 25 23 13 12 7 1 7 25 20 13 22 8 1 5 15 29 14 17 3 5 22 11 9 23 13 8 30 15 17 26 5 25 23 1 22 24 16 14 2 6 11 16 8 21 9 20 19 5 11 20 26 3 20 21 23 15 14 3 27 26 4 6 13 9 5 28 25 26 3 15 11 11 25 27 19 16 21 27 30 21 26 26 15 15 8 29 25 6 20 14 24 19 7 29 8 12 19 17 30 28 26 18 4 14 30 9 24 24 10 25 13 4 13 10 1 8 26 8 28 5 4 8 6 10 12 12 30 5 20 10 17 11 29 1 25 2 9 16 3 22 20 4 13 13 1 29 21 4 23 15 7 14 18 28 15 19 14 28 20 26 2 23 10 27 11 24 23 22 8 24 18 23 13 19 2 2 11 17 30 26 30 11 18 25 1 8 17 22 12 2 3 26 14 6 17 26 7 17 12 15 13 8 1 7 14 18 9 11 27 15 6 17 28 9 5 9 23 11 12 21 23 17 1 20 26 27 13 7 29 3 3 11 15 20 22 26 18 10 16 15 4 16 28 26 29 5 27 16 21 13 19 25 15 12 17 9 2 21 19 21 16 15 1 6 30 17 1 25 4 24 27 10 30 6 10 17 12 29 11 24 23 16 25 4 5 6 5 24 6 6 23 25 25 8 6 8 4 25 3 29 3 9 13 16 18 6 25 19 23 22 13 3 30 7 9 10 7 26 9 25 17 20 19 5 13 25 3 21 23 24 24 8 17 2 3 27 4 24 14 24 10 23 8 16 12 14 24 18 8 3 11 20 23 17 9 1 16 23 12 13 3 28 14 29 2 26 22 30 26 1 30 1 28 7 4 7 19 19 5 16 6 3 29 30 12 10 9 23 16 5 14 18 8 18 27 24 2 14 4 10 22 8 15 4 22 9 9 6 15 2 8 11 9 2 13 9 23 20 8 26 9 30 21 22 2 30 7 21 3 18 18 29 28 27 8 12 29 15 17 17 13 19 17 1 16 18 16 23 8 24 28 13 15 14 4 16 6 1 1 20 26 5 27 10 12 14 28 28 1 21 8 9 17 24 29 7 14 13 17 22 23 3 7 13 25 25 11 9 30 21 2 25 2 27 2 21 14 6 15 27 21 11 16 9 25 26 5 18 28 20 20 22 22 8 6 26 23 1 7 30 27 23 12 20 9 12 27 17 23 9 13 21 3 9 11 19 6 14 10 12 14 20 3 21 12 17 17 16 23 17 22 6 25 6 12 4 25 6 30 16 24 8 2 28 16 25 27 7 22 4 4 27 13 1 11 24 25 15 15 4 13 1 1 8 14 1 19 8 22 15 4 15 11 13 8 27
0 18 12
533 667 310 423 483 302 482 795 181 20 230 101
4 8 10
326 316 373 454 133 708 682 402 663 165
5 8 18
267 86 188 700 730 450 461 180 37 662 593 602 179 229 439 574 168 5
2 5 6
212 598 268 307 545 28
0 4 4
224 695 166 122
1 15 7
566 745 670 626 522 10 685
0 5 5
405 125 15 219 206
2 7 8
674 418 81 735 44 731 741 766
0 4 5
611 371 391 387 732
6 14 16
540 295 643 642 93 151 792 240 252 575 36 597 218 769 771 162
1 4 8
270 743 497 513 676 393 134 236
1 14 10
601 527 565 103 238 98 639 485 247 525
0 11 5
590 537 169 11 164
2 7 7
127 520 516 167 624 491 416
3 18 13
67 594 774 132 185 518 92 430 736 648 467 83 359
2 13 12
531 645 156 716 511 793 51 306 398 726 605 320
0 7 2
61 683
2 4 13
13 505 124 129 742 451 466 116 277 729 59 160 680
1 5 7
427 136 481 112 260 57 517
5 4 13
689 767 785 468 651 509 399 536 87 279 479 653 587
0 20 1
72
0 17 4
121 628 141 501
0 20 2
32 787
3 6 13
530 684 768 751 704 722 608 543 693 401 484 378 291
0 12 7
349 108 308 256 259 377 707
2 13 13
94 85 142 79 560 96 629 417 284 119 153 344 506
0 3 2
19 282
0 4 5
474 286 235 123 161
0 1 15
702 313 346 441 248 106 363 723 254 764 524 193 38 757 322
1 3 6
114 56 385 583 705 647
3 19 13
687 721 426 654 323 728 243 356 80 82 186 345 27
0 20 1
714
4 9 10
341 396 276 395 187 355 652 55 599 115
1 13 12
582 592 658 46 203 74 539 62 312 135 534 246
0 19 5
271 262 311 780 521
1 38 2
0 617
1 6 1
1
5 17 1
2
3 16 2
3 411
2 31 2
4 526
15 15 2
6 798
7 23 2
7 703
6 11 2
8 342
3 11 2
9 305
2 23 3
12 337 612
4 18 2
14 619
1 17 2
16 334
6 11 1
17
3 12 2
18 102
2 23 4
21 24 177 233
1 27 1
22
6 7 2
23 432
2 32 2
25 50
7 19 2
26 761
2 25 1
29
4 13 1
30
9 22 2
31 688
3 25 1
33
1 15 1
34
7 33 2
35 478
8 21 4
39 407 554 765
2 27 2
40 139
1 8 2
41 71
7 21 1
42
12 16 1
43
1 21 1
45
13 24 3
47 327 353
8 18 1
48
9 18 2
49 249
5 28 5
52 174 195 294 503
2 37 1
53
3 20 4
54 104 299 558
1 27 1
58
15 22 1
60
2 15 1
63
2 23 1
64
3 8 1
65
1 16 2
66 571
4 10 2
68 397
2 38 2
69 570
2 30 1
70
5 9 2
73 498
15 33 2
75 589
1 8 2
76 776
7 24 2
77 762
2 26 1
78
1 26 3
84 281 749
2 16 1
88
12 8 2
89 553
9 8 3
90 561 789
1 33 1
91
2 18 4
95 138 207 737
2 23 3
97 278 532
1 5 2
99 202
12 23 3
100 213 333
6 14 2
105 669
11 12 1
107
1 39 1
109
3 22 1
110
1 8 3
111 225 448
6 10 1
113
1 34 1
117
2 32 1
118
2 29 1
120
1 21 1
126
7 19 2
128 388
2 18 2
130 679
6 17 2
131 715
13 14 1
137
3 31 3
140 607 673
2 14 2
143 226
1 19 1
144
2 21 1
145
2 22 3
146 579 755
7 27 3
147 289 720
1 28 2
148 610
1 9 2
149 272
1 17 2
150 782
1 21 1
152
1 25 1
154
13 25 1
155
6 16 1
157
2 28 2
158 335
1 39 2
159 502
2 22 1
163
1 19 2
170 428
1 5 2
171 275
1 31 2
172 750
6 18 1
173
1 25 1
175
1 24 1
176
13 26 1
178
9 10 3
182 223 376
3 7 2
183 712
3 16 2
184 636
8 17 2
189 475
2 32 2
190 668
2 27 2
191 357
13 27 2
192 551
11 9 3
194 681 758
2 22 2
196 760
3 11 2
197 443
3 8 1
198
6 26 2
199 379
12 26 1
200
7 28 1
201
3 17 1
204
13 25 3
205 740 791
1 9 1
208
1 12 4
209 328 528 724
1 5 3
210 241 739
2 17 1
211
7 32 1
214
9 23 4
215 301 381 661
6 20 2
216 596
3 16 2
217 440
17 13 3
220 444 677
2 19 1
221
12 11 2
222 458
15 23 2
227 265
2 22 1
228
1 16 1
231
7 23 1
232
6 9 2
234 623
5 18 3
237 493 567
1 18 2
239 606
11 19 2
242 622
1 13 1
244
2 19 1
245
5 21 1
250
9 11 3
251 495 756
1 7 2
253 489
12 12 2
255 293
13 15 2
257 576
7 18 4
258 351 453 772
8 20 1
261
2 15 1
263
3 10 3
264 331 694
15 26 1
266
3 17 3
269 390 400
4 20 2
273 538
1 35 1
274
2 19 1
280
15 15 1
283
13 22 2
285 403
1 18 3
287 433 559
8 20 3
288 725 797
1 9 2
290 487
7 27 2
292 794
4 18 1
296
2 18 1
297
6 11 1
298
7 18 2
300 514
5 9 2
303 476
1 5 2
304 352
1 7 1
309
12 22 1
314
7 28 1
315
8 17 1
317
8 21 2
318 783
12 10 2
319 336
1 26 1
321
1 33 2
324 332
1 26 2
325 614
8 17 1
329
1 8 1
330
2 26 1
338
2 30 2
339 438
5 31 1
340
2 33 2
343 512
1 33 2
347 496
3 17 1
348
13 13 1
350
4 13 1
354
3 19 1
358
2 26 1
360
2 29 1
361
7 28 1
362
1 12 1
364
5 17 1
365
5 20 2
366 627
1 30 1
367
5 22 1
368
1 28 1
369
1 18 2
370 459
9 11 2
372 392
1 24 1
374
8 26 3
375 435 656
5 21 1
380
2 22 1
382
6 16 1
383
1 39 1
384
1 6 1
386
3 17 1
389
1 9 1
394
6 14 1
404
3 30 2
406 470
7 20 4
408 456 552 753
4 8 1
409
1 21 1
410
3 26 2
412 666
8 21 1
413
2 29 2
414 431
3 18 1
415
3 7 1
419
6 16 2
420 550
5 26 1
421
2 30 1
422
3 19 2
424 548
12 15 2
425 748
7 22 1
429
3 17 1
434
3 23 3
436 564 710
3 26 1
437
2 24 1
442
3 13 1
445
1 16 2
446 799
1 23 1
447
1 33 1
449
1 15 2
452 699
5 27 1
455
2 25 3
457 499 633
1 21 3
460 630 650
2 24 1
462
2 25 1
463
2 24 2
464 634
2 31 2
465 675
11 13 1
469
1 24 1
471
8 32 1
472
1 24 1
473
1 33 2
477 752
2 24 1
480
5 11 1
486
5 20 1
488
1 22 3
490 492 621
2 31 1
494
3 20 2
500 781
1 8 1
504
1 14 1
507
1 8 2
508 547
5 26 1
510
1 6 1
515
8 17 2
519 618
1 12 1
523
1 10 3
529 542 784
6 22 2
535 691
7 29 1
541
1 34 2
544 779
12 25 3
546 698 773
2 27 1
549
5 18 1
555
13 26 1
556
1 11 1
557
1 29 1
562
2 22 2
563 603
1 28 1
568
1 18 1
569
2 14 2
572 770
5 12 1
573
1 27 1
577
3 9 2
578 713
15 12 2
580 641
2 24 2
581 660
1 34 1
584
12 11 2
585 613
3 19 1
586
8 18 1
588
2 16 1
591
4 9 1
595
1 24 2
600 759
12 13 1
604
2 23 1
609
11 23 1
615
1 8 1
616
1 14 1
620
2 17 1
625
1 7 1
631
12 12 1
632
3 9 1
635
2 29 1
637
2 24 1
638
5 16 1
640
3 23 1
644
7 19 1
646
1 31 2
649 659
1 31 1
655
4 10 2
657 690
8 31 1
664
4 24 1
665
1 25 1
671
2 25 1
672
1 11 1
678
7 22 1
686
1 35 1
692
2 36 2
696 706
3 22 1
697
8 19 1
701
3 16 1
709
5 20 1
711
2 26 1
717
7 20 1
718
1 28 1
719
1 38 1
727
1 25 1
733
7 22 1
734
1 15 1
738
1 23 1
744
6 15 1
746
7 21 1
747
1 7 1
754
6 13 1
763
2 32 1
775
15 22 1
777
6 7 1
778
4 18 1
786
1 11 1
788
2 24 1
790
2 16 1
796
