300 195 465 20
30 22 13 2 23 20 13 16 9 14 15 2 2 16 26 18 21 24 11 17 25 17 25 5 20 23 7 20 21 5 5 30 28 14 5 10 11 30 17 20 1 9 4 5 3 27 7 30 9 25 17 6 15 9 20 13 3 21 11 6 11 1 10 1 14 4 30 8 9 8 20 22 15 2 25 29 19 5 25 20 17 3 17 15 27 14 29 12 8 11 15 23 6 6 25 22 5 17 20 26 3 7 15 6 21 1 22 14 16 3 17 19 2 12 12 3 7 5 5 18 28 13 5 21 19 11 26 24 21 16 9 12 20 7 24 19 14 15 18 26 20 5 24 20 23 1 19 30 22 17 19 29 28 7 12 25 12 24 23 17 9 24 15 23 21 30 9 27 12 18 2 11 6 12 24 30 28 13 8 4 25 28 1 11 21 12 16 22 4 3 26 29 11 27 3 13 6 26 4 10 17 13 20 26 4 18 25 17 26 30 7 11 22 4 26 9 14 27 3 17 14 17 11 6 1 9 25 13 23 11 5 6 4 17 12 11 29 4 21 24 14 7 15 5 11 3 28 7 13 23 3 8 19 1 5 24 10 25 4 4 6 29 27 29 27 29 26 1 1 2 22 20 20 22 23 18 12 25 20 30 20 20 8 2 1 24 3 2 28 16 1 28 2 21 23 13 26 26 20 22
2 28 27 12 13 22 28 18 29 9 24 13 9 11 6 10 26 26 17 13 19 5 22 29 26 14 14 8 6 2 13 4 18 12 20 16 21 18 17 4 16 12 26 15 5 11 30 17 30 1 16 22 25 10 3 14 23 7 6 7 21 11 8 17 19 18 3 19 12 4 25 23 3 13 14 21 21 18 20 1 16 23 8 28 18 29 8 16 11 26 18 14 13 30 12 8 27 2 24 1 14 16 18 10 9 17 26 21 26 23 26 17 29 14 15 27 3 26 24 19 25 11 11 15 9 27 30 10 21 4 22 28 12 6 20 27 6 16 24 18 15 29 17 1 17 26 4 30 25 3 14 5 24 28 19 19 3 26 9 14 18 27 22 1 11 25 12 30 16 20 12 21 16 20 6 15 13 12 22 20 7 24 28 5 2 28 17 16 11 21 30 1 27 2 4 12 24 3 18 3 18 24 12 23 2 8 17 27 27 28 3 8 17 12 24 24 21 15 15 3 21 1 5 22 11 1 13 22 13 20 26 6 8 28 25 26 30 25 3 8 3 17 16 20 16 12 1 29 28 8 18 17 4 16 26 9 3 8 15 20 7 1 24 18 27 26 27 26 21 27 30 30 11 21 3 21 8 13 11 20 6 4 26 10 11 10 5 10 2 5 13 24 9 13 20 28 4 3 9 13
0 13 5
181 237 33 151 223
0 5 2
55 127
0 20 2
35 67
0 2 2
116 112
0 1 1
133
0 18 1
139
1 10 4
177 159 282 17
0 10 1
121
0 13 6
206 31 36 90 240 29
0 5 6
21 125 56 158 141 247
0 10 2
184 277
0 19 7
187 110 254 284 83 199 243
1 10 3
176 122 216
0 6 4
253 69 218 156
2 1 6
50 8 102 274 160 34
2 13 9
61 294 157 41 150 153 5 132 232
4 18 7
119 95 27 166 149 148 231
0 11 2
299 28
0 17 1
6
1 5 3
142 173 276
0 7 3
1 209 249
0 20 5
57 189 124 197 207
1 16 5
43 120 221 298 288
2 10 5
64 272 70 244 169
0 8 2
242 19
0 5 4
123 38 32 185
1 17 3
266 210 186
0 19 4
233 251 18 297
0 6 1
47
0 16 3
3 270 85
0 5 2
30 143
0 18 3
291 234 183
0 11 3
26 59 146
1 4 3
73 204 212
0 6 2
92 188
4 18 1
0
2 13 1
2
1 30 1
4
3 21 1
7
2 21 1
9
3 25 1
10
1 38 1
11
1 22 1
12
3 16 1
13
1 16 1
14
1 22 1
15
1 28 1
16
1 19 1
20
2 33 1
22
1 35 1
23
1 30 2
24 113
1 25 2
25 77
1 37 1
37
1 21 1
39
1 24 1
40
1 17 2
42 238
1 19 2
44 263
1 18 1
45
1 14 1
46
2 27 3
48 93 135
1 26 1
49
1 18 1
51
1 18 1
52
1 18 2
53 256
1 13 1
54
1 21 1
58
3 25 1
60
2 16 1
62
1 20 1
63
2 24 1
65
1 24 1
66
3 23 1
68
2 35 1
71
1 10 1
72
1 35 1
74
1 6 1
75
3 27 2
76 229
2 30 2
78 144
1 25 1
79
2 30 1
80
1 23 1
81
4 17 1
82
1 28 1
84
5 11 1
86
3 23 1
87
1 15 1
88
3 26 3
89 201 222
1 18 1
91
1 39 1
94
2 30 1
96
1 26 1
97
2 16 1
98
1 32 1
99
3 33 1
100
1 23 1
101
3 13 1
103
1 36 2
104 162
1 22 1
105
1 10 1
106
2 16 1
107
3 30 2
108 128
1 24 1
109
5 30 1
111
5 20 1
114
3 31 1
115
1 21 3
117 174 255
1 7 1
118
1 33 1
126
1 28 1
129
1 19 1
130
1 13 1
131
1 34 1
134
1 31 1
136
2 19 1
137
1 27 1
138
1 28 1
140
1 20 1
145
1 20 1
147
1 28 1
152
1 16 1
154
1 22 1
155
1 20 1
161
1 21 1
163
1 6 1
164
1 30 1
165
2 21 1
167
3 23 1
168
1 18 1
170
1 35 2
171 257
4 17 1
172
1 15 1
175
1 23 2
178 245
2 7 1
179
1 7 1
180
2 23 1
182
5 14 1
190
3 28 1
191
2 26 1
192
1 12 1
193
1 24 1
194
1 22 1
195
3 20 1
196
4 24 1
198
3 12 1
200
2 23 1
202
3 9 1
203
1 17 1
205
1 22 1
208
1 25 1
211
2 15 1
213
3 26 1
214
4 21 1
215
1 11 1
217
3 22 1
219
1 7 1
220
1 23 1
224
1 25 1
225
4 5 1
226
1 38 1
227
1 29 1
228
1 22 1
230
1 19 1
235
1 15 2
236 261
2 37 1
239
2 27 1
241
3 26 1
246
1 6 1
248
1 19 1
250
1 19 1
252
3 36 1
258
3 18 1
259
1 19 1
260
1 25 1
262
1 18 1
264
1 19 1
265
1 35 1
267
1 24 1
268
1 15 1
269
1 38 1
271
1 15 1
273
1 26 1
275
1 20 1
278
1 15 1
279
1 35 1
280
2 24 1
281
1 25 1
283
3 30 1
285
3 14 1
286
1 32 1
287
1 26 1
289
1 38 1
290
2 28 1
292
5 27 1
293
1 16 1
295
1 6 1
296
