800 340 1240 53
10 26 17 4 9 3 20 10 11 4 28 21 24 23 10 5 13 24 4 6 25 20 14 23 23 21 13 24 3 24 3 29 2 9 20 23 2 19 3 10 29 30 21 3 11 29 28 8 10 3 7 28 1 30 30 9 30 18 17 21 19 6 13 17 2 19 25 13 29 9 4 19 6 9 13 25 5 19 24 9 13 12 21 22 9 14 4 12 9 14 6 11 3 12 5 7 20 18 21 17 13 5 20 1 15 6 24 16 9 18 12 8 3 20 6 27 10 23 1 7 10 6 30 19 11 26 25 7 20 7 27 16 22 13 3 21 17 25 22 25 29 24 1 21 4 27 28 5 21 23 18 16 22 8 16 20 30 18 24 20 8 16 17 12 29 20 25 23 28 2 1 3 20 4 15 7 7 18 7 1 18 4 7 22 20 22 11 24 28 4 5 18 4 23 26 16 3 7 17 20 23 4 20 5 15 12 9 2 9 19 13 1 3 11 4 7 16 28 24 12 21 6 18 22 10 20 10 3 21 8 12 28 9 24 28 20 28 21 3 9 26 3 27 17 29 26 30 8 14 15 18 29 19 10 30 26 26 5 17 25 18 28 14 11 30 27 20 19 15 24 23 25 19 2 9 11 24 14 21 8 19 3 4 13 24 14 3 25 22 12 22 13 3 11 24 13 10 9 10 28 18 30 17 15 17 28 29 20 6 13 27 25 18 15 23 17 10 14 4 19 22 11 13 1 2 12 10 3 14 21 28 15 9 24 13 25 15 10 4 12 15 29 28 27 22 22 18 16 5 18 23 5 11 14 29 29 11 14 6 23 28 22 27 9 8 18 29 24 25 30 12 20 6 15 26 22 1 23 9 22 25 24 7 11 12 1 24 25 10 9 3 3 23 9 30 26 12 25 2 29 15 23 26 1 4 25 14 6 7 26 10 18 9 4 15 8 24 18 12 15 7 9 6 12 28 2 29 2 2 20 5 20 2 6 28 5 25 15 27 27 1 13 22 4 1 25 13 8 26 3 27 21 7 18 13 21 23 22 12 4 7 7 10 28 25 24 30 2 26 15 3 3 25 7 13 17 16 29 12 27 10 18 24 2 29 22 18 18 20 11 26 13 9 2 29 8 12 25 1 7 12 28 9 5 22 11 9 6 26 25 28 24 10 3 23 19 15 13 13 15 24 23 11 5 10 7 12 26 26 23 19 25 2 22 1 17 19 29 11 20 25 28 24 22 2 11 12 5 15 30 30 23 20 24 22 29 15 9 20 12 4 21 27 1 4 28 30 17 15 6 20 3 14 15 20 6 27 22 13 24 11 9 26 12 7 6 21 10 7 14 6 30 2 26 28 10 10 26 17 18 5 18 13 11 8 23 22 15 13 21 19 23 4 18 5 25 11 23 27 16 13 5 30 15 28 16 5 1 25 8 17 21 7 17 4 16 1 10 4 22 13 4 12 15 24 15 19 23 23 21 12 28 23 12 21 8 27 20 22 15 28 28 19 5 2 25 20 30 26 13 14 5 5 26 18 14 30 29 24 20 12 25 7 26 14 22 26 5 30 7 24 13 29 14 7 1 19 15 15 16 8 3 9 21 3 7 4 15 26 22 17 21 7 16 18 28 9 2 22 22 11 17 21 11 8 12 1 29 1 10 5 19 27 8 24 27 23 15 14 1 16 10 27 23 27 1 18 30 27 3 1 23 24 8 22 29 17 29 24 7 17 29 30 25 8 22 1 6 14 4 11 17 23 23 11 13 5 2 24 21 19 3 17 23 14 6 28 9 24 19 20 17 24 29 9 28 25 24 1 28
19 12 2 22 26 11 7 30 11 13 28 1 16 7 24 18 15 8 19 7 24 26 14 17 9 8 16 16 15 22 8 14 16 25 18 11 29 5 25 7 11 16 11 7 25 10 25 28 23 26 18 11 23 9 4 17 20 21 18 21 27 3 5 12 8 22 8 16 11 17 1 14 18 19 6 12 25 2 17 22 15 2 11 26 26 3 23 12 21 10 6 9 5 2 6 29 4 28 5 23 30 30 14 11 30 3 26 28 16 27 2 29 8 8 9 13 4 21 12 11 19 2 28 10 6 2 8 3 21 13 25 2 16 17 22 19 30 4 3 18 21 27 26 29 28 18 17 16 10 6 13 20 12 22 3 26 16 24 28 13 11 23 28 3 20 4 22 11 26 5 30 29 15 16 8 7 24 28 27 6 13 14 11 29 2 4 8 9 22 5 9 23 15 24 29 29 7 19 14 28 30 17 10 17 27 10 16 12 22 20 12 8 16 11 24 7 30 3 7 24 7 2 12 10 15 11 6 13 3 3 20 13 30 6 9 18 1 9 12 19 10 19 7 28 19 1 7 8 27 21 15 7 16 2 19 3 3 12 17 4 11 11 26 16 25 16 14 22 9 19 10 10 4 11 17 6 23 6 3 26 24 18 14 20 26 30 2 16 16 29 22 16 21 24 15 24 1 22 5 19 4 7 11 9 22 5 13 2 19 5 6 12 17 7 14 3 28 22 12 24 23 7 23 7 30 26 20 2 16 8 30 2 16 20 27 8 27 12 12 8 2 8 24 18 20 10 11 11 10 13 5 19 9 11 26 9 9 1 20 15 25 6 12 12 25 24 7 17 24 27 21 20 10 8 30 2 23 14 24 6 29 14 18 10 30 22 20 17 5 30 16 25 24 17 19 14 24 15 23 15 22 4 6 17 14 26 10 11 13 9 2 16 4 5 21 30 1 11 29 29 17 25 28 6 30 25 1 29 27 11 29 17 18 2 1 29 15 26 9 3 10 2 11 24 9 13 5 10 17 15 1 7 8 24 18 12 27 1 23 9 9 12 8 27 5 8 6 4 15 30 15 26 4 26 1 20 27 25 22 24 23 17 19 10 23 25 15 17 2 2 10 24 18 6 14 18 17 24 27 15 14 25 6 13 19 13 9 2 27 19 13 3 29 11 3 18 29 21 24 13 8 27 10 20 28 29 7 16 1 13 19 29 25 23 11 29 10 26 11 21 21 11 18 14 10 16 1 13 5 16 13 27 27 26 3 9 14 4 15 21 2 21 9 4 30 19 14 9 20 25 17 4 4 23 22 23 27 8 26 11 27 13 13 7 21 7 25 14 20 8 2 24 22 3 23 22 21 7 11 16 4 7 5 12 30 12 22 2 15 28 3 16 13 2 19 6 3 22 18 12 25 19 21 2 9 24 20 6 30 4 17 24 19 29 2 4 13 4 22 30 4 25 26 9 8 28 5 22 9 2 6 21 23 27 25 9 5 21 17 23 19 20 30 14 2 26 2 8 19 5 6 11 22 19 5 26 30 24 23 15 9 23 21 24 7 29 27 5 9 27 15 20 18 28 23 15 1 8 6 7 3 5 7 9 27 27 14 4 22 11 9 15 4 14 12 25 20 28 1 6 24 7 11 13 22 6 26 23 23 19 25 24 28 25 10 9 1 18 9 12 15 15 7 10 22 26 19 28 25 14 16 18 7 18 9 27 26 30 11 22 24 24 13 28 14 24 6 25 26 9 23 24 23 2 9 4 8 6 21 15 13 12 10 6 14 21 6 7 21 12 12 20 22 10 20 6 13 19 2 5
0 19 9
785 247 622 284 48 62 659 281 38
0 2 10
615 99 360 98 382 243 613 203 589 538
1 14 7
181 629 704 228 412 650 700
1 7 6
571 398 383 152 687 529
0 7 5
551 789 371 515 509
0 3 3
207 697 554
2 13 15
221 712 59 540 763 96 420 752 716 638 191 461 242 503 214
0 6 6
799 72 87 168 530 174
9 16 17
706 223 668 758 131 405 492 612 271 618 769 710 775 556 770 47 53
0 16 1
658
1 20 14
545 249 256 732 560 162 202 579 628 508 277 235 45 674
7 9 18
567 120 665 381 633 783 236 259 122 691 344 669 481 485 664 793 568 26
2 18 16
645 595 625 395 384 394 646 696 472 129 425 500 133 445 75 305
2 1 18
673 121 702 531 387 621 334 777 575 103 600 380 753 403 460 209 233 372
0 12 2
703 178
0 19 2
114 736
1 12 10
467 504 293 156 748 255 135 301 510 561
4 1 14
220 364 475 601 446 347 400 116 44 260 295 527 771 154
0 6 9
396 196 100 742 690 101 15 279 722
1 8 13
107 340 63 747 433 698 708 128 431 760 729 144 106
3 1 12
636 469 79 401 132 689 677 779 655 468 642 798
0 12 5
550 491 518 328 231
1 3 13
176 463 294 197 230 379 457 337 306 569 496 583 656
0 13 5
137 24 8 358 362
0 15 3
188 390 465
0 7 5
55 324 590 353 69
4 9 12
192 661 86 635 0 29 714 288 533 97 598 733
0 12 6
678 35 549 490 241 709
1 4 14
505 502 65 473 391 212 415 367 323 536 599 224 464 654
0 19 6
239 94 541 746 451 688
4 6 14
147 118 238 780 411 781 322 343 262 46 647 478 441 40
0 9 4
42 240 754 172
2 1 16
32 22 329 184 470 426 497 352 143 517 574 721 302 539 327 725
5 12 20
336 227 250 596 578 10 751 185 315 187 146 713 794 226 319 649 348 280 49 232
0 16 9
672 577 723 772 795 778 586 163 254
1 22 1
1
4 13 3
2 136 792
5 23 3
3 282 312
1 27 1
4
4 13 1
5
1 21 1
6
4 17 4
7 112 338 499
1 20 1
9
1 13 3
11 283 493
8 18 4
12 557 573 679
8 7 2
13 423
4 10 2
14 272
2 17 1
16
15 15 1
17
4 4 1
18
2 32 2
19 314
6 13 1
20
2 20 2
21 782
1 20 1
23
5 13 1
25
4 7 2
27 153
1 19 2
28 160
7 10 4
30 52 266 378
3 15 1
31
4 15 2
33 386
2 10 2
34 694
4 7 3
36 200 519
17 22 2
37 308
4 19 2
39 605
13 10 1
41
6 17 1
43
6 5 3
50 78 611
3 19 2
51 252
13 7 1
54
8 27 1
56
4 15 2
57 483
8 10 3
58 726 744
4 23 2
60 385
9 29 3
61 111 487
1 27 2
64 407
4 25 2
66 389
8 10 3
67 109 335
2 14 1
68
7 7 2
70 791
4 13 3
71 278 434
3 12 1
73
4 16 2
74 246
4 25 2
76 456
4 15 1
77
5 25 4
80 351 564 626
1 20 2
81 737
3 21 2
82 537
3 13 2
83 718
4 7 1
84
14 21 3
85 205 572
3 20 2
88 511
3 10 1
89
7 13 1
90
2 31 1
91
3 33 2
92 183
2 3 3
93 594 728
3 11 2
95 268
13 17 4
102 167 257 506
8 2 2
104 388
4 26 3
105 355 616
1 15 2
108 786
1 13 1
110
2 8 4
113 190 300 552
5 19 1
115
1 32 1
117
5 8 1
119
7 17 1
123
4 13 1
124
1 24 2
125 466
1 19 1
126
4 7 2
127 724
1 19 2
130 450
1 28 2
134 699
14 28 1
138
3 16 1
139
5 19 1
140
1 22 1
141
4 25 2
142 727
2 22 1
145
5 31 1
148
1 16 1
149
1 28 1
150
2 17 1
151
6 16 1
155
1 25 1
157
8 25 2
158 743
4 14 3
159 520 719
2 3 1
161
5 29 1
164
6 5 2
165 276
4 27 1
166
3 9 1
169
3 19 2
170 581
8 24 1
171
4 28 1
173
3 7 1
175
5 22 3
177 201 620
4 12 1
179
2 28 2
180 309
1 30 2
182 535
2 20 1
186
1 13 2
189 311
4 21 1
193
14 21 1
194
4 28 2
195 261
3 12 1
198
2 28 1
199
1 39 1
204
4 30 2
206 404
1 31 4
208 265 453 631
4 9 2
210 248
4 10 1
211
3 27 1
213
1 18 1
215
1 25 2
216 402
1 23 1
217
4 4 1
218
7 14 1
219
2 22 1
222
4 21 5
225 333 346 576 593
1 17 3
229 369 454
8 13 3
234 341 730
2 15 1
237
3 8 1
244
1 17 3
245 627 695
6 13 2
251 532
4 17 2
253 498
4 23 3
258 297 608
1 16 1
263
1 15 1
264
1 25 1
267
1 35 1
269
4 25 1
270
4 32 1
273
5 26 2
274 427
1 28 2
275 414
3 24 1
285
5 24 1
286
1 8 2
287 521
4 4 1
289
1 35 1
290
3 28 2
291 735
2 38 1
292
12 10 2
296 624
1 10 1
298
2 29 2
299 368
1 26 1
303
2 37 1
304
1 23 1
307
4 26 1
310
5 20 2
313 662
4 18 2
316 587
4 21 1
317
5 38 3
318 429 516
8 24 1
320
3 26 1
321
8 28 1
325
1 8 2
326 686
4 32 2
330 526
1 18 1
331
4 27 1
332
4 26 1
339
4 21 1
342
4 18 1
345
5 21 1
349
5 14 2
350 435
2 9 1
354
4 20 1
356
8 13 1
357
4 37 3
359 632 693
4 20 1
361
4 31 2
363 422
4 16 2
365 563
1 23 2
366 375
4 24 1
370
1 37 1
373
2 21 1
374
5 25 1
376
7 2 1
377
2 20 1
392
1 21 1
393
1 8 2
397 558
2 20 2
399 459
7 19 1
406
6 5 1
408
1 17 2
409 444
5 25 1
410
3 22 1
413
3 27 1
416
1 25 2
417 739
1 13 1
418
4 9 1
419
5 21 2
421 757
1 21 1
424
4 16 2
428 604
9 22 2
430 684
3 12 1
432
6 10 2
436 660
2 31 1
437
2 28 1
438
4 21 2
439 449
4 23 1
440
1 20 1
442
3 4 3
443 544 797
2 15 3
447 547 610
2 22 2
448 666
3 8 1
452
1 10 1
455
3 35 1
458
4 14 2
462 592
4 20 1
471
5 11 1
474
3 14 1
476
8 30 2
477 603
4 22 1
479
4 9 1
480
3 16 1
482
6 5 1
484
2 11 1
486
4 15 1
488
4 21 1
489
3 16 1
494
1 14 2
495 787
8 21 2
501 788
4 21 2
507 701
1 31 2
512 524
1 24 1
513
4 9 1
514
1 19 2
522 648
2 14 1
523
8 21 2
525 761
4 13 1
528
1 13 1
534
9 19 1
542
9 25 1
543
1 34 2
546 663
4 10 1
548
1 21 1
553
1 28 1
555
3 15 2
559 692
5 27 1
562
2 23 1
565
1 12 2
566 637
4 15 1
570
8 19 1
580
4 31 2
582 764
2 6 2
584 641
3 34 1
585
2 18 1
588
9 14 1
591
1 22 1
597
1 19 1
602
5 26 2
606 644
4 18 1
607
1 16 1
609
4 17 1
614
1 25 1
617
4 28 1
619
2 28 1
623
9 22 2
630 720
4 20 1
634
3 15 1
639
4 16 1
640
5 36 1
643
4 26 1
651
1 13 1
652
1 25 1
653
3 24 1
657
2 14 2
667 755
8 19 1
670
1 27 2
671 765
4 39 1
675
1 18 2
676 741
7 13 1
680
4 24 1
681
2 21 2
682 711
3 16 1
683
1 20 1
685
4 12 1
705
2 25 1
707
1 7 1
715
2 31 1
717
5 21 2
731 749
2 20 1
734
4 15 1
738
4 35 1
740
4 13 1
745
1 31 1
750
4 22 1
756
8 13 1
759
4 32 1
762
1 20 1
766
1 28 1
767
1 25 1
768
1 13 1
773
4 32 1
774
1 14 1
776
3 13 1
784
2 39 1
790
1 26 1
796
