500 281 775 33
6 4 1 29 25 15 3 20 26 10 1 3 21 24 3 27 28 29 25 15 5 2 3 14 2 18 24 5 19 29 21 3 3 13 4 21 16 1 5 19 21 21 4 1 19 6 4 25 1 18 8 7 26 11 17 19 23 26 23 3 17 20 4 11 9 20 24 18 7 10 13 27 16 12 15 16 17 11 16 29 22 17 13 25 10 13 7 19 4 19 29 24 15 20 24 27 19 8 10 9 3 22 30 27 29 6 3 4 28 8 11 30 23 12 1 1 18 24 6 23 11 10 6 23 16 5 19 2 18 30 16 19 13 30 15 23 7 16 19 17 13 10 21 16 22 4 19 14 22 25 15 15 9 30 4 16 8 15 2 15 24 12 28 7 2 21 15 2 25 1 24 26 8 26 13 15 16 16 28 25 13 18 27 8 21 15 17 3 27 1 14 9 11 18 15 8 28 7 12 13 11 23 7 6 1 9 28 3 29 15 19 30 26 18 12 21 21 1 3 24 14 9 18 23 16 10 12 14 25 15 8 19 4 3 18 22 13 7 24 28 21 20 7 27 2 14 11 16 4 21 1 21 22 24 10 17 25 30 29 5 16 24 1 14 22 27 22 6 28 7 1 13 13 19 4 12 1 23 4 29 30 15 16 22 28 19 10 27 28 16 1 26 2 19 9 8 3 3 19 19 28 16 11 23 1 15 3 26 2 6 15 22 3 7 5 23 25 6 22 27 9 8 26 14 30 19 22 11 19 6 20 10 17 20 9 20 19 4 14 4 20 8 12 18 1 10 2 28 4 18 13 19 27 8 11 20 27 16 17 2 1 30 30 19 15 19 23 26 24 11 5 10 12 10 20 1 12 4 26 1 25 28 19 22 6 6 9 18 17 2 27 17 16 29 18 7 19 16 1 19 13 12 16 15 14 12 20 18 7 28 30 4 13 17 2 6 6 13 15 14 14 30 5 22 13 4 13 1 9 30 28 25 17 1 10 18 25 17 15 26 26 28 2 13 17 15 27 30 4 9 24 22 17 9 28 30 12 3 10 8 7 11 1 12 12 27 7 8 4 10 19 8 25 27 14 11 29 23 7 14 18 3 30 9 23 21 10 18 25 17 27 4 12 15 15 8 15 6 13 10
28 1 13 15 3 1 27 19 29 18 6 2 21 18 14 24 23 4 1 16 29 4 16 24 7 19 25 14 26 15 29 26 19 25 23 1 14 15 10 8 16 6 23 9 5 16 20 5 8 30 28 25 27 5 1 15 15 25 2 19 8 17 13 7 30 2 29 11 5 6 15 28 2 15 3 10 14 26 3 21 9 20 16 11 10 8 26 18 27 9 23 14 6 25 25 29 8 7 4 7 16 25 2 20 8 5 4 18 25 22 28 5 2 14 11 17 30 11 26 30 29 26 19 2 6 10 19 29 9 20 1 29 7 17 8 11 15 17 24 7 29 30 18 2 19 15 23 12 20 28 18 14 2 25 30 24 29 17 6 8 10 22 12 13 8 15 14 24 23 17 5 19 3 21 23 3 4 12 29 3 10 16 29 26 4 15 5 5 30 17 14 21 7 2 27 5 16 17 25 28 17 22 15 12 23 3 15 24 8 2 9 15 10 9 30 7 29 23 21 29 19 2 27 7 8 14 15 24 30 17 26 29 20 20 21 22 15 19 5 15 12 14 29 19 16 6 22 26 11 19 13 15 6 14 24 9 26 22 22 26 16 10 9 22 29 11 30 1 27 29 3 1 28 13 22 27 9 30 20 21 26 1 16 15 5 22 2 17 27 18 18 11 21 25 14 3 10 15 27 6 19 22 5 22 6 25 27 17 28 11 6 25 5 22 27 12 6 2 20 25 7 16 21 14 26 22 16 27 17 21 13 22 18 14 30 27 22 2 18 29 13 14 29 13 9 3 9 2 3 1 29 12 27 28 21 8 22 27 27 8 11 25 6 28 23 25 15 6 21 8 2 8 20 11 5 16 19 27 30 9 5 12 7 6 10 15 19 1 26 11 15 25 14 6 22 22 3 29 11 4 30 5 18 6 13 13 6 12 13 11 20 22 15 10 19 13 16 10 25 25 1 27 11 8 9 27 2 29 20 15 26 9 30 5 20 7 25 18 28 25 12 1 25 2 1 16 1 25 1 29 15 8 18 1 11 11 11 20 6 27 4 9 21 8 27 12 4 24 6 23 16 22 29 9 15 2 10 23 15 3 9 16 20 25 6 27 29 15 10 2 15 15 13 23 21 18 24 6 25 14
2 11 8
66 181 139 261 142 176 473 493
1 6 10
382 240 218 184 428 290 268 190 210 312
0 6 9
20 90 499 326 397 264 78 248 380
0 8 6
479 0 241 485 110 237
0 12 3
398 157 431
2 9 8
363 215 57 394 24 411 286 125
0 20 2
111 72
0 9 2
429 401
3 11 7
19 350 400 81 352 192 102
0 18 8
132 40 6 364 158 35 322 441
0 10 3
360 390 393
1 16 7
334 15 236 379 222 456 349
0 13 2
432 391
0 16 1
191
1 1 8
330 77 127 455 79 489 238 155
2 20 7
38 8 272 421 247 69 468
0 3 3
285 453 385
0 12 2
376 340
1 1 8
386 178 173 75 488 189 486 375
0 13 2
146 152
0 9 4
318 221 164 434
1 16 8
496 282 195 65 335 197 153 490
0 1 1
27
0 9 7
257 63 98 325 245 461 10
0 20 1
491
0 14 1
134
1 10 9
36 263 212 2 377 481 229 23 430
1 10 6
305 53 114 34 101 165
0 14 3
175 87 369
4 10 14
313 351 201 64 406 416 150 343 135 54 440 61 462 333
0 8 4
232 466 120 358
0 2 4
213 483 200 33
0 1 7
95 442 137 76 381 52 244
1 9 9
324 270 124 319 74 494 371 329 436
1 2 12
408 251 167 168 252 49 62 58 412 478 11 42
1 25 1
1
3 19 4
3 105 266 281
1 20 1
4
3 20 2
5 147
4 28 1
7
3 14 1
9
4 17 1
12
7 21 1
13
1 3 1
14
3 18 1
16
3 8 1
17
3 13 1
18
4 13 1
21
1 3 1
22
1 26 2
25 353
4 19 1
26
2 18 1
28
3 29 2
29 234
4 4 2
30 409
3 14 1
31
1 12 1
32
3 33 1
37
4 11 1
39
5 9 1
41
1 34 1
43
4 13 1
44
2 24 1
45
3 25 1
46
2 23 1
47
3 23 1
48
4 24 2
50 298
4 5 2
51 410
1 11 1
55
3 29 1
56
3 23 1
59
4 22 2
60 202
5 18 1
67
4 3 2
68 415
3 7 2
70 214
4 28 1
71
4 7 1
73
4 15 1
80
3 9 2
82 283
4 40 1
83
3 17 2
84 389
2 27 1
85
4 11 2
86 211
2 21 1
88
1 24 1
89
5 10 1
91
2 25 1
92
3 13 1
93
3 24 1
94
4 22 1
96
3 12 2
97 208
3 28 1
99
6 27 2
100 250
5 24 2
103 422
1 11 2
104 345
3 30 1
106
6 21 2
107 206
3 22 1
108
1 11 2
109 357
3 15 1
112
3 28 2
113 417
7 20 2
115 276
2 11 1
116
8 31 2
117 342
2 15 1
118
1 10 2
119 341
3 21 1
121
9 31 2
122 459
3 18 1
123
5 19 1
126
3 18 1
128
3 9 2
129 182
2 19 2
130 497
3 34 1
131
1 21 1
133
1 30 1
136
5 11 3
138 450 484
3 21 1
140
3 18 1
141
4 23 1
143
4 21 2
144 384
1 24 2
145 194
1 28 2
148 156
1 30 1
149
3 23 2
151 242
3 4 1
154
1 30 1
159
8 20 1
160
6 26 2
161 207
1 10 1
162
3 19 1
163
1 17 1
166
1 17 1
169
5 21 2
170 327
4 13 1
171
4 17 1
172
1 32 1
174
1 26 1
177
4 30 1
179
3 10 1
180
1 36 1
183
4 20 1
185
4 14 1
186
1 15 1
187
3 3 1
188
3 28 1
193
5 11 1
196
3 16 1
198
1 17 1
199
1 34 1
203
3 20 1
204
1 10 1
205
4 16 1
209
3 17 3
216 256 451
3 19 1
217
1 9 1
219
3 28 2
220 295
9 30 1
223
2 11 1
224
3 26 2
225 387
1 15 1
226
1 21 1
227
4 16 1
228
1 14 2
230 253
6 25 1
231
3 17 1
233
1 29 1
235
1 27 1
239
4 26 1
243
3 14 1
246
2 19 1
249
1 6 1
254
2 24 1
255
2 25 2
258 323
5 11 1
259
6 23 2
260 437
3 38 2
262 271
3 25 3
265 307 388
3 8 2
267 356
3 13 1
269
3 31 1
273
1 34 1
274
3 17 2
275 460
1 18 1
277
3 14 1
278
6 36 1
279
4 26 2
280 317
5 18 1
284
1 24 1
287
4 12 1
288
4 17 1
289
1 27 1
291
1 31 1
292
2 10 2
293 470
4 32 1
294
5 12 1
296
3 28 1
297
5 22 3
299 383 396
4 31 1
300
1 15 1
301
1 21 1
302
1 13 1
303
3 21 1
304
3 22 1
306
2 23 1
308
1 10 1
309
2 17 1
310
1 9 1
311
2 14 1
314
3 18 1
315
4 18 1
316
3 15 1
320
3 16 1
321
1 15 1
328
1 20 1
331
1 32 1
332
3 12 2
336 427
4 28 1
337
6 26 2
338 446
4 18 1
339
4 8 1
344
3 25 1
346
1 15 1
347
2 18 1
348
3 17 1
354
3 19 1
355
2 25 1
359
1 13 1
361
3 10 1
362
2 17 2
365 472
3 18 1
366
5 28 1
367
3 10 1
368
4 13 1
370
3 20 1
372
5 2 2
373 476
3 8 1
374
2 23 1
378
3 19 1
392
1 9 1
395
5 10 1
399
4 14 1
402
7 21 1
403
4 36 1
404
8 29 1
405
4 18 2
407 467
3 11 1
413
1 23 1
414
5 18 1
418
1 22 1
419
1 15 1
420
3 15 1
423
1 29 1
424
3 14 1
425
2 16 1
426
2 21 1
433
3 20 1
435
6 26 1
438
4 32 1
439
2 12 1
443
1 17 2
444 452
1 30 1
445
5 9 1
447
1 11 1
448
1 12 1
449
2 29 1
454
4 36 1
457
3 20 1
458
1 10 1
463
4 21 1
464
3 25 1
465
4 24 1
469
3 3 1
471
4 14 1
474
2 10 1
475
3 6 1
477
2 15 1
480
1 19 1
482
3 23 1
487
3 11 1
492
3 25 1
495
4 36 1
498
