1000 388 1550 67
27 5 3 22 4 7 30 8 27 26 12 29 22 15 10 18 23 14 4 7 16 2 4 6 10 8 22 21 10 10 23 3 22 19 29 11 6 29 5 12 10 18 15 23 11 24 15 7 19 17 17 7 30 12 11 6 28 9 20 18 5 14 29 24 8 23 2 22 18 29 16 9 30 28 24 19 17 21 20 27 3 10 17 21 24 15 12 29 3 30 2 1 17 3 6 27 20 27 3 5 22 29 13 5 26 4 29 25 21 6 6 3 15 17 27 1 22 15 11 22 11 7 20 4 2 28 28 24 26 7 5 8 10 1 18 13 11 10 22 3 6 27 7 15 14 21 4 26 9 25 25 10 5 20 26 14 20 16 11 11 16 23 27 3 5 13 16 19 15 14 3 28 24 3 4 2 19 6 2 21 29 8 28 3 29 24 10 30 29 7 18 21 6 14 10 5 15 6 11 23 14 3 22 3 5 10 24 9 10 2 23 7 23 28 7 14 15 30 6 12 19 18 13 11 23 29 29 7 14 16 22 17 29 12 17 27 21 15 26 9 22 25 25 26 11 6 19 20 12 1 28 6 13 1 18 7 7 30 2 18 20 28 17 7 21 9 19 9 23 1 28 5 10 14 28 28 2 14 29 29 12 12 6 6 28 3 11 20 16 8 23 19 22 17 19 30 6 15 2 22 11 5 7 26 9 18 14 3 23 26 19 5 16 21 17 17 7 30 19 29 4 27 15 9 17 3 26 30 14 14 23 11 4 10 25 22 3 10 18 11 13 18 23 12 11 16 22 2 1 1 5 3 25 14 1 13 2 14 15 21 3 15 11 20 22 23 24 19 14 20 4 14 22 22 28 23 24 14 3 29 28 19 27 25 15 22 12 20 15 15 4 17 30 25 18 3 5 19 3 16 25 23 18 25 21 4 10 11 22 8 27 25 13 17 22 8 6 3 23 20 20 7 4 20 2 2 15 21 30 2 2 2 21 14 12 27 4 6 16 22 3 20 2 17 3 13 11 21 17 5 25 19 6 21 4 14 24 6 9 4 24 19 3 2 8 2 11 12 1 16 3 22 6 22 7 27 28 27 20 5 9 21 13 13 25 26 30 28 29 1 8 4 7 26 26 26 8 26 10 12 16 3 25 16 29 3 23 15 17 12 17 4 28 14 28 2 9 24 1 22 12 30 10 20 10 22 9 12 12 7 3 11 21 20 8 29 8 17 22 18 28 15 4 29 1 24 22 1 11 2 7 13 28 19 26 9 28 16 3 15 26 13 4 20 24 11 15 29 28 12 11 6 25 13 19 11 20 14 12 28 21 1 26 10 5 11 22 6 29 25 23 15 17 23 20 1 23 23 18 2 20 10 29 29 27 1 10 17 27 12 27 4 23 7 19 24 1 5 2 25 20 21 12 5 26 24 18 11 8 8 16 20 27 6 8 20 18 12 25 23 27 12 4 13 11 21 16 21 3 13 5 9 20 16 17 30 15 23 8 30 18 9 27 22 19 14 17 15 27 18 2 28 13 11 4 9 12 19 25 9 19 2 30 22 22 26 28 27 6 21 14 17 30 22 26 11 30 14 6 5 13 4 25 23 14 18 26 19 4 30 29 12 3 27 11 7 6 4 12 21 27 5 3 16 5 30 27 15 26 11 2 28 6 19 5 17 23 8 12 23 25 23 1 7 12 6 15 30 8 28 11 24 4 6 18 17 7 19 24 18 21 20 18 9 24 14 22 25 10 3 1 7 12 26 12 25 20 17 29 27 22 10 28 14 24 30 28 24 11 10 6 8 1 14 26 20 18 13 9 25 28 7 15 9 25 1 6 2 13 20 29 13 20 11 15 2 4 9 30 4 30 16 8 10 22 2 1 3 18 22 16 5 13 5 14 28 19 24 6 26 7 27 29 8 22 2 21 2 3 2 5 21 28 30 30 17 4 6 16 8 20 21 8 1 20 2 19 20 22 14 1 19 8 9 12 3 8 27 17 17 8 23 8 5 19 2 25 12 30 5 15 6 11 6 1 13 7 24 19 14 4 7 29 26 11 23 30 18 26 17 8 28 19 25 24 18 9 20 24 20 25 8 18 8 26 10 26 1 19 26 4 2 26 17 28 30 12 30 27 25 3 8 19 18 5 20 12 30 8 1 29 6 13 4 28 11 24 4 24 15 20 4 10 1 23 2 18 7 6 25 14 20 26 12 16 24 19 20 8 20 29 26 13 28 22 23 25 19 8 18 12 16 4 16 16 17 7 28 29 11
28 10 4 27 1 11 7 13 4 3 1 1 6 21 2 24 6 2 7 14 18 1 24 30 4 10 23 15 22 17 19 24 28 4 28 15 25 3 15 26 5 11 22 14 4 4 23 8 3 4 6 12 6 24 25 23 15 19 18 22 15 19 30 29 22 13 6 17 5 18 1 18 13 9 10 14 28 6 11 19 25 26 6 27 24 9 9 18 3 26 13 4 12 19 27 22 5 10 27 15 14 29 18 9 11 16 6 24 27 5 17 13 5 8 17 8 15 25 7 11 5 16 13 3 10 26 24 20 30 8 25 24 9 9 26 24 17 10 15 28 24 9 27 14 27 5 30 30 1 24 29 30 23 30 13 4 21 22 2 11 3 22 10 14 9 14 1 29 22 3 30 3 19 18 23 11 12 16 5 24 15 4 9 30 7 3 10 24 21 14 16 29 6 6 1 8 17 20 12 17 20 8 17 17 2 18 13 2 1 18 7 3 29 9 28 2 30 3 21 11 24 21 19 10 28 14 18 6 16 12 19 12 9 30 25 21 9 17 3 4 23 2 22 26 28 5 22 23 27 15 17 23 14 8 22 9 28 19 10 24 30 26 25 19 1 9 8 7 5 3 7 28 12 27 15 21 13 8 10 28 16 3 10 14 9 24 28 6 17 4 3 24 16 11 6 7 2 5 24 19 17 1 15 24 11 23 23 14 8 5 24 26 14 21 15 23 24 7 16 7 10 21 4 24 5 3 14 27 14 8 4 11 26 13 8 29 20 26 3 23 13 29 21 23 27 30 7 28 29 29 25 21 21 22 26 1 2 23 15 3 20 22 26 26 5 6 5 14 24 22 22 1 16 1 10 24 21 3 30 28 11 1 3 8 30 30 24 25 23 28 17 18 1 7 3 28 17 24 14 24 27 28 17 21 13 8 15 27 4 25 12 12 18 22 15 10 25 21 25 18 25 5 5 28 20 7 25 29 28 1 30 25 29 5 18 14 27 22 4 28 25 20 7 23 3 23 17 26 29 30 13 7 22 6 30 16 18 27 4 27 11 17 9 14 29 26 14 18 23 8 7 3 12 8 24 14 1 8 3 16 5 2 27 9 27 4 3 23 2 20 11 7 17 13 16 18 1 2 29 20 10 14 17 28 22 2 7 4 8 12 23 11 26 12 21 22 28 12 4 25 19 9 3 24 10 18 9 15 25 7 13 8 19 4 6 2 29 30 9 1 27 18 12 3 1 25 23 20 24 27 27 30 20 9 24 21 19 25 5 1 19 13 8 5 24 28 1 14 19 26 28 21 24 24 20 1 9 26 29 14 18 15 4 28 14 20 10 17 14 17 17 11 21 30 21 11 5 22 14 10 16 12 13 1 30 29 20 14 3 26 14 13 4 3 1 30 17 26 23 16 8 13 8 8 20 24 8 9 25 3 23 18 29 26 22 21 9 19 11 9 17 27 15 4 8 3 22 15 3 24 30 21 11 15 10 30 28 7 8 19 5 6 3 2 24 8 14 23 27 29 16 18 3 18 19 20 19 2 15 12 14 12 17 11 10 30 4 4 24 17 16 14 6 13 3 12 11 19 4 5 18 6 12 29 20 5 21 9 20 9 24 25 4 27 2 15 3 23 23 27 1 4 23 21 24 23 29 20 1 18 19 14 30 29 6 11 6 22 25 14 18 11 26 7 23 1 7 22 15 4 17 30 15 15 9 2 13 6 28 1 25 11 19 23 7 2 10 27 23 6 19 4 14 16 24 11 11 29 5 9 4 27 23 9 10 16 30 4 1 6 5 2 1 17 3 11 22 27 4 6 12 20 10 28 29 14 23 8 19 21 26 25 13 11 3 26 13 8 9 30 10 2 8 16 25 12 12 17 17 22 22 20 5 4 22 7 19 28 16 16 12 26 1 23 2 27 16 4 28 23 24 5 7 1 12 4 10 14 2 11 9 24 19 17 20 30 27 22 30 23 13 24 12 19 16 9 29 9 2 15 2 13 7 29 6 27 17 27 10 20 21 12 3 8 22 12 28 8 23 26 9 21 8 26 12 30 27 7 28 11 8 19 11 17 30 21 28 8 19 6 16 17 11 25 5 28 3 21 19 20 14 14 28 5 20 30 24 4 8 9 4 28 4 14 21 23 23 30 9 30 6 16 18 29 3 26 28 1 19 7 27 30 5 29 13 1 23 18 30 23 4 11 30 17 11 5 19 7 3 24 21 14 27 7 11 1 28 9 4 7 12 14 9 4 29 28 5 7 25 9
0 1 3
862 757 72
0 17 7
426 207 714 397 575 616 632
7 3 25
839 385 923 688 532 311 130 483 806 173 704 662 513 178 748 764 543 411 147 392 801 500 108 991 750
0 10 2
29 627
0 16 3
16 887 38
5 10 22
744 456 383 31 786 292 815 832 914 303 220 521 670 684 185 452 327 308 165 137 567 508
1 15 7
499 553 216 951 42 155 387
0 5 12
974 425 636 154 736 299 754 281 198 481 671 752
3 17 14
271 515 845 645 940 245 486 897 145 103 307 174 976 893
8 20 17
665 244 560 773 761 360 921 963 982 111 156 45 313 623 437 960 472
0 7 19
436 537 987 824 77 161 600 25 235 328 51 860 338 945 814 223 756 121 148
2 13 16
727 195 692 363 787 749 257 536 886 320 352 240 807 98 649 615
1 16 7
318 650 446 445 735 443 163
6 14 22
962 986 861 517 87 898 36 624 597 712 869 177 424 118 290 902 614 942 287 219 576 660
4 2 14
853 0 274 432 568 877 17 192 903 276 297 618 578 635
9 13 23
920 158 872 18 950 983 531 343 136 829 973 654 337 768 451 190 924 538 293 591 723 941 776
1 6 4
386 420 289 948
0 4 19
676 694 583 984 212 151 673 747 798 658 544 459 414 197 461 458 610 382 592
0 13 2
785 994
0 16 9
820 529 184 892 702 35 586 999 871
2 12 7
183 336 928 639 353 146 697
1 1 11
837 131 309 317 24 969 800 794 55 465 230
0 12 11
681 737 998 484 228 490 956 123 99 214 380
0 6 1
759
4 19 19
548 2 858 833 278 114 546 557 395 132 40 286 977 345 885 6 487 899 580
6 11 16
607 54 504 522 266 159 612 602 931 10 347 808 725 298 58 70
2 9 9
322 569 926 675 932 206 457 881 398
5 14 21
321 809 83 596 493 261 910 374 900 755 847 995 855 366 143 779 979 469 760 883 581
1 5 8
433 30 816 373 342 717 766 867
1 17 13
655 419 403 938 93 972 993 339 430 608 957 534 379
7 13 18
710 357 439 140 489 288 34 19 888 267 91 406 102 758 549 541 344 516
4 4 16
510 394 664 788 666 915 775 707 129 348 846 713 644 152 149 498
2 3 10
918 496 709 769 856 955 209 295 970 44
0 11 2
518 740
8 20 1
1
3 30 3
3 316 989
3 17 1
4
8 29 1
5
2 28 1
7
3 9 2
8 33
4 5 1
9
1 9 2
11 215
7 30 2
12 821
1 20 2
13 172
1 14 2
14 988
1 16 1
15
7 35 2
20 455
19 14 1
21
1 18 1
22
1 18 1
23
14 15 1
26
1 23 2
27 929
3 4 1
28
2 26 1
32
8 34 2
37 789
20 27 3
39 535 680
8 20 2
41 762
15 20 2
43 349
1 7 4
46 97 448 587
7 29 4
47 62 180 603
3 28 1
48
3 33 3
49 254 368
3 31 1
50
17 34 1
52
4 28 3
53 464 677
9 27 2
56 505
17 25 4
57 476 551 621
30 33 3
59 781 965
3 19 1
60
15 13 1
61
3 17 3
63 514 878
1 30 1
64
14 21 1
65
9 32 2
66 157
16 24 2
67 868
3 29 5
68 275 628 690 822
1 15 2
69 617
2 23 2
71 272
17 27 2
73 133
1 20 1
74
8 21 3
75 634 679
1 14 4
76 479 485 777
3 14 1
78
7 31 2
79 442
3 21 4
80 330 429 968
3 5 2
81 981
4 23 1
82
1 25 2
84 912
15 16 2
85 125
1 26 2
86 524
3 15 2
88 834
7 28 2
89 901
1 30 1
90
4 21 3
92 428 460
21 34 3
94 530 734
8 19 4
95 170 696 997
1 20 1
96
4 31 3
100 203 731
1 24 1
101
16 30 3
104 350 961
1 26 2
105 221
3 30 2
106 661
8 12 1
107
3 34 2
109 826
4 26 1
110
1 17 2
112 372
19 16 3
113 196 870
2 26 2
115 876
12 22 2
116 279
1 9 1
117
14 17 3
119 239 849
1 16 1
120
9 26 1
122
7 18 2
124 260
17 16 3
126 335 552
2 27 1
127
3 29 1
128
3 13 2
134 562
16 31 3
135 200 698
1 16 1
138
12 22 2
139 252
8 19 2
141 367
7 20 2
142 556
3 18 1
144
1 10 1
150
4 16 3
153 642 738
1 15 3
160 314 873
1 8 2
162 526
1 20 2
164 672
3 8 1
166
3 30 3
167 582 691
2 17 2
168 438
4 18 4
169 351 418 724
16 23 2
171 315
4 3 3
175 857 917
3 8 1
176
3 7 1
179
1 18 1
181
3 21 2
182 653
3 11 2
186 598
14 24 3
187 468 889
21 25 4
188 241 248 884
7 27 1
189
16 12 1
191
7 29 2
193 229
3 10 1
194
9 33 2
199 825
1 23 1
201
2 13 3
202 793 996
3 31 1
204
9 16 3
205 482 491
4 24 1
208
1 15 1
210
1 19 2
211 835
15 23 2
213 859
8 22 2
217 393
16 23 1
218
1 22 2
222 911
21 27 2
224 706
4 25 3
225 304 796
9 26 1
226
9 16 3
227 848 880
3 14 1
231
3 20 3
232 462 922
1 17 1
233
3 26 2
234 619
1 10 1
236
3 36 1
237
8 20 3
238 605 930
1 6 2
242 944
8 10 2
243 967
7 25 1
246
3 19 1
247
1 13 3
249 850 958
16 27 2
250 905
12 36 2
251 566
1 7 4
253 447 573 643
1 19 1
255
7 33 3
256 413 593
2 28 1
258
23 31 3
259 332 797
4 26 3
262 599 765
1 11 1
263
8 19 2
264 497
7 29 2
265 519
1 26 1
268
4 14 3
269 312 341
3 36 2
270 626
1 21 1
273
3 20 1
277
14 7 2
280 939
4 15 1
282
1 16 2
283 763
8 31 2
284 422
4 15 4
285 377 470 947
1 25 1
291
8 18 1
294
17 17 3
296 906 978
15 14 3
300 606 909
8 16 1
301
8 30 1
302
8 36 1
305
1 17 3
306 512 817
3 34 1
310
16 28 3
319 331 467
3 16 1
323
8 30 1
324
4 20 3
325 396 667
3 19 1
326
9 30 2
329 501
1 18 5
333 434 711 828 844
1 11 2
334 477
4 11 1
340
7 30 1
346
4 18 1
354
1 27 1
355
9 14 1
356
8 23 2
358 375
1 23 1
359
3 8 1
361
19 5 3
362 657 904
7 29 1
364
3 16 1
365
1 23 2
369 389
3 17 1
370
1 29 2
371 792
2 29 2
376 625
7 32 1
378
1 15 2
381 565
19 16 1
384
3 18 1
388
1 17 2
390 555
4 15 2
391 742
2 30 1
399
1 29 1
400
7 26 1
401
14 6 4
402 589 753 830
3 27 2
404 934
2 32 1
405
16 24 1
407
2 32 1
408
3 10 3
409 949 953
20 26 2
410 700
1 24 1
412
3 20 3
415 648 699
3 22 1
416
1 26 2
417 453
16 21 2
421 770
2 27 1
423
2 23 1
427
17 27 2
431 719
1 11 1
435
3 30 1
440
8 8 2
441 721
1 21 1
444
3 25 2
449 588
3 19 3
450 611 703
3 15 1
454
2 36 2
463 937
4 27 2
466 695
12 39 1
471
3 23 1
473
3 33 1
474
2 33 1
475
1 25 1
478
2 28 2
480 908
4 17 1
488
1 24 1
492
3 20 2
494 701
1 6 1
495
16 31 2
502 528
1 20 2
503 767
1 17 1
506
1 20 3
507 527 863
1 16 3
509 558 913
3 29 2
511 964
1 21 2
520 791
3 20 2
523 640
3 27 4
525 646 647 959
21 15 2
533 782
4 32 1
539
4 22 2
540 771
8 12 1
542
3 10 3
545 571 743
1 18 1
547
1 9 1
550
21 16 2
554 818
16 30 3
559 693 819
2 33 2
561 604
1 19 1
563
3 3 3
564 802 864
2 31 1
570
1 5 2
572 935
3 28 2
574 783
1 18 1
577
12 33 1
579
7 19 1
584
2 30 1
585
3 23 1
590
9 23 2
594 651
8 31 1
595
8 20 1
601
2 23 1
609
4 18 1
613
8 22 1
620
8 26 1
622
1 22 1
629
19 23 1
630
1 27 1
631
1 21 3
633 637 841
1 27 1
638
3 6 2
641 663
3 26 1
652
1 18 1
656
2 19 2
659 879
2 29 1
668
3 24 1
669
3 18 1
674
15 6 1
678
3 20 1
682
7 26 1
683
1 23 1
685
4 21 1
686
16 19 2
687 730
1 21 4
689 733 823 831
3 13 1
705
3 32 1
708
3 21 1
715
4 12 1
716
3 27 1
718
1 15 1
720
7 24 1
722
2 25 1
726
8 26 1
728
8 26 1
729
3 17 1
732
1 13 1
739
1 8 2
741 865
3 6 1
745
12 32 1
746
3 18 1
751
8 27 1
772
16 37 2
774 852
14 14 1
778
2 25 1
780
3 11 1
784
3 18 1
790
9 26 1
795
1 12 1
799
14 7 1
803
1 19 1
804
20 33 1
805
3 33 1
810
3 16 1
811
19 17 1
812
8 23 1
813
1 33 1
827
16 30 1
836
3 20 1
838
1 23 2
840 933
12 21 1
842
7 19 1
843
8 23 1
851
3 19 1
854
8 28 1
866
1 7 1
874
2 22 1
875
3 26 1
882
7 33 1
890
7 28 1
891
2 24 2
894 966
14 18 1
895
3 28 1
896
1 12 1
907
9 26 2
916 936
2 31 1
919
1 16 1
925
3 22 1
927
2 12 1
943
1 18 1
946
2 35 1
952
9 29 1
954
1 19 1
971
16 20 1
975
8 25 1
980
3 22 1
985
3 33 1
990
4 13 1
992
