500 268 775 33
13 18 2 5 16 11 17 30 29 6 24 26 10 6 13 15 1 11 24 21 3 7 2 23 21 29 10 11 27 12 22 27 6 24 18 18 27 15 4 18 6 17 17 15 17 5 4 11 10 20 14 28 30 6 13 29 20 1 3 22 11 10 11 6 7 5 30 16 21 29 13 17 26 17 18 27 6 15 15 24 17 2 8 21 9 30 25 23 19 30 20 5 16 3 5 14 22 2 30 21 9 15 22 6 14 9 22 18 29 13 2 7 23 14 7 26 27 2 29 1 7 8 5 3 8 17 26 7 30 9 3 30 17 10 11 13 6 8 25 12 26 19 27 3 17 3 20 27 18 9 12 28 10 14 9 9 22 17 16 1 10 26 22 15 25 29 29 6 13 4 20 18 16 9 1 27 28 15 21 20 25 11 27 24 7 26 17 8 2 13 9 20 4 10 30 13 24 23 1 16 24 8 30 27 12 30 13 7 27 27 10 12 6 16 7 21 3 24 22 15 28 4 16 29 3 16 16 22 17 10 20 5 3 11 14 30 26 29 16 19 8 6 22 26 20 1 2 9 23 5 17 20 12 6 6 3 28 23 2 22 28 26 25 11 26 24 21 7 21 17 2 2 20 6 4 28 20 11 24 8 12 14 30 10 14 21 28 12 10 24 7 20 16 22 7 15 18 24 1 21 5 23 8 11 7 26 9 6 30 10 17 20 29 11 21 30 27 9 23 19 29 16 10 1 10 21 24 6 8 2 19 7 17 19 16 8 17 23 22 29 27 11 13 7 6 29 25 18 28 5 3 16 16 27 4 3 6 4 18 18 7 10 11 3 7 1 10 10 23 5 27 7 16 27 17 7 28 25 28 14 17 18 23 24 8 18 17 30 14 19 28 14 22 22 11 11 13 13 1 1 5 18 14 8 4 2 10 23 6 13 28 24 26 26 17 21 30 2 11 28 22 20 1 6 1 29 5 18 17 9 8 15 9 17 30 15 14 5 11 7 22 8 27 9 28 3 29 22 6 20 21 17 25 19 30 27 13 7 16 26 5 28 22 29 12 6 12 19 24 24 15 5 16 24 2 23 16 11 2 8 8 9 10 14 16 5 30 23 25 2 20 21 11 18 9 11 18 21 10 23
11 10 26 26 14 21 6 30 10 18 1 17 4 6 23 1 18 5 12 4 20 21 20 1 29 20 8 24 13 4 2 1 3 10 3 24 9 21 29 9 5 10 8 2 20 2 19 19 3 22 23 11 18 3 24 27 8 18 17 12 26 4 20 10 14 8 3 20 21 7 28 3 18 17 5 6 30 26 7 21 21 2 25 26 5 25 10 14 4 25 18 8 9 1 17 29 3 4 25 27 6 11 23 11 12 5 2 13 11 26 2 3 14 21 17 28 27 1 4 8 14 26 3 14 19 19 4 2 15 16 23 14 18 23 16 13 7 28 6 8 10 11 24 24 12 17 23 12 13 5 5 24 15 23 10 6 20 29 4 16 22 10 30 23 4 14 22 19 7 12 8 19 11 12 3 8 1 19 17 13 28 21 18 3 8 28 14 14 24 1 3 12 15 15 9 10 6 2 26 19 17 7 21 2 2 7 17 25 15 16 19 12 13 8 17 29 25 25 7 21 26 17 21 27 3 13 23 22 3 8 9 20 26 10 5 18 8 8 3 17 16 26 27 1 11 25 21 13 29 7 25 25 18 23 5 15 23 21 6 25 23 5 11 19 4 16 30 7 30 27 2 1 29 3 24 11 15 2 7 25 25 15 16 29 4 19 30 11 17 18 23 3 8 22 13 2 5 7 16 9 8 22 15 25 14 1 20 15 21 26 19 23 27 12 27 7 18 29 10 29 16 22 12 13 15 9 5 6 19 3 9 10 17 20 16 26 15 24 7 15 14 30 11 2 30 22 18 24 20 3 18 21 28 14 12 14 18 29 6 12 15 22 9 17 15 29 11 6 13 20 29 27 4 17 19 27 15 10 16 7 19 22 28 14 8 4 5 28 10 26 26 7 8 5 7 23 20 13 16 22 15 13 7 26 27 14 7 10 26 27 10 13 17 5 15 9 21 6 1 10 29 21 16 9 4 15 4 20 22 23 15 23 11 4 29 24 22 12 13 22 22 12 29 19 21 18 7 14 28 22 29 10 4 8 24 30 1 13 18 27 11 23 3 11 5 5 16 14 8 29 7 27 20 2 25 26 28 6 1 1 11 14 3 9 19 3 15 5 19 11 6 13 15 17 10 29 14 1 10 12
2 7 6
321 374 196 392 287 399
0 3 3
472 365 454
0 16 5
322 295 424 236 14
0 11 3
238 347 400
1 6 5
490 286 473 121 320
1 20 6
173 493 489 245 333 342
0 7 2
79 460
0 10 6
49 393 101 324 487 100
2 13 9
96 341 53 67 468 90 398 113 72
1 14 7
23 382 116 22 274 497 278
0 1 7
230 255 31 4 108 452 337
0 17 3
340 353 264
6 10 15
417 177 495 242 414 350 46 178 231 371 427 297 383 432 147
0 3 7
34 449 174 98 115 275 314
2 7 8
410 59 268 142 279 477 182 13
0 9 2
209 44
2 1 6
420 148 15 197 442 198
1 2 6
215 261 244 232 250 421
0 2 2
276 206
0 7 2
18 82
2 17 8
143 378 176 265 214 45 227 8
0 3 1
151
0 11 3
189 356 332
1 4 5
216 220 60 89 154
0 11 5
211 179 469 85 160
3 12 9
422 352 307 316 453 381 413 164 372
2 15 9
28 434 440 246 61 364 388 256 336
2 16 5
251 450 27 481 99
5 20 12
66 69 41 409 68 105 136 11 397 24 122 292
0 19 7
3 17 218 456 401 42 88
1 16 7
80 153 26 436 40 300 258
4 11 12
65 146 266 396 323 118 301 172 498 48 234 366
0 9 3
431 131 486
2 10 7
461 419 188 169 462 485 117
0 4 7
58 9 91 438 367 267 93
0 15 5
459 208 437 205 370
0 20 2
282 132
1 18 2
0 166
9 22 1
1
1 16 1
2
2 28 1
5
2 22 2
6 298
1 19 1
7
1 20 2
10 306
2 26 3
12 87 391
2 22 2
16 199
4 36 2
19 271
2 2 2
20 109
3 16 2
21 428
5 40 1
25
4 28 3
29 191 221
2 31 1
30
9 30 1
32
1 34 1
33
1 20 1
35
3 26 2
36 63
5 17 1
37
5 17 3
38 311 351
2 4 1
39
2 21 1
43
6 32 2
47 203
2 13 2
50 158
4 29 1
51
5 13 1
52
1 16 1
54
5 11 1
55
1 15 1
56
2 15 1
57
2 37 1
62
4 16 1
64
8 14 2
70 184
1 19 1
71
1 10 2
73 304
1 22 2
74 455
10 21 1
75
8 19 1
76
2 23 1
77
1 27 1
78
1 24 1
81
6 26 1
83
1 27 2
84 139
1 27 1
86
3 25 1
92
1 11 1
94
3 16 1
95
5 18 1
97
9 33 4
102 137 195 385
1 22 1
103
9 29 1
104
1 9 1
106
2 14 1
107
1 30 2
110 361
1 26 1
111
2 27 1
112
3 14 1
114
3 29 1
119
5 16 2
120 448
2 15 1
123
2 26 1
124
2 9 3
125 170 171
1 25 1
126
1 19 2
127 418
3 12 1
128
1 18 1
129
2 20 1
130
3 4 1
133
8 17 2
134 281
4 23 1
135
2 10 2
138 345
2 17 1
140
2 14 2
141 284
1 14 1
144
2 36 1
145
5 27 1
149
1 12 1
150
2 17 1
152
6 22 1
155
2 30 2
156 313
3 7 2
157 429
4 22 2
159 288
1 12 2
161 240
1 14 1
162
3 19 1
163
1 14 1
165
1 23 2
167 310
8 17 1
168
1 26 1
175
1 24 1
180
2 11 1
181
2 30 2
183 277
1 20 1
185
5 14 2
186 362
1 27 1
187
2 29 3
190 247 494
1 17 1
192
4 17 1
193
3 22 1
194
1 13 1
200
2 19 1
201
9 30 1
202
2 14 1
204
2 39 2
207 479
2 34 1
210
6 30 1
212
1 26 1
213
2 23 1
217
5 8 1
219
2 27 1
222
1 28 1
223
2 23 1
224
1 26 2
225 457
3 19 2
226 467
4 3 2
228 463
9 27 1
229
1 25 1
233
1 18 1
235
1 22 1
237
1 14 1
239
1 12 1
241
2 31 1
243
4 26 1
248
5 22 1
249
3 26 1
252
1 17 1
253
2 11 1
254
6 21 2
257 280
2 20 1
259
4 12 1
260
1 27 1
262
9 33 1
263
8 23 1
269
1 32 2
270 355
2 35 2
272 416
4 23 1
273
1 18 1
283
10 21 1
285
5 21 2
289 480
9 14 2
290 476
1 17 2
291 405
5 13 1
293
12 30 1
294
9 21 1
296
5 23 1
299
2 31 1
302
3 16 1
303
1 12 1
305
4 9 1
308
1 31 1
309
1 11 1
312
2 33 1
315
3 10 1
317
2 14 1
318
8 24 1
319
1 33 1
325
2 29 1
326
1 25 1
327
9 23 2
328 483
1 25 1
329
2 21 1
330
1 14 1
331
3 21 1
334
2 20 1
335
1 20 1
338
1 10 1
339
1 12 1
343
5 26 1
344
5 37 1
346
2 24 1
348
6 25 1
349
1 27 1
354
1 14 1
357
1 30 1
358
3 24 1
359
9 19 1
360
1 18 1
363
6 26 1
368
1 18 1
369
5 20 1
373
4 26 1
375
6 24 1
376
1 35 1
377
1 12 1
379
5 14 1
380
2 12 1
384
1 24 1
386
6 29 1
387
2 16 1
389
1 21 1
390
1 3 1
394
1 30 1
395
1 17 1
402
1 18 1
403
2 14 1
404
2 12 1
406
1 18 1
407
3 9 1
408
3 10 1
411
1 25 1
412
1 22 1
415
6 27 1
423
2 8 1
425
1 34 1
426
5 14 1
430
1 6 1
433
1 9 1
435
1 14 1
439
1 17 1
441
1 30 1
443
2 36 1
444
9 20 1
445
1 18 1
446
1 22 1
447
1 22 1
451
1 18 1
458
5 19 1
464
1 27 1
465
2 6 1
466
9 36 2
470 474
1 31 1
471
4 22 1
475
9 17 1
478
2 5 1
482
1 5 1
484
1 36 1
488
6 28 1
491
2 17 1
492
4 6 1
496
2 27 1
499
