300 181 465 20
22 29 28 24 8 13 28 18 5 1 12 16 2 10 17 5 1 4 30 19 28 23 3 12 6 28 19 23 14 20 24 2 29 18 8 8 30 28 26 11 23 1 28 11 12 24 9 8 27 17 11 25 6 8 16 23 16 9 19 18 13 19 27 12 30 17 22 18 26 12 20 17 2 29 10 23 17 23 25 25 8 11 19 4 25 5 12 25 20 16 11 20 18 3 14 26 12 1 20 17 21 29 15 27 19 16 25 13 28 3 2 15 12 24 16 11 9 20 8 16 20 29 21 15 17 1 7 2 24 25 4 8 27 27 30 5 23 12 1 30 3 18 28 19 9 22 16 7 12 22 1 21 27 28 3 15 25 4 5 26 27 29 16 27 13 5 19 28 30 9 25 25 22 23 20 20 25 2 28 18 16 16 27 21 22 11 16 16 12 4 2 7 21 15 4 17 13 19 27 20 19 15 27 18 7 22 13 21 22 20 6 19 13 8 8 18 17 17 29 1 28 14 18 23 15 10 15 13 24 8 9 28 13 2 30 28 11 11 11 26 16 3 21 8 22 24 17 26 29 4 1 7 5 30 22 25 19 15 15 19 25 24 14 10 15 15 23 4 15 10 18 19 8 16 5 12 18 10 22 10 12 30 18 15 11 23 5 6 22 22 21 5 14 8 17 10 22 8 6 10
24 2 14 1 12 25 27 26 26 19 27 11 11 26 4 17 22 8 7 16 29 8 11 11 26 10 15 13 23 28 30 10 21 2 19 24 27 8 15 3 3 16 8 18 8 30 13 20 20 24 21 17 7 5 29 22 7 30 23 24 1 21 27 9 1 10 18 23 3 3 23 27 22 13 30 24 13 7 19 25 1 14 17 5 27 1 19 27 22 30 20 15 18 4 8 7 28 6 14 16 1 28 20 7 7 21 7 6 28 12 15 17 3 13 13 5 8 7 27 10 6 11 20 24 20 13 25 26 3 1 22 3 8 27 9 22 14 23 18 27 13 3 2 9 16 3 30 13 9 6 19 26 3 16 12 2 29 23 12 21 1 14 14 12 10 13 24 18 9 9 20 10 3 4 23 24 11 18 23 5 28 7 14 15 22 1 7 6 5 26 9 13 29 14 5 6 12 9 23 11 3 2 8 9 2 14 30 15 9 1 30 14 3 23 7 4 13 2 13 24 27 4 2 3 5 1 16 13 25 7 15 25 21 19 13 14 27 21 25 2 20 12 2 1 3 27 4 6 4 12 22 15 8 16 25 12 7 2 25 3 7 3 9 1 15 24 27 20 12 2 2 14 22 7 26 17 5 12 3 19 2 15 26 22 18 12 28 4 13 3 13 29 13 10 22 14 17 8 13 11
0 17 3
263 178 57
0 17 1
248
0 18 3
233 204 216
1 11 4
210 62 224 228
0 18 3
249 105 236
1 1 7
142 284 240 182 20 37 101
0 9 1
78
0 7 3
103 59 55
2 1 8
152 281 66 181 299 158 44 170
1 6 5
200 294 174 128 69
0 1 4
155 19 153 106
0 2 4
161 191 50 231
3 11 8
278 43 130 144 95 80 89 197
0 1 2
243 0
0 5 3
107 196 160
0 1 7
45 283 218 86 122 100 48
1 8 4
220 271 277 235
0 5 3
154 42 238
0 13 4
194 183 169 32
0 7 1
96
0 19 3
4 9 251
0 20 3
270 31 245
0 20 1
54
0 15 2
291 2
0 4 3
186 280 215
0 12 3
72 63 35
1 12 5
172 285 192 139 252
0 10 3
14 193 250
0 4 6
151 93 261 67 41 25
0 18 3
268 79 119
0 13 3
141 88 1
0 17 6
73 262 255 40 266 195
0 8 4
244 202 211 21
0 4 4
229 29 60 36
0 9 5
28 222 145 298 108
2 10 2
3 173
2 9 1
5
2 12 2
6 115
2 37 1
7
1 17 1
8
1 18 1
10
4 19 1
11
3 25 2
12 184
1 5 1
13
1 24 1
15
2 15 2
16 110
1 26 2
17 99
1 16 1
18
1 33 1
22
1 30 1
23
2 25 1
24
1 22 1
26
1 6 1
27
1 31 1
30
2 12 1
33
2 12 2
34 226
2 17 1
38
1 32 1
39
1 24 1
46
1 30 1
47
1 12 2
49 254
1 25 1
51
1 22 1
52
2 20 1
53
2 28 2
56 98
4 9 1
58
2 19 3
61 162 239
1 14 1
64
5 12 2
65 125
1 20 1
68
2 16 1
70
1 16 1
71
2 11 1
74
2 8 1
75
1 35 1
76
3 17 1
77
1 17 1
81
1 10 1
82
2 13 1
83
1 20 1
84
2 18 1
85
1 21 1
87
1 22 1
90
1 19 1
91
2 11 1
92
1 21 1
94
2 20 1
97
1 14 1
102
1 18 1
104
1 23 2
109 133
2 12 1
111
2 21 1
112
1 10 1
113
3 19 1
114
1 26 1
116
1 34 1
117
4 12 2
118 126
1 28 2
120 199
2 2 1
121
1 35 1
123
1 19 1
124
1 24 2
127 205
1 13 1
129
2 23 1
131
1 27 1
132
1 25 1
134
2 19 2
135 295
2 22 3
136 165 189
2 5 1
137
1 19 1
138
1 26 2
140 225
2 24 1
143
1 30 1
146
4 22 1
147
1 26 2
148 296
2 32 1
149
1 21 1
150
1 28 1
156
5 30 1
157
2 21 1
159
1 29 1
163
2 15 1
164
1 23 1
166
1 17 1
167
1 6 1
168
1 19 1
171
3 14 1
175
1 20 2
176 198
1 3 1
177
1 19 1
179
1 7 1
180
1 18 1
185
2 14 1
187
2 23 1
188
1 24 1
190
4 2 1
201
3 28 1
203
1 18 1
206
2 20 1
207
2 16 1
208
1 28 1
209
5 23 1
212
2 5 1
213
3 25 1
214
1 24 1
217
2 21 1
219
3 18 1
221
2 12 1
223
1 37 1
227
1 16 1
230
3 6 1
232
2 9 1
234
2 24 1
237
1 8 1
241
1 38 1
242
1 36 2
246 264
2 12 1
247
2 17 1
253
2 10 1
256
2 17 1
257
1 35 1
258
4 12 1
259
2 25 1
260
1 26 1
265
1 15 1
267
2 19 1
269
2 13 1
272
1 11 1
273
2 24 1
274
1 11 1
275
1 29 1
276
1 19 1
279
4 19 1
282
1 13 1
286
2 24 1
287
1 15 1
288
6 29 1
289
1 2 1
290
2 6 1
292
1 15 1
293
2 15 1
297
