800 396 1240 53
15 6 14 30 22 24 21 27 11 23 3 2 7 24 10 28 11 16 12 24 8 15 4 3 17 3 7 28 3 2 15 17 9 1 21 21 8 8 14 21 26 5 1 29 11 13 12 10 26 6 6 27 19 25 2 8 13 30 30 30 7 28 11 10 4 17 6 23 1 8 25 29 8 25 2 15 1 29 18 6 26 10 15 14 5 26 2 5 6 24 19 9 21 18 25 19 29 11 16 1 11 4 16 7 11 21 29 25 17 13 5 18 14 4 4 2 4 11 16 21 15 25 7 7 6 13 9 16 3 20 8 12 10 24 11 13 9 17 8 29 10 23 20 9 13 12 17 23 30 27 17 6 18 16 21 4 28 8 12 20 22 11 17 14 23 30 15 13 5 11 9 5 5 14 22 16 16 22 4 15 8 3 13 27 7 27 4 16 13 4 18 11 27 29 21 8 21 11 8 24 4 19 2 9 23 25 25 17 21 23 9 21 21 9 20 18 17 24 8 8 10 10 27 7 22 5 10 25 21 5 23 24 23 5 12 10 16 11 4 3 17 13 24 1 29 29 19 7 9 12 6 19 4 5 11 17 1 26 28 26 17 28 7 18 4 7 1 21 3 13 15 19 14 25 29 4 25 3 28 17 2 23 6 13 21 27 4 5 1 2 6 19 17 10 8 16 6 6 15 19 5 25 9 21 7 27 27 20 22 2 23 12 30 14 2 24 18 9 25 13 22 17 19 4 14 4 19 1 11 13 3 17 23 12 2 27 7 13 30 12 24 11 17 23 23 18 3 1 15 21 16 19 27 4 17 2 1 19 28 2 21 14 9 2 7 26 24 30 16 16 25 30 2 9 25 27 13 6 13 14 15 16 6 7 2 8 12 14 22 18 29 19 26 16 23 8 1 12 6 15 2 20 26 22 24 5 25 22 6 25 30 22 2 27 13 13 15 24 27 27 28 24 1 13 18 15 12 25 9 19 18 19 27 22 30 10 23 9 28 18 4 23 27 11 29 11 19 14 4 4 1 8 11 16 22 18 26 29 22 30 24 6 1 28 3 8 17 16 28 6 6 25 7 11 16 3 12 12 29 13 1 16 29 30 30 26 9 8 17 12 30 17 13 14 25 12 11 11 14 15 18 27 17 6 13 15 13 30 21 2 15 8 1 6 21 13 10 17 12 3 6 19 10 17 29 25 20 12 14 14 26 14 26 25 1 17 7 11 29 26 28 1 19 3 9 22 26 10 24 26 18 26 5 13 19 5 27 15 10 10 11 4 11 24 28 9 7 3 8 12 18 25 10 29 25 4 14 15 10 18 28 21 11 11 27 5 8 16 29 30 29 16 10 10 27 24 9 17 3 16 2 2 9 2 10 13 18 13 3 28 3 20 17 4 18 19 22 28 5 5 22 15 8 6 24 4 25 27 2 23 12 30 10 23 15 30 12 20 29 7 30 10 16 9 5 13 6 2 24 24 22 21 4 8 6 19 1 10 3 4 5 3 15 27 26 3 1 27 19 25 27 7 7 16 7 6 13 22 25 8 27 9 13 4 27 8 21 29 25 5 26 23 6 5 10 9 5 19 2 30 16 30 21 8 25 6 14 24 5 8 11 18 15 11 1 21 4 8 26 11 5 19 27 13 20 8 23 5 28 7 11 17 8 3 17 5 27 5 2 2 14 7 2 5 16 26 19 29 9 24 18 15 12 27 2 21 13 13 20 18 26 3 17 5 28 2 11 18 14 25 29 23 16 18 25 3 23 24 29 19 26 7 2 26 16 7 16 16 13 23 15 24 20 29 13 15 23 25 10 4
6 3 18 3 13 9 10 10 21 28 25 21 20 16 30 22 2 27 15 8 15 11 5 12 9 11 6 30 18 23 23 1 26 29 4 14 26 23 9 22 28 24 17 17 12 27 13 13 16 20 6 3 1 16 26 13 22 4 26 4 16 12 10 30 24 25 18 6 19 29 9 24 17 5 10 18 21 5 16 4 1 11 20 21 7 15 26 18 17 18 24 14 20 22 10 11 25 23 18 12 7 8 26 14 2 20 22 8 17 1 28 30 15 27 3 29 18 25 4 25 16 16 21 14 1 13 12 30 23 15 5 22 20 24 30 11 16 18 19 17 13 1 3 18 19 7 13 18 2 5 15 28 18 20 18 20 24 20 28 27 21 18 22 25 1 17 18 25 21 12 22 3 3 10 29 14 10 14 14 7 5 20 4 1 16 3 3 28 19 24 26 28 21 8 11 8 1 4 26 15 27 8 20 19 5 16 23 16 21 12 11 3 17 5 20 11 7 26 30 2 29 22 24 22 21 8 3 4 29 20 16 22 13 17 5 11 29 23 30 16 15 3 27 8 27 18 11 24 9 22 30 6 18 12 16 30 28 17 20 19 14 10 19 9 17 18 25 18 6 24 13 4 12 3 30 30 21 11 23 7 16 2 9 28 15 9 18 21 30 14 15 3 29 26 7 21 18 6 19 12 18 13 5 12 4 30 18 26 29 10 28 18 9 23 21 10 7 20 18 26 11 7 29 3 1 18 24 10 20 21 12 24 18 13 17 3 26 10 20 2 29 22 27 12 24 10 20 24 4 9 18 22 5 8 24 13 30 6 12 18 20 20 7 7 19 3 3 5 23 23 7 17 28 24 7 4 24 18 5 16 6 28 11 5 27 16 29 16 4 1 7 2 27 12 3 23 8 9 11 7 29 6 28 9 30 20 13 30 25 8 3 21 28 28 12 8 4 17 29 6 30 20 11 21 12 15 15 17 26 27 12 7 19 16 9 25 15 7 6 28 23 20 2 6 8 16 6 17 14 17 15 19 14 24 21 7 27 24 16 21 15 16 24 26 1 5 29 29 21 8 24 15 3 26 18 16 16 26 7 13 11 7 4 26 3 1 19 2 21 15 12 25 14 28 22 14 16 5 24 28 10 30 21 7 8 24 11 12 11 29 22 11 20 3 18 5 7 5 8 20 10 15 15 11 16 25 26 30 17 23 2 28 26 30 26 8 4 10 19 14 29 11 14 8 17 1 25 12 8 26 17 4 20 4 6 21 11 22 4 21 9 4 17 23 28 2 10 3 26 23 29 12 15 10 19 28 28 16 16 21 8 25 4 14 14 25 25 18 29 26 20 1 7 17 3 15 18 23 29 15 6 19 3 8 9 4 15 24 24 17 15 20 19 5 21 8 21 14 26 16 18 28 8 16 25 16 14 6 29 2 24 26 16 17 25 21 23 18 10 29 28 16 8 15 19 6 4 28 27 29 26 24 12 21 22 17 2 11 16 11 8 4 29 30 3 22 16 28 28 16 17 15 12 25 24 11 11 1 2 5 13 18 20 6 15 14 8 10 24 12 30 14 18 7 2 20 3 6 12 1 14 10 10 22 20 4 28 21 15 7 7 28 27 26 14 2 28 21 16 24 12 17 26 14 7 6 16 27 27 12 26 24 25 19 10 10 2 17 27 4 6 23 7 14 10 1 20 4 17 1 19 23 3 14 11 23 25 14 21 4 26 3 7 21 11 4 4 11 25 17 8 9 24 11 21 1 9 26 13 26 24 23 13 6 2 4 15 6 29 17 8 21 26 12 8 26 6 2 22 5
0 19 6
371 515 527 745 465 541
0 17 3
151 195 736
1 1 8
685 428 329 625 633 655 643 284
3 2 11
85 270 328 76 242 218 148 181 508 53 133
4 8 17
569 250 497 163 710 453 747 88 725 639 460 495 426 599 713 208 196
5 5 15
116 249 37 382 4 390 416 266 211 165 607 378 312 519 275
0 6 4
1 596 590 573
0 11 2
568 712
0 19 2
462 322
1 4 7
326 669 233 474 78 160 448
1 15 7
107 267 207 753 169 658 501
1 7 15
482 272 650 388 224 65 742 94 80 35 721 190 106 735 210
3 13 12
406 614 703 358 696 59 83 248 252 377 73 49
1 16 8
204 320 432 507 431 32 574 711
0 2 8
126 391 103 461 359 514 185 269
0 18 4
523 417 504 598
1 4 10
675 220 374 562 676 60 700 765 131 488
0 15 3
315 734 466
2 18 9
740 776 335 644 415 687 110 435 36
0 14 1
539
0 4 2
302 240
1 13 11
405 307 566 695 634 681 119 589 323 101 564
2 1 10
282 332 8 575 549 74 782 547 62 179
0 17 2
477 71
0 8 12
467 790 69 212 396 430 129 253 447 671 122 536
0 20 3
334 553 645
0 14 7
556 560 616 34 622 21 127
0 8 1
177
12 11 22
744 500 611 582 262 728 456 20 98 545 82 679 81 617 143 682 56 194 132 268 308 699
4 16 15
142 764 354 241 649 697 510 791 24 587 87 279 729 451 723
0 10 8
425 257 50 636 540 121 678 522
4 9 10
470 602 144 47 781 135 494 758 280 352
1 2 6
733 188 42 281 613 534
9 3 17
606 397 57 626 237 278 189 529 750 794 478 109 258 688 476 170 384
2 8 11
719 623 347 29 54 128 366 232 516 175 2
0 11 2
12 33
2 3 6
387 592 439 780 484 403
8 2 20
647 243 627 260 708 718 537 773 668 155 3 139 666 166 409 433 288 120 333 469
1 9 8
314 19 362 221 336 659 6 737
0 9 2
778 509
6 13 14
704 517 401 97 419 72 581 9 768 798 92 584 799 604
1 18 1
0
2 21 1
5
2 15 1
7
3 15 1
10
4 4 1
11
7 4 1
13
4 27 2
14 46
2 11 1
15
4 32 1
16
3 17 1
17
4 16 2
18 344
1 24 1
22
6 22 1
23
18 16 1
25
2 10 1
26
1 18 1
27
1 23 1
28
5 20 2
30 130
3 26 2
31 491
1 31 2
38 84
1 17 4
39 304 490 502
4 15 1
40
2 13 2
41 512
1 16 2
43 486
2 16 1
44
18 7 2
45 563
5 13 1
48
1 12 1
51
2 15 1
52
4 24 1
55
5 21 2
58 219
2 22 1
61
5 24 1
63
2 27 2
64 349
2 18 1
66
2 23 1
67
3 19 1
68
1 36 1
70
3 20 1
75
1 25 1
77
6 12 1
79
5 6 1
86
4 12 1
89
5 24 2
90 788
3 27 1
91
17 7 3
93 412 506
3 22 1
95
9 24 1
96
1 17 1
99
1 27 1
100
4 7 1
102
1 28 1
104
1 21 3
105 579 762
3 23 2
108 664
15 18 2
111 385
6 6 1
112
9 21 1
113
5 12 1
114
2 19 1
115
9 8 3
117 205 400
17 13 1
118
17 11 2
123 351
6 28 2
124 345
3 11 1
125
3 19 2
134 475
4 6 2
136 301
4 28 1
137
2 18 2
138 640
5 31 2
140 438
2 21 1
141
5 5 2
145 331
3 25 1
146
4 18 1
147
4 6 2
149 570
3 12 1
150
2 21 2
152 342
4 9 1
153
4 18 1
154
2 23 2
156 398
3 19 1
157
9 5 1
158
5 15 1
159
3 18 1
161
3 30 1
162
7 3 2
164 365
11 13 2
167 369
1 12 1
168
2 33 2
171 449
5 13 1
172
1 21 1
173
1 31 1
174
2 28 1
176
1 11 1
178
4 3 1
180
15 29 1
182
9 10 1
183
4 31 3
184 741 786
15 25 1
186
6 3 3
187 353 714
1 19 1
191
2 15 1
192
4 30 1
193
3 9 1
197
5 22 1
198
17 5 3
199 255 672
4 22 2
200 261
4 24 2
201 364
2 20 1
202
1 23 1
203
3 7 1
206
6 10 1
209
2 18 1
213
1 20 2
214 654
2 34 1
215
4 34 2
216 458
3 17 2
217 630
1 13 1
222
1 20 2
223 572
1 19 2
225 707
4 29 1
226
1 23 1
227
6 18 2
228 421
4 18 1
229
9 17 2
230 444
3 32 2
231 454
1 14 2
234 544
5 20 2
235 339
5 19 1
236
5 14 1
238
3 19 1
239
15 19 3
244 683 756
4 7 1
245
4 25 1
246
16 16 1
247
9 12 1
251
9 16 1
254
3 21 1
256
3 18 1
259
3 22 1
263
3 19 2
264 530
5 20 3
265 663 779
1 31 1
271
3 16 1
273
5 27 2
274 441
1 17 1
276
1 20 1
277
3 26 2
283 748
2 28 1
285
5 21 1
286
2 12 1
287
3 8 2
289 327
6 36 2
290 571
1 24 1
291
3 22 1
292
8 16 1
293
3 21 1
294
2 27 2
295 797
5 17 1
296
4 20 1
297
6 3 1
298
24 14 2
299 498
6 4 1
300
3 8 3
303 346 503
4 13 1
305
17 4 3
306 427 763
2 7 1
309
2 23 2
310 394
1 14 1
311
2 16 2
313 473
5 24 2
316 642
5 31 1
317
7 19 1
318
2 25 1
319
1 22 2
321 418
4 21 2
324 411
3 22 2
325 558
3 16 3
330 338 638
3 9 1
337
15 18 2
340 588
3 15 3
341 505 621
1 28 1
343
3 25 2
348 542
11 10 1
350
5 6 2
355 577
2 22 1
356
1 26 1
357
3 6 1
360
2 28 1
361
6 9 1
363
1 17 1
367
3 8 1
368
1 18 2
370 496
2 36 1
372
2 12 2
373 526
3 28 1
375
2 27 1
376
4 17 1
379
9 10 1
380
2 21 1
381
3 15 1
383
5 33 1
386
3 18 2
389 605
5 22 1
392
3 20 1
393
8 26 1
395
10 21 2
399 724
7 4 1
402
2 25 1
404
1 34 1
407
3 7 1
408
4 13 1
410
3 5 2
413 559
3 24 2
414 489
4 20 1
420
15 21 3
422 532 766
4 35 1
423
4 27 1
424
4 30 2
429 777
8 22 1
434
6 11 1
436
1 9 2
437 595
2 6 2
440 612
3 16 3
442 550 662
7 17 1
443
3 16 1
445
4 5 2
446 689
6 38 1
450
1 22 1
452
2 30 1
455
4 23 1
457
3 33 1
459
3 14 1
463
5 9 1
464
1 12 1
468
3 15 1
471
4 10 1
472
15 27 1
479
5 27 1
480
9 21 2
481 635
5 22 1
483
1 33 1
485
8 24 1
487
2 30 1
492
3 12 1
493
9 14 1
499
3 13 1
511
4 11 1
513
3 10 1
518
2 18 1
520
3 23 1
521
8 29 1
524
2 31 1
525
1 12 1
528
2 23 1
531
3 29 1
533
3 32 1
535
3 12 2
538 770
1 9 1
543
5 22 1
546
5 15 1
548
9 6 1
551
1 27 2
552 752
5 18 1
554
6 29 2
555 667
2 26 1
557
3 10 1
561
4 6 1
565
3 10 1
567
22 5 1
576
3 20 1
578
3 11 1
580
4 21 1
583
6 17 1
585
4 20 1
586
4 17 2
591 795
3 23 1
593
6 11 1
594
2 21 1
597
4 13 1
600
11 10 2
601 796
5 24 1
603
3 30 1
608
4 17 1
609
3 24 1
610
4 35 1
615
5 24 1
618
5 19 1
619
2 25 1
620
6 14 1
624
4 15 1
628
4 32 1
629
4 23 1
631
3 19 1
632
6 2 1
637
2 19 1
641
4 20 1
646
5 17 1
648
3 24 1
651
2 29 1
652
3 21 1
653
10 23 1
656
2 33 1
657
4 22 1
660
5 20 1
661
2 9 1
665
3 19 1
670
11 24 1
673
5 31 1
674
2 26 1
677
3 27 1
680
4 12 1
684
6 25 1
686
3 6 1
690
2 4 2
691 754
1 24 1
692
3 19 1
693
9 11 2
694 785
1 22 1
698
6 19 1
701
2 22 1
702
17 11 2
705 739
2 24 1
706
11 21 1
709
2 19 1
715
1 26 1
716
1 28 1
717
2 21 1
720
3 25 1
722
4 8 1
726
7 14 1
727
4 24 1
730
1 26 1
731
4 18 1
732
5 14 1
738
2 5 1
743
2 14 1
746
1 31 1
749
1 29 1
751
4 37 1
755
2 14 1
757
10 34 1
759
3 12 1
760
2 15 1
761
1 28 1
767
3 22 1
769
1 23 1
771
2 17 1
772
3 19 1
774
1 25 1
775
2 13 1
783
6 28 1
784
2 6 1
787
3 15 1
789
3 35 1
792
2 18 1
793
