800 395 1240 53
24 29 1 19 12 6 27 20 7 15 26 5 18 29 19 20 5 26 28 13 13 27 25 10 22 25 21 27 15 3 4 12 25 3 15 17 20 20 13 3 19 13 14 15 15 4 22 11 7 6 5 10 7 16 29 23 30 19 19 16 12 10 8 17 23 2 12 30 12 15 6 11 18 21 27 14 27 19 29 1 23 4 4 16 8 17 14 18 13 23 22 23 8 2 1 11 3 9 30 14 14 1 18 26 16 11 24 24 9 16 24 15 8 10 3 11 7 24 5 2 30 18 13 20 7 25 19 9 29 22 11 8 11 18 27 22 6 29 5 19 20 27 2 10 12 4 3 16 9 23 23 21 10 11 1 8 10 28 25 17 27 15 28 14 9 7 19 19 7 28 14 20 19 9 27 19 2 5 26 7 4 17 3 7 21 26 20 4 5 13 19 1 8 25 23 27 18 15 12 3 18 11 22 24 19 15 6 9 1 27 19 2 6 1 1 27 29 22 2 20 24 4 12 1 21 23 4 6 7 27 10 8 8 21 25 14 16 21 15 15 2 21 1 5 26 10 7 19 2 9 19 6 1 30 10 30 12 7 2 18 24 7 29 29 19 20 19 25 4 2 12 11 7 19 9 25 1 3 10 20 7 24 13 23 9 26 2 16 20 10 15 26 26 16 24 6 10 8 26 27 12 11 30 2 21 11 27 20 13 26 24 13 1 16 18 16 9 9 9 8 22 23 24 27 9 22 9 23 23 17 10 6 6 19 28 2 18 27 20 27 4 20 26 17 12 14 10 7 22 25 15 9 4 14 2 11 6 10 22 7 1 6 23 15 24 26 18 18 16 2 25 3 17 27 14 10 10 29 15 13 23 27 18 8 17 1 13 11 9 15 26 26 6 2 9 3 25 11 9 8 21 11 18 21 21 19 5 30 11 7 12 10 18 9 30 26 30 21 11 3 5 25 8 23 17 17 14 9 1 22 14 16 13 20 1 6 4 14 17 6 8 1 16 7 6 6 8 17 9 19 20 24 15 20 10 30 23 4 8 6 3 21 5 21 23 28 27 7 14 13 29 29 20 20 4 12 14 8 10 23 17 1 16 29 28 18 8 25 24 1 9 26 3 8 4 1 27 14 18 18 1 13 20 28 14 1 11 17 29 19 1 15 17 22 15 28 6 24 13 17 17 25 15 28 30 23 11 18 4 1 27 9 23 16 28 1 20 9 17 8 27 12 4 3 29 20 6 27 4 26 12 30 6 28 9 20 21 4 12 30 3 8 25 29 30 14 19 26 8 27 29 30 20 27 23 21 7 27 12 13 5 24 19 23 1 6 2 24 2 5 15 19 18 20 6 6 19 17 16 16 24 4 18 5 9 9 30 4 23 14 12 15 13 14 19 21 17 22 22 2 26 5 19 18 10 9 15 10 15 21 10 18 3 15 28 24 21 8 18 9 29 6 7 23 2 4 4 12 17 23 3 18 19 14 5 9 29 25 11 28 20 21 25 5 24 30 10 8 3 24 15 14 16 10 22 7 15 27 4 3 28 21 28 15 6 1 3 12 2 10 9 28 29 2 25 30 14 28 11 26 4 5 3 5 1 5 24 13 17 29 15 10 24 12 4 7 26 5 9 14 27 8 13 30 8 11 3 12 17 11 22 27 24 1 16 24 23 30 10 14 24 4 5 1 26 24 9 22 20 28 14 6 9 16 22 10 18 1 20 29 27 23 18 4 14 13 3 18 22 3 16 11 16 10 6 8 15 27 16 8 9 2 10 28 9 2 14 17 4 17 24 29 3 15 19 7 23 2 11 18
2 2 7 8 9 21 2 12 23 14 19 22 6 7 4 6 5 4 1 6 30 18 20 23 23 25 14 19 3 1 30 24 7 16 18 24 16 16 6 19 7 15 24 28 27 8 21 13 13 22 30 13 17 21 23 19 4 6 22 7 13 16 7 3 20 28 5 4 27 17 11 6 24 24 1 22 19 7 16 14 15 14 4 6 19 22 2 4 15 21 16 29 16 21 12 26 16 30 16 3 1 24 12 4 1 28 30 21 29 5 25 4 13 14 14 6 11 19 20 25 25 17 4 10 9 19 22 24 13 3 3 22 19 3 23 24 10 2 1 4 6 17 10 15 27 13 10 12 9 30 21 29 20 19 6 20 13 6 15 6 1 14 6 4 17 5 23 24 11 12 19 13 13 25 16 20 15 27 25 27 4 3 17 28 19 12 25 13 6 12 3 3 18 9 15 2 21 26 14 30 18 24 6 6 12 7 21 7 11 9 16 27 28 16 2 14 19 14 5 13 27 27 3 21 9 17 10 5 30 14 14 13 8 21 12 26 5 27 25 28 16 30 26 2 6 28 25 26 22 26 30 8 23 25 23 6 29 1 22 14 13 22 28 21 30 17 6 18 18 20 16 1 9 21 27 29 10 27 19 25 20 28 26 6 25 22 23 2 19 20 5 15 18 1 29 22 1 27 1 12 2 13 13 9 28 11 13 23 27 6 12 15 24 16 10 23 15 26 22 8 26 19 1 5 29 2 23 18 20 24 27 19 24 2 30 5 11 8 6 28 14 22 5 12 20 9 9 20 20 18 16 17 30 28 20 18 29 10 24 17 3 14 28 12 21 11 1 30 26 26 15 20 27 1 14 12 13 7 2 10 9 30 1 29 12 2 7 11 17 15 27 30 21 16 21 29 9 3 4 6 15 3 19 21 30 20 2 2 7 5 24 25 20 6 1 13 23 25 13 28 2 16 13 9 28 2 14 22 8 10 15 12 25 21 10 19 24 15 13 25 12 9 2 15 19 12 9 11 4 18 26 12 27 23 4 12 22 23 8 22 26 13 24 14 18 24 9 25 20 12 10 7 30 23 16 22 1 5 21 19 30 7 4 5 1 5 7 7 22 3 6 1 3 27 30 18 27 7 13 23 6 11 28 26 14 8 2 30 22 2 22 18 11 1 19 26 25 20 2 18 19 12 10 20 3 14 12 10 15 13 6 4 18 26 8 3 2 2 20 22 23 10 10 27 7 26 17 9 25 30 27 7 25 2 27 29 24 5 5 27 15 11 17 4 11 28 17 10 9 21 26 23 26 16 27 15 1 17 13 27 18 13 9 26 28 3 14 11 10 6 12 9 14 5 26 12 16 15 5 14 6 14 1 27 8 5 7 15 27 3 6 26 24 21 17 5 14 11 27 19 19 7 8 29 1 28 28 16 21 16 3 11 13 10 29 23 26 4 15 1 10 14 26 25 19 28 3 5 12 28 17 3 25 4 19 10 25 4 13 29 7 20 22 5 8 12 1 13 16 6 7 18 7 3 6 25 10 3 18 15 16 25 30 20 28 5 12 7 23 17 13 12 6 21 18 25 22 12 8 17 26 9 17 24 5 12 19 5 25 18 1 25 22 17 1 26 12 30 10 10 10 22 11 7 25 20 10 18 23 8 13 8 19 5 16 5 22 27 25 2 1 19 28 17 15 7 11 16 13 28 29 23 27 7 23 12 27 26 16 7 19 21 14 3 10 22 18 16 8 13 26 14 3 2 9 25 24 26 12 2 12 7 22 9 30 21 21 7 28 30 3 30 10 19 5 26 4 11 17 6
1 11 7
740 759 751 201 25 277 765
0 16 2
761 700
4 5 16
266 303 658 102 69 672 614 82 225 252 391 186 62 411 742 96
0 7 4
682 704 197 747
3 19 11
188 212 385 370 653 83 544 339 311 260 13
0 17 3
762 172 154
1 19 5
116 152 797 77 753
5 5 19
130 381 41 591 44 667 218 134 566 350 242 438 721 224 95 67 554 72 541
2 12 7
524 98 80 170 230 593 694
0 8 3
603 139 561
0 19 2
137 691
0 10 5
595 376 707 798 51
0 19 2
652 511
0 4 3
48 284 551
7 18 13
159 377 444 240 307 499 473 556 125 165 768 460 737
5 7 11
106 390 268 2 790 347 336 191 333 281 794
4 10 12
716 318 149 650 542 380 249 120 668 719 507 619
4 8 11
598 651 505 782 480 654 706 131 410 430 564
0 17 9
379 734 368 329 103 205 635 785 299
0 6 7
623 617 289 529 494 138 150
1 13 4
485 729 563 565
0 4 8
728 158 117 324 579 535 533 57
0 2 13
180 251 219 39 328 489 657 746 495 282 723 730 611
0 10 4
92 107 498 119
0 7 4
258 46 433 210
0 10 7
588 113 497 732 208 38 360
4 11 14
319 750 749 555 163 680 512 799 456 615 204 247 612 467
2 9 6
688 552 710 674 295 718
3 17 11
636 128 689 727 409 93 439 546 141 699 351
0 16 2
545 414
4 4 13
349 662 22 156 296 445 261 19 709 736 75 236 484
2 17 10
121 500 632 557 568 513 597 491 358 26
6 12 15
418 108 532 52 238 304 649 37 45 463 599 109 441 56 73
5 12 13
712 610 395 450 14 320 613 346 469 179 129 206 777
0 3 3
144 514 669
5 14 17
132 525 167 683 687 677 428 147 575 257 488 401 237 361 461 365 217
1 15 5
705 758 786 394 292
0 15 3
274 606 203
0 20 2
626 452
0 7 10
415 192 357 213 690 28 692 490 621 465
4 8 4
0 363 435 609
1 13 1
1
5 36 3
3 306 486
1 36 1
4
2 13 1
5
4 19 1
6
19 24 3
7 374 620
2 23 2
8 600
18 17 1
9
2 10 1
10
5 17 1
11
4 15 1
12
14 21 1
15
5 20 2
16 638
2 14 1
17
5 24 1
18
3 27 3
20 442 684
4 17 2
21 111
5 29 2
23 352
5 33 1
24
5 26 2
27 763
5 26 2
29 534
14 22 1
30
1 25 1
31
5 28 1
32
1 22 1
33
1 17 1
34
5 21 3
35 594 629
1 19 1
36
8 22 2
40 334
14 20 1
42
4 21 2
43 783
5 25 3
47 601 685
1 9 2
49 382
5 15 1
50
14 9 3
53 703 738
1 36 1
54
1 16 1
55
1 24 1
58
2 20 2
59 276
2 18 2
60 702
4 23 1
61
14 17 3
63 115 443
1 14 1
64
1 38 1
65
2 19 1
66
1 8 2
68 447
1 12 1
70
4 32 1
71
1 22 1
74
5 18 2
76 302
1 22 2
78 243
16 24 1
79
8 30 3
81 510 675
16 21 1
84
1 24 2
85 110
9 29 1
86
4 21 2
87 386
4 29 2
88 582
3 29 1
89
1 16 1
90
2 16 1
91
1 11 1
94
1 26 1
97
8 17 1
99
8 23 2
100 453
4 30 1
101
14 22 2
104 540
2 25 1
105
4 12 1
112
4 22 1
114
1 10 1
118
1 7 1
122
3 28 2
123 396
1 7 2
124 570
1 6 1
126
4 27 1
127
14 31 1
133
3 33 3
135 560 679
3 35 1
136
1 36 1
140
14 20 2
142 454
1 13 1
143
4 24 1
145
1 21 2
146 265
3 22 1
148
4 28 1
151
4 32 1
153
5 20 2
155 431
14 17 1
157
4 14 1
160
5 23 2
161 795
5 16 2
162 553
1 20 2
164 637
4 16 4
166 425 572 760
3 27 1
168
2 11 2
169 464
3 30 2
171 530
1 35 1
173
1 34 2
174 641
4 16 1
175
13 17 2
176 780
1 17 1
177
4 20 1
178
2 16 2
181 578
5 24 1
182
1 24 2
183 446
1 16 1
184
5 33 2
185 592
3 25 1
187
1 33 1
189
1 23 2
190 477
2 15 1
193
4 9 1
194
2 15 2
195 519
1 31 2
196 451
16 14 2
198 770
3 28 2
199 389
13 23 2
200 492
1 23 1
202
1 21 1
207
1 13 2
209 528
11 23 1
211
3 34 1
214
1 24 1
215
4 14 2
216 356
3 32 1
220
8 32 1
221
5 25 1
222
1 21 4
223 642 726 743
4 34 2
226 449
2 23 1
227
2 9 2
228 483
2 8 1
229
4 26 2
231 364
14 27 2
232 744
4 17 1
233
14 36 2
234 589
11 17 1
235
1 11 2
239 262
1 24 1
241
2 8 1
244
1 17 1
245
12 23 1
246
1 14 5
248 294 325 448 693
12 23 1
250
13 28 3
253 340 421
2 25 1
254
1 13 1
255
14 35 1
256
2 20 1
259
1 16 1
263
4 29 1
264
4 13 1
267
1 19 3
269 639 778
14 31 1
270
5 27 1
271
1 34 1
272
1 38 1
273
9 29 2
275 640
4 15 3
278 457 618
1 20 1
279
5 27 1
280
20 25 1
283
5 14 1
285
2 15 1
286
9 35 2
287 323
5 23 3
288 583 701
4 21 1
290
1 30 1
291
16 16 1
293
11 29 3
297 308 625
4 22 1
298
5 30 1
300
12 30 1
301
4 26 1
305
2 12 1
309
12 15 2
310 312
2 22 1
313
18 22 1
314
18 28 1
315
5 19 1
316
20 19 1
317
1 12 1
321
2 14 1
322
1 14 1
326
13 14 1
327
2 21 1
330
5 12 2
331 521
1 7 1
332
5 38 2
335 432
1 12 2
337 558
1 25 1
338
5 19 2
341 645
5 31 1
342
12 20 1
343
1 32 1
344
1 14 1
345
2 13 1
348
14 17 2
353 722
2 17 1
354
9 24 1
355
1 15 1
359
1 20 2
362 459
11 30 1
366
2 22 2
367 476
12 16 2
369 696
2 13 2
371 608
4 22 3
372 466 735
9 26 2
373 569
13 19 2
375 659
1 18 1
378
1 22 1
383
4 20 1
384
5 30 1
387
14 26 1
388
3 35 1
392
1 10 2
393 458
2 21 1
397
14 19 1
398
1 34 2
399 757
5 29 2
400 596
19 19 1
402
18 22 2
403 526
1 18 1
404
1 7 1
405
1 17 1
406
4 27 1
407
14 29 1
408
3 21 2
412 643
1 21 1
413
1 9 2
416 547
3 26 1
417
9 29 1
419
5 24 1
420
2 15 3
422 571 769
12 25 1
423
14 33 2
424 567
1 26 1
426
1 37 1
427
1 27 1
429
2 18 2
434 436
2 27 2
437 698
14 15 1
440
1 20 1
455
13 14 1
462
1 26 1
468
12 18 1
470
1 19 1
471
1 29 1
472
12 16 1
474
2 16 1
475
1 26 1
478
1 23 1
479
14 25 2
481 678
4 31 1
482
1 11 1
487
1 30 1
493
1 20 2
496 711
4 23 1
501
4 27 2
502 784
1 28 1
503
14 15 1
504
2 28 2
506 590
4 19 1
508
2 19 1
509
2 21 1
515
4 22 1
516
2 16 1
517
5 25 1
518
14 10 2
520 725
5 24 2
522 584
9 34 3
523 644 697
3 23 2
527 714
4 23 1
531
1 17 1
536
8 25 1
537
3 29 1
538
9 22 1
539
4 11 1
543
1 19 1
548
2 19 1
549
14 24 1
550
1 17 1
559
1 21 1
562
2 21 1
573
1 10 1
574
2 26 1
576
14 31 1
577
1 30 1
580
1 10 1
581
1 37 1
585
1 28 1
586
4 25 2
587 745
4 23 1
602
1 16 1
604
4 23 1
605
1 17 1
607
1 24 1
616
4 34 1
622
1 17 1
624
11 16 2
627 681
4 18 1
628
2 10 1
630
4 21 1
631
4 24 1
633
12 29 1
634
2 16 1
646
2 21 1
647
2 24 1
648
5 23 1
655
5 29 1
656
14 19 1
660
1 13 1
661
2 21 1
663
1 18 1
664
8 20 2
665 796
9 28 1
666
5 20 1
670
4 24 1
671
5 31 1
673
2 16 1
676
4 19 1
686
3 33 1
695
5 34 2
708 755
16 16 1
713
8 31 1
715
11 31 1
717
4 34 1
720
3 28 1
724
4 14 1
731
1 28 1
733
4 22 1
739
4 11 1
741
1 20 1
748
5 24 1
752
2 23 1
754
3 28 1
756
5 28 1
764
3 24 1
766
1 11 1
767
1 15 1
771
1 25 1
772
14 13 1
773
1 13 1
774
4 26 1
775
1 6 1
776
2 18 1
779
4 12 1
781
4 20 1
787
3 36 1
788
2 27 1
789
2 11 1
791
4 17 1
792
2 23 1
793
