800 387 1240 53
16 9 13 25 18 23 27 30 22 1 29 10 25 3 1 10 5 3 20 4 4 24 27 22 8 13 1 16 3 8 24 9 13 5 29 17 23 3 23 18 11 19 17 9 7 22 23 1 12 25 24 7 24 15 9 25 9 1 17 26 21 24 30 26 30 20 13 9 23 10 15 5 6 28 5 8 19 11 13 29 3 30 6 19 27 20 4 29 4 1 25 4 29 1 14 29 15 22 17 14 29 29 4 14 7 11 22 6 22 12 28 2 11 10 24 6 28 9 17 14 6 23 28 24 11 4 18 23 29 22 13 22 19 24 25 16 4 22 3 26 12 25 17 27 5 10 7 3 21 30 7 16 13 15 5 5 12 17 26 28 7 13 20 22 14 18 7 28 14 16 27 20 2 16 21 2 23 26 28 7 2 30 2 9 6 27 24 24 9 30 13 24 4 11 7 17 23 22 29 11 25 30 13 8 4 30 3 25 18 17 10 30 14 11 4 1 2 3 11 18 9 30 10 4 13 30 15 9 25 15 29 7 19 19 24 5 11 18 18 20 14 12 22 21 5 18 11 3 28 2 16 18 12 6 10 10 1 27 8 7 30 5 16 30 15 11 1 3 12 9 25 8 3 25 2 10 20 16 20 1 28 13 27 9 24 15 25 10 1 9 6 14 10 1 12 11 19 11 29 3 5 2 24 7 7 8 13 30 4 10 16 8 24 5 29 29 23 17 12 14 20 29 30 23 22 9 26 11 1 5 6 21 3 15 23 24 30 17 11 30 18 28 28 1 10 11 12 17 11 6 23 9 19 12 10 24 6 16 14 15 29 10 20 14 13 26 7 4 4 3 7 15 7 4 2 7 18 11 22 17 26 2 20 6 21 28 13 16 19 21 29 4 13 28 11 5 28 4 17 5 19 1 8 1 5 4 9 19 16 20 21 16 12 7 23 30 12 9 26 15 4 19 12 3 10 13 17 7 18 27 23 26 15 30 9 27 3 5 4 22 24 10 12 9 24 16 26 7 6 12 9 21 29 30 1 2 13 20 8 11 8 12 29 5 26 20 27 1 5 28 12 9 12 8 27 27 7 17 20 13 29 15 18 5 26 29 11 10 5 6 3 16 25 23 26 21 14 6 25 29 8 17 11 9 13 17 23 22 18 21 19 7 2 25 25 18 10 11 12 4 4 25 16 19 21 13 13 19 11 24 14 15 8 27 23 22 21 16 23 16 20 20 22 20 9 7 10 28 6 26 17 7 28 4 20 9 9 5 1 18 17 25 29 2 14 17 2 27 16 27 21 16 23 24 26 16 11 26 17 2 5 2 30 4 26 9 6 18 20 16 3 17 29 6 20 11 13 10 14 25 26 20 15 30 18 1 24 17 6 1 2 3 4 26 26 10 6 29 4 23 16 17 28 28 1 4 12 6 13 13 13 21 17 17 27 5 21 7 27 1 2 27 5 19 11 5 7 18 16 5 25 6 20 19 19 8 24 29 10 10 4 12 1 25 7 28 17 25 4 27 23 14 17 20 15 28 1 13 17 10 26 16 4 9 24 23 14 12 9 28 7 22 8 7 1 5 13 1 9 10 5 1 21 7 23 8 6 14 5 15 6 18 13 20 23 16 30 12 21 25 12 16 4 23 15 6 26 7 22 25 13 24 15 25 6 4 8 5 20 12 29 12 3 4 24 7 22 8 5 5 12 13 16 17 11 25 6 23 29 11 18 7 5 8 30 12 15 9 13 30 13 14 21 29 16 13 20 14 20 5 18 17 1 12 17 19 27 28 13 22 24 2 30 27 15 28 8 10 24 16
20 23 8 30 13 9 7 11 5 18 21 24 25 9 15 18 12 2 22 22 22 29 8 5 11 25 30 17 24 24 19 12 13 6 16 14 12 8 2 8 4 11 28 17 15 28 14 18 23 2 23 15 13 10 16 11 3 15 22 28 12 21 14 11 10 28 9 24 23 6 8 17 22 16 16 9 11 19 10 8 2 16 9 17 13 4 7 22 16 16 1 22 30 14 15 14 3 10 5 22 2 6 22 28 12 15 24 21 16 20 1 27 5 6 20 27 2 30 8 19 26 4 23 17 6 2 3 6 13 3 20 19 26 4 22 27 20 3 20 17 24 16 15 15 17 17 13 13 24 30 20 6 5 16 13 25 25 6 7 18 30 16 6 8 17 6 18 14 26 16 25 3 14 12 24 26 28 23 12 21 4 6 28 26 25 15 14 17 5 25 13 7 2 10 18 29 11 15 17 14 5 9 13 17 16 14 3 10 17 20 16 20 7 30 21 29 22 14 30 17 19 3 18 6 13 27 29 15 29 10 21 26 10 13 25 23 29 6 22 23 29 8 26 17 2 24 14 6 1 5 4 7 3 25 14 5 10 27 18 29 25 18 26 24 19 21 7 18 18 27 1 17 6 4 6 6 4 28 7 4 27 16 9 10 12 24 9 20 5 8 14 4 30 15 2 16 24 20 10 8 26 11 16 25 30 12 10 11 7 23 30 19 13 10 25 26 15 25 4 16 7 19 11 28 17 11 25 30 18 29 12 1 23 16 3 4 18 26 9 10 30 29 15 11 26 1 4 13 4 22 6 3 22 11 29 4 14 6 6 26 13 20 17 15 8 1 14 18 5 16 4 21 20 28 13 3 28 15 19 20 23 26 2 2 6 6 1 26 9 8 23 3 29 8 26 23 29 5 7 12 16 14 28 11 5 3 20 26 1 5 26 12 25 29 3 28 12 24 24 22 29 25 15 19 5 10 21 11 23 30 27 4 14 26 9 15 11 17 20 2 11 7 10 29 1 10 1 15 28 27 3 18 15 22 19 25 21 15 28 19 23 28 6 24 12 23 20 30 30 4 9 8 17 27 22 24 1 21 10 23 22 16 24 11 18 30 30 23 30 19 24 30 1 18 13 29 23 17 16 15 3 24 17 14 28 28 28 4 4 10 11 11 26 1 25 20 20 11 4 14 10 10 17 4 3 28 19 28 17 16 20 12 10 14 17 29 27 25 24 15 2 5 22 14 20 23 24 20 2 5 7 6 22 22 23 10 6 3 25 10 15 8 17 28 13 8 21 22 27 27 19 22 14 5 21 12 9 13 29 28 18 4 10 27 6 8 6 13 20 2 28 11 9 2 2 27 12 28 27 7 9 6 24 18 14 18 18 15 24 19 25 21 7 30 25 16 5 8 25 10 30 30 25 25 15 16 24 10 23 16 7 21 28 6 13 11 25 26 26 24 27 27 21 5 15 24 11 22 17 29 23 6 20 25 1 23 26 29 16 21 25 6 5 11 9 9 6 12 15 9 25 22 29 11 10 18 12 19 19 20 24 22 17 16 8 2 11 4 23 21 5 21 10 26 2 16 16 17 18 15 12 2 18 14 16 28 26 6 21 18 17 3 9 2 24 28 22 21 17 6 7 5 11 4 24 4 20 14 21 10 6 25 19 17 30 29 8 24 13 15 15 4 2 5 30 19 22 19 1 20 4 14 1 8 1 14 1 14 5 24 2 28 11 3 25 3 5 26 18 5 27 8 28 8 7 27 19 4 7 20 12 27 10 15 1 24 11 17 21 27 6 7 19 1 10 1 3 30 8 17
0 3 2
28 35
6 17 22
382 37 592 90 401 257 350 706 242 495 431 583 375 670 331 193 277 84 536 691 123 85
6 11 14
153 243 766 754 298 185 622 702 575 284 568 252 562 799
1 11 8
466 290 219 7 499 411 361 2
1 16 8
435 680 253 602 663 619 686 712
0 13 3
178 98 687
0 18 2
254 234
0 10 3
585 531 503
0 15 2
407 560
0 3 11
776 391 107 50 385 544 364 524 635 771 312
2 1 10
132 241 208 147 701 772 611 662 359 275
1 8 10
695 320 184 461 383 441 57 667 327 549
0 7 2
379 367
0 14 5
308 518 696 192 733
0 13 3
651 718 93
1 1 5
66 565 502 504 251
1 1 10
535 72 365 603 263 310 779 115 719 139
3 18 12
34 179 113 714 189 336 436 707 589 210 159 173
3 10 10
468 758 295 420 16 240 505 172 125 194
5 9 13
522 44 398 723 292 119 507 6 405 88 664 110 377
2 12 5
684 91 725 347 637
1 5 6
577 106 131 652 330 316
0 5 2
744 233
1 13 7
555 731 463 415 303 286 285
4 6 10
158 752 18 738 632 103 82 690 566 582
3 13 9
597 422 264 366 636 309 427 381 74
2 18 7
1 325 573 248 781 329 574
0 13 16
471 114 685 296 659 54 130 105 708 188 63 307 623 788 300 352
2 3 5
279 29 180 25 47
2 20 12
274 26 596 633 563 360 212 171 67 133 51 200
0 18 2
15 545
3 2 19
713 475 215 515 270 5 143 540 376 517 207 501 724 141 221 256 551 14 742
2 15 13
195 529 607 462 204 650 490 58 102 109 778 196 609
1 2 3
148 523 677
8 8 19
218 683 765 716 108 46 73 506 249 209 348 280 616 343 393 262 601 519 762
0 1 2
567 489
2 8 9
223 288 751 444 426 511 168 164 668
0 12 1
32
0 11 10
49 689 578 417 730 244 111 126 326 214
0 8 4
345 371 138 378
2 14 13
276 78 161 217 430 487 638 648 671 711 39 660 642
12 15 2
0 369
3 23 1
3
1 14 1
4
4 4 2
8 140
2 15 2
9 655
2 16 3
10 167 586
2 31 2
11 390
2 14 1
12
3 13 2
13 617
2 23 1
17
3 26 2
19 550
3 23 1
20
1 22 3
21 521 581
2 21 1
22
8 29 2
23 89
4 15 3
24 473 786
2 38 1
27
10 33 1
30
8 13 1
31
8 16 3
33 232 770
4 14 1
36
15 30 2
38 145
12 31 3
40 52 404
1 3 2
41 777
10 29 2
42 699
3 26 1
43
2 30 2
45 631
2 21 1
48
3 21 1
53
2 13 2
55 797
11 12 1
56
3 24 3
59 459 530
8 13 1
60
3 29 1
61
10 11 1
62
3 19 3
64 323 678
11 10 1
65
6 33 1
68
9 17 1
69
2 23 1
70
3 17 1
71
11 19 2
75 169
2 29 2
76 293
3 12 2
77 512
11 20 2
79 447
4 10 4
80 236 269 425
11 10 1
81
6 20 1
83
3 19 3
86 226 392
2 24 2
87 745
3 31 1
92
2 22 2
94 283
6 29 1
95
4 30 1
96
2 16 1
97
10 12 2
99 538
11 11 1
100
11 14 1
101
10 17 1
104
16 20 5
112 186 246 394 484
3 14 1
116
4 17 1
117
2 19 1
118
4 16 1
120
5 10 1
121
2 14 1
122
8 37 3
124 363 465
2 28 2
127 795
12 19 1
128
2 22 2
129 600
1 15 1
134
11 18 1
135
9 9 2
136 429
3 30 1
137
2 29 1
142
3 12 1
144
5 6 2
146 614
2 13 2
149 709
5 16 1
150
2 19 1
151
4 28 1
152
2 27 3
154 451 674
11 9 4
155 402 572 736
12 14 1
156
10 16 1
157
2 14 2
160 610
4 25 1
162
1 14 1
163
2 24 2
165 311
3 33 1
166
4 26 1
170
4 16 2
174 553
17 20 1
175
3 23 2
176 469
2 11 3
177 389 710
3 26 1
181
2 26 1
182
11 15 1
183
5 7 1
187
2 19 1
190
2 25 1
191
2 35 2
197 299
2 23 1
198
2 19 1
199
8 38 1
201
3 17 1
202
1 20 1
203
2 25 1
205
2 21 2
206 341
15 25 1
211
4 21 1
213
2 35 2
216 548
2 32 1
220
4 19 1
222
4 29 1
224
2 29 1
225
4 21 2
227 452
3 21 1
228
2 23 1
229
12 27 1
230
4 27 2
231 247
2 32 1
235
2 4 3
237 400 682
4 17 2
238 626
3 21 1
239
2 17 1
245
1 18 1
250
2 21 1
255
2 28 1
258
2 14 2
259 358
3 22 2
260 534
2 32 1
261
3 25 1
265
8 32 2
266 272
11 12 3
267 301 448
3 22 2
268 768
2 27 1
271
5 25 1
273
3 10 1
278
5 17 1
281
8 34 2
282 450
10 24 1
287
4 15 1
289
8 35 1
291
11 3 1
294
10 23 2
297 794
3 11 1
302
2 24 2
304 785
8 31 1
305
3 11 3
306 416 527
11 32 1
313
16 25 3
314 470 564
5 7 2
315 500
11 15 3
317 373 433
2 26 1
318
18 19 1
319
3 10 1
321
1 24 2
322 740
2 23 2
324 641
8 4 2
328 739
2 8 1
332
2 11 1
333
2 31 1
334
8 22 4
335 480 624 760
3 23 1
337
2 34 1
338
5 7 1
339
11 10 2
340 520
5 25 1
342
4 14 1
344
4 14 1
346
10 21 1
349
3 28 1
351
5 15 3
353 443 749
2 19 1
354
2 11 1
355
2 11 1
356
9 22 2
357 621
2 14 2
362 673
2 25 1
368
2 28 2
370 542
2 13 1
372
1 16 1
374
4 3 1
380
3 25 1
384
2 23 1
386
3 15 1
387
12 24 1
388
9 19 1
395
5 18 2
396 764
3 20 1
397
9 26 1
399
2 29 3
403 606 722
5 13 1
406
6 35 1
408
5 19 2
409 666
5 22 1
410
4 9 1
412
2 19 1
413
1 4 1
414
8 12 1
418
2 30 1
419
6 30 1
421
2 16 2
423 693
1 14 1
424
2 25 3
428 453 618
4 24 1
432
11 27 1
434
1 21 1
437
4 22 2
438 676
3 13 2
439 464
4 30 1
440
2 26 1
442
4 27 1
445
2 31 1
446
4 31 1
449
3 24 1
454
2 33 1
455
2 24 1
456
2 28 1
457
2 17 2
458 704
11 25 1
460
2 18 1
467
8 23 1
472
1 8 1
474
1 4 1
476
11 26 1
477
4 18 2
478 793
1 13 2
479 748
2 27 1
481
5 13 2
482 510
10 16 2
483 796
2 33 1
485
2 27 1
486
6 26 1
488
3 17 1
491
2 22 1
492
2 17 1
493
2 16 1
494
4 16 1
496
8 4 2
497 694
5 20 2
498 594
11 8 1
508
4 29 3
509 679 746
3 28 1
513
1 10 1
514
3 12 1
516
1 2 1
525
6 28 1
526
8 11 2
528 658
2 9 1
532
4 14 1
533
2 14 1
537
2 14 2
539 579
4 9 1
541
8 20 1
543
3 21 1
546
10 11 1
547
11 19 1
552
1 25 1
554
8 21 1
556
4 6 2
557 559
1 12 1
558
3 24 1
561
2 4 1
569
1 18 2
570 647
9 16 1
571
4 31 1
576
4 32 1
580
2 16 1
584
3 23 1
587
3 24 2
588 657
3 9 1
590
3 4 1
591
11 19 2
593 729
8 15 1
595
3 16 1
598
2 16 1
599
2 26 1
604
2 16 1
605
2 21 1
608
8 20 1
612
2 24 1
613
8 21 1
615
1 12 1
620
2 26 1
625
3 29 2
627 791
8 10 1
628
2 22 2
629 734
2 38 1
630
2 30 1
634
2 6 1
639
4 15 1
640
8 4 1
643
4 19 1
644
10 26 1
645
2 28 1
646
2 21 1
649
3 9 1
653
2 18 1
654
1 9 1
656
2 26 1
661
2 12 1
665
2 33 1
669
2 18 1
672
8 11 1
675
8 22 1
681
4 18 1
688
2 29 1
692
1 21 1
697
2 15 1
698
2 23 2
700 769
4 29 1
703
1 27 1
705
2 36 1
715
8 10 1
717
11 15 1
720
10 25 1
721
4 27 1
726
2 30 2
727 747
5 22 1
728
3 16 1
732
5 23 1
735
1 25 1
737
4 2 1
741
6 20 1
743
2 15 1
750
3 5 1
753
10 27 1
755
2 24 1
756
9 25 1
757
4 27 1
759
3 29 1
761
2 24 2
763 789
1 15 1
767
9 9 1
773
1 19 1
774
10 16 1
775
3 8 1
780
2 29 1
782
12 35 1
783
4 25 1
784
3 11 1
787
15 29 1
790
5 11 1
792
8 19 1
798
