800 396 1240 53
17 10 13 12 28 5 30 23 30 6 15 8 18 24 23 28 11 20 18 1 26 7 18 29 14 16 28 21 7 9 8 19 28 30 28 18 25 21 18 21 18 23 29 27 26 18 12 12 18 16 6 20 29 24 2 12 26 29 29 14 3 12 9 19 23 8 27 7 5 29 26 16 27 23 28 15 22 28 18 23 25 21 22 24 29 3 21 22 6 15 15 8 6 27 26 2 22 29 11 17 8 5 8 4 3 8 3 16 14 22 10 19 12 23 6 30 2 18 25 13 29 29 20 11 28 23 20 3 24 6 28 2 22 15 19 3 18 20 28 13 30 28 15 20 2 28 12 16 2 10 6 21 29 19 20 6 3 6 28 26 2 6 6 12 24 24 8 27 4 23 25 4 5 20 21 15 30 10 12 8 21 13 23 5 24 12 11 27 16 23 10 30 25 4 27 22 4 30 17 9 23 14 23 3 13 3 9 25 9 4 27 27 10 22 21 21 13 25 17 22 14 10 11 16 19 22 24 23 14 25 15 27 12 21 6 28 4 29 4 7 21 14 13 5 24 19 6 24 21 24 22 13 3 5 7 20 7 12 15 4 1 3 14 15 15 8 24 11 2 10 27 2 13 7 20 7 8 25 22 4 18 12 17 15 15 7 22 21 19 20 2 30 4 12 1 7 1 30 11 24 25 8 5 8 4 7 1 25 25 25 12 8 7 25 8 16 17 15 22 28 7 25 9 18 11 12 26 20 13 21 8 27 7 16 29 1 29 22 14 4 28 25 11 8 11 7 14 17 16 2 11 23 29 22 26 25 28 30 5 14 25 26 30 8 26 30 3 9 17 18 1 25 25 1 30 22 22 12 18 27 15 16 2 6 21 8 11 20 22 22 18 12 4 1 13 14 9 6 1 25 18 13 4 4 28 22 26 4 9 1 27 19 9 8 10 18 15 29 2 10 11 5 29 12 17 10 24 29 1 26 15 1 11 19 3 23 9 26 21 2 15 4 12 19 9 15 9 12 18 7 23 19 30 11 8 20 29 30 6 21 23 6 19 26 18 13 5 14 27 29 1 26 26 17 1 11 22 30 12 21 3 16 1 1 15 10 21 28 23 4 23 10 5 25 2 15 8 28 18 22 6 13 30 6 9 18 18 29 17 27 5 18 16 1 13 24 29 11 8 15 15 22 27 14 24 3 30 25 21 2 8 24 26 25 17 6 16 27 20 1 5 22 15 10 5 9 17 16 5 20 18 5 28 5 22 3 20 3 18 16 23 10 16 9 30 17 3 25 7 16 11 26 17 16 2 7 29 6 27 11 30 19 16 25 18 25 23 28 14 22 13 27 15 7 21 20 27 29 8 11 3 6 24 29 1 11 30 8 19 9 24 10 1 5 3 2 1 5 9 12 15 25 16 18 1 10 17 15 27 10 28 9 28 27 2 27 15 12 12 14 7 10 22 8 22 26 2 27 13 2 14 3 21 25 13 19 2 3 5 25 13 29 19 28 5 30 28 5 26 5 24 6 28 28 19 19 7 1 11 17 11 30 14 15 4 6 13 9 30 1 19 7 18 10 1 23 15 5 9 2 9 17 15 18 21 30 3 26 16 30 26 27 16 21 25 28 9 6 14 30 21 16 28 2 12 9 8 10 23 19 16 24 28 3 17 25 3 29 16 12 7 29 1 21 20 29 28 20 29 16 18 14 4 19 5 19 10 10 16 4 27 3 2 20 13 30 13 22 23 19 3 7 16 28 13 21 18 3 18 5 22 5 5 8 27 2 28 2 1 19 9 30 29 4 1 24 25 24 3 26
21 20 17 11 6 26 3 22 18 25 1 19 9 4 23 27 19 29 4 17 28 1 26 27 15 19 4 22 14 7 30 13 13 14 16 1 30 24 10 16 29 21 19 30 27 25 16 6 7 27 24 24 25 21 16 9 30 27 3 2 6 25 11 25 24 6 25 2 4 11 30 29 22 30 21 28 19 21 25 10 2 2 13 23 22 14 2 30 23 28 3 30 10 23 10 12 10 28 17 14 20 28 29 7 4 9 30 1 29 13 13 14 30 24 5 5 6 18 3 19 13 8 7 26 13 14 11 26 11 7 4 14 30 24 16 5 16 20 10 4 12 18 19 7 13 11 13 5 17 21 8 1 30 3 12 17 10 7 19 28 28 13 18 11 26 22 10 15 6 14 8 13 14 22 1 2 8 22 18 13 1 3 6 6 5 23 17 22 22 20 27 21 29 17 11 27 26 15 10 3 17 1 1 17 23 15 6 19 19 1 20 12 25 20 19 4 12 20 4 10 6 26 6 2 19 24 21 23 26 24 4 20 11 14 4 23 5 3 14 12 24 13 18 29 2 11 26 25 11 16 6 14 2 14 21 15 26 22 22 19 6 27 2 3 5 22 11 26 14 29 21 22 21 3 16 6 16 7 7 23 11 11 2 20 10 10 12 23 11 20 2 3 10 22 29 19 28 19 12 11 28 22 29 7 16 12 13 29 8 21 12 24 23 8 8 11 18 19 28 23 14 28 14 15 4 7 4 6 27 10 21 21 19 13 24 22 4 13 18 10 22 29 28 12 10 8 4 4 1 24 3 13 13 24 21 7 16 1 25 10 1 8 2 3 23 24 2 23 20 7 17 16 2 6 9 25 1 9 4 13 28 25 18 23 16 25 16 18 17 15 13 25 21 7 15 18 16 6 8 23 5 26 4 10 30 7 15 18 25 21 8 14 21 13 27 2 20 27 2 24 6 1 20 13 6 9 21 6 30 18 3 5 12 4 2 20 9 8 21 21 27 19 20 29 1 7 19 6 6 27 3 24 23 12 24 16 24 5 8 25 7 22 20 27 10 20 13 17 11 13 27 10 15 22 5 15 7 25 15 27 23 10 1 1 29 8 2 1 25 7 6 8 3 4 30 18 18 18 27 25 21 20 4 27 28 14 3 30 23 21 5 17 2 8 17 3 27 9 16 3 27 29 16 12 26 3 8 29 3 22 6 3 15 11 27 22 4 7 27 28 29 21 25 12 6 8 12 15 27 19 21 27 22 17 15 26 7 2 27 20 11 2 27 4 20 15 2 6 14 28 22 10 21 6 28 5 17 5 23 11 28 11 4 1 26 26 6 17 20 16 8 26 8 15 17 21 8 13 30 12 3 8 12 8 29 4 3 13 15 30 7 5 23 3 14 9 7 7 10 3 28 17 19 18 17 26 29 8 2 10 19 1 19 7 12 18 9 18 14 10 8 24 14 2 21 4 1 30 14 29 28 17 30 6 12 8 13 1 27 18 29 11 17 20 18 17 25 7 17 18 18 22 4 29 17 15 26 21 10 5 17 19 27 5 6 28 15 22 29 12 5 7 28 25 12 14 4 23 9 19 23 29 8 1 24 11 15 5 21 9 13 16 7 19 6 29 1 28 17 22 25 30 30 17 27 2 17 20 2 18 18 24 2 1 10 19 24 10 13 22 20 18 9 2 4 11 21 5 7 6 21 9 3 6 9 3 22 26 21 26 9 2 14 5 17 20 27 8 6 6 15 14 30 4 30 19 11 26 3 18 24 21 23 14 20 24 4 22 24 24 28 11 7 20 22 11 2 3 4 21
0 16 3
125 733 648
0 5 3
471 563 142
1 8 10
318 462 657 394 181 611 336 415 16 9
9 19 21
183 42 751 11 673 197 546 149 380 625 68 243 461 109 703 734 538 667 22 274 772
0 6 1
614
0 9 3
596 84 477
1 15 9
353 392 396 184 257 340 160 676 413
3 19 11
90 6 756 271 363 264 342 163 31 519 284
3 14 9
714 294 436 80 629 661 690 529 280
1 15 10
296 489 37 414 77 320 775 517 167 146
0 20 3
270 767 618
5 7 12
330 347 514 496 357 365 773 444 678 214 244 659
0 12 1
259
4 15 14
59 594 175 341 672 730 647 641 121 640 298 515 268 450
5 6 16
20 95 711 295 221 384 602 219 788 484 759 646 12 35 725 128
0 18 3
500 129 679
1 6 6
790 739 267 537 191 313
2 17 7
29 312 21 578 750 417 65
0 19 2
513 481
0 1 4
373 255 723 478
1 1 3
310 486 686
0 3 11
106 71 604 400 242 232 407 508 639 453 707
0 11 2
281 115
0 12 2
742 435
1 16 10
105 561 27 636 650 525 38 576 352 8
1 1 4
506 652 584 40
0 14 3
793 98 110
1 18 21
747 133 96 349 605 290 465 315 498 729 26 658 741 467 338 279 504 492 516 168 459
0 3 2
752 52
0 15 1
88
2 9 10
581 502 411 429 774 93 343 721 288 758
5 11 13
377 545 166 139 231 203 738 368 722 420 381 425 702
0 17 1
410
5 10 24
322 633 637 1 736 454 622 69 656 766 113 694 156 416 112 73 753 282 292 189 595 99 150 580
1 3 13
662 764 385 583 185 370 94 555 727 215 616 56 760
2 18 12
334 393 299 272 482 469 438 757 359 695 532 383
5 3 14
494 441 719 518 408 194 424 463 528 225 49 768 771 361
1 11 9
234 712 522 718 460 2 34 254 600
0 16 4
48 617 548 439
0 18 3
241 374 770
0 4 2
568 395
2 22 2
0 102
3 33 3
3 119 681
8 22 1
4
11 20 2
5 252
5 14 2
7 799
8 27 3
10 437 798
4 23 1
13
5 13 1
14
1 19 2
15 403
5 4 2
17 440
17 13 1
18
9 24 1
19
5 6 3
23 87 749
4 12 1
24
4 15 1
25
2 28 3
28 317 598
2 21 1
30
11 13 2
32 190
4 24 2
33 230
6 17 1
36
5 13 1
39
1 35 1
41
9 29 1
43
8 12 2
44 675
8 33 4
45 51 233 527
5 22 2
46 603
6 12 1
47
2 21 2
50 577
4 20 2
53 423
1 15 1
54
8 22 4
55 226 572 587
1 4 1
57
2 15 1
58
9 12 1
60
14 30 3
61 141 569
2 37 1
62
5 18 3
63 92 291
3 25 2
64 624
2 19 1
66
7 18 3
67 573 744
1 27 1
70
17 25 1
72
22 22 1
74
9 19 2
75 331
3 28 1
76
4 20 1
78
1 13 1
79
7 14 1
81
4 18 2
82 387
1 14 2
83 601
5 4 1
85
5 17 1
86
11 31 2
89 427
7 27 2
91 696
3 38 1
97
7 19 1
100
5 10 1
101
11 17 3
103 248 356
2 33 1
104
1 14 2
107 223
1 27 1
108
4 4 2
111 783
1 21 2
114 412
5 18 1
116
1 25 1
117
21 26 1
118
9 22 2
120 431
4 7 1
122
9 25 1
123
1 19 3
124 335 664
19 17 2
126 401
8 27 2
127 145
1 30 1
130
8 10 1
131
7 34 2
132 364
2 36 1
134
5 9 1
135
2 28 2
136 688
1 31 1
137
1 31 1
138
1 30 1
140
19 33 2
143 671
1 20 1
144
3 35 1
147
1 12 2
148 737
5 21 1
151
3 29 3
152 382 536
7 22 2
153 607
1 34 1
154
7 29 1
155
1 15 2
157 585
16 14 1
158
5 20 1
159
1 13 1
161
8 30 2
162 362
1 33 1
164
3 37 2
165 195
4 34 2
169 276
2 26 1
170
4 26 3
171 305 655
1 21 2
172 263
5 10 1
173
8 24 3
174 540 574
8 23 3
176 258 426
2 9 1
177
1 9 1
178
7 26 1
179
1 24 2
180 791
1 10 1
182
8 13 1
186
5 11 1
187
1 31 1
188
2 30 1
192
3 25 3
193 285 473
8 23 1
196
2 16 1
198
3 30 1
199
3 30 1
200
1 37 1
201
1 27 2
202 366
13 21 2
204 754
5 16 2
205 491
7 22 2
206 549
1 10 2
207 582
1 27 2
208 593
2 11 3
209 455 559
1 27 1
210
4 29 2
211 567
6 11 1
212
7 17 2
213 543
8 35 2
216 599
1 22 1
217
7 27 4
218 246 443 560
9 29 2
220 273
3 33 1
222
4 6 1
224
6 19 2
227 553
2 34 1
228
11 23 2
229 474
11 29 2
235 731
8 9 1
236
17 20 2
237 457
2 24 2
238 699
1 27 1
239
1 22 3
240 344 512
2 7 1
245
4 34 2
247 589
2 15 1
249
3 21 1
250
8 18 3
251 623 724
2 32 1
253
2 18 1
256
2 17 1
260
7 23 2
261 691
7 26 2
262 789
8 34 2
265 304
4 12 2
266 524
6 14 1
269
1 24 1
275
5 12 2
277 458
2 30 1
278
3 25 1
283
13 29 1
286
1 28 1
287
3 27 1
289
4 22 1
293
2 29 1
297
9 37 2
300 499
5 12 2
301 619
1 28 1
302
5 14 1
303
8 16 2
306 717
3 34 1
307
1 33 1
308
6 4 1
309
9 21 1
311
4 27 1
314
1 17 1
316
3 29 1
319
2 21 1
321
2 23 1
323
1 35 1
324
1 27 1
325
1 9 1
326
8 22 3
327 452 479
3 21 1
328
3 19 1
329
5 7 3
332 358 480
3 33 1
333
3 28 1
337
6 18 1
339
9 30 1
345
1 30 1
346
1 30 1
348
9 18 1
350
3 33 1
351
2 12 3
354 501 630
2 34 1
355
2 24 1
360
5 4 3
367 409 684
1 13 1
369
9 14 2
371 649
2 30 2
372 485
2 35 1
375
1 31 2
376 743
1 28 2
378 685
8 31 2
379 784
4 14 1
386
7 16 1
388
2 33 1
389
4 9 1
390
5 11 2
391 769
4 24 1
397
2 26 1
398
8 15 1
399
8 11 2
402 564
1 20 1
404
5 19 1
405
1 34 1
406
1 25 2
418 571
6 9 1
419
1 19 2
421 464
8 28 2
422 554
6 20 1
428
1 32 2
430 579
1 28 1
432
2 17 1
433
1 27 1
434
1 28 1
442
7 30 1
445
7 32 1
446
2 27 1
447
14 33 1
448
8 15 1
449
2 25 1
451
1 23 1
456
1 24 1
466
9 25 1
468
1 23 1
470
3 20 2
472 526
5 6 1
475
1 22 1
476
1 34 1
483
7 30 1
487
14 22 1
488
1 27 1
490
1 7 1
493
3 21 2
495 755
11 24 2
497 782
3 22 1
503
1 18 1
505
5 20 1
507
2 29 1
509
2 25 1
510
1 26 1
511
13 34 1
520
1 18 1
521
13 26 1
523
1 22 1
530
3 35 1
531
11 28 1
533
3 21 1
534
8 31 2
535 558
8 26 1
539
1 27 1
541
1 33 1
542
1 12 1
544
1 34 2
547 777
2 25 1
550
9 26 2
551 635
3 22 1
552
4 16 1
556
2 36 1
557
1 13 1
562
2 27 1
565
3 35 1
566
3 27 1
570
2 7 1
575
1 31 1
586
2 26 1
588
11 16 1
590
8 27 1
591
2 18 1
592
2 24 1
597
1 32 2
606 693
1 20 1
608
19 21 2
609 761
11 25 1
610
6 13 1
612
1 36 2
613 645
2 29 1
615
3 26 1
620
2 34 1
621
1 22 2
626 653
8 28 1
627
8 31 1
628
1 13 1
631
3 37 1
632
2 23 1
634
1 21 2
638 735
1 17 1
642
2 25 1
643
9 17 1
644
11 29 1
651
9 35 1
654
1 34 1
660
2 31 2
663 786
9 28 2
665 715
3 32 1
666
7 25 1
668
2 16 1
669
2 20 1
670
3 24 1
674
1 20 1
677
2 17 1
680
3 24 1
682
6 21 1
683
4 31 1
687
1 30 1
689
4 8 1
692
16 25 1
697
7 12 1
698
2 22 1
700
2 16 1
701
2 12 1
704
8 26 1
705
2 21 1
706
6 17 1
708
3 29 1
709
1 32 1
710
2 33 1
713
7 26 1
716
2 5 1
720
9 32 1
726
4 26 1
728
1 12 1
732
13 18 1
740
3 19 1
745
10 4 1
746
2 20 1
748
17 9 1
762
8 26 1
763
2 21 1
765
1 17 1
776
3 29 1
778
9 37 1
779
8 20 1
780
3 36 1
781
3 30 1
785
1 20 1
787
14 38 1
792
2 25 1
794
1 27 1
795
4 16 1
796
5 14 1
797
