1000 422 1550 67
8 25 26 20 5 8 19 22 6 29 10 16 14 4 17 21 29 16 28 6 17 19 16 28 15 1 21 16 1 9 21 19 17 19 30 2 14 14 24 15 20 14 14 23 16 14 21 20 10 24 5 16 10 22 6 11 22 1 6 29 26 1 17 25 30 10 23 3 15 3 6 3 9 2 11 23 28 1 19 18 16 5 28 20 9 24 12 26 4 15 6 18 25 18 23 8 7 26 3 14 21 1 25 18 28 26 28 26 26 10 7 29 1 4 14 5 14 3 12 25 11 9 3 11 30 11 23 21 14 29 2 18 30 19 2 21 22 13 24 4 3 1 21 7 24 23 23 2 23 25 24 13 12 14 17 6 11 25 2 7 16 20 18 18 8 5 7 25 13 12 21 19 8 30 8 11 2 22 8 25 17 20 24 15 26 9 21 14 15 1 4 7 10 10 8 29 30 19 6 23 3 23 2 10 18 19 8 18 21 20 13 18 5 6 17 17 2 26 8 23 22 13 2 8 19 12 30 4 24 5 27 13 16 15 4 3 23 18 12 11 9 4 13 21 25 25 4 27 18 24 11 2 6 28 23 29 4 26 16 2 2 21 3 25 16 17 4 8 2 13 21 30 27 27 25 14 21 1 16 28 11 26 22 22 14 27 30 11 12 26 24 29 21 30 15 13 22 9 6 23 30 12 20 5 23 12 21 4 3 1 7 2 20 8 4 4 19 21 9 28 21 27 18 18 11 7 18 27 15 18 30 19 10 20 12 26 10 25 30 24 15 12 16 14 13 21 5 29 5 8 24 8 1 23 30 29 28 9 13 12 24 13 11 21 15 3 12 7 4 27 4 24 9 20 9 21 13 28 3 29 5 2 26 3 18 29 22 13 20 7 12 9 23 21 25 27 7 25 5 12 2 19 8 17 26 22 7 5 30 15 27 20 18 16 5 18 19 30 22 9 14 30 20 17 23 18 10 29 11 18 3 7 9 14 24 21 17 21 12 11 9 12 1 22 15 5 10 14 17 4 20 27 14 9 9 6 11 12 12 28 22 17 5 16 30 25 7 24 17 18 11 27 13 3 15 23 15 26 21 26 25 15 8 7 8 25 12 5 14 21 3 4 17 11 29 12 26 10 22 15 11 2 25 5 21 22 9 7 12 30 6 27 23 1 10 18 3 14 15 10 3 18 19 10 9 23 1 6 28 28 12 11 19 13 3 29 5 28 25 13 11 14 11 9 11 26 22 22 5 27 5 7 12 15 16 25 2 15 26 27 7 1 2 16 6 8 13 18 18 17 25 12 27 5 5 17 9 28 7 8 1 5 30 18 5 4 3 5 1 9 26 19 24 17 17 10 30 6 30 7 15 29 14 25 5 27 26 29 24 8 3 28 25 1 7 23 13 23 30 1 22 15 26 4 13 18 1 7 10 7 4 26 23 16 19 26 2 16 9 1 4 1 19 27 13 23 28 26 19 3 28 28 7 17 3 6 8 24 8 5 23 27 13 9 9 24 16 26 24 13 26 23 4 5 4 11 23 4 25 6 4 8 21 28 12 14 22 27 7 8 11 11 28 26 13 4 20 5 30 14 24 30 21 19 3 11 20 7 30 25 22 6 19 9 18 3 1 21 10 24 4 27 12 21 7 4 11 5 10 8 16 14 18 24 15 17 10 5 19 26 9 16 7 29 2 12 1 28 22 22 5 12 5 23 6 19 1 7 22 14 22 7 13 22 28 8 7 15 26 7 10 20 24 7 1 11 11 5 22 24 21 18 20 16 27 25 12 18 19 14 13 2 7 29 22 19 6 22 23 15 6 16 6 17 2 20 26 25 26 2 25 4 22 22 20 19 10 6 14 22 12 11 30 24 27 29 22 17 29 10 9 24 29 19 23 27 14 16 1 22 12 23 14 15 21 27 28 4 30 1 15 10 21 28 27 4 8 15 7 19 21 21 25 28 6 28 16 19 8 19 2 16 1 26 7 10 26 1 9 15 13 3 25 15 10 2 12 14 23 3 7 28 29 14 23 1 21 29 2 16 23 3 1 7 23 8 19 3 21 9 4 28 11 6 24 27 1 10 28 15 3 4 6 3 30 14 3 1 2 1 9 16 25 12 9 7 30 18 28 6 25 17 30 2 22 14 4 26 3 8 19 29 22 5 22 1 3 25 18 21 24 24 13 12 12 23 19 12 30 29 1 7 16 25 3 12 29 9 25 4 7 21 1 7 4 22 21 9 18 10 30 25 20 26 20 20 20 29 29 11
20 22 24 10 28 1 5 16 13 21 20 9 28 10 30 25 11 19 19 15 24 10 23 1 12 1 13 13 27 20 17 29 27 28 15 6 1 30 16 2 2 12 8 2 11 2 20 2 5 25 30 20 5 24 9 23 27 19 13 3 13 28 11 12 30 15 13 3 7 10 3 7 25 13 26 26 16 16 21 5 30 25 24 5 27 12 23 9 30 14 26 12 20 17 3 27 25 26 11 10 2 21 4 14 10 10 19 23 4 19 26 27 23 25 9 28 15 3 25 10 8 19 30 26 13 7 27 6 25 19 26 5 13 29 8 19 25 30 9 3 15 26 29 11 26 17 28 7 25 19 9 18 17 16 10 5 13 24 19 26 20 13 16 1 23 17 13 23 25 16 16 8 3 3 23 13 23 19 19 9 7 5 13 1 11 23 16 21 15 21 2 23 8 16 24 8 18 8 20 9 17 22 21 2 25 20 14 3 12 18 11 24 12 27 25 6 15 6 22 19 12 21 22 29 6 7 17 7 12 26 26 10 9 23 10 12 18 1 13 6 25 21 15 16 6 23 14 15 22 23 20 15 10 6 3 30 12 19 2 23 21 24 5 6 18 16 6 18 9 6 28 5 10 15 6 4 16 2 6 2 19 28 30 3 19 12 22 11 17 18 9 8 4 8 11 3 19 30 26 4 5 21 21 15 16 13 13 5 24 29 13 2 20 22 17 13 22 18 29 28 24 15 19 14 10 23 23 11 27 12 12 28 22 4 10 14 15 5 28 29 21 9 9 28 4 5 9 1 3 19 5 11 28 15 13 27 15 19 28 22 8 28 4 25 4 16 8 13 17 25 22 26 13 28 3 14 4 11 3 29 11 21 21 8 8 13 10 5 8 13 28 2 2 13 9 4 9 28 19 20 20 30 6 20 3 21 28 30 28 15 7 4 12 4 26 23 26 13 23 1 21 23 21 2 8 4 1 26 26 20 19 23 5 10 30 2 1 18 26 8 19 15 7 16 10 29 9 27 6 12 21 26 29 8 23 26 24 16 30 29 17 11 21 11 30 4 18 3 7 1 17 13 27 22 15 2 12 6 7 7 24 11 16 6 16 21 17 8 1 10 27 14 14 19 25 6 11 4 8 21 19 21 16 15 2 28 2 28 24 3 22 1 16 24 9 12 1 10 25 17 22 17 23 19 24 9 5 20 20 19 2 22 24 11 3 14 26 8 2 21 7 11 12 21 21 10 21 24 21 13 9 12 5 21 13 14 9 28 5 30 20 18 11 20 16 16 14 14 25 7 13 2 2 29 11 3 10 11 27 1 26 28 28 18 2 29 4 15 24 3 1 5 16 30 23 4 19 29 14 3 2 14 22 9 18 8 16 12 25 16 24 27 30 25 23 3 8 18 16 20 21 8 17 29 13 10 4 27 4 25 25 16 19 29 8 6 29 9 25 3 22 12 2 20 6 4 26 13 30 9 14 24 1 16 11 16 24 9 17 16 30 28 16 10 18 20 12 26 8 4 14 17 17 2 29 13 26 9 3 10 17 12 24 15 27 8 6 11 1 9 26 19 8 17 4 29 11 4 2 19 14 17 4 16 18 26 27 22 25 4 2 9 28 26 7 21 19 19 13 21 23 13 15 5 15 9 26 1 3 18 21 12 24 15 19 18 1 22 11 12 27 17 27 20 29 17 9 20 20 10 12 12 28 27 16 1 18 17 16 17 29 8 27 8 23 8 10 3 1 14 28 10 4 23 15 1 5 29 7 16 18 25 9 10 18 25 7 12 22 16 16 18 30 28 14 26 30 15 19 22 1 25 29 13 7 22 5 12 22 2 21 7 3 25 8 17 22 17 1 7 1 10 4 19 4 15 8 16 14 2 18 28 22 9 20 8 9 8 24 13 14 7 11 29 9 29 6 9 25 24 22 13 18 27 21 26 2 11 12 8 24 23 4 22 5 18 28 16 14 1 16 6 4 18 19 20 18 15 20 17 15 18 13 19 22 4 1 1 4 12 28 14 26 4 5 20 25 14 7 6 21 18 4 14 17 23 4 25 16 3 13 19 30 9 25 11 8 20 19 10 18 7 28 24 1 10 27 9 6 23 3 5 6 5 10 9 25 12 23 20 9 22 10 20 25 6 29 20 2 4 26 25 7 2 14 1 26 11 24 2 12 23 22 3 22 20 11 13 15 24 10 12 17 15 26 12 3 17 30 14 2 13 19 29 26 14 13 20 23 3 12 17 7 8 12 30 25 29 9 22
6 8 25
104 871 643 693 46 142 210 548 40 161 649 231 457 76 719 71 252 344 754 644 116 216 990 351 250
1 12 6
977 349 578 615 73 22
3 4 17
734 145 801 343 568 929 168 456 862 833 412 650 750 557 766 718 868
1 12 12
117 148 863 243 178 302 673 488 23 768 864 710
2 18 12
942 665 38 69 298 668 735 118 997 184 952 447
1 20 8
207 924 747 429 20 245 717 141
1 6 5
433 980 707 229 872
0 19 4
685 93 291 479
3 19 13
825 726 151 373 402 505 28 809 212 289 651 458 439
8 18 24
356 890 521 363 98 318 882 199 840 669 930 327 425 976 671 554 907 844 120 432 82 794 569 546
0 5 12
106 654 600 816 382 724 165 260 757 756 842 86
6 12 19
964 191 617 624 314 518 987 249 681 110 136 500 892 839 130 662 954 606 238
1 7 14
783 325 925 242 828 311 970 939 387 938 119 586 679 579
2 10 13
459 485 589 819 547 240 300 42 658 97 562 609 64
3 11 10
5 763 904 678 360 376 715 198 601 593
0 17 14
263 332 648 405 540 808 542 841 316 256 94 67 509 646
1 20 12
959 787 296 535 83 122 65 667 164 784 19 891
2 1 15
838 232 330 530 159 605 267 204 44 414 194 437 675 598 200
1 1 16
764 661 369 595 348 454 426 239 492 948 455 738 468 951 390 974
3 16 13
286 446 186 725 975 957 657 422 18 591 340 287 61
8 7 24
876 810 588 837 149 912 350 812 112 177 769 375 845 266 155 502 513 342 800 570 762 625 670 641
3 15 14
139 150 805 331 310 655 583 499 683 430 222 946 616 701
2 2 13
740 21 367 860 522 92 884 752 392 80 49 307 680
0 4 4
3 998 75 473
2 18 16
388 383 584 366 692 526 420 867 638 682 706 423 814 377 197 30
1 14 7
806 193 103 632 691 767 687
0 18 5
268 476 798 986 396
0 2 2
926 813
3 6 8
480 4 571 33 278 341 416 51
1 15 7
510 538 364 866 831 739 16
4 4 18
663 564 448 947 487 908 489 445 577 440 328 770 610 304 326 381 613 732
0 18 6
290 630 537 690 374 645
0 13 2
253 54
0 19 14
102 101 208 59 599 441 180 389 861 705 773 295 742 173
0 13 1
105
2 36 1
0
3 10 1
1
1 23 1
2
3 25 4
6 56 905 955
11 37 2
7 759
11 23 3
8 219 511
7 27 2
9 781
9 30 1
10
12 16 2
11 730
6 13 1
12
7 26 4
13 37 334 552
6 13 4
14 301 786 880
2 31 1
15
5 21 1
17
9 30 1
24
6 32 3
25 527 594
1 17 2
26 452
6 19 1
27
6 5 2
29 403
2 20 1
31
1 29 3
32 404 639
9 33 3
34 315 936
6 17 1
35
5 31 1
36
1 31 1
39
9 6 4
41 79 84 981
7 24 2
43 744
1 20 2
45 352
6 3 2
47 449
1 9 1
48
7 32 1
50
7 26 2
52 913
6 7 1
53
3 35 1
55
9 26 2
57 898
1 29 1
58
7 33 5
60 185 470 834 909
5 35 2
62 849
7 25 1
63
7 21 2
66 273
7 16 3
68 431 494
3 28 3
70 361 607
11 31 2
72 823
6 13 1
74
1 29 2
77 608
10 39 2
78 329
9 30 2
81 702
12 12 3
85 299 879
9 16 2
87 408
9 20 1
88
3 25 3
89 124 846
7 19 1
90
13 17 1
91
3 19 2
95 386
1 20 1
96
6 8 1
99
10 32 1
100
13 19 1
107
9 27 5
108 235 378 603 677
1 39 1
109
6 7 3
111 129 498
6 12 1
113
1 34 3
114 621 901
9 20 2
115 270
1 39 2
121 466
3 36 1
123
9 21 1
125
1 12 3
126 399 653
9 24 2
127 144
9 17 1
128
1 9 2
131 319
1 37 1
132
12 31 2
133 972
3 26 2
134 597
1 37 3
135 355 709
1 33 2
137 544
7 19 1
138
5 26 1
140
1 37 2
143 713
3 38 1
146
1 31 1
147
1 17 2
152 874
7 34 2
153 257
6 9 2
154 817
3 19 1
156
3 25 1
157
1 20 1
158
5 20 1
160
11 21 2
162 561
9 29 1
163
11 20 1
166
9 24 1
167
12 27 4
169 354 633 772
6 28 3
170 277 895
6 34 2
171 176
1 16 3
172 553 686
9 17 3
174 337 503
9 20 3
175 885 989
6 20 3
179 258 660
7 35 2
181 700
10 26 2
182 971
7 23 2
183 443
6 20 1
187
9 22 2
188 434
7 19 2
189 223
1 25 1
190
2 17 1
192
3 19 2
195 501
11 29 3
196 265 984
6 8 3
201 419 519
3 22 3
202 496 899
2 34 2
203 371
9 16 1
205
7 18 1
206
1 24 1
209
7 18 1
211
3 37 1
213
1 36 2
214 463
9 20 2
215 581
11 22 2
217 574
1 22 1
218
10 38 2
220 637
3 22 2
221 543
9 22 2
224 556
12 37 1
225
7 22 1
226
11 12 1
227
7 21 2
228 745
3 20 2
230 949
13 29 1
233
1 32 1
234
7 32 2
236 406
10 28 2
237 886
3 19 4
241 384 514 559
3 17 1
244
1 16 2
246 418
3 35 1
247
7 33 1
248
11 24 3
251 575 873
5 34 1
254
6 37 2
255 284
3 27 1
259
9 32 1
261
3 30 2
262 969
1 31 3
264 294 698
3 35 2
269 622
7 31 1
271
7 24 2
272 973
6 38 1
274
2 34 1
275
7 32 1
276
12 11 2
279 881
2 34 1
280
1 22 2
281 944
9 8 1
282
3 22 1
283
11 25 1
285
11 22 3
288 531 551
7 28 2
292 345
3 36 2
293 755
12 19 2
297 699
3 11 2
303 372
3 29 1
305
11 36 2
306 628
13 23 1
308
1 23 2
309 573
7 25 1
312
1 25 1
313
11 10 2
317 821
19 24 2
320 916
23 25 3
321 536 704
3 20 1
322
7 26 2
323 703
6 13 1
324
3 6 1
333
9 24 2
335 611
9 20 2
336 853
3 21 2
338 504
11 13 1
339
12 22 3
346 797 850
12 25 2
347 587
7 21 1
353
5 25 1
357
3 14 1
358
9 21 1
359
6 36 1
362
3 21 1
365
2 24 1
368
11 22 1
370
7 30 1
379
1 25 2
380 858
3 22 2
385 585
11 16 1
391
1 12 2
393 421
3 8 1
394
12 34 2
395 482
9 28 2
397 790
7 38 1
398
6 19 1
400
1 26 1
401
6 3 2
407 851
7 9 2
409 741
9 21 2
410 826
12 10 1
411
1 31 2
413 782
9 38 1
415
1 23 4
417 822 932 994
2 26 2
424 525
7 40 3
427 728 788
19 19 2
428 965
1 21 1
435
5 20 3
436 629 920
1 32 1
438
1 20 1
442
5 23 2
444 897
1 15 1
450
11 28 1
451
6 29 1
453
3 16 1
460
6 26 3
461 462 818
7 26 1
464
3 33 2
465 714
1 20 1
467
7 27 1
469
1 15 1
471
6 19 1
472
7 27 2
474 796
7 14 1
475
9 22 1
477
3 29 1
478
7 13 1
481
1 27 2
483 775
9 18 3
484 811 928
7 27 2
486 634
1 28 1
490
6 30 1
491
3 20 1
493
6 13 1
495
1 23 1
497
3 8 1
506
6 25 4
507 524 803 962
9 30 2
508 614
7 39 1
512
6 2 2
515 824
3 23 2
516 746
3 32 1
517
1 27 2
520 627
6 9 3
523 534 940
10 24 2
528 935
1 30 1
529
10 24 1
532
9 18 1
533
11 24 1
539
11 10 2
541 918
1 23 2
545 743
3 33 1
549
7 30 2
550 953
7 24 1
555
3 24 2
558 711
10 27 2
560 731
12 15 1
563
11 33 1
565
9 6 1
566
7 13 2
567 903
6 15 1
572
1 25 1
576
7 18 1
580
7 27 2
582 689
3 20 2
590 664
3 22 1
592
7 14 2
596 910
3 4 1
602
1 19 1
604
7 23 1
612
9 19 3
618 792 983
3 9 1
619
6 21 2
620 877
7 17 1
623
5 29 3
626 736 835
6 24 1
631
7 38 1
635
6 19 1
636
9 34 1
640
6 16 2
642 978
3 36 2
647 982
6 21 3
652 737 927
1 23 1
656
9 37 1
659
5 38 1
666
3 21 1
672
7 22 1
674
9 18 1
676
11 18 1
684
7 27 1
688
6 19 1
694
7 22 3
695 802 830
1 31 2
696 995
1 14 2
697 992
1 23 1
708
2 35 1
712
11 24 1
716
5 37 1
720
2 36 1
721
13 27 1
722
1 35 1
723
10 35 2
727 856
7 29 1
729
9 14 1
733
13 26 1
748
10 31 1
749
9 36 1
751
1 14 1
753
3 16 1
758
1 11 2
760 979
7 38 1
761
1 32 1
765
1 31 1
771
1 23 1
774
7 28 1
776
1 19 1
777
6 5 1
778
6 16 1
779
3 14 1
780
1 37 1
785
1 28 1
789
9 22 1
791
1 24 1
793
7 20 1
795
1 22 1
799
3 29 1
804
3 16 1
807
3 33 1
815
11 27 1
820
6 38 1
827
3 37 1
829
3 21 1
832
1 10 1
836
1 30 1
843
7 15 1
847
9 25 1
848
18 26 1
852
1 11 1
854
1 20 1
855
7 11 1
857
1 31 1
859
3 3 1
865
9 24 1
869
9 29 1
870
6 30 2
875 968
3 19 1
878
6 21 1
883
1 25 1
887
6 12 1
888
6 30 1
889
11 34 1
893
7 22 1
894
1 33 1
896
1 23 1
900
1 6 1
902
7 35 1
906
6 19 1
911
3 24 2
914 934
19 30 2
915 960
3 17 1
917
1 18 1
919
7 26 1
921
18 15 1
922
11 30 1
923
3 32 1
931
6 16 1
933
7 27 1
937
3 18 1
941
5 33 1
943
1 17 1
945
3 12 1
950
7 16 1
956
2 22 1
958
11 22 1
961
9 25 1
963
1 14 1
966
3 36 1
967
6 11 1
985
9 32 1
988
9 28 1
991
13 23 1
993
7 19 1
996
5 31 1
999
