500 255 775 33
22 15 13 25 23 13 16 29 8 25 16 13 7 19 24 2 19 6 21 15 16 8 17 18 21 18 11 9 29 16 20 23 11 27 23 29 20 1 26 7 5 19 1 28 17 6 14 22 26 7 21 15 20 4 24 5 6 28 26 20 28 3 2 2 29 30 11 16 27 14 5 15 8 28 2 26 13 11 29 16 18 30 2 16 24 20 10 10 17 4 26 23 30 1 15 10 13 18 15 24 16 7 3 14 12 22 28 15 5 9 6 24 27 28 9 14 28 9 20 28 1 3 17 13 11 28 20 15 21 18 20 18 24 10 18 13 1 1 9 22 26 6 9 25 25 8 25 6 21 23 26 28 5 13 30 15 21 29 24 4 26 7 2 3 26 29 18 7 21 10 9 14 10 4 20 16 13 6 14 26 9 13 7 14 12 13 14 11 13 9 14 27 15 11 22 8 5 23 1 9 14 23 29 17 26 14 1 15 26 5 18 27 19 23 16 16 9 18 19 5 19 16 25 18 20 27 24 6 2 12 22 24 6 6 24 8 17 20 16 5 10 18 5 22 30 27 3 2 2 26 29 19 24 8 21 9 1 21 25 2 19 8 18 25 19 7 22 26 6 29 2 9 27 27 2 1 6 3 6 23 21 5 22 10 6 22 20 25 3 22 1 27 5 4 10 13 4 24 8 30 25 20 5 26 27 10 18 25 30 2 8 18 29 4 7 19 8 3 6 19 6 27 2 29 16 17 29 28 2 21 15 20 20 2 27 5 9 16 14 3 4 24 17 19 4 6 10 20 19 14 7 19 21 30 6 7 2 29 6 26 26 29 3 13 28 24 19 27 11 3 28 26 2 11 5 6 25 9 10 17 28 21 3 16 11 4 1 13 29 6 3 5 29 2 27 9 28 10 12 13 11 19 14 20 23 19 15 17 23 1 2 20 1 25 5 14 27 18 7 3 1 18 16 25 25 3 30 27 6 24 26 28 28 2 5 28 23 29 24 29 18 14 7 6 30 25 9 6 14 11 1 7 15 3 25 2 14 24 25 20 13 7 8 11 19 30 10 30 16 8 26 15 30 23 28 4 7 30 20 24 23 2 19 28 17 12 20 23 18 4 14 20 14 28 12 19 20 28 17 11
13 18 30 11 25 16 10 19 8 15 13 21 2 22 3 17 1 13 10 20 27 10 11 26 9 27 13 3 21 29 1 8 16 1 10 30 27 5 5 30 17 2 28 28 13 20 12 18 23 2 16 22 3 13 28 11 18 5 15 22 17 5 16 9 29 28 23 10 7 28 27 7 6 12 18 5 5 29 9 8 5 8 19 2 23 6 4 5 22 10 13 11 1 17 29 25 22 9 16 16 14 11 18 4 14 16 13 9 5 7 23 21 20 1 19 2 13 29 10 3 28 29 17 22 1 18 13 29 6 5 6 21 30 18 16 8 19 26 19 13 6 25 3 14 27 29 13 28 30 4 12 12 28 30 26 22 12 4 26 7 5 15 12 2 10 16 22 7 26 11 14 22 3 30 9 15 24 14 23 13 19 6 14 14 25 30 17 25 7 26 22 7 10 14 27 1 12 7 17 18 18 18 4 21 7 13 17 3 9 2 9 25 10 22 6 8 1 5 7 14 13 10 30 23 15 11 18 6 2 8 6 25 14 11 30 14 25 10 7 7 8 7 27 27 1 12 2 7 30 30 2 15 8 9 5 26 18 26 3 16 27 3 24 22 5 15 24 21 22 7 26 8 8 10 19 10 9 2 26 26 16 23 19 14 19 29 6 5 5 7 13 19 23 9 2 20 24 13 9 20 22 24 3 18 14 13 12 18 17 22 11 27 23 10 20 17 25 5 6 27 24 3 17 22 3 5 13 13 6 30 3 17 15 10 19 8 16 25 28 12 28 29 29 19 25 11 10 8 8 6 18 8 22 1 29 4 17 3 20 17 30 17 9 27 7 22 6 2 14 11 24 1 17 9 17 17 9 17 1 30 25 19 11 14 23 4 22 30 18 30 12 25 29 13 16 14 21 19 2 7 8 24 19 18 24 20 17 28 16 15 19 12 23 13 3 22 13 17 23 12 6 12 8 16 20 30 4 25 29 11 3 1 23 3 8 15 16 3 6 22 4 11 10 27 18 16 10 28 11 10 12 29 13 15 23 15 14 30 5 28 29 25 17 28 27 13 22 29 11 25 17 13 23 18 25 22 14 3 1 15 1 14 18 9 8 4 22 28 2 26 28 14 18 2 13 30 19 9 6 14
0 9 9
443 220 404 101 36 118 201 257 311
1 15 4
51 343 493 17
2 13 10
46 9 352 267 39 78 40 156 71 210
0 6 2
272 52
0 19 3
331 170 345
1 14 8
225 379 35 7 235 307 400 392
2 17 8
237 163 10 228 422 91 447 430
0 17 2
116 444
2 15 11
412 145 144 306 335 149 31 483 103 376 458
0 12 4
292 321 207 437
0 4 3
92 478 260
0 15 2
359 241
2 15 10
368 72 366 22 312 424 451 80 159 231
0 18 8
49 330 154 349 354 165 19 287
0 13 8
242 364 398 155 185 73 152 411
2 13 8
20 372 198 15 496 148 98 482
0 19 1
418
3 18 9
44 215 467 391 323 338 436 420 12
1 4 9
86 351 390 99 168 161 425 69 301
1 8 12
8 136 463 74 340 362 114 295 421 356 429 410
1 7 7
43 75 459 479 180 328 279
0 3 3
171 157 283
1 4 7
350 106 197 104 18 68 293
1 10 10
166 4 38 90 140 445 53 476 164 370
1 4 9
32 196 316 426 363 414 97 484 371
0 11 5
461 48 468 179 409
0 18 2
125 137
0 15 6
399 466 492 357 246 64
1 18 7
277 187 285 369 115 407 186
0 15 2
262 41
0 14 3
450 300 441
0 3 1
314
0 6 7
498 61 88 453 464 365 304
1 3 7
30 191 434 298 452 25 326
1 23 1
0
2 17 2
1 310
1 23 1
2
1 30 1
3
9 28 3
5 239 465
2 17 1
6
6 23 2
11 100
1 18 1
13
4 10 1
14
4 18 1
16
1 21 1
21
3 15 4
23 249 385 485
1 37 2
24 208
1 10 2
26 188
2 31 3
27 380 486
1 25 3
28 263 470
1 25 1
29
3 15 2
33 417
2 20 1
34
1 32 1
37
1 18 1
42
1 30 1
45
1 21 1
47
6 16 2
50 153
4 30 1
54
1 22 1
55
1 15 1
56
1 25 1
57
1 16 1
58
1 26 1
59
4 19 3
60 232 255
2 15 1
62
1 22 1
63
1 26 1
65
1 30 3
66 79 217
5 27 2
67 405
3 28 1
70
1 27 3
76 95 195
6 21 2
77 209
4 16 1
81
1 13 1
82
5 27 2
83 211
1 29 2
84 162
1 32 2
85 373
2 18 1
87
2 23 1
89
8 28 1
93
1 19 1
94
1 11 2
96 216
6 31 2
102 178
1 20 1
105
5 8 2
107 240
1 36 1
108
1 37 1
109
1 22 4
110 259 302 360
1 24 2
111 488
1 33 1
112
4 16 1
113
4 29 1
117
4 24 2
119 446
1 28 2
120 439
4 21 4
121 337 355 431
4 21 3
122 177 238
1 33 1
123
2 31 1
124
1 28 1
126
1 22 1
127
1 36 2
128 497
5 21 1
129
4 17 3
130 143 206
1 31 1
131
1 34 1
132
1 27 1
133
1 13 1
134
4 29 2
135 181
2 16 3
138 308 491
3 25 1
139
2 25 2
141 222
1 18 1
142
4 16 2
146 457
1 22 2
147 481
1 19 2
150 415
6 27 1
151
4 15 1
158
5 14 3
160 395 449
1 32 1
167
1 8 3
169 251 403
2 17 1
172
1 35 2
173 494
4 11 1
174
1 27 1
175
4 16 1
176
2 28 2
182 276
1 18 1
183
1 24 1
184
1 35 1
189
9 26 1
190
1 32 1
192
1 8 1
193
4 22 1
194
1 24 2
199 269
1 29 1
200
1 28 2
202 266
1 12 1
203
6 7 1
204
3 29 1
205
1 17 1
212
2 28 1
213
6 21 2
214 386
5 33 1
218
2 17 1
219
2 21 1
221
6 25 1
223
1 16 1
224
1 12 1
226
1 32 1
227
1 34 1
229
8 30 3
230 252 475
5 19 1
233
1 31 1
234
2 18 1
236
1 34 1
243
6 17 1
244
1 26 1
245
1 22 1
247
5 22 1
248
4 27 1
250
8 32 1
253
1 21 1
254
9 31 1
256
3 21 2
258 396
4 9 2
261 377
2 20 1
264
1 17 1
265
5 22 1
268
2 27 1
270
1 31 2
271 428
1 29 1
273
1 36 1
274
1 36 1
275
4 20 1
278
2 18 1
280
4 21 2
281 344
1 25 1
282
4 23 1
284
4 15 1
286
1 21 1
288
6 35 1
289
1 22 1
290
2 24 1
291
1 25 1
294
6 25 2
296 319
1 34 1
297
2 21 1
299
4 10 1
303
1 15 1
305
1 19 1
309
9 30 1
313
6 18 1
315
5 18 2
317 332
2 28 1
318
1 14 2
320 378
3 29 2
322 393
5 17 1
324
1 17 1
325
1 33 1
327
2 13 1
329
3 26 1
333
6 33 1
334
1 22 1
336
1 24 1
339
3 14 1
341
5 8 1
342
5 19 1
346
1 36 1
347
4 30 1
348
1 21 1
353
5 32 1
358
1 30 2
361 383
1 29 1
367
1 27 2
374 490
5 33 1
375
1 31 1
381
1 32 1
382
1 30 1
384
1 33 1
387
5 17 1
388
5 29 1
389
1 24 2
394 402
2 16 1
397
1 19 1
401
1 27 1
406
2 26 1
408
1 18 1
413
4 22 1
416
4 21 1
419
2 27 1
423
1 31 1
427
1 19 1
432
5 30 1
433
1 38 1
435
10 33 1
438
5 28 1
440
2 17 1
442
1 18 1
448
4 10 1
454
1 30 1
455
3 26 1
456
4 23 1
460
1 33 1
462
1 23 1
469
4 19 1
471
3 23 1
472
4 27 1
473
5 30 1
474
4 23 1
477
1 28 1
480
4 24 1
487
1 22 1
489
4 14 1
495
1 32 1
499
