500 125 775 2
13 21 18 18 34 39 18 12 23 36 39 33 31 36 30 37 24 27 33 13 22 11 34 11 23 13 28 17 27 31 19 32 24 27 31 23 23 15 31 24 28 38 31 19 31 32 30 38 37 31 17 20 19 19 28 26 35 35 38 32 28 18 35 21 28 36 12 13 35 12 21 35 35 21 36 33 39 28 13 40 31 11 13 25 23 11 12 16 34 30 40 20 39 36 27 17 38 31 35 17 27 28 22 16 35 28 13 12 18 18 19 27 20 20 29 37 13 35 14 11 15 12 38 20 28 37 28 19 18 14 29 40 40 31 27 23 19 23 29 34 24 21 19 30 34 16 33 15 34 11 36 23 36 34 28 17 25 39 28 25 26 18 30 20 18 25 14 37 26 36 18 18 35 12 14 26 24 32 23 17 40 25 31 22 36 33 21 30 20 30 38 13 28 31 11 11 27 14 31 12 28 39 31 35 34 39 11 37 39 24 30 13 15 23 19 38 24 39 20 25 25 11 19 40 30 25 32 14 30 11 18 29 28 15 12 12 27 17 38 37 14 16 39 40 11 30 29 33 11 17 27 11 26 14 13 14 30 34 12 13 22 14 16 34 35 33 29 26 20 40 32 29 16 21 25 14 27 17 11 21 21 34 25 20 39 16 27 23 28 39 39 21 21 35 26 34 38 34 12 18 26 21 29 21 19 11 24 35 12 40 31 21 32 27 13 15 38 20 38 14 28 20 26 23 34 22 28 27 32 34 11 37 14 11 36 14 38 38 11 34 24 35 28 18 29 20 38 31 25 40 20 31 22 35 38 16 24 33 27 33 26 38 17 21 25 21 28 32 21 39 22 22 34 34 19 27 11 14 30 28 16 17 40 23 27 22 28 25 20 14 37 18 38 23 29 25 11 29 19 12 23 23 15 24 29 29 28 35 11 29 30 23 21 20 25 28 22 22 12 13 17 14 20 35 30 11 35 20 16 15 27 35 22 34 20 31 19 31 28 25 20 16 32 14 37 35 17 40 20 22 11 34 35 14 28 20 20 15 39 26 26 24 40 18 24 17 11 24 27 24 39 28 33 12 27 28 39 15 33 29 28 33 34 30 27 39 35 16 16 34 21 35 16 11 34 24 15 11 28 22
3 11 8 8 24 29 8 2 13 26 29 23 21 26 20 27 14 17 23 3 12 1 24 1 13 3 18 7 17 21 9 22 14 17 21 13 13 5 21 14 18 28 21 9 21 22 20 28 27 21 7 10 9 9 18 16 25 25 28 22 18 8 25 11 18 26 2 3 25 2 11 25 25 11 26 23 29 18 3 30 21 1 3 15 13 1 2 6 24 20 30 10 29 26 17 7 28 21 25 7 17 18 12 6 25 18 3 2 8 8 9 17 10 10 19 27 3 25 4 1 5 2 28 10 18 27 18 9 8 4 19 30 30 21 17 13 9 13 19 24 14 11 9 20 24 6 23 5 24 1 26 13 26 24 18 7 15 29 18 15 16 8 20 10 8 15 4 27 16 26 8 8 25 2 4 16 14 22 13 7 30 15 21 12 26 23 11 20 10 20 28 3 18 21 1 1 17 4 21 2 18 29 21 25 24 29 1 27 29 14 20 3 5 13 9 28 14 29 10 15 15 1 9 30 20 15 22 4 20 1 8 19 18 5 2 2 17 7 28 27 4 6 29 30 1 20 19 23 1 7 17 1 16 4 3 4 20 24 2 3 12 4 6 24 25 23 19 16 10 30 22 19 6 11 15 4 17 7 1 11 11 24 15 10 29 6 17 13 18 29 29 11 11 25 16 24 28 24 2 8 16 11 19 11 9 1 14 25 2 30 21 11 22 17 3 5 28 10 28 4 18 10 16 13 24 12 18 17 22 24 1 27 4 1 26 4 28 28 1 24 14 25 18 8 19 10 28 21 15 30 10 21 12 25 28 6 14 23 17 23 16 28 7 11 15 11 18 22 11 29 12 12 24 24 9 17 1 4 20 18 6 7 30 13 17 12 18 15 10 4 27 8 28 13 19 15 1 19 9 2 13 13 5 14 19 19 18 25 1 19 20 13 11 10 15 18 12 12 2 3 7 4 10 25 20 1 25 10 6 5 17 25 12 24 10 21 9 21 18 15 10 6 22 4 27 25 7 30 10 12 1 24 25 4 18 10 10 5 29 16 16 14 30 8 14 7 1 14 17 14 29 18 23 2 17 18 29 5 23 19 18 23 24 20 17 29 25 6 6 24 11 25 6 1 24 14 5 1 18 12
0 18 2
133 282
2 8 10
334 62 242 183 148 59 276 358 45 23
7 15 13
301 236 60 344 429 184 91 75 245 238 467 367 452
0 3 16
465 66 444 426 298 391 419 447 172 493 414 477 389 253 254 49
2 10 6
285 115 99 63 189 173
1 7 9
466 474 105 411 490 356 34 319 193
3 9 8
181 164 120 41 8 204 272 171
3 8 17
342 290 361 339 357 58 108 25 20 475 464 51 333 125 396 249 263
0 2 15
377 461 468 151 225 401 112 37 434 402 140 22 69 256 359
2 6 14
454 144 317 440 283 405 87 84 159 65 415 370 202 259
1 12 3
363 294 48
2 8 12
73 412 39 32 469 210 196 223 251 137 42 109
8 10 21
244 423 123 350 369 326 36 450 286 449 291 394 479 222 89 197 226 488 239 252 451
1 8 9
331 416 5 496 379 315 1 421 114
0 20 2
111 386
1 6 9
157 495 15 307 201 78 280 308 445
7 12 11
265 11 16 53 97 188 322 470 335 214 240
6 10 17
330 409 310 170 320 4 453 300 77 487 406 224 312 436 118 261 420
3 10 8
17 35 209 433 85 498 52 211
2 7 12
484 74 314 404 392 165 486 100 55 142 288 29
4 13 7
61 438 187 346 407 117 343
10 12 22
122 234 94 348 156 158 323 446 180 161 432 215 372 233 237 462 121 82 232 102 295 424
3 18 9
153 143 228 250 150 227 177 324 169
4 11 9
289 86 287 366 149 268 6 110 18
0 11 4
422 130 375 354
0 7 6
101 47 297 103 277 264
0 6 6
3 67 351 95 113 207
3 7 14
316 481 192 19 205 131 231 463 176 241 154 14 489 185
8 10 21
275 70 279 305 427 80 378 12 494 299 365 483 380 246 318 127 382 43 460 428 54
2 8 10
431 79 439 28 56 296 397 306 459 476
8 13 15
383 160 198 387 0 216 217 368 262 7 40 430 393 400 126
3 6 18
338 199 83 220 24 179 485 124 235 206 362 458 457 399 293 413 425 138
10 10 21
136 281 374 384 499 90 311 230 162 480 203 147 2 473 175 355 303 364 213 135 381
8 14 17
248 410 478 44 76 349 403 472 266 229 10 88 408 9 340 64 395
0 4 10
332 218 371 376 46 152 21 72 146 435
1 17 1
13
1 14 2
26 191
4 16 1
27
1 16 1
30
1 15 1
31
6 28 1
33
3 24 1
38
4 14 1
50
4 24 2
57 437
5 19 2
68 98
5 17 1
71
3 20 1
81
6 28 1
92
4 18 1
93
5 17 1
96
1 22 1
104
10 25 2
106 186
1 17 1
107
4 15 1
116
2 23 1
119
13 25 2
128 309
1 10 1
129
10 25 2
132 182
1 15 1
134
5 14 1
139
1 15 1
141
4 21 1
145
12 23 1
155
5 19 1
163
5 18 1
166
10 22 1
167
4 23 1
168
5 14 1
174
4 16 1
178
1 19 1
190
3 21 1
194
13 29 2
195 269
3 21 1
200
3 18 1
208
5 20 1
212
5 19 1
219
3 25 1
221
5 19 1
243
1 15 1
247
6 31 1
255
4 13 1
257
1 12 1
258
1 19 1
260
5 17 1
267
2 14 1
270
4 18 1
271
1 11 1
273
4 19 1
274
5 13 1
278
1 14 1
284
5 15 1
292
1 16 1
302
1 17 1
304
2 13 1
313
4 22 1
321
1 18 1
325
5 22 1
327
10 23 1
328
5 21 1
329
1 25 1
336
2 18 1
337
1 31 1
341
2 31 1
345
1 10 1
347
1 26 1
352
5 20 1
353
5 15 1
360
2 27 1
373
4 21 1
385
1 10 1
388
2 13 1
390
2 26 1
398
5 19 1
417
4 18 1
418
5 17 1
441
6 33 1
442
3 26 1
443
1 19 1
448
3 30 1
455
1 14 1
456
1 11 1
471
10 24 1
482
2 15 1
491
1 10 1
492
4 18 1
497
