1000 221 1550 67
39 19 24 17 35 34 11 26 23 39 25 34 11 34 26 24 14 16 34 11 38 13 20 28 34 11 17 19 16 15 28 14 16 40 29 21 20 29 37 13 26 19 39 15 14 21 35 22 21 24 14 30 39 19 23 33 17 30 39 19 40 39 23 15 16 29 18 33 17 19 17 18 32 26 27 36 37 39 16 23 24 29 34 21 15 15 29 36 30 31 27 14 20 40 29 20 27 33 17 11 20 20 32 20 39 15 28 16 17 32 11 37 34 15 20 25 29 30 27 24 22 13 38 38 35 26 14 39 24 33 19 36 15 24 40 39 26 12 20 28 36 23 27 18 40 11 21 19 32 21 38 31 34 39 27 31 38 19 31 13 12 16 30 12 30 40 19 31 31 31 34 38 40 26 14 26 37 24 15 22 37 35 15 32 39 31 17 13 39 18 32 37 17 27 27 16 15 13 17 19 16 18 20 31 18 31 31 17 12 32 30 29 23 31 14 15 35 13 32 37 36 25 32 38 39 40 32 18 34 18 34 19 23 27 20 17 40 34 30 31 21 14 31 12 27 18 35 26 36 18 35 18 15 31 32 14 22 29 13 32 38 14 20 23 13 18 21 27 32 12 27 21 20 18 18 31 38 31 17 23 14 40 20 17 23 34 18 29 37 19 15 26 36 33 36 35 26 38 34 17 29 19 13 30 37 18 35 27 32 39 28 12 27 17 16 37 17 15 24 24 36 14 39 25 12 23 28 11 36 16 27 25 13 36 39 39 13 25 14 18 28 24 36 37 13 11 25 39 27 15 39 40 38 14 23 34 18 27 12 21 28 15 30 16 25 27 27 24 25 34 20 35 33 20 13 22 16 38 11 18 39 18 22 17 24 27 11 13 38 35 13 26 20 29 17 18 16 28 34 39 26 34 21 18 15 21 28 32 31 38 20 14 23 27 13 21 36 15 12 13 17 11 36 32 33 29 36 20 20 34 29 18 24 11 37 39 36 27 22 11 32 31 31 16 33 11 28 19 11 32 38 15 22 13 11 25 30 37 12 21 11 15 25 27 33 16 25 39 23 32 37 35 29 19 21 13 27 30 15 30 13 16 38 24 32 32 23 14 15 36 19 21 31 34 38 24 12 20 30 17 24 36 23 30 11 28 14 14 24 13 31 26 26 11 35 37 19 12 33 16 16 37 36 39 12 26 12 17 11 29 15 13 17 16 11 23 27 33 29 34 28 13 15 33 21 35 34 29 36 25 20 32 33 29 18 37 13 21 28 25 18 34 30 14 12 34 13 32 37 28 37 38 24 15 35 31 34 15 26 13 20 29 20 14 18 35 33 40 27 23 31 21 39 15 38 35 28 22 25 26 23 24 15 20 15 16 32 17 12 14 13 13 12 18 21 13 11 39 33 14 15 24 16 40 20 15 14 23 13 36 17 19 28 27 13 11 38 28 14 35 40 19 21 16 13 21 28 15 24 38 31 13 26 33 14 39 17 21 17 30 22 21 20 32 37 17 14 13 13 33 18 24 14 15 16 38 20 25 37 28 11 17 29 14 38 34 38 30 15 32 15 36 13 16 18 28 27 21 38 11 35 38 36 39 32 13 36 22 29 32 29 12 31 16 25 22 39 19 21 26 28 32 23 40 13 32 29 36 30 37 12 26 33 38 19 39 39 12 32 13 39 19 13 37 38 27 17 19 28 20 23 16 18 29 11 14 32 24 19 29 31 32 12 30 11 24 25 40 36 13 30 21 32 26 20 18 17 16 18 40 26 30 11 38 22 20 16 33 32 23 32 15 36 34 36 13 15 35 18 33 40 21 33 20 29 28 16 37 40 26 19 20 37 12 27 35 33 38 23 20 29 36 21 36 11 23 27 34 39 21 22 18 23 33 40 32 35 27 24 32 11 21 22 28 27 17 26 23 11 35 24 24 30 38 31 29 22 11 23 33 23 25 22 30 21 37 15 16 36 26 33 11 14 15 36 23 22 40 16 15 26 40 31 35 15 19 16 21 12 24 32 40 16 23 38 31 12 18 14 40 27 21 34 16 34 35 32 32 34 18 36 37 33 17 23 33 23 30 25 29 31 37 28 17 17 40 17 26 13 37 20 34 38 21 40 28 19 20 12 18 16 14 38 25 37 39 31 21 37 30 35 37 25 13 11 17 24 31 23 13 39 30 28 15 38 40 35 34 37 32 32 18 13 23 38 26 36 15 20 32 12 29 29 32 31 31 33 33 26 22 11 32 26 23 26 27 11 16 22 17
29 9 14 7 25 24 1 16 13 29 15 24 1 24 16 14 4 6 24 1 28 3 10 18 24 1 7 9 6 5 18 4 6 30 19 11 10 19 27 3 16 9 29 5 4 11 25 12 11 14 4 20 29 9 13 23 7 20 29 9 30 29 13 5 6 19 8 23 7 9 7 8 22 16 17 26 27 29 6 13 14 19 24 11 5 5 19 26 20 21 17 4 10 30 19 10 17 23 7 1 10 10 22 10 29 5 18 6 7 22 1 27 24 5 10 15 19 20 17 14 12 3 28 28 25 16 4 29 14 23 9 26 5 14 30 29 16 2 10 18 26 13 17 8 30 1 11 9 22 11 28 21 24 29 17 21 28 9 21 3 2 6 20 2 20 30 9 21 21 21 24 28 30 16 4 16 27 14 5 12 27 25 5 22 29 21 7 3 29 8 22 27 7 17 17 6 5 3 7 9 6 8 10 21 8 21 21 7 2 22 20 19 13 21 4 5 25 3 22 27 26 15 22 28 29 30 22 8 24 8 24 9 13 17 10 7 30 24 20 21 11 4 21 2 17 8 25 16 26 8 25 8 5 21 22 4 12 19 3 22 28 4 10 13 3 8 11 17 22 2 17 11 10 8 8 21 28 21 7 13 4 30 10 7 13 24 8 19 27 9 5 16 26 23 26 25 16 28 24 7 19 9 3 20 27 8 25 17 22 29 18 2 17 7 6 27 7 5 14 14 26 4 29 15 2 13 18 1 26 6 17 15 3 26 29 29 3 15 4 8 18 14 26 27 3 1 15 29 17 5 29 30 28 4 13 24 8 17 2 11 18 5 20 6 15 17 17 14 15 24 10 25 23 10 3 12 6 28 1 8 29 8 12 7 14 17 1 3 28 25 3 16 10 19 7 8 6 18 24 29 16 24 11 8 5 11 18 22 21 28 10 4 13 17 3 11 26 5 2 3 7 1 26 22 23 19 26 10 10 24 19 8 14 1 27 29 26 17 12 1 22 21 21 6 23 1 18 9 1 22 28 5 12 3 1 15 20 27 2 11 1 5 15 17 23 6 15 29 13 22 27 25 19 9 11 3 17 20 5 20 3 6 28 14 22 22 13 4 5 26 9 11 21 24 28 14 2 10 20 7 14 26 13 20 1 18 4 4 14 3 21 16 16 1 25 27 9 2 23 6 6 27 26 29 2 16 2 7 1 19 5 3 7 6 1 13 17 23 19 24 18 3 5 23 11 25 24 19 26 15 10 22 23 19 8 27 3 11 18 15 8 24 20 4 2 24 3 22 27 18 27 28 14 5 25 21 24 5 16 3 10 19 10 4 8 25 23 30 17 13 21 11 29 5 28 25 18 12 15 16 13 14 5 10 5 6 22 7 2 4 3 3 2 8 11 3 1 29 23 4 5 14 6 30 10 5 4 13 3 26 7 9 18 17 3 1 28 18 4 25 30 9 11 6 3 11 18 5 14 28 21 3 16 23 4 29 7 11 7 20 12 11 10 22 27 7 4 3 3 23 8 14 4 5 6 28 10 15 27 18 1 7 19 4 28 24 28 20 5 22 5 26 3 6 8 18 17 11 28 1 25 28 26 29 22 3 26 12 19 22 19 2 21 6 15 12 29 9 11 16 18 22 13 30 3 22 19 26 20 27 2 16 23 28 9 29 29 2 22 3 29 9 3 27 28 17 7 9 18 10 13 6 8 19 1 4 22 14 9 19 21 22 2 20 1 14 15 30 26 3 20 11 22 16 10 8 7 6 8 30 16 20 1 28 12 10 6 23 22 13 22 5 26 24 26 3 5 25 8 23 30 11 23 10 19 18 6 27 30 16 9 10 27 2 17 25 23 28 13 10 19 26 11 26 1 13 17 24 29 11 12 8 13 23 30 22 25 17 14 22 1 11 12 18 17 7 16 13 1 25 14 14 20 28 21 19 12 1 13 23 13 15 12 20 11 27 5 6 26 16 23 1 4 5 26 13 12 30 6 5 16 30 21 25 5 9 6 11 2 14 22 30 6 13 28 21 2 8 4 30 17 11 24 6 24 25 22 22 24 8 26 27 23 7 13 23 13 20 15 19 21 27 18 7 7 30 7 16 3 27 10 24 28 11 30 18 9 10 2 8 6 4 28 15 27 29 21 11 27 20 25 27 15 3 1 7 14 21 13 3 29 20 18 5 28 30 25 24 27 22 22 8 3 13 28 16 26 5 10 22 2 19 19 22 21 21 23 23 16 12 1 22 16 13 16 17 1 6 12 7
2 7 12
256 498 53 867 172 219 522 541 100 838 714 60
0 26 2
675 815
6 9 18
566 971 726 395 636 654 705 690 143 94 310 695 932 572 759 6 495 456
6 7 22
584 3 430 479 941 656 108 590 1 794 454 561 710 426 52 266 127 346 362 642 728 434
0 7 5
348 38 638 421 375
12 13 25
524 512 97 87 450 444 340 186 449 418 445 793 379 33 586 847 868 913 9 770 278 716 622 844 972
4 7 21
352 173 660 327 312 420 436 748 979 676 44 262 405 862 959 545 546 528 458 532 248
3 4 27
474 735 201 538 523 334 233 83 490 827 826 309 595 903 501 555 162 408 61 190 998 218 739 994 731 697 43
0 11 2
700 554
13 12 23
142 488 756 119 237 370 305 784 738 297 560 396 655 473 955 182 858 48 171 980 557 706 404
2 10 8
229 298 828 353 583 766 357 47
4 3 38
811 14 146 180 241 821 952 741 621 419 976 594 613 894 472 707 711 876 701 481 206 431 987 452 937 268 983 75 274 537 988 329 116 721 817 205 734 930
4 8 15
550 593 36 361 791 801 762 471 427 124 130 417 880 774 208
6 8 25
50 169 150 51 777 26 917 974 74 422 865 347 810 373 869 895 40 95 943 41 928 611 164 961 767
9 11 27
333 453 662 781 280 832 933 447 592 521 457 132 834 368 378 37 369 845 682 376 870 628 290 242 476 887 264
3 6 23
940 110 153 717 446 407 254 148 335 217 227 252 175 685 619 565 424 483 102 651 71 571 982
2 8 14
213 315 360 350 226 790 300 332 54 2 319 114 885 76
2 7 13
720 577 66 299 166 67 349 96 351 919 816 287 719
2 3 36
783 842 825 390 715 892 936 934 491 789 494 337 999 809 58 757 780 857 749 30 606 951 712 251 257 10 881 702 882 245 569 16 372 764 962 599
7 13 16
745 65 336 831 823 886 514 11 529 388 602 914 149 500 850 615
5 11 11
163 503 666 989 478 177 680 272 170 295 944
4 7 20
380 884 412 805 343 686 144 202 394 24 437 663 383 238 799 923 939 62 872 212
8 13 18
109 683 986 963 559 423 230 877 614 399 120 640 261 604 637 795 820 644
12 8 39
618 556 140 289 893 215 322 786 693 293 949 678 139 131 258 406 223 409 775 222 984 4 93 807 991 722 138 151 942 294 630 465 147 381 194 803 623 896 160
13 9 38
515 601 414 859 8 509 382 363 874 544 125 19 535 174 620 746 542 104 344 195 224 579 652 480 525 935 626 441 899 929 326 841 317 506 518 392 330 510
0 10 3
650 59 992
2 8 13
98 123 106 576 416 863 677 214 782 167 918 260 345
12 8 38
415 34 359 708 92 574 946 787 814 915 247 958 797 743 154 567 600 77 534 835 635 996 548 296 189 57 486 516 956 906 428 674 802 502 31 669 279 839
17 10 42
236 81 659 492 861 761 829 668 681 126 85 768 165 56 475 846 18 23 948 536 364 365 316 730 115 853 824 209 244 624 883 425 753 311 141 605 451 79 307 758 916 679
4 12 14
80 698 384 286 158 747 617 155 904 625 239 671 39 568
0 4 10
897 121 864 608 181 641 410 187 184 88
18 13 30
772 152 938 648 818 192 804 873 808 267 661 341 442 647 374 505 225 673 603 386 596 854 168 849 63 46 589 612 533 82
5 14 11
965 631 323 760 729 924 366 443 688 463 694
9 12 22
253 551 68 724 402 687 957 709 785 467 281 627 304 765 42 800 860 12 806 511 848 308
4 5 23
629 616 303 145 448 271 455 737 270 99 331 137 773 597 356 645 435 72 578 587 977 84 198
1 8 4
15 699 840 981
5 15 11
908 64 355 740 429 338 282 339 945 744 487
1 4 11
318 507 22 540 211 610 564 754 207 875 111
0 16 2
103 970
13 11 34
736 324 585 570 183 403 978 283 78 477 385 276 161 562 269 950 397 228 496 573 259 411 263 718 288 188 657 35 328 484 354 703 871 504
1 5 15
20 796 439 156 28 196 581 27 907 489 7 822 878 851 902
4 9 18
216 778 249 499 112 888 438 539 135 910 812 549 582 508 255 779 387 552
2 12 1
0
15 21 1
5
2 16 1
13
1 40 1
17
15 16 1
21
6 15 1
25
6 14 2
29 178
4 20 1
32
11 22 1
45
6 17 1
49
1 21 1
55
18 19 2
69 752
19 23 2
70 964
9 21 1
73
9 15 1
86
4 14 1
89
4 8 1
90
15 24 2
91 649
5 13 1
101
1 18 1
105
5 21 1
107
10 22 1
113
9 15 2
117 246
4 20 1
118
2 21 1
122
6 16 1
128
10 22 2
129 136
11 21 1
133
1 20 2
134 519
2 7 1
157
9 19 1
159
2 17 2
176 837
5 19 2
179 275
1 18 1
185
4 16 1
191
5 15 2
193 967
4 21 1
197
4 16 2
199 925
4 16 1
200
5 8 1
203
2 18 1
204
12 20 1
210
2 20 1
220
9 22 1
221
1 34 1
231
3 20 1
232
11 20 1
234
15 22 2
235 947
6 10 1
240
9 21 1
243
10 20 1
250
11 22 1
265
4 22 1
273
15 26 1
277
2 8 1
284
9 16 1
285
5 11 2
291 725
4 13 1
292
15 26 1
301
1 28 1
302
15 19 1
306
2 17 1
313
4 17 1
314
11 18 1
320
4 17 1
321
7 18 2
325 643
6 19 2
342 575
4 12 1
358
4 15 1
367
10 22 1
371
5 18 1
377
5 21 1
389
4 18 1
391
4 11 1
393
10 27 1
398
6 21 1
400
5 20 1
401
10 27 1
413
2 17 1
432
6 18 1
433
10 24 2
440 960
1 37 1
459
5 12 1
460
1 14 1
461
4 16 1
462
1 20 1
464
6 18 1
466
1 27 1
468
1 10 1
469
1 11 1
470
1 18 1
482
2 18 1
485
10 25 1
493
4 16 1
497
6 20 1
513
1 33 1
517
7 15 1
520
4 19 1
526
1 30 1
527
4 13 1
530
6 19 2
531 563
6 20 1
543
6 17 1
547
1 22 1
553
4 9 1
558
1 20 1
580
2 14 1
588
11 22 2
591 953
6 13 1
598
6 20 1
607
1 18 1
609
1 13 1
632
2 22 1
633
6 10 1
634
5 17 1
639
2 12 1
646
4 22 1
653
7 17 2
658 856
6 15 1
664
6 9 1
665
1 30 1
667
5 16 1
670
15 23 1
672
6 16 1
684
2 12 1
689
4 18 1
691
23 21 1
692
18 25 1
696
2 22 1
704
11 17 1
713
18 23 2
723 751
5 17 2
727 890
7 22 1
732
1 20 1
733
1 22 1
742
5 19 1
750
3 18 1
755
6 16 1
763
1 27 1
769
2 14 1
771
16 21 1
776
7 21 1
788
9 28 1
792
4 21 1
798
5 17 1
813
9 19 1
819
3 16 1
830
1 19 1
833
6 19 1
836
2 12 2
843 969
5 12 1
852
10 22 1
855
12 23 1
866
9 23 1
879
5 15 1
889
1 29 1
891
1 12 1
898
5 13 1
900
5 14 1
901
9 26 1
905
18 22 1
909
15 23 1
911
9 16 1
912
4 20 1
920
6 18 1
921
4 10 1
922
1 17 1
926
11 22 1
927
6 21 1
931
1 33 1
954
5 12 1
966
5 10 1
968
1 17 1
973
2 12 1
975
6 12 1
985
7 24 1
990
6 11 1
993
6 16 1
995
10 27 1
997
