800 164 1240 53
15 27 12 33 34 17 30 39 29 30 11 17 23 11 27 30 39 34 26 29 20 31 15 37 16 33 17 14 29 25 14 14 21 16 14 17 16 31 32 18 25 37 32 16 12 15 40 25 13 40 40 37 31 18 40 12 36 14 17 14 34 18 25 26 15 31 12 13 37 30 25 15 16 12 24 20 25 17 29 40 23 37 34 39 28 23 20 25 28 22 38 37 21 27 25 20 39 29 21 31 22 39 35 24 31 36 38 37 18 30 22 34 20 38 13 28 34 16 34 25 30 11 34 30 11 11 16 14 37 14 32 13 19 27 16 36 23 36 34 19 22 31 38 40 16 23 25 39 30 18 32 21 34 29 11 35 39 22 13 33 36 25 30 36 30 23 21 20 25 29 26 37 15 19 15 30 16 25 23 30 13 33 34 22 18 25 19 21 27 29 26 20 16 36 29 40 29 26 20 27 29 39 36 34 38 37 14 24 40 26 35 16 14 15 36 29 34 22 38 29 20 27 30 20 30 25 23 20 18 39 19 30 27 27 36 24 12 39 15 38 36 38 25 40 25 15 27 33 37 39 33 24 14 26 39 24 20 19 24 38 17 24 21 30 37 29 27 21 28 23 24 16 23 27 37 17 30 13 24 19 13 27 29 30 30 16 23 21 12 35 18 29 25 22 31 13 38 36 14 17 36 31 20 12 14 37 31 30 28 19 12 20 16 17 38 39 18 31 37 11 15 14 18 34 22 22 39 16 14 27 19 27 22 16 25 20 39 40 36 27 37 14 26 23 14 22 13 29 31 25 19 17 33 15 26 13 15 25 38 39 38 40 31 39 32 16 17 39 33 23 22 25 22 15 16 11 37 37 21 18 36 15 33 32 35 18 25 16 12 29 23 11 31 24 18 25 19 13 31 22 14 11 36 24 25 35 15 38 22 34 33 17 16 15 37 33 13 33 39 14 30 12 35 18 27 38 29 19 36 28 38 26 17 20 13 11 11 27 28 35 15 18 15 28 30 23 20 32 27 17 25 32 39 40 30 40 13 37 24 29 26 13 22 27 15 17 22 30 26 30 27 25 14 26 36 27 17 32 23 40 34 37 36 22 21 12 13 39 18 20 37 32 16 37 14 40 34 25 22 20 34 22 13 33 37 28 27 26 23 15 19 30 21 16 14 32 36 18 24 11 30 16 26 36 30 27 23 37 34 11 37 17 20 25 33 11 19 40 40 19 32 32 14 18 13 30 26 40 32 16 30 35 22 18 38 18 20 14 39 24 25 19 36 36 15 38 16 13 38 17 34 35 15 13 38 26 15 28 30 19 12 14 36 17 20 30 21 11 20 25 14 23 14 32 27 22 12 29 15 15 15 19 26 38 19 14 30 30 26 24 14 31 33 25 32 11 25 35 23 15 15 24 16 17 33 14 35 39 39 21 11 34 36 22 26 13 25 40 28 22 33 29 39 20 28 16 12 32 32 25 22 39 16 40 11 38 33 14 32 16 40 30 37 23 36 22 40 13 22 15 37 37 31 33 15 25 16 11 31 24 20 21 35 25 16 23 20 20 18 14 39 36 28 27 39 27 38 21 31 17 38 35 15 33 19 34 33 23 40 36 29 34 34 34 33 18 19 23 19 35 25 39 14 15 32 36 37 35 25 36 12 19 39 26 38 14 13 23 23 14 31 32 21 39 35 30 34 16 34 23 18 23 34 38 29 17 19 22 33 37 34 17 35 19 38 15 33 11 35 15 36 18 11 17 22 32 11 24 16 32 25 32 11 36 18 40 22 12 22 14 15 27 35 15 19 22 20 23 31 36
5 17 2 23 24 7 20 29 19 20 1 7 13 1 17 20 29 24 16 19 10 21 5 27 6 23 7 4 19 15 4 4 11 6 4 7 6 21 22 8 15 27 22 6 2 5 30 15 3 30 30 27 21 8 30 2 26 4 7 4 24 8 15 16 5 21 2 3 27 20 15 5 6 2 14 10 15 7 19 30 13 27 24 29 18 13 10 15 18 12 28 27 11 17 15 10 29 19 11 21 12 29 25 14 21 26 28 27 8 20 12 24 10 28 3 18 24 6 24 15 20 1 24 20 1 1 6 4 27 4 22 3 9 17 6 26 13 26 24 9 12 21 28 30 6 13 15 29 20 8 22 11 24 19 1 25 29 12 3 23 26 15 20 26 20 13 11 10 15 19 16 27 5 9 5 20 6 15 13 20 3 23 24 12 8 15 9 11 17 19 16 10 6 26 19 30 19 16 10 17 19 29 26 24 28 27 4 14 30 16 25 6 4 5 26 19 24 12 28 19 10 17 20 10 20 15 13 10 8 29 9 20 17 17 26 14 2 29 5 28 26 28 15 30 15 5 17 23 27 29 23 14 4 16 29 14 10 9 14 28 7 14 11 20 27 19 17 11 18 13 14 6 13 17 27 7 20 3 14 9 3 17 19 20 20 6 13 11 2 25 8 19 15 12 21 3 28 26 4 7 26 21 10 2 4 27 21 20 18 9 2 10 6 7 28 29 8 21 27 1 5 4 8 24 12 12 29 6 4 17 9 17 12 6 15 10 29 30 26 17 27 4 16 13 4 12 3 19 21 15 9 7 23 5 16 3 5 15 28 29 28 30 21 29 22 6 7 29 23 13 12 15 12 5 6 1 27 27 11 8 26 5 23 22 25 8 15 6 2 19 13 1 21 14 8 15 9 3 21 12 4 1 26 14 15 25 5 28 12 24 23 7 6 5 27 23 3 23 29 4 20 2 25 8 17 28 19 9 26 18 28 16 7 10 3 1 1 17 18 25 5 8 5 18 20 13 10 22 17 7 15 22 29 30 20 30 3 27 14 19 16 3 12 17 5 7 12 20 16 20 17 15 4 16 26 17 7 22 13 30 24 27 26 12 11 2 3 29 8 10 27 22 6 27 4 30 24 15 12 10 24 12 3 23 27 18 17 16 13 5 9 20 11 6 4 22 26 8 14 1 20 6 16 26 20 17 13 27 24 1 27 7 10 15 23 1 9 30 30 9 22 22 4 8 3 20 16 30 22 6 20 25 12 8 28 8 10 4 29 14 15 9 26 26 5 28 6 3 28 7 24 25 5 3 28 16 5 18 20 9 2 4 26 7 10 20 11 1 10 15 4 13 4 22 17 12 2 19 5 5 5 9 16 28 9 4 20 20 16 14 4 21 23 15 22 1 15 25 13 5 5 14 6 7 23 4 25 29 29 11 1 24 26 12 16 3 15 30 18 12 23 19 29 10 18 6 2 22 22 15 12 29 6 30 1 28 23 4 22 6 30 20 27 13 26 12 30 3 12 5 27 27 21 23 5 15 6 1 21 14 10 11 25 15 6 13 10 10 8 4 29 26 18 17 29 17 28 11 21 7 28 25 5 23 9 24 23 13 30 26 19 24 24 24 23 8 9 13 9 25 15 29 4 5 22 26 27 25 15 26 2 9 29 16 28 4 3 13 13 4 21 22 11 29 25 20 24 6 24 13 8 13 24 28 19 7 9 12 23 27 24 7 25 9 28 5 23 1 25 5 26 8 1 7 12 22 1 14 6 22 15 22 1 26 8 30 12 2 12 4 5 17 25 5 9 12 10 13 21 26
17 16 31
627 336 759 296 796 554 297 308 300 214 52 171 526 19 98 501 41 111 96 87 154 679 195 375 502 776 422 62 50 246 719
4 7 19
147 391 590 764 513 762 558 343 461 403 659 210 77 515 634 529 753 198 522
4 14 8
380 699 665 580 63 392 791 82
11 11 31
206 317 730 602 493 268 129 290 432 729 473 102 60 121 450 138 652 282 637 532 320 773 712 641 572 156 571 734 495 249 741
2 5 18
583 176 79 666 650 387 0 146 287 248 728 314 774 346 688 51 599 276
5 8 20
43 436 514 307 398 427 721 349 267 769 354 382 562 223 401 607 671 124 595 254
7 9 22
365 783 242 457 685 33 524 226 408 592 585 135 629 449 440 72 142 136 614 681 162 356
1 11 4
643 695 544 331
4 13 11
312 16 747 512 203 658 112 108 353 303 383
0 5 8
73 332 778 458 636 569 189 141
7 7 30
25 53 190 416 215 212 279 433 76 454 424 439 18 166 447 710 788 164 256 584 291 288 374 534 311 165 476 86 344 715
9 14 17
376 75 231 407 508 237 785 224 459 589 100 795 754 341 503 574 654
0 2 20
275 543 542 389 278 497 81 20 399 738 453 342 505 781 145 388 371 530 625 748
4 10 17
188 110 742 12 90 725 750 99 772 22 201 35 338 197 170 687 302
2 3 30
329 157 116 581 496 361 385 421 84 428 674 606 187 153 168 414 713 80 565 348 169 339 4 560 91 263 727 726 793 205
14 10 24
184 655 310 345 578 38 686 67 9 273 620 784 442 757 765 32 434 763 14 462 465 677 252 601
0 4 2
419 85
4 5 27
740 484 13 163 74 761 668 556 31 657 299 716 758 89 682 185 95 709 605 127 612 633 498 525 451 536 265
6 6 29
481 609 749 564 269 676 535 538 360 227 48 66 707 444 272 618 167 573 386 59 460 220 477 309 105 600 510 610 182
7 13 18
122 661 711 120 488 604 397 437 150 325 768 696 140 480 29 591 363 797
0 8 2
94 10
0 18 2
732 42
1 10 8
587 266 101 113 304 192 723 684
9 14 18
174 357 577 196 528 645 306 479 611 326 443 445 370 46 678 469 241 181
0 12 4
70 792 624 491
1 2 30
7 705 551 103 49 54 334 323 717 521 594 244 204 83 379 58 202 756 270 423 777 118 337 294 523 452 472 683 117 152
4 11 14
172 6 193 24 217 468 119 500 194 467 613 621 318 698
8 8 28
672 464 159 30 229 644 579 486 448 786 639 69 680 664 281 744 516 608 557 5 222 649 315 561 720 689 313 34
4 6 27
28 350 413 395 250 787 285 789 527 179 548 588 790 261 45 238 36 55 15 340 209 663 26 489 714 752 137
14 11 32
567 455 322 546 539 180 369 582 718 207 760 78 430 441 431 161 234 570 368 47 355 745 280 550 295 301 518 328 724 274 40 292
7 8 28
735 251 27 173 782 293 737 225 690 770 88 305 211 378 321 200 359 631 483 603 143 622 260 656 3 92 316 406
11 10 30
405 418 646 247 148 394 647 411 128 409 692 255 199 65 44 289 61 235 697 651 319 57 642 37 104 771 362 213 780 576
1 9 7
125 219 284 149 298 638 504
0 4 7
520 596 415 160 662 17 438
5 11 12
626 731 262 151 351 228 597 456 703 264 547 691
0 5 8
324 257 751 123 499 426 390 511
9 16 1
1
3 8 2
2 330
2 9 3
8 56 615
2 15 2
11 131
8 17 2
21 420
3 9 1
23
1 19 1
39
2 25 1
64
1 24 2
68 766
2 29 2
71 474
9 19 2
93 364
1 9 1
97
1 15 1
106
1 17 1
107
9 16 1
109
2 8 1
114
1 8 1
115
9 15 1
126
1 9 2
130 466
9 18 1
132
1 19 1
133
1 9 1
134
7 16 2
139 623
2 10 2
144 175
9 17 1
155
11 18 3
158 245 373
11 19 1
177
11 19 1
178
9 13 2
183 598
6 15 2
186 358
6 18 1
191
1 7 1
208
3 13 1
216
8 21 1
218
3 14 1
221
1 21 1
230
7 16 2
232 667
4 11 1
233
11 25 1
236
6 21 2
239 366
8 20 2
240 372
2 24 1
243
9 17 1
253
2 28 1
258
7 23 2
259 541
7 20 3
271 393 425
8 19 1
277
9 14 1
283
1 8 1
286
3 19 1
327
3 8 2
333 429
8 18 2
335 381
2 24 1
347
1 7 1
352
4 12 1
367
1 11 2
377 669
3 11 1
384
12 23 2
396 653
2 12 2
400 593
1 13 1
402
1 14 1
404
2 26 1
410
12 21 1
412
1 15 1
417
1 12 1
435
5 22 1
446
6 20 1
463
2 7 1
470
9 16 1
471
8 27 2
475 640
1 18 1
478
12 17 2
482 733
2 13 1
485
1 7 1
487
1 10 1
490
14 30 1
492
1 25 1
494
12 29 1
506
1 12 1
507
14 25 1
509
3 25 1
517
2 16 1
519
1 14 1
531
2 7 2
533 700
1 23 1
537
3 12 1
540
12 20 1
545
1 16 1
549
1 11 1
552
1 18 1
553
3 18 1
555
1 12 1
559
7 21 1
563
3 16 1
566
3 21 1
568
1 16 1
575
1 14 1
586
1 14 1
616
14 21 1
617
1 14 1
619
7 21 1
628
8 19 1
630
4 21 1
632
9 19 1
635
5 20 1
648
9 22 1
660
1 6 1
670
8 24 1
673
8 24 1
675
1 15 1
693
11 22 1
694
6 15 1
701
2 11 1
702
3 14 1
704
1 9 1
706
3 14 1
708
9 14 1
722
11 21 1
736
1 12 1
739
3 21 1
743
4 18 1
746
2 15 1
755
8 20 1
767
1 30 1
775
7 17 1
779
1 15 1
794
1 7 1
798
8 18 1
799
