300 97 465 20
32 26 26 33 26 22 12 12 11 27 34 22 32 28 33 12 25 37 12 25 26 26 18 29 38 30 31 16 25 32 30 36 34 28 21 40 31 24 29 27 17 26 15 28 12 29 31 21 23 29 13 36 15 33 24 14 17 15 27 17 24 22 19 13 35 37 34 35 38 21 21 13 33 14 30 13 14 17 16 23 25 38 12 35 25 12 19 19 35 20 19 22 13 34 11 17 15 15 11 20 16 11 20 12 34 22 20 27 26 36 23 34 12 27 27 19 19 36 35 32 28 37 15 34 25 19 39 24 24 37 15 26 14 22 31 38 24 32 14 18 20 13 21 31 21 38 40 21 37 38 38 11 35 26 31 25 33 11 24 17 31 19 26 20 21 30 34 12 27 31 19 26 21 30 26 40 16 21 20 34 13 32 21 36 11 31 35 17 13 20 24 37 27 22 28 38 22 18 29 15 19 24 35 19 33 15 28 22 29 36 31 18 14 14 31 23 34 34 23 37 37 28 21 22 19 35 15 13 19 26 39 33 19 21 13 18 29 33 33 31 33 12 20 32 19 34 24 34 22 16 13 35 14 20 26 40 40 25 17 37 35 29 14 26 32 11 37 11 35 12 18 39 34 39 22 39 17 26 33 13 34 31 33 36 26 40 38 29 17 34 28 16 11 28 36 20 13 20 35 13
22 16 16 23 16 12 2 2 1 17 24 12 22 18 23 2 15 27 2 15 16 16 8 19 28 20 21 6 15 22 20 26 24 18 11 30 21 14 19 17 7 16 5 18 2 19 21 11 13 19 3 26 5 23 14 4 7 5 17 7 14 12 9 3 25 27 24 25 28 11 11 3 23 4 20 3 4 7 6 13 15 28 2 25 15 2 9 9 25 10 9 12 3 24 1 7 5 5 1 10 6 1 10 2 24 12 10 17 16 26 13 24 2 17 17 9 9 26 25 22 18 27 5 24 15 9 29 14 14 27 5 16 4 12 21 28 14 22 4 8 10 3 11 21 11 28 30 11 27 28 28 1 25 16 21 15 23 1 14 7 21 9 16 10 11 20 24 2 17 21 9 16 11 20 16 30 6 11 10 24 3 22 11 26 1 21 25 7 3 10 14 27 17 12 18 28 12 8 19 5 9 14 25 9 23 5 18 12 19 26 21 8 4 4 21 13 24 24 13 27 27 18 11 12 9 25 5 3 9 16 29 23 9 11 3 8 19 23 23 21 23 2 10 22 9 24 14 24 12 6 3 25 4 10 16 30 30 15 7 27 25 19 4 16 22 1 27 1 25 2 8 29 24 29 12 29 7 16 23 3 24 21 23 26 16 30 28 19 7 24 18 6 1 18 26 10 3 10 25 3
4 12 12
96 251 23 12 64 264 103 209 226 258 79 51
6 14 13
39 210 1 134 29 57 24 216 285 224 73 54 114
2 8 9
245 240 32 161 74 167 153 46 122
0 12 1
282
2 14 5
31 250 68 61 197
1 6 9
243 201 221 278 238 254 230 155 139
0 11 2
151 170
0 11 4
35 203 246 293
2 20 5
109 85 256 67 88
3 9 8
241 7 290 55 168 178 143 200
0 18 2
191 228
2 10 8
173 59 70 179 277 130 58 171
3 13 7
269 181 72 225 276 97 299
1 6 10
294 95 94 116 242 62 13 218 235 93
0 6 5
131 144 89 138 80
1 10 4
248 28 112 215
1 8 8
129 220 119 236 44 17 162 120
0 3 11
30 263 86 81 159 3 15 222 11 34 273
0 10 3
281 157 182
5 13 9
108 91 147 255 284 82 25 137 141
2 9 6
291 47 84 184 199 146
2 10 10
237 26 183 219 40 180 271 66 174 212
0 5 6
292 213 231 53 190 158
0 4 10
266 234 233 48 133 257 101 127 99 259
2 11 9
253 217 71 152 204 252 8 207 100
4 15 7
244 36 76 123 185 166 41
2 9 8
126 107 193 286 192 154 297 128
1 11 3
132 150 50
0 3 13
249 189 118 22 125 113 198 42 205 0 195 260 87
2 10 6
27 6 98 188 69 275
3 9 8
136 77 4 163 18 45 279 214
2 13 6
37 175 287 16 56 43
3 9 9
14 9 90 19 49 10 177 288 229
1 16 1
2
1 17 1
5
5 21 1
20
1 15 1
21
2 16 1
33
2 18 1
38
1 14 1
52
1 13 1
60
1 15 1
63
1 23 1
65
1 15 1
75
1 18 1
78
3 22 1
83
1 14 1
92
5 27 1
102
1 19 1
104
1 18 1
105
1 17 1
106
1 15 1
110
2 25 1
111
4 23 1
115
4 31 1
117
1 14 1
121
1 30 1
124
3 18 1
135
2 18 1
140
1 17 1
142
2 15 1
145
1 22 1
148
4 22 1
149
1 14 1
156
1 19 1
160
4 17 1
164
5 20 1
165
1 16 1
169
1 24 1
172
1 15 1
176
3 18 1
186
5 22 1
187
3 19 1
194
3 18 1
196
1 25 1
202
4 21 1
206
1 6 1
208
1 9 1
211
1 23 1
223
1 15 1
227
1 18 1
232
2 16 1
239
5 23 1
247
2 15 1
261
4 20 1
262
1 23 1
265
1 19 1
267
1 19 1
268
3 21 1
270
5 20 1
272
4 18 1
274
6 26 1
280
1 23 1
283
1 26 1
289
1 19 1
295
1 28 1
296
1 26 1
298
