300 110 465 20
12 31 39 21 25 11 14 26 28 13 13 35 22 13 16 40 12 25 31 37 31 15 19 25 31 28 30 32 36 22 16 38 22 28 18 36 33 21 36 28 40 15 22 20 22 35 24 36 20 27 35 32 26 15 39 28 19 26 15 23 12 21 32 29 30 21 16 12 25 13 25 37 22 14 40 27 12 22 22 33 32 23 30 13 25 16 28 18 39 35 14 28 28 40 24 13 37 13 12 29 21 24 20 20 19 38 12 18 29 11 13 20 19 16 35 28 25 33 20 37 22 33 35 40 19 25 24 40 13 24 14 19 39 28 30 14 18 25 31 31 29 32 19 13 14 31 33 11 14 26 33 13 26 12 28 12 38 23 34 11 37 11 30 19 21 40 14 22 17 15 20 13 25 32 20 31 24 12 19 16 14 34 30 17 16 23 11 37 17 22 40 23 27 16 25 39 35 34 28 38 18 37 35 13 13 24 23 36 31 40 36 13 14 21 37 29 16 21 11 14 21 11 34 15 32 15 16 13 34 33 30 27 29 34 30 39 39 11 34 29 34 39 17 23 22 11 29 40 22 20 14 31 37 26 37 21 34 22 26 11 38 13 40 16 20 32 40 32 37 30 12 25 26 31 36 23 21 14 23 24 17 32 22 30 25 16 17 21 17 38 13 40 35 23 28 24 19 32 35 28
2 21 29 11 15 1 4 16 18 3 3 25 12 3 6 30 2 15 21 27 21 5 9 15 21 18 20 22 26 12 6 28 12 18 8 26 23 11 26 18 30 5 12 10 12 25 14 26 10 17 25 22 16 5 29 18 9 16 5 13 2 11 22 19 20 11 6 2 15 3 15 27 12 4 30 17 2 12 12 23 22 13 20 3 15 6 18 8 29 25 4 18 18 30 14 3 27 3 2 19 11 14 10 10 9 28 2 8 19 1 3 10 9 6 25 18 15 23 10 27 12 23 25 30 9 15 14 30 3 14 4 9 29 18 20 4 8 15 21 21 19 22 9 3 4 21 23 1 4 16 23 3 16 2 18 2 28 13 24 1 27 1 20 9 11 30 4 12 7 5 10 3 15 22 10 21 14 2 9 6 4 24 20 7 6 13 1 27 7 12 30 13 17 6 15 29 25 24 18 28 8 27 25 3 3 14 13 26 21 30 26 3 4 11 27 19 6 11 1 4 11 1 24 5 22 5 6 3 24 23 20 17 19 24 20 29 29 1 24 19 24 29 7 13 12 1 19 30 12 10 4 21 27 16 27 11 24 12 16 1 28 3 30 6 10 22 30 22 27 20 2 15 16 21 26 13 11 4 13 14 7 22 12 20 15 6 7 11 7 28 3 30 25 13 18 14 9 22 25 18
0 4 8
38 36 210 166 47 43 116 6
2 10 5
21 245 89 272 30
0 19 2
181 137
2 9 10
297 202 212 242 122 255 163 262 264 200
1 10 5
121 185 124 277 142
0 10 2
269 250
2 7 8
40 279 90 259 144 66 177 226
0 14 2
109 96
1 9 6
240 120 34 88 76 174
2 16 4
70 23 239 140
2 14 9
87 59 292 54 173 207 187 71 60
2 8 12
241 249 184 197 37 29 68 265 233 199 135 224
1 10 5
194 261 105 27 81
0 3 9
91 25 170 24 282 57 115 215 22
1 16 5
93 293 85 289 238
2 14 5
299 113 114 139 290
2 9 10
270 236 49 158 208 298 102 230 7 150
0 10 2
17 159
1 12 6
58 51 97 16 160 74
0 5 4
219 231 48 172
0 6 7
147 118 235 216 183 254 186
2 7 10
129 78 55 276 287 69 9 138 31 75
3 7 11
84 161 178 211 206 44 179 205 251 141 106
1 17 3
267 95 63
0 9 4
189 195 275 296
0 7 1
155
0 5 7
14 67 82 168 204 190 278
0 14 3
12 157 132
4 10 12
10 294 86 221 217 283 285 62 171 281 188 79
2 7 11
94 227 198 295 167 65 165 256 203 111 291
0 7 5
248 280 146 126 28
2 12 5
8 164 13 11 128
2 9 5
125 46 175 110 225
3 12 8
237 263 153 268 61 162 3 45
4 12 10
149 145 176 19 196 92 247 180 152 243
2 17 4
107 229 35 273
3 21 1
0
3 17 1
1
4 20 1
2
4 16 1
4
1 21 1
5
3 23 1
15
3 22 1
18
1 16 1
20
1 22 1
26
1 17 1
32
1 12 1
33
1 22 1
39
3 19 1
41
2 23 1
42
3 16 1
50
3 22 1
52
1 14 1
53
1 21 1
56
3 26 1
64
3 22 1
72
1 17 1
73
1 14 1
77
1 13 1
80
3 16 1
83
2 26 1
98
1 22 1
99
1 12 1
100
1 12 1
101
1 16 1
103
1 14 1
104
2 21 1
108
3 25 1
112
1 13 1
117
3 26 2
119 288
1 26 1
123
4 19 1
127
1 15 1
130
4 19 1
131
1 20 1
133
3 19 1
134
4 17 1
136
3 26 1
143
3 21 1
148
1 11 1
151
1 10 1
154
4 15 1
156
1 24 1
169
1 21 1
182
1 19 1
191
2 28 1
192
5 24 1
193
3 27 1
201
3 29 1
209
1 20 1
213
1 13 1
214
3 24 1
218
1 22 1
220
2 23 1
222
2 24 1
223
1 19 1
228
1 17 1
232
2 21 1
234
1 22 1
244
1 9 1
246
1 16 1
252
1 24 1
253
1 8 1
257
1 18 1
258
1 10 1
260
1 13 1
266
1 20 1
271
1 13 1
274
1 11 1
284
1 36 1
286
