300 92 465 1
17 23 17 27 14 15 35 31 24 35 25 37 35 25 23 17 33 15 18 39 34 36 27 38 14 37 29 33 35 38 22 36 40 35 22 21 25 20 31 15 22 37 17 35 11 38 12 28 31 16 27 16 13 31 37 36 27 30 37 24 28 25 24 26 23 19 12 24 25 38 31 33 34 27 25 40 36 38 11 36 39 16 35 29 26 22 17 19 37 11 38 21 32 16 14 25 34 22 34 32 16 29 37 36 18 30 27 36 14 32 35 23 18 16 18 12 31 32 21 15 22 11 21 20 12 28 26 13 19 14 29 27 26 20 36 17 22 34 27 38 14 12 35 31 14 27 13 36 32 35 18 23 31 24 38 23 30 36 22 19 39 38 31 23 15 15 35 33 19 40 21 19 35 17 16 24 15 33 17 37 40 39 22 31 22 21 25 29 33 39 14 32 17 34 16 25 12 26 34 38 16 35 37 23 27 39 32 35 34 21 28 23 22 23 17 17 39 22 22 14 34 36 15 13 26 35 24 14 34 37 30 23 36 12 35 36 31 39 35 16 30 22 14 15 17 25 19 32 27 25 26 21 16 38 21 29 25 35 18 28 18 25 15 32 17 25 16 12 31 36 14 25 35 20 16 36 16 40 29 29 38 20 21 40 30 38 36 32 38 24 14 38 17 21 35 15 32 36 27 12
7 13 7 17 4 5 25 21 14 25 15 27 25 15 13 7 23 5 8 29 24 26 17 28 4 27 19 23 25 28 12 26 30 25 12 11 15 10 21 5 12 27 7 25 1 28 2 18 21 6 17 6 3 21 27 26 17 20 27 14 18 15 14 16 13 9 2 14 15 28 21 23 24 17 15 30 26 28 1 26 29 6 25 19 16 12 7 9 27 1 28 11 22 6 4 15 24 12 24 22 6 19 27 26 8 20 17 26 4 22 25 13 8 6 8 2 21 22 11 5 12 1 11 10 2 18 16 3 9 4 19 17 16 10 26 7 12 24 17 28 4 2 25 21 4 17 3 26 22 25 8 13 21 14 28 13 20 26 12 9 29 28 21 13 5 5 25 23 9 30 11 9 25 7 6 14 5 23 7 27 30 29 12 21 12 11 15 19 23 29 4 22 7 24 6 15 2 16 24 28 6 25 27 13 17 29 22 25 24 11 18 13 12 13 7 7 29 12 12 4 24 26 5 3 16 25 14 4 24 27 20 13 26 2 25 26 21 29 25 6 20 12 4 5 7 15 9 22 17 15 16 11 6 28 11 19 15 25 8 18 8 15 5 22 7 15 6 2 21 26 4 15 25 10 6 26 6 30 19 19 28 10 11 30 20 28 26 22 28 14 4 28 7 11 25 5 22 26 17 2
1 10 6
69 288 238 51 274 275
1 7 8
98 214 32 92 189 38 117 54
3 16 6
247 154 193 165 106 215
5 11 11
14 55 295 157 114 133 76 120 41 99 141
1 15 4
271 105 231 161
1 13 4
28 203 8 85
3 12 11
131 298 58 297 243 68 147 230 176 47 188
1 26 3
75 285 53
0 9 1
46
0 5 9
216 143 291 234 139 264 9 179 213
0 14 2
223 272
2 11 8
240 89 31 23 156 70 268 136
3 13 7
74 81 151 80 204 277 163
2 13 8
67 219 283 101 33 152 30 185
4 12 9
90 118 241 269 174 256 218 36 111
1 5 6
244 273 248 17 153 144
0 15 2
21 222
0 15 1
45
0 10 1
97
6 11 12
142 65 13 44 24 146 190 130 158 257 186 249
4 10 10
115 56 212 128 184 251 119 82 255 48
0 9 4
194 96 73 11
0 23 2
279 253
4 10 13
183 127 27 5 263 164 34 294 284 20 102 207 134
1 9 5
87 109 276 49 103
0 13 2
62 192
1 8 8
129 91 228 77 287 198 25 221
1 14 3
86 10 72
0 4 9
60 229 168 150 172 209 123 178 2
0 7 6
196 79 37 175 3 137
2 7 11
170 162 42 108 262 132 95 1 140 7 225
5 12 10
210 200 292 64 180 110 122 177 282 112
1 10 4
35 239 199 59
2 13 7
205 246 281 22 124 280 116
3 13 9
43 220 40 252 208 290 148 29 160
1 9 6
296 155 169 149 265 171
1 4 2
78 173
3 12 8
12 52 63 202 224 227 267 6
0 13 2
16 237
1 22 1
0
7 23 2
4 211
8 25 2
15 270
1 18 1
18
1 18 1
19
1 22 1
26
8 23 2
39 57
1 23 1
50
1 16 1
61
3 17 1
66
1 14 1
71
1 23 2
83 195
3 22 2
84 289
1 22 2
88 138
2 25 1
93
2 27 1
94
1 17 1
100
1 26 1
104
2 18 1
107
1 23 1
113
4 18 1
121
1 20 1
125
5 26 1
126
1 28 1
135
2 18 1
145
4 18 1
159
1 14 1
166
1 23 1
167
1 18 1
181
1 19 1
182
1 21 1
187
7 25 2
191 235
1 24 1
197
1 23 1
201
4 29 1
206
1 21 1
217
5 24 1
226
1 27 1
232
1 35 1
233
4 24 1
236
1 24 1
242
3 22 1
245
4 24 1
250
2 20 1
254
5 21 1
258
1 26 1
259
1 20 1
260
2 26 1
261
2 33 1
266
2 20 1
278
1 23 1
286
1 21 1
293
4 25 1
299
