300 98 465 1
29 19 32 37 18 12 20 36 21 18 28 30 40 19 18 11 30 39 12 12 27 12 27 12 16 27 34 23 18 12 15 32 25 34 31 11 18 33 33 39 34 28 20 37 36 21 37 27 22 22 12 13 15 28 25 39 33 15 12 32 14 38 15 25 21 32 28 14 35 13 18 17 16 34 31 12 14 25 32 31 35 31 34 36 26 31 16 19 39 27 13 32 11 28 40 16 21 17 14 30 22 24 20 34 24 29 26 19 25 32 38 38 20 23 30 24 24 39 38 23 27 25 24 11 26 14 27 38 37 21 16 35 29 20 27 28 31 33 28 28 11 29 20 26 33 18 30 40 21 23 14 38 36 26 32 21 19 37 23 11 12 16 30 12 38 34 39 31 19 33 27 24 22 25 21 33 15 26 37 34 30 12 14 35 16 23 27 17 25 17 21 31 34 23 26 13 26 17 40 23 20 29 28 21 11 36 33 32 24 27 35 29 22 15 25 16 25 32 17 24 26 37 33 33 32 31 20 20 25 38 16 22 35 24 12 16 12 25 13 23 36 34 34 32 24 17 40 31 27 22 25 38 24 16 21 36 22 28 24 33 32 39 20 40 35 28 13 32 13 15 18 23 33 38 29 13 24 25 16 22 28 20 39 18 38 14 37 39 35 21 35 13 21 40 14 38 27 33 31 22
19 9 22 27 8 2 10 26 11 8 18 20 30 9 8 1 20 29 2 2 17 2 17 2 6 17 24 13 8 2 5 22 15 24 21 1 8 23 23 29 24 18 10 27 26 11 27 17 12 12 2 3 5 18 15 29 23 5 2 22 4 28 5 15 11 22 18 4 25 3 8 7 6 24 21 2 4 15 22 21 25 21 24 26 16 21 6 9 29 17 3 22 1 18 30 6 11 7 4 20 12 14 10 24 14 19 16 9 15 22 28 28 10 13 20 14 14 29 28 13 17 15 14 1 16 4 17 28 27 11 6 25 19 10 17 18 21 23 18 18 1 19 10 16 23 8 20 30 11 13 4 28 26 16 22 11 9 27 13 1 2 6 20 2 28 24 29 21 9 23 17 14 12 15 11 23 5 16 27 24 20 2 4 25 6 13 17 7 15 7 11 21 24 13 16 3 16 7 30 13 10 19 18 11 1 26 23 22 14 17 25 19 12 5 15 6 15 22 7 14 16 27 23 23 22 21 10 10 15 28 6 12 25 14 2 6 2 15 3 13 26 24 24 22 14 7 30 21 17 12 15 28 14 6 11 26 12 18 14 23 22 29 10 30 25 18 3 22 3 5 8 13 23 28 19 3 14 15 6 12 18 10 29 8 28 4 27 29 25 11 25 3 11 30 4 28 17 23 21 12
0 5 5
13 254 169 213 52
3 9 6
227 163 299 44 197 292
3 13 6
23 142 146 162 209 141
5 15 11
16 173 253 181 273 34 123 240 110 109 82
1 6 10
69 8 0 217 1 222 94 174 170 116
0 9 5
99 281 91 269 46
3 13 10
195 255 3 205 241 270 280 226 17 80
0 14 1
158
2 8 10
258 45 56 183 196 107 246 278 112 212
0 5 7
62 160 247 105 165 89 277
2 13 7
201 238 19 32 159 139 263
1 18 4
73 154 59 4
7 10 12
239 156 29 70 220 225 90 230 26 206 271 72
2 15 5
297 145 98 267 198
0 17 1
31
1 5 7
129 130 187 21 95 42 157
1 18 3
124 20 79
4 10 10
184 36 12 237 234 67 286 126 113 283
2 7 13
18 257 288 236 244 122 167 221 290 84 115 57 117
2 8 8
150 2 108 128 294 101 194 133
0 10 3
9 223 266
4 12 8
135 218 232 114 235 121 7 260
1 18 3
127 78 265
0 17 3
272 65 210
1 5 11
259 164 179 185 215 106 191 202 151 140 175
1 10 7
134 224 41 118 24 132 144
4 10 13
85 172 208 51 298 245 81 282 38 33 75 149 262
4 13 9
256 14 287 61 192 125 54 268 233
1 11 4
77 168 55 199
0 5 3
204 30 102
0 6 7
111 25 35 64 100 87 68
1 8 10
83 178 71 229 11 93 274 186 189 214
2 8 8
200 289 131 180 152 6 177 203
0 17 3
188 53 211
1 22 1
5
3 20 1
10
2 22 1
15
1 15 1
22
1 25 1
27
2 14 2
28 66
3 31 1
37
2 21 1
39
3 28 1
40
6 25 1
43
3 22 1
47
3 16 1
48
2 19 1
49
1 23 1
50
5 22 1
58
6 22 1
60
2 25 2
63 166
1 22 1
74
1 19 1
76
1 15 1
86
2 33 1
88
1 23 1
92
6 28 1
96
2 18 1
97
1 28 1
103
1 18 1
104
1 15 1
119
3 17 1
120
5 25 1
136
3 28 1
137
6 22 1
138
2 27 1
143
5 26 1
147
3 30 1
148
2 25 2
153 193
3 21 1
155
3 33 1
161
1 18 1
171
2 16 1
176
2 16 1
182
6 25 1
190
6 28 1
207
2 13 1
216
6 26 1
219
1 19 1
228
2 10 1
231
2 19 1
242
3 19 1
243
1 23 1
248
4 17 1
249
1 28 1
250
1 16 1
251
4 21 1
252
1 13 1
261
2 24 1
264
7 21 1
275
1 11 1
276
3 30 1
279
3 21 1
284
2 17 1
285
2 15 1
291
3 23 1
293
3 28 1
295
2 22 1
296
