500 127 775 33
34 18 14 29 18 33 34 30 18 15 37 33 29 14 22 24 38 24 21 29 38 38 40 25 22 34 18 38 12 19 25 40 24 29 12 20 12 33 40 30 20 22 24 36 14 33 22 20 12 11 34 35 19 29 29 36 31 17 36 27 27 20 29 40 24 18 39 21 34 25 36 29 32 21 16 34 26 31 15 23 23 15 19 35 34 16 26 14 20 34 20 18 31 16 17 17 31 33 37 30 27 32 19 35 34 33 24 23 35 18 24 36 38 11 37 35 30 13 27 13 35 15 40 22 21 38 27 31 22 24 24 34 17 18 28 23 39 12 36 21 23 19 27 30 28 37 29 31 32 28 21 32 16 20 30 12 33 34 35 37 15 38 15 21 22 24 18 33 18 36 16 17 27 22 11 21 19 21 34 17 37 21 11 34 39 36 28 14 38 39 19 19 13 13 17 29 39 14 17 34 34 36 35 22 26 17 16 14 37 21 13 17 15 27 18 31 21 32 22 27 32 29 29 31 27 40 33 35 40 36 34 26 22 16 13 22 14 26 31 21 37 20 35 20 17 16 34 12 34 40 15 21 29 16 38 21 34 23 25 33 34 21 31 18 17 17 32 11 11 20 32 39 31 16 34 34 28 22 25 20 18 35 13 36 36 38 17 31 24 39 30 31 36 21 21 37 16 34 15 40 23 35 34 29 38 23 24 13 15 28 19 33 14 32 14 25 26 28 30 25 24 12 25 21 27 23 34 26 24 35 18 16 24 32 32 35 26 35 16 28 20 24 31 27 38 34 20 32 23 21 24 16 26 11 17 40 13 36 39 32 38 36 27 32 26 11 30 29 38 25 17 20 14 31 17 30 36 35 23 30 18 38 25 32 12 21 26 34 11 38 16 37 22 31 12 15 16 34 27 29 24 27 37 37 23 17 40 23 23 17 40 19 34 21 29 11 17 16 18 22 32 31 15 31 33 33 17 39 22 18 30 38 38 11 18 38 12 29 28 17 24 23 17 30 20 21 14 37 20 11 35 11 12 29 11 33 38 22 36 36 36 13 15 13 40 16 38 23 34 23 15 32 39 22 24 20 33 40 15 29 27 26 36 19 31 22 28 20 30 19 40 37 11 18 13 33 36 28 22 17
24 8 4 19 8 23 24 20 8 5 27 23 19 4 12 14 28 14 11 19 28 28 30 15 12 24 8 28 2 9 15 30 14 19 2 10 2 23 30 20 10 12 14 26 4 23 12 10 2 1 24 25 9 19 19 26 21 7 26 17 17 10 19 30 14 8 29 11 24 15 26 19 22 11 6 24 16 21 5 13 13 5 9 25 24 6 16 4 10 24 10 8 21 6 7 7 21 23 27 20 17 22 9 25 24 23 14 13 25 8 14 26 28 1 27 25 20 3 17 3 25 5 30 12 11 28 17 21 12 14 14 24 7 8 18 13 29 2 26 11 13 9 17 20 18 27 19 21 22 18 11 22 6 10 20 2 23 24 25 27 5 28 5 11 12 14 8 23 8 26 6 7 17 12 1 11 9 11 24 7 27 11 1 24 29 26 18 4 28 29 9 9 3 3 7 19 29 4 7 24 24 26 25 12 16 7 6 4 27 11 3 7 5 17 8 21 11 22 12 17 22 19 19 21 17 30 23 25 30 26 24 16 12 6 3 12 4 16 21 11 27 10 25 10 7 6 24 2 24 30 5 11 19 6 28 11 24 13 15 23 24 11 21 8 7 7 22 1 1 10 22 29 21 6 24 24 18 12 15 10 8 25 3 26 26 28 7 21 14 29 20 21 26 11 11 27 6 24 5 30 13 25 24 19 28 13 14 3 5 18 9 23 4 22 4 15 16 18 20 15 14 2 15 11 17 13 24 16 14 25 8 6 14 22 22 25 16 25 6 18 10 14 21 17 28 24 10 22 13 11 14 6 16 1 7 30 3 26 29 22 28 26 17 22 16 1 20 19 28 15 7 10 4 21 7 20 26 25 13 20 8 28 15 22 2 11 16 24 1 28 6 27 12 21 2 5 6 24 17 19 14 17 27 27 13 7 30 13 13 7 30 9 24 11 19 1 7 6 8 12 22 21 5 21 23 23 7 29 12 8 20 28 28 1 8 28 2 19 18 7 14 13 7 20 10 11 4 27 10 1 25 1 2 19 1 23 28 12 26 26 26 3 5 3 30 6 28 13 24 13 5 22 29 12 14 10 23 30 5 19 17 16 26 9 21 12 18 10 20 9 30 27 1 8 3 23 26 18 12 7
2 6 18
346 212 376 14 197 442 490 394 476 241 167 464 20 352 42 276 261 310
3 7 16
496 473 11 397 77 93 120 448 165 268 341 272 73 407 233 461
2 7 16
109 7 433 278 432 208 53 134 110 384 217 405 392 240 375 75
1 12 4
290 252 160 47
0 3 8
170 305 426 210 48 138 17 332
0 7 4
367 427 260 72
0 11 4
222 402 186 489
2 7 12
370 151 351 431 434 336 324 189 404 29 251 263
3 16 7
150 329 480 21 86 63 152
9 11 15
411 62 223 128 239 188 187 280 475 463 269 177 204 478 244
6 10 21
232 157 362 301 92 225 372 255 439 0 317 106 498 286 179 273 196 462 495 161 298
7 13 15
193 84 36 458 245 172 192 423 46 228 331 88 250 230 347
8 13 14
44 125 359 395 236 472 140 282 178 123 76 55 270 483
2 5 15
141 304 493 468 3 256 237 265 441 316 16 104 437 325 335
0 7 6
6 296 31 70 281 68
3 8 14
28 330 288 79 285 451 61 49 56 54 85 227 35 219
4 6 19
82 436 308 444 350 481 143 144 89 8 96 194 78 419 422 348 156 470 430
6 12 12
339 497 164 387 314 401 4 229 137 206 312 452
3 10 12
200 271 297 292 205 474 313 108 391 390 9 482
3 8 17
409 403 153 366 315 477 195 445 13 105 373 309 130 231 100 435 22
1 17 5
385 83 199 249 97
3 7 20
57 289 410 51 264 357 12 209 279 15 182 302 396 119 34 174 254 114 323 360
4 11 13
218 116 87 59 117 342 262 488 118 487 389 111 484
1 7 12
491 408 368 214 27 486 438 364 471 295 246 99
3 11 11
45 24 169 234 440 213 328 175 293 203 215
0 14 3
393 163 173
8 12 14
102 319 2 38 25 101 447 363 94 446 40 318 64 132
1 5 10
460 294 378 146 377 129 300 321 67 420
4 10 11
466 353 32 322 338 499 142 52 124 148 5
7 14 18
459 306 299 365 220 184 242 98 60 202 95 43 58 162 26 238 180 69
4 7 17
349 154 127 337 81 266 41 1 425 334 283 80 479 453 418 428 450
1 8 8
386 216 166 424 19 344 65 257
0 7 4
354 311 494 454
2 12 1
10
4 17 1
18
6 16 1
23
1 10 1
30
3 28 1
33
2 25 1
37
2 25 1
39
5 18 1
50
6 21 1
66
2 22 1
71
1 15 1
74
10 27 1
90
2 19 1
91
1 14 1
103
6 19 1
107
3 30 1
112
3 17 1
113
5 17 1
115
1 10 1
121
2 27 1
122
3 14 1
126
9 22 1
131
1 17 1
133
3 24 1
135
3 17 1
136
4 17 1
139
6 19 2
145 291
1 19 1
147
6 16 1
149
2 24 1
155
6 21 1
158
3 14 1
159
1 13 1
168
1 12 1
171
3 14 3
176 275 355
5 14 1
181
2 12 1
183
5 15 3
185 274 382
2 20 1
190
1 17 1
191
6 18 1
198
2 22 1
201
2 22 1
207
6 20 1
211
5 20 1
221
5 19 1
224
3 18 2
226 379
4 17 2
235 412
3 15 1
243
1 8 1
247
6 13 1
248
5 18 1
253
1 24 1
258
2 18 1
259
1 19 1
267
10 26 1
277
6 19 1
284
5 18 2
287 356
6 21 1
303
6 14 1
307
4 15 2
320 361
7 24 2
326 383
3 17 1
327
3 21 2
333 492
4 13 1
340
5 17 1
343
1 14 1
345
1 17 1
358
4 12 1
369
2 16 1
371
6 17 1
374
7 24 1
380
3 24 1
381
5 18 1
388
3 13 1
398
2 16 1
399
5 18 1
400
1 14 1
406
7 25 1
413
5 17 1
414
3 23 1
415
6 18 1
416
2 22 1
417
1 15 1
421
3 14 1
429
1 19 1
443
5 23 1
449
3 15 1
455
4 14 1
456
4 23 1
457
2 17 1
465
1 14 1
467
2 24 1
469
2 24 1
485
