1000 208 1550 67
36 18 30 18 22 18 22 30 28 27 31 28 30 19 15 37 36 32 23 32 29 17 18 35 37 34 13 39 15 29 32 40 30 36 35 17 40 16 38 39 29 20 14 30 35 37 11 39 25 33 23 33 23 33 38 16 21 32 22 26 24 20 12 33 16 23 33 30 40 11 24 20 30 39 39 36 35 20 27 32 20 32 14 11 20 39 20 22 38 11 25 31 23 13 17 13 11 12 23 24 28 33 21 31 15 15 19 28 16 32 12 18 24 22 18 31 21 12 30 28 38 40 28 13 24 26 17 25 34 18 19 21 28 15 23 33 34 34 27 18 26 27 30 19 29 29 25 35 11 37 16 40 21 25 31 14 38 12 40 40 38 12 19 40 27 18 36 29 29 20 22 37 13 38 23 34 29 16 22 18 11 11 38 15 20 38 23 28 14 27 14 14 38 38 19 29 38 27 34 31 26 24 38 11 32 30 39 19 35 20 18 12 13 17 25 11 38 15 12 31 14 27 33 40 26 34 17 31 26 11 27 23 35 15 11 40 11 14 16 12 19 13 36 15 14 12 22 40 26 33 16 31 24 24 27 32 40 23 16 35 23 39 24 21 21 38 19 13 38 33 22 33 20 34 25 12 32 16 36 26 40 37 39 37 38 30 33 18 38 28 18 14 38 31 30 15 17 20 22 20 23 14 36 15 23 17 33 26 18 32 30 13 22 21 38 14 24 21 14 16 30 29 16 34 27 25 17 13 22 17 38 11 18 22 24 12 18 31 22 32 36 38 14 38 14 31 38 12 13 31 37 11 16 12 35 12 18 34 28 29 21 30 20 13 27 37 26 18 17 24 38 31 25 38 16 28 28 24 24 21 39 20 29 11 30 32 40 24 25 16 13 27 17 28 19 30 11 24 25 36 17 29 13 20 39 14 23 38 13 13 33 19 38 40 11 20 19 20 34 19 26 38 12 26 28 27 24 30 21 25 11 39 38 34 22 13 23 15 11 24 25 18 37 29 28 38 31 23 40 24 13 29 17 12 23 40 17 28 30 38 20 19 32 21 25 21 27 39 39 27 21 11 37 40 35 27 34 31 21 13 17 38 36 30 23 20 25 34 28 14 13 34 16 22 20 14 36 22 38 17 29 34 36 21 17 34 25 38 23 28 24 34 15 24 13 25 25 37 40 36 28 36 11 30 31 15 28 32 24 37 11 15 13 25 26 14 20 20 20 16 19 21 24 19 36 29 34 20 23 21 16 21 27 18 15 17 36 14 26 23 36 17 28 39 29 25 27 33 32 22 12 11 15 35 27 21 21 32 16 37 15 33 27 19 22 37 25 21 25 14 23 26 23 38 18 26 34 35 31 35 33 17 35 17 35 28 17 28 29 22 27 18 22 18 30 32 13 35 31 33 26 34 35 20 16 24 20 40 16 25 38 22 28 16 17 19 30 24 22 16 28 25 39 29 25 26 26 30 16 23 27 18 39 39 28 30 12 18 33 11 31 35 14 23 12 40 28 34 34 23 18 27 12 20 16 26 32 34 23 34 32 32 33 33 25 31 39 27 19 25 31 24 18 13 36 31 21 28 34 20 33 33 18 11 24 12 23 21 26 35 40 30 34 15 11 11 25 35 33 36 18 33 13 15 27 12 25 39 13 16 15 35 15 18 29 21 20 20 23 20 37 16 20 31 12 17 17 34 34 34 16 26 11 12 40 35 27 37 39 12 15 29 25 17 34 40 19 21 36 33 26 11 12 30 30 26 20 34 30 17 18 14 36 22 11 37 22 28 15 21 17 14 25 15 28 38 33 28 15 16 29 15 20 29 39 25 30 30 35 26 26 39 15 13 30 36 36 15 31 34 40 37 34 33 31 24 33 15 22 23 21 11 25 39 36 25 21 31 37 35 39 33 22 39 22 15 18 31 38 20 33 27 37 33 39 19 24 16 25 14 16 40 19 28 40 29 11 26 38 13 19 13 30 33 34 13 19 33 16 32 28 38 31 29 20 13 38 30 25 14 38 24 14 27 24 22 33 34 23 21 31 30 18 27 16 20 14 32 34 33 23 39 22 21 33 34 35 13 13 38 21 32 19 29 15 14 22 24 11 18 11 38 31 12 37 25 31 29 16 27 33 26 29 20 25 15 14 20 13 35 13 19 23 18 13 40 19 37 13 21 14 27 27 19 12 37 19 34 17 21 29 20 30 28 13 26 29 26 36 36 16 22 27 26 22 30 13 39 13 30 14 21 16 37 40 17 20 33 37 27
26 8 20 8 12 8 12 20 18 17 21 18 20 9 5 27 26 22 13 22 19 7 8 25 27 24 3 29 5 19 22 30 20 26 25 7 30 6 28 29 19 10 4 20 25 27 1 29 15 23 13 23 13 23 28 6 11 22 12 16 14 10 2 23 6 13 23 20 30 1 14 10 20 29 29 26 25 10 17 22 10 22 4 1 10 29 10 12 28 1 15 21 13 3 7 3 1 2 13 14 18 23 11 21 5 5 9 18 6 22 2 8 14 12 8 21 11 2 20 18 28 30 18 3 14 16 7 15 24 8 9 11 18 5 13 23 24 24 17 8 16 17 20 9 19 19 15 25 1 27 6 30 11 15 21 4 28 2 30 30 28 2 9 30 17 8 26 19 19 10 12 27 3 28 13 24 19 6 12 8 1 1 28 5 10 28 13 18 4 17 4 4 28 28 9 19 28 17 24 21 16 14 28 1 22 20 29 9 25 10 8 2 3 7 15 1 28 5 2 21 4 17 23 30 16 24 7 21 16 1 17 13 25 5 1 30 1 4 6 2 9 3 26 5 4 2 12 30 16 23 6 21 14 14 17 22 30 13 6 25 13 29 14 11 11 28 9 3 28 23 12 23 10 24 15 2 22 6 26 16 30 27 29 27 28 20 23 8 28 18 8 4 28 21 20 5 7 10 12 10 13 4 26 5 13 7 23 16 8 22 20 3 12 11 28 4 14 11 4 6 20 19 6 24 17 15 7 3 12 7 28 1 8 12 14 2 8 21 12 22 26 28 4 28 4 21 28 2 3 21 27 1 6 2 25 2 8 24 18 19 11 20 10 3 17 27 16 8 7 14 28 21 15 28 6 18 18 14 14 11 29 10 19 1 20 22 30 14 15 6 3 17 7 18 9 20 1 14 15 26 7 19 3 10 29 4 13 28 3 3 23 9 28 30 1 10 9 10 24 9 16 28 2 16 18 17 14 20 11 15 1 29 28 24 12 3 13 5 1 14 15 8 27 19 18 28 21 13 30 14 3 19 7 2 13 30 7 18 20 28 10 9 22 11 15 11 17 29 29 17 11 1 27 30 25 17 24 21 11 3 7 28 26 20 13 10 15 24 18 4 3 24 6 12 10 4 26 12 28 7 19 24 26 11 7 24 15 28 13 18 14 24 5 14 3 15 15 27 30 26 18 26 1 20 21 5 18 22 14 27 1 5 3 15 16 4 10 10 10 6 9 11 14 9 26 19 24 10 13 11 6 11 17 8 5 7 26 4 16 13 26 7 18 29 19 15 17 23 22 12 2 1 5 25 17 11 11 22 6 27 5 23 17 9 12 27 15 11 15 4 13 16 13 28 8 16 24 25 21 25 23 7 25 7 25 18 7 18 19 12 17 8 12 8 20 22 3 25 21 23 16 24 25 10 6 14 10 30 6 15 28 12 18 6 7 9 20 14 12 6 18 15 29 19 15 16 16 20 6 13 17 8 29 29 18 20 2 8 23 1 21 25 4 13 2 30 18 24 24 13 8 17 2 10 6 16 22 24 13 24 22 22 23 23 15 21 29 17 9 15 21 14 8 3 26 21 11 18 24 10 23 23 8 1 14 2 13 11 16 25 30 20 24 5 1 1 15 25 23 26 8 23 3 5 17 2 15 29 3 6 5 25 5 8 19 11 10 10 13 10 27 6 10 21 2 7 7 24 24 24 6 16 1 2 30 25 17 27 29 2 5 19 15 7 24 30 9 11 26 23 16 1 2 20 20 16 10 24 20 7 8 4 26 12 1 27 12 18 5 11 7 4 15 5 18 28 23 18 5 6 19 5 10 19 29 15 20 20 25 16 16 29 5 3 20 26 26 5 21 24 30 27 24 23 21 14 23 5 12 13 11 1 15 29 26 15 11 21 27 25 29 23 12 29 12 5 8 21 28 10 23 17 27 23 29 9 14 6 15 4 6 30 9 18 30 19 1 16 28 3 9 3 20 23 24 3 9 23 6 22 18 28 21 19 10 3 28 20 15 4 28 14 4 17 14 12 23 24 13 11 21 20 8 17 6 10 4 22 24 23 13 29 12 11 23 24 25 3 3 28 11 22 9 19 5 4 12 14 1 8 1 28 21 2 27 15 21 19 6 17 23 16 19 10 15 5 4 10 3 25 3 9 13 8 3 30 9 27 3 11 4 17 17 9 2 27 9 24 7 11 19 10 20 18 3 16 19 16 26 26 6 12 17 16 12 20 3 29 3 20 4 11 6 27 30 7 10 23 27 17
0 11 3
111 505 246
0 1 25
681 162 201 639 168 183 898 437 172 737 685 439 257 253 788 920 187 794 85 191 818 21 789 62 791
0 17 5
349 761 562 758 69
21 13 42
45 631 753 83 29 222 948 508 273 140 440 711 230 770 874 671 974 353 126 211 455 815 534 509 981 848 778 227 731 541 153 258 188 987 578 375 777 317 853 209 553 957
9 13 20
708 104 598 595 68 855 309 940 745 427 834 823 78 759 483 100 124 707 928 507
1 11 4
542 846 649 444
14 10 35
447 656 137 488 392 19 91 650 445 503 170 500 709 703 740 996 142 914 845 579 991 905 329 736 332 451 334 899 151 485 475 688 195 576 713
0 18 3
597 376 563
5 4 34
95 43 783 200 131 270 614 380 564 863 161 543 871 396 229 666 453 293 13 232 690 999 476 926 941 506 196 679 730 217 424 103 171 573
5 7 23
938 155 345 154 992 272 167 277 426 238 199 287 965 971 450 524 862 748 228 699 696 702 686
15 13 27
961 924 271 282 84 108 359 16 6 998 919 722 896 652 611 4 820 436 338 94 404 811 77 223 548 64 662
20 12 40
165 870 695 370 9 612 308 660 38 283 751 149 169 24 756 801 255 231 574 460 296 5 764 829 812 718 89 984 136 510 545 401 638 875 384 385 720 132 245 269
18 13 34
741 864 98 454 724 224 993 322 205 133 884 391 911 682 366 324 659 179 423 289 386 226 341 841 297 964 590 693 116 599 762 772 73 582
0 15 3
247 963 492
14 11 36
687 704 206 593 932 602 369 315 490 459 422 484 466 457 501 407 526 244 616 976 622 728 934 997 411 943 775 208 710 872 918 694 351 901 321 886
7 11 17
81 749 819 139 601 160 420 44 428 260 285 615 398 559 795 584 240
3 8 16
850 122 586 698 609 97 80 925 983 865 186 561 689 185 504 900
0 13 2
733 252
11 12 22
885 326 134 66 242 566 358 344 641 446 243 588 430 2 435 949 493 147 742 802 502 70
3 6 21
394 474 331 754 494 360 537 192 117 119 418 402 861 314 46 644 236 275 55 63 604
6 5 37
412 141 933 198 723 174 878 954 771 58 302 416 808 982 291 41 463 824 985 663 519 480 944 468 637 554 799 310 464 744 893 207 190 816 640 606 33
1 8 13
568 701 755 635 284 670 726 840 804 725 481 113 373
9 12 20
118 197 830 74 203 337 890 367 888 747 417 654 511 817 220 959 387 17 857 945
4 17 10
837 268 897 25 145 807 532 22 101 431
8 8 31
692 393 250 99 48 706 636 780 633 473 605 975 715 877 921 854 381 767 523 413 838 130 894 768 465 661 603 798 827 766 634
1 12 7
973 266 931 879 883 624 643
4 8 17
589 249 968 449 362 810 544 512 630 536 295 572 746 497 907 806 628
7 8 31
158 319 452 320 306 937 967 705 619 642 727 470 570 342 935 164 667 525 732 989 262 92 792 414 184 442 908 930 835 621 867
0 2 17
557 952 784 793 617 849 625 969 237 567 210 580 887 352 882 138 53
17 10 40
665 60 56 739 839 479 372 528 178 902 760 675 678 814 148 157 851 311 826 35 915 15 239 7 956 587 866 825 750 52 891 632 10 912 482 691 929 581 214 144
12 9 33
363 910 31 303 11 102 813 683 251 194 575 520 42 765 889 26 869 67 653 281 115 28 627 90 467 680 986 721 181 215 495 591 558
0 5 9
821 774 336 330 618 112 623 960 994
2 6 16
3 374 903 425 674 218 256 421 876 109 904 822 409 400 32 378
10 10 27
946 65 655 419 735 40 278 135 600 343 377 716 917 552 790 30 859 785 529 514 516 189 261 274 355 847 800
0 1 28
259 180 803 797 49 163 781 832 489 299 828 173 12 105 241 752 107 577 868 809 312 143 892 356 895 517 669 382
1 3 21
290 646 71 970 880 684 527 150 773 325 852 498 738 432 787 438 123 146 234 613 156
2 3 28
263 719 82 36 658 596 629 714 37 743 316 120 672 86 389 57 347 990 8 491 339 59 264 175 648 395 202 350
2 11 1
0
1 18 2
1 39
12 18 2
14 292
15 23 1
18
2 14 1
20
12 24 2
23 368
4 14 2
27 626
13 20 2
34 540
7 16 1
47
1 11 1
50
3 18 1
51
13 18 1
54
3 22 1
61
1 26 1
72
8 14 1
75
2 16 1
76
8 15 1
79
12 19 1
87
3 19 1
88
8 21 1
93
1 9 3
96 304 478
5 18 1
106
15 25 1
110
3 16 1
114
18 20 1
121
8 18 1
125
1 28 1
127
7 15 1
128
13 21 4
129 456 458 833
2 7 1
152
5 10 2
159 951
18 23 1
166
3 19 2
176 550
1 6 1
177
1 16 1
182
6 18 1
193
3 25 1
204
19 20 2
212 979
1 27 1
213
2 27 1
216
1 30 1
219
5 15 1
221
16 23 3
225 551 607
1 13 1
233
25 23 1
235
8 13 1
248
8 19 1
254
6 20 1
265
3 30 2
267 936
1 18 1
276
2 23 1
279
16 26 2
280 461
2 20 1
286
1 10 1
288
6 15 1
294
7 14 1
298
2 19 1
300
3 16 1
301
2 21 1
305
3 30 1
307
1 14 2
313 843
3 20 1
318
18 21 2
323 397
3 23 1
327
17 22 1
328
8 24 1
333
12 20 2
335 472
1 13 1
340
1 10 2
346 496
16 23 2
348 592
7 15 1
354
4 23 1
357
6 19 1
361
2 21 1
364
6 21 3
365 429 477
17 22 1
371
3 28 1
379
2 24 1
383
2 6 1
388
27 26 2
390 769
5 16 1
399
3 8 1
403
12 19 1
405
1 10 1
406
3 21 2
408 958
12 20 1
410
25 22 1
415
3 11 1
433
3 23 1
434
1 14 1
441
1 4 1
443
3 15 1
448
3 27 1
462
17 21 1
469
5 18 1
471
2 12 1
486
2 18 1
487
5 23 1
499
15 25 1
513
5 14 1
515
1 12 1
518
2 30 1
521
1 11 1
522
3 20 1
530
1 13 1
531
12 17 1
533
3 24 1
535
2 23 1
538
6 20 1
539
1 14 1
546
2 19 1
547
1 13 1
549
15 22 2
555 734
2 18 1
556
8 17 1
560
8 27 2
565 569
3 16 2
571 955
3 30 1
583
2 25 2
585 947
12 19 3
594 842 927
8 16 1
608
3 18 1
610
5 16 1
620
1 10 1
645
2 26 1
647
8 20 1
651
17 19 1
657
16 24 1
664
2 24 1
668
5 14 1
673
3 24 1
676
1 13 1
677
12 21 1
697
3 15 1
700
1 8 1
712
1 8 1
717
8 15 1
729
8 21 1
757
12 24 1
763
3 16 1
776
2 23 1
779
5 19 1
782
4 19 1
786
2 24 1
796
4 18 1
805
25 23 1
831
8 27 1
836
3 27 1
844
2 16 1
856
12 21 1
858
15 22 1
860
1 4 1
873
1 9 1
881
8 17 1
906
2 26 1
909
28 25 1
913
7 16 1
916
18 23 1
922
8 18 1
923
17 19 1
939
5 16 1
942
2 21 1
950
2 10 1
953
8 20 1
962
3 12 1
966
12 23 1
972
2 14 1
977
8 25 1
978
2 14 1
980
13 20 1
988
4 17 1
995
