700 179 1085 47
21 18 22 24 24 26 24 38 28 24 38 13 36 32 18 19 36 20 23 33 34 39 12 18 13 19 34 34 15 40 34 25 11 11 30 25 16 21 12 25 36 37 26 35 24 20 33 36 32 12 20 26 28 21 34 32 36 15 26 18 32 30 31 21 24 14 14 25 12 32 28 25 22 15 23 31 31 11 38 16 29 14 26 28 18 37 35 26 29 23 15 33 19 37 35 15 36 38 15 16 29 39 11 37 19 40 13 20 30 17 17 13 15 31 22 29 35 35 17 12 23 16 23 37 32 36 15 40 37 26 38 37 17 29 12 16 13 23 12 36 34 37 39 38 30 20 39 13 15 15 30 27 36 34 18 34 31 39 13 21 25 39 34 12 23 33 18 34 12 23 39 16 22 11 33 12 29 25 38 16 32 27 18 36 19 12 24 33 34 22 22 22 38 17 34 11 24 30 22 32 19 13 11 31 23 24 34 34 39 23 37 29 40 15 24 25 13 30 12 19 36 15 40 17 23 30 35 22 30 34 20 11 23 20 21 29 22 26 25 24 25 18 29 14 15 19 22 30 32 31 39 11 14 38 16 29 28 32 17 23 20 16 38 11 15 22 39 20 27 23 27 23 27 31 25 11 28 30 29 38 32 29 36 14 28 33 38 29 23 38 19 28 25 30 38 14 17 31 36 35 34 31 30 26 14 32 26 27 13 17 18 20 14 17 15 38 23 21 23 19 40 17 16 30 31 34 20 30 32 15 37 36 14 25 38 39 36 18 15 19 33 14 24 25 28 35 38 35 21 28 37 14 13 28 26 28 32 13 12 34 29 32 27 37 34 12 21 25 13 19 15 38 36 19 14 30 35 33 24 33 28 35 18 34 13 29 32 29 19 15 19 29 20 28 29 39 21 22 12 40 31 14 30 28 25 18 30 28 35 27 34 21 25 37 20 24 38 17 21 35 24 27 13 25 17 27 21 11 40 28 40 20 30 17 19 38 13 19 19 18 14 35 35 36 12 26 32 28 31 17 37 29 22 25 30 32 40 14 39 13 15 29 20 30 14 37 14 19 26 12 14 23 34 11 17 32 11 22 33 14 38 27 14 24 39 25 24 17 17 19 37 24 38 40 38 15 25 13 30 27 38 27 17 13 29 29 27 32 32 17 38 16 37 23 37 36 23 11 19 29 25 23 28 35 19 37 31 37 22 38 31 28 17 36 15 27 25 27 30 38 17 18 29 32 34 25 13 26 35 39 36 35 21 19 20 22 27 20 15 27 30 28 24 13 37 25 26 34 35 36 18 21 13 37 16 15 16 31 39 28 24 23 28 23 14 11 15 15 31 32 19 39 39 19 29 34 28 38 37 22 38 17 12 33 19 38 20 25 39 28 20 32 18 31 27 16 33 31 31 21 36 27 26 40 32 37 21 34 28 12 32 17 29 16 37 21 20 33 23 16 23 29 18 15 35 23 15 14 14 31 20 37 23 34 27 23 34 35 30 15 36 13 31 24 38 26 28 12 40 28 13 32 21 26 26 14 30 21 18 24 32 37 40 24 39 22 36 21 15 14 39 12 36 37 30 22 39 14 37 23
11 8 12 14 14 16 14 28 18 14 28 3 26 22 8 9 26 10 13 23 24 29 2 8 3 9 24 24 5 30 24 15 1 1 20 15 6 11 2 15 26 27 16 25 14 10 23 26 22 2 10 16 18 11 24 22 26 5 16 8 22 20 21 11 14 4 4 15 2 22 18 15 12 5 13 21 21 1 28 6 19 4 16 18 8 27 25 16 19 13 5 23 9 27 25 5 26 28 5 6 19 29 1 27 9 30 3 10 20 7 7 3 5 21 12 19 25 25 7 2 13 6 13 27 22 26 5 30 27 16 28 27 7 19 2 6 3 13 2 26 24 27 29 28 20 10 29 3 5 5 20 17 26 24 8 24 21 29 3 11 15 29 24 2 13 23 8 24 2 13 29 6 12 1 23 2 19 15 28 6 22 17 8 26 9 2 14 23 24 12 12 12 28 7 24 1 14 20 12 22 9 3 1 21 13 14 24 24 29 13 27 19 30 5 14 15 3 20 2 9 26 5 30 7 13 20 25 12 20 24 10 1 13 10 11 19 12 16 15 14 15 8 19 4 5 9 12 20 22 21 29 1 4 28 6 19 18 22 7 13 10 6 28 1 5 12 29 10 17 13 17 13 17 21 15 1 18 20 19 28 22 19 26 4 18 23 28 19 13 28 9 18 15 20 28 4 7 21 26 25 24 21 20 16 4 22 16 17 3 7 8 10 4 7 5 28 13 11 13 9 30 7 6 20 21 24 10 20 22 5 27 26 4 15 28 29 26 8 5 9 23 4 14 15 18 25 28 25 11 18 27 4 3 18 16 18 22 3 2 24 19 22 17 27 24 2 11 15 3 9 5 28 26 9 4 20 25 23 14 23 18 25 8 24 3 19 22 19 9 5 9 19 10 18 19 29 11 12 2 30 21 4 20 18 15 8 20 18 25 17 24 11 15 27 10 14 28 7 11 25 14 17 3 15 7 17 11 1 30 18 30 10 20 7 9 28 3 9 9 8 4 25 25 26 2 16 22 18 21 7 27 19 12 15 20 22 30 4 29 3 5 19 10 20 4 27 4 9 16 2 4 13 24 1 7 22 1 12 23 4 28 17 4 14 29 15 14 7 7 9 27 14 28 30 28 5 15 3 20 17 28 17 7 3 19 19 17 22 22 7 28 6 27 13 27 26 13 1 9 19 15 13 18 25 9 27 21 27 12 28 21 18 7 26 5 17 15 17 20 28 7 8 19 22 24 15 3 16 25 29 26 25 11 9 10 12 17 10 5 17 20 18 14 3 27 15 16 24 25 26 8 11 3 27 6 5 6 21 29 18 14 13 18 13 4 1 5 5 21 22 9 29 29 9 19 24 18 28 27 12 28 7 2 23 9 28 10 15 29 18 10 22 8 21 17 6 23 21 21 11 26 17 16 30 22 27 11 24 18 2 22 7 19 6 27 11 10 23 13 6 13 19 8 5 25 13 5 4 4 21 10 27 13 24 17 13 24 25 20 5 26 3 21 14 28 16 18 2 30 18 3 22 11 16 16 4 20 11 8 14 22 27 30 14 29 12 26 11 5 4 29 2 26 27 20 12 29 4 27 13
4 10 11
445 118 366 393 655 431 658 235 361 396 58
7 15 15
351 27 206 660 550 163 544 328 644 286 533 433 340 625 348
9 9 25
121 471 38 13 574 219 174 10 261 88 486 190 563 108 630 221 665 489 547 337 17 287 51 390 26
3 8 14
99 636 39 586 333 493 653 582 178 697 559 481 668 145
1 18 3
202 395 603
13 11 26
476 33 312 694 93 484 615 467 414 418 316 18 139 151 368 144 288 500 225 168 318 98 335 330 210 84
14 12 28
86 387 75 409 417 593 560 313 686 273 269 296 375 398 141 310 385 68 129 40 21 209 352 223 455 338 532 557
3 11 12
384 497 62 421 171 397 79 250 453 614 371 618
0 13 3
494 179 573
8 15 14
76 64 482 664 588 29 319 456 82 605 176 687 608 426
1 15 5
542 251 548 187 19
1 8 4
28 631 535 37
8 10 22
534 85 233 667 459 6 136 579 55 515 217 185 317 389 324 657 495 12 504 520 201 362
5 9 20
350 523 198 154 537 525 155 247 463 162 54 628 180 358 256 423 81 41 565 522
1 11 7
346 102 440 591 23 331 325
8 13 16
278 303 364 551 637 503 175 530 402 262 688 400 339 137 662 295
3 8 17
243 301 647 353 514 461 292 135 590 380 334 205 105 216 556 57 408
0 11 3
447 270 177
1 3 24
96 173 356 289 449 499 635 598 679 74 327 436 22 488 430 7 110 528 169 49 83 94 507 435
4 9 13
676 134 439 540 581 675 66 196 671 146 246 602 606
6 7 26
502 365 381 652 549 61 306 242 422 458 60 111 553 412 11 391 47 506 181 311 234 427 383 43 699 643
1 10 7
302 253 642 272 197 193 634
7 13 15
600 681 245 25 595 491 594 516 478 392 267 161 443 584 519
0 4 9
69 321 126 692 505 410 685 165 291
10 14 19
517 345 619 373 508 623 341 469 42 142 355 89 555 308 131 511 143 539 285
10 10 26
472 164 280 3 34 204 48 678 424 558 211 65 669 451 307 354 419 672 450 97 399 693 342 4 15 32
0 2 24
641 224 487 218 277 651 8 115 466 322 132 227 468 241 638 670 429 640 527 304 297 103 192 133
10 11 26
674 222 172 441 254 654 106 464 485 332 580 158 128 569 438 411 239 214 257 454 529 477 189 248 673 406
3 8 12
610 513 271 9 130 546 460 434 258 87 138 150
1 12 5
281 230 326 632 323
1 7 8
213 343 148 616 452 166 52 646
3 6 18
53 188 70 208 496 611 78 283 109 195 119 428 583 113 626 613 624 359
1 8 7
378 2 599 524 698 543 639
3 14 11
696 91 541 200 299 153 220 394 690 474 416
6 13 11
122 601 442 405 114 67 182 72 566 157 475
6 8 27
666 231 344 538 650 683 404 194 597 152 457 562 244 627 689 446 578 149 480 545 212 229 46 510 621 167 403
0 6 3
470 92 36
2 19 5
240 123 415 620 680
0 11 3
576 462 117
0 23 3
512 120 101
12 25 1
0
15 25 2
1 159
6 18 1
5
4 19 2
14 90
3 15 2
16 575
2 20 1
20
2 21 1
24
5 17 1
30
2 18 1
31
1 23 1
35
8 20 1
44
13 28 1
45
12 21 1
50
1 17 1
56
1 21 1
59
2 38 1
63
1 26 2
71 237
6 17 1
73
5 20 1
77
6 29 2
80 612
1 14 1
95
6 24 1
100
3 18 1
104
9 19 1
107
1 22 1
112
6 24 1
116
5 18 1
124
2 35 1
125
6 18 1
127
5 19 1
140
3 12 2
147 571
1 20 1
156
1 14 1
160
1 10 1
170
1 13 1
183
8 18 2
184 259
12 23 1
186
10 24 1
191
4 28 1
199
2 14 1
203
1 18 1
207
2 17 1
215
4 17 1
226
6 19 1
228
6 21 1
232
3 15 1
236
2 13 1
238
2 15 2
249 633
3 23 1
252
2 26 1
255
1 14 1
260
13 24 1
263
3 18 1
264
1 20 1
265
1 27 1
266
10 24 1
268
5 26 1
274
2 34 1
275
2 22 2
276 437
5 21 1
279
10 26 1
282
3 29 2
284 645
2 15 1
290
1 17 2
293 360
1 24 1
294
16 23 1
298
5 16 1
300
3 30 1
305
4 15 1
309
3 18 1
314
3 17 1
315
5 16 1
320
5 21 1
329
10 23 1
336
5 23 1
347
3 15 1
349
6 20 1
357
12 24 1
363
2 22 1
367
3 17 1
369
10 23 2
370 473
5 17 1
372
2 21 1
374
1 9 1
376
3 18 1
377
2 37 1
379
2 26 1
382
8 17 1
386
1 11 1
388
3 21 1
401
13 24 1
407
9 22 1
413
3 27 1
420
3 17 1
425
3 17 1
432
7 20 1
444
1 18 1
448
15 27 2
465 622
1 24 1
479
9 19 1
483
8 20 1
490
6 16 1
492
1 12 1
498
1 25 1
501
9 17 1
509
10 21 1
518
4 29 1
521
3 28 1
526
10 23 1
531
6 17 2
536 552
15 26 1
554
1 22 1
561
12 21 1
564
1 32 1
567
3 15 1
568
13 21 1
570
5 16 1
572
13 23 1
577
12 23 1
585
3 23 1
587
3 23 1
589
3 26 1
592
6 24 1
596
3 29 1
604
3 14 1
607
2 9 1
609
1 14 1
617
10 22 1
629
2 24 1
648
3 23 1
649
3 16 1
656
3 22 1
659
5 21 1
661
7 16 1
663
3 25 1
677
3 9 1
682
13 23 1
684
1 18 1
691
1 17 1
695
