1000 39 1550 67
4 26 28 19 17 21 22 30 12 12 21 26 25 19 23 26 26 1 18 3 22 11 11 11 24 12 27 5 25 17 2 6 22 2 22 22 27 1 21 22 20 14 30 21 7 10 21 1 5 6 15 2 12 30 18 13 7 14 7 16 22 7 1 18 27 24 15 11 8 4 16 30 28 25 21 4 26 8 19 6 5 12 7 12 17 4 4 17 14 23 6 13 11 30 25 23 17 20 18 24 15 28 17 27 19 16 7 10 4 18 14 14 17 9 25 6 27 2 3 30 23 10 29 28 20 10 25 28 20 26 5 14 23 25 6 1 12 4 7 15 12 9 25 5 20 11 13 21 11 10 10 10 3 28 18 24 21 12 24 5 15 16 1 1 20 16 27 13 15 10 1 29 15 18 1 8 26 14 3 12 14 1 10 3 21 26 24 29 18 2 3 15 20 2 22 11 3 18 16 1 25 23 1 3 15 21 26 30 26 2 27 3 18 23 24 30 8 15 16 30 17 6 23 9 27 23 6 27 10 10 2 1 22 19 1 3 15 30 27 21 8 19 9 29 24 23 29 3 29 1 27 27 24 25 19 1 28 7 22 20 20 15 17 3 16 16 21 21 23 26 12 17 7 16 13 15 29 24 24 11 13 28 26 26 22 5 18 2 28 15 13 5 7 2 21 21 23 16 20 20 6 13 26 20 10 29 24 9 3 13 2 29 12 13 11 16 19 27 17 20 29 21 9 11 30 30 7 21 26 3 2 26 27 30 10 5 8 7 23 27 10 9 26 21 24 12 9 16 28 5 10 4 24 3 7 8 25 23 6 27 28 5 1 5 6 10 23 27 5 7 19 17 3 18 1 18 10 7 27 30 15 14 22 5 22 9 30 25 15 27 20 25 7 6 19 9 20 29 24 4 23 21 8 2 3 29 11 10 20 29 6 27 3 8 14 22 7 15 25 21 27 27 28 16 20 21 30 10 23 23 29 9 30 27 26 25 21 6 3 9 18 22 7 7 25 30 26 13 18 18 14 1 23 1 12 19 14 10 16 17 15 9 18 11 21 11 6 21 8 2 27 21 14 30 1 16 27 21 21 2 17 8 13 25 28 7 6 9 5 22 13 16 9 15 28 21 27 22 25 15 24 20 25 20 26 7 14 26 9 2 4 24 1 15 15 20 4 27 21 7 11 1 28 11 30 8 16 26 20 6 25 27 4 6 12 24 29 12 19 17 10 18 15 1 9 24 25 4 8 13 17 17 14 21 25 14 28 17 18 1 5 24 3 3 2 3 2 8 28 13 14 11 8 26 25 13 27 19 23 18 12 23 20 3 10 24 6 13 11 16 22 1 30 27 26 12 30 23 30 25 30 14 29 1 3 2 30 8 10 4 28 12 29 23 10 1 27 30 16 23 27 21 24 30 30 27 30 16 29 2 16 27 16 17 26 22 2 13 13 26 18 10 13 13 25 29 29 7 26 15 13 11 3 22 16 21 22 23 19 28 10 21 13 21 23 6 5 11 20 18 26 24 15 6 17 3 12 29 22 9 20 2 7 8 19 16 29 11 10 27 17 9 20 28 6 3 26 5 7 2 10 16 4 9 4 26 28 5 18 11 20 25 26 17 17 10 30 12 12 27 6 2 5 25 6 4 4 22 24 2 16 24 21 18 6 9 6 17 1 9 12 28 22 29 24 8 22 29 17 1 13 21 14 18 22 9 7 24 22 19 12 29 30 10 18 28 12 13 11 30 18 13 7 30 4 15 15 17 12 23 19 1 6 20 4 11 30 25 5 1 16 12 4 22 11 11 27 20 5 23 12 21 25 5 26 27 13 7 5 3 1 21 20 22 21 18 13 16 3 10 17 2 2 23 16 21 15 13 12 20 4 13 3 9 2 15 17 17 9 30 15 1 14 17 19 13 12 28 7 22 16 8 9 18 13 30 30 27 23 21 13 9 24 28 16 26 1 1 18 2 24 28 23 27 20 3 3 21 29 15 11 5 13 17 24 20 30 26 5 20 2 1 9 23 18 5 20 22 12 23 17 17 28 11 4 7 3 11 21 24 22 25 19 21 30 8 15 25 5 23 14 20 1 15 14 8 8 17 3 4 3 25 10 28 5 14 24 11 4 7 12 11 10 11 13 3 12 23 5 16 4 20 7 29 14 29 14 13 13 5 22 20 10 1 13 13 15 7 5 8 29 9 12 10 28 10 28 12 23 8 26 3 12 24 29 6 6 28 17 2 10 12 22 12 5 23 15 23 5 29
2 30 6 18 14 22 15 20 20 11 12 5 6 24 24 10 5 7 22 13 17 5 17 15 4 25 29 12 13 7 5 3 17 9 18 20 18 18 13 7 25 29 6 1 14 11 18 2 26 22 17 25 16 19 10 17 6 21 4 8 4 5 3 15 11 26 4 28 24 22 4 15 23 27 22 5 13 4 13 20 25 6 3 13 12 26 11 3 3 6 6 1 19 20 11 1 11 27 25 8 14 10 29 5 19 12 15 6 17 26 6 18 27 1 27 12 11 14 1 9 4 23 30 29 21 7 29 20 14 15 16 22 28 3 20 8 14 18 27 2 30 20 22 12 10 10 18 5 23 20 25 20 15 25 9 12 19 12 8 8 12 24 10 29 21 25 4 18 12 1 20 3 16 16 21 12 4 27 3 11 29 5 10 11 26 29 23 1 3 21 16 1 14 13 22 16 30 26 14 14 27 14 1 21 14 8 11 7 25 2 12 5 22 13 18 14 27 26 12 15 27 23 29 18 11 15 7 12 6 7 14 15 9 1 3 8 8 1 29 18 21 20 28 18 16 13 7 20 7 14 29 19 5 29 19 14 5 24 6 17 17 27 9 3 17 9 21 1 15 24 24 14 5 4 21 26 8 9 28 16 10 21 18 19 7 10 1 23 6 7 5 13 12 25 6 7 18 26 28 22 20 10 12 7 2 14 18 13 18 19 20 27 20 9 27 6 25 8 3 3 28 25 2 1 13 12 19 28 1 27 11 22 19 4 16 21 12 14 11 23 21 11 22 19 22 2 19 28 9 6 21 5 4 3 17 20 15 7 22 13 13 1 25 22 15 3 14 14 19 22 26 14 13 12 16 29 27 29 14 9 14 21 28 19 25 29 29 29 5 22 24 7 2 23 27 26 16 17 18 21 9 18 24 19 5 25 16 18 28 9 25 19 25 27 19 13 27 28 11 14 10 25 4 5 7 6 3 16 8 21 17 30 16 10 27 16 28 7 14 11 25 18 6 19 13 28 7 6 28 12 9 13 18 20 15 21 12 10 5 9 23 8 25 6 6 27 8 21 8 8 9 10 22 25 19 12 22 20 9 15 2 27 23 28 4 22 17 6 2 14 3 3 15 17 8 14 30 12 23 15 20 10 18 16 9 23 3 11 28 13 26 26 29 17 27 14 12 23 8 1 5 17 22 29 18 13 10 27 17 11 26 17 25 22 20 25 20 2 13 25 16 12 10 25 19 3 1 29 12 2 3 30 23 26 28 5 5 25 8 10 24 21 20 19 24 15 10 28 4 16 27 25 17 30 18 1 12 29 13 10 22 9 2 4 8 2 29 8 19 23 28 11 28 9 5 1 27 1 18 3 19 7 25 23 19 19 6 16 26 13 30 27 26 30 7 13 27 10 7 24 23 22 5 10 9 20 27 22 7 16 21 9 25 12 13 24 11 6 12 23 22 5 7 6 15 2 19 29 8 29 1 21 5 5 26 9 16 9 15 10 30 17 3 14 6 16 21 26 5 28 20 2 23 4 12 19 27 27 2 8 30 18 30 16 8 21 29 10 15 26 6 17 19 28 21 7 5 16 2 12 10 14 30 21 5 7 5 18 22 26 22 20 30 12 28 2 25 6 27 18 7 25 22 28 15 6 22 26 5 6 13 16 8 18 27 5 20 28 28 28 4 23 26 10 24 17 9 5 21 16 9 23 25 2 29 13 14 18 2 3 15 8 3 5 21 9 7 18 18 18 8 1 13 20 12 7 16 16 12 20 5 28 16 7 18 10 29 5 19 16 23 22 11 10 22 16 23 26 30 5 26 7 29 5 4 11 16 28 3 17 6 20 22 30 16 24 17 9 6 20 27 24 7 8 20 23 10 20 1 19 1 27 21 15 1 11 5 19 26 12 7 3 28 14 3 21 8 13 3 13 2 19 29 2 13 24 22 20 11 30 16 15 20 1 3 13 23 4 21 20 11 4 27 6 7 10 2 29 7 2 25 29 22 16 17 2 10 8 29 18 3 27 13 20 22 7 2 13 28 15 23 22 23 30 5 3 20 2 25 8 10 25 5 8 27 29 6 23 26 5 7 21 2 26 4 5 7 10 1 13 19 23 2 9 15 4 3 26 28 8 9 10 2 7 29 20 16 11 17 23 17 25 20 15 5 12 23 26 15 6 2 29 27 7 22 30 10 26 6 29 19 12 28 26 10 16 2 13 8 2 16 20 7 13 20 23 30 8 29 12 19 18 12 22 2 2 25 9 22 9
2 14 12
167 281 90 928 984 89 202 932 606 597 952 239
1 20 3
1 959 908
7 16 31
515 336 633 617 379 240 560 485 786 801 676 55 749 169 396 532 51 248 709 721 251 448 367 589 506 905 760 83 368 753 226
21 11 44
118 443 720 781 670 778 81 73 354 255 516 151 626 224 438 765 27 61 995 562 370 608 314 869 296 519 106 355 819 533 382 822 755 429 309 340 566 727 445 706 305 524 978 827
4 11 6
954 961 320 671 97 277
3 20 5
723 590 848 634 384
1 15 2
402 863
6 20 27
260 234 482 502 683 287 363 120 421 890 622 572 348 858 430 500 696 713 31 12 7 798 268 484 414 582 441
10 19 25
400 470 162 37 427 773 483 817 717 745 614 657 707 573 18 876 344 229 219 283 295 718 679 685 369
5 13 21
329 328 213 180 926 183 496 824 911 872 746 567 35 129 505 447 551 214 178 215 743
6 13 15
456 538 665 109 968 401 491 698 42 454 888 111 60 899 411
14 3 40
963 282 982 501 269 324 262 999 91 95 953 628 352 940 378 425 473 684 452 726 741 637 946 130 270 261 687 409 128 846 221 300 966 644 127 383 553 168 163 8
18 11 30
113 832 360 660 5 116 694 631 892 462 949 43 780 605 893 139 376 639 768 390 799 977 458 896 586 826 389 632 770 695
3 20 32
769 171 387 830 593 921 596 407 821 531 236 900 75 771 337 708 972 581 936 439 983 807 652 595 814 311 54 669 442 805 630 767
16 14 27
561 345 301 144 625 204 823 341 556 155 182 410 742 828 285 857 135 943 663 574 880 65 263 810 30 385 675
7 2 12
980 207 951 58 189 449 775 351 188 249 472 942
9 15 43
922 63 79 975 179 312 912 558 856 29 654 121 393 867 523 624 346 794 468 762 217 459 662 503 839 813 729 956 244 136 910 218 583 186 423 655 154 415 201 404 490 231 115
1 2 21
223 692 937 885 228 747 967 358 380 307 659 126 192 117 904 33 677 235 22 973 308
15 7 46
46 981 711 784 254 870 845 25 722 557 761 948 265 795 682 124 416 548 466 577 302 339 875 550 962 335 318 763 525 897 527 493 853 849 381 222 541 612 209 913 317 230 812 985 840 198
5 13 35
330 987 256 67 417 512 433 793 85 479 187 133 152 621 422 925 172 4 245 529 426 145 132 332 216 125 275 738 250 105 494 782 361 604 996
28 13 50
350 618 205 246 315 651 521 603 48 891 199 298 844 552 2 45 319 774 731 104 511 372 703 53 398 408 47 138 791 147 467 678 331 785 903 247 656 74 359 32 292 989 565 933 522 641 78 993 232 64
7 16 38
688 9 640 334 748 86 536 39 851 988 71 20 316 349 374 72 594 196 764 543 587 252 356 526 555 153 838 357 901 303 598 437 19 23 829 69 862 783
11 15 28
446 835 210 161 725 554 304 699 455 868 728 388 50 24 542 481 406 375 730 480 49 457 164 907 808 286 495 353
1 2 12
864 84 327 103 173 836 123 847 796 998 141 6
28 14 46
790 960 873 914 394 613 658 917 424 158 607 860 366 291 757 59 148 297 237 842 486 435 969 87 365 412 776 881 800 478 122 474 668 758 809 559 299 736 825 661 227 428 732 498 399 965
27 7 44
898 576 797 690 418 680 927 568 342 750 259 257 997 737 886 986 225 705 534 955 650 744 704 818 96 689 619 306 591 939 52 520 195 156 488 68 804 674 343 100 10 653 181 160
2 4 4
279 26 284 17
27 1 47
789 947 803 271 194 190 887 403 719 465 206 276 877 510 620 923 56 759 242 88 691 294 273 588 460 934 958 34 889 841 629 477 802 882 754 971 564 820 293 580 544 165 916 174 41 469 792
2 8 50
310 546 906 724 601 62 992 643 895 950 991 884 203 3 970 197 537 453 976 535 451 994 701 110 686 815 241 716 672 98 264 94 243 710 609 333 475 499 431 648 579 636 238 413 504 200 476 788 185 211
10 17 24
831 740 902 137 874 616 233 571 850 134 735 274 569 879 487 440 712 635 14 974 397 528 865 15
3 3 5
322 373 347 108 623
4 14 8
107 184 739 693 492 918 584 610
3 8 22
539 175 461 585 140 664 615 36 667 592 871 66 944 979 280 323 549 837 76 326 392 208
3 3 46
883 931 44 313 99 878 70 489 92 288 957 325 779 673 191 149 513 80 733 859 751 377 21 338 714 530 929 518 253 420 647 909 463 386 142 434 611 509 436 508 941 816 578 497 13 220
7 4 15
507 362 861 599 915 697 645 0 321 935 855 193 77 638 575
5 1 18
540 787 114 93 212 772 143 602 38 600 170 464 702 766 854 266 563 545
4 15 14
450 734 395 514 16 432 866 834 715 391 176 82 945 267
17 8 35
930 444 364 177 146 371 681 833 852 419 924 938 811 666 990 159 756 40 131 102 642 405 150 700 112 627 649 570 777 278 646 806 289 517 894
5 6 17
919 157 101 166 547 57 119 28 843 920 471 258 11 752 272 964 290
