300 134 465 20
23 10 18 12 15 25 28 2 14 21 30 2 5 22 5 27 15 24 8 12 6 13 29 25 23 2 17 19 22 7 14 25 26 6 21 24 8 13 2 2 2 7 5 17 18 8 6 9 30 26 6 24 6 12 15 7 3 8 13 7 5 10 17 13 10 2 28 11 26 5 22 24 30 14 25 17 24 10 2 26 14 21 24 1 22 14 11 12 10 14 7 1 27 17 20 1 20 30 14 19 10 30 4 22 7 8 27 1 12 5 23 11 10 25 15 21 24 28 28 23 28 18 10 2 18 13 26 21 27 6 26 7 22 23 20 1 1 17 25 8 12 28 14 14 28 22 9 6 11 8 1 19 5 7 23 20 6 5 11 2 21 6 26 21 5 4 2 22 19 21 19 15 28 22 8 28 13 17 7 10 27 4 2 27 8 12 29 18 8 5 28 24 23 6 8 26 11 11 3 16 7 4 12 5 21 23 10 10 6 9 19 28 30 29 16 18 30 9 6 18 23 3 27 24 3 22 10 7 27 19 14 23 29 23 27 28 15 11 6 18 10 23 30 27 14 7 18 6 30 27 7 27 24 2 6 27 25 29 10 16 28 30 15 17 13 7 20 15 15 3 28 18 27 14 28 19 5 19 16 30 26 8 15 30 19 1 13 20 16 29 29 6 29 28 4 14 13 27 2 30
15 7 30 29 24 4 17 19 8 9 25 15 16 3 11 15 16 15 27 2 23 22 14 1 30 25 23 14 16 24 12 13 1 5 29 10 17 29 8 3 19 23 26 22 24 23 13 5 11 26 6 7 13 18 29 28 27 16 21 17 25 25 1 18 8 9 4 21 2 30 19 25 4 27 17 28 16 26 18 21 2 27 14 20 14 25 18 20 29 24 2 28 10 22 23 18 19 29 25 14 30 28 22 11 2 1 12 7 28 25 24 18 5 21 26 6 21 1 9 30 11 7 10 16 2 27 23 7 29 30 10 14 2 13 9 3 25 13 5 7 4 14 17 23 9 2 25 26 3 13 21 26 15 24 16 19 1 19 22 17 17 27 14 17 16 22 23 20 14 4 9 7 13 18 17 18 4 22 4 7 26 23 22 27 4 11 11 24 5 1 12 6 16 24 4 25 26 13 18 27 1 16 17 7 18 21 23 23 15 1 21 28 24 3 23 23 7 17 6 25 4 13 30 2 10 4 10 28 27 28 8 26 20 2 20 4 28 23 4 18 11 7 12 17 10 19 16 30 19 23 4 10 24 15 23 26 15 27 22 8 9 8 15 4 14 6 22 17 10 28 5 26 20 9 8 8 24 4 30 24 23 1 18 6 8 2 6 19 21 18 5 27 15 16 17 17 10 13 7 11
0 13 4
142 63 64 23
0 16 8
32 20 115 211 5 130 85 152
0 19 9
210 86 4 27 292 218 140 223 56
0 13 7
3 58 146 29 98 24 139
0 10 3
22 110 109
0 3 1
78
0 2 10
111 297 114 119 203 76 82 149 247 192
0 3 6
43 183 116 25 199 125
0 20 3
41 148 268
0 20 8
18 175 230 135 186 70 173 118
0 19 8
213 251 226 156 6 162 54 258
0 12 6
285 220 38 216 206 225
0 8 3
12 248 106
0 12 6
2 141 266 80 34 219
0 7 6
131 195 145 200 120 66
0 15 7
163 198 241 128 201 262 244
0 18 5
187 36 222 181 204
0 20 1
182
0 16 5
236 293 174 232 256
0 10 5
209 277 233 161 239
0 15 7
286 197 189 254 190 271 259
0 9 7
243 47 264 238 267 228 37
0 2 4
16 176 69 132
0 14 6
288 87 289 104 153 19
0 8 8
249 88 93 207 124 185 193 103
0 3 4
40 75 55 227
0 3 6
136 168 123 159 50 157
0 5 6
99 127 79 60 284 94
0 12 6
117 53 44 276 235 129
1 8 2
166 68
0 17 6
57 299 84 31 212 30
0 2 5
74 100 26 77 35
0 9 4
224 92 133 170
0 10 8
21 283 62 155 150 263 108 14
0 13 1
291
1 29 2
0 7
1 36 1
1
1 33 1
8
1 13 1
9
1 22 1
10
1 27 2
11 154
1 33 1
13
1 27 1
15
1 26 1
17
1 8 1
28
1 15 1
33
1 25 1
39
1 15 1
42
1 23 1
45
1 23 1
46
1 19 1
48
1 27 1
49
1 5 1
51
1 16 1
52
1 33 1
59
1 28 1
61
1 8 1
65
1 31 1
67
1 29 1
71
1 27 1
72
1 23 1
73
1 37 1
81
1 25 1
83
1 17 1
89
1 21 1
90
1 39 2
91 107
1 23 1
95
1 25 1
96
1 32 1
97
1 13 1
101
1 36 1
102
1 19 1
105
1 30 1
112
1 20 1
113
1 25 1
121
1 30 1
122
1 22 1
126
1 33 1
134
1 17 1
137
1 16 2
138 221
1 38 1
143
1 18 1
144
1 37 1
147
1 31 1
151
1 28 1
158
1 14 1
160
1 29 1
164
1 21 1
165
1 6 1
167
1 12 2
169 177
1 11 1
171
1 29 1
172
1 29 1
178
1 30 1
179
1 18 1
180
1 22 1
184
1 20 2
188 265
1 28 1
191
1 38 1
194
1 12 1
196
1 30 1
202
1 29 1
205
1 25 1
208
1 22 1
214
1 34 1
215
1 11 1
217
1 18 2
229 272
1 15 2
231 273
1 22 1
234
1 22 2
237 280
1 27 1
240
1 15 2
242 250
1 26 1
245
1 20 1
246
1 19 1
252
1 35 1
253
1 36 1
255
1 14 1
257
1 22 1
260
1 5 1
261
1 31 1
269
1 16 1
270
1 25 1
274
1 9 1
275
1 30 1
278
1 21 1
279
1 25 1
281
1 12 1
282
1 12 1
287
1 27 1
290
1 21 1
294
1 35 1
295
1 15 1
296
1 6 1
298
