1000 326 1550 18
4 26 28 19 17 21 22 30 12 12 21 26 25 19 23 26 26 1 18 3 22 11 11 11 24 12 27 5 25 17 2 6 22 2 22 22 27 1 21 22 20 14 30 21 7 10 21 1 5 6 15 2 12 30 18 13 7 14 7 16 22 7 1 18 27 24 15 11 8 4 16 30 28 25 21 4 26 8 19 6 5 12 7 12 17 4 4 17 14 23 6 13 11 30 25 23 17 20 18 24 15 28 17 27 19 16 7 10 4 18 14 14 17 9 25 6 27 2 3 30 23 10 29 28 20 10 25 28 20 26 5 14 23 25 6 1 12 4 7 15 12 9 25 5 20 11 13 21 11 10 10 10 3 28 18 24 21 12 24 5 15 16 1 1 20 16 27 13 15 10 1 29 15 18 1 8 26 14 3 12 14 1 10 3 21 26 24 29 18 2 3 15 20 2 22 11 3 18 16 1 25 23 1 3 15 21 26 30 26 2 27 3 18 23 24 30 8 15 16 30 17 6 23 9 27 23 6 27 10 10 2 1 22 19 1 3 15 30 27 21 8 19 9 29 24 23 29 3 29 1 27 27 24 25 19 1 28 7 22 20 20 15 17 3 16 16 21 21 23 26 12 17 7 16 13 15 29 24 24 11 13 28 26 26 22 5 18 2 28 15 13 5 7 2 21 21 23 16 20 20 6 13 26 20 10 29 24 9 3 13 2 29 12 13 11 16 19 27 17 20 29 21 9 11 30 30 7 21 26 3 2 26 27 30 10 5 8 7 23 27 10 9 26 21 24 12 9 16 28 5 10 4 24 3 7 8 25 23 6 27 28 5 1 5 6 10 23 27 5 7 19 17 3 18 1 18 10 7 27 30 15 14 22 5 22 9 30 25 15 27 20 25 7 6 19 9 20 29 24 4 23 21 8 2 3 29 11 10 20 29 6 27 3 8 14 22 7 15 25 21 27 27 28 16 20 21 30 10 23 23 29 9 30 27 26 25 21 6 3 9 18 22 7 7 25 30 26 13 18 18 14 1 23 1 12 19 14 10 16 17 15 9 18 11 21 11 6 21 8 2 27 21 14 30 1 16 27 21 21 2 17 8 13 25 28 7 6 9 5 22 13 16 9 15 28 21 27 22 25 15 24 20 25 20 26 7 14 26 9 2 4 24 1 15 15 20 4 27 21 7 11 1 28 11 30 8 16 26 20 6 25 27 4 6 12 24 29 12 19 17 10 18 15 1 9 24 25 4 8 13 17 17 14 21 25 14 28 17 18 1 5 24 3 3 2 3 2 8 28 13 14 11 8 26 25 13 27 19 23 18 12 23 20 3 10 24 6 13 11 16 22 1 30 27 26 12 30 23 30 25 30 14 29 1 3 2 30 8 10 4 28 12 29 23 10 1 27 30 16 23 27 21 24 30 30 27 30 16 29 2 16 27 16 17 26 22 2 13 13 26 18 10 13 13 25 29 29 7 26 15 13 11 3 22 16 21 22 23 19 28 10 21 13 21 23 6 5 11 20 18 26 24 15 6 17 3 12 29 22 9 20 2 7 8 19 16 29 11 10 27 17 9 20 28 6 3 26 5 7 2 10 16 4 9 4 26 28 5 18 11 20 25 26 17 17 10 30 12 12 27 6 2 5 25 6 4 4 22 24 2 16 24 21 18 6 9 6 17 1 9 12 28 22 29 24 8 22 29 17 1 13 21 14 18 22 9 7 24 22 19 12 29 30 10 18 28 12 13 11 30 18 13 7 30 4 15 15 17 12 23 19 1 6 20 4 11 30 25 5 1 16 12 4 22 11 11 27 20 5 23 12 21 25 5 26 27 13 7 5 3 1 21 20 22 21 18 13 16 3 10 17 2 2 23 16 21 15 13 12 20 4 13 3 9 2 15 17 17 9 30 15 1 14 17 19 13 12 28 7 22 16 8 9 18 13 30 30 27 23 21 13 9 24 28 16 26 1 1 18 2 24 28 23 27 20 3 3 21 29 15 11 5 13 17 24 20 30 26 5 20 2 1 9 23 18 5 20 22 12 23 17 17 28 11 4 7 3 11 21 24 22 25 19 21 30 8 15 25 5 23 14 20 1 15 14 8 8 17 3 4 3 25 10 28 5 14 24 11 4 7 12 11 10 11 13 3 12 23 5 16 4 20 7 29 14 29 14 13 13 5 22 20 10 1 13 13 15 7 5 8 29 9 12 10 28 10 28 12 23 8 26 3 12 24 29 6 6 28 17 2 10 12 22 12 5 23 15 23 5 29
2 30 6 18 14 22 15 20 20 11 12 5 6 24 24 10 5 7 22 13 17 5 17 15 4 25 29 12 13 7 5 3 17 9 18 20 18 18 13 7 25 29 6 1 14 11 18 2 26 22 17 25 16 19 10 17 6 21 4 8 4 5 3 15 11 26 4 28 24 22 4 15 23 27 22 5 13 4 13 20 25 6 3 13 12 26 11 3 3 6 6 1 19 20 11 1 11 27 25 8 14 10 29 5 19 12 15 6 17 26 6 18 27 1 27 12 11 14 1 9 4 23 30 29 21 7 29 20 14 15 16 22 28 3 20 8 14 18 27 2 30 20 22 12 10 10 18 5 23 20 25 20 15 25 9 12 19 12 8 8 12 24 10 29 21 25 4 18 12 1 20 3 16 16 21 12 4 27 3 11 29 5 10 11 26 29 23 1 3 21 16 1 14 13 22 16 30 26 14 14 27 14 1 21 14 8 11 7 25 2 12 5 22 13 18 14 27 26 12 15 27 23 29 18 11 15 7 12 6 7 14 15 9 1 3 8 8 1 29 18 21 20 28 18 16 13 7 20 7 14 29 19 5 29 19 14 5 24 6 17 17 27 9 3 17 9 21 1 15 24 24 14 5 4 21 26 8 9 28 16 10 21 18 19 7 10 1 23 6 7 5 13 12 25 6 7 18 26 28 22 20 10 12 7 2 14 18 13 18 19 20 27 20 9 27 6 25 8 3 3 28 25 2 1 13 12 19 28 1 27 11 22 19 4 16 21 12 14 11 23 21 11 22 19 22 2 19 28 9 6 21 5 4 3 17 20 15 7 22 13 13 1 25 22 15 3 14 14 19 22 26 14 13 12 16 29 27 29 14 9 14 21 28 19 25 29 29 29 5 22 24 7 2 23 27 26 16 17 18 21 9 18 24 19 5 25 16 18 28 9 25 19 25 27 19 13 27 28 11 14 10 25 4 5 7 6 3 16 8 21 17 30 16 10 27 16 28 7 14 11 25 18 6 19 13 28 7 6 28 12 9 13 18 20 15 21 12 10 5 9 23 8 25 6 6 27 8 21 8 8 9 10 22 25 19 12 22 20 9 15 2 27 23 28 4 22 17 6 2 14 3 3 15 17 8 14 30 12 23 15 20 10 18 16 9 23 3 11 28 13 26 26 29 17 27 14 12 23 8 1 5 17 22 29 18 13 10 27 17 11 26 17 25 22 20 25 20 2 13 25 16 12 10 25 19 3 1 29 12 2 3 30 23 26 28 5 5 25 8 10 24 21 20 19 24 15 10 28 4 16 27 25 17 30 18 1 12 29 13 10 22 9 2 4 8 2 29 8 19 23 28 11 28 9 5 1 27 1 18 3 19 7 25 23 19 19 6 16 26 13 30 27 26 30 7 13 27 10 7 24 23 22 5 10 9 20 27 22 7 16 21 9 25 12 13 24 11 6 12 23 22 5 7 6 15 2 19 29 8 29 1 21 5 5 26 9 16 9 15 10 30 17 3 14 6 16 21 26 5 28 20 2 23 4 12 19 27 27 2 8 30 18 30 16 8 21 29 10 15 26 6 17 19 28 21 7 5 16 2 12 10 14 30 21 5 7 5 18 22 26 22 20 30 12 28 2 25 6 27 18 7 25 22 28 15 6 22 26 5 6 13 16 8 18 27 5 20 28 28 28 4 23 26 10 24 17 9 5 21 16 9 23 25 2 29 13 14 18 2 3 15 8 3 5 21 9 7 18 18 18 8 1 13 20 12 7 16 16 12 20 5 28 16 7 18 10 29 5 19 16 23 22 11 10 22 16 23 26 30 5 26 7 29 5 4 11 16 28 3 17 6 20 22 30 16 24 17 9 6 20 27 24 7 8 20 23 10 20 1 19 1 27 21 15 1 11 5 19 26 12 7 3 28 14 3 21 8 13 3 13 2 19 29 2 13 24 22 20 11 30 16 15 20 1 3 13 23 4 21 20 11 4 27 6 7 10 2 29 7 2 25 29 22 16 17 2 10 8 29 18 3 27 13 20 22 7 2 13 28 15 23 22 23 30 5 3 20 2 25 8 10 25 5 8 27 29 6 23 26 5 7 21 2 26 4 5 7 10 1 13 19 23 2 9 15 4 3 26 28 8 9 10 2 7 29 20 16 11 17 23 17 25 20 15 5 12 23 26 15 6 2 29 27 7 22 30 10 26 6 29 19 12 28 26 10 16 2 13 8 2 16 20 7 13 20 23 30 8 29 12 19 18 12 22 2 2 25 9 22 9
0 5 10
167 281 90 928 984 202 932 597 952 239
0 14 2
959 908
0 5 21
336 633 617 379 240 560 485 676 749 169 532 51 248 721 251 448 905 760 368 753 226
0 20 25
443 720 670 778 81 73 354 255 151 626 438 765 61 995 562 370 314 106 819 429 309 727 445 706 827
0 7 3
320 671 97
0 16 3
590 848 634
0 15 1
863
0 11 13
482 502 287 120 421 890 430 500 713 31 798 268 441
0 17 18
470 37 427 773 483 717 745 614 657 707 573 876 344 229 283 718 679 685
0 11 14
328 213 180 183 496 824 872 746 567 35 129 178 215 743
0 14 9
538 665 109 968 401 491 42 888 899
0 20 28
982 501 269 324 262 999 91 953 352 940 425 473 452 946 130 270 261 687 409 128 300 966 127 383 553 168 163 8
0 15 14
832 360 5 631 462 605 893 139 376 799 458 389 632 695
0 6 20
769 830 593 921 596 407 531 900 75 771 708 972 581 439 814 311 54 669 805 767
0 20 15
345 144 625 823 341 556 182 410 857 135 663 880 65 263 810
0 13 5
980 449 351 249 472
0 19 27
922 63 79 975 654 393 346 794 468 762 217 459 662 503 839 729 956 244 136 583 655 415 201 404 490 231 115
0 7 8
223 937 358 307 659 192 677 235
0 13 31
46 711 784 254 870 845 25 722 948 265 795 682 416 548 339 875 962 335 318 763 897 849 612 209 913 317 230 812 985 840 198
0 11 25
256 67 417 512 433 793 479 187 152 621 422 172 4 245 426 145 132 332 216 275 738 250 105 494 782
0 13 27
205 246 521 48 891 298 552 2 45 319 774 731 372 703 53 791 147 903 359 292 565 933 522 641 78 993 232
0 11 23
688 9 640 748 851 71 20 349 374 72 196 543 587 356 526 555 357 901 303 598 437 23 783
0 3 14
835 210 554 304 699 455 868 481 406 730 480 457 286 353
0 18 6
864 327 103 847 141 6
0 11 27
790 960 873 914 613 658 158 607 860 366 291 757 59 435 969 87 412 478 122 668 758 559 736 661 227 732 399
0 3 23
797 690 259 257 997 737 225 705 534 955 650 704 818 96 619 591 939 52 156 488 68 343 160
0 20 3
279 26 284
0 18 26
947 803 271 887 719 206 510 759 88 691 273 460 934 889 841 629 802 882 754 971 564 820 293 165 41 792
0 14 32
546 601 62 992 895 950 991 3 197 453 976 535 994 701 110 686 815 716 672 264 94 243 609 333 475 636 238 413 504 788 185 211
0 17 17
831 740 137 233 571 134 735 569 879 440 712 635 14 974 397 865 15
0 2 3
322 373 623
0 7 3
107 739 693
0 15 15
175 585 664 615 667 592 944 979 323 549 837 76 326 392 208
0 1 28
931 99 878 70 489 288 779 673 149 733 859 751 377 338 714 530 929 253 420 647 909 463 434 611 436 941 497 13
0 2 11
507 362 599 915 645 321 935 855 193 77 638
0 10 12
540 787 114 772 143 602 170 464 702 766 266 563
0 7 8
450 734 514 16 432 866 176 82
0 4 24
930 444 364 177 146 371 681 419 924 938 811 666 990 159 756 40 102 642 405 700 627 777 646 806
0 13 12
157 101 166 119 28 843 471 258 11 272 964 290
1 5 1
0
1 25 1
1
1 26 1
7
1 23 2
10 342
1 30 1
12
1 34 1
17
1 28 1
18
1 28 1
19
1 15 4
21 80 509 578
1 20 3
22 380 920
1 17 1
24
1 37 1
27
1 29 2
29 218
1 31 2
30 696
1 26 2
32 222
1 22 4
33 117 692 770
1 34 1
34
1 35 1
36
1 21 2
38 600
1 22 2
39 334
1 26 2
43 116
1 21 2
44 957
1 30 3
47 331 487
1 21 4
49 161 580 588
1 10 1
50
1 22 1
55
1 29 3
56 916 926
1 19 1
57
1 24 2
58 862
1 34 1
60
1 29 1
64
1 33 3
66 140 477
1 25 1
69
1 20 1
74
1 25 2
83 589
1 25 1
84
1 25 1
85
1 24 2
86 557
1 12 2
89 885
1 12 2
92 498
1 30 1
93
1 37 1
95
1 27 1
98
1 7 3
100 852 898
1 33 2
104 618
1 9 1
108
1 27 1
111
1 15 1
112
1 28 1
113
1 23 2
118 519
1 39 1
121
1 38 1
123
1 23 3
124 381 761
1 22 1
125
1 21 2
126 643
1 6 1
131
1 21 1
133
1 16 4
138 315 689 844
1 5 1
142
1 18 1
148
1 6 1
150
1 16 1
153
1 30 3
154 423 965
1 33 3
155 204 511
1 24 2
162 295
1 18 1
164
1 17 1
171
1 20 3
173 836 998
1 37 1
174
1 21 2
179 813
1 22 2
181 520
1 14 2
184 267
1 22 2
186 446
1 33 1
188
1 26 1
189
1 29 1
190
1 21 1
191
1 31 2
194 853
1 14 1
195
1 24 3
199 603 829
1 34 2
200 710
1 25 1
203
1 30 1
207
1 26 1
212
1 31 2
214 911
1 19 1
219
1 18 2
220 518
1 38 2
221 963
1 33 1
224
1 18 2
228 973
1 13 1
234
1 20 1
236
1 22 1
237
1 25 1
241
1 21 1
242
1 18 2
247 651
1 27 1
252
1 24 1
260
1 20 2
274 874
1 33 1
276
1 8 1
277
1 18 1
278
1 26 1
280
1 30 1
282
1 39 1
285
1 7 1
289
1 29 1
294
1 34 3
296 648 906
1 16 3
297 776 801
1 25 2
299 800
1 36 2
301 385
1 26 1
302
1 40 1
305
1 14 2
306 653
1 20 3
308 747 951
1 24 1
310
1 36 3
312 850 910
1 12 2
313 529
1 31 1
316
1 3 1
325
1 13 1
329
1 24 1
330
1 20 2
337 983
1 37 1
340
1 13 1
347
1 22 1
348
1 17 1
350
1 22 3
355 566 755
1 14 2
361 744
1 22 1
363
1 22 1
365
1 18 4
367 515 775 942
1 19 1
369
1 17 1
375
1 31 1
378
1 27 3
382 533 608
1 18 1
384
1 12 2
386 572
1 24 1
387
1 20 1
388
1 26 1
390
1 14 1
391
1 13 1
394
1 18 1
395
1 12 1
396
1 15 1
398
1 33 1
400
1 22 1
402
1 20 1
403
1 20 1
408
1 16 1
411
1 14 3
414 680 886
1 18 2
418 461
1 28 1
424
1 17 1
428
1 29 1
431
1 21 2
442 595
1 25 1
447
1 16 2
451 724
1 27 1
454
1 29 1
456
1 33 1
465
1 24 2
466 505
1 20 3
467 785 989
1 28 2
469 854
1 31 1
474
1 16 1
476
1 24 3
484 547 582
1 31 1
486
1 25 1
492
1 19 1
493
1 9 1
495
1 21 1
499
1 22 1
506
1 14 1
508
1 8 1
513
1 35 1
516
1 9 1
517
1 24 1
523
1 34 1
524
1 28 1
525
1 28 1
527
1 28 1
528
1 25 1
536
1 15 1
537
1 28 1
539
1 33 1
541
1 18 1
542
1 31 1
544
1 24 1
545
1 20 1
550
1 15 1
551
1 34 1
558
1 24 1
561
1 23 2
568 804
1 19 2
570 896
1 40 1
574
1 13 1
575
1 5 1
576
1 18 1
577
1 27 2
579 970
1 26 1
584
1 17 1
586
1 21 1
594
1 15 2
604 649
1 25 1
606
1 24 1
610
1 28 1
616
1 32 1
620
1 24 1
622
1 39 2
624 912
1 22 2
628 637
1 11 1
630
1 30 1
639
1 35 1
644
1 21 1
652
1 16 1
656
1 17 2
660 768
1 5 2
674 861
1 38 1
675
1 32 1
678
1 27 1
683
1 23 1
684
1 30 1
694
1 22 1
697
1 29 1
698
1 19 1
709
1 23 1
715
1 36 1
723
1 21 1
725
1 31 1
726
1 23 1
728
1 27 1
741
1 33 1
742
1 10 1
750
1 27 1
752
1 16 2
764 838
1 18 1
780
1 24 1
781
1 15 1
786
1 22 1
789
1 29 1
796
1 21 1
807
1 19 1
808
1 22 2
809 881
1 20 2
816 883
1 31 1
817
1 13 1
821
1 34 1
822
1 24 2
825 842
1 22 1
826
1 35 1
828
1 24 1
833
1 12 1
834
1 40 1
846
1 32 1
856
1 31 1
858
1 21 1
867
1 30 1
869
1 34 1
871
1 29 1
877
1 21 1
884
1 31 2
892 949
1 10 1
894
1 37 1
902
1 10 1
904
1 20 1
907
1 13 1
917
1 20 1
918
1 30 1
919
1 23 1
923
1 16 1
925
1 9 1
927
1 22 1
936
1 40 1
943
1 13 1
945
1 12 1
954
1 32 1
958
1 23 1
961
1 27 1
967
1 32 1
977
1 40 1
978
1 28 1
981
1 4 1
986
1 14 1
987
1 24 1
988
1 16 1
996
