700 255 1085 20
15 20 12 1 19 15 5 10 6 16 18 13 5 23 24 19 3 29 12 10 8 9 17 3 10 25 7 26 22 30 15 15 11 30 11 14 26 10 28 22 7 13 8 24 12 24 28 3 5 12 3 28 14 24 1 25 8 23 14 24 2 4 10 30 19 26 2 27 2 5 22 28 19 29 26 5 24 10 28 20 25 18 25 19 26 30 7 15 16 20 22 27 17 5 26 19 11 24 10 11 22 14 3 27 30 1 25 28 10 17 11 26 30 19 18 17 27 30 2 30 3 19 21 4 30 9 23 23 7 25 30 7 21 6 6 21 1 12 27 22 7 1 1 19 11 20 23 14 6 11 21 19 22 10 8 28 4 25 3 16 16 21 16 2 26 2 5 19 5 9 13 12 22 27 8 6 14 6 19 10 1 4 8 22 21 6 29 7 24 4 30 30 13 14 1 5 22 2 12 13 2 21 8 17 16 21 26 8 16 16 8 20 9 28 23 16 3 19 14 11 10 19 1 11 17 7 28 23 6 8 18 30 10 21 5 20 22 9 27 17 29 27 16 26 30 1 18 8 2 9 17 21 5 9 13 16 6 1 9 3 15 15 29 16 21 22 10 20 26 8 8 11 20 19 12 20 9 25 27 3 8 13 18 10 18 7 27 22 4 23 8 2 5 7 23 22 29 2 16 30 20 10 18 4 20 26 17 12 29 18 17 23 30 8 6 6 23 25 23 6 17 12 11 5 5 18 7 25 5 25 23 26 13 18 20 25 15 25 10 21 9 12 22 14 25 18 4 13 13 2 12 30 25 28 11 7 2 5 19 8 28 10 12 11 19 29 14 14 5 16 12 23 29 28 2 17 29 17 29 23 26 11 22 4 7 16 29 30 9 6 16 11 28 23 26 24 13 24 16 18 27 9 13 6 24 6 30 23 4 4 9 16 22 27 22 23 6 28 18 7 6 3 24 1 15 3 16 2 13 15 28 29 2 1 20 17 15 16 20 1 11 25 22 9 3 30 4 15 14 22 23 10 23 7 25 7 17 6 5 12 6 28 16 27 3 14 15 11 7 24 14 14 28 4 23 21 12 9 13 29 16 29 12 27 15 5 11 23 22 10 30 13 3 3 14 30 20 2 29 9 11 27 6 28 27 8 18 25 22 19 21 17 22 9 3 16 22 4 3 1 1 2 7 22 3 14 12 29 27 18 1 8 21 23 24 13 5 15 19 25 30 7 28 7 4 12 26 23 7 10 26 7 27 5 8 24 19 23 28 2 6 8 9 8 1 15 11 8 29 8 1 16 13 29 11 20 13 29 29 10 15 27 8 2 27 8 23 18 21 14 11 6 18 16 15 15 8 24 26 17 15 3 30 11 18 2 30 1 29 11 4 3 17 30 23 3 27 5 14 19 4 18 13 4 28 23 6 5 5 10 12 29 14 30 9 18 23 14 14 1 6 3 14 4 18 11 1 14 12 9 28 23 17 1 8 10 30 6 16 20 7 24 24 2 3 2 8 11 8 29 14 9 4 22 18 12 28 24 7 18 30 12 12 30 30 24 11 3 27 8 2 2 5 24 23 12 25 29 11 1
19 5 5 21 25 12 30 2 15 18 26 6 1 6 16 13 5 23 23 10 28 12 23 27 27 26 7 27 15 11 5 29 18 8 7 5 5 21 12 30 4 17 16 13 19 13 5 9 28 11 26 10 22 1 14 5 3 26 2 23 15 30 7 27 13 1 9 8 24 24 19 16 10 17 30 29 19 17 15 18 17 15 28 23 25 13 11 13 10 19 6 4 18 7 13 1 23 8 1 16 7 3 14 30 1 10 27 18 8 27 24 30 27 14 30 24 29 17 23 12 17 11 3 8 18 7 12 22 15 19 14 1 18 11 12 10 23 5 23 19 26 4 4 16 28 14 18 23 10 5 24 16 11 30 9 26 14 19 5 1 21 27 16 4 24 20 5 23 17 14 13 3 9 7 15 18 8 13 21 5 3 1 20 9 25 3 10 20 11 30 18 14 21 18 21 23 12 23 23 9 28 23 19 10 15 25 9 9 25 14 18 16 2 13 29 25 14 20 21 16 13 27 8 17 2 14 21 2 19 13 26 19 6 19 18 18 28 3 24 22 28 10 10 9 30 15 16 23 23 25 14 3 29 17 30 7 22 1 19 21 30 25 30 10 4 17 25 17 10 9 13 14 27 11 8 14 22 1 28 5 29 16 9 28 12 6 2 27 20 12 28 13 18 9 2 9 26 27 21 4 17 23 2 20 8 25 7 13 26 19 30 28 14 10 17 1 24 22 2 17 13 4 29 8 21 18 14 27 18 29 26 1 12 23 7 10 2 12 17 13 14 7 2 20 28 2 16 19 17 15 16 12 4 26 1 21 8 30 22 23 10 14 3 8 22 26 1 15 15 22 26 24 20 19 23 16 6 9 16 10 6 18 11 30 19 2 30 18 16 16 30 24 15 3 15 22 7 4 14 24 8 18 26 10 22 22 11 4 8 17 17 8 29 5 19 27 4 30 28 12 27 12 12 21 28 13 28 20 5 9 26 15 29 28 2 30 26 5 20 4 8 15 25 20 15 14 20 19 24 7 2 28 28 30 21 20 27 28 19 21 16 16 29 5 22 24 21 15 19 6 1 9 28 29 5 20 30 6 24 25 24 29 7 30 17 3 20 11 11 24 28 12 3 24 13 17 4 7 12 6 2 1 7 1 17 12 13 11 5 16 25 5 27 22 29 1 11 22 21 17 23 2 3 19 5 6 9 30 11 22 19 18 21 24 10 5 18 9 16 13 2 18 3 17 6 17 2 18 21 28 25 1 26 14 25 27 13 2 21 20 6 27 29 6 21 8 16 15 21 17 22 13 27 13 12 10 4 11 21 15 4 26 18 11 1 1 7 6 30 26 18 27 18 11 12 14 25 9 16 20 6 18 16 12 24 25 25 19 8 6 14 13 10 2 3 17 13 22 30 25 14 17 8 26 10 24 13 11 12 29 8 24 25 2 12 1 7 17 10 3 3 15 8 15 24 22 3 14 21 4 30 21 23 19 1 14 1 29 21 5 14 10 2 20 20 26 23 25 29 30 12 9 28 7 22 5 6 15 7 9 10 15 25 11 13 2 26 24 29 11 28 29 4 15 12 13 4 21 30 16
0 4 4
571 662 298 38
0 17 4
566 187 143 230
0 12 11
123 627 87 341 27 44 454 415 459 224 577
0 4 14
533 643 263 166 138 158 233 89 695 270 333 450 264 413
0 16 15
667 651 567 125 171 28 287 100 30 307 200 608 73 278 491
0 15 15
289 368 186 674 317 352 346 558 691 646 180 534 430 525 376
0 10 18
112 206 211 116 412 507 199 565 477 665 251 446 464 159 244 102 492 599
0 12 16
528 535 560 482 677 114 175 74 485 215 228 484 379 668 630 191
0 18 8
313 26 673 595 461 190 392 60
0 4 14
395 72 418 223 208 164 634 593 350 576 262 245 71 91
0 12 16
680 321 574 456 343 24 322 536 33 378 255 260 329 697 181 505
0 1 2
473 267
0 18 21
563 288 427 637 302 426 355 339 513 441 117 103 269 586 483 79 3 32 688 258 334
0 12 21
590 611 366 340 470 541 652 113 476 161 209 584 296 149 18 99 548 625 692 13 328
0 7 6
619 440 537 35 70 7
0 17 27
311 442 162 281 496 235 479 300 549 506 50 95 444 531 268 604 539 629 556 617 598 699 620 20 428 76 542
0 18 16
411 486 265 407 312 121 231 467 226 550 16 183 332 414 356 511
0 10 10
402 66 326 320 84 375 67 318 656 606
0 10 13
185 380 172 261 118 0 306 681 474 455 653 232 156
0 1 7
438 127 234 120 644 188 642
0 7 12
249 111 308 204 613 170 219 448 297 612 526 421
0 3 11
257 381 54 140 686 655 182 570 65 101 5
0 6 3
349 594 523
0 17 20
41 12 242 96 213 615 671 55 319 639 471 610 15 351 295 189 480 640 272 243
0 1 16
202 572 607 463 201 110 11 237 601 283 561 46 282 530 136 247
0 10 16
687 290 207 370 105 309 8 614 152 222 126 314 31 557 472 362
0 4 3
155 271 405
0 18 8
83 178 377 217 14 664 636 198
0 9 20
489 4 497 516 374 359 345 94 394 544 246 583 21 304 635 648 638 432 518 502
0 4 4
554 514 124 527
0 16 5
212 698 398 62 279
0 20 14
453 154 409 373 275 107 553 252 587 9 58 564 63 354
0 7 4
134 344 325 195
0 19 16
56 324 291 274 151 1 82 488 141 128 468 663 122 437 581 501
0 15 12
108 43 357 299 145 543 466 98 365 389 494 17
0 19 5
424 420 353 348 676
1 14 1
2
1 13 1
6
1 28 2
10 385
1 24 1
19
1 30 1
22
1 20 1
23
1 28 1
25
1 22 1
29
1 27 2
34 693
1 11 2
36 452
1 36 1
37
1 24 1
39
1 22 1
40
1 29 2
42 616
1 16 1
45
1 13 3
47 338 403
1 25 1
48
1 33 1
49
1 11 2
51 678
1 28 1
52
1 27 1
53
1 25 1
57
1 11 1
59
1 5 1
61
1 35 1
64
1 37 1
68
1 36 2
69 540
1 16 1
75
1 32 3
77 301 559
1 30 2
78 545
1 26 2
80 460
1 30 2
81 406
1 36 1
85
1 15 2
86 241
1 29 1
88
1 22 1
90
1 21 2
92 597
1 17 1
93
1 15 1
97
1 13 1
104
1 36 1
106
1 21 1
109
1 10 2
115 388
1 20 2
119 675
1 16 1
129
1 24 1
130
1 36 1
131
1 22 1
132
1 14 1
133
1 28 1
135
1 19 1
137
1 11 1
139
1 26 1
142
1 36 1
144
1 22 3
146 330 641
1 19 1
147
1 37 1
148
1 20 3
150 248 487
1 22 1
153
1 29 1
157
1 14 1
160
1 16 2
163 591
1 33 1
165
1 38 1
167
1 22 1
168
1 11 2
169 250
1 30 1
173
1 18 3
174 303 327
1 24 1
176
1 34 1
177
1 17 2
179 203
1 30 2
184 649
1 18 1
192
1 30 3
193 562 685
1 13 1
194
1 24 2
196 422
1 28 1
197
1 27 1
205
1 25 2
210 551
1 20 1
214
1 29 2
216 423
1 19 1
218
1 16 2
220 481
1 25 1
221
1 5 1
225
1 31 1
227
1 4 1
229
1 14 1
236
1 14 1
238
1 16 1
239
1 22 1
240
1 33 1
253
1 22 1
254
1 31 1
256
1 35 2
259 654
1 20 1
266
1 32 1
273
1 22 1
276
1 31 2
277 310
1 16 1
280
1 35 1
284
1 33 1
285
1 19 1
286
1 16 2
292 404
1 23 1
293
1 20 1
294
1 35 1
305
1 34 1
315
1 16 1
316
1 14 1
323
1 26 1
331
1 22 2
335 342
1 27 2
336 517
1 28 3
337 555 575
1 22 1
347
1 20 1
358
1 16 1
360
1 36 3
361 386 445
1 22 1
363
1 8 1
364
1 13 1
367
1 20 1
369
1 20 1
371
1 19 1
372
1 30 2
382 585
1 20 1
383
1 14 2
384 552
1 19 1
387
1 10 1
390
1 22 1
391
1 25 1
393
1 32 1
396
1 33 2
397 650
1 21 2
399 522
1 32 1
400
1 16 1
401
1 14 1
408
1 29 1
410
1 21 2
416 475
1 22 1
417
1 36 1
419
1 21 1
425
1 19 1
429
1 14 1
431
1 26 2
433 669
1 13 1
434
1 27 1
435
1 21 1
436
1 31 1
439
1 26 1
443
1 19 2
447 569
1 38 2
449 582
1 21 1
451
1 5 1
457
1 19 1
458
1 25 2
462 532
1 21 1
465
1 25 1
469
1 11 1
478
1 27 1
490
1 13 1
493
1 33 1
495
1 19 1
498
1 5 1
499
1 35 2
500 578
1 13 1
503
1 28 1
504
1 36 1
508
1 5 1
509
1 8 1
510
1 33 1
512
1 20 1
515
1 25 1
519
1 16 1
520
1 17 1
521
1 28 1
524
1 29 1
529
1 31 1
538
1 19 1
546
1 13 1
547
1 20 1
568
1 21 1
573
1 20 1
579
1 10 1
580
1 34 1
588
1 17 1
589
1 16 1
592
1 17 1
596
1 23 2
600 621
1 15 1
602
1 5 1
603
1 29 1
605
1 11 1
609
1 11 1
618
1 20 1
622
1 7 1
623
1 19 1
624
1 19 1
626
1 34 1
628
1 14 2
631 657
1 28 1
632
1 37 1
633
1 25 1
645
1 24 1
647
1 21 1
658
1 22 1
659
1 13 1
660
1 31 1
661
1 22 1
666
1 12 1
670
1 25 1
672
1 5 1
679
1 23 1
682
1 13 1
683
1 26 1
684
1 34 1
689
1 35 1
690
1 16 1
694
1 28 1
696
