700 281 1085 20
8 7 28 16 1 16 11 4 4 26 20 30 24 24 14 23 4 18 6 22 22 28 18 3 1 3 4 30 30 11 12 26 9 13 27 18 25 24 28 18 27 28 9 13 22 26 21 12 16 15 24 6 30 8 9 26 16 21 10 15 2 21 1 30 2 29 7 10 17 1 17 1 20 11 12 24 27 25 10 2 14 9 24 6 8 2 25 3 21 21 16 24 21 6 29 19 20 22 16 26 30 27 6 6 9 13 13 20 28 8 26 18 24 9 22 9 6 21 23 10 30 26 16 7 20 30 27 12 20 5 5 17 23 14 24 14 8 17 9 14 14 16 29 15 30 18 8 19 29 16 28 20 22 26 29 20 8 27 16 30 23 1 16 24 22 1 21 24 24 3 2 5 6 20 14 16 9 17 25 10 26 21 7 15 10 7 21 14 29 25 13 3 3 16 14 26 29 30 29 26 30 18 21 14 16 7 28 11 23 11 30 24 19 4 9 29 10 13 13 15 23 6 8 26 19 1 16 5 15 1 15 2 11 27 12 8 19 15 5 9 3 12 25 13 30 23 5 23 26 24 14 7 21 4 5 4 7 20 27 10 9 19 7 25 17 21 19 5 4 30 11 22 5 15 23 28 14 12 26 8 13 3 9 18 16 28 3 9 22 11 21 6 26 25 10 1 26 4 7 26 24 15 27 12 7 24 2 13 13 4 23 25 25 9 25 6 28 21 13 18 20 25 9 2 7 15 8 20 23 7 25 6 21 29 7 6 17 10 19 29 15 30 12 14 15 14 26 2 5 26 10 24 29 10 17 5 3 3 11 20 24 10 18 13 6 7 14 22 7 9 1 29 7 3 17 24 28 4 6 19 18 20 30 19 20 2 24 14 18 18 22 21 9 26 17 18 12 2 1 8 26 24 30 10 24 5 12 3 22 11 8 4 19 18 23 30 1 9 20 9 7 21 4 7 11 9 23 3 26 23 23 9 26 11 26 2 22 28 10 16 11 10 6 30 9 9 29 6 29 27 22 17 20 8 28 19 4 25 20 5 8 5 16 22 16 27 2 13 22 17 4 20 12 30 16 6 5 8 21 12 9 17 23 2 23 10 8 27 16 2 28 28 17 27 12 14 23 2 15 11 5 15 19 13 1 19 19 10 24 4 1 6 23 14 2 3 2 29 13 6 16 16 24 8 28 14 9 21 18 13 9 30 25 29 16 4 2 14 28 10 3 29 4 2 21 6 30 24 18 4 23 9 25 2 20 15 6 20 17 17 1 2 9 19 20 19 3 24 27 20 5 12 6 22 6 11 27 27 19 21 24 12 20 21 23 19 20 11 24 2 15 3 16 13 22 8 16 3 9 24 20 10 9 26 25 27 4 1 18 24 14 29 28 5 6 21 29 19 7 25 6 19 8 8 20 17 16 18 17 1 22 5 30 16 10 16 3 4 7 13 6 4 8 15 9 30 18 9 6 15 3 27 8 14 30 5 14 13 28 7 8 19 10 17 24 1 12 25 15 3 6 3 3 20 4 1 24 12 3 25 23 15 20 16 14 1 9 5 5 16 18 15 9 11 29 2 8 13 8 6
10 29 10 24 8 21 14 27 17 13 29 22 1 8 14 3 20 25 23 4 13 28 14 7 12 11 12 17 26 28 30 15 24 29 11 6 9 7 10 23 9 20 12 8 11 12 4 23 17 27 16 30 27 20 15 2 30 16 11 1 10 18 7 15 4 23 1 1 14 6 22 28 17 27 8 16 10 27 18 1 3 18 12 16 2 1 26 5 22 11 18 9 1 12 8 28 15 22 18 16 11 23 17 20 21 29 14 8 6 26 23 7 19 16 9 24 9 7 19 18 28 3 29 8 13 2 8 27 14 16 8 15 28 9 10 17 21 7 11 14 4 10 27 16 30 5 5 9 21 1 7 13 28 24 24 13 13 23 9 21 26 29 28 6 18 4 18 30 14 3 22 12 19 2 13 22 14 14 22 9 24 30 18 1 22 13 23 10 3 22 21 28 3 19 25 25 13 7 6 16 26 9 12 14 14 11 28 27 2 23 23 19 17 12 7 10 9 17 28 18 15 13 2 5 14 17 1 23 21 3 20 20 23 11 4 19 14 11 14 2 16 26 23 17 4 19 5 9 24 18 24 22 16 29 28 30 5 4 10 16 4 28 20 11 28 15 12 24 14 17 12 8 9 11 1 30 26 4 1 8 7 18 11 10 2 5 6 13 26 14 17 16 10 12 17 24 29 3 11 24 27 19 26 2 22 10 9 23 2 23 3 7 21 10 10 26 10 10 25 18 3 25 20 12 2 28 28 21 13 27 13 24 11 22 19 27 17 20 18 16 12 7 10 26 25 9 23 28 3 28 19 17 16 17 19 11 8 11 24 7 2 7 25 25 15 18 8 13 22 9 29 2 9 20 28 2 21 27 27 2 14 17 25 16 3 17 28 13 30 1 5 2 28 7 5 14 9 27 24 2 28 16 19 25 8 3 25 20 8 1 28 20 26 26 3 24 15 26 24 26 20 4 13 3 28 15 22 15 26 6 8 17 12 7 7 15 12 8 7 30 5 30 30 10 8 17 11 3 13 24 7 12 1 7 9 1 6 23 19 17 11 26 8 13 30 27 22 12 7 29 25 28 26 29 19 5 20 7 26 21 20 10 4 16 6 12 30 21 6 5 11 27 26 8 14 26 9 15 18 9 20 29 9 13 20 10 4 21 19 20 13 17 3 23 30 26 25 23 10 14 29 10 5 24 15 24 4 11 6 22 5 26 8 26 26 30 5 26 8 2 25 11 16 11 19 6 22 24 13 5 24 19 19 27 8 7 10 12 26 11 16 7 25 19 25 14 24 16 22 17 14 9 28 13 26 22 17 28 21 21 11 7 20 24 12 20 19 7 14 11 9 16 20 1 30 7 7 22 19 10 7 17 1 29 21 2 3 6 4 15 14 15 8 1 24 3 11 26 28 7 3 12 24 21 27 15 17 1 5 7 9 13 14 14 22 11 16 9 11 27 8 11 15 11 9 17 23 4 16 3 27 29 13 25 27 16 26 4 29 19 22 10 23 29 8 22 22 14 28 26 29 24 19 24 22 22 23 14 26 17 1 1 15 7 21 27 19 10 22 20 26 23 30 13 9 3 15 24 16 28
0 2 4
601 38 634 526
0 3 13
626 439 395 430 161 142 305 137 347 128 112 504 548
0 19 19
178 694 281 0 593 80 411 631 481 392 307 351 688 90 660 699 76 467 209
0 3 4
341 469 415 304
0 8 5
536 673 585 398 164
0 9 9
486 480 584 551 99 665 326 500 344
0 4 5
369 277 629 389 502
0 20 11
676 200 223 388 476 428 242 226 282 479 50
0 17 26
546 422 560 324 220 570 361 103 541 353 297 435 515 576 352 436 193 607 368 239 163 71 194 445 98 588
0 16 10
155 160 563 599 35 692 501 315 136 345
0 5 12
431 514 120 595 195 421 578 426 697 373 656 294
0 12 2
16 362
0 9 8
248 70 419 196 446 321 73 129
0 12 13
503 310 257 148 75 441 531 89 620 679 650 186 87
0 17 7
118 465 482 169 117 610 393
0 14 4
383 39 363 490
0 13 6
240 54 79 675 644 264
0 7 18
463 598 234 449 81 143 203 175 552 690 442 333 2 251 623 259 600 602
0 11 19
381 113 325 342 574 516 72 684 292 386 241 406 22 254 125 250 189 587 267
0 20 3
77 301 637
0 20 4
613 354 287 677
0 13 16
166 69 458 589 261 126 300 262 145 229 416 154 586 20 131 179
0 13 10
211 484 594 34 440 617 109 268 492 596
0 20 4
495 188 289 452
0 4 4
488 66 263 698
0 16 3
116 157 330
0 11 17
649 97 412 84 332 529 418 133 228 554 322 105 158 530 151 402 497
0 9 8
521 558 88 695 468 604 513 379
0 15 7
462 106 394 227 487 384 141
0 18 7
448 661 370 311 190 659 390
0 15 20
172 184 95 340 564 334 174 443 26 15 556 180 674 606 527 42 459 433 53 540
0 20 24
32 483 219 6 346 55 335 645 127 171 156 355 110 185 579 642 374 577 30 517 275 283 13 664
0 9 14
192 512 205 378 633 621 506 256 619 622 532 639 111 328
0 13 14
509 616 608 68 658 218 3 491 638 288 555 423 615 173
0 2 5
410 489 213 632 523
0 16 4
271 528 580 545
0 9 5
272 221 614 18 51
0 6 13
224 582 144 375 214 260 230 557 10 337 78 93 534
0 5 12
566 572 544 472 295 382 177 312 94 609 647 371
0 20 1
285
0 13 16
291 278 85 47 24 417 520 493 276 424 102 365 427 687 456 569
0 19 6
159 681 628 605 689 149
0 7 18
293 409 414 496 40 592 696 8 204 571 466 83 331 407 618 182 123 246
0 14 6
146 139 36 21 232 210
1 10 1
1
1 12 1
4
1 23 2
5 302
1 35 2
7 101
1 20 1
9
1 27 2
11 274
1 22 1
12
1 23 1
14
1 25 1
17
1 22 1
19
1 36 1
23
1 19 1
25
1 32 1
27
1 27 1
28
1 33 1
29
1 15 1
31
1 31 1
33
1 15 1
37
1 15 1
41
1 28 2
43 636
1 23 1
44
1 14 1
45
1 29 2
46 438
1 29 2
48 539
1 21 2
49 380
1 18 2
52 652
1 12 1
56
1 33 1
57
1 22 2
58 478
1 18 1
59
1 37 1
60
1 7 1
61
1 17 2
62 663
1 9 1
63
1 29 1
64
1 23 1
65
1 27 2
67 199
1 13 2
74 134
1 17 1
82
1 36 1
86
1 24 1
91
1 29 1
92
1 29 1
96
1 40 2
100 309
1 31 1
104
1 31 1
107
1 35 1
108
1 26 2
114 350
1 11 1
115
1 24 1
119
1 29 2
121 130
1 22 1
122
1 22 1
124
1 12 1
132
1 22 1
135
1 33 2
138 404
1 24 1
140
1 18 1
147
1 25 1
150
1 32 1
152
1 30 1
153
1 20 1
162
1 35 1
165
1 28 1
167
1 25 1
168
1 33 1
170
1 30 1
176
1 11 1
181
1 16 1
183
1 32 1
187
1 20 3
191 485 611
1 30 1
197
1 33 1
198
1 16 1
201
1 30 1
202
1 18 1
206
1 24 2
207 290
1 22 1
208
1 19 1
212
1 28 1
215
1 18 1
216
1 8 1
217
1 20 1
222
1 40 1
225
1 22 1
231
1 30 1
233
1 29 1
235
1 22 2
236 237
1 19 1
238
1 16 1
243
1 24 1
244
1 12 1
245
1 7 1
247
1 36 1
249
1 14 1
252
1 18 1
253
1 16 1
255
1 11 1
258
1 25 1
265
1 15 1
266
1 26 1
269
1 26 1
270
1 11 1
273
1 23 1
279
1 16 2
280 507
1 33 1
284
1 27 1
286
1 27 1
296
1 16 1
298
1 36 1
299
1 7 1
303
1 25 1
306
1 23 1
308
1 22 1
313
1 26 1
314
1 33 1
316
1 6 1
317
1 13 1
318
1 29 1
319
1 20 1
320
1 25 1
323
1 38 1
327
1 24 1
329
1 33 2
336 475
1 27 1
338
1 39 2
339 437
1 25 1
343
1 25 1
348
1 37 1
349
1 21 1
356
1 32 1
357
1 13 1
358
1 28 1
359
1 28 2
360 573
1 34 1
364
1 39 1
366
1 37 1
367
1 24 1
372
1 40 1
376
1 32 1
377
1 29 1
385
1 35 1
387
1 17 1
391
1 16 1
396
1 10 1
397
1 16 1
399
1 18 1
400
1 28 1
401
1 36 1
403
1 25 1
405
1 29 1
408
1 22 1
413
1 13 1
420
1 24 1
425
1 9 1
429
1 31 1
432
1 26 1
434
1 34 1
444
1 25 2
447 450
1 27 1
451
1 29 1
453
1 26 1
454
1 23 1
455
1 9 1
457
1 40 1
460
1 17 1
461
1 33 1
464
1 25 1
470
1 20 1
471
1 16 1
473
1 13 1
474
1 37 1
477
1 28 1
494
1 31 1
498
1 23 1
499
1 29 1
505
1 20 1
508
1 15 1
510
1 33 1
511
1 25 1
518
1 17 2
519 678
1 10 1
522
1 12 1
524
1 29 1
525
1 28 1
533
1 31 1
535
1 33 1
537
1 33 1
538
1 9 1
542
1 19 1
543
1 39 1
547
1 25 1
549
1 29 2
550 655
1 27 1
553
1 13 1
559
1 19 1
561
1 18 1
562
1 17 1
565
1 40 1
567
1 22 1
568
1 40 1
575
1 16 1
581
1 10 1
583
1 35 1
590
1 21 1
591
1 39 1
597
1 32 1
603
1 5 1
612
1 32 1
624
1 24 1
625
1 15 1
627
1 32 1
630
1 27 1
635
1 24 1
640
1 29 1
641
1 22 1
643
1 28 1
646
1 6 1
648
1 16 1
651
1 19 1
653
1 25 1
654
1 17 1
657
1 16 1
662
1 16 1
666
1 12 1
667
1 26 1
668
1 7 1
669
1 18 1
670
1 30 1
671
1 8 1
672
1 34 1
680
1 19 1
682
1 30 1
683
1 31 1
685
1 38 1
686
1 11 1
691
1 32 1
693
