1000 334 1550 18
27 30 28 4 6 19 18 1 20 20 12 14 9 7 3 22 25 7 15 1 23 9 14 27 15 28 16 26 16 11 5 12 4 17 5 13 5 14 28 9 7 27 15 20 5 25 23 1 4 5 27 15 12 23 2 25 29 1 28 15 3 28 30 9 19 21 18 8 11 16 25 10 19 14 30 4 6 9 7 25 20 5 16 24 13 18 30 7 10 11 23 18 2 18 1 21 23 16 8 30 5 16 14 30 18 28 3 4 18 20 13 29 18 3 29 2 19 4 28 25 29 14 12 25 10 17 3 20 11 21 3 2 21 17 18 10 18 6 7 6 5 22 28 20 6 10 25 5 21 11 5 8 25 20 17 11 10 14 18 18 21 20 1 4 6 25 18 14 22 22 27 26 1 19 30 6 28 10 7 8 12 14 5 18 30 9 8 8 12 14 4 29 7 2 5 27 3 13 19 5 1 9 5 17 4 7 21 16 1 29 10 2 2 7 6 19 9 3 5 8 15 11 11 7 14 3 24 4 22 24 9 5 7 26 25 4 5 6 17 27 3 1 3 5 3 5 15 28 12 26 19 19 21 15 17 25 5 20 4 5 28 20 12 21 17 28 16 1 7 17 21 26 22 10 9 29 3 6 12 17 16 7 27 25 18 15 1 9 22 12 15 10 24 29 15 26 7 18 11 22 25 30 12 8 13 2 21 24 10 21 16 20 19 18 18 13 26 18 6 27 26 21 4 25 17 6 4 24 5 25 14 23 30 24 17 19 2 10 28 3 24 5 22 5 16 17 10 3 8 4 8 2 29 20 2 16 7 25 23 23 15 1 6 16 29 4 7 12 22 6 2 5 13 14 3 1 15 2 2 21 29 9 13 24 26 22 24 25 2 18 4 5 2 26 3 19 14 29 26 25 13 12 30 10 20 30 13 22 2 19 12 22 5 19 27 27 26 6 29 1 14 4 24 18 2 20 22 15 11 3 1 19 20 5 27 16 4 29 2 9 7 14 4 30 25 1 9 16 25 5 25 8 17 25 15 26 5 21 18 20 27 7 15 3 5 9 24 10 17 16 3 21 9 21 11 27 6 24 12 22 15 22 22 26 12 15 5 15 3 16 15 26 13 6 24 15 5 1 12 21 25 19 22 5 27 27 20 25 28 19 27 27 1 16 4 11 12 2 5 9 11 28 28 15 14 28 19 13 20 23 27 28 2 10 2 25 4 1 22 29 1 14 24 24 26 15 3 12 15 6 3 16 18 11 11 2 23 7 13 22 3 27 28 11 28 5 23 7 26 12 25 4 17 17 20 17 13 2 20 3 18 7 6 17 4 21 15 5 9 2 16 11 16 25 24 20 25 6 30 5 9 23 22 15 9 27 8 5 8 17 1 3 21 11 5 26 4 30 21 13 4 6 9 21 19 15 29 1 7 9 7 7 2 10 29 14 29 20 21 15 10 5 3 21 10 27 27 15 21 7 27 6 4 7 11 23 11 15 1 29 17 21 19 11 20 28 15 8 28 10 28 16 17 18 18 6 18 9 24 23 29 15 8 18 29 24 6 14 6 22 5 19 23 14 1 27 17 7 9 4 13 22 29 13 29 7 14 14 8 17 3 6 2 15 9 24 27 30 15 24 29 20 10 22 19 29 9 19 16 8 17 4 27 22 8 11 14 5 10 10 16 17 13 30 2 23 11 16 28 6 19 18 10 1 6 10 3 7 29 20 9 18 13 11 20 7 30 12 3 26 1 25 11 9 18 4 12 3 19 19 22 18 18 21 21 15 12 29 9 6 5 16 1 4 10 3 18 20 21 16 14 17 24 6 30 5 13 22 23 28 13 22 12 15 28 8 16 18 21 7 13 16 3 29 12 8 7 14 26 16 11 28 23 16 22 20 12 11 4 6 23 12 20 25 8 21 3 20 28 2 25 6 3 3 15 25 1 9 6 17 5 15 9 28 1 15 20 11 7 30 18 16 4 12 20 28 20 20 14 20 12 25 10 21 16 23 15 20 3 21 19 28 4 5 11 6 25 29 16 22 5 17 9 28 29 30 9 14 3 23 16 7 9 7 11 30 23 10 11 27 15 27 8 9 11 17 15 19 11 23 15 29 30 17 22 16 5 12 6 24 26 24 22 2 25 17 2 9 15 7 27 13 20 8 13 27 10 20 18 8 20 16 14 1 17 8 19 14 17 23 26 5 4 9 26 16 13 13 7 23 19 26 28 25 9 25 21 16 12 25 12 21 28 12 1 5 24 12 16 26
11 13 23 9 27 30 13 6 19 11 9 26 14 21 14 7 6 12 21 24 4 2 13 18 21 12 10 10 10 23 23 1 12 1 13 5 28 14 16 14 17 12 18 6 18 10 14 28 5 25 29 26 21 1 27 27 2 8 17 27 23 29 13 23 9 4 15 18 21 4 22 17 24 8 16 22 8 24 28 2 18 17 25 16 11 18 28 3 29 10 24 27 20 6 27 13 23 1 2 15 3 1 28 8 11 24 8 8 20 24 3 22 13 24 16 13 5 20 18 30 16 26 21 1 18 14 27 26 1 13 25 2 17 20 17 20 29 18 1 7 15 24 25 27 26 1 29 17 7 19 19 12 7 14 4 23 8 9 23 16 17 3 22 11 1 29 24 1 1 15 20 13 30 24 26 2 26 10 12 25 13 2 18 23 17 12 11 12 24 28 18 24 7 1 16 18 16 6 15 5 3 10 17 20 28 23 12 19 16 30 8 13 29 6 11 15 27 21 2 29 11 2 16 28 29 8 24 9 15 14 6 19 30 12 27 22 23 23 1 12 8 17 10 20 13 15 14 6 3 2 25 3 24 27 30 5 13 23 20 21 12 17 26 28 15 6 17 3 21 27 5 2 15 10 6 13 24 26 2 6 22 24 3 5 16 22 27 20 10 4 5 22 16 4 27 23 14 8 1 8 17 19 19 8 23 9 19 7 18 19 17 14 16 25 23 4 7 13 16 6 6 28 28 17 13 18 9 20 1 23 6 19 22 10 19 20 5 14 14 28 12 7 5 23 17 10 21 9 21 9 1 20 17 30 18 24 13 11 4 23 10 25 9 9 28 18 6 29 18 4 13 18 3 19 29 8 4 10 3 1 14 27 16 1 21 29 30 18 29 25 20 14 20 4 16 3 26 23 26 7 19 28 20 16 12 7 28 4 16 1 11 30 5 4 3 25 22 12 18 27 23 8 26 9 15 3 10 23 10 13 26 20 27 29 27 9 15 9 3 13 16 18 3 16 5 21 19 27 12 3 7 9 16 6 25 24 19 26 18 15 15 6 5 29 17 7 18 2 18 5 5 19 14 1 27 12 1 14 17 10 14 11 2 12 25 23 21 19 26 12 26 26 16 19 14 6 17 28 10 24 29 7 24 25 28 15 24 24 12 15 17 13 2 13 6 1 30 25 8 17 3 17 13 21 23 1 17 29 17 1 2 19 24 28 28 25 27 6 19 29 26 23 20 20 12 16 29 20 8 29 20 20 4 14 1 7 7 1 27 26 16 28 30 24 3 5 23 6 10 24 18 26 22 8 11 22 4 19 7 14 17 26 20 25 20 27 9 7 7 29 15 12 23 23 20 5 26 6 15 1 29 4 11 23 19 13 5 22 1 23 13 21 12 17 25 17 11 1 13 27 20 19 13 11 20 16 7 6 14 6 22 9 18 3 28 26 4 19 24 8 11 5 18 28 29 3 12 30 6 29 9 10 23 29 18 26 17 22 11 6 27 19 10 12 25 2 7 23 12 19 14 6 18 14 25 3 20 21 29 18 4 6 3 24 23 7 30 5 14 27 10 15 9 6 6 3 26 20 17 11 3 30 23 2 17 11 8 15 26 10 17 23 6 4 19 30 9 10 21 17 7 27 19 16 10 27 10 18 23 9 30 24 13 9 21 10 1 13 26 25 10 9 4 15 27 12 30 26 8 26 14 6 20 10 12 3 5 10 18 17 25 26 1 13 12 23 21 19 1 26 2 1 9 24 2 8 2 30 22 16 26 22 4 11 7 25 27 16 1 12 1 15 5 29 3 1 25 26 29 2 30 7 25 5 26 12 20 5 18 26 4 3 29 3 8 16 10 27 10 21 3 6 1 5 4 12 17 3 19 20 15 4 2 5 11 6 26 16 29 12 30 3 8 22 18 15 17 14 8 13 3 20 13 17 9 11 10 11 12 4 20 22 14 8 10 1 18 11 23 15 21 21 28 11 4 21 9 26 1 17 24 10 9 25 12 29 22 1 26 29 4 29 16 10 2 29 17 13 21 17 17 19 27 21 29 9 28 4 26 9 6 9 7 12 28 12 28 4 17 7 21 22 14 26 28 21 21 18 16 18 11 22 24 7 3 11 30 16 6 21 11 25 1 4 13 8 21 2 25 28 8 9 20 19 21 28 29 20 14 11 11 7 3 20 24 4 19 22 1 12 23 6 17 7 14 12 30 5 4 26 4 11 18 4 29 30 21 18 17 11 21 28 30 8 15 28 27 12 12 3
0 3 30
139 706 396 876 318 292 64 667 86 909 889 173 882 8 429 789 611 710 76 203 230 484 905 260 566 466 843 218 929 360
0 11 23
221 893 717 862 840 992 829 38 161 546 790 167 856 357 430 133 766 204 981 85 45 44 460
0 4 15
643 251 235 842 956 483 659 420 239 963 435 695 784 966 263
0 10 7
171 988 202 850 148 473 348
0 9 19
449 776 154 607 321 324 973 245 786 448 52 121 949 990 252 612 386 813 972
0 13 15
818 631 672 689 954 555 890 715 457 515 568 333 372 662 514
0 7 26
399 69 629 138 919 475 241 102 294 193 809 433 811 79 601 279 211 543 591 910 81 285 707 847 696 257
0 4 3
749 371 526
0 18 27
481 137 361 53 839 350 544 692 503 23 49 723 231 924 916 877 680 755 502 564 950 997 365 100 673 349 174
0 17 16
172 13 487 478 47 679 168 523 675 767 183 552 815 595 329 410
0 11 8
445 34 604 105 833 246 888 516
0 7 29
233 912 915 960 830 911 560 394 210 414 10 237 921 653 872 40 494 763 504 51 83 217 986 918 94 378 66 135 690
0 9 7
268 418 423 991 36 212 753
0 11 24
937 432 531 927 176 624 685 724 490 738 346 652 385 419 610 729 280 625 88 824 61 578 107 638
0 15 1
273
0 17 8
822 538 469 632 881 795 618 860
0 2 23
112 575 293 633 140 415 979 768 21 480 25 392 341 562 521 886 668 505 95 557 816 310 971
0 13 14
276 130 670 271 129 834 330 219 651 194 479 542 702 82
0 15 18
114 240 413 567 303 703 899 249 665 762 142 642 743 234 136 804 352 9
0 6 3
63 256 33
0 12 8
474 545 968 439 421 501 821 635
0 8 2
464 945
0 20 5
205 841 940 123 691
0 3 29
463 206 614 436 416 592 459 846 967 553 471 156 103 141 536 355 576 961 904 926 200 655 115 646 236 344 835 934 308
0 17 20
525 565 145 751 719 304 582 947 0 547 654 223 747 220 720 656 669 177 427 589
0 11 4
207 870 166 351
0 18 17
134 831 117 299 681 930 931 486 853 757 159 539 456 28 406 382 836
0 11 30
644 948 622 16 254 358 126 26 93 851 187 152 5 682 957 178 58 462 666 522 369 57 39 288 619 191 111 533 87 577
0 14 24
317 287 65 119 819 477 626 534 291 796 238 736 864 867 989 794 978 46 144 497 863 73 848 590
0 19 29
275 639 242 506 996 68 62 56 179 754 602 4 586 2 434 594 482 694 897 302 985 650 732 647 974 925 431 711 18
0 7 20
401 878 958 375 259 496 998 315 98 327 923 301 500 579 488 528 408 157 70 756
0 16 33
866 24 709 290 149 581 837 782 17 548 334 182 901 108 687 678 558 109 272 939 450 113 908 791 12 994 354 750 146 671 628 880 326
0 11 17
196 952 337 852 676 827 470 879 402 783 600 492 345 306 983 72 849
0 16 4
844 518 895 891
0 4 16
197 388 621 120 232 31 383 374 760 366 764 77 442 465 535 277
0 14 16
472 944 510 407 362 550 356 741 15 737 20 165 507 426 320 805
1 12 2
1 942
1 23 1
3
1 15 1
6
1 30 1
7
1 25 3
11 561 599
1 16 2
14 554
1 14 1
19
1 18 1
22
1 14 1
27
1 20 1
29
1 24 3
30 742 920
1 14 2
32 744
1 8 2
35 75
1 22 1
37
1 13 2
41 693
1 23 2
42 854
1 35 1
43
1 27 3
48 584 745
1 27 1
50
1 21 1
54
1 34 2
55 645
1 14 1
59
1 11 3
60 296 896
1 27 1
67
1 25 1
71
1 10 1
74
1 30 2
78 373
1 31 1
80
1 5 2
84 364
1 29 2
89 216
1 25 2
90 572
1 16 1
91
1 24 2
92 125
1 28 1
96
1 26 1
97
1 12 2
99 913
1 32 3
101 384 658
1 26 1
104
1 22 1
106
1 19 1
110
1 18 3
116 512 936
1 31 2
118 247
1 29 1
122
1 33 2
124 759
1 35 1
127
1 31 1
128
1 16 1
131
1 31 1
132
1 23 2
143 340
1 31 1
147
1 26 1
150
1 14 2
151 444
1 14 2
153 771
1 19 2
155 164
1 24 2
158 883
1 31 1
160
1 34 2
162 323
1 20 2
163 970
1 21 2
169 701
1 22 1
170
1 23 1
175
1 25 1
180
1 17 1
181
1 20 2
184 761
1 16 2
185 282
1 24 4
186 253 807 982
1 27 1
188
1 28 2
189 787
1 18 1
190
1 26 1
192
1 22 1
195
1 21 2
198 289
1 33 4
199 779 801 859
1 22 1
201
1 15 3
208 700 704
1 22 1
209
1 20 2
213 871
1 24 1
214
1 32 1
215
1 14 2
222 657
1 25 1
224
1 27 1
225
1 18 3
226 298 559
1 25 2
227 284
1 19 1
228
1 21 2
229 447
1 24 1
243
1 23 2
244 319
1 18 1
248
1 17 2
250 255
1 21 1
258
1 7 3
261 353 376
1 13 1
262
1 12 1
264
1 11 2
265 770
1 32 1
266
1 20 2
267 802
1 18 1
269
1 17 2
270 300
1 13 2
274 674
1 18 3
278 422 964
1 29 2
281 898
1 32 1
283
1 10 1
286
1 28 1
295
1 17 3
297 367 663
1 32 1
305
1 6 1
307
1 26 1
309
1 15 1
311
1 39 1
312
1 19 1
313
1 15 1
314
1 18 1
316
1 17 1
322
1 28 1
325
1 20 2
328 395
1 29 2
331 403
1 18 2
332 739
1 19 1
335
1 23 3
336 938 975
1 19 1
338
1 20 1
339
1 31 1
342
1 13 2
343 746
1 31 1
347
1 30 2
359 387
1 9 2
363 705
1 22 1
368
1 10 1
370
1 35 1
377
1 33 1
379
1 28 1
380
1 23 1
381
1 20 2
389 630
1 21 1
390
1 29 2
391 660
1 34 2
393 987
1 34 2
397 697
1 21 1
398
1 20 3
400 609 649
1 21 2
404 855
1 30 1
405
1 32 1
409
1 13 3
411 728 953
1 24 1
412
1 18 1
417
1 21 1
424
1 12 2
425 641
1 20 1
428
1 17 1
437
1 14 1
438
1 24 1
440
1 11 1
441
1 15 1
443
1 21 1
446
1 25 1
451
1 25 1
452
1 33 1
453
1 24 1
454
1 13 2
455 748
1 25 1
458
1 23 2
461 713
1 21 1
467
1 24 1
468
1 25 1
476
1 5 1
485
1 18 1
489
1 37 4
491 902 946 965
1 27 1
493
1 19 2
495 661
1 21 2
498 810
1 22 1
499
1 31 1
508
1 23 1
509
1 26 1
511
1 29 2
513 980
1 13 1
517
1 26 1
519
1 18 1
520
1 22 1
524
1 22 1
527
1 24 1
529
1 33 1
530
1 35 1
532
1 20 3
537 887 903
1 20 1
540
1 29 2
541 892
1 26 2
549 712
1 15 1
551
1 22 1
556
1 36 2
563 792
1 31 2
569 722
1 27 1
570
1 24 2
571 826
1 16 1
573
1 18 1
574
1 24 1
580
1 28 1
583
1 17 1
585
1 29 1
587
1 15 1
588
1 23 2
593 648
1 8 1
596
1 25 1
597
1 6 1
598
1 29 1
603
1 20 1
605
1 32 1
606
1 22 1
608
1 33 1
613
1 34 1
615
1 22 1
616
1 18 1
617
1 13 1
620
1 21 1
623
1 18 1
627
1 24 1
634
1 13 1
636
1 21 1
637
1 33 1
640
1 20 2
664 772
1 22 2
677 869
1 34 1
683
1 29 1
684
1 36 1
686
1 27 1
688
1 15 2
698 734
1 28 1
699
1 20 1
708
1 15 1
714
1 10 1
716
1 29 2
718 885
1 13 1
721
1 20 1
725
1 28 1
726
1 17 2
727 820
1 27 1
730
1 18 1
731
1 26 1
733
1 15 1
735
1 22 1
740
1 18 1
752
1 23 2
758 774
1 16 2
765 775
1 31 1
769
1 27 3
773 900 932
1 20 1
777
1 16 2
778 976
1 28 1
780
1 29 1
781
1 30 1
785
1 21 1
788
1 27 1
793
1 30 1
797
1 24 1
798
1 14 1
799
1 26 1
800
1 36 1
803
1 17 1
806
1 11 2
808 874
1 27 1
812
1 7 1
814
1 25 1
817
1 20 1
823
1 19 1
825
1 14 1
828
1 28 1
832
1 15 1
838
1 21 1
845
1 22 1
857
1 30 1
858
1 38 1
861
1 30 1
865
1 20 1
868
1 22 1
873
1 30 1
875
1 24 1
884
1 7 1
894
1 24 1
906
1 23 1
907
1 23 1
914
1 20 2
917 959
1 31 1
922
1 25 1
928
1 26 1
933
1 9 1
935
1 16 1
941
1 28 1
943
1 30 1
951
1 28 1
955
1 29 1
962
1 37 1
969
1 35 1
977
1 18 1
984
1 36 1
993
1 24 1
995
1 22 1
999
