500 210 775 20
23 23 4 26 5 9 29 21 4 11 9 14 27 14 25 2 16 20 7 4 9 21 18 22 21 4 3 28 22 22 22 2 24 28 19 13 28 20 8 12 3 21 17 5 30 14 26 12 9 13 29 26 6 12 8 20 7 16 8 2 6 27 27 2 18 22 21 22 27 13 15 6 2 19 8 26 21 6 30 24 25 10 7 9 16 30 2 27 2 7 13 25 12 15 26 24 5 15 8 14 2 24 28 25 11 17 27 5 25 27 4 2 30 26 13 23 27 25 22 6 6 29 1 28 28 8 28 30 23 3 9 16 27 5 14 9 7 13 26 15 28 10 23 8 10 7 4 14 30 13 16 2 13 8 27 30 6 15 7 6 7 7 9 2 24 21 15 22 8 7 23 18 17 6 2 23 11 3 23 18 12 22 12 26 29 9 22 19 17 6 8 22 30 10 27 21 22 25 7 9 17 14 3 12 25 16 3 8 12 29 27 28 14 8 24 4 8 25 30 5 17 23 11 12 3 23 26 15 29 24 6 1 14 30 20 16 13 21 15 16 11 2 3 5 29 30 6 8 6 7 17 27 21 28 18 15 3 13 15 29 11 10 2 15 17 1 15 13 5 3 29 16 22 18 2 14 28 19 27 20 20 13 14 15 11 1 19 21 18 21 5 17 26 14 6 13 28 13 18 10 22 1 10 20 14 4 25 15 21 4 25 23 20 16 29 10 12 5 8 28 4 28 2 17 30 26 9 26 25 7 30 22 12 20 23 14 4 24 21 9 29 11 18 2 21 3 17 19 5 18 7 19 1 10 15 9 8 19 27 7 29 17 7 11 20 10 25 21 30 12 23 16 3 15 30 16 14 23 6 28 23 30 26 27 2 4 14 27 23 8 5 18 29 18 26 28 25 27 2 17 1 16 30 18 19 6 30 17 6 9 1 22 4 9 27 7 10 8 28 5 23 16 11 23 2 29 23 24 26 5 1 26 7 8 13 15 20 11 9 5 20 16 25 24 3 23 7 27 29 29 27 18 8 30 1 16 12 14 12 6 26 19 7 11 7 18 28 2 30 7 8 20 7 28 20 19 18 5 9 28 15 20 9 8 10 30 3 17 26 16 30 29 11 3 12 15 16 12 20 22
2 10 27 15 22 7 28 5 22 19 19 27 23 6 30 26 6 1 1 27 26 2 7 23 30 2 30 4 11 23 10 30 4 22 12 19 3 27 2 13 23 2 11 9 1 10 1 26 29 23 10 11 23 10 9 5 5 25 16 23 9 1 21 15 2 18 12 16 10 25 12 16 13 13 8 5 25 28 19 17 29 2 28 15 19 30 23 22 10 16 23 30 11 27 12 2 4 2 24 3 22 27 13 12 5 29 11 20 1 24 26 17 3 19 29 30 30 9 7 21 24 2 3 18 27 27 22 18 26 16 5 8 9 6 30 5 5 10 16 17 18 10 9 21 1 16 17 22 17 25 9 16 18 12 13 20 10 25 19 23 17 1 28 5 27 19 25 5 18 29 3 1 5 8 29 15 25 20 28 5 21 25 6 19 7 15 4 8 17 18 7 7 12 7 5 18 12 3 30 22 25 17 26 9 10 7 18 20 15 19 23 19 27 20 29 4 7 17 23 27 22 9 30 10 12 1 4 2 13 30 6 30 7 27 21 15 27 10 30 21 21 24 5 29 14 11 23 20 1 12 10 24 1 24 28 30 18 17 9 1 20 23 12 3 29 21 5 19 24 24 14 28 24 7 1 13 29 6 5 18 22 28 13 20 27 10 26 4 2 29 13 7 19 11 22 23 8 1 11 17 13 29 21 10 7 3 12 19 15 16 23 7 12 22 1 27 24 8 20 19 13 20 18 23 27 9 10 11 30 5 4 25 3 23 12 4 23 13 19 21 4 16 25 30 10 12 6 30 16 30 19 1 24 15 4 9 7 16 8 22 23 1 14 3 6 6 27 10 30 24 1 10 26 8 16 23 4 6 1 9 29 9 16 24 5 21 30 28 21 1 5 21 24 18 13 5 8 28 18 16 8 25 19 20 4 4 5 1 15 24 23 17 10 22 25 29 10 11 24 9 2 5 2 5 10 21 17 1 18 7 12 3 25 12 5 19 30 9 20 9 7 27 4 22 28 11 17 24 25 16 17 26 28 27 1 7 25 2 15 5 20 25 4 5 25 10 25 3 24 9 8 27 21 7 17 21 13 26 26 1 20 3 18 27 13 5 10 4 4 12 11 7 23 16 20 29 17 21 26 17
0 5 13
402 405 368 428 429 82 148 342 104 100 153 58 57
0 12 9
212 108 55 363 83 121 195 296 280
0 8 7
268 485 371 174 4 228 369
0 12 12
189 374 65 270 234 169 246 36 33 213 362 453
0 15 13
366 484 488 182 376 340 197 433 359 281 480 59 358
0 12 7
299 178 173 298 231 386 486
0 17 3
431 284 53
0 14 2
422 116
0 15 4
473 2 295 312
0 14 6
306 62 313 43 400 211
0 10 18
105 275 225 332 350 146 66 210 395 91 216 315 440 160 355 344 181 163
0 9 15
30 35 252 50 487 379 471 206 397 331 97 305 47 152 336
0 11 5
341 198 171 318 445
0 9 2
263 258
0 7 11
320 215 396 262 444 435 461 202 458 220 149
0 16 5
354 322 214 289 426
0 18 3
112 221 81
0 12 9
123 23 223 165 120 326 1 15 349
0 12 8
200 131 324 293 403 257 384 159
0 12 3
493 419 466
0 8 13
494 410 452 367 139 448 333 136 449 279 454 381 361
0 2 16
421 24 245 38 327 168 227 269 64 383 446 98 52 319 48 140
0 11 1
266
0 11 5
356 68 14 497 49
0 16 2
469 346
0 18 5
323 460 144 390 276
0 8 13
12 127 122 250 489 125 126 235 118 80 248 339 283
0 8 9
470 106 417 79 119 164 172 404 491
0 8 3
244 382 72
0 16 15
411 475 31 134 472 476 166 44 413 77 73 186 468 360 278
0 6 8
8 378 184 161 343 439 285 380
0 14 13
427 229 462 226 155 135 351 222 459 286 191 447 372
0 4 5
290 401 434 274 253
0 4 2
481 478
0 16 3
93 317 282
0 7 13
193 109 218 483 205 185 6 170 162 308 301 304 259
0 16 10
264 256 37 75 96 26 187 287 76 353
1 8 2
0 490
1 27 1
3
1 14 2
5 291
1 13 1
7
1 25 1
9
1 32 1
10
1 26 1
11
1 28 1
13
1 24 1
16
1 29 1
17
1 20 1
18
1 14 1
19
1 12 1
20
1 16 1
21
1 26 2
22 479
1 24 1
25
1 10 3
27 113 436
1 16 1
28
1 24 1
29
1 23 1
32
1 32 1
34
1 21 1
39
1 21 1
40
1 24 1
41
1 22 1
42
1 23 2
45 196
1 16 2
46 145
1 15 1
51
1 21 1
54
1 28 1
56
1 15 1
60
1 16 2
61 407
1 24 1
63
1 26 2
67 303
1 27 1
69
1 23 1
70
1 34 1
71
1 24 3
74 288 463
1 27 2
78 391
1 27 1
84
1 21 1
85
1 21 2
86 180
1 16 1
87
1 20 1
88
1 24 1
89
1 23 1
90
1 17 2
92 392
1 26 2
94 151
1 24 1
95
1 28 2
99 451
1 23 1
101
1 20 2
102 143
1 20 1
103
1 14 2
107 240
1 33 1
110
1 28 1
111
1 25 1
114
1 18 2
115 237
1 19 1
117
1 18 2
124 137
1 15 1
128
1 12 1
129
1 28 1
130
1 23 1
132
1 25 1
133
1 23 2
138 254
1 30 2
141 393
1 17 1
142
1 11 1
147
1 26 2
150 239
1 17 2
154 175
1 32 1
156
1 32 2
157 311
1 30 1
158
1 11 1
167
1 23 2
176 441
1 21 2
177 233
1 28 1
179
1 30 1
183
1 32 1
188
1 17 1
190
1 28 1
192
1 31 2
194 271
1 30 1
199
1 29 1
201
1 12 1
203
1 18 1
204
1 20 1
207
1 26 1
208
1 29 1
209
1 26 1
217
1 19 1
219
1 21 1
224
1 34 1
230
1 23 1
232
1 24 1
236
1 11 2
238 415
1 12 1
241
1 20 1
242
1 24 1
243
1 17 1
247
1 24 2
249 357
1 23 1
251
1 21 1
255
1 14 1
260
1 11 1
261
1 25 1
265
1 20 1
267
1 20 2
272 310
1 24 1
273
1 22 2
277 432
1 23 1
292
1 31 1
294
1 24 1
297
1 23 2
300 492
1 26 1
302
1 22 1
307
1 18 1
309
1 23 1
314
1 20 1
316
1 23 1
321
1 19 1
325
1 27 1
328
1 20 1
329
1 18 1
330
1 19 1
334
1 28 1
335
1 18 2
337 352
1 24 1
338
1 15 1
345
1 12 1
347
1 20 1
348
1 19 1
364
1 30 1
365
1 6 2
370 389
1 28 1
373
1 20 1
375
1 24 1
377
1 27 1
385
1 10 1
387
1 20 1
388
1 30 1
394
1 32 1
398
1 31 1
399
1 14 1
406
1 19 2
408 430
1 18 1
409
1 28 1
412
1 31 1
414
1 27 1
416
1 20 1
418
1 29 1
420
1 18 1
423
1 20 1
424
1 24 1
425
1 14 1
437
1 26 1
438
1 22 1
442
1 29 1
443
1 27 1
450
1 25 1
455
1 23 1
456
1 33 1
457
1 20 1
464
1 23 1
465
1 23 1
467
1 20 1
474
1 9 1
477
1 19 1
482
1 30 1
495
1 22 1
496
1 20 1
498
1 17 1
499
