1000 310 1550 18
4 11 23 14 16 24 19 2 25 5 20 4 1 17 28 14 11 24 15 14 16 21 1 4 24 23 15 1 25 12 13 25 17 6 8 17 11 3 7 5 26 14 16 24 2 21 25 5 3 29 6 18 17 21 20 1 4 8 30 18 5 21 13 28 16 1 20 4 13 17 26 11 24 21 10 15 27 11 17 16 3 16 30 21 17 3 30 12 12 26 18 5 2 13 26 30 15 25 14 24 3 28 5 16 19 14 11 3 7 20 13 28 1 18 18 17 11 27 25 30 24 2 3 3 30 25 14 5 26 16 26 18 5 29 7 4 25 19 19 6 5 11 22 23 12 27 15 23 30 18 2 7 8 6 14 20 20 6 14 3 9 30 23 9 12 7 4 12 8 23 21 14 14 7 30 23 14 24 15 25 21 11 9 9 21 19 9 15 15 28 27 17 6 30 24 10 21 11 25 18 7 25 25 1 24 13 6 12 10 18 12 19 29 24 16 24 25 21 25 12 6 16 20 30 24 17 18 8 22 14 8 20 15 29 17 12 21 19 28 12 23 6 12 14 3 24 14 18 6 18 18 3 23 24 9 25 23 13 17 22 19 4 11 21 23 8 8 30 14 24 9 24 6 22 2 29 26 7 20 25 24 2 30 8 29 13 14 11 23 6 19 22 18 28 16 3 14 3 30 7 4 16 17 24 5 22 8 17 9 10 25 7 19 27 16 28 13 30 5 26 22 2 6 20 28 12 30 26 20 29 6 2 27 9 11 17 20 26 3 13 11 12 23 15 14 17 7 5 2 25 6 1 6 12 25 3 18 22 30 17 11 20 18 21 8 8 29 29 23 10 14 14 29 8 11 24 5 4 10 17 11 8 3 25 23 23 10 18 16 1 17 2 9 27 17 14 29 1 21 26 21 20 21 6 5 4 9 24 29 18 13 13 14 14 25 3 6 10 15 3 13 5 5 13 19 29 28 26 21 1 17 23 21 30 30 22 26 7 16 13 17 3 19 24 28 10 12 2 12 21 28 21 15 24 8 20 1 25 19 19 7 19 22 2 29 3 28 28 7 11 11 12 28 29 29 18 29 15 5 9 8 29 1 30 1 19 12 15 22 9 2 28 26 20 20 15 12 22 7 22 29 8 11 29 18 8 29 23 19 27 2 29 10 25 27 6 27 27 17 17 8 24 2 9 27 1 21 1 9 28 23 29 8 5 2 19 21 3 1 20 17 20 3 22 12 15 25 23 1 5 21 6 27 16 8 27 16 2 14 24 2 10 23 22 30 29 18 6 22 18 21 26 19 22 21 22 12 1 26 24 24 14 8 21 17 21 21 3 29 7 7 25 13 20 11 2 9 13 27 17 4 7 11 6 18 13 19 19 30 8 11 19 4 20 10 12 21 7 15 11 30 7 9 16 16 29 20 25 19 21 14 10 23 2 4 18 19 15 29 22 17 10 15 10 5 7 14 16 7 7 3 3 29 21 5 14 15 3 11 10 22 23 4 25 5 26 5 25 23 30 28 14 13 11 14 20 13 29 8 20 20 10 27 10 2 11 3 15 17 6 14 7 26 15 2 5 21 15 15 15 12 15 5 13 3 6 21 18 2 11 9 19 30 13 20 3 15 27 21 19 6 15 4 7 22 18 6 5 30 26 23 21 6 9 27 7 12 25 25 22 23 19 29 25 4 20 13 9 4 6 5 20 1 18 5 16 9 14 1 20 22 14 10 7 2 13 8 2 8 10 26 1 22 1 28 22 8 18 3 18 30 30 7 24 4 19 14 1 28 20 23 5 11 21 14 8 19 29 15 14 7 24 2 2 25 19 2 6 20 22 17 25 6 8 10 3 3 16 27 7 30 25 8 5 10 18 4 26 27 24 19 15 14 19 3 16 1 25 14 20 27 19 10 18 2 7 24 18 6 4 18 7 20 1 15 25 12 17 15 4 18 27 1 24 17 3 28 20 16 8 24 7 24 27 10 22 17 9 9 18 18 2 22 4 3 9 5 8 27 10 10 25 24 25 3 10 24 24 18 5 16 14 15 17 8 4 5 27 30 30 17 20 12 21 11 18 5 18 6 29 21 1 21 16 25 28 4 26 25 1 30 16 29 15 17 16 15 11 19 18 25 29 1 28 19 21 20 20 7 20 1 29 14 2 17 13 8 23 27 14 8 27 4 18 5 23 15 14 2 22 13 18 29 9 8 11 6 20 21 4 20 7 20 7 27 15 9 28 21 20 5 23 9 21 6 5 8 11 19 3
11 28 25 29 15 19 26 25 21 16 2 6 9 12 22 2 13 11 28 8 8 25 10 20 24 29 16 17 11 27 20 15 13 1 19 2 6 10 1 2 29 29 25 28 4 28 28 30 24 5 6 7 20 27 3 7 28 22 10 12 14 17 4 15 4 2 17 3 21 30 4 23 9 30 22 10 9 4 6 24 29 25 13 15 19 28 25 29 6 5 8 23 18 30 17 28 23 5 26 25 10 27 19 15 5 8 29 6 29 21 15 21 4 25 7 6 12 7 1 16 22 7 28 15 17 12 9 4 12 22 11 3 10 15 20 23 11 4 8 6 9 13 5 25 28 6 6 23 18 28 15 28 11 25 26 29 20 23 14 6 14 20 19 3 8 19 1 1 3 1 18 14 12 9 4 2 8 7 14 26 10 16 23 2 2 30 26 10 28 15 29 11 30 8 13 12 6 7 29 27 13 10 4 8 6 10 9 24 4 12 12 28 15 14 3 20 6 9 16 5 22 10 17 21 22 22 10 15 19 17 25 2 11 29 17 10 17 14 11 18 14 25 12 27 14 11 11 19 27 26 23 19 29 16 4 13 8 24 17 12 13 16 12 28 15 20 4 16 6 12 13 29 10 8 20 10 6 29 15 28 3 28 7 20 27 20 27 29 28 22 18 9 30 8 26 26 4 23 19 28 12 24 24 24 19 28 10 16 6 13 25 23 19 19 2 20 9 14 15 1 9 25 4 22 19 23 22 1 5 9 4 17 12 27 1 10 6 4 10 26 2 21 2 1 24 28 28 9 22 29 14 4 16 26 14 14 4 25 30 8 26 8 8 8 25 16 20 17 14 17 8 9 5 7 30 24 9 22 29 24 16 7 29 29 23 9 18 18 27 6 21 5 18 12 3 21 10 10 26 19 3 16 6 12 1 4 23 6 6 18 25 11 20 3 16 26 17 4 15 10 3 27 20 12 24 8 2 7 27 30 1 11 27 22 28 6 29 5 13 20 16 10 13 22 7 4 25 2 7 4 23 8 19 14 28 10 7 29 6 14 3 23 26 30 19 26 13 4 14 2 26 23 30 27 21 24 19 2 2 23 22 18 13 2 30 12 13 1 4 29 8 13 19 10 1 12 7 26 23 20 3 17 18 23 13 30 22 5 25 3 18 18 29 12 18 8 30 16 14 22 10 24 12 16 28 29 18 11 28 25 12 15 22 20 9 6 19 24 27 16 26 15 3 23 16 5 7 17 27 14 21 6 19 18 13 10 22 22 7 3 25 10 28 29 20 7 16 11 25 2 19 29 4 24 10 19 16 13 3 25 15 19 4 28 30 11 1 21 9 15 26 29 23 30 15 27 16 6 1 15 6 27 8 29 30 24 8 13 8 29 24 24 8 9 6 26 5 22 16 23 23 11 14 8 3 26 18 28 26 19 12 19 8 16 14 21 3 21 14 16 15 19 19 14 24 29 18 17 9 24 8 4 6 17 28 14 13 5 27 18 30 3 6 29 11 12 9 4 4 3 17 28 14 6 30 18 10 1 18 6 8 7 8 27 9 30 10 3 22 27 26 11 11 7 6 28 7 20 25 17 23 29 19 24 26 25 16 1 20 25 30 22 27 22 21 30 6 21 6 3 4 4 21 8 5 4 22 18 24 20 20 15 7 17 19 3 18 20 3 9 18 18 1 14 27 22 4 16 7 26 18 1 11 4 9 8 21 12 11 30 7 1 6 24 3 16 25 1 20 29 15 21 19 9 16 8 28 22 28 14 10 17 8 5 18 5 29 6 23 10 24 23 14 8 27 7 1 4 12 4 8 23 29 17 29 29 1 16 4 25 15 3 3 1 2 28 13 11 28 17 28 13 1 9 20 29 13 20 1 28 7 27 16 10 20 13 12 15 28 26 28 6 14 14 3 29 1 5 24 30 12 19 29 30 25 28 2 4 13 12 26 10 12 13 27 24 19 6 14 10 27 7 29 15 3 13 7 22 5 5 10 21 10 15 13 2 8 13 9 5 22 2 5 2 11 16 17 12 23 29 5 5 16 8 7 29 5 3 9 16 8 22 26 28 16 29 1 19 19 15 4 22 20 18 21 16 22 25 12 29 4 11 4 8 4 17 1 19 2 12 25 23 9 11 22 18 26 29 3 16 6 8 15 18 13 4 8 23 15 2 8 3 9 24 8 1 10 30 28 17 16 4 19 30 10 25 1 3 5 1 28 14 6 25 16 3 25 4 5 26 7 12 11 10 9 5 19 8 13 22
0 17 7
855 746 113 232 137 960 806
0 13 6
58 810 355 104 419 562
0 6 29
629 772 284 424 832 985 538 390 753 546 913 671 374 151 290 130 522 773 630 722 631 289 10 789 2 703 828 5 600
0 1 23
570 364 474 887 911 226 592 136 273 491 962 851 926 809 709 909 54 450 7 914 879 406 824
0 13 28
694 377 668 26 400 221 862 369 170 524 453 387 761 983 603 607 540 11 780 836 169 342 381 649 219 389 74 340
0 12 29
533 951 884 160 543 487 27 413 272 633 185 871 736 490 581 199 103 672 636 623 143 593 227 886 658 31 646 510 748
0 15 15
293 585 861 604 737 59 467 918 280 842 212 288 666 738 743
0 6 18
964 152 846 822 354 922 106 202 317 96 654 718 183 318 691 719 204 50
0 7 18
792 427 312 77 597 823 392 514 68 344 590 112 57 191 441 669 598 559
0 13 20
620 888 518 881 895 154 43 477 700 452 394 116 576 274 320 411 511 791 291 815
0 20 27
837 197 763 812 657 431 213 175 921 144 449 339 388 651 687 341 765 271 148 223 876 486 584 492 459 506 949
0 10 16
894 182 990 40 885 195 695 98 69 953 835 97 516 181 858 615
0 19 18
25 712 544 786 47 159 38 61 779 436 233 755 252 123 726 362 246 716
0 14 32
22 768 840 485 211 656 782 126 337 569 605 311 234 261 996 868 278 938 135 785 109 313 849 178 478 660 396 442 591 166 99 94
0 2 6
927 865 495 547 752 877
0 4 21
298 952 548 863 561 215 408 967 465 621 614 13 917 228 300 627 771 760 554 974 203
0 12 12
111 896 17 214 787 860 0 167 24 350 335 775
0 12 24
345 556 893 873 55 995 346 870 156 715 732 833 594 250 23 107 502 115 356 963 315 613 859 864
0 16 27
128 241 574 304 101 308 29 890 555 734 557 460 237 579 206 724 976 587 404 955 781 838 904 326 245 370 108
0 11 15
499 745 528 301 802 500 564 479 805 674 283 435 616 641 857
0 14 24
254 751 30 936 75 16 86 360 401 247 664 699 248 194 622 1 470 405 263 174 161 820 827 196
0 2 23
82 610 756 6 529 586 122 566 714 645 816 379 56 950 275 445 238 872 759 92 451 64 67
0 13 6
46 684 78 302 475 817
0 20 4
525 256 265 854
0 6 17
14 933 635 989 891 814 589 262 648 443 365 925 455 367 571 299 847
0 17 25
76 705 744 324 480 255 359 790 652 114 423 971 882 665 770 619 294 420 325 132 21 883 306 380 905
0 19 9
310 338 991 993 407 190 434 843 281
0 15 24
618 321 829 507 945 693 844 120 457 189 305 134 440 358 73 541 447 878 347 243 125 433 867 409
0 14 3
519 366 432
0 6 26
776 642 158 430 717 171 711 179 900 663 153 947 568 131 177 140 852 446 45 279 329 164 940 49 531 462
0 15 17
532 942 397 473 992 959 889 71 260 471 385 970 95 133 875 142 368
0 4 2
698 906
0 15 21
8 172 44 701 372 395 353 808 497 537 973 920 853 328 322 795 18 910 236 617 303
1 14 2
3 505
1 18 2
4 20
1 20 1
9
1 23 2
12 89
1 19 3
15 508 708
1 21 1
19
1 21 1
28
1 13 1
32
1 15 2
33 429
1 23 1
34
1 21 3
35 481 978
1 28 5
36 251 386 417 421
1 14 2
37 969
1 39 1
39
1 18 4
41 192 735 845
1 29 6
42 578 602 901 928 979
1 31 1
48
1 19 2
51 897
1 5 1
52
1 9 2
53 296
1 35 2
60 998
1 34 1
62
1 23 2
63 821
1 20 1
65
1 29 1
66
1 25 2
70 965
1 16 3
72 249 266
1 29 1
79
1 28 2
80 856
1 25 3
81 484 640
1 6 1
83
1 36 1
84
1 31 1
85
1 13 1
87
1 19 2
88 129
1 15 1
90
1 8 1
91
1 25 3
93 637 730
1 18 1
100
1 18 1
102
1 30 3
105 230 793
1 28 1
110
1 16 3
117 141 572
1 30 1
118
1 30 1
119
1 30 2
121 402
1 19 2
124 956
1 28 1
127
1 12 2
138 155
1 26 2
139 220
1 25 1
145
1 29 2
146 549
1 36 2
147 987
1 25 2
149 702
1 30 1
150
1 19 2
157 626
1 19 2
162 552
1 22 2
163 804
1 24 2
165 536
1 37 1
168
1 34 1
173
1 25 1
176
1 37 2
180 667
1 26 2
184 757
1 19 1
186
1 19 2
187 624
1 18 1
188
1 22 3
193 309 662
1 17 1
198
1 19 2
200 609
1 31 3
201 439 466
1 29 2
205 551
1 26 1
207
1 7 1
208
1 15 2
209 764
1 21 3
210 501 710
1 30 1
216
1 29 2
217 907
1 23 1
218
1 21 1
222
1 27 1
224
1 29 1
225
1 27 1
229
1 27 1
231
1 14 2
235 975
1 27 2
239 932
1 19 3
240 253 454
1 32 2
242 638
1 38 2
244 428
1 23 2
257 916
1 27 1
258
1 13 2
259 596
1 25 1
264
1 14 2
267 777
1 12 1
268
1 32 1
269
1 26 1
270
1 36 1
276
1 17 1
277
1 29 1
282
1 22 2
285 416
1 34 1
286
1 16 1
287
1 28 1
292
1 31 1
295
1 29 1
297
1 25 1
307
1 21 1
314
1 34 2
316 811
1 26 2
319 542
1 33 2
323 727
1 26 2
327 534
1 21 2
330 634
1 18 1
331
1 22 1
332
1 31 1
333
1 22 1
334
1 16 1
336
1 28 1
343
1 31 2
348 632
1 36 1
349
1 24 2
351 677
1 11 1
352
1 26 2
357 438
1 21 2
361 383
1 9 1
363
1 22 2
371 731
1 29 1
373
1 17 1
375
1 26 1
376
1 18 2
378 988
1 27 2
382 982
1 15 1
384
1 29 1
391
1 20 2
393 799
1 19 2
398 577
1 25 1
399
1 13 1
403
1 27 1
410
1 21 1
412
1 20 1
414
1 6 1
415
1 22 2
418 869
1 21 1
422
1 21 1
425
1 27 4
426 679 750 934
1 28 3
437 661 704
1 16 2
444 496
1 22 1
448
1 33 2
456 798
1 26 2
458 655
1 21 1
461
1 23 1
463
1 10 1
464
1 23 1
468
1 34 2
469 545
1 27 1
472
1 29 3
476 813 850
1 32 1
482
1 32 2
483 994
1 34 2
488 560
1 13 1
489
1 35 1
493
1 19 1
494
1 30 1
498
1 17 4
503 625 713 725
1 34 1
504
1 35 2
509 582
1 23 1
512
1 17 1
513
1 33 1
515
1 26 2
517 966
1 24 2
520 944
1 18 2
521 948
1 37 2
523 749
1 8 1
526
1 30 2
527 986
1 6 1
530
1 25 1
535
1 27 1
539
1 27 2
550 739
1 18 2
553 834
1 20 2
558 801
1 30 1
563
1 20 1
565
1 7 1
567
1 27 1
573
1 22 1
575
1 17 1
580
1 18 1
583
1 30 2
588 682
1 23 1
595
1 16 1
599
1 29 1
601
1 29 2
606 611
1 19 1
608
1 8 1
612
1 26 1
628
1 26 1
639
1 14 1
643
1 12 1
644
1 21 1
647
1 22 1
650
1 21 1
653
1 23 1
659
1 19 2
670 935
1 17 2
673 841
1 10 2
675 899
1 28 2
676 683
1 36 1
678
1 27 1
680
1 29 1
681
1 5 1
685
1 23 1
686
1 31 1
688
1 16 2
689 902
1 32 1
690
1 28 1
692
1 21 1
696
1 10 1
697
1 34 1
706
1 20 1
707
1 18 1
720
1 18 1
721
1 21 1
723
1 25 1
728
1 33 2
729 958
1 17 1
733
1 16 3
740 898 957
1 24 1
741
1 24 1
742
1 12 1
747
1 32 1
754
1 19 2
758 908
1 21 3
762 766 980
1 25 2
767 818
1 25 1
769
1 20 2
774 961
1 19 1
778
1 35 1
783
1 33 2
784 946
1 26 1
788
1 7 1
794
1 22 1
796
1 18 1
797
1 25 1
800
1 19 1
803
1 34 2
807 977
1 31 1
819
1 15 1
825
1 16 1
826
1 26 1
830
1 15 2
831 997
1 35 1
839
1 15 1
848
1 29 1
866
1 30 1
874
1 25 1
880
1 25 1
892
1 21 1
903
1 31 1
912
1 21 1
915
1 20 2
919 984
1 20 1
923
1 33 1
924
1 25 1
929
1 34 1
930
1 28 1
931
1 18 1
937
1 21 1
939
1 28 1
941
1 26 1
943
1 16 1
954
1 26 1
968
1 17 1
972
1 10 1
981
1 22 1
999
