700 270 1085 20
3 23 5 18 18 21 17 21 2 15 10 12 12 1 14 5 25 9 29 20 17 10 5 15 4 19 28 9 10 5 10 8 9 9 16 13 4 28 24 2 3 18 15 10 13 15 30 26 27 7 25 2 15 13 22 22 16 10 14 13 28 2 24 1 3 2 24 11 15 2 24 27 11 28 18 18 18 18 5 17 23 12 5 18 17 4 23 25 24 4 29 28 9 27 7 9 27 2 12 9 5 6 26 3 22 18 6 29 29 4 4 28 8 20 7 6 14 29 30 14 25 22 25 2 30 6 25 30 13 10 8 9 16 9 20 29 14 1 11 9 24 9 17 11 11 5 24 28 29 15 19 18 1 30 14 23 8 20 20 25 15 23 28 9 10 14 23 3 16 25 24 25 29 21 4 24 27 18 1 30 6 18 29 17 13 20 6 27 19 22 17 6 28 26 17 22 12 16 4 16 28 24 29 7 29 9 2 11 1 25 5 20 11 7 3 26 2 27 2 2 9 19 7 6 3 19 3 14 28 1 5 30 4 9 17 16 18 15 26 11 11 22 6 4 19 20 29 7 11 29 4 6 15 2 1 18 27 15 27 15 12 23 24 4 20 30 16 4 5 6 6 27 19 17 4 14 8 27 22 19 21 5 22 10 30 29 20 7 15 6 2 20 12 26 16 28 11 15 18 3 6 27 10 3 7 3 16 27 21 1 10 12 14 9 18 15 3 5 18 10 15 23 4 4 8 9 9 7 24 19 2 6 3 22 26 7 3 6 25 19 21 26 3 25 1 1 4 25 24 18 16 18 10 26 30 4 17 12 7 6 30 3 22 5 1 1 5 23 10 24 21 17 14 6 30 1 2 11 15 19 17 24 23 22 3 23 15 12 28 16 10 22 23 4 21 23 25 7 14 6 6 15 9 1 11 28 20 22 12 21 27 12 7 12 21 12 1 7 17 18 6 5 17 13 4 14 9 8 11 5 4 11 11 21 15 24 14 29 20 23 15 20 30 1 29 21 7 22 30 15 23 16 21 5 13 22 9 17 1 23 18 6 6 8 7 10 8 5 28 29 23 10 14 18 19 14 2 9 9 20 1 2 11 5 15 21 19 28 1 23 20 13 20 24 18 7 6 24 29 4 2 1 15 29 6 29 6 6 20 17 21 30 27 21 20 27 12 6 17 5 1 1 15 17 24 15 27 27 1 13 16 7 9 18 24 6 10 20 6 12 2 14 21 7 17 14 18 10 15 27 2 11 30 2 26 17 7 23 4 9 4 19 17 13 15 7 9 7 3 12 19 29 21 3 17 1 2 29 20 24 10 24 30 20 26 23 7 28 1 3 1 13 6 29 20 28 18 9 15 19 5 11 17 26 8 26 26 13 9 22 9 19 19 3 24 3 15 20 9 17 19 4 28 6 7 2 16 24 15 24 30 20 9 9 23 13 15 28 6 11 12 27 21 10 18 12 7 29 22 14 4 30 20 17 5 11 1 15 2 11 16 6 14 24 3 13 18 29 17 8 14 2 11 17 4 21 4 1 20 13 22 28 6 5 17 15 3 28 25 18 26 16 19 21 12 6 26 29 9 29
20 21 24 2 27 19 1 26 30 5 4 1 19 15 15 1 1 16 29 25 9 18 6 18 4 30 2 29 28 10 17 3 11 29 2 2 25 6 19 8 9 7 26 12 16 5 1 1 15 7 10 1 23 28 25 1 13 26 9 29 4 5 4 15 25 18 2 10 9 27 12 25 7 21 2 6 5 30 30 9 30 6 11 12 23 18 22 2 21 10 26 4 29 12 17 26 11 22 25 20 26 23 11 22 2 3 27 27 18 28 17 9 15 21 22 21 28 28 17 15 26 2 19 9 7 21 4 13 6 17 10 13 21 5 8 20 3 18 28 15 29 24 12 27 23 22 5 25 14 15 13 19 1 8 20 30 13 28 17 22 5 19 12 8 5 7 8 27 8 2 11 19 4 6 26 7 7 23 29 11 18 25 4 25 7 17 24 29 28 6 1 22 11 12 15 2 2 27 3 4 15 2 15 21 28 12 26 29 14 28 14 9 27 21 7 29 4 26 15 10 6 13 26 8 25 24 1 2 13 14 5 11 23 16 13 10 4 5 18 12 24 14 8 11 15 15 3 1 11 25 12 20 9 18 12 30 24 17 23 6 11 4 21 18 30 2 4 22 29 19 6 19 21 27 25 22 15 26 16 6 21 18 11 24 22 21 28 9 15 23 23 3 19 9 3 1 11 15 5 10 23 22 8 8 7 9 28 23 4 14 9 22 11 19 7 16 2 26 23 11 27 6 2 17 29 22 27 12 12 4 3 12 15 28 27 3 29 3 2 15 17 23 27 17 16 12 3 2 1 17 30 24 4 23 2 20 10 21 13 4 4 3 30 8 4 4 24 10 15 29 16 3 25 29 19 21 8 29 11 23 9 30 15 17 17 14 30 26 11 10 24 25 12 30 12 17 23 8 6 6 11 13 27 13 4 15 26 22 11 22 2 1 17 14 5 6 7 28 22 5 12 13 19 22 9 21 29 1 8 16 22 18 23 17 2 10 4 27 1 28 1 6 5 22 5 1 19 22 16 10 7 6 6 1 26 15 29 7 30 1 22 13 19 1 27 22 9 25 18 3 16 23 6 27 24 7 14 6 12 27 10 6 19 1 13 4 7 6 4 25 17 5 30 25 15 9 21 12 14 9 5 29 24 8 28 25 9 8 20 3 9 19 1 24 9 20 22 30 25 29 25 19 16 27 2 11 3 17 30 16 26 25 21 8 17 3 2 21 15 19 25 14 1 20 5 23 9 13 3 17 13 18 1 30 7 30 6 22 23 2 13 12 4 1 9 22 1 17 4 29 17 6 19 7 2 17 24 7 21 10 8 6 1 12 4 24 23 10 12 9 20 28 13 7 5 3 7 28 19 9 21 7 21 27 29 26 6 24 17 19 22 24 2 15 26 22 26 19 1 1 7 28 18 5 11 30 15 15 17 3 17 14 22 18 10 9 5 18 19 4 3 27 21 2 30 20 29 9 1 24 23 25 14 30 7 13 11 16 23 9 29 8 9 14 3 27 21 18 29 10 11 18 30 13 23 6 8 5 14 2 3 17 12 23 1 8 26 14 22 8 27 2 27 30 23 24 8 23 22 16
0 11 6
18 371 417 391 319 247
0 18 7
110 341 156 89 672 115 220
0 4 13
173 351 248 455 328 474 395 163 403 104 275 651 390
0 2 17
654 185 117 441 169 632 660 513 209 48 86 315 313 559 615 106 462
0 2 26
40 503 520 221 667 434 80 375 649 606 527 528 145 397 39 525 290 235 582 88 539 179 634 617 303 113
0 13 1
547
0 11 14
529 215 488 160 266 620 333 92 250 207 295 431 232 147
0 17 17
38 213 421 422 194 396 151 23 255 398 268 630 199 3 348 325 298
0 15 2
636 530
0 4 15
52 211 544 430 399 360 517 212 28 202 189 0 284 302 590
0 16 4
41 477 622 493
0 5 10
440 305 77 439 588 34 94 292 540 218
0 10 9
254 519 541 495 257 276 352 183 470
0 13 6
164 419 137 58 678 44
0 12 16
11 473 353 370 611 260 508 411 663 526 475 367 74 356 231 14
0 10 20
270 326 244 307 426 638 142 124 509 369 300 205 320 103 346 388 404 688 591 296
0 10 5
631 507 301 91 227
0 14 18
239 429 626 54 602 633 675 538 345 587 446 506 314 535 141 589 229 658
0 9 6
293 155 598 225 618 537
0 2 5
479 256 21 152 309
0 12 15
84 43 413 101 489 47 12 524 96 33 182 203 323 59 304
0 7 18
264 619 650 457 357 409 73 552 201 392 236 157 297 69 596 49 699 554
0 8 20
144 102 219 288 347 272 90 659 312 170 555 158 501 71 377 226 230 81 154 241
0 5 2
387 449
0 19 14
143 653 214 641 565 29 253 648 594 629 55 62 233 690
0 9 8
365 468 465 696 36 472 98 585
0 16 5
168 263 389 516 684
0 4 6
126 569 114 337 56 464
0 16 8
63 577 64 533 500 676 87 425
0 16 17
605 448 51 15 176 306 674 374 379 148 624 82 19 336 512 138 502
0 19 8
646 85 72 282 198 402 418 432
0 12 9
327 557 271 393 438 20 111 162 159
0 5 17
46 311 616 385 166 188 487 310 483 283 505 445 443 372 504 461 193
0 11 19
67 206 289 279 222 2 355 414 522 543 437 635 579 175 380 105 5 358 627
0 9 16
595 482 692 324 693 61 665 405 567 60 217 329 287 359 575 490
0 17 2
240 121
1 7 1
1
1 20 2
4 118
1 24 1
6
1 29 2
7 181
1 11 3
8 228 580
1 13 2
9 362
1 18 1
10
1 31 1
13
1 26 1
16
1 29 1
17
1 15 2
22 657
1 18 2
24 78
1 13 2
25 354
1 33 1
26
1 21 1
27
1 30 2
30 415
1 18 1
31
1 21 1
32
1 21 2
35 285
1 35 2
37 245
1 20 3
42 401 647
1 16 1
45
1 12 1
50
1 26 1
53
1 23 1
57
1 15 1
65
1 20 1
66
1 25 1
68
1 10 1
70
1 21 2
75 521
1 32 1
76
1 20 1
79
1 32 1
83
1 27 1
93
1 20 1
95
1 26 2
97 597
1 23 4
99 204 349 442
1 16 1
100
1 34 1
107
1 16 3
108 191 340
1 23 3
109 581 644
1 21 2
112 532
1 14 1
116
1 28 1
119
1 26 1
120
1 13 1
122
1 23 2
123 561
1 15 2
125 200
1 21 1
127
1 28 1
128
1 22 2
129 639
1 16 1
130
1 18 2
131 190
1 22 1
132
1 23 1
133
1 17 1
134
1 12 1
135
1 24 1
136
1 19 1
139
1 28 2
140 531
1 25 2
146 668
1 24 1
149
1 28 1
150
1 29 1
153
1 20 2
161 583
1 6 2
165 366
1 22 2
167 423
1 15 2
171 550
1 26 1
172
1 18 1
174
1 18 1
177
1 17 1
178
1 21 2
180 476
1 20 2
184 480
1 19 1
186
1 13 2
187 670
1 29 1
192
1 29 3
195 410 643
1 15 1
196
1 34 3
197 335 612
1 14 1
208
1 20 1
210
1 23 2
216 331
1 18 1
223
1 14 1
224
1 26 1
234
1 25 1
237
1 19 1
238
1 32 1
242
1 25 1
243
1 17 1
246
1 11 1
249
1 21 1
251
1 17 1
252
1 9 1
258
1 6 1
259
1 26 1
261
1 22 1
262
1 26 1
265
1 16 1
267
1 15 1
269
1 20 3
273 471 671
1 29 1
274
1 14 1
277
1 28 1
278
1 17 1
280
1 30 1
281
1 26 1
286
1 12 1
291
1 33 1
294
1 11 2
299 318
1 21 1
308
1 37 1
316
1 24 2
317 463
1 9 1
321
1 33 1
322
1 23 1
330
1 23 1
332
1 19 1
334
1 28 1
338
1 19 1
339
1 25 1
342
1 17 1
343
1 25 2
344 679
1 16 1
350
1 29 1
361
1 17 2
363 586
1 27 2
364 498
1 18 2
368 481
1 10 1
373
1 17 1
376
1 16 1
378
1 26 1
381
1 16 1
382
1 16 1
383
1 22 1
384
1 13 3
386 450 613
1 25 2
394 599
1 19 3
400 478 677
1 15 2
406 563
1 29 1
407
1 23 1
408
1 24 1
412
1 25 1
416
1 33 2
420 604
1 13 1
424
1 24 1
427
1 35 1
428
1 35 1
433
1 24 1
435
1 28 1
436
1 17 1
444
1 9 1
447
1 14 1
451
1 21 2
452 572
1 37 2
453 564
1 20 1
454
1 21 1
456
1 24 1
458
1 23 1
459
1 15 1
460
1 21 1
466
1 21 1
467
1 16 2
469 571
1 27 1
484
1 12 1
485
1 17 1
486
1 23 2
491 558
1 29 1
492
1 23 1
494
1 26 1
496
1 20 1
497
1 17 2
499 628
1 24 1
510
1 13 1
511
1 24 1
514
1 19 3
515 592 610
1 25 1
518
1 22 1
523
1 10 1
534
1 28 1
536
1 24 1
542
1 14 1
545
1 7 1
546
1 13 1
548
1 7 1
549
1 36 1
551
1 28 1
553
1 29 1
556
1 6 1
560
1 24 1
562
1 31 1
566
1 26 1
568
1 11 1
570
1 31 1
573
1 21 1
574
1 16 1
576
1 22 1
578
1 27 1
584
1 15 1
593
1 36 1
600
1 12 1
601
1 8 1
603
1 21 1
607
1 25 1
608
1 28 2
609 655
1 20 1
614
1 19 1
621
1 21 1
623
1 27 1
625
1 18 1
637
1 26 1
640
1 28 1
642
1 12 1
645
1 19 1
652
1 23 1
656
1 20 1
661
1 12 2
662 669
1 31 1
664
1 29 1
666
1 24 1
673
1 28 1
680
1 16 1
681
1 15 1
682
1 28 1
683
1 29 1
685
1 19 1
686
1 27 1
687
1 20 1
689
1 25 1
691
1 24 1
694
1 35 1
695
1 26 1
697
1 26 1
698
