300 151 465 20
20 16 12 14 8 12 1 22 21 15 19 12 3 30 29 12 8 25 29 8 9 9 13 5 26 13 1 10 20 13 21 6 11 20 19 15 27 27 11 3 10 9 23 6 3 8 13 19 18 19 14 30 19 27 24 19 18 20 22 17 23 18 5 22 14 8 20 1 25 7 13 28 2 9 13 29 4 22 7 14 7 20 15 17 20 13 5 18 9 15 23 22 5 30 28 8 24 12 18 14 25 24 1 29 16 13 7 10 29 29 29 22 20 20 29 14 13 7 21 18 8 13 7 11 30 7 1 18 6 5 23 12 29 23 17 19 23 5 23 14 5 10 7 4 30 2 14 2 3 30 22 5 9 9 13 5 5 23 10 22 13 21 4 18 9 27 1 4 6 13 21 26 2 28 27 6 1 15 21 16 8 7 29 24 20 25 29 6 24 17 18 28 21 15 28 20 12 27 26 3 13 30 14 23 19 21 2 28 20 4 24 30 3 20 29 28 11 26 19 8 19 29 23 6 13 28 24 16 5 21 27 15 26 22 29 1 27 12 27 22 9 14 5 30 19 9 8 6 28 1 7 8 16 23 21 15 18 9 11 9 22 25 25 16 11 17 23 12 29 7 29 20 22 22 2 28 21 21 27 21 27 12 8 16 21 12 10 24 2 16 2 13 18 15 27 20 14 19 6 20
20 20 26 7 24 27 13 26 14 20 22 23 13 24 17 21 21 19 11 3 28 22 2 14 30 20 1 15 19 6 3 18 24 7 27 23 27 1 16 27 7 17 21 25 2 28 28 3 9 26 4 18 11 14 10 15 2 28 28 1 5 11 25 18 21 24 27 1 20 19 11 3 10 4 10 7 3 2 24 23 8 18 29 26 30 25 5 6 27 17 27 8 1 19 4 26 12 30 29 20 21 1 21 24 18 12 16 8 10 13 3 29 21 10 28 29 26 29 3 22 3 25 24 19 24 25 22 1 10 22 21 28 3 12 7 28 26 14 16 3 22 25 8 9 12 4 3 4 18 11 27 13 19 11 3 5 7 1 23 6 3 26 5 7 26 7 13 13 7 15 11 2 12 14 4 16 23 23 13 4 7 7 6 19 9 17 16 19 9 21 23 14 19 25 13 24 23 3 15 22 1 27 5 26 13 12 4 14 6 1 28 19 16 1 14 7 15 21 28 3 28 22 13 8 17 29 24 22 27 30 24 29 5 9 26 18 7 13 28 17 26 28 6 9 13 15 21 26 11 8 14 26 13 25 26 8 30 2 12 23 26 17 4 11 19 28 11 1 7 25 28 27 27 1 3 26 25 15 8 10 1 13 26 18 11 8 6 6 26 29 23 23 30 7 3 10 10 27 3 8
0 10 4
147 45 280 22
0 3 11
203 13 20 96 153 272 141 43 291 113 121
0 15 7
182 174 164 247 162 173 67
0 2 4
4 11 167 79
0 9 3
185 246 200
0 14 6
75 184 236 239 109 261
0 4 6
250 177 287 49 98 183
0 2 2
137 61
0 20 2
26 201
0 6 7
65 10 55 134 206 159 126
0 6 4
220 169 62 93
0 11 4
107 231 235 56
0 10 7
83 60 178 190 39 207 219
0 19 4
30 50 7 290
0 19 1
115
0 4 11
6 295 181 241 298 210 108 232 151 228 259
0 5 4
226 150 223 5
0 3 2
269 288
0 3 2
233 135
0 16 6
53 131 215 12 195 240
0 3 2
64 158
0 16 3
234 189 225
0 3 9
293 157 89 244 148 120 193 296 237
0 3 8
204 3 161 15 9 25 191 248
0 5 3
154 180 133
0 9 8
46 156 171 146 253 198 222 245
0 6 3
14 160 194
0 3 5
285 292 24 92 0
0 11 9
114 163 283 77 152 17 289 278 297
0 20 4
265 71 90 138
0 17 8
70 263 196 23 119 105 94 82
0 18 1
117
0 2 4
202 127 33 286
0 8 4
205 142 80 209
1 5 2
1 187
1 26 1
2
1 14 2
8 40
1 22 1
16
1 22 1
18
1 23 1
19
1 19 1
21
1 21 2
27 42
1 15 1
28
1 19 1
29
1 20 1
31
1 17 2
32 34
1 8 1
35
1 18 1
36
1 10 1
37
1 11 2
38 258
1 23 1
41
1 29 1
44
1 25 3
47 57 242
1 22 1
48
1 8 1
51
1 31 1
52
1 28 1
54
1 12 1
58
1 35 1
59
1 19 1
63
1 6 1
66
1 12 1
68
1 30 1
69
1 19 1
72
1 26 1
73
1 30 1
74
1 34 1
76
1 18 4
78 139 260 282
1 7 1
81
1 19 2
84 149
1 17 1
85
1 27 1
86
1 16 1
87
1 23 1
88
1 6 1
91
1 31 1
95
1 19 1
97
1 9 1
99
1 25 1
100
1 14 1
101
1 16 1
102
1 17 1
103
1 12 1
104
1 5 1
106
1 20 1
110
1 20 1
111
1 21 1
112
1 18 1
116
1 9 1
118
1 10 1
122
1 22 2
123 267
1 29 1
124
1 12 1
125
1 24 1
128
1 38 1
129
1 11 1
130
1 19 1
132
1 24 1
136
1 6 1
140
1 17 1
143
1 17 1
144
1 22 1
145
1 16 1
155
1 30 1
165
1 31 1
166
1 21 1
168
1 13 1
170
1 25 1
172
1 27 1
175
1 21 1
176
1 17 1
179
1 22 1
186
1 29 1
188
1 16 1
192
1 21 1
197
1 5 1
199
1 33 1
208
1 22 1
211
1 5 1
212
1 17 2
213 217
1 8 1
214
1 38 1
216
1 25 1
218
1 5 1
221
1 31 2
224 238
1 8 1
227
1 20 2
229 277
1 9 1
230
1 33 1
243
1 6 1
249
1 18 1
251
1 9 1
252
1 14 1
254
1 34 1
255
1 8 1
256
1 8 1
257
1 24 1
262
1 23 1
264
1 24 1
266
1 14 1
268
1 8 1
270
1 37 1
271
1 13 1
273
1 12 1
274
1 6 1
275
1 35 1
276
1 16 1
279
1 25 1
281
1 18 1
284
1 20 1
294
1 7 1
299
