1000 350 1550 18
30 12 27 23 10 9 11 5 8 9 18 30 23 7 7 29 3 5 12 18 16 7 13 4 18 5 26 5 27 27 18 20 29 25 24 28 9 24 9 28 16 16 10 8 11 14 30 3 20 19 12 16 6 10 14 19 9 7 17 20 2 18 28 16 4 9 3 3 20 19 12 7 21 28 7 21 9 24 7 8 24 6 23 20 16 17 9 8 18 11 25 7 2 15 26 21 29 19 25 2 23 10 10 22 13 30 15 3 2 9 13 20 21 28 15 28 17 19 20 3 26 30 16 5 7 20 16 5 25 17 6 22 29 24 20 17 26 26 9 18 4 16 16 5 7 18 21 3 1 11 19 13 24 22 4 10 1 21 11 13 25 9 5 8 28 14 23 5 22 13 9 30 17 10 19 23 18 23 14 21 16 14 22 26 1 12 4 11 18 6 13 2 16 26 9 22 21 10 30 10 10 9 3 10 28 11 19 29 8 4 10 4 16 2 19 25 13 6 20 22 29 9 21 15 13 16 17 6 23 8 27 9 20 27 22 26 30 19 18 26 1 8 6 13 16 4 9 19 1 1 8 27 6 14 10 27 4 27 5 11 23 29 10 22 11 19 30 17 13 20 18 1 22 29 4 16 15 19 7 5 13 7 27 18 18 4 1 28 10 24 15 23 23 21 7 9 22 20 17 17 20 15 21 17 19 29 25 2 12 20 5 6 15 25 29 19 29 18 27 29 17 15 8 24 16 14 14 23 8 27 12 12 12 23 28 26 5 2 27 15 5 11 30 3 1 20 6 24 27 15 26 7 12 23 15 9 17 2 12 14 8 20 16 24 8 8 28 4 21 16 16 4 29 30 4 4 6 6 24 30 30 8 10 1 20 1 24 14 17 4 1 22 1 1 29 23 17 21 27 27 12 16 28 25 12 10 24 20 9 16 26 19 4 26 14 5 27 18 28 29 20 27 29 11 25 2 19 20 15 29 23 18 29 10 6 22 26 9 14 11 16 21 28 21 5 17 22 22 15 1 17 1 15 1 17 8 8 8 17 6 12 13 15 17 21 11 17 17 8 19 25 11 27 28 24 30 11 7 18 17 11 7 23 28 30 9 12 25 22 11 18 11 3 30 13 7 6 27 26 20 14 13 14 9 3 19 4 7 19 15 4 18 26 8 10 19 21 10 10 5 7 13 14 17 10 15 13 20 12 25 12 26 15 8 20 22 24 6 12 29 2 9 1 13 13 15 14 11 20 19 21 9 27 16 6 19 13 29 15 5 10 9 3 26 15 5 21 13 5 15 2 12 30 11 26 21 18 26 7 29 13 29 1 24 20 23 24 22 2 29 17 21 2 9 12 30 29 6 26 30 16 3 1 2 15 29 1 9 2 30 22 5 29 6 9 6 29 18 3 26 14 13 12 2 8 4 20 19 17 18 17 16 5 24 29 4 28 29 29 16 23 6 28 10 29 30 17 27 26 15 27 12 10 7 15 16 7 25 25 7 15 12 11 26 3 4 4 5 23 11 13 16 20 28 13 6 27 4 3 5 24 9 7 20 10 12 24 6 30 19 19 17 18 25 10 28 7 9 23 4 1 30 26 28 1 13 3 29 3 12 27 11 7 29 8 5 12 7 7 5 2 8 27 3 9 28 21 14 8 7 10 3 14 6 13 10 13 29 22 29 25 2 23 22 23 11 21 9 7 6 5 13 20 24 23 25 9 8 23 11 3 1 17 15 16 11 8 4 5 17 29 5 19 9 7 25 21 22 16 26 28 3 7 5 21 10 8 13 26 14 25 29 4 19 30 18 12 9 11 12 20 11 17 26 5 7 30 1 30 5 17 1 11 29 16 29 27 2 6 11 11 27 15 23 22 5 6 28 21 6 29 21 30 5 26 19 25 8 22 11 13 4 3 15 5 18 25 3 1 28 30 30 20 22 28 10 28 8 1 23 23 4 7 28 9 4 22 11 22 13 27 7 5 19 25 16 2 22 30 29 24 29 4 24 11 21 24 2 25 27 17 20 4 6 11 13 22 9 24 4 14 8 25 23 4 28 7 26 23 14 8 15 11 5 24 19 4 9 10 20 17 14 22 19 14 20 18 21 1 20 21 29 2 8 24 19 21 17 30 26 8 28 9 12 23 28 10 19 3 3 18 13 18 13 30 9 19 6 30 10 28 15 28 26 30 24 22 20 5 13 15 23 25 27 10 30 1 20 20 9 10 11 24 8 25 29 15 30 26 25 10 20 6 8 17 23 1 2 21 20
12 9 27 5 3 8 2 8 3 3 13 30 23 14 26 30 9 30 7 15 11 10 14 30 17 26 7 29 9 14 19 2 26 30 13 18 17 10 29 19 3 13 10 12 6 9 1 8 27 9 3 3 26 6 25 1 21 14 5 18 27 7 27 5 16 18 16 15 16 8 8 7 27 11 5 26 26 28 14 16 9 29 16 10 17 17 21 2 18 20 23 19 15 30 9 26 14 1 1 30 24 7 22 7 14 4 3 9 6 13 14 27 19 28 23 30 23 11 24 10 10 24 26 19 12 4 1 27 1 29 28 22 17 16 19 16 24 16 28 29 14 13 9 4 15 22 28 16 6 20 6 6 25 16 29 11 9 18 5 17 26 13 3 26 4 9 19 22 11 11 3 5 14 8 10 26 19 3 12 11 27 13 3 5 2 19 30 3 16 26 30 29 19 6 16 16 25 14 22 24 30 12 17 1 21 14 18 5 16 24 19 4 12 26 26 10 5 12 4 25 3 15 9 14 3 1 28 20 11 19 22 17 23 7 4 29 19 7 19 19 7 3 1 1 15 21 11 25 9 29 3 17 15 16 30 17 13 1 19 11 29 8 22 12 10 10 8 9 11 24 22 25 15 3 5 23 20 23 19 17 20 11 24 16 3 22 3 9 24 24 24 17 21 8 29 15 12 6 1 13 19 3 15 2 14 11 8 9 10 24 27 23 24 29 27 21 17 13 12 19 14 29 21 2 7 30 15 29 27 27 18 6 29 24 17 29 10 30 7 11 13 2 23 24 4 6 9 10 16 29 19 9 28 9 27 21 14 22 24 5 29 24 29 20 16 21 8 9 3 18 13 20 21 2 24 18 4 25 2 4 19 5 8 11 19 1 20 1 6 19 6 10 11 7 23 4 30 24 30 5 5 11 3 27 7 10 11 28 8 21 1 5 15 16 14 27 5 17 12 14 11 16 10 6 23 14 21 21 29 28 5 26 3 15 17 25 6 24 24 1 19 19 11 26 2 16 18 24 4 26 2 21 24 23 20 7 5 21 11 22 26 13 21 14 7 25 7 1 7 24 30 7 4 20 8 23 22 3 20 28 21 20 13 20 20 30 28 23 1 2 21 17 13 8 23 9 18 27 5 12 20 12 11 22 3 24 3 19 19 3 17 11 5 26 3 17 7 26 24 25 11 10 1 15 27 28 22 20 17 14 14 4 6 5 18 19 29 27 28 3 10 5 3 18 26 30 28 15 21 15 30 6 24 11 13 14 25 13 22 8 26 30 5 20 27 26 21 11 3 10 8 1 2 19 25 28 26 10 5 13 7 27 8 23 25 21 28 23 21 27 8 9 16 16 30 7 17 15 13 7 18 5 26 15 11 15 5 15 26 1 4 5 17 11 6 28 22 14 19 22 26 15 18 29 5 8 30 16 14 19 15 13 6 4 15 3 20 26 18 6 7 30 19 3 30 28 2 2 6 23 21 16 4 1 16 12 4 15 9 9 24 28 25 26 18 14 4 21 1 28 17 8 12 12 19 21 4 24 18 30 25 22 28 24 9 11 7 26 20 30 25 24 26 30 25 12 25 25 27 20 11 2 3 15 19 28 20 11 20 29 6 19 11 4 17 8 12 30 29 30 14 14 18 24 19 8 9 5 3 29 23 20 5 3 29 21 26 21 14 7 17 5 26 4 1 21 3 23 4 8 10 12 1 11 8 26 27 4 9 16 24 9 23 9 26 3 15 30 3 29 21 8 22 5 17 23 21 25 29 12 29 9 6 14 18 10 17 9 10 29 26 14 24 27 15 25 13 27 11 6 1 20 9 22 29 20 3 10 14 2 29 12 22 21 15 30 2 27 27 29 23 15 7 6 16 17 24 12 22 22 23 9 22 12 19 23 20 17 21 15 28 1 11 9 10 28 10 18 9 9 3 2 11 6 20 4 11 20 11 1 7 17 18 12 28 24 22 22 10 28 21 21 15 14 11 8 25 8 15 6 12 11 21 24 2 2 29 7 2 26 16 13 22 3 12 13 6 15 25 14 20 18 29 3 23 19 23 8 17 5 6 19 29 3 19 16 15 6 2 2 10 30 10 17 22 18 18 12 16 20 28 24 28 12 1 24 2 4 22 29 1 1 29 5 25 21 1 21 19 7 12 29 2 2 12 29 16 18 20 14 25 2 14 24 1 29 6 11 28 2 30 23 5 27 30 23 25 19 10 23 26 28 30 6 9 3 16 5 17 4 17 10 11 28 1 15 10 4 16 15
0 5 5
521 598 916 268 331
0 9 28
937 559 758 99 422 615 700 145 183 439 949 651 350 262 162 487 681 497 281 602 283 984 503 191 97 831 948 64
0 11 5
488 584 13 9 781
0 7 34
88 63 245 313 678 632 594 446 853 760 609 165 137 686 965 724 969 922 467 382 542 996 67 22 6 941 591 558 539 910 321 945 265 355
0 11 24
464 690 453 737 78 952 200 345 756 168 396 131 496 335 847 768 251 640 741 970 431 770 433 702
0 10 27
692 667 15 116 218 828 719 30 411 498 757 211 280 824 805 76 895 177 158 353 395 633 397 337 565 432 18
0 12 16
420 973 822 242 123 625 849 98 555 688 804 769 806 171 523 504
0 12 11
291 278 703 954 535 417 898 808 306 153 121
0 6 23
341 818 408 194 282 146 564 988 932 652 820 260 732 797 892 666 111 900 349 993 119 761 301
0 15 3
534 456 178
0 9 20
238 739 733 74 861 896 699 221 968 470 677 333 780 364 869 987 117 644 582 855
0 8 21
217 192 71 234 607 645 977 802 726 914 841 129 978 180 942 115 745 230 390 946 649
0 19 6
356 311 815 440 114 596
0 9 24
418 133 135 477 728 11 75 957 482 903 23 687 451 577 578 336 256 603 999 502 950 515 96 665
0 5 4
525 880 530 305
0 4 11
300 204 54 104 359 501 639 1 974 366 91
0 5 12
318 463 930 412 939 923 634 541 782 537 991 624
0 3 11
426 637 31 579 647 4 434 338 322 868 450
0 7 13
216 917 110 309 43 113 985 587 862 814 263 144 915
0 11 12
662 188 430 506 568 214 560 858 455 266 867 882
0 14 6
2 413 837 807 495 172
0 2 25
156 731 557 462 920 672 19 388 186 673 475 848 614 286 960 102 448 86 874 823 715 655 589 49 248
0 9 6
610 597 833 905 29 691
0 8 12
935 511 138 990 857 816 391 696 401 863 671 748
0 8 13
854 813 787 580 175 132 83 53 261 155 774 514 193
0 9 23
148 507 400 109 220 551 227 708 964 718 583 79 179 87 611 457 870 124 437 771 226 222 485
0 3 6
600 641 164 821 82 735
0 18 25
264 340 550 623 296 528 273 801 342 483 334 842 320 616 284 772 332 370 35 721 871 307 933 290 976
0 10 11
817 213 202 489 126 765 17 237 493 685 458
0 17 20
474 252 363 777 295 16 604 599 351 384 750 940 378 140 73 631 628 518 81 246
0 18 11
938 460 302 5 292 626 276 744 730 101 606
0 13 29
28 244 997 529 203 773 285 552 386 407 697 381 720 689 881 258 944 224 32 682 627 149 778 509 208 429 707 620 438
0 10 2
585 492
0 9 13
531 423 27 811 622 742 676 68 865 444 379 383 26
0 19 25
883 399 592 902 212 680 563 269 219 856 108 51 674 860 590 185 508 723 348 298 7 365 84 343 174
0 10 16
128 966 52 354 659 167 327 794 210 279 722 312 995 223 695 593
0 18 31
197 90 751 838 826 272 50 533 176 189 85 160 642 250 888 324 241 199 166 60 909 810 472 967 471 887 912 545 3 329 727
0 9 3
293 141 694
0 6 15
59 704 235 779 767 980 630 65 829 621 157 112 759 664 490
0 13 9
21 650 886 267 876 613 766 481 575
1 19 2
0 461
1 14 1
8
1 27 3
10 125 344
1 21 2
12 684
1 18 1
14
1 28 2
20 404
1 13 1
24
1 25 2
25 981
1 19 1
33
1 17 2
34 377
1 27 1
36
1 12 1
37
1 22 1
38
1 14 1
39
1 20 1
40
1 24 1
41
1 19 1
42
1 25 2
44 790
1 14 2
45 956
1 29 1
46
1 24 1
47
1 20 1
48
1 18 3
55 499 889
1 21 1
56
1 16 1
57
1 28 1
58
1 22 1
61
1 26 1
62
1 17 1
66
1 19 1
69
1 27 1
70
1 13 3
72 142 346
1 8 1
77
1 34 1
80
1 19 1
89
1 18 1
92
1 24 2
93 299
1 37 1
94
1 30 1
95
1 19 1
100
1 10 2
103 701
1 24 1
105
1 11 2
106 629
1 23 3
107 532 921
1 24 1
118
1 20 2
120 784
1 21 3
122 526 825
1 26 2
127 510
1 33 3
130 352 743
1 15 2
134 473
1 11 1
136
1 16 2
139 330
1 13 1
143
1 21 2
147 877
1 28 1
150
1 32 1
151
1 14 1
152
1 16 1
154
1 28 2
159 253
1 12 3
161 428 656
1 32 1
163
1 18 1
169
1 8 1
170
1 16 2
173 527
1 21 1
181
1 15 2
182 792
1 28 3
184 375 872
1 26 1
187
1 11 2
190 328
1 10 1
195
1 23 1
196
1 22 1
198
1 18 1
201
1 15 1
205
1 23 1
206
1 34 1
207
1 18 1
209
1 20 1
215
1 22 2
225 746
1 22 2
228 544
1 19 1
229
1 23 1
231
1 17 1
232
1 11 2
233 890
1 12 2
236 478
1 26 2
239 612
1 28 2
240 836
1 29 1
243
1 27 1
247
1 24 1
249
1 26 1
254
1 24 1
255
1 31 1
257
1 27 1
259
1 25 1
270
1 22 4
271 274 484 891
1 17 1
275
1 14 2
277 859
1 17 1
287
1 15 1
288
1 27 1
289
1 17 2
294 959
1 11 1
297
1 23 1
303
1 23 2
304 360
1 12 2
308 791
1 27 1
310
1 22 2
314 698
1 30 1
315
1 16 1
316
1 15 1
317
1 14 1
319
1 24 1
323
1 23 2
325 894
1 35 1
326
1 20 1
339
1 32 1
347
1 20 1
357
1 19 1
358
1 12 1
361
1 21 1
362
1 18 2
367 452
1 17 1
368
1 13 1
369
1 28 1
371
1 13 1
372
1 28 1
373
1 26 1
374
1 10 1
376
1 19 3
380 570 839
1 18 1
385
1 26 2
387 562
1 10 1
389
1 17 1
392
1 24 1
393
1 11 1
394
1 19 2
398 927
1 23 1
402
1 21 1
403
1 26 1
405
1 14 3
406 491 904
1 16 1
409
1 18 1
410
1 18 1
414
1 21 1
415
1 6 1
416
1 14 1
419
1 15 1
421
1 16 1
424
1 14 1
425
1 15 1
427
1 22 2
435 832
1 14 1
436
1 12 1
441
1 15 1
442
1 17 1
443
1 27 1
445
1 15 1
447
1 23 1
449
1 22 1
454
1 18 1
459
1 14 1
465
1 20 1
466
1 11 1
468
1 22 2
469 793
1 19 1
476
1 36 1
479
1 27 1
480
1 18 2
486 494
1 29 2
500 919
1 8 1
505
1 27 1
512
1 27 1
513
1 27 1
516
1 20 1
517
1 26 1
519
1 19 1
520
1 13 1
522
1 17 2
524 717
1 17 1
536
1 14 2
538 716
1 18 1
540
1 18 2
543 679
1 7 1
546
1 19 1
547
1 13 1
548
1 37 1
549
1 19 2
553 885
1 29 1
554
1 14 1
556
1 5 1
561
1 20 1
566
1 30 1
567
1 28 1
569
1 16 1
571
1 11 2
572 879
1 19 2
573 668
1 19 1
574
1 13 1
576
1 15 1
581
1 14 1
586
1 21 1
588
1 23 1
595
1 27 1
601
1 25 1
605
1 30 1
608
1 22 1
617
1 10 1
618
1 19 2
619 788
1 16 1
635
1 25 1
636
1 15 1
638
1 18 1
643
1 22 3
646 710 913
1 27 1
648
1 19 1
653
1 8 1
654
1 22 1
657
1 21 2
658 851
1 25 1
660
1 21 2
661 936
1 18 1
663
1 17 1
669
1 15 1
670
1 23 1
675
1 17 1
683
1 26 1
693
1 17 1
705
1 13 1
706
1 20 1
709
1 25 1
711
1 15 1
712
1 13 1
713
1 27 1
714
1 19 2
725 975
1 19 1
729
1 16 1
734
1 21 1
736
1 32 1
738
1 16 1
740
1 25 1
747
1 17 1
749
1 11 2
752 755
1 26 2
753 931
1 17 1
754
1 38 1
762
1 12 1
763
1 27 1
764
1 14 1
775
1 31 1
776
1 26 1
783
1 6 1
785
1 18 1
786
1 22 2
789 800
1 27 1
795
1 12 1
796
1 24 2
798 899
1 24 1
799
1 21 1
803
1 20 1
809
1 20 2
812 925
1 29 1
819
1 24 1
827
1 25 1
830
1 15 1
834
1 18 1
835
1 17 1
840
1 19 1
843
1 17 1
844
1 23 1
845
1 31 1
846
1 18 1
850
1 30 1
852
1 28 1
864
1 26 1
866
1 19 1
873
1 20 1
875
1 17 1
878
1 7 1
884
1 14 1
893
1 28 1
897
1 19 1
901
1 19 1
906
1 17 1
907
1 18 1
908
1 19 1
911
1 28 1
918
1 17 1
924
1 12 1
926
1 27 1
928
1 26 1
929
1 16 1
934
1 15 1
943
1 25 2
947 961
1 21 1
951
1 21 1
953
1 18 1
955
1 14 1
958
1 32 1
962
1 17 1
963
1 19 1
971
1 13 1
972
1 21 1
979
1 16 1
982
1 16 1
983
1 15 1
986
1 15 1
989
1 13 1
992
1 7 1
994
1 21 1
998
