1000 333 1550 18
14 26 26 11 29 11 17 12 26 28 7 18 11 1 23 15 26 17 19 8 13 14 27 15 18 3 3 21 27 18 27 8 21 30 17 11 2 4 6 14 12 10 20 15 23 16 18 29 11 20 7 21 29 23 1 9 12 2 28 5 13 21 13 22 30 10 3 18 23 6 18 20 20 7 24 12 26 17 19 5 24 7 24 1 29 7 10 20 25 27 4 9 16 30 19 4 4 19 13 29 19 8 7 10 22 20 20 28 24 10 22 14 16 2 4 20 27 20 19 17 18 7 22 4 28 21 25 4 1 2 8 21 11 28 22 22 25 15 10 15 10 21 19 4 8 10 16 11 19 7 13 10 23 30 29 7 21 24 6 26 21 26 9 26 30 1 28 27 15 20 11 30 1 15 18 30 9 23 1 26 1 30 16 8 1 7 12 25 7 13 11 16 21 26 27 11 22 30 23 4 14 25 30 28 18 7 12 28 20 30 24 20 20 5 19 11 8 5 30 8 11 16 16 21 20 25 21 26 28 15 7 22 11 25 24 17 17 4 12 8 22 27 26 15 8 3 21 25 16 29 15 28 27 15 7 8 19 20 23 21 17 30 15 7 14 29 30 9 6 19 16 1 4 3 26 18 26 25 27 8 13 29 6 15 6 9 24 1 3 27 13 23 19 30 1 2 20 12 12 10 27 9 23 12 30 19 21 27 29 28 28 30 11 18 7 10 22 19 16 30 23 23 1 14 3 24 19 10 22 12 23 8 27 11 9 21 18 28 13 10 5 3 19 20 14 13 16 29 4 29 15 27 23 18 27 1 17 29 19 17 9 14 19 15 29 16 26 3 4 19 19 3 23 16 8 24 17 20 18 1 19 28 2 5 12 7 30 3 6 13 29 11 19 18 26 11 27 29 13 5 30 25 29 16 6 2 10 22 3 18 1 4 7 10 26 22 20 1 3 14 9 26 18 9 9 1 6 24 25 15 5 21 20 29 7 7 26 6 25 12 19 22 18 21 18 1 14 17 2 21 2 14 6 28 30 19 17 15 14 7 27 7 15 28 20 1 27 22 8 13 17 7 9 25 7 10 24 28 14 3 2 7 28 3 27 23 26 2 30 2 7 9 4 22 17 20 8 25 20 8 9 22 25 28 30 11 16 6 7 14 21 17 4 3 20 25 1 24 14 23 7 27 6 1 22 24 12 30 23 23 28 21 26 11 22 22 5 8 9 13 12 20 5 22 20 22 9 2 6 5 25 1 8 6 2 13 2 4 7 7 26 8 9 29 16 3 26 18 23 6 26 7 18 21 27 22 5 26 17 28 11 5 15 23 23 17 15 1 17 28 13 16 30 25 18 3 19 17 20 6 7 27 29 30 4 3 22 22 13 1 10 6 15 24 1 13 30 22 14 13 8 11 17 26 23 9 24 3 25 21 2 11 5 18 16 8 29 19 24 17 14 1 30 7 26 22 18 25 23 20 14 10 13 18 4 27 6 7 15 28 9 24 18 1 30 25 20 5 20 25 4 8 18 15 18 18 3 3 1 9 17 10 16 18 13 15 5 13 7 12 20 6 29 3 19 24 1 16 22 29 21 20 26 29 28 11 26 15 28 7 8 12 3 22 7 4 10 28 29 27 16 14 24 10 12 4 6 4 22 14 10 3 22 30 20 22 10 13 29 24 17 20 9 12 24 24 4 14 17 5 28 8 14 21 11 28 23 2 17 5 2 12 27 3 1 20 14 4 27 26 2 12 28 18 10 11 2 20 18 13 26 24 23 5 12 4 23 3 18 27 16 7 7 18 14 30 23 22 26 20 21 21 8 23 20 15 16 20 12 4 3 23 13 5 11 24 25 11 14 6 18 24 22 4 23 17 19 20 16 12 1 11 8 2 18 13 5 30 16 24 14 22 9 28 30 25 29 9 3 16 11 24 10 20 10 23 4 4 26 6 26 22 22 1 7 22 14 4 12 8 11 29 10 24 20 10 9 10 17 30 14 6 19 1 20 14 22 11 12 3 5 12 5 3 11 30 15 30 1 20 6 27 8 11 7 7 18 13 1 16 20 18 30 6 17 14 10 30 30 22 28 23 16 28 21 21 20 22 14 13 18 16 16 30 25 10 12 29 10 4 17 28 30 7 9 21 25 12 19 10 1 13 18 13 28 12 11 20 23 5 30 3 17 2 5 22 21 18 2 12 25 2 14 11 11 5 21 19 3 5 22 30 23 7 30 25 17 19 1 18 5 13 29 17 16 10 1 19 3 2
15 14 7 25 10 25 9 11 16 3 27 5 29 11 1 28 2 23 4 27 6 14 21 4 12 12 13 29 27 2 29 30 26 2 12 28 30 16 18 23 14 27 26 28 30 17 6 2 27 18 17 7 20 3 5 6 19 4 11 6 29 8 30 2 19 30 5 19 2 23 30 2 9 14 16 27 25 20 9 13 1 26 19 3 7 27 3 1 11 5 25 22 21 15 5 5 17 19 20 12 9 5 20 29 1 19 17 29 16 8 3 1 3 20 22 3 21 13 12 20 28 7 26 13 18 6 25 14 24 4 11 29 28 22 26 9 16 11 15 21 4 18 27 14 10 4 30 18 5 29 24 21 13 6 28 26 26 6 22 21 14 8 19 20 13 19 20 13 7 15 29 7 22 18 17 4 3 5 6 19 30 23 27 22 10 10 13 21 23 9 6 17 5 13 20 21 21 2 3 13 3 9 25 19 20 15 24 11 22 19 22 18 14 15 4 8 8 7 17 27 23 2 19 14 15 15 20 18 30 22 4 3 7 8 12 24 14 8 21 11 27 15 4 5 2 10 9 23 7 29 4 27 2 6 21 2 19 19 11 5 16 3 30 28 29 25 30 8 9 5 6 3 23 7 7 15 14 8 14 23 12 26 1 11 22 14 5 11 14 28 22 23 13 20 3 18 22 27 1 22 2 7 14 15 29 29 14 24 8 16 30 3 18 3 16 22 23 6 19 7 26 17 12 10 13 18 23 20 18 3 17 12 11 27 14 13 22 30 4 10 25 27 25 29 21 11 4 8 25 4 6 27 12 14 30 7 29 8 18 17 3 13 29 4 11 6 25 16 14 12 18 16 16 19 26 26 25 23 2 5 15 15 30 14 20 8 1 11 17 13 6 3 22 21 18 6 6 12 17 9 11 6 29 12 9 23 11 24 3 25 28 22 3 7 21 7 13 11 23 2 7 28 29 1 19 15 2 27 4 30 16 19 15 30 3 1 19 13 30 3 12 30 25 13 7 1 7 6 3 24 22 18 6 23 23 1 20 4 25 6 3 22 10 26 27 28 20 24 30 28 16 27 9 1 18 1 5 13 7 2 27 7 8 11 6 22 13 13 9 2 30 29 30 11 5 11 29 6 30 25 18 30 30 8 8 1 18 5 18 2 9 8 17 8 5 4 30 22 28 22 26 6 20 10 1 9 24 13 24 1 20 24 28 14 1 5 10 16 7 26 8 25 12 8 24 22 6 11 27 12 28 17 17 2 16 5 4 4 23 23 13 9 15 13 23 9 24 7 28 11 10 10 19 3 16 26 24 2 19 7 10 10 21 7 20 19 10 21 29 19 19 8 22 3 18 4 29 8 11 23 1 3 20 7 5 25 24 23 1 12 30 5 14 4 20 21 2 12 16 30 28 11 26 14 26 12 7 13 13 17 9 16 9 17 3 9 11 5 6 14 11 14 3 1 22 25 26 6 27 16 9 6 27 20 23 4 17 2 27 25 4 27 14 26 17 16 14 14 4 30 20 23 13 17 10 21 2 11 16 14 14 26 18 18 27 27 28 5 26 2 26 7 14 7 6 18 23 19 12 26 14 25 16 21 1 11 25 8 23 2 18 15 21 18 2 28 5 26 15 13 9 25 28 23 2 20 19 8 22 17 1 6 5 26 24 1 25 8 28 21 21 9 20 22 13 23 4 24 15 12 9 3 30 2 14 28 1 24 3 13 23 14 15 19 30 11 7 13 28 19 12 23 18 18 14 27 1 1 18 7 1 18 11 19 10 20 27 24 6 4 6 4 20 22 12 29 28 29 16 29 18 6 14 7 18 15 21 2 3 20 25 21 4 22 11 26 9 26 29 18 20 18 25 9 18 19 20 4 13 14 16 20 1 15 14 27 5 5 14 25 25 9 3 17 2 23 22 6 7 11 10 10 11 29 3 1 24 20 23 2 10 27 9 23 6 3 3 1 30 8 12 1 6 28 28 14 15 15 13 25 10 4 2 29 20 11 8 23 5 9 5 18 5 1 16 13 20 5 20 10 8 11 30 21 3 7 8 27 27 21 2 14 8 6 26 1 27 11 26 16 3 25 11 9 6 5 10 25 1 26 16 12 4 11 20 24 9 17 23 30 24 7 25 21 12 21 22 30 12 2 8 27 9 13 26 23 25 27 23 25 23 20 8 30 27 22 13 3 27 30 28 9 4 6 30 26 24 7 23 17 3 8 15 22 29 27 21 19 24 3 11 18 13 22 26 26 15 5 4 12
0 10 7
574 147 266 9 117 738 96
0 11 12
529 559 541 508 536 727 324 940 238 557 528 870
0 14 16
829 810 844 361 55 575 871 564 747 216 731 828 865 936 442 445
0 4 5
594 57 23 899 863
0 12 18
842 998 105 794 818 769 923 12 935 485 584 711 741 955 240 804 768 184
0 14 12
336 812 56 411 253 230 62 973 493 985 859 99
0 6 28
814 830 519 163 334 901 115 403 2 177 6 405 386 132 992 210 757 531 966 219 44 615 73 958 538 568 756 986
0 15 23
456 857 478 86 30 438 995 353 977 908 643 720 746 653 926 98 938 85 458 854 467 669 47
0 8 4
192 817 284 268
0 17 16
778 533 150 943 698 913 277 785 684 125 109 340 464 572 302 644
0 7 18
760 308 625 795 537 892 979 36 855 330 26 35 172 671 231 686 748 527
0 3 22
924 432 715 577 148 318 851 450 64 553 300 357 638 867 789 576 534 675 474 460 78 70
0 1 23
683 466 154 244 234 5 370 111 587 742 60 974 792 87 950 389 872 221 52 483 180 808 524
0 17 23
136 342 520 948 137 127 676 43 91 397 232 877 188 255 846 447 875 886 260 10 344 991 637
0 1 10
509 311 298 563 409 89 24 215 439 224
0 17 24
376 80 54 351 609 996 841 67 942 678 429 997 618 264 978 876 517 211 1 146 321 385 359 276
0 4 10
179 391 874 131 934 630 128 81 850 657
0 18 7
511 182 988 588 744 787 387
0 19 12
611 37 725 652 951 381 853 556 981 883 667 293
0 9 15
248 388 100 930 200 823 138 25 578 242 927 461 589 960 554
0 19 4
722 878 32 152
0 18 15
836 437 294 143 648 436 610 959 328 498 869 821 488 14 322
0 15 14
677 824 873 206 516 16 660 890 312 827 621 702 369 400
0 11 12
468 212 636 691 990 701 223 470 94 651 590 307
0 14 7
113 7 48 337 379 393 627
0 10 11
472 647 751 423 673 697 932 604 122 862 104
0 20 1
989
0 15 21
295 471 703 243 27 573 937 629 613 729 50 424 362 687 444 839 331 825 93 699 837
0 13 21
421 306 201 348 891 501 784 916 530 270 570 74 339 126 690 492 917 933 499 449 696
0 12 15
251 317 540 431 176 162 213 141 688 365 356 888 639 263 283
0 5 33
881 770 813 845 433 275 733 203 314 745 967 712 371 802 465 944 28 252 65 278 759 969 338 772 622 719 372 898 565 222 394 708 848
0 13 29
335 170 832 885 22 158 983 285 616 198 726 569 496 402 800 707 551 183 420 661 426 79 155 101 598 749 922 329 480
0 2 27
928 398 343 801 364 506 368 663 838 739 473 634 887 518 750 373 165 262 532 17 144 21 316 555 228 976 602
0 8 26
567 279 581 378 682 593 452 274 606 672 380 920 504 151 428 217 847 190 771 297 612 333 774 963 914 514
0 10 3
894 134 700
0 6 17
730 90 419 535 781 457 674 401 181 199 515 189 446 665 758 882 807
0 20 19
479 345 793 358 631 229 740 752 608 145 196 63 776 102 164 714 786 543 41
0 14 28
945 103 799 911 377 29 84 392 106 355 764 592 695 858 822 133 717 301 791 38 443 607 513 236 58 269 856 957
0 4 6
354 852 906 20 809 896
1 27 1
0
1 28 1
3
1 15 1
4
1 21 2
8 603
1 18 1
11
1 15 3
13 414 915
1 23 1
15
1 21 1
18
1 10 1
19
1 25 1
31
1 4 1
33
1 26 2
34 292
1 23 2
39 463
1 25 1
40
1 27 2
42 762
1 30 1
45
1 24 1
46
1 32 1
49
1 18 1
51
1 15 1
53
1 38 3
59 755 972
1 15 1
61
1 25 2
66 83
1 30 2
68 816
1 31 1
69
1 35 1
71
1 14 2
72 503
1 21 1
75
1 33 1
76
1 34 2
77 160
1 5 1
82
1 32 1
88
1 13 2
92 459
1 23 1
95
1 11 1
97
1 13 1
107
1 17 3
108 831 879
1 30 1
110
1 14 1
112
1 24 1
114
1 28 1
116
1 16 2
118 510
1 19 1
119
1 23 1
120
1 16 2
121 149
1 18 1
123
1 11 1
124
1 22 2
129 208
1 18 1
130
1 28 1
135
1 27 1
139
1 17 2
140 427
1 17 1
142
1 31 1
153
1 19 1
156
1 8 2
157 440
1 28 2
159 929
1 17 2
161 502
1 23 2
166 775
1 16 2
167 261
1 31 2
168 257
1 25 2
169 666
1 24 1
171
1 30 1
173
1 22 1
174
1 23 1
175
1 14 3
178 704 777
1 17 1
185
1 26 1
186
1 28 1
187
1 11 1
191
1 36 1
193
1 21 2
194 975
1 16 1
195
1 16 1
197
1 26 1
202
1 14 3
204 507 987
1 8 1
205
1 23 2
207 273
1 20 1
209
1 19 2
214 562
1 15 2
218 396
1 25 3
220 547 640
1 8 2
225 434
1 27 1
226
1 29 2
227 454
1 25 2
233 544
1 14 1
235
1 20 2
237 710
1 13 1
239
1 27 2
241 346
1 11 2
245 734
1 17 1
246
1 23 2
247 834
1 10 2
249 798
1 7 1
250
1 36 2
254 737
1 9 2
256 902
1 23 1
258
1 25 1
259
1 19 1
265
1 19 3
267 512 956
1 14 1
271
1 32 2
272 591
1 23 1
280
1 25 1
281
1 17 2
282 477
1 3 1
286
1 20 1
287
1 31 2
288 626
1 34 1
289
1 18 2
290 489
1 32 1
291
1 21 2
296 732
1 24 1
299
1 13 2
303 806
1 35 1
304
1 34 2
305 993
1 23 1
309
1 27 2
310 753
1 20 1
313
1 23 1
315
1 14 2
319 395
1 18 2
320 761
1 35 1
323
1 27 1
325
1 30 1
326
1 21 2
327 826
1 19 1
332
1 14 2
341 500
1 31 1
347
1 16 1
349
1 16 1
350
1 17 1
352
1 22 2
360 953
1 17 1
363
1 40 1
366
1 28 2
367 840
1 28 1
374
1 12 1
375
1 22 1
382
1 27 1
383
1 33 3
384 599 962
1 16 1
390
1 22 1
399
1 20 1
404
1 20 1
406
1 10 1
407
1 18 1
408
1 18 1
410
1 22 1
412
1 24 2
413 724
1 6 3
415 780 889
1 26 2
416 980
1 17 1
417
1 18 1
418
1 29 1
422
1 11 1
425
1 15 1
430
1 5 1
435
1 25 1
441
1 32 2
448 571
1 20 2
451 595
1 21 1
453
1 8 2
455 662
1 20 1
462
1 23 1
469
1 26 1
475
1 29 1
476
1 27 1
481
1 26 1
482
1 20 1
484
1 24 1
486
1 9 1
487
1 12 1
490
1 34 1
491
1 24 1
494
1 31 2
495 635
1 13 1
497
1 27 1
505
1 27 2
521 954
1 13 1
522
1 25 1
523
1 17 1
525
1 35 1
526
1 22 1
539
1 26 1
542
1 5 1
545
1 17 1
546
1 31 1
548
1 23 3
549 681 796
1 29 1
550
1 33 2
552 860
1 21 1
558
1 26 1
560
1 23 1
561
1 9 1
566
1 22 1
579
1 13 1
580
1 17 1
582
1 36 1
583
1 27 1
585
1 10 1
586
1 16 1
596
1 10 1
597
1 8 3
600 709 743
1 23 1
601
1 11 1
605
1 6 1
614
1 10 1
617
1 12 1
619
1 21 1
620
1 12 1
623
1 22 2
624 903
1 19 1
628
1 16 1
632
1 21 1
633
1 31 1
641
1 38 1
642
1 31 1
645
1 11 1
646
1 18 1
649
1 25 3
650 861 900
1 29 2
654 805
1 16 1
655
1 14 1
656
1 26 2
658 723
1 26 1
659
1 26 2
664 843
1 21 1
668
1 27 1
670
1 17 1
679
1 25 1
680
1 18 2
685 728
1 14 1
689
1 24 2
692 925
1 11 1
693
1 12 2
694 919
1 29 1
705
1 25 1
706
1 22 1
713
1 30 1
716
1 19 1
718
1 24 1
721
1 29 2
735 835
1 30 1
736
1 15 1
754
1 28 1
763
1 34 1
765
1 32 1
766
1 22 1
767
1 5 1
773
1 35 1
779
1 24 1
782
1 13 1
783
1 32 1
788
1 22 1
790
1 21 1
797
1 25 1
803
1 16 1
811
1 24 1
815
1 28 1
819
1 16 1
820
1 19 1
833
1 30 2
849 952
1 30 1
864
1 29 2
866 918
1 31 1
868
1 28 1
880
1 25 1
884
1 21 1
893
1 14 1
895
1 20 1
897
1 24 2
904 910
1 30 1
905
1 20 1
907
1 18 2
909 982
1 28 1
912
1 22 1
921
1 15 1
931
1 25 1
939
1 21 1
941
1 16 1
946
1 17 1
947
1 15 1
949
1 23 1
961
1 5 1
964
1 13 1
965
1 22 1
968
1 36 1
970
1 6 1
971
1 26 1
984
1 30 1
994
1 24 1
999
