300 157 465 20
30 22 13 2 23 20 13 16 9 14 15 2 2 16 26 18 21 24 11 17 25 17 25 5 20 23 7 20 21 5 5 30 28 14 5 10 11 30 17 20 1 9 4 5 3 27 7 30 9 25 17 6 15 9 20 13 3 21 11 6 11 1 10 1 14 4 30 8 9 8 20 22 15 2 25 29 19 5 25 20 17 3 17 15 27 14 29 12 8 11 15 23 6 6 25 22 5 17 20 26 3 7 15 6 21 1 22 14 16 3 17 19 2 12 12 3 7 5 5 18 28 13 5 21 19 11 26 24 21 16 9 12 20 7 24 19 14 15 18 26 20 5 24 20 23 1 19 30 22 17 19 29 28 7 12 25 12 24 23 17 9 24 15 23 21 30 9 27 12 18 2 11 6 12 24 30 28 13 8 4 25 28 1 11 21 12 16 22 4 3 26 29 11 27 3 13 6 26 4 10 17 13 20 26 4 18 25 17 26 30 7 11 22 4 26 9 14 27 3 17 14 17 11 6 1 9 25 13 23 11 5 6 4 17 12 11 29 4 21 24 14 7 15 5 11 3 28 7 13 23 3 8 19 1 5 24 10 25 4 4 6 29 27 29 27 29 26 1 1 2 22 20 20 22 23 18 12 25 20 30 20 20 8 2 1 24 3 2 28 16 1 28 2 21 23 13 26 26 20 22
2 28 27 12 13 22 28 18 29 9 24 13 9 11 6 10 26 26 17 13 19 5 22 29 26 14 14 8 6 2 13 4 18 12 20 16 21 18 17 4 16 12 26 15 5 11 30 17 30 1 16 22 25 10 3 14 23 7 6 7 21 11 8 17 19 18 3 19 12 4 25 23 3 13 14 21 21 18 20 1 16 23 8 28 18 29 8 16 11 26 18 14 13 30 12 8 27 2 24 1 14 16 18 10 9 17 26 21 26 23 26 17 29 14 15 27 3 26 24 19 25 11 11 15 9 27 30 10 21 4 22 28 12 6 20 27 6 16 24 18 15 29 17 1 17 26 4 30 25 3 14 5 24 28 19 19 3 26 9 14 18 27 22 1 11 25 12 30 16 20 12 21 16 20 6 15 13 12 22 20 7 24 28 5 2 28 17 16 11 21 30 1 27 2 4 12 24 3 18 3 18 24 12 23 2 8 17 27 27 28 3 8 17 12 24 24 21 15 15 3 21 1 5 22 11 1 13 22 13 20 26 6 8 28 25 26 30 25 3 8 3 17 16 20 16 12 1 29 28 8 18 17 4 16 26 9 3 8 15 20 7 1 24 18 27 26 27 26 21 27 30 30 11 21 3 21 8 13 11 20 6 4 26 10 11 10 5 10 2 5 13 24 9 13 20 28 4 3 9 13
0 3 4
205 260 52 223
0 8 1
67
0 5 2
195 112
0 16 1
133
0 20 3
139 140 245
0 8 5
177 159 282 269 293
0 2 2
109 255
0 1 4
107 292 213 121
0 8 10
165 264 252 250 105 31 36 240 29 91
0 18 6
101 125 72 117 158 273
0 19 3
24 275 277
0 10 7
110 284 94 211 268 152 243
0 4 13
129 176 108 161 78 263 128 114 62 122 224 193 216
0 16 2
69 236
0 10 8
75 118 296 50 130 102 274 34
0 2 7
61 157 137 5 100 232 22
0 13 7
119 95 27 71 235 68 148
0 1 4
299 28 115 54
0 5 3
53 202 6
0 3 3
164 173 279
0 10 4
283 25 82 65
0 2 8
80 189 49 192 271 96 144 207
0 19 6
43 120 221 87 298 246
0 17 4
70 201 145 222
0 10 5
242 10 131 203 19
0 8 4
123 32 185 7
0 6 4
215 186 198 171
0 9 4
280 251 18 225
0 15 4
47 79 88 66
0 1 7
3 258 262 270 214 85 163
0 9 3
30 220 194
0 13 4
257 234 183 84
0 20 6
48 9 98 167 26 59
0 18 3
226 172 196
0 11 6
219 182 154 103 13 188
1 9 1
0
1 21 1
1
1 13 1
2
1 18 1
4
1 16 1
8
1 16 1
11
1 29 1
12
1 11 1
14
1 21 1
15
1 24 1
16
1 26 1
17
1 6 1
20
1 26 1
21
1 34 1
23
1 12 1
33
1 28 2
35 285
1 26 1
37
1 10 2
38 197
1 5 1
39
1 10 1
40
1 12 2
41 132
1 3 1
42
1 23 1
44
1 28 1
45
1 26 1
46
1 20 1
51
1 26 1
55
1 26 1
56
1 18 1
57
1 13 1
58
1 14 1
60
1 12 1
63
1 19 1
64
1 19 1
73
1 25 1
74
1 11 1
76
1 12 1
77
1 17 1
81
1 12 1
83
1 11 1
86
1 26 2
89 259
1 16 1
90
1 20 1
92
1 40 1
93
1 17 2
97 153
1 27 1
99
1 14 1
104
1 35 1
106
1 13 2
111 294
1 32 1
113
1 20 1
116
1 12 1
124
1 27 1
126
1 30 1
127
1 33 1
134
1 20 1
135
1 15 1
136
1 4 1
138
1 21 1
141
1 13 1
142
1 22 1
143
1 26 1
146
1 17 1
147
1 17 1
149
1 22 1
150
1 11 2
151 237
1 19 2
155 174
1 27 1
156
1 28 2
160 179
1 22 1
162
1 21 1
166
1 19 1
168
1 27 1
169
1 18 1
170
1 30 1
175
1 4 1
178
1 38 1
180
1 4 1
181
1 20 1
184
1 26 1
187
1 30 1
190
1 13 1
191
1 19 1
199
1 12 1
200
1 20 1
204
1 10 1
206
1 9 1
208
1 28 1
209
1 17 1
210
1 29 1
212
1 26 1
217
1 19 1
218
1 18 1
227
1 14 1
228
1 13 1
229
1 23 2
230 244
1 31 2
231 247
1 19 1
233
1 18 1
238
1 19 1
239
1 24 1
241
1 21 1
248
1 12 1
249
1 19 1
253
1 11 1
254
1 15 1
256
1 28 1
261
1 12 1
265
1 22 1
266
1 26 1
267
1 37 1
272
1 18 1
276
1 21 1
278
1 22 1
281
1 18 1
286
1 20 1
287
1 23 1
288
1 16 1
289
1 10 1
290
1 31 1
291
1 17 1
295
1 27 1
297
