800 303 1240 18
24 29 1 19 12 6 27 20 7 15 26 5 18 29 19 20 5 26 28 13 13 27 25 10 22 25 21 27 15 3 4 12 25 3 15 17 20 20 13 3 19 13 14 15 15 4 22 11 7 6 5 10 7 16 29 23 30 19 19 16 12 10 8 17 23 2 12 30 12 15 6 11 18 21 27 14 27 19 29 1 23 4 4 16 8 17 14 18 13 23 22 23 8 2 1 11 3 9 30 14 14 1 18 26 16 11 24 24 9 16 24 15 8 10 3 11 7 24 5 2 30 18 13 20 7 25 19 9 29 22 11 8 11 18 27 22 6 29 5 19 20 27 2 10 12 4 3 16 9 23 23 21 10 11 1 8 10 28 25 17 27 15 28 14 9 7 19 19 7 28 14 20 19 9 27 19 2 5 26 7 4 17 3 7 21 26 20 4 5 13 19 1 8 25 23 27 18 15 12 3 18 11 22 24 19 15 6 9 1 27 19 2 6 1 1 27 29 22 2 20 24 4 12 1 21 23 4 6 7 27 10 8 8 21 25 14 16 21 15 15 2 21 1 5 26 10 7 19 2 9 19 6 1 30 10 30 12 7 2 18 24 7 29 29 19 20 19 25 4 2 12 11 7 19 9 25 1 3 10 20 7 24 13 23 9 26 2 16 20 10 15 26 26 16 24 6 10 8 26 27 12 11 30 2 21 11 27 20 13 26 24 13 1 16 18 16 9 9 9 8 22 23 24 27 9 22 9 23 23 17 10 6 6 19 28 2 18 27 20 27 4 20 26 17 12 14 10 7 22 25 15 9 4 14 2 11 6 10 22 7 1 6 23 15 24 26 18 18 16 2 25 3 17 27 14 10 10 29 15 13 23 27 18 8 17 1 13 11 9 15 26 26 6 2 9 3 25 11 9 8 21 11 18 21 21 19 5 30 11 7 12 10 18 9 30 26 30 21 11 3 5 25 8 23 17 17 14 9 1 22 14 16 13 20 1 6 4 14 17 6 8 1 16 7 6 6 8 17 9 19 20 24 15 20 10 30 23 4 8 6 3 21 5 21 23 28 27 7 14 13 29 29 20 20 4 12 14 8 10 23 17 1 16 29 28 18 8 25 24 1 9 26 3 8 4 1 27 14 18 18 1 13 20 28 14 1 11 17 29 19 1 15 17 22 15 28 6 24 13 17 17 25 15 28 30 23 11 18 4 1 27 9 23 16 28 1 20 9 17 8 27 12 4 3 29 20 6 27 4 26 12 30 6 28 9 20 21 4 12 30 3 8 25 29 30 14 19 26 8 27 29 30 20 27 23 21 7 27 12 13 5 24 19 23 1 6 2 24 2 5 15 19 18 20 6 6 19 17 16 16 24 4 18 5 9 9 30 4 23 14 12 15 13 14 19 21 17 22 22 2 26 5 19 18 10 9 15 10 15 21 10 18 3 15 28 24 21 8 18 9 29 6 7 23 2 4 4 12 17 23 3 18 19 14 5 9 29 25 11 28 20 21 25 5 24 30 10 8 3 24 15 14 16 10 22 7 15 27 4 3 28 21 28 15 6 1 3 12 2 10 9 28 29 2 25 30 14 28 11 26 4 5 3 5 1 5 24 13 17 29 15 10 24 12 4 7 26 5 9 14 27 8 13 30 8 11 3 12 17 11 22 27 24 1 16 24 23 30 10 14 24 4 5 1 26 24 9 22 20 28 14 6 9 16 22 10 18 1 20 29 27 23 18 4 14 13 3 18 22 3 16 11 16 10 6 8 15 27 16 8 9 2 10 28 9 2 14 17 4 17 24 29 3 15 19 7 23 2 11 18
2 2 7 8 9 21 2 12 23 14 19 22 6 7 4 6 5 4 1 6 30 18 20 23 23 25 14 19 3 1 30 24 7 16 18 24 16 16 6 19 7 15 24 28 27 8 21 13 13 22 30 13 17 21 23 19 4 6 22 7 13 16 7 3 20 28 5 4 27 17 11 6 24 24 1 22 19 7 16 14 15 14 4 6 19 22 2 4 15 21 16 29 16 21 12 26 16 30 16 3 1 24 12 4 1 28 30 21 29 5 25 4 13 14 14 6 11 19 20 25 25 17 4 10 9 19 22 24 13 3 3 22 19 3 23 24 10 2 1 4 6 17 10 15 27 13 10 12 9 30 21 29 20 19 6 20 13 6 15 6 1 14 6 4 17 5 23 24 11 12 19 13 13 25 16 20 15 27 25 27 4 3 17 28 19 12 25 13 6 12 3 3 18 9 15 2 21 26 14 30 18 24 6 6 12 7 21 7 11 9 16 27 28 16 2 14 19 14 5 13 27 27 3 21 9 17 10 5 30 14 14 13 8 21 12 26 5 27 25 28 16 30 26 2 6 28 25 26 22 26 30 8 23 25 23 6 29 1 22 14 13 22 28 21 30 17 6 18 18 20 16 1 9 21 27 29 10 27 19 25 20 28 26 6 25 22 23 2 19 20 5 15 18 1 29 22 1 27 1 12 2 13 13 9 28 11 13 23 27 6 12 15 24 16 10 23 15 26 22 8 26 19 1 5 29 2 23 18 20 24 27 19 24 2 30 5 11 8 6 28 14 22 5 12 20 9 9 20 20 18 16 17 30 28 20 18 29 10 24 17 3 14 28 12 21 11 1 30 26 26 15 20 27 1 14 12 13 7 2 10 9 30 1 29 12 2 7 11 17 15 27 30 21 16 21 29 9 3 4 6 15 3 19 21 30 20 2 2 7 5 24 25 20 6 1 13 23 25 13 28 2 16 13 9 28 2 14 22 8 10 15 12 25 21 10 19 24 15 13 25 12 9 2 15 19 12 9 11 4 18 26 12 27 23 4 12 22 23 8 22 26 13 24 14 18 24 9 25 20 12 10 7 30 23 16 22 1 5 21 19 30 7 4 5 1 5 7 7 22 3 6 1 3 27 30 18 27 7 13 23 6 11 28 26 14 8 2 30 22 2 22 18 11 1 19 26 25 20 2 18 19 12 10 20 3 14 12 10 15 13 6 4 18 26 8 3 2 2 20 22 23 10 10 27 7 26 17 9 25 30 27 7 25 2 27 29 24 5 5 27 15 11 17 4 11 28 17 10 9 21 26 23 26 16 27 15 1 17 13 27 18 13 9 26 28 3 14 11 10 6 12 9 14 5 26 12 16 15 5 14 6 14 1 27 8 5 7 15 27 3 6 26 24 21 17 5 14 11 27 19 19 7 8 29 1 28 28 16 21 16 3 11 13 10 29 23 26 4 15 1 10 14 26 25 19 28 3 5 12 28 17 3 25 4 19 10 25 4 13 29 7 20 22 5 8 12 1 13 16 6 7 18 7 3 6 25 10 3 18 15 16 25 30 20 28 5 12 7 23 17 13 12 6 21 18 25 22 12 8 17 26 9 17 24 5 12 19 5 25 18 1 25 22 17 1 26 12 30 10 10 10 22 11 7 25 20 10 18 23 8 13 8 19 5 16 5 22 27 25 2 1 19 28 17 15 7 11 16 13 28 29 23 27 7 23 12 27 26 16 7 19 21 14 3 10 22 18 16 8 13 26 14 3 2 9 25 24 26 12 2 12 7 22 9 30 21 21 7 28 30 3 30 10 19 5 26 4 11 17 6
0 11 10
354 740 759 751 201 207 162 25 277 765
0 11 10
761 199 412 389 679 123 135 527 724 97
0 7 24
303 102 672 614 462 16 348 104 82 225 186 540 773 570 194 178 62 411 742 228 331 96 68 353
0 16 5
781 682 704 197 747
0 11 17
424 188 385 340 234 408 83 232 717 31 339 744 105 311 260 582 13
0 5 2
762 172
0 16 8
116 273 797 77 468 753 300 54
0 7 23
155 381 696 41 591 643 218 134 566 242 721 553 618 224 95 30 112 520 554 787 671 72 278
0 16 14
524 448 80 681 344 170 366 235 325 230 297 271 419 694
0 19 2
603 561
0 17 2
661 772
0 16 7
298 748 417 376 43 502 88
0 19 4
8 726 136 511
0 12 12
229 244 630 91 663 66 259 754 284 767 122 551
0 5 21
313 576 444 240 715 307 499 473 601 125 47 165 648 755 634 708 685 338 323 459 256
0 17 15
731 608 268 118 29 233 790 347 336 791 547 333 739 281 76
0 12 17
9 526 143 279 318 149 20 504 380 249 120 264 668 216 719 507 619
0 11 16
517 598 487 187 505 480 795 61 458 654 341 706 522 131 430 564
0 8 6
379 215 103 635 785 299
0 5 14
227 623 10 617 289 397 647 529 434 494 138 150 17 371
0 19 14
485 729 153 711 453 151 40 565 18 81 793 796 202 90
0 6 10
435 345 117 324 602 531 190 87 241 57
0 7 24
321 180 776 251 219 126 642 743 248 39 393 471 657 746 359 495 558 33 49 223 723 639 337 611
0 10 4
107 498 119 429
0 18 5
46 714 616 670 169
0 19 11
184 588 437 113 209 497 455 193 38 769 360
0 3 16
756 246 250 163 783 27 456 775 195 474 312 615 586 301 204 310
0 4 15
239 5 286 688 262 175 263 710 421 222 375 674 718 492 752
0 19 23
636 164 486 631 128 637 510 689 71 409 585 185 573 93 757 399 439 698 3 546 308 351 306
0 18 5
426 545 342 584 364
0 20 14
581 293 160 110 296 445 85 146 703 332 709 53 75 363
0 7 20
500 557 640 479 644 568 513 569 287 355 86 697 491 784 24 386 523 539 272 666
0 16 18
418 508 436 372 735 548 317 304 396 45 74 451 157 463 599 56 73 472
0 10 15
326 475 572 577 425 314 280 686 613 374 346 620 469 129 777
0 15 5
144 514 624 669 405
0 8 25
132 525 367 171 779 567 683 530 629 387 398 200 687 290 677 423 641 257 488 401 237 23 446 35 217
0 5 4
431 352 720 786
0 17 3
226 606 203
0 4 1
452
0 6 11
664 415 255 559 357 213 690 692 490 382 465
1 32 1
0
1 21 1
1
1 34 1
2
1 36 1
4
1 33 1
6
1 22 1
7
1 32 2
11 22
1 17 1
12
1 18 2
14 361
1 38 1
15
1 23 1
19
1 36 3
21 236 484
1 26 2
26 358
1 12 2
28 535
1 30 1
32
1 15 1
34
1 11 2
36 192
1 35 1
37
1 19 1
42
1 11 2
44 130
1 20 1
48
1 21 1
50
1 23 2
51 595
1 23 2
52 252
1 18 2
55 94
1 35 2
58 665
1 28 2
59 770
1 30 2
60 549
1 29 1
63
1 34 1
64
1 18 1
65
1 12 3
67 438 638
1 12 2
69 447
1 30 2
70 678
1 16 2
78 142
1 28 1
79
1 29 1
84
1 20 1
89
1 21 1
92
1 20 1
98
1 27 1
99
1 22 2
100 206
1 38 1
101
1 35 1
106
1 26 2
108 610
1 26 1
109
1 26 3
111 655 712
1 17 1
114
1 26 1
115
1 26 1
121
1 25 1
124
1 27 2
127 537
1 14 2
133 749
1 16 1
137
1 35 1
139
1 28 1
140
1 23 1
141
1 23 1
145
1 13 1
147
1 26 1
148
1 25 1
152
1 16 1
154
1 39 1
156
1 22 1
158
1 12 1
159
1 27 1
161
1 25 1
166
1 27 2
167 732
1 9 2
168 319
1 24 1
173
1 15 1
174
1 11 1
176
1 13 1
177
1 16 1
179
1 35 1
181
1 12 1
182
1 18 1
183
1 25 2
189 594
1 33 1
191
1 25 1
196
1 30 2
198 609
1 20 1
205
1 24 1
208
1 35 2
210 420
1 32 1
211
1 22 1
212
1 26 2
214 442
1 13 1
220
1 30 1
221
1 34 2
231 406
1 22 2
238 403
1 12 2
243 550
1 26 1
245
1 14 4
247 369 467 470
1 21 1
253
1 34 2
254 580
1 37 1
258
1 36 1
261
1 26 1
265
1 24 1
266
1 20 1
267
1 24 1
269
1 29 1
270
1 36 1
274
1 21 1
275
1 19 1
276
1 26 1
282
1 22 2
283 534
1 28 1
285
1 27 1
288
1 22 1
291
1 10 1
292
1 23 1
294
1 10 1
295
1 36 1
302
1 20 1
305
1 27 2
309 730
1 21 1
315
1 29 1
316
1 15 1
320
1 27 1
322
1 26 1
327
1 15 1
328
1 17 1
329
1 31 1
330
1 29 1
334
1 18 1
335
1 13 1
343
1 27 1
349
1 15 1
350
1 10 1
356
1 19 1
362
1 23 1
365
1 19 1
368
1 16 1
370
1 12 1
373
1 11 1
377
1 23 1
378
1 16 2
383 621
1 17 1
384
1 33 1
388
1 25 2
390 788
1 23 2
391 466
1 21 2
392 774
1 12 2
394 574
1 21 1
395
1 8 3
400 515 680
1 15 1
402
1 19 2
404 464
1 23 1
407
1 31 2
410 733
1 12 2
413 519
1 29 1
414
1 20 1
416
1 22 2
422 571
1 10 1
427
1 26 2
428 633
1 16 1
432
1 34 1
433
1 14 1
440
1 21 1
441
1 26 1
443
1 27 1
449
1 28 2
450 673
1 16 1
454
1 32 1
457
1 10 2
460 506
1 27 1
461
1 25 1
476
1 25 3
477 533 741
1 25 1
478
1 19 1
481
1 34 2
482 701
1 28 2
483 509
1 14 1
489
1 22 1
493
1 21 1
496
1 31 1
501
1 24 1
503
1 15 1
512
1 20 1
516
1 22 3
518 646 659
1 12 1
521
1 28 1
528
1 35 2
532 649
1 22 1
536
1 16 2
538 695
1 14 1
541
1 16 1
542
1 31 1
543
1 20 1
544
1 22 1
552
1 19 1
555
1 20 1
556
1 28 1
560
1 16 3
562 605 728
1 35 1
563
1 11 1
575
1 36 1
578
1 21 1
579
1 35 1
583
1 28 1
587
1 23 1
589
1 24 1
590
1 30 1
592
1 23 1
593
1 23 1
596
1 13 1
597
1 31 1
600
1 17 1
604
1 23 2
607 766
1 8 1
612
1 33 1
622
1 33 1
625
1 10 1
626
1 32 1
627
1 24 1
628
1 25 1
632
1 17 1
645
1 24 1
650
1 23 1
651
1 30 1
652
1 26 1
653
1 29 1
656
1 24 1
658
1 19 1
660
1 39 1
662
1 24 1
667
1 35 1
675
1 16 1
676
1 17 1
684
1 28 1
691
1 26 1
693
1 38 1
699
1 18 1
700
1 26 1
702
1 21 1
705
1 21 1
707
1 26 1
713
1 29 1
716
1 12 1
722
1 17 1
725
1 24 1
727
1 24 1
734
1 28 1
736
1 12 1
737
1 18 1
738
1 22 1
745
1 10 1
750
1 23 1
758
1 17 1
760
1 22 1
763
1 24 1
764
1 25 1
768
1 18 1
771
1 12 1
778
1 30 1
780
1 27 1
782
1 19 1
789
1 27 1
792
1 24 1
794
1 24 1
798
1 19 1
799
