800 36 1240 18
15 27 12 33 34 17 30 39 29 30 11 17 23 11 27 30 39 34 26 29 20 31 15 37 16 33 17 14 29 25 14 14 21 16 14 17 16 31 32 18 25 37 32 16 12 15 40 25 13 40 40 37 31 18 40 12 36 14 17 14 34 18 25 26 15 31 12 13 37 30 25 15 16 12 24 20 25 17 29 40 23 37 34 39 28 23 20 25 28 22 38 37 21 27 25 20 39 29 21 31 22 39 35 24 31 36 38 37 18 30 22 34 20 38 13 28 34 16 34 25 30 11 34 30 11 11 16 14 37 14 32 13 19 27 16 36 23 36 34 19 22 31 38 40 16 23 25 39 30 18 32 21 34 29 11 35 39 22 13 33 36 25 30 36 30 23 21 20 25 29 26 37 15 19 15 30 16 25 23 30 13 33 34 22 18 25 19 21 27 29 26 20 16 36 29 40 29 26 20 27 29 39 36 34 38 37 14 24 40 26 35 16 14 15 36 29 34 22 38 29 20 27 30 20 30 25 23 20 18 39 19 30 27 27 36 24 12 39 15 38 36 38 25 40 25 15 27 33 37 39 33 24 14 26 39 24 20 19 24 38 17 24 21 30 37 29 27 21 28 23 24 16 23 27 37 17 30 13 24 19 13 27 29 30 30 16 23 21 12 35 18 29 25 22 31 13 38 36 14 17 36 31 20 12 14 37 31 30 28 19 12 20 16 17 38 39 18 31 37 11 15 14 18 34 22 22 39 16 14 27 19 27 22 16 25 20 39 40 36 27 37 14 26 23 14 22 13 29 31 25 19 17 33 15 26 13 15 25 38 39 38 40 31 39 32 16 17 39 33 23 22 25 22 15 16 11 37 37 21 18 36 15 33 32 35 18 25 16 12 29 23 11 31 24 18 25 19 13 31 22 14 11 36 24 25 35 15 38 22 34 33 17 16 15 37 33 13 33 39 14 30 12 35 18 27 38 29 19 36 28 38 26 17 20 13 11 11 27 28 35 15 18 15 28 30 23 20 32 27 17 25 32 39 40 30 40 13 37 24 29 26 13 22 27 15 17 22 30 26 30 27 25 14 26 36 27 17 32 23 40 34 37 36 22 21 12 13 39 18 20 37 32 16 37 14 40 34 25 22 20 34 22 13 33 37 28 27 26 23 15 19 30 21 16 14 32 36 18 24 11 30 16 26 36 30 27 23 37 34 11 37 17 20 25 33 11 19 40 40 19 32 32 14 18 13 30 26 40 32 16 30 35 22 18 38 18 20 14 39 24 25 19 36 36 15 38 16 13 38 17 34 35 15 13 38 26 15 28 30 19 12 14 36 17 20 30 21 11 20 25 14 23 14 32 27 22 12 29 15 15 15 19 26 38 19 14 30 30 26 24 14 31 33 25 32 11 25 35 23 15 15 24 16 17 33 14 35 39 39 21 11 34 36 22 26 13 25 40 28 22 33 29 39 20 28 16 12 32 32 25 22 39 16 40 11 38 33 14 32 16 40 30 37 23 36 22 40 13 22 15 37 37 31 33 15 25 16 11 31 24 20 21 35 25 16 23 20 20 18 14 39 36 28 27 39 27 38 21 31 17 38 35 15 33 19 34 33 23 40 36 29 34 34 34 33 18 19 23 19 35 25 39 14 15 32 36 37 35 25 36 12 19 39 26 38 14 13 23 23 14 31 32 21 39 35 30 34 16 34 23 18 23 34 38 29 17 19 22 33 37 34 17 35 19 38 15 33 11 35 15 36 18 11 17 22 32 11 24 16 32 25 32 11 36 18 40 22 12 22 14 15 27 35 15 19 22 20 23 31 36
5 17 2 23 24 7 20 29 19 20 1 7 13 1 17 20 29 24 16 19 10 21 5 27 6 23 7 4 19 15 4 4 11 6 4 7 6 21 22 8 15 27 22 6 2 5 30 15 3 30 30 27 21 8 30 2 26 4 7 4 24 8 15 16 5 21 2 3 27 20 15 5 6 2 14 10 15 7 19 30 13 27 24 29 18 13 10 15 18 12 28 27 11 17 15 10 29 19 11 21 12 29 25 14 21 26 28 27 8 20 12 24 10 28 3 18 24 6 24 15 20 1 24 20 1 1 6 4 27 4 22 3 9 17 6 26 13 26 24 9 12 21 28 30 6 13 15 29 20 8 22 11 24 19 1 25 29 12 3 23 26 15 20 26 20 13 11 10 15 19 16 27 5 9 5 20 6 15 13 20 3 23 24 12 8 15 9 11 17 19 16 10 6 26 19 30 19 16 10 17 19 29 26 24 28 27 4 14 30 16 25 6 4 5 26 19 24 12 28 19 10 17 20 10 20 15 13 10 8 29 9 20 17 17 26 14 2 29 5 28 26 28 15 30 15 5 17 23 27 29 23 14 4 16 29 14 10 9 14 28 7 14 11 20 27 19 17 11 18 13 14 6 13 17 27 7 20 3 14 9 3 17 19 20 20 6 13 11 2 25 8 19 15 12 21 3 28 26 4 7 26 21 10 2 4 27 21 20 18 9 2 10 6 7 28 29 8 21 27 1 5 4 8 24 12 12 29 6 4 17 9 17 12 6 15 10 29 30 26 17 27 4 16 13 4 12 3 19 21 15 9 7 23 5 16 3 5 15 28 29 28 30 21 29 22 6 7 29 23 13 12 15 12 5 6 1 27 27 11 8 26 5 23 22 25 8 15 6 2 19 13 1 21 14 8 15 9 3 21 12 4 1 26 14 15 25 5 28 12 24 23 7 6 5 27 23 3 23 29 4 20 2 25 8 17 28 19 9 26 18 28 16 7 10 3 1 1 17 18 25 5 8 5 18 20 13 10 22 17 7 15 22 29 30 20 30 3 27 14 19 16 3 12 17 5 7 12 20 16 20 17 15 4 16 26 17 7 22 13 30 24 27 26 12 11 2 3 29 8 10 27 22 6 27 4 30 24 15 12 10 24 12 3 23 27 18 17 16 13 5 9 20 11 6 4 22 26 8 14 1 20 6 16 26 20 17 13 27 24 1 27 7 10 15 23 1 9 30 30 9 22 22 4 8 3 20 16 30 22 6 20 25 12 8 28 8 10 4 29 14 15 9 26 26 5 28 6 3 28 7 24 25 5 3 28 16 5 18 20 9 2 4 26 7 10 20 11 1 10 15 4 13 4 22 17 12 2 19 5 5 5 9 16 28 9 4 20 20 16 14 4 21 23 15 22 1 15 25 13 5 5 14 6 7 23 4 25 29 29 11 1 24 26 12 16 3 15 30 18 12 23 19 29 10 18 6 2 22 22 15 12 29 6 30 1 28 23 4 22 6 30 20 27 13 26 12 30 3 12 5 27 27 21 23 5 15 6 1 21 14 10 11 25 15 6 13 10 10 8 4 29 26 18 17 29 17 28 11 21 7 28 25 5 23 9 24 23 13 30 26 19 24 24 24 23 8 9 13 9 25 15 29 4 5 22 26 27 25 15 26 2 9 29 16 28 4 3 13 13 4 21 22 11 29 25 20 24 6 24 13 8 13 24 28 19 7 9 12 23 27 24 7 25 9 28 5 23 1 25 5 26 8 1 7 12 22 1 14 6 22 15 22 1 26 8 30 12 2 12 4 5 17 25 5 9 12 10 13 21 26
1 1 39
506 627 336 230 759 296 366 796 554 297 308 300 214 52 239 68 632 171 766 526 19 98 501 41 111 96 87 154 679 640 195 375 502 776 422 62 50 246 719
1 2 29
615 147 64 391 590 191 764 513 367 56 762 558 343 461 403 106 659 8 210 77 515 634 529 753 198 522 266 406 533
1 6 11
380 699 665 580 63 392 791 82 238 283 354
1 1 39
206 317 730 602 708 493 693 694 268 129 290 432 729 473 102 60 121 450 138 652 282 637 532 320 773 712 641 572 218 617 156 571 734 495 249 741 105 197 491
1 2 29
583 519 706 176 107 79 666 746 650 387 0 146 287 248 728 314 798 774 346 333 688 51 599 276 109 745 761 764 791
1 2 38
43 799 549 436 555 514 307 398 427 721 349 559 267 769 354 93 382 562 223 401 607 671 132 155 124 595 1 254 38 157 346 394 418 465 579 591 694 785
1 2 29
365 471 783 242 457 660 685 33 524 635 226 408 592 585 135 629 449 440 72 142 136 614 681 162 356 91 166 573 594
1 8 7
643 695 544 331 70 77 536
1 3 21
259 312 16 755 747 512 203 658 112 108 243 353 303 628 383 44 178 315 470 649 697
1 5 12
73 332 778 458 636 569 189 141 128 538 634 660
1 1 40
25 53 190 416 733 215 212 279 433 76 507 454 424 439 435 18 166 447 710 788 482 164 256 584 291 288 374 534 311 165 476 86 344 715 126 412 545 27 574 771
1 2 24
376 75 231 407 508 237 785 271 224 459 589 39 100 553 795 754 341 503 492 574 654 393 265 566
1 2 30
275 543 542 286 389 278 497 81 20 399 738 453 342 505 781 145 388 115 371 552 530 625 352 748 138 323 705 731 770 787
1 3 22
188 110 742 12 90 139 725 750 99 772 22 201 35 338 675 197 170 687 302 37 391 496
1 1 41
329 157 116 581 496 361 385 429 421 84 428 674 606 187 153 168 2 414 540 713 80 704 384 565 348 169 339 4 560 91 263 727 726 793 487 205 216 330 17 623 682
1 1 38
531 184 655 186 310 345 578 38 653 686 67 9 273 767 620 784 442 541 757 765 396 32 434 763 14 794 462 465 677 358 252 601 73 171 208 392 516 614
1 4 8
419 85 619 134 43 288 381 795
1 1 33
740 97 484 13 163 74 761 668 556 31 657 299 716 758 89 682 533 185 95 709 605 127 612 633 498 525 451 536 265 173 377 401 448
1 1 44
481 490 609 749 564 269 676 535 538 360 253 227 183 21 48 66 707 444 283 272 420 618 598 167 573 386 59 566 460 220 477 648 309 105 478 600 510 586 610 182 126 303 526 724
1 2 22
122 661 711 120 488 604 494 397 437 150 11 325 673 768 696 463 140 480 29 591 363 797
1 8 6
94 10 412 576 598 671
1 13 7
732 775 42 410 30 203 260
1 5 18
587 266 101 743 568 113 258 304 192 723 684 111 187 343 525 553 627 635
1 3 26
174 357 577 196 528 133 736 645 306 479 611 326 443 445 370 46 678 469 241 181 47 62 130 420 431 652
1 12 8
70 792 624 491 23 99 370 534
1 1 49
7 670 700 705 551 103 175 49 54 334 323 717 521 594 702 244 470 204 83 114 379 58 202 131 756 270 423 777 118 337 294 523 452 593 472 683 117 144 152 256 285 293 319 372 451 655 680 695 714
1 3 23
172 6 193 24 217 468 221 475 277 119 500 194 467 613 621 318 698 537 49 348 366 596 678
1 1 36
381 672 464 159 30 335 229 644 579 486 448 786 639 69 680 664 281 744 516 608 557 446 5 222 649 315 561 720 689 313 34 84 221 484 551 675
1 1 38
28 350 413 395 250 787 425 233 285 789 527 179 548 588 790 779 261 45 238 36 55 15 23 340 209 663 667 26 489 714 752 347 623 137 289 537 556 608
1 1 43
71 567 455 322 546 539 180 369 582 718 207 760 78 430 178 474 441 431 161 234 509 570 368 47 355 745 280 550 295 301 518 328 724 274 40 292 158 270 382 607 609 717 774
1 1 38
735 722 251 27 173 782 293 737 225 690 563 770 88 305 211 378 321 200 630 359 631 483 109 603 143 622 260 656 3 92 316 406 150 165 186 455 500 590
1 1 45
616 405 240 418 646 247 148 739 394 647 411 128 409 372 692 255 199 232 65 44 400 289 61 235 697 651 319 57 642 37 104 701 771 362 417 213 780 576 375 639 706 735 744 760 789
1 5 14
517 125 219 327 284 149 298 638 504 67 301 569 584 703
1 4 19
520 402 404 596 415 377 130 160 669 662 17 466 438 262 359 390 578 676 736
1 2 22
626 373 731 262 151 158 351 228 177 597 456 703 485 245 236 575 264 547 691 364 211 620
1 5 14
324 257 751 123 499 426 390 208 511 59 110 316 427 618
