500 34 775 20
28 30 36 21 33 34 11 36 16 31 40 19 24 19 23 15 20 17 11 17 24 14 24 13 15 33 20 18 26 13 19 24 32 19 17 37 11 17 40 24 31 35 37 32 12 32 29 16 16 30 28 19 25 40 35 25 25 40 17 28 17 30 35 20 24 24 36 13 26 30 11 24 23 13 28 21 37 30 33 29 15 32 31 33 15 21 19 20 18 27 37 13 31 35 33 35 16 34 19 31 18 32 15 36 27 26 24 32 35 29 14 30 16 12 12 20 30 36 17 20 28 14 21 21 13 16 12 40 27 26 35 13 24 14 28 21 35 12 22 13 40 18 28 26 33 25 31 12 16 24 37 36 22 38 31 14 16 25 18 12 29 27 20 39 18 18 30 20 15 37 39 14 28 30 34 30 19 18 19 36 32 40 22 13 24 37 35 31 38 29 18 13 18 39 14 17 12 14 11 30 19 30 27 17 15 34 16 12 16 15 18 28 19 20 35 23 34 31 40 15 12 21 37 19 24 15 30 34 19 35 16 20 28 19 29 24 37 33 15 12 27 30 19 40 30 27 35 37 34 17 21 36 27 40 16 24 26 27 19 24 38 35 13 19 29 12 30 22 16 14 20 30 20 22 13 11 18 23 32 12 21 20 11 31 17 26 20 31 18 34 17 25 21 16 32 16 20 23 29 12 11 19 36 17 31 34 30 19 12 11 15 32 20 16 20 15 29 23 26 19 33 31 34 23 12 13 12 11 37 32 16 15 21 35 31 25 31 33 19 18 22 40 23 19 27 39 20 39 28 23 11 35 31 39 23 23 14 36 40 24 14 31 35 19 18 40 24 17 11 22 24 26 18 23 16 37 39 40 23 22 18 20 13 17 30 18 23 12 21 33 17 36 28 13 27 13 27 36 24 35 34 32 30 29 27 31 28 35 16 16 18 15 33 14 39 40 38 18 14 16 24 39 37 19 31 12 20 26 38 36 27 36 15 14 19 21 23 31 22 23 28 14 29 18 11 24 12 15 37 32 25 18 38 25 30 18 28 30 29 37 35 28 34 22 11 22 29 20 24 12 38 38 22 25 26 14 37 34 28 36 14 13 11 37 34 32 40 23 38 14 34 33 21 37 29 15 31 13 36 15
18 20 26 11 23 24 1 26 6 21 30 9 14 9 13 5 10 7 1 7 14 4 14 3 5 23 10 8 16 3 9 14 22 9 7 27 1 7 30 14 21 25 27 22 2 22 19 6 6 20 18 9 15 30 25 15 15 30 7 18 7 20 25 10 14 14 26 3 16 20 1 14 13 3 18 11 27 20 23 19 5 22 21 23 5 11 9 10 8 17 27 3 21 25 23 25 6 24 9 21 8 22 5 26 17 16 14 22 25 19 4 20 6 2 2 10 20 26 7 10 18 4 11 11 3 6 2 30 17 16 25 3 14 4 18 11 25 2 12 3 30 8 18 16 23 15 21 2 6 14 27 26 12 28 21 4 6 15 8 2 19 17 10 29 8 8 20 10 5 27 29 4 18 20 24 20 9 8 9 26 22 30 12 3 14 27 25 21 28 19 8 3 8 29 4 7 2 4 1 20 9 20 17 7 5 24 6 2 6 5 8 18 9 10 25 13 24 21 30 5 2 11 27 9 14 5 20 24 9 25 6 10 18 9 19 14 27 23 5 2 17 20 9 30 20 17 25 27 24 7 11 26 17 30 6 14 16 17 9 14 28 25 3 9 19 2 20 12 6 4 10 20 10 12 3 1 8 13 22 2 11 10 1 21 7 16 10 21 8 24 7 15 11 6 22 6 10 13 19 2 1 9 26 7 21 24 20 9 2 1 5 22 10 6 10 5 19 13 16 9 23 21 24 13 2 3 2 1 27 22 6 5 11 25 21 15 21 23 9 8 12 30 13 9 17 29 10 29 18 13 1 25 21 29 13 13 4 26 30 14 4 21 25 9 8 30 14 7 1 12 14 16 8 13 6 27 29 30 13 12 8 10 3 7 20 8 13 2 11 23 7 26 18 3 17 3 17 26 14 25 24 22 20 19 17 21 18 25 6 6 8 5 23 4 29 30 28 8 4 6 14 29 27 9 21 2 10 16 28 26 17 26 5 4 9 11 13 21 12 13 18 4 19 8 1 14 2 5 27 22 15 8 28 15 20 8 18 20 19 27 25 18 24 12 1 12 19 10 14 2 28 28 12 15 16 4 27 24 18 26 4 3 1 27 24 22 30 13 28 4 24 23 11 27 19 5 21 3 26 5
1 3 14
101 293 264 322 368 196 424 308 473 431 281 393 304 147
1 3 19
62 190 404 44 387 119 224 131 214 303 296 380 350 127 382 319 212 31 82
1 2 25
213 478 427 192 104 433 490 378 267 383 255 197 425 93 444 311 45 290 335 10 252 15 461 483 486
1 4 18
121 377 83 321 7 59 486 146 105 112 223 361 0 386 256 216 281 353
1 4 13
446 452 28 244 274 283 19 406 405 179 372 147 335
1 3 26
263 432 106 169 5 188 144 488 497 426 23 126 208 202 339 331 316 47 49 129 288 419 431 443 450 455
1 3 17
467 184 227 46 259 156 137 251 68 58 235 329 76 376 111 22 162
1 3 21
167 117 345 97 64 412 26 492 463 396 300 21 209 61 168 289 155 38 184 271 318
1 3 19
445 472 200 365 233 484 115 438 417 366 163 48 277 40 337 193 81 72 43
1 7 10
464 328 91 194 108 130 88 7 9 217
1 4 15
140 181 54 369 327 24 92 419 199 161 282 330 82 111 234
1 2 24
175 74 301 342 476 279 302 248 22 171 152 257 65 440 3 375 148 6 298 234 260 469 458 358
1 2 23
468 159 355 139 250 231 418 243 392 174 451 326 66 475 495 346 456 253 53 206 114 70 72
1 3 20
180 18 413 27 240 299 232 315 409 258 102 314 447 358 320 411 96 146 160 193
1 2 19
400 367 226 268 385 241 225 52 67 462 84 25 352 41 273 333 39 405 498
1 10 8
487 348 347 50 287 316 386 415
1 2 25
403 381 388 391 353 280 465 1 245 158 496 60 262 441 11 237 294 29 266 228 434 85 285 321 427
1 3 21
362 414 474 34 265 118 428 344 33 219 122 123 124 278 491 94 151 389 448 452 499
1 3 20
247 103 49 310 471 340 107 370 470 14 56 165 437 416 236 317 12 176 368 425
1 5 12
309 189 306 421 160 203 110 292 207 186 35 266
1 12 7
489 384 73 115 178 240 474
1 2 24
325 261 151 4 276 334 153 132 191 125 100 313 498 205 57 275 479 42 150 453 9 343 449 291
1 4 15
183 38 204 494 410 285 211 154 242 230 354 249 156 289 404
1 2 28
493 239 17 178 129 338 389 141 164 360 272 395 238 185 399 379 87 215 477 96 221 170 36 166 93 121 245 361
1 5 14
218 423 16 216 363 305 95 177 134 32 55 123 221 326
1 2 20
307 210 499 398 442 270 402 455 142 420 482 99 69 195 73 394 357 149 88 127
1 6 4
75 324 136 373
1 10 9
2 109 312 47 460 155 180 185 225
1 2 26
359 435 187 371 332 439 246 430 78 288 390 176 459 71 480 77 397 284 143 86 436 457 220 182 98 145
1 6 9
229 80 217 364 120 341 295 162 250
1 2 27
415 145 113 133 138 466 401 271 43 254 79 13 351 481 454 373 98 198 172 286 90 37 450 2 170 297 420
1 6 10
51 407 89 201 8 374 157 320 434 495
1 2 25
443 422 30 70 222 116 63 20 356 408 485 128 349 323 448 173 318 429 336 135 269 77 138 296 471
1 12 8
297 136 85 81 99 139 202 400
