500 35 775 33
13 21 18 18 34 39 18 12 23 36 39 33 31 36 30 37 24 27 33 13 22 11 34 11 23 13 28 17 27 31 19 32 24 27 31 23 23 15 31 24 28 38 31 19 31 32 30 38 37 31 17 20 19 19 28 26 35 35 38 32 28 18 35 21 28 36 12 13 35 12 21 35 35 21 36 33 39 28 13 40 31 11 13 25 23 11 12 16 34 30 40 20 39 36 27 17 38 31 35 17 27 28 22 16 35 28 13 12 18 18 19 27 20 20 29 37 13 35 14 11 15 12 38 20 28 37 28 19 18 14 29 40 40 31 27 23 19 23 29 34 24 21 19 30 34 16 33 15 34 11 36 23 36 34 28 17 25 39 28 25 26 18 30 20 18 25 14 37 26 36 18 18 35 12 14 26 24 32 23 17 40 25 31 22 36 33 21 30 20 30 38 13 28 31 11 11 27 14 31 12 28 39 31 35 34 39 11 37 39 24 30 13 15 23 19 38 24 39 20 25 25 11 19 40 30 25 32 14 30 11 18 29 28 15 12 12 27 17 38 37 14 16 39 40 11 30 29 33 11 17 27 11 26 14 13 14 30 34 12 13 22 14 16 34 35 33 29 26 20 40 32 29 16 21 25 14 27 17 11 21 21 34 25 20 39 16 27 23 28 39 39 21 21 35 26 34 38 34 12 18 26 21 29 21 19 11 24 35 12 40 31 21 32 27 13 15 38 20 38 14 28 20 26 23 34 22 28 27 32 34 11 37 14 11 36 14 38 38 11 34 24 35 28 18 29 20 38 31 25 40 20 31 22 35 38 16 24 33 27 33 26 38 17 21 25 21 28 32 21 39 22 22 34 34 19 27 11 14 30 28 16 17 40 23 27 22 28 25 20 14 37 18 38 23 29 25 11 29 19 12 23 23 15 24 29 29 28 35 11 29 30 23 21 20 25 28 22 22 12 13 17 14 20 35 30 11 35 20 16 15 27 35 22 34 20 31 19 31 28 25 20 16 32 14 37 35 17 40 20 22 11 34 35 14 28 20 20 15 39 26 26 24 40 18 24 17 11 24 27 24 39 28 33 12 27 28 39 15 33 29 28 33 34 30 27 39 35 16 16 34 21 35 16 11 34 24 15 11 28 22
3 11 8 8 24 29 8 2 13 26 29 23 21 26 20 27 14 17 23 3 12 1 24 1 13 3 18 7 17 21 9 22 14 17 21 13 13 5 21 14 18 28 21 9 21 22 20 28 27 21 7 10 9 9 18 16 25 25 28 22 18 8 25 11 18 26 2 3 25 2 11 25 25 11 26 23 29 18 3 30 21 1 3 15 13 1 2 6 24 20 30 10 29 26 17 7 28 21 25 7 17 18 12 6 25 18 3 2 8 8 9 17 10 10 19 27 3 25 4 1 5 2 28 10 18 27 18 9 8 4 19 30 30 21 17 13 9 13 19 24 14 11 9 20 24 6 23 5 24 1 26 13 26 24 18 7 15 29 18 15 16 8 20 10 8 15 4 27 16 26 8 8 25 2 4 16 14 22 13 7 30 15 21 12 26 23 11 20 10 20 28 3 18 21 1 1 17 4 21 2 18 29 21 25 24 29 1 27 29 14 20 3 5 13 9 28 14 29 10 15 15 1 9 30 20 15 22 4 20 1 8 19 18 5 2 2 17 7 28 27 4 6 29 30 1 20 19 23 1 7 17 1 16 4 3 4 20 24 2 3 12 4 6 24 25 23 19 16 10 30 22 19 6 11 15 4 17 7 1 11 11 24 15 10 29 6 17 13 18 29 29 11 11 25 16 24 28 24 2 8 16 11 19 11 9 1 14 25 2 30 21 11 22 17 3 5 28 10 28 4 18 10 16 13 24 12 18 17 22 24 1 27 4 1 26 4 28 28 1 24 14 25 18 8 19 10 28 21 15 30 10 21 12 25 28 6 14 23 17 23 16 28 7 11 15 11 18 22 11 29 12 12 24 24 9 17 1 4 20 18 6 7 30 13 17 12 18 15 10 4 27 8 28 13 19 15 1 19 9 2 13 13 5 14 19 19 18 25 1 19 20 13 11 10 15 18 12 12 2 3 7 4 10 25 20 1 25 10 6 5 17 25 12 24 10 21 9 21 18 15 10 6 22 4 27 25 7 30 10 12 1 24 25 4 18 10 10 5 29 16 16 14 30 8 14 7 1 14 17 14 29 18 23 2 17 18 29 5 23 19 18 23 24 20 17 29 25 6 6 24 11 25 6 1 24 14 5 1 18 12
1 18 9
133 282 68 115 160 163 215 349 453
4 8 19
178 448 334 145 62 242 208 183 148 59 276 418 358 45 23 18 83 194 272
13 15 29
128 301 442 236 321 119 60 269 344 429 132 184 91 75 245 238 467 168 367 452 48 88 111 230 308 327 353 428 463
1 3 24
325 465 66 444 426 298 391 419 447 172 493 414 477 389 253 254 49 208 231 295 336 345 350 384
3 10 22
285 115 99 63 189 173 7 15 47 55 100 113 145 216 227 259 276 300 315 354 411 466
2 7 23
466 474 105 411 490 356 336 34 319 193 46 136 152 175 184 203 225 284 312 376 401 415 438
5 9 21
181 164 194 120 41 8 116 292 204 272 171 24 26 97 155 202 207 290 296 337 341
5 8 31
342 290 361 339 357 491 58 108 25 20 475 464 258 51 333 166 125 396 249 263 42 75 195 234 264 281 343 363 392 427 469
1 2 25
377 388 461 468 151 225 401 112 37 434 402 140 22 69 256 359 14 23 162 220 258 294 310 333 420
4 6 27
454 144 317 440 283 347 93 398 405 87 84 159 65 415 370 390 202 259 9 16 17 38 161 237 381 385 482
3 12 12
363 294 455 48 221 53 133 138 270 286 311 474
5 8 21
73 412 39 32 469 210 196 50 223 251 137 329 31 42 109 12 30 87 218 233 369
10 10 36
244 423 123 163 350 369 326 36 450 286 27 449 291 394 479 222 89 197 226 488 92 239 252 451 19 28 32 49 102 141 144 186 285 322 344 360
2 8 15
331 416 5 496 379 315 1 421 114 33 142 168 171 239 455
2 20 11
104 111 386 56 178 255 262 347 370 444 497
1 6 19
157 495 15 307 201 78 280 308 445 70 104 126 135 185 240 241 371 435 496
8 12 16
265 11 16 53 97 188 322 470 335 214 240 212 74 130 280 389
10 10 34
330 409 310 170 320 4 96 453 182 300 77 487 406 304 224 312 436 482 81 118 167 261 420 0 112 214 246 253 283 292 334 365 449 477
4 10 19
17 35 209 433 85 498 52 211 437 50 179 188 252 274 332 388 418 423 489
4 7 26
484 74 314 404 129 392 270 165 486 100 55 373 142 288 29 271 10 60 101 156 221 268 323 357 362 387
10 13 26
61 385 247 438 187 328 417 274 255 186 346 407 117 106 343 30 41 177 244 307 313 314 325 440 441 499
13 12 34
122 234 94 348 156 158 141 323 446 180 161 432 215 372 233 237 284 462 121 82 232 102 295 424 114 193 197 260 273 421 429 436 493 495
6 18 22
153 143 228 250 150 227 177 324 169 21 31 77 149 183 205 355 378 402 416 450 473 486
7 11 25
289 86 287 366 345 149 219 268 6 110 18 63 69 146 180 201 275 303 367 391 397 434 442 458 491
1 11 12
422 130 375 354 190 1 64 222 223 248 249 451
1 7 13
101 47 297 103 277 264 134 6 328 340 439 447 452
1 6 15
352 3 67 351 95 113 207 82 157 182 213 288 361 432 492
5 7 34
316 191 278 26 481 192 19 360 205 131 492 231 463 267 471 176 241 154 14 489 185 71 29 66 85 103 116 139 169 298 424 461 465 488
10 10 29
275 70 279 305 497 427 80 378 12 494 299 365 337 483 380 246 318 127 382 43 243 460 428 54 51 154 348 464 490
3 8 22
456 431 79 439 443 28 56 260 296 397 306 459 476 22 81 94 129 132 269 301 352 481
12 13 23
383 98 160 200 198 387 0 216 217 368 341 262 7 40 430 393 400 126 99 109 110 279 446
5 6 32
338 199 83 220 24 179 485 313 174 124 235 206 362 68 458 457 139 399 293 413 257 425 441 138 67 121 243 263 291 297 317 398
13 10 30
136 281 33 374 384 499 90 311 230 162 480 309 203 147 2 473 175 355 303 364 107 213 155 135 381 137 265 330 478 484
13 14 29
248 410 302 353 478 13 44 76 349 403 472 57 327 266 229 10 195 38 88 408 9 340 64 395 78 247 277 364 394
1 4 21
332 218 273 371 376 46 152 21 72 146 435 5 134 199 250 289 326 386 395 403 475
