300 34 465 20
29 19 32 37 18 12 20 36 21 18 28 30 40 19 18 11 30 39 12 12 27 12 27 12 16 27 34 23 18 12 15 32 25 34 31 11 18 33 33 39 34 28 20 37 36 21 37 27 22 22 12 13 15 28 25 39 33 15 12 32 14 38 15 25 21 32 28 14 35 13 18 17 16 34 31 12 14 25 32 31 35 31 34 36 26 31 16 19 39 27 13 32 11 28 40 16 21 17 14 30 22 24 20 34 24 29 26 19 25 32 38 38 20 23 30 24 24 39 38 23 27 25 24 11 26 14 27 38 37 21 16 35 29 20 27 28 31 33 28 28 11 29 20 26 33 18 30 40 21 23 14 38 36 26 32 21 19 37 23 11 12 16 30 12 38 34 39 31 19 33 27 24 22 25 21 33 15 26 37 34 30 12 14 35 16 23 27 17 25 17 21 31 34 23 26 13 26 17 40 23 20 29 28 21 11 36 33 32 24 27 35 29 22 15 25 16 25 32 17 24 26 37 33 33 32 31 20 20 25 38 16 22 35 24 12 16 12 25 13 23 36 34 34 32 24 17 40 31 27 22 25 38 24 16 21 36 22 28 24 33 32 39 20 40 35 28 13 32 13 15 18 23 33 38 29 13 24 25 16 22 28 20 39 18 38 14 37 39 35 21 35 13 21 40 14 38 27 33 31 22
19 9 22 27 8 2 10 26 11 8 18 20 30 9 8 1 20 29 2 2 17 2 17 2 6 17 24 13 8 2 5 22 15 24 21 1 8 23 23 29 24 18 10 27 26 11 27 17 12 12 2 3 5 18 15 29 23 5 2 22 4 28 5 15 11 22 18 4 25 3 8 7 6 24 21 2 4 15 22 21 25 21 24 26 16 21 6 9 29 17 3 22 1 18 30 6 11 7 4 20 12 14 10 24 14 19 16 9 15 22 28 28 10 13 20 14 14 29 28 13 17 15 14 1 16 4 17 28 27 11 6 25 19 10 17 18 21 23 18 18 1 19 10 16 23 8 20 30 11 13 4 28 26 16 22 11 9 27 13 1 2 6 20 2 28 24 29 21 9 23 17 14 12 15 11 23 5 16 27 24 20 2 4 25 6 13 17 7 15 7 11 21 24 13 16 3 16 7 30 13 10 19 18 11 1 26 23 22 14 17 25 19 12 5 15 6 15 22 7 14 16 27 23 23 22 21 10 10 15 28 6 12 25 14 2 6 2 15 3 13 26 24 24 22 14 7 30 21 17 12 15 28 14 6 11 26 12 18 14 23 22 29 10 30 25 18 3 22 3 5 8 13 23 28 19 3 14 15 6 12 18 10 29 8 28 4 27 29 25 11 25 3 11 30 4 28 17 23 21 12
1 5 7
13 254 169 213 52 92 42
7 9 20
243 60 28 248 227 275 163 299 249 58 44 197 292 12 18 20 24 150 206 256
6 13 17
97 23 142 146 242 162 209 96 141 2 76 117 130 183 195 224 225
8 15 24
16 173 253 161 47 88 181 273 43 34 123 240 110 109 82 11 91 111 114 222 232 239 259 284
2 6 15
69 8 0 86 217 1 222 94 174 170 116 89 96 261 266
1 9 12
99 281 91 269 46 35 58 63 101 154 263 297
6 13 20
195 255 3 205 50 241 207 37 270 280 226 17 80 6 46 68 157 231 242 244
1 14 5
158 228 99 176 202
3 8 19
258 45 56 261 183 196 48 107 246 278 112 212 94 105 133 138 190 213 296
1 5 15
62 104 160 247 105 165 89 277 22 110 152 172 203 204 216
5 13 14
201 147 238 19 32 5 159 139 136 263 23 83 129 211
3 18 8
73 154 59 137 4 87 125 173
7 10 18
239 156 29 70 220 225 90 230 26 206 271 72 16 77 131 140 149 246
2 15 6
297 145 98 267 198 262
1 17 8
31 27 73 116 199 234 243 292
2 5 17
296 129 130 231 187 216 21 95 42 157 160 181 252 255 260 267 273
2 18 7
124 20 79 7 167 193 228
6 10 13
143 291 184 36 12 237 234 67 286 126 113 283 50
3 7 24
18 257 288 236 244 122 167 221 290 10 84 264 115 57 117 64 85 119 121 194 205 241 277 285
3 8 13
150 155 2 108 128 294 101 194 133 176 127 139 141
1 10 5
9 223 266 36 123
8 12 19
135 74 218 232 138 114 285 235 148 190 121 279 7 260 26 70 226 245 281
3 18 9
127 250 78 40 265 49 65 215 218
2 17 15
272 65 210 153 9 25 45 61 90 137 148 151 191 268 295
2 5 21
259 15 164 179 185 215 106 191 202 276 151 140 175 66 22 43 136 170 197 287 299
3 10 13
134 224 41 120 118 24 293 132 144 295 79 187 212
6 10 19
85 172 208 51 298 245 119 81 282 38 33 75 149 262 1 78 92 274 294
7 13 20
256 284 14 287 61 192 125 54 268 233 39 219 171 27 55 86 217 236 269 282
2 11 8
77 182 168 55 199 103 146 209
1 5 12
204 30 102 28 47 81 124 163 196 240 248 270
1 6 13
251 111 25 35 64 100 87 76 68 60 184 233 257
2 8 16
83 178 71 229 11 93 274 186 189 214 103 132 145 182 278 291
4 8 16
200 63 289 131 180 152 166 6 49 252 177 193 203 69 251 275
2 17 8
188 53 211 32 221 283 289 293
