300 36 465 20
19 30 31 20 25 38 31 16 11 15 20 30 22 39 21 29 26 31 36 28 35 14 32 31 23 25 20 17 35 18 34 38 24 11 35 30 14 20 22 29 32 19 29 25 34 30 21 25 31 19 39 32 16 14 30 34 11 32 34 19 40 20 18 28 29 14 39 13 12 18 17 24 40 17 37 31 30 24 22 11 20 20 26 13 30 28 15 20 21 36 24 18 24 39 16 23 31 26 34 38 32 25 33 28 30 15 11 24 40 37 30 36 32 11 30 29 33 26 16 40 38 35 15 21 35 31 22 19 33 24 36 15 23 40 28 22 23 26 27 37 23 32 23 15 19 37 13 36 33 11 30 11 38 35 24 26 12 37 18 20 11 28 11 17 14 25 12 29 30 23 30 19 22 23 33 29 25 17 34 27 18 29 26 36 16 19 12 27 40 19 29 36 15 30 37 24 28 34 36 18 40 11 33 23 25 34 40 37 34 19 33 35 14 40 26 40 23 28 35 31 33 37 11 11 36 12 31 28 25 30 18 23 20 17 24 27 27 32 11 38 20 40 18 40 26 38 23 40 12 26 33 25 29 28 39 30 35 39 18 32 27 11 15 16 31 31 28 40 37 16 13 24 11 20 28 18 25 36 36 33 15 34 28 31 37 12 18 29 33 31 35 38 19 40 30 14 23 17 33 22
9 20 21 10 15 28 21 6 1 5 10 20 12 29 11 19 16 21 26 18 25 4 22 21 13 15 10 7 25 8 24 28 14 1 25 20 4 10 12 19 22 9 19 15 24 20 11 15 21 9 29 22 6 4 20 24 1 22 24 9 30 10 8 18 19 4 29 3 2 8 7 14 30 7 27 21 20 14 12 1 10 10 16 3 20 18 5 10 11 26 14 8 14 29 6 13 21 16 24 28 22 15 23 18 20 5 1 14 30 27 20 26 22 1 20 19 23 16 6 30 28 25 5 11 25 21 12 9 23 14 26 5 13 30 18 12 13 16 17 27 13 22 13 5 9 27 3 26 23 1 20 1 28 25 14 16 2 27 8 10 1 18 1 7 4 15 2 19 20 13 20 9 12 13 23 19 15 7 24 17 8 19 16 26 6 9 2 17 30 9 19 26 5 20 27 14 18 24 26 8 30 1 23 13 15 24 30 27 24 9 23 25 4 30 16 30 13 18 25 21 23 27 1 1 26 2 21 18 15 20 8 13 10 7 14 17 17 22 1 28 10 30 8 30 16 28 13 30 2 16 23 15 19 18 29 20 25 29 8 22 17 1 5 6 21 21 18 30 27 6 3 14 1 10 18 8 15 26 26 23 5 24 18 21 27 2 8 19 23 21 25 28 9 30 20 4 13 7 23 12
3 12 9
236 234 213 8 222 45 86 127 143
1 6 12
195 249 15 33 114 85 44 68 108 216 253 285
1 12 7
21 215 184 17 31 185 222
6 11 11
220 46 129 285 172 7 49 192 93 274 283
2 9 10
145 122 161 140 78 205 83 3 153 229
1 4 16
105 256 44 109 177 28 186 263 157 150 29 9 27 79 115 268
3 20 9
130 224 278 297 178 172 181 233 240
2 19 7
206 57 112 55 35 98 156
2 16 8
94 63 121 22 40 76 205 286
3 7 19
272 231 11 107 292 87 76 22 143 225 197 198 270 243 59 137 186 263 295
6 12 17
142 163 199 276 151 289 89 185 250 51 56 74 80 96 145 195 294
1 19 5
102 137 30 136 247
5 15 12
180 261 118 19 191 294 221 42 119 244 250 254
6 17 14
284 61 13 152 296 23 86 27 108 57 70 194 209 266
1 17 7
252 165 13 118 124 132 258
1 21 5
239 25 90 93 243
4 9 25
229 40 67 160 144 39 62 116 139 196 204 10 2 33 121 131 171 202 206 237 262 264 290 291 297
3 11 9
235 273 171 259 149 12 58 113 184
2 10 11
200 24 299 59 38 179 133 189 231 275 287
1 5 16
4 188 90 190 16 75 241 32 212 262 291 125 166 204 217 279
8 15 17
155 58 153 101 223 35 147 148 36 267 201 240 62 89 183 219 296
5 9 23
69 194 181 14 247 164 126 72 41 26 169 266 286 280 189 6 21 37 53 100 116 158 289
2 5 18
65 9 207 282 31 251 54 141 12 34 133 246 269 132 219 179 241 270
6 12 21
20 51 170 134 50 182 214 274 135 202 253 3 36 81 83 109 129 150 163 224 255
2 11 8
64 193 146 103 159 101 157 277
3 12 10
158 208 187 92 166 167 168 175 227 272
4 14 13
281 277 293 287 271 131 203 77 43 110 125 214 228
5 8 19
123 228 56 96 242 216 68 136 45 127 71 2 26 94 95 104 122 199 218
2 9 14
237 248 91 175 233 211 111 217 39 50 67 117 177 197
2 5 18
138 95 73 43 210 104 18 97 48 167 238 5 100 47 107 208 261 278
2 9 21
115 99 268 209 30 264 283 1 257 23 41 72 88 128 201 203 207 213 215 245 299
2 10 11
47 66 17 230 120 53 162 218 28 105 178
2 5 19
154 176 298 0 82 88 173 110 117 232 168 275 60 226 183 71 123 142 160
1 11 8
279 174 258 156 91 99 139 210
6 10 17
6 52 37 244 106 124 113 290 70 79 288 260 295 84 74 97 102
1 6 18
265 227 81 255 98 254 80 245 128 20 24 149 193 196 198 230 249 267
