800 41 1240 53
37 28 38 30 33 11 11 22 16 12 11 17 37 22 17 13 32 27 20 15 17 24 11 37 23 19 38 17 29 24 14 33 13 18 11 26 30 16 33 24 16 34 38 29 28 14 11 35 36 11 12 27 18 27 25 18 21 36 14 36 35 40 19 26 34 24 12 22 28 28 16 13 37 26 16 22 29 19 38 21 25 40 26 24 15 18 28 25 23 35 28 32 31 19 40 19 27 33 27 17 19 23 11 16 18 13 39 20 31 35 17 28 17 18 30 30 24 23 29 34 17 33 26 31 22 26 37 38 22 36 37 12 31 24 14 27 19 16 17 14 37 16 11 13 16 27 17 18 18 31 16 12 39 13 13 26 37 27 28 39 14 16 18 26 23 15 17 31 14 32 30 34 39 15 15 31 37 35 39 24 39 39 14 38 31 29 28 20 14 12 30 29 18 28 19 19 35 16 20 21 37 40 30 19 25 30 26 39 21 31 26 38 38 39 31 39 25 34 11 31 21 32 13 23 12 26 11 29 25 17 17 14 29 16 40 18 36 23 16 23 27 14 27 25 18 34 22 30 31 25 15 13 39 24 34 14 34 32 36 39 22 30 17 24 11 15 22 14 36 17 36 35 18 12 17 23 28 27 21 30 32 34 18 31 32 27 40 39 31 21 17 12 29 35 19 22 18 25 35 39 15 26 34 23 17 13 13 20 23 17 18 25 39 11 19 24 38 29 33 11 19 32 34 18 24 37 12 13 34 40 25 19 13 34 31 29 28 40 25 32 34 19 29 28 40 19 37 14 37 39 22 20 14 12 30 20 30 25 14 18 12 35 16 19 29 21 19 26 31 24 20 30 11 33 26 32 35 37 14 15 11 31 35 40 24 34 25 34 38 12 22 15 33 18 37 24 19 21 27 24 16 29 15 39 14 19 21 26 35 15 12 17 25 16 35 38 31 34 17 17 19 22 27 36 40 20 21 27 16 24 14 25 14 20 38 31 15 24 21 37 36 14 24 16 36 37 36 11 11 26 11 31 30 21 19 19 22 20 32 24 27 39 34 12 22 29 14 22 39 26 17 25 38 39 23 12 14 23 37 40 40 36 25 25 24 12 24 24 17 38 27 19 38 29 26 20 30 31 23 37 19 20 22 18 40 18 21 33 18 20 26 33 11 14 22 16 13 29 13 19 21 28 12 12 28 27 36 16 28 16 28 36 32 23 23 15 23 14 40 26 36 21 14 39 24 17 24 26 15 21 39 21 11 38 16 15 12 16 39 18 13 27 37 15 17 26 27 30 25 12 29 28 22 17 29 20 27 19 31 18 24 17 21 33 25 20 34 25 17 40 40 19 39 15 34 38 25 36 22 37 27 26 34 28 24 36 40 14 36 28 11 36 19 34 31 23 33 15 14 37 38 22 13 35 26 39 26 22 16 28 35 30 11 26 29 14 35 21 22 27 17 21 12 28 21 34 23 20 34 33 34 24 30 32 14 30 20 28 21 35 28 37 37 30 33 33 40 33 12 15 32 15 18 13 33 16 31 37 17 29 15 15 18 29 32 40 30 40 39 36 24 30 32 17 39 15 27 26 26 11 20 31 40 22 13 26 29 29 26 13 16 38 25 30 40 19 24 37 27 31 39 22 20 24 39 33 28 36 28 39 35 40 33 37 17 24 30 34 36 15 20 27 14 11 28 17 34 27 19 26 30 40 15 18 29 24 32 38 12 26 20 19 36 40 24 35 19 12 25 19 20 24 37 30 15 31 33 40 27 28 32 17 39 28 38 15 11 15 29 28 13 39 27 22 16 20 35 20 25 36
27 18 28 20 23 1 1 12 6 2 1 7 27 12 7 3 22 17 10 5 7 14 1 27 13 9 28 7 19 14 4 23 3 8 1 16 20 6 23 14 6 24 28 19 18 4 1 25 26 1 2 17 8 17 15 8 11 26 4 26 25 30 9 16 24 14 2 12 18 18 6 3 27 16 6 12 19 9 28 11 15 30 16 14 5 8 18 15 13 25 18 22 21 9 30 9 17 23 17 7 9 13 1 6 8 3 29 10 21 25 7 18 7 8 20 20 14 13 19 24 7 23 16 21 12 16 27 28 12 26 27 2 21 14 4 17 9 6 7 4 27 6 1 3 6 17 7 8 8 21 6 2 29 3 3 16 27 17 18 29 4 6 8 16 13 5 7 21 4 22 20 24 29 5 5 21 27 25 29 14 29 29 4 28 21 19 18 10 4 2 20 19 8 18 9 9 25 6 10 11 27 30 20 9 15 20 16 29 11 21 16 28 28 29 21 29 15 24 1 21 11 22 3 13 2 16 1 19 15 7 7 4 19 6 30 8 26 13 6 13 17 4 17 15 8 24 12 20 21 15 5 3 29 14 24 4 24 22 26 29 12 20 7 14 1 5 12 4 26 7 26 25 8 2 7 13 18 17 11 20 22 24 8 21 22 17 30 29 21 11 7 2 19 25 9 12 8 15 25 29 5 16 24 13 7 3 3 10 13 7 8 15 29 1 9 14 28 19 23 1 9 22 24 8 14 27 2 3 24 30 15 9 3 24 21 19 18 30 15 22 24 9 19 18 30 9 27 4 27 29 12 10 4 2 20 10 20 15 4 8 2 25 6 9 19 11 9 16 21 14 10 20 1 23 16 22 25 27 4 5 1 21 25 30 14 24 15 24 28 2 12 5 23 8 27 14 9 11 17 14 6 19 5 29 4 9 11 16 25 5 2 7 15 6 25 28 21 24 7 7 9 12 17 26 30 10 11 17 6 14 4 15 4 10 28 21 5 14 11 27 26 4 14 6 26 27 26 1 1 16 1 21 20 11 9 9 12 10 22 14 17 29 24 2 12 19 4 12 29 16 7 15 28 29 13 2 4 13 27 30 30 26 15 15 14 2 14 14 7 28 17 9 28 19 16 10 20 21 13 27 9 10 12 8 30 8 11 23 8 10 16 23 1 4 12 6 3 19 3 9 11 18 2 2 18 17 26 6 18 6 18 26 22 13 13 5 13 4 30 16 26 11 4 29 14 7 14 16 5 11 29 11 1 28 6 5 2 6 29 8 3 17 27 5 7 16 17 20 15 2 19 18 12 7 19 10 17 9 21 8 14 7 11 23 15 10 24 15 7 30 30 9 29 5 24 28 15 26 12 27 17 16 24 18 14 26 30 4 26 18 1 26 9 24 21 13 23 5 4 27 28 12 3 25 16 29 16 12 6 18 25 20 1 16 19 4 25 11 12 17 7 11 2 18 11 24 13 10 24 23 24 14 20 22 4 20 10 18 11 25 18 27 27 20 23 23 30 23 2 5 22 5 8 3 23 6 21 27 7 19 5 5 8 19 22 30 20 30 29 26 14 20 22 7 29 5 17 16 16 1 10 21 30 12 3 16 19 19 16 3 6 28 15 20 30 9 14 27 17 21 29 12 10 14 29 23 18 26 18 29 25 30 23 27 7 14 20 24 26 5 10 17 4 1 18 7 24 17 9 16 20 30 5 8 19 14 22 28 2 16 10 9 26 30 14 25 9 2 15 9 10 14 27 20 5 21 23 30 17 18 22 7 29 18 28 5 1 5 19 18 3 29 17 12 6 10 25 10 15 26
13 13 42
796 205 479 285 422 558 298 764 190 269 692 381 541 168 196 452 429 170 569 173 232 41 685 406 518 4 31 54 148 162 164 211 217 237 335 372 383 453 559 673 686 727
10 11 28
686 99 585 50 38 163 567 470 164 525 248 658 250 770 713 669 15 24 93 156 196 268 286 518 621 660 680 709
11 12 39
673 463 698 172 332 610 334 760 440 526 214 318 189 778 104 478 662 92 316 590 614 466 37 645 68 67 183 197 218 277 304 354 470 550 581 683 702 705 707
5 7 35
612 9 777 317 237 611 264 136 183 742 231 521 352 78 315 373 389 325 491 350 213 513 443 110 102 124 242 267 386 441 548 606 613 618 694
1 10 12
793 331 152 165 194 288 419 547 697 729 747 789
1 1 46
4 694 150 532 598 739 759 8 223 632 480 442 670 416 219 412 24 447 676 654 375 720 615 723 431 523 522 707 678 138 501 327 386 631 20 38 95 143 146 527 541 611 648 716 728 771
14 10 46
627 392 236 148 512 119 782 418 423 619 502 210 32 73 58 489 194 488 324 69 135 450 545 88 653 67 349 63 596 276 368 53 94 144 163 198 341 370 393 447 494 506 540 578 698 700
5 11 27
617 616 388 105 238 247 30 613 758 700 68 175 243 385 400 403 422 463 488 498 512 533 535 566 599 650 692
2 8 24
576 446 52 198 476 330 244 64 137 396 492 502 519 589 628 664 676 710 711 735 759 761 777 793
1 13 13
239 458 706 101 235 378 413 423 501 549 755 757 798
3 10 24
628 635 486 792 799 359 26 473 727 305 595 23 99 117 149 160 166 332 390 410 426 446 642 754
7 11 19
378 303 605 583 517 524 154 353 426 734 179 57 66 123 247 263 424 466 733
6 5 46
527 121 342 543 235 444 344 19 761 184 728 571 530 86 664 354 363 503 681 225 548 589 101 85 31 307 672 147 87 624 84 160 195 338 12 135 142 322 345 465 477 529 696 743 766 782
8 11 35
57 788 301 566 693 125 161 740 385 215 511 425 382 249 621 736 35 71 105 126 155 171 182 208 252 272 428 489 515 568 582 614 639 661 778
11 10 31
741 336 22 151 137 699 17 647 116 604 182 507 745 609 674 152 6 773 356 282 449 562 243 103 119 248 251 375 459 719 775
2 6 28
504 485 726 206 56 538 185 753 542 361 497 246 756 14 80 188 192 299 302 315 414 430 458 461 552 573 655 732
3 13 16
751 469 581 281 323 126 789 177 70 169 271 444 476 531 756 786
5 4 52
107 98 500 186 400 340 271 299 665 251 369 14 762 149 642 394 118 380 784 493 780 268 539 495 60 575 603 266 531 166 690 546 552 306 417 496 146 83 7 44 48 63 170 176 216 303 456 510 574 641 741 781
6 7 27
436 460 289 134 607 646 438 229 508 364 120 42 2 224 781 456 55 33 114 255 262 310 317 484 675 687 712
9 9 32
421 287 634 506 39 312 772 433 709 798 757 75 786 329 766 787 358 300 409 49 40 434 193 54 320 113 120 309 388 455 612 622
13 13 39
396 199 257 294 650 648 574 544 499 169 746 578 403 228 45 393 255 459 408 641 234 401 540 451 724 65 161 231 261 328 358 361 369 474 558 570 596 671 704
2 17 19
468 290 221 718 202 207 214 285 429 532 534 560 579 590 603 610 631 643 772
6 4 55
274 142 209 533 455 346 370 620 689 637 638 97 779 74 284 226 36 27 413 415 411 445 314 376 29 379 347 240 95 365 464 551 5 117 597 563 579 326 633 643 1 25 106 134 181 201 350 368 431 468 493 513 594 679 706
15 10 56
716 129 277 554 357 462 90 128 333 721 252 302 171 106 207 355 310 582 622 570 439 701 140 391 710 556 115 44 655 341 775 279 328 549 514 659 26 34 100 107 127 195 232 233 240 266 290 331 365 473 545 546 600 748 765 791
2 10 14
96 752 93 53 62 150 297 320 325 379 472 588 591 799
1 9 14
419 374 208 75 76 109 199 223 296 314 352 359 514 556
2 6 19
372 747 79 34 561 719 76 366 263 293 147 180 284 313 326 460 497 563 744
2 2 47
708 203 636 797 564 383 420 335 47 258 649 537 454 220 404 599 684 66 200 516 565 133 509 71 204 769 688 457 475 580 103 639 2 61 89 190 222 434 440 451 538 652 672 682 725 750 794
2 2 41
202 498 122 230 414 343 608 197 175 591 536 472 280 481 547 437 153 592 691 321 657 771 158 717 384 484 256 51 124 292 482 523 567 620 623 645 665 669 674 764 768
9 12 39
65 680 100 584 587 402 348 145 311 292 557 272 424 387 702 763 696 191 33 729 5 19 46 47 86 132 133 204 226 269 283 327 343 347 381 389 583 684 690
17 12 48
483 222 227 109 750 18 487 367 656 490 755 768 286 732 410 399 791 218 735 722 510 64 731 295 267 0 265 733 261 59 652 91 663 82 239 356 362 464 503 564 565 584 586 601 617 619 625 629
5 15 12
471 313 606 435 283 278 319 270 112 408 557 708
6 5 43
790 465 43 428 156 666 360 588 253 131 441 705 167 453 130 555 730 275 362 535 322 123 600 89 711 625 397 337 111 28 308 3 102 477 193 200 212 449 467 626 677 695 792
6 8 30
291 201 11 296 351 259 774 80 139 683 448 217 395 241 48 682 573 687 767 748 125 130 205 234 323 380 537 616 751 762
5 6 39
629 783 626 667 618 559 550 15 427 1 461 211 776 754 430 165 553 23 61 534 132 273 21 677 188 69 82 88 178 291 308 387 490 572 575 593 663 785 787
3 7 22
144 10 155 697 703 297 176 12 260 371 432 390 39 60 72 129 329 486 554 605 763 769
1 9 15
72 94 216 143 660 568 98 228 265 357 409 438 633 644 783
7 8 34
159 785 288 77 749 714 515 345 725 586 602 795 405 560 398 309 494 112 467 174 108 81 304 180 529 212 651 52 280 330 454 483 543 551
16 12 44
407 113 242 377 715 671 20 744 181 254 70 712 668 594 794 178 157 644 765 601 233 738 704 25 675 623 743 245 114 16 0 104 153 300 338 346 398 427 509 521 670 685 701 742
13 11 29
62 737 630 141 661 46 519 262 7 695 474 505 192 679 482 127 492 13 572 520 577 81 108 311 318 384 662 722 790
4 10 20
593 339 528 162 187 640 91 128 215 282 333 373 412 471 475 496 511 647 658 739
