500 39 775 33
25 18 14 29 37 24 37 37 30 38 26 14 22 40 31 27 21 29 36 11 18 27 25 12 35 23 40 20 33 31 39 12 37 33 20 18 32 27 32 16 26 33 36 12 28 35 23 30 28 32 28 27 35 20 29 36 35 16 14 39 28 20 29 17 31 34 13 24 35 34 12 35 22 31 18 20 11 18 19 32 13 23 37 38 28 36 22 26 21 30 17 18 27 25 28 28 34 27 19 26 33 26 26 39 39 15 34 35 16 19 40 38 35 26 16 34 12 35 40 33 19 20 29 21 14 14 12 38 24 28 19 19 34 33 19 34 23 31 17 25 37 24 13 21 12 30 11 34 15 32 29 32 40 33 24 21 20 11 30 16 11 28 29 12 20 37 12 38 17 37 25 17 24 32 13 23 13 36 23 25 32 14 33 26 13 25 15 40 27 24 40 22 24 16 22 17 37 25 16 21 29 22 15 32 35 16 16 35 12 28 16 21 19 32 33 39 39 32 19 37 14 25 33 35 39 15 39 16 27 20 30 23 25 28 23 31 36 20 37 17 27 40 19 17 32 12 30 17 27 30 39 29 33 31 35 33 31 37 15 18 18 16 27 35 21 15 12 18 38 36 32 40 38 31 23 24 20 38 23 14 22 13 20 27 16 20 15 30 32 14 22 18 17 30 23 25 35 27 39 30 26 23 16 24 12 19 23 31 17 20 30 12 28 27 38 40 29 37 18 30 27 36 23 36 22 13 19 31 27 28 36 21 34 37 23 12 39 16 19 33 21 22 28 24 40 39 19 36 30 36 24 11 26 17 29 28 28 20 40 27 12 27 13 37 31 16 38 22 36 33 30 16 19 39 13 36 17 36 19 29 19 27 34 34 25 38 40 19 20 20 12 31 39 32 12 32 35 25 32 17 15 11 37 26 12 13 38 13 34 22 26 19 30 29 25 20 32 21 39 27 19 35 22 24 24 15 37 19 31 23 35 27 16 25 11 32 17 17 25 21 14 13 30 26 34 23 13 28 37 28 12 12 18 16 18 11 16 31 28 23 35 13 12 18 31 36 24 29 16 18 30 35 23 17 32 24 21 38 26 20 39 22 33 13 32 23 37 34 20 12 17 40 15 25 15 28 19 11 34 38
15 8 4 19 27 14 27 27 20 28 16 4 12 30 21 17 11 19 26 1 8 17 15 2 25 13 30 10 23 21 29 2 27 23 10 8 22 17 22 6 16 23 26 2 18 25 13 20 18 22 18 17 25 10 19 26 25 6 4 29 18 10 19 7 21 24 3 14 25 24 2 25 12 21 8 10 1 8 9 22 3 13 27 28 18 26 12 16 11 20 7 8 17 15 18 18 24 17 9 16 23 16 16 29 29 5 24 25 6 9 30 28 25 16 6 24 2 25 30 23 9 10 19 11 4 4 2 28 14 18 9 9 24 23 9 24 13 21 7 15 27 14 3 11 2 20 1 24 5 22 19 22 30 23 14 11 10 1 20 6 1 18 19 2 10 27 2 28 7 27 15 7 14 22 3 13 3 26 13 15 22 4 23 16 3 15 5 30 17 14 30 12 14 6 12 7 27 15 6 11 19 12 5 22 25 6 6 25 2 18 6 11 9 22 23 29 29 22 9 27 4 15 23 25 29 5 29 6 17 10 20 13 15 18 13 21 26 10 27 7 17 30 9 7 22 2 20 7 17 20 29 19 23 21 25 23 21 27 5 8 8 6 17 25 11 5 2 8 28 26 22 30 28 21 13 14 10 28 13 4 12 3 10 17 6 10 5 20 22 4 12 8 7 20 13 15 25 17 29 20 16 13 6 14 2 9 13 21 7 10 20 2 18 17 28 30 19 27 8 20 17 26 13 26 12 3 9 21 17 18 26 11 24 27 13 2 29 6 9 23 11 12 18 14 30 29 9 26 20 26 14 1 16 7 19 18 18 10 30 17 2 17 3 27 21 6 28 12 26 23 20 6 9 29 3 26 7 26 9 19 9 17 24 24 15 28 30 9 10 10 2 21 29 22 2 22 25 15 22 7 5 1 27 16 2 3 28 3 24 12 16 9 20 19 15 10 22 11 29 17 9 25 12 14 14 5 27 9 21 13 25 17 6 15 1 22 7 7 15 11 4 3 20 16 24 13 3 18 27 18 2 2 8 6 8 1 6 21 18 13 25 3 2 8 21 26 14 19 6 8 20 25 13 7 22 14 11 28 16 10 29 12 23 3 22 13 27 24 10 2 7 30 5 15 5 18 9 1 24 28
1 2 26
74 146 57 101 36 214 252 437 142 54 495 485 442 200 435 402 282 139 410 237 277 285 293 319 352 429
4 6 24
296 308 381 98 141 392 100 334 150 467 263 114 27 72 84 89 333 169 134 40 36 43 251 259
6 9 26
213 4 112 302 236 401 157 321 15 352 448 49 494 159 31 56 37 266 163 487 5 6 232 351 490 493
3 8 19
132 153 240 353 414 304 405 355 335 470 63 86 137 203 265 316 343 361 421
14 15 27
419 209 230 9 418 434 300 331 206 459 52 273 413 216 342 311 480 18 351 356 3 61 102 247 248 369 417
10 11 23
20 229 492 109 48 332 107 172 276 306 176 497 388 46 183 55 477 314 69 87 117 299 356
1 10 11
450 312 134 168 322 349 357 362 392 436 489
1 28 8
323 386 39 67 268 350 404 431
12 13 30
409 337 466 102 203 289 190 189 92 444 232 104 328 35 10 106 199 498 383 382 394 47 80 82 101 208 215 420 426 467
3 4 32
148 26 145 64 124 113 396 468 446 162 416 62 219 257 165 68 16 212 38 280 177 491 436 94 121 140 143 189 195 201 224 419
1 3 25
428 85 226 453 370 479 452 168 11 417 349 265 29 478 488 185 103 154 71 129 221 233 425 449 469
7 7 29
95 307 455 71 125 301 14 395 493 438 281 256 17 426 247 261 294 305 158 267 50 454 403 104 235 324 328 372 439
1 6 16
193 411 70 481 364 287 369 55 163 177 225 261 289 330 342 445
2 6 28
122 272 152 344 443 137 182 173 251 320 8 484 43 245 7 115 146 164 230 238 240 296 341 367 418 438 455 465
1 18 16
61 6 34 50 64 81 141 198 220 278 302 320 378 428 448 481
1 20 5
28 188 173 241 379
1 8 17
42 407 489 303 149 99 52 62 103 179 222 290 291 458 470 476 485
1 7 11
472 144 15 27 128 136 172 273 279 388 444
3 11 18
482 130 120 376 486 51 254 469 224 91 239 303 304 353 365 393 474 484
3 4 26
243 286 412 404 231 270 75 462 262 166 399 5 32 78 138 180 420 128 60 58 25 348 154 158 283 284
1 10 11
346 41 316 449 40 45 84 100 182 310 416
1 5 14
117 221 298 380 228 422 235 238 406 233 181 345 400 437
7 9 35
350 322 119 81 339 441 23 44 284 259 457 205 195 167 330 398 433 34 354 250 127 373 246 0 76 79 160 295 370 391 412 450 460 475 480
4 6 30
94 326 156 65 375 129 222 297 318 123 423 475 315 460 111 248 325 385 131 400 292 22 25 110 119 139 167 212 245 466
5 7 34
463 445 116 425 432 461 164 264 336 458 473 135 225 91 291 207 430 258 211 471 345 14 17 70 93 175 252 292 366 383 389 422 464 499
1 5 18
278 105 361 88 218 431 47 476 363 98 126 147 150 204 217 272 399 494
8 14 17
379 366 1 483 241 147 110 340 309 237 360 343 8 23 113 187 271
2 8 13
220 178 174 249 496 33 42 72 74 190 390 488 492
4 19 14
451 87 310 268 317 196 26 28 73 133 151 209 371 381
4 9 19
288 429 319 13 126 275 19 187 456 367 324 329 96 77 24 148 152 334 376
1 3 25
371 161 76 215 97 90 279 93 384 269 179 198 59 293 82 184 115 421 424 58 68 216 318 406 413
7 12 24
24 223 377 271 283 227 374 359 79 22 33 30 368 175 21 39 60 132 145 196 347 463 468 491
11 9 34
274 427 53 341 80 118 160 63 378 83 290 255 197 208 490 192 372 69 194 133 234 143 78 99 123 170 219 254 264 286 321 332 380 434
1 14 9
86 313 46 108 122 228 269 329 337
11 11 25
391 499 66 151 12 338 181 295 390 415 393 186 239 45 253 244 285 439 191 77 90 142 200 313 408
4 10 20
136 362 73 204 358 108 260 357 389 171 464 4 11 106 107 174 202 266 374 430
1 8 10
121 2 299 140 217 242 92 178 307 496
8 12 23
201 474 210 67 0 387 465 7 408 447 327 440 397 170 277 365 347 51 96 120 282 312 373
1 8 8
155 202 48 85 95 207 236 363
