500 41 775 20
17 34 32 21 16 18 13 38 40 27 13 13 37 17 16 36 37 17 32 36 13 12 19 30 32 35 35 32 35 23 40 20 20 37 16 17 31 32 37 14 26 38 27 19 34 32 23 23 23 33 22 14 17 29 33 35 34 29 12 28 15 18 30 32 16 29 32 18 40 34 23 17 28 24 20 31 36 34 20 25 11 37 34 32 29 22 11 31 28 30 25 29 40 14 24 27 16 11 31 29 28 13 32 13 19 13 29 13 31 17 17 34 38 40 11 15 21 27 35 35 34 12 38 12 35 33 21 35 22 24 32 22 21 16 36 20 40 29 35 31 39 28 36 27 16 15 30 21 19 15 28 12 19 11 29 21 26 28 24 14 16 24 40 35 11 34 11 16 24 25 25 37 13 39 22 38 38 39 35 23 31 15 18 36 23 21 28 16 21 38 19 22 32 30 24 18 26 15 36 40 24 34 27 25 23 33 13 23 20 21 39 36 21 22 16 25 18 18 37 13 40 27 22 16 24 37 39 30 33 17 36 16 25 19 23 39 18 27 17 29 37 18 25 37 26 40 28 21 39 20 30 39 20 38 33 31 19 27 29 31 39 20 26 35 34 11 22 39 28 20 14 18 16 32 38 17 40 38 35 16 15 36 32 18 16 28 30 20 14 36 24 12 34 25 14 25 31 39 37 21 36 25 32 29 15 33 28 17 17 38 18 19 12 22 15 36 28 40 22 25 36 29 33 22 35 11 16 25 32 13 20 40 18 23 39 18 32 36 11 36 40 36 15 21 35 23 29 27 38 26 23 39 16 36 35 40 19 24 32 30 33 35 29 27 21 17 11 22 15 26 31 28 27 28 35 40 25 13 25 15 25 37 36 32 22 16 28 23 12 29 21 24 21 21 26 29 30 27 29 11 22 36 35 37 20 32 24 18 38 27 24 28 13 27 13 35 29 20 23 38 34 33 11 17 28 32 32 28 22 25 15 38 20 21 22 17 18 25 15 27 18 38 36 18 31 38 15 31 11 34 35 16 17 39 32 32 29 32 38 28 30 21 12 19 36 36 19 19 38 14 25 25 38 35 14 24 29 14 31 27 34 18 23 28 16 16 24 40 17 13 16 22 25 14 34 27 14 24 36 26
7 24 22 11 6 8 3 28 30 17 3 3 27 7 6 26 27 7 22 26 3 2 9 20 22 25 25 22 25 13 30 10 10 27 6 7 21 22 27 4 16 28 17 9 24 22 13 13 13 23 12 4 7 19 23 25 24 19 2 18 5 8 20 22 6 19 22 8 30 24 13 7 18 14 10 21 26 24 10 15 1 27 24 22 19 12 1 21 18 20 15 19 30 4 14 17 6 1 21 19 18 3 22 3 9 3 19 3 21 7 7 24 28 30 1 5 11 17 25 25 24 2 28 2 25 23 11 25 12 14 22 12 11 6 26 10 30 19 25 21 29 18 26 17 6 5 20 11 9 5 18 2 9 1 19 11 16 18 14 4 6 14 30 25 1 24 1 6 14 15 15 27 3 29 12 28 28 29 25 13 21 5 8 26 13 11 18 6 11 28 9 12 22 20 14 8 16 5 26 30 14 24 17 15 13 23 3 13 10 11 29 26 11 12 6 15 8 8 27 3 30 17 12 6 14 27 29 20 23 7 26 6 15 9 13 29 8 17 7 19 27 8 15 27 16 30 18 11 29 10 20 29 10 28 23 21 9 17 19 21 29 10 16 25 24 1 12 29 18 10 4 8 6 22 28 7 30 28 25 6 5 26 22 8 6 18 20 10 4 26 14 2 24 15 4 15 21 29 27 11 26 15 22 19 5 23 18 7 7 28 8 9 2 12 5 26 18 30 12 15 26 19 23 12 25 1 6 15 22 3 10 30 8 13 29 8 22 26 1 26 30 26 5 11 25 13 19 17 28 16 13 29 6 26 25 30 9 14 22 20 23 25 19 17 11 7 1 12 5 16 21 18 17 18 25 30 15 3 15 5 15 27 26 22 12 6 18 13 2 19 11 14 11 11 16 19 20 17 19 1 12 26 25 27 10 22 14 8 28 17 14 18 3 17 3 25 19 10 13 28 24 23 1 7 18 22 22 18 12 15 5 28 10 11 12 7 8 15 5 17 8 28 26 8 21 28 5 21 1 24 25 6 7 29 22 22 19 22 28 18 20 11 2 9 26 26 9 9 28 4 15 15 28 25 4 14 19 4 21 17 24 8 13 18 6 6 14 30 7 3 6 12 15 4 24 17 4 14 26 16
1 7 12
336 41 263 473 35 27 56 72 226 319 480 481
1 10 28
252 88 422 140 155 239 460 467 208 145 458 428 217 406 130 131 370 182 74 160 465 114 126 368 411 461 478 495
1 10 12
396 223 489 431 250 334 43 127 389 209 3 210
1 17 26
301 424 256 202 261 169 99 338 464 329 271 14 308 323 40 395 164 416 328 251 12 136 212 280 394 448
1 18 21
174 312 229 314 56 53 477 466 39 498 369 474 356 17 10 183 203 323 378 385 417
1 11 23
178 341 346 89 110 494 248 451 364 25 146 311 120 205 21 49 6 33 88 121 365 437 438
1 15 26
29 410 194 353 27 273 363 30 462 259 483 435 207 352 484 265 168 445 11 191 210 225 327 369 384 393
1 10 12
295 297 388 148 398 78 225 226 156 296 404 424
1 12 24
156 438 7 405 124 105 450 350 421 306 118 159 285 114 1 25 127 143 165 174 233 307 334 498
1 9 24
165 309 257 355 2 181 423 212 482 228 382 73 99 131 154 178 223 325 344 349 356 420 440 456
1 19 11
280 397 427 176 4 106 22 124 245 312 475
1 6 22
258 499 365 236 493 282 413 154 199 9 79 481 63 55 64 93 81 52 84 130 186 345
1 10 18
359 13 230 232 200 376 8 116 479 430 19 31 74 145 189 218 270 305
1 1 21
372 294 133 407 191 65 151 170 87 470 404 266 443 222 317 128 202 246 313 322 363
1 1 24
448 51 67 59 68 152 61 142 366 475 36 447 44 419 16 383 28 95 163 200 267 377 391 458
1 11 20
135 357 85 436 215 198 237 1 46 276 290 7 36 63 93 249 278 399 425 462
1 18 19
48 6 113 335 461 62 47 318 123 414 242 330 300 128 41 101 261 309 470
1 13 16
70 432 310 444 289 411 347 487 241 433 82 399 113 234 256 422
1 2 27
319 186 139 354 327 471 28 246 262 213 141 173 115 452 204 157 75 260 459 15 426 102 133 135 341 342 346
1 1 15
161 316 288 219 60 183 380 417 184 81 195 260 350 406 479
1 3 27
368 211 463 283 137 98 333 253 379 101 343 103 394 307 5 18 167 381 110 158 201 243 268 382 464 483 497
1 6 21
371 11 400 138 373 45 374 129 221 16 61 71 115 144 177 198 238 354 381 410 442
1 16 24
278 102 384 303 296 235 189 287 348 201 94 497 274 31 360 387 331 321 34 255 38 413 427 449
1 17 19
166 20 401 486 57 24 409 197 434 349 496 270 37 44 83 151 224 318 360
1 19 33
150 214 420 390 83 367 281 275 299 111 491 69 264 91 107 476 104 286 77 304 147 238 12 342 90 108 169 211 240 251 253 258 471
1 11 7
162 408 320 86 199 222 252
1 19 30
393 227 292 412 149 268 108 332 196 245 42 22 272 143 54 121 269 358 19 326 109 163 313 158 116 297 418 426 454 492
1 1 19
172 233 456 0 240 179 32 192 90 403 345 337 89 117 281 366 367 390 439
1 14 27
216 224 492 95 415 429 37 177 92 66 378 218 153 126 277 298 418 33 13 70 80 172 220 244 283 314 435
1 16 16
247 97 122 244 185 180 293 249 24 51 59 69 328 357 431 432
1 20 9
361 100 455 141 257 372 373 383 463
1 8 16
84 324 339 96 119 234 437 136 302 52 187 442 140 149 337 490
1 1 10
125 220 325 134 137 166 213 269 308 473
1 10 7
80 76 453 267 192 348 477
1 5 14
377 284 3 14 30 104 105 181 194 232 303 401 409 460
1 9 25
449 71 375 144 472 385 50 134 190 132 243 291 10 440 98 118 179 182 184 331 351 429 441 466 474
1 18 20
457 38 439 86 495 231 171 425 392 305 478 362 142 150 160 206 247 376 436 443
1 11 15
391 188 195 351 480 254 203 20 46 112 157 187 197 298 486
1 6 29
322 469 446 206 23 386 340 117 488 72 26 279 175 468 441 485 55 68 96 122 132 152 168 239 316 338 379 400 457
1 9 10
58 454 490 8 50 190 320 330 353 428
1 3 16
112 344 315 402 193 21 76 173 214 216 235 263 293 329 395 488
