300 35 465 20
13 38 35 34 27 37 17 18 34 30 38 36 37 26 30 25 22 21 22 33 15 39 39 38 24 14 13 12 34 22 21 32 18 30 25 19 20 22 15 18 17 25 39 37 29 38 20 38 28 33 36 34 35 20 30 34 24 27 28 23 36 23 24 34 19 13 38 15 20 17 16 26 18 39 22 35 27 14 31 13 38 13 16 22 27 24 37 28 33 30 24 28 24 30 18 15 22 11 39 17 31 11 37 34 16 15 36 24 27 11 27 36 11 14 19 14 31 13 21 36 13 20 30 27 28 35 18 21 27 17 11 15 12 14 25 17 40 24 34 11 23 26 16 22 31 14 20 14 19 33 29 13 30 27 36 32 39 16 14 18 28 35 36 35 25 15 24 17 16 25 17 11 40 39 12 31 31 35 18 34 18 26 16 17 26 40 15 23 11 40 17 26 12 40 25 29 19 18 11 28 37 21 35 36 25 39 19 23 29 32 24 12 14 40 36 23 19 34 31 11 21 24 17 23 30 18 39 40 11 11 26 26 13 38 16 26 16 33 40 37 15 15 14 27 16 29 38 18 22 26 29 22 12 26 21 22 18 30 19 29 35 30 38 30 37 13 30 37 38 24 37 26 15 40 18 40 21 23 16 21 16 12 15 38 11 20 27 12 27 20 15 27 34 16 32 24 27 34 33 17
3 28 25 24 17 27 7 8 24 20 28 26 27 16 20 15 12 11 12 23 5 29 29 28 14 4 3 2 24 12 11 22 8 20 15 9 10 12 5 8 7 15 29 27 19 28 10 28 18 23 26 24 25 10 20 24 14 17 18 13 26 13 14 24 9 3 28 5 10 7 6 16 8 29 12 25 17 4 21 3 28 3 6 12 17 14 27 18 23 20 14 18 14 20 8 5 12 1 29 7 21 1 27 24 6 5 26 14 17 1 17 26 1 4 9 4 21 3 11 26 3 10 20 17 18 25 8 11 17 7 1 5 2 4 15 7 30 14 24 1 13 16 6 12 21 4 10 4 9 23 19 3 20 17 26 22 29 6 4 8 18 25 26 25 15 5 14 7 6 15 7 1 30 29 2 21 21 25 8 24 8 16 6 7 16 30 5 13 1 30 7 16 2 30 15 19 9 8 1 18 27 11 25 26 15 29 9 13 19 22 14 2 4 30 26 13 9 24 21 1 11 14 7 13 20 8 29 30 1 1 16 16 3 28 6 16 6 23 30 27 5 5 4 17 6 19 28 8 12 16 19 12 2 16 11 12 8 20 9 19 25 20 28 20 27 3 20 27 28 14 27 16 5 30 8 30 11 13 6 11 6 2 5 28 1 10 17 2 17 10 5 17 24 6 22 14 17 24 23 7
1 2 15
114 49 20 229 22 243 85 136 240 185 294 26 50 76 227
1 18 12
180 159 160 105 290 46 56 68 72 100 196 256
1 4 7
169 253 14 147 58 168 257
1 10 17
116 279 298 238 184 81 179 53 92 93 153 197 205 211 268 270 295
1 17 13
143 164 133 233 263 189 101 0 242 278 18 91 265
1 16 18
297 84 113 241 299 62 9 26 295 246 182 154 52 155 183 230 263 298
1 3 21
293 250 228 73 21 285 209 234 38 215 145 226 194 44 8 105 118 138 157 222 266
1 7 10
13 292 127 220 126 58 151 160 192 251
1 7 19
48 89 227 218 149 280 204 104 267 67 236 94 39 60 90 102 139 180 184
1 8 14
39 76 43 115 275 210 90 11 35 141 208 213 248 261
1 8 19
47 197 118 18 237 55 144 5 264 83 61 65 270 86 134 152 176 179 281
1 6 15
174 255 80 176 167 123 4 1 37 12 146 130 31 21 282
1 5 17
273 86 11 247 7 129 34 198 134 24 6 37 47 67 202 217 243
1 2 12
157 140 224 266 124 117 35 239 82 72 212 289
1 13 9
97 150 274 161 1 57 131 194 267
1 17 14
111 19 272 135 95 41 222 152 4 40 85 97 250 258
1 14 6
186 137 271 14 17 195
1 5 17
183 172 261 60 205 71 212 193 59 214 208 110 79 22 140 191 231
1 1 14
57 173 231 66 190 112 10 6 200 281 30 103 110 223
1 18 9
216 106 2 142 138 120 162 171 246
1 3 9
260 8 223 31 127 190 206 214 224
1 1 12
207 192 7 78 122 135 175 177 185 210 254 283
1 1 16
50 181 203 51 92 188 91 107 74 217 291 17 12 106 150 299
1 9 15
87 163 211 288 68 248 141 252 15 77 128 225 282 244 236
1 10 23
40 125 171 151 284 277 36 139 165 30 100 201 256 283 78 19 54 87 114 144 159 203 285
1 15 20
42 251 131 221 155 103 268 166 56 96 23 27 232 230 3 44 69 113 117 149
1 6 17
162 257 177 269 187 170 52 121 45 23 28 119 124 173 264 278 290
1 17 12
122 199 196 53 206 93 74 133 169 201 233 253
1 17 5
99 259 10 146 225
1 10 10
258 296 9 20 27 51 81 82 94 108
1 6 9
195 70 3 29 116 172 228 294 297
1 14 19
63 69 98 120 54 32 219 156 16 265 28 276 153 286 111 137 218 269 284
1 19 12
75 287 108 213 168 191 175 80 88 96 112 123
1 1 19
132 64 88 245 25 33 249 254 119 262 46 289 158 29 235 59 130 163 215
1 13 15
102 178 148 202 109 48 75 121 165 200 242 244 245 271 275
