700 36 1085 20
17 36 37 31 32 40 25 13 28 33 22 16 35 32 26 17 15 18 34 31 26 34 21 36 15 37 26 29 31 27 40 32 36 36 37 18 16 12 19 23 39 31 32 19 36 18 20 23 22 32 23 38 28 38 12 29 31 12 13 36 30 22 34 29 22 37 25 38 25 24 29 18 22 18 29 11 35 21 23 26 13 37 15 39 23 38 35 28 12 27 23 33 36 12 20 39 15 11 32 22 35 16 16 21 34 30 19 19 17 15 20 20 40 24 37 14 19 23 39 37 28 31 22 20 29 33 26 23 18 15 22 25 40 32 22 14 13 15 13 34 36 32 12 17 37 35 25 22 36 14 20 35 38 33 28 11 37 40 29 30 35 34 22 22 31 18 25 23 12 27 22 39 30 15 40 30 13 15 28 24 40 18 38 33 17 37 39 11 15 39 16 28 17 15 38 28 16 21 30 34 14 27 30 25 29 34 14 14 26 20 30 25 37 21 11 28 30 32 39 21 11 13 12 13 21 37 13 40 36 39 37 26 19 16 14 36 30 22 24 38 29 15 36 36 37 25 14 25 12 20 36 29 23 34 31 26 35 11 31 29 15 22 31 12 19 17 23 28 27 31 21 20 11 15 16 21 22 11 16 20 40 17 22 36 27 39 11 29 39 21 32 40 14 29 32 17 13 12 39 25 12 20 13 12 27 19 22 35 28 19 31 18 25 32 29 20 35 40 39 20 24 27 14 36 29 11 14 20 16 16 29 23 34 22 25 32 29 17 25 29 11 17 18 22 27 34 20 25 33 32 21 19 22 34 20 22 34 26 34 11 23 37 18 34 15 24 27 39 36 34 37 21 40 37 34 21 13 13 14 25 20 38 33 36 24 20 32 37 34 20 21 12 30 24 21 38 21 29 34 28 34 39 18 40 26 34 20 33 33 27 30 36 39 31 15 33 40 12 37 40 27 12 33 13 20 36 15 26 26 33 32 32 12 20 24 33 18 15 11 29 21 35 16 36 17 23 16 24 38 35 15 20 20 40 22 23 29 27 35 14 17 35 14 27 33 17 12 36 21 29 31 32 22 14 31 14 38 20 23 18 24 29 31 27 22 29 12 13 35 36 34 12 12 31 37 27 14 31 29 26 30 12 22 25 25 13 40 26 35 24 39 20 39 22 16 15 20 14 12 17 18 37 14 32 14 11 37 38 29 19 26 30 35 27 38 14 35 26 36 33 31 33 32 32 17 40 36 27 22 29 38 34 17 12 16 16 13 17 11 14 29 15 14 18 35 29 38 14 21 39 36 40 12 16 38 37 18 23 33 22 39 14 37 18 21 33 22 29 37 27 33 17 21 22 29 25 37 40 21 30 21 39 36 26 15 37 23 14 21 12 40 38 15 12 38 28 21 30 21 39 33 30 37 31 25 26 37 27 23 31 22 40 21 17 17 14 28 28 33 25 15 16 21 23 21 13 24 36 22 11 22 17 11 39 38 37 15 22 23 23 31 40 28 20 11 16 20 20 25 12 21 29 18 20 33 24 26 15 16 14 40 34 25 23 29 18 37 25 27 24 37 22 19 29 28 30 27 25 37 39
7 26 27 21 22 30 15 3 18 23 12 6 25 22 16 7 5 8 24 21 16 24 11 26 5 27 16 19 21 17 30 22 26 26 27 8 6 2 9 13 29 21 22 9 26 8 10 13 12 22 13 28 18 28 2 19 21 2 3 26 20 12 24 19 12 27 15 28 15 14 19 8 12 8 19 1 25 11 13 16 3 27 5 29 13 28 25 18 2 17 13 23 26 2 10 29 5 1 22 12 25 6 6 11 24 20 9 9 7 5 10 10 30 14 27 4 9 13 29 27 18 21 12 10 19 23 16 13 8 5 12 15 30 22 12 4 3 5 3 24 26 22 2 7 27 25 15 12 26 4 10 25 28 23 18 1 27 30 19 20 25 24 12 12 21 8 15 13 2 17 12 29 20 5 30 20 3 5 18 14 30 8 28 23 7 27 29 1 5 29 6 18 7 5 28 18 6 11 20 24 4 17 20 15 19 24 4 4 16 10 20 15 27 11 1 18 20 22 29 11 1 3 2 3 11 27 3 30 26 29 27 16 9 6 4 26 20 12 14 28 19 5 26 26 27 15 4 15 2 10 26 19 13 24 21 16 25 1 21 19 5 12 21 2 9 7 13 18 17 21 11 10 1 5 6 11 12 1 6 10 30 7 12 26 17 29 1 19 29 11 22 30 4 19 22 7 3 2 29 15 2 10 3 2 17 9 12 25 18 9 21 8 15 22 19 10 25 30 29 10 14 17 4 26 19 1 4 10 6 6 19 13 24 12 15 22 19 7 15 19 1 7 8 12 17 24 10 15 23 22 11 9 12 24 10 12 24 16 24 1 13 27 8 24 5 14 17 29 26 24 27 11 30 27 24 11 3 3 4 15 10 28 23 26 14 10 22 27 24 10 11 2 20 14 11 28 11 19 24 18 24 29 8 30 16 24 10 23 23 17 20 26 29 21 5 23 30 2 27 30 17 2 23 3 10 26 5 16 16 23 22 22 2 10 14 23 8 5 1 19 11 25 6 26 7 13 6 14 28 25 5 10 10 30 12 13 19 17 25 4 7 25 4 17 23 7 2 26 11 19 21 22 12 4 21 4 28 10 13 8 14 19 21 17 12 19 2 3 25 26 24 2 2 21 27 17 4 21 19 16 20 2 12 15 15 3 30 16 25 14 29 10 29 12 6 5 10 4 2 7 8 27 4 22 4 1 27 28 19 9 16 20 25 17 28 4 25 16 26 23 21 23 22 22 7 30 26 17 12 19 28 24 7 2 6 6 3 7 1 4 19 5 4 8 25 19 28 4 11 29 26 30 2 6 28 27 8 13 23 12 29 4 27 8 11 23 12 19 27 17 23 7 11 12 19 15 27 30 11 20 11 29 26 16 5 27 13 4 11 2 30 28 5 2 28 18 11 20 11 29 23 20 27 21 15 16 27 17 13 21 12 30 11 7 7 4 18 18 23 15 5 6 11 13 11 3 14 26 12 1 12 7 1 29 28 27 5 12 13 13 21 30 18 10 1 6 10 10 15 2 11 19 8 10 23 14 16 5 6 4 30 24 15 13 19 8 27 15 17 14 27 12 9 19 18 20 17 15 27 29
1 11 40
622 59 294 654 270 692 639 17 377 626 218 523 168 446 582 317 376 653 152 329 19 64 94 158 327 500 35 350 67 104 175 296 371 379 475 525 554 650 661 668
1 19 36
572 78 144 134 609 4 151 545 197 417 313 449 45 454 513 100 530 406 86 40 180 141 164 344 358 386 390 395 428 466 522 558 632 657 663 685
1 15 45
346 664 680 267 183 85 452 178 21 230 290 415 403 676 599 661 365 696 587 70 618 379 56 307 135 634 120 612 149 535 671 407 105 568 10 114 209 332 341 381 455 459 486 569 643
1 4 31
328 50 619 318 157 0 569 277 461 562 573 104 408 471 681 635 414 201 57 150 155 156 162 222 302 304 375 376 604 658 691
1 5 29
324 385 520 285 469 447 1 233 517 388 335 321 457 308 670 13 75 97 151 206 274 322 331 345 446 576 581 609 644
1 14 28
651 36 501 298 483 228 567 161 693 179 5 18 61 153 169 211 227 259 277 294 377 419 442 458 491 600 607 615
1 18 20
80 171 258 66 299 344 155 512 640 249 617 131 236 239 263 470 566 584 591 631
1 13 48
367 516 373 549 213 202 571 616 371 143 338 697 11 557 127 453 358 117 269 271 289 241 378 620 140 470 444 189 305 503 628 468 27 63 72 111 149 235 243 282 353 412 413 447 534 573 599 642
1 13 47
291 8 607 400 142 564 84 274 409 547 39 659 349 418 260 330 396 284 243 555 193 69 424 502 15 109 526 448 128 174 455 610 423 85 113 177 195 210 220 232 301 346 351 380 465 493 586
1 18 32
244 590 44 34 434 163 7 450 528 316 428 359 72 20 113 99 83 510 554 667 188 504 401 25 117 123 171 231 264 589 613 621
1 17 17
208 474 426 77 509 32 186 328 349 378 393 505 506 518 588 598 699
1 15 42
633 30 646 23 410 411 550 541 146 421 533 451 292 159 679 97 477 672 668 203 195 5 518 293 561 472 419 130 136 656 47 16 32 46 125 165 299 326 343 430 450 502
1 4 43
480 539 339 570 48 43 73 482 322 191 531 300 206 589 319 677 391 420 314 200 315 584 683 662 673 404 445 625 524 111 98 275 553 295 464 33 154 157 384 460 469 527 634
1 18 22
381 551 18 413 515 207 578 393 176 116 160 505 565 19 78 80 96 297 402 425 529 536
1 3 35
225 425 637 29 204 361 186 475 688 353 484 614 354 239 682 148 216 368 686 548 71 224 50 52 121 122 132 159 172 193 479 517 680 689 696
1 8 30
658 261 462 540 522 641 251 678 82 435 416 583 173 397 355 608 341 592 600 25 170 198 56 188 315 407 432 602 636 675
1 20 18
325 586 402 81 125 282 493 2 14 49 73 170 201 208 279 382 435 474
1 13 28
223 431 297 362 394 422 254 627 352 655 304 272 147 175 156 647 387 132 75 176 178 230 354 366 461 471 553 562
1 8 22
141 574 326 90 323 287 91 593 636 690 392 412 256 142 223 226 275 363 388 456 550 688
1 17 37
60 167 459 222 645 487 6 51 264 374 638 219 192 250 538 466 663 491 74 94 107 118 128 215 237 276 323 364 433 494 585 595 637 652 655 665 676
1 18 41
61 566 699 485 3 38 279 689 594 514 118 133 182 575 343 259 112 642 303 544 495 347 28 601 253 577 494 6 9 105 281 325 338 357 367 391 401 481 521 570 629
1 17 34
106 102 669 306 49 542 65 26 546 247 675 196 383 527 389 496 162 465 187 427 90 99 214 257 333 339 415 480 490 504 509 535 608 619
1 4 25
372 150 221 24 473 660 166 558 242 276 536 382 598 58 181 196 260 265 269 373 405 416 476 524 656
1 16 45
76 430 288 432 370 235 674 351 320 2 433 237 229 552 588 245 57 33 458 58 602 499 537 597 92 226 606 687 632 498 488 79 54 666 28 46 47 89 144 184 190 246 250 594 673
1 14 25
443 456 644 507 629 332 211 236 96 630 145 665 62 490 30 267 397 414 444 445 477 478 510 633 670
1 20 45
164 366 479 212 508 521 576 238 595 301 511 87 556 615 122 153 657 357 246 68 579 348 486 581 369 181 460 63 283 31 437 22 312 603 66 203 321 330 436 443 485 497 515 544 605
1 13 42
107 310 489 169 123 563 631 154 214 333 281 190 110 650 585 114 478 234 363 263 390 302 395 623 340 519 580 124 14 220 342 560 684 42 15 76 106 221 392 406 507 611
1 2 15
649 337 440 356 262 309 27 185 0 48 183 199 374 526 601
1 4 34
364 436 481 596 139 217 529 257 532 10 278 604 255 67 497 691 53 360 334 624 613 621 101 429 232 121 643 4 167 197 218 630 638 671
1 3 22
93 138 336 248 184 177 88 652 3 59 81 124 152 266 290 298 347 389 440 457 563 616
1 17 33
209 119 380 525 476 252 463 280 441 210 9 89 694 398 438 384 231 286 268 55 399 26 40 44 45 216 247 320 340 403 429 545 567
1 6 26
165 591 115 194 108 129 534 405 492 215 442 137 345 266 35 62 110 160 255 309 355 533 541 590 597 678
1 8 19
648 172 296 611 240 311 227 7 115 251 284 303 316 464 575 628 667 672 698
1 9 15
331 12 52 543 199 506 119 212 240 318 352 482 579 647 692
1 7 20
695 375 467 605 439 103 41 386 265 12 84 92 93 207 285 369 383 555 660 693
1 4 19
685 74 95 698 126 37 205 559 273 86 120 135 191 268 287 291 427 448 618
