300 37 465 20
35 14 28 18 22 28 21 37 24 35 23 19 26 28 38 28 23 13 19 17 27 40 17 34 31 24 13 34 23 30 14 22 39 12 14 29 15 27 24 28 19 25 40 24 39 20 31 25 29 11 31 14 36 11 30 37 15 29 30 14 34 21 24 40 21 13 17 17 27 13 24 20 30 18 23 30 39 31 30 19 17 16 16 19 19 31 30 31 38 26 15 22 15 18 26 16 25 15 35 17 38 15 18 18 19 33 37 30 27 16 30 18 16 34 34 31 40 30 32 12 29 21 24 13 22 17 32 38 39 15 33 38 38 13 20 18 15 37 26 14 20 37 31 27 11 35 27 13 27 30 32 39 21 27 21 18 17 26 28 11 18 36 23 27 28 38 40 35 11 12 28 16 16 31 30 27 29 21 27 29 32 33 36 14 30 28 26 24 25 23 20 15 23 39 29 17 23 11 17 13 28 25 18 21 29 31 16 29 13 18 25 16 40 20 11 26 40 22 24 35 24 37 35 35 38 31 21 29 18 26 18 22 22 31 16 25 37 28 39 31 40 37 35 19 24 15 32 28 37 31 26 30 29 40 12 26 31 29 18 15 29 11 14 28 25 28 30 38 22 23 28 26 37 23 12 35 11 33 35 31 32 18 36 27 27 18 30 35 15 12 19 27 33 18 39 20 22 21 14 21
25 4 18 8 12 18 11 27 14 25 13 9 16 18 28 18 13 3 9 7 17 30 7 24 21 14 3 24 13 20 4 12 29 2 4 19 5 17 14 18 9 15 30 14 29 10 21 15 19 1 21 4 26 1 20 27 5 19 20 4 24 11 14 30 11 3 7 7 17 3 14 10 20 8 13 20 29 21 20 9 7 6 6 9 9 21 20 21 28 16 5 12 5 8 16 6 15 5 25 7 28 5 8 8 9 23 27 20 17 6 20 8 6 24 24 21 30 20 22 2 19 11 14 3 12 7 22 28 29 5 23 28 28 3 10 8 5 27 16 4 10 27 21 17 1 25 17 3 17 20 22 29 11 17 11 8 7 16 18 1 8 26 13 17 18 28 30 25 1 2 18 6 6 21 20 17 19 11 17 19 22 23 26 4 20 18 16 14 15 13 10 5 13 29 19 7 13 1 7 3 18 15 8 11 19 21 6 19 3 8 15 6 30 10 1 16 30 12 14 25 14 27 25 25 28 21 11 19 8 16 8 12 12 21 6 15 27 18 29 21 30 27 25 9 14 5 22 18 27 21 16 20 19 30 2 16 21 19 8 5 19 1 4 18 15 18 20 28 12 13 18 16 27 13 2 25 1 23 25 21 22 8 26 17 17 8 20 25 5 2 9 17 23 8 29 10 12 11 4 11
1 20 12
34 224 192 20 258 139 39 250 208 59 153 173
1 18 18
105 233 37 126 97 62 6 223 187 123 11 255 171 25 199 234 238 277
1 3 14
286 150 88 230 215 270 263 222 156 155 167 46 244 294
1 20 16
176 114 23 220 281 27 183 80 105 126 186 203 263 266 268 289
1 1 17
115 36 185 75 4 90 276 1 110 125 2 207 134 177 172 81 106
1 19 5
274 158 74 110 123
1 15 4
197 245 19 156
1 1 16
264 144 165 265 181 153 131 272 81 130 283 83 108 180 212 248
1 9 22
106 275 162 96 64 203 26 218 59 173 175 92 231 5 135 107 129 131 134 196 217 270
1 13 15
71 151 41 297 0 9 12 28 39 160 198 214 222 241 273
1 4 10
117 31 35 40 44 50 54 73 190 221
1 11 24
159 76 53 83 198 216 119 292 277 271 85 56 280 1 67 95 97 169 183 213 245 247 255 260
1 1 10
228 16 267 120 84 91 158 193 242 280
1 10 9
248 209 44 102 127 138 27 114 257
1 10 8
104 259 43 288 287 117 208 290
1 5 10
103 237 48 257 285 89 129 24 109 219
1 14 12
107 15 113 137 160 164 30 45 70 112 166 187
1 10 17
262 146 101 124 52 295 77 229 91 174 188 111 152 243 157 46 76
1 3 15
79 100 191 17 253 213 299 56 174 192 200 224 250 262 281
1 3 8
14 116 18 88 92 96 140 201
1 9 10
45 21 142 95 238 98 206 3 51 147
1 11 13
122 261 168 54 291 189 78 29 94 130 164 227 240
1 16 5
68 121 51 269 204
1 15 12
154 234 296 294 141 63 266 121 195 202 220 258
1 16 10
70 273 118 247 184 58 141 243 251 279
1 14 12
86 252 49 87 50 254 112 179 205 28 72 157
1 13 13
239 186 74 244 147 210 293 8 35 52 72 113 178
1 12 14
278 40 202 178 29 7 290 190 84 260 18 240 272 274
1 12 17
140 133 82 226 268 10 249 211 108 73 163 30 279 15 191 206 231
1 8 17
195 149 227 221 166 242 3 136 65 41 69 85 99 101 154 162 184
1 12 9
169 170 33 200 145 67 49 77 137
1 6 15
22 282 284 298 201 13 99 60 32 12 61 93 150 207 228
1 4 18
246 161 148 217 251 66 57 241 24 204 194 109 47 103 172 216 233 261
1 11 13
42 25 80 143 0 128 19 94 180 182 256 5 181
1 18 12
132 196 235 199 9 219 225 32 63 136 182 205
1 8 14
289 193 47 214 236 38 212 55 48 89 124 146 283 292
1 17 10
232 69 42 61 104 118 120 143 189 259
