300 39 465 20
36 12 39 36 12 23 12 28 37 12 31 38 22 28 23 24 19 21 31 20 36 23 35 35 25 28 16 34 33 19 15 24 24 15 33 20 36 29 34 27 29 27 35 27 28 20 18 21 30 17 20 21 33 19 17 21 40 38 39 25 30 15 27 13 30 14 23 11 22 21 22 22 25 16 29 30 11 21 16 17 28 15 39 37 19 39 33 40 17 17 24 21 31 14 28 19 21 29 14 19 33 23 24 28 40 22 32 30 22 17 38 12 14 22 39 28 28 37 26 29 17 12 15 25 37 17 12 38 29 29 28 28 12 30 14 11 25 38 21 19 16 36 30 12 39 33 38 24 23 30 27 24 38 35 34 13 20 28 27 37 25 38 31 32 33 12 16 23 31 22 34 15 23 27 15 24 14 23 21 28 34 31 20 19 33 29 29 22 34 31 29 40 37 32 35 19 22 22 18 40 20 32 13 12 11 20 13 28 14 33 17 16 31 23 15 19 20 37 27 18 30 37 36 21 14 37 30 26 12 22 33 28 37 20 33 38 26 36 22 33 28 34 29 24 28 17 13 17 20 37 31 28 26 24 17 12 28 18 27 29 40 19 29 22 13 12 15 14 29 32 11 19 28 37 27 31 16 13 33 40 31 37 40 22 23 12 21 18 36 28 17 37 32 26 25 17 37 34 28 32
26 2 29 26 2 13 2 18 27 2 21 28 12 18 13 14 9 11 21 10 26 13 25 25 15 18 6 24 23 9 5 14 14 5 23 10 26 19 24 17 19 17 25 17 18 10 8 11 20 7 10 11 23 9 7 11 30 28 29 15 20 5 17 3 20 4 13 1 12 11 12 12 15 6 19 20 1 11 6 7 18 5 29 27 9 29 23 30 7 7 14 11 21 4 18 9 11 19 4 9 23 13 14 18 30 12 22 20 12 7 28 2 4 12 29 18 18 27 16 19 7 2 5 15 27 7 2 28 19 19 18 18 2 20 4 1 15 28 11 9 6 26 20 2 29 23 28 14 13 20 17 14 28 25 24 3 10 18 17 27 15 28 21 22 23 2 6 13 21 12 24 5 13 17 5 14 4 13 11 18 24 21 10 9 23 19 19 12 24 21 19 30 27 22 25 9 12 12 8 30 10 22 3 2 1 10 3 18 4 23 7 6 21 13 5 9 10 27 17 8 20 27 26 11 4 27 20 16 2 12 23 18 27 10 23 28 16 26 12 23 18 24 19 14 18 7 3 7 10 27 21 18 16 14 7 2 18 8 17 19 30 9 19 12 3 2 5 4 19 22 1 9 18 27 17 21 6 3 23 30 21 27 30 12 13 2 11 8 26 18 7 27 22 16 15 7 27 24 18 22
1 9 12
206 218 144 42 80 95 109 111 121 9 17 133
1 5 19
76 171 240 230 132 139 174 17 244 162 172 153 229 213 24 98 124 238 254
1 17 7
281 33 137 68 223 78 191
1 2 20
250 141 271 252 79 91 170 147 83 186 133 297 221 286 215 7 86 94 241 242
1 16 19
188 245 262 208 148 269 196 1 62 254 296 177 14 152 200 105 194 212 226
1 12 11
165 81 299 36 71 118 159 191 287 120 237
1 5 9
122 176 224 119 195 200 284 292 294
1 10 14
51 255 125 225 61 43 27 295 242 92 99 115 136 137
1 3 17
38 210 293 226 131 31 58 66 30 98 243 167 39 64 112 169 222
1 11 14
201 70 44 7 283 238 134 15 284 179 261 214 223 256
1 5 11
101 135 100 88 214 145 169 15 51 103 152
1 17 4
178 143 289 290
1 16 6
247 140 26 113 132 135
1 3 10
128 93 235 136 180 10 228 130 179 279
1 3 14
265 205 173 19 85 270 163 192 65 263 216 116 146 158
1 18 10
227 47 50 12 257 74 89 205 219 278
1 7 5
55 67 2 85 230
1 20 4
2 157 253 46
1 15 13
138 168 267 41 69 124 183 4 97 20 35 173 196
1 8 15
22 198 184 48 212 86 236 259 222 115 298 289 32 5 163
1 9 6
203 248 151 189 244 258
1 15 5
272 57 66 128 252
1 7 12
34 246 102 233 26 164 6 37 71 109 172 228
1 7 8
190 219 294 56 142 146 73 84
1 12 11
53 130 29 274 156 268 59 25 185 198 235
1 7 13
96 282 89 181 20 119 6 249 185 114 211 70 160
1 5 11
285 291 113 106 74 182 251 149 64 108 178
1 17 6
193 120 14 22 101 168
1 6 15
288 24 52 46 127 280 260 90 278 237 63 220 106 204 261
1 2 5
49 13 92 12 141
1 9 12
194 39 117 104 37 16 112 35 27 67 155 161
1 12 8
266 78 234 77 18 23 80 274
1 19 5
28 273 158 256 180
1 2 16
199 107 150 241 8 11 129 94 54 123 87 18 84 60 142 167
1 17 14
155 110 82 72 276 207 0 258 3 40 93 159 170 217
1 7 4
217 23 10 203
1 16 19
277 40 154 197 264 45 161 105 75 290 126 160 21 99 279 218 240 263 271
1 17 14
292 175 231 195 204 202 103 239 275 5 209 187 166 4
1 5 5
232 60 149 175 186
