700 36 1085 20
23 26 11 38 35 21 39 12 17 39 26 35 23 32 19 22 40 23 16 11 32 34 24 13 32 30 37 27 28 24 17 20 26 18 13 26 23 31 13 31 26 29 36 19 35 28 17 16 14 22 27 15 24 40 11 31 23 11 34 36 32 22 18 23 14 16 39 40 16 31 33 14 36 11 21 28 27 15 37 25 14 21 16 37 11 18 26 14 12 18 24 18 16 11 39 16 27 11 28 28 36 40 28 38 34 32 34 22 38 12 29 33 16 24 15 29 34 34 23 21 36 27 21 19 29 18 26 38 11 27 31 16 20 30 20 30 14 38 24 19 18 40 16 22 20 35 35 13 30 31 33 39 24 33 16 22 39 20 26 38 33 27 20 32 22 30 38 14 22 16 16 21 26 18 27 39 37 35 23 16 35 13 17 12 11 13 29 32 29 34 26 24 37 32 12 37 35 22 22 26 38 17 17 19 24 26 37 35 28 11 34 35 19 16 12 29 24 17 27 22 14 33 21 12 38 13 40 33 33 28 31 33 22 29 34 18 34 35 20 27 22 11 36 12 27 12 36 33 15 28 11 24 26 23 33 30 19 29 30 19 28 38 17 19 37 20 17 38 15 39 16 23 33 26 23 34 13 37 30 15 18 21 12 35 22 17 28 13 24 31 16 20 36 28 33 16 32 40 22 20 19 36 30 29 33 24 18 22 16 15 13 22 28 20 16 16 33 29 38 22 32 34 30 33 33 27 12 25 26 34 11 16 16 33 11 39 36 13 38 21 16 18 33 30 27 38 15 29 23 27 34 27 24 15 40 23 36 32 29 15 26 40 17 18 36 13 20 27 23 38 26 29 30 26 23 33 21 37 16 11 34 29 28 21 25 37 27 20 35 24 32 29 27 23 19 37 27 34 23 39 31 37 16 31 15 36 32 40 33 37 33 34 20 35 28 25 15 31 31 14 32 13 22 17 28 25 25 36 14 26 39 30 16 24 33 26 22 32 23 32 17 37 37 38 40 18 11 24 30 26 26 33 11 25 17 40 18 20 39 17 18 21 21 28 21 38 24 18 28 23 26 37 16 35 22 35 34 32 14 28 11 23 15 18 26 16 24 33 12 13 25 18 33 18 38 24 11 16 34 36 28 31 37 38 11 11 33 16 30 22 19 28 16 22 34 14 24 19 15 39 26 30 18 35 34 38 38 15 25 38 18 12 12 37 26 20 31 18 28 32 39 30 20 31 11 20 31 19 16 24 23 23 22 33 36 11 29 13 29 36 14 40 23 23 25 19 26 38 14 34 14 30 17 14 33 19 32 27 36 39 23 26 33 32 33 35 12 16 25 34 23 12 29 21 19 18 25 24 14 19 11 29 24 11 23 30 21 15 39 21 18 30 32 26 36 15 11 34 34 40 31 32 19 29 13 38 15 25 12 15 34 34 35 31 32 32 12 39 35 34 17 34 18 27 20 25 35 22 20 26 22 18 33 38 38 16 21 30 31 15 24 20 16 37 31 22 33 35 14 36 37 12 19 25 37 40 13 18 29 18 36 14 19 37 15 37 20 40 33 26 21 30 21 27 20 30 19 38 32 28
13 16 1 28 25 11 29 2 7 29 16 25 13 22 9 12 30 13 6 1 22 24 14 3 22 20 27 17 18 14 7 10 16 8 3 16 13 21 3 21 16 19 26 9 25 18 7 6 4 12 17 5 14 30 1 21 13 1 24 26 22 12 8 13 4 6 29 30 6 21 23 4 26 1 11 18 17 5 27 15 4 11 6 27 1 8 16 4 2 8 14 8 6 1 29 6 17 1 18 18 26 30 18 28 24 22 24 12 28 2 19 23 6 14 5 19 24 24 13 11 26 17 11 9 19 8 16 28 1 17 21 6 10 20 10 20 4 28 14 9 8 30 6 12 10 25 25 3 20 21 23 29 14 23 6 12 29 10 16 28 23 17 10 22 12 20 28 4 12 6 6 11 16 8 17 29 27 25 13 6 25 3 7 2 1 3 19 22 19 24 16 14 27 22 2 27 25 12 12 16 28 7 7 9 14 16 27 25 18 1 24 25 9 6 2 19 14 7 17 12 4 23 11 2 28 3 30 23 23 18 21 23 12 19 24 8 24 25 10 17 12 1 26 2 17 2 26 23 5 18 1 14 16 13 23 20 9 19 20 9 18 28 7 9 27 10 7 28 5 29 6 13 23 16 13 24 3 27 20 5 8 11 2 25 12 7 18 3 14 21 6 10 26 18 23 6 22 30 12 10 9 26 20 19 23 14 8 12 6 5 3 12 18 10 6 6 23 19 28 12 22 24 20 23 23 17 2 15 16 24 1 6 6 23 1 29 26 3 28 11 6 8 23 20 17 28 5 19 13 17 24 17 14 5 30 13 26 22 19 5 16 30 7 8 26 3 10 17 13 28 16 19 20 16 13 23 11 27 6 1 24 19 18 11 15 27 17 10 25 14 22 19 17 13 9 27 17 24 13 29 21 27 6 21 5 26 22 30 23 27 23 24 10 25 18 15 5 21 21 4 22 3 12 7 18 15 15 26 4 16 29 20 6 14 23 16 12 22 13 22 7 27 27 28 30 8 1 14 20 16 16 23 1 15 7 30 8 10 29 7 8 11 11 18 11 28 14 8 18 13 16 27 6 25 12 25 24 22 4 18 1 13 5 8 16 6 14 23 2 3 15 8 23 8 28 14 1 6 24 26 18 21 27 28 1 1 23 6 20 12 9 18 6 12 24 4 14 9 5 29 16 20 8 25 24 28 28 5 15 28 8 2 2 27 16 10 21 8 18 22 29 20 10 21 1 10 21 9 6 14 13 13 12 23 26 1 19 3 19 26 4 30 13 13 15 9 16 28 4 24 4 20 7 4 23 9 22 17 26 29 13 16 23 22 23 25 2 6 15 24 13 2 19 11 9 8 15 14 4 9 1 19 14 1 13 20 11 5 29 11 8 20 22 16 26 5 1 24 24 30 21 22 9 19 3 28 5 15 2 5 24 24 25 21 22 22 2 29 25 24 7 24 8 17 10 15 25 12 10 16 12 8 23 28 28 6 11 20 21 5 14 10 6 27 21 12 23 25 4 26 27 2 9 15 27 30 3 8 19 8 26 4 9 27 5 27 10 30 23 16 11 20 11 17 10 20 9 28 22 18
1 6 32
650 284 193 186 670 6 71 517 614 298 58 347 468 682 241 591 199 603 183 45 33 267 411 8 37 227 666 370 388 618 173 181
1 14 35
534 69 287 280 480 77 165 83 620 268 4 651 503 593 372 478 286 200 595 87 539 368 569 561 119 156 94 393 95 310 360 386 392 581 650
1 13 30
179 697 53 587 345 654 465 155 637 629 122 597 550 600 571 557 117 647 290 208 272 384 79 268 278 314 337 398 493 511
1 10 33
90 63 484 244 586 461 635 252 364 522 349 644 167 405 317 483 91 324 492 551 134 420 481 1 320 54 36 25 62 121 132 426 573
1 2 19
454 145 564 332 409 318 328 37 60 129 136 209 393 437 521 585 589 627 659
1 15 39
70 625 303 323 548 678 400 172 408 568 387 236 131 0 126 164 507 426 499 402 511 559 7 542 3 111 355 531 135 140 195 282 305 318 359 399 427 590 645
1 15 11
594 25 235 135 167 184 346 396 538 626 660
1 14 15
621 578 187 636 486 168 645 125 34 255 307 335 510 571 624
1 4 20
379 170 518 240 662 505 154 18 68 291 524 535 128 460 451 58 137 347 446 602
1 13 37
338 276 544 672 250 545 93 363 448 29 367 100 19 613 574 653 147 136 215 346 515 115 130 580 288 258 471 118 549 97 319 242 381 127 151 179 670
1 13 18
546 521 470 485 694 366 439 107 611 217 204 78 145 256 477 618 681 682
1 14 21
207 573 17 139 352 279 362 222 665 297 442 8 43 201 289 311 363 389 450 592 615
1 16 18
327 228 489 450 81 103 56 16 20 212 220 434 464 473 508 513 516 693
1 10 11
627 391 532 399 63 206 242 260 283 362 689
1 8 42
285 371 671 10 233 173 300 424 589 598 495 570 88 566 353 631 649 639 607 412 554 38 271 73 340 688 202 677 219 513 275 509 691 24 342 42 156 358 466 518 655 662
1 3 30
133 619 62 493 292 415 390 336 314 397 256 382 698 137 358 263 251 330 695 452 423 86 605 210 343 223 249 276 412 598
1 5 38
203 510 529 148 181 692 404 572 82 491 434 369 579 466 214 407 152 153 175 526 293 95 441 2 101 373 472 178 634 496 189 530 321 50 351 395 640 685
1 14 11
663 57 686 75 238 274 394 417 472 474 622
1 10 42
9 552 655 92 562 163 356 533 206 14 673 553 519 325 334 277 502 335 184 274 333 35 26 437 467 429 528 376 646 585 329 462 20 246 469 104 113 174 275 476 490 633
1 12 23
599 44 32 52 226 584 588 457 312 696 475 295 537 648 476 159 306 2 241 319 545 568 583
1 6 31
50 46 209 315 413 512 322 212 401 375 72 243 253 453 124 248 389 395 350 196 213 377 633 15 538 97 178 355 400 421 686
1 7 36
84 514 433 652 5 383 30 192 440 681 113 657 602 76 198 576 22 418 281 138 565 425 558 127 563 504 216 680 508 105 296 398 326 669 131 329
1 17 32
116 498 445 422 158 477 365 410 234 540 630 169 337 447 479 432 642 684 283 221 27 162 150 55 616 49 388 514 549 562 632 666
1 9 44
229 43 262 403 301 431 197 112 89 497 66 161 65 455 385 166 638 428 255 205 157 474 114 247 516 41 260 658 225 191 16 608 218 140 3 22 26 32 228 479 486 556 680 687
1 19 16
643 628 693 230 392 357 313 582 65 114 126 430 499 550 567 584
1 2 12
435 577 396 278 523 687 79 202 447 608 639 663
1 18 33
12 238 28 302 459 61 601 458 249 75 232 129 245 416 406 438 237 590 307 414 289 490 380 64 685 267 287 324 409 413 531 629 694
1 14 16
311 660 49 99 19 66 130 180 225 234 345 348 559 600 676 692
1 13 19
386 525 668 270 699 294 488 182 72 94 107 139 214 368 403 456 457 530 552
1 11 44
360 223 42 304 180 266 443 583 421 659 308 109 239 13 39 456 265 110 632 683 527 417 612 341 282 378 674 224 305 615 560 689 47 40 91 152 168 231 258 316 414 566 574 634
1 11 28
309 151 123 351 463 641 273 609 185 541 231 427 141 617 444 449 96 501 264 85 98 344 473 169 294 341 475 603
1 1 21
299 374 675 174 626 254 690 436 121 144 506 419 67 81 177 203 364 416 494 524 564
1 9 43
149 348 622 464 667 261 520 556 120 259 592 104 361 171 188 11 194 494 23 661 310 596 676 581 201 339 142 567 640 623 446 190 354 106 47 69 198 290 540 547 582 648 658
1 11 25
500 394 430 482 664 80 211 59 220 48 604 143 555 177 102 67 108 34 610 148 248 390 436 484 558
1 5 31
624 160 31 679 543 74 487 176 269 21 331 656 195 257 606 316 547 575 51 123 233 272 288 322 419 482 502 557 668 684 697
1 15 15
146 60 51 536 359 132 40 188 217 308 352 425 451 496 606
