700 464 1085 47
22 19 38 16 27 37 15 32 14 11 20 40 11 20 20 39 23 21 33 32 13 26 29 13 35 16 23 40 23 38 32 34 28 17 20 14 15 22 37 28 17 32 21 16 23 39 28 32 20 17 30 24 32 40 33 39 16 37 20 14 19 24 21 21 40 13 15 21 12 37 19 14 36 30 35 33 18 20 31 13 17 38 35 27 22 35 12 33 26 38 37 15 33 40 14 28 33 31 26 40 28 31 17 27 39 28 39 23 33 40 33 25 17 13 26 28 21 39 37 16 13 36 12 16 12 30 28 33 21 19 17 26 17 36 21 20 31 16 31 13 36 24 17 32 40 27 40 31 29 38 15 26 27 29 33 37 15 22 24 39 33 35 28 21 29 35 23 27 21 37 30 19 28 30 37 15 33 29 30 38 20 19 22 40 30 11 25 36 12 16 33 17 37 27 37 12 35 24 33 11 37 29 36 17 33 21 22 39 37 30 30 14 28 14 18 26 31 36 30 21 12 14 11 20 32 31 36 33 11 33 33 24 38 36 24 14 17 35 16 35 26 27 20 20 17 37 12 12 31 14 26 39 21 36 19 36 15 15 38 32 33 30 18 39 11 13 21 38 31 13 26 17 39 15 18 33 35 20 39 18 11 26 21 20 17 31 24 36 19 38 27 39 25 23 29 30 16 14 12 33 33 40 25 36 27 22 33 30 11 23 37 28 32 31 19 33 26 23 34 30 38 24 35 28 28 12 37 38 15 34 13 20 13 17 22 25 15 25 24 23 39 37 37 29 32 21 14 13 14 17 33 34 26 27 18 17 37 23 26 12 24 31 36 27 22 31 37 11 33 31 34 26 28 25 25 11 25 15 16 16 18 32 28 31 27 30 29 40 15 26 12 18 19 25 34 16 18 26 11 16 24 20 33 20 26 32 35 36 30 40 12 12 24 27 12 23 27 22 29 26 20 38 29 40 31 24 14 20 35 14 13 36 19 19 28 38 40 32 39 20 39 22 25 22 36 34 16 39 29 23 22 26 18 15 39 21 16 30 35 23 32 26 40 33 25 20 33 19 35 19 15 40 39 38 30 12 18 40 24 25 32 29 26 25 30 34 21 26 23 20 14 27 32 21 17 13 32 21 18 22 19 40 12 34 35 37 35 38 37 16 17 16 29 32 23 15 27 20 37 39 32 35 34 12 31 26 24 40 35 17 14 13 29 21 39 19 34 23 36 22 14 34 20 26 39 26 36 28 37 11 37 39 38 15 32 39 11 29 33 39 26 14 12 15 25 22 14 24 18 39 13 15 35 31 40 30 35 25 38 16 25 20 14 36 36 14 30 25 25 39 40 16 32 26 18 23 18 38 13 32 24 40 18 14 16 40 19 39 33 40 25 20 25 13 22 28 37 29 35 13 13 25 17 17 11 20 37 19 36 26 26 20 24 11 31 40 29 29 27 38 26 16 31 20 21 31 17 29 19 18 31 33 11 20 31 40 13 40 22 35 11 11 38 31 40 17 14 36 11 31 20 17 40 11 11 38 16 23 16 22 34 33 19 26 21 37 31 38 29 18 31 12 13 11 28 25 13 27 23 17
12 9 28 6 17 27 5 22 4 1 10 30 1 10 10 29 13 11 23 22 3 16 19 3 25 6 13 30 13 28 22 24 18 7 10 4 5 12 27 18 7 22 11 6 13 29 18 22 10 7 20 14 22 30 23 29 6 27 10 4 9 14 11 11 30 3 5 11 2 27 9 4 26 20 25 23 8 10 21 3 7 28 25 17 12 25 2 23 16 28 27 5 23 30 4 18 23 21 16 30 18 21 7 17 29 18 29 13 23 30 23 15 7 3 16 18 11 29 27 6 3 26 2 6 2 20 18 23 11 9 7 16 7 26 11 10 21 6 21 3 26 14 7 22 30 17 30 21 19 28 5 16 17 19 23 27 5 12 14 29 23 25 18 11 19 25 13 17 11 27 20 9 18 20 27 5 23 19 20 28 10 9 12 30 20 1 15 26 2 6 23 7 27 17 27 2 25 14 23 1 27 19 26 7 23 11 12 29 27 20 20 4 18 4 8 16 21 26 20 11 2 4 1 10 22 21 26 23 1 23 23 14 28 26 14 4 7 25 6 25 16 17 10 10 7 27 2 2 21 4 16 29 11 26 9 26 5 5 28 22 23 20 8 29 1 3 11 28 21 3 16 7 29 5 8 23 25 10 29 8 1 16 11 10 7 21 14 26 9 28 17 29 15 13 19 20 6 4 2 23 23 30 15 26 17 12 23 20 1 13 27 18 22 21 9 23 16 13 24 20 28 14 25 18 18 2 27 28 5 24 3 10 3 7 12 15 5 15 14 13 29 27 27 19 22 11 4 3 4 7 23 24 16 17 8 7 27 13 16 2 14 21 26 17 12 21 27 1 23 21 24 16 18 15 15 1 15 5 6 6 8 22 18 21 17 20 19 30 5 16 2 8 9 15 24 6 8 16 1 6 14 10 23 10 16 22 25 26 20 30 2 2 14 17 2 13 17 12 19 16 10 28 19 30 21 14 4 10 25 4 3 26 9 9 18 28 30 22 29 10 29 12 15 12 26 24 6 29 19 13 12 16 8 5 29 11 6 20 25 13 22 16 30 23 15 10 23 9 25 9 5 30 29 28 20 2 8 30 14 15 22 19 16 15 20 24 11 16 13 10 4 17 22 11 7 3 22 11 8 12 9 30 2 24 25 27 25 28 27 6 7 6 19 22 13 5 17 10 27 29 22 25 24 2 21 16 14 30 25 7 4 3 19 11 29 9 24 13 26 12 4 24 10 16 29 16 26 18 27 1 27 29 28 5 22 29 1 19 23 29 16 4 2 5 15 12 4 14 8 29 3 5 25 21 30 20 25 15 28 6 15 10 4 26 26 4 20 15 15 29 30 6 22 16 8 13 8 28 3 22 14 30 8 4 6 30 9 29 23 30 15 10 15 3 12 18 27 19 25 3 3 15 7 7 1 10 27 9 26 16 16 10 14 1 21 30 19 19 17 28 16 6 21 10 11 21 7 19 9 8 21 23 1 10 21 30 3 30 12 25 1 1 28 21 30 7 4 26 1 21 10 7 30 1 1 28 6 13 6 12 24 23 9 16 11 27 21 28 19 8 21 2 3 1 18 15 3 17 13 7
0 1 1
201
0 19 2
364 358
2 13 5
144 137 492 685 660
0 11 6
255 10 222 340 563 0
0 2 1
119
0 10 2
532 208
0 9 6
31 503 53 180 102 346
0 6 4
138 121 432 258
1 15 4
507 321 120 219
0 20 3
28 234 575
0 1 3
327 35 209
1 17 7
130 611 84 418 197 417 385
1 20 6
39 252 43 619 699 260
0 17 3
50 598 227
0 16 5
9 300 373 55 589
1 4 7
416 347 403 63 690 191 414
0 18 1
427
0 1 1
183
1 8 4
639 530 573 471
1 17 6
160 319 393 253 205 23
1 14 3
264 531 177
0 6 5
509 429 331 412 243
0 1 5
580 230 329 71 175
0 3 2
687 269
0 17 1
559
0 7 3
335 496 322
1 15 5
29 79 602 30 112
0 7 1
459
0 7 1
24
0 8 2
469 32
1 12 6
262 614 500 455 382 511
0 10 1
510
0 20 2
438 451
0 10 4
286 271 277 436
0 16 3
288 5 656
0 15 1
473
0 3 5
51 276 636 200 96
0 7 2
694 80
1 14 5
655 87 595 82 304
0 5 3
422 81 136
0 11 1
551
0 14 1
449
0 9 1
305
1 6 4
374 237 60 517
0 16 3
371 634 223
0 16 6
596 556 456 464 126 396
0 1 4
337 402 377 122
2 16 5
361 307 446 166 247
0 9 2
506 523
0 7 1
294
0 4 4
477 25 626 587
0 4 1
170
0 15 1
27
2 16 5
76 526 342 141 493
0 13 1
653
2 3 6
357 275 652 640 316 476
1 4 4
552 543 312 298
0 10 2
162 21
0 14 2
549 215
2 18 5
605 697 289 244 466
0 16 3
261 240 558
5 15 10
529 159 467 213 179 351 564 691 483 399
0 8 1
599
0 19 5
368 400 425 45 20
1 18 4
295 278 488 270
1 14 4
232 259 169 325
1 14 6
504 673 668 313 666 95
0 18 2
490 111
0 3 5
670 115 590 75 667
2 12 5
486 333 679 447 117
2 19 8
103 516 22 542 69 610 257 336
4 7 9
231 306 171 3 203 13 682 680 505
1 1 4
654 618 148 315
1 8 5
221 97 566 440 424
1 11 7
52 324 524 661 334 638 188
1 10 5
541 644 520 161 129
1 2 3
630 210 173
0 7 2
579 407
0 10 1
591
0 6 1
474
2 8 5
94 689 192 675 578
0 17 2
134 133
0 2 4
268 157 513 568
1 4 4
460 620 445 142
0 10 1
515
0 5 2
695 352
0 5 3
44 85 397
0 5 2
109 592
2 21 1
1
1 12 1
2
1 25 1
4
1 15 2
6 593
3 23 1
7
4 23 1
8
3 28 2
11 594
1 22 1
12
1 24 1
14
2 15 1
15
1 31 1
16
1 9 1
17
1 19 1
18
4 18 1
19
2 31 1
26
3 30 1
33
3 10 2
34 442
1 26 1
36
1 17 1
37
1 30 1
38
1 20 1
40
1 15 1
41
1 18 1
42
1 35 1
46
2 27 1
47
2 17 1
48
1 14 1
49
3 24 1
54
1 26 1
56
1 24 1
57
1 21 1
58
1 31 1
59
1 14 1
61
1 4 1
62
3 31 1
64
1 33 1
65
1 32 1
66
2 20 1
67
2 26 1
68
1 22 1
70
1 24 1
72
1 25 1
73
1 6 1
74
1 9 1
77
1 19 1
78
1 12 1
83
1 15 1
86
1 20 1
88
3 35 1
89
1 27 1
90
2 12 1
91
2 20 1
92
1 9 1
93
1 23 1
98
1 24 1
99
1 23 1
100
1 19 1
101
1 14 1
104
1 20 1
105
1 8 1
106
3 25 1
107
1 24 1
108
2 18 1
110
1 25 1
113
1 25 1
114
1 21 1
116
3 21 1
118
1 30 1
123
2 13 1
124
1 11 1
125
1 21 1
127
2 24 2
128 562
5 15 1
131
1 25 1
132
1 16 1
135
1 23 1
139
3 20 2
140 576
1 29 1
143
1 18 1
145
1 20 1
146
1 9 1
147
3 2 1
149
1 38 1
150
3 25 1
151
3 6 1
152
2 16 1
153
6 12 1
154
2 20 1
155
2 25 1
156
2 11 1
158
1 24 1
163
4 25 1
164
1 10 1
165
3 13 1
167
1 33 1
168
1 12 1
172
1 34 1
174
2 31 1
176
3 24 1
178
2 19 1
181
1 11 1
182
5 15 1
184
1 9 1
185
2 20 1
186
1 27 1
187
3 23 1
189
1 22 1
190
2 16 1
193
5 17 1
194
5 24 1
195
4 21 1
196
3 30 1
198
7 17 1
199
1 17 1
202
2 10 1
204
1 21 1
206
1 24 1
207
2 21 1
211
1 20 1
212
2 12 1
214
4 35 1
216
3 5 2
217 698
1 8 1
218
1 27 1
220
5 22 1
224
1 32 2
225 437
5 12 1
226
1 6 1
228
3 13 1
229
1 19 1
233
3 22 1
235
1 11 1
236
1 25 1
238
1 18 1
239
3 14 1
241
6 27 1
242
1 20 1
245
2 18 1
246
1 9 1
248
5 30 1
249
1 21 1
250
3 18 1
251
1 39 2
254 450
2 13 1
256
3 34 1
263
1 12 1
265
2 19 1
266
1 12 1
267
1 17 1
272
1 17 1
273
1 11 1
274
2 6 1
279
1 17 1
280
1 9 1
281
3 23 1
282
2 9 1
283
2 20 1
284
1 20 1
285
1 20 1
287
1 22 1
290
3 38 1
291
3 29 1
292
1 11 2
293 616
1 10 1
296
2 36 1
297
1 35 1
299
1 18 1
301
2 12 1
302
1 29 1
303
2 30 1
308
2 27 1
309
3 32 1
310
1 19 1
311
1 13 1
314
3 32 1
317
3 15 1
318
3 18 1
320
1 30 1
323
2 10 1
326
3 34 1
328
1 24 1
330
5 16 2
332 470
6 27 2
338 384
2 13 1
339
3 11 1
341
2 18 1
343
1 27 1
344
1 24 1
345
2 29 1
348
4 23 1
349
1 9 1
350
2 17 1
353
3 30 1
354
3 30 1
355
3 30 1
356
1 19 1
359
1 27 1
360
1 20 1
362
3 18 1
363
1 13 1
365
4 21 1
366
1 23 1
367
3 12 1
369
1 26 1
370
2 16 1
372
4 36 1
375
2 23 1
376
1 13 1
378
4 18 1
379
2 22 1
380
7 26 1
381
1 23 1
383
1 16 1
386
5 35 1
387
1 18 1
388
1 3 1
389
1 26 1
390
3 20 1
391
1 28 1
392
4 18 1
394
3 29 1
395
3 36 1
398
2 25 1
401
3 10 1
404
3 24 2
405 428
1 22 1
406
2 25 1
408
3 39 1
409
1 25 1
410
1 16 1
411
2 18 1
413
2 26 1
415
3 28 1
419
5 30 1
420
1 35 1
421
1 15 2
423 600
1 33 1
426
3 18 1
430
3 7 1
431
1 11 1
433
1 31 1
434
6 21 1
435
3 27 1
439
1 21 1
441
1 9 1
443
4 17 1
444
2 22 1
448
4 10 1
452
4 15 1
453
1 16 1
454
1 21 1
457
7 19 1
458
2 25 2
461 688
1 14 1
462
3 16 1
463
7 16 1
465
1 23 1
468
1 27 1
472
4 13 1
475
3 11 1
478
1 37 1
479
1 32 1
480
1 12 1
481
1 17 1
482
1 34 1
484
4 28 1
485
1 9 1
487
1 33 1
489
1 8 1
491
1 15 1
494
1 6 1
495
5 21 1
497
1 12 1
498
5 23 1
499
1 27 1
501
2 23 1
502
1 25 1
508
1 20 1
512
2 13 1
514
1 22 1
518
3 25 1
519
1 9 1
521
1 25 1
522
1 23 1
525
1 6 1
527
2 28 1
528
1 21 1
533
3 8 1
534
2 33 1
535
1 21 1
536
2 25 1
537
3 27 1
538
2 13 1
539
4 31 1
540
2 24 1
544
6 11 1
545
1 17 1
546
3 28 1
547
2 17 1
548
1 10 1
550
1 25 1
553
1 26 1
554
1 25 1
555
1 35 1
557
2 27 1
560
1 22 1
561
2 36 1
565
1 19 1
567
1 15 1
569
1 22 1
570
1 19 1
571
1 19 1
572
7 31 1
574
3 5 1
577
2 17 1
581
1 12 1
582
2 18 1
583
1 34 1
584
1 19 1
585
1 32 1
586
2 22 1
588
1 31 1
597
1 27 1
601
1 25 1
603
3 17 1
604
1 13 2
606 672
2 39 1
607
1 26 1
608
1 12 1
609
3 20 1
612
1 17 1
613
1 12 1
615
1 30 1
617
1 19 1
621
2 24 1
622
1 34 1
623
1 28 1
624
6 36 1
625
1 18 1
627
5 31 1
628
1 6 1
629
1 22 1
631
3 14 1
632
1 28 1
633
1 21 1
635
1 19 1
637
1 24 1
641
1 21 1
642
1 11 1
643
1 15 1
645
1 5 1
646
1 23 1
647
2 25 1
648
1 14 1
649
4 32 1
650
2 29 1
651
1 19 1
657
1 7 1
658
2 28 1
659
1 15 1
662
3 12 1
663
1 25 1
664
5 16 1
665
1 18 1
669
1 17 1
671
1 2 1
674
1 25 1
676
1 25 1
677
1 21 1
678
1 24 1
681
1 24 1
683
2 19 1
684
1 24 1
686
1 17 1
692
3 5 1
693
2 29 1
696
