500 350 775 33
11 39 33 16 37 22 38 28 29 26 37 15 16 31 29 29 22 23 30 21 27 29 40 24 40 24 34 11 28 16 17 39 22 27 18 19 11 12 18 27 39 40 17 18 25 29 20 28 19 28 20 39 24 38 21 28 33 25 33 16 37 29 23 37 11 15 33 39 21 22 16 34 36 22 26 12 17 13 24 20 22 34 31 38 37 14 21 11 30 17 38 21 32 26 40 34 23 11 35 27 33 36 32 24 36 11 12 18 15 38 35 27 38 20 28 16 29 37 36 17 30 36 21 30 34 11 36 33 13 38 35 23 20 12 26 35 15 37 25 27 13 33 33 24 28 20 24 38 32 21 16 19 16 17 28 38 36 33 25 34 21 38 12 11 23 30 16 39 31 26 31 28 39 26 12 35 30 26 27 13 22 27 12 32 16 14 28 12 29 13 33 36 40 11 32 26 22 35 23 36 39 19 32 13 38 31 27 23 38 20 35 35 31 33 11 17 11 16 26 38 22 29 34 12 24 39 11 23 21 13 16 25 38 17 19 20 15 20 33 15 33 34 38 32 37 21 33 26 21 34 23 15 16 20 15 28 34 21 31 28 32 40 20 32 17 15 18 20 31 11 17 14 30 15 18 29 29 12 25 27 16 15 40 18 33 16 11 31 33 17 39 28 21 21 11 23 20 21 16 29 13 21 12 20 17 36 26 14 28 18 27 27 38 17 36 15 14 18 15 28 29 39 28 37 21 15 14 30 16 38 37 40 21 35 12 32 33 35 36 35 17 16 11 11 36 36 21 37 27 18 26 19 22 25 25 14 28 28 19 33 24 37 16 21 36 31 17 29 14 24 26 20 18 39 39 31 37 23 37 11 15 39 24 14 31 31 18 14 37 24 38 27 11 17 37 25 34 13 38 16 40 11 23 18 36 23 23 23 25 31 26 40 30 26 37 38 34 24 29 14 20 28 11 38 19 25 26 28 40 12 35 36 39 32 24 36 13 27 29 39 29 28 30 17 32 19 20 12 23 26 33 16 16 40 32 20 27 33 29 18 39 30 30 19 11 23 40 26 20 30 19 33 23 15 16 15 38 33 24 11 23 17 27 16 40 16 37 17 32 27 40 35 30 18 36 29 40 16 11 30
1 29 23 6 27 12 28 18 19 16 27 5 6 21 19 19 12 13 20 11 17 19 30 14 30 14 24 1 18 6 7 29 12 17 8 9 1 2 8 17 29 30 7 8 15 19 10 18 9 18 10 29 14 28 11 18 23 15 23 6 27 19 13 27 1 5 23 29 11 12 6 24 26 12 16 2 7 3 14 10 12 24 21 28 27 4 11 1 20 7 28 11 22 16 30 24 13 1 25 17 23 26 22 14 26 1 2 8 5 28 25 17 28 10 18 6 19 27 26 7 20 26 11 20 24 1 26 23 3 28 25 13 10 2 16 25 5 27 15 17 3 23 23 14 18 10 14 28 22 11 6 9 6 7 18 28 26 23 15 24 11 28 2 1 13 20 6 29 21 16 21 18 29 16 2 25 20 16 17 3 12 17 2 22 6 4 18 2 19 3 23 26 30 1 22 16 12 25 13 26 29 9 22 3 28 21 17 13 28 10 25 25 21 23 1 7 1 6 16 28 12 19 24 2 14 29 1 13 11 3 6 15 28 7 9 10 5 10 23 5 23 24 28 22 27 11 23 16 11 24 13 5 6 10 5 18 24 11 21 18 22 30 10 22 7 5 8 10 21 1 7 4 20 5 8 19 19 2 15 17 6 5 30 8 23 6 1 21 23 7 29 18 11 11 1 13 10 11 6 19 3 11 2 10 7 26 16 4 18 8 17 17 28 7 26 5 4 8 5 18 19 29 18 27 11 5 4 20 6 28 27 30 11 25 2 22 23 25 26 25 7 6 1 1 26 26 11 27 17 8 16 9 12 15 15 4 18 18 9 23 14 27 6 11 26 21 7 19 4 14 16 10 8 29 29 21 27 13 27 1 5 29 14 4 21 21 8 4 27 14 28 17 1 7 27 15 24 3 28 6 30 1 13 8 26 13 13 13 15 21 16 30 20 16 27 28 24 14 19 4 10 18 1 28 9 15 16 18 30 2 25 26 29 22 14 26 3 17 19 29 19 18 20 7 22 9 10 2 13 16 23 6 6 30 22 10 17 23 19 8 29 20 20 9 1 13 30 16 10 20 9 23 13 5 6 5 28 23 14 1 13 7 17 6 30 6 27 7 22 17 30 25 20 8 26 19 30 6 1 20
1 2 4
380 1 446 257
0 13 1
240
0 10 2
4 26
0 2 1
436
1 7 4
186 203 449 62
0 14 2
269 30
1 6 3
491 103 215
0 9 3
7 230 444
0 7 2
25 387
0 20 5
77 94 251 409 99
1 9 4
40 206 41 398
0 7 4
117 36 182 443
1 2 3
239 332 120
2 4 6
314 431 498 471 465 365
0 16 3
396 28 432
1 4 4
252 32 265 70
0 3 2
374 293
0 3 1
54
0 18 2
479 22
0 7 3
116 334 217
1 15 3
68 11 455
0 8 1
81
0 7 3
24 379 38
0 10 3
466 262 59
0 8 1
183
1 11 2
53 92
1 14 4
424 102 221 406
0 10 2
355 247
0 10 4
58 142 238 137
0 15 1
254
0 3 1
0
0 4 3
371 310 84
0 20 2
323 480
1 18 4
462 356 201 354
1 15 3
378 370 430
1 18 3
373 174 384
0 17 2
418 392
2 5 4
300 214 345 388
1 20 3
261 493 148
1 20 3
66 353 346
0 14 4
337 327 193 235
2 18 4
29 89 268 454
0 3 2
213 319
0 2 1
408
0 12 2
312 311
1 19 4
52 3 303 368
0 19 1
122
2 3 5
284 44 158 328 494
0 10 1
383
0 16 1
403
1 4 5
220 204 191 108 245
0 4 5
176 381 85 65 210
0 8 4
278 218 132 241
0 15 3
98 282 164
0 10 1
266
0 2 1
320
1 20 4
114 288 255 8
1 13 4
475 423 242 315
0 1 3
49 249 318
1 20 4
110 208 163 144
1 16 3
43 42 170
0 4 1
63
0 18 1
297
3 18 8
105 438 96 457 495 440 236 463
1 13 3
2 14 305
1 7 4
127 145 400 161
0 5 1
124
0 8 4
222 277 405 113
0 4 2
292 146
1 9 3
227 79 329
1 4 4
156 385 481 233
2 9 6
487 363 372 125 48 234
1 35 1
5
2 8 1
6
2 18 1
9
2 23 1
10
2 21 1
12
3 22 1
13
2 28 1
15
1 17 1
16
1 24 1
17
2 14 1
18
2 30 1
19
2 6 1
20
5 27 1
21
4 6 2
23 101
4 22 2
27 393
2 18 1
31
1 24 1
33
1 29 1
34
1 26 1
35
2 27 1
37
2 13 1
39
4 24 1
45
1 6 1
46
1 39 1
47
1 26 1
50
2 36 1
51
3 21 2
55 228
2 18 1
56
2 7 1
57
1 21 1
60
5 26 1
61
1 16 1
64
1 32 2
67 184
1 21 1
69
4 18 1
71
1 22 1
72
2 18 1
73
2 11 1
74
2 13 1
75
1 22 1
76
1 17 1
78
2 14 1
80
5 10 1
82
1 13 1
83
1 8 1
86
1 38 1
87
1 19 1
88
3 33 1
90
1 35 1
91
3 11 1
93
3 10 1
95
2 15 1
97
1 11 2
100 404
2 12 1
104
5 21 1
106
2 24 1
107
1 27 1
109
2 17 1
111
3 10 1
112
3 12 1
115
2 20 2
118 196
5 21 1
119
3 26 1
121
2 40 1
123
2 36 1
126
1 10 1
128
4 13 1
129
1 24 1
130
1 25 1
131
1 27 1
133
1 19 1
134
3 13 1
135
1 13 1
136
3 18 1
138
2 23 2
139 330
1 16 1
140
1 7 1
141
3 29 2
143 309
1 20 1
147
1 26 1
149
1 18 1
150
1 25 1
151
2 29 1
152
1 6 1
153
2 6 1
154
1 14 1
155
2 18 1
157
1 30 1
159
5 27 1
160
2 17 1
162
1 18 1
165
1 24 1
166
2 25 1
167
2 6 1
168
2 29 1
169
2 13 1
171
1 33 1
172
1 12 1
173
1 13 1
175
2 27 1
177
1 21 1
178
2 12 2
179 219
1 20 1
180
1 21 2
181 428
1 28 1
185
1 20 1
187
1 26 1
188
2 25 1
189
1 18 1
190
3 33 1
192
1 23 1
194
2 16 1
195
1 24 1
197
1 24 1
198
1 31 1
199
3 14 1
200
1 30 1
202
1 6 2
205 256
1 18 1
207
1 17 1
209
2 38 1
211
1 22 1
212
2 14 1
216
1 8 1
223
1 33 1
224
1 21 1
225
1 23 1
226
1 14 1
229
2 22 1
231
1 20 1
232
1 29 1
237
1 16 1
243
1 15 1
244
4 7 2
246 452
2 12 1
248
1 29 1
250
1 10 1
253
5 36 1
258
1 30 1
259
2 38 1
260
1 18 1
263
1 20 1
264
2 28 1
267
2 18 1
270
2 17 1
271
1 32 1
272
4 11 1
273
1 30 1
274
3 17 1
275
1 30 1
276
2 36 1
279
2 23 1
280
1 26 1
281
1 25 1
283
4 24 1
285
1 25 1
286
1 14 1
287
5 10 1
289
1 23 1
290
1 26 1
291
2 11 1
294
1 12 1
295
3 18 1
296
1 28 1
298
1 11 1
299
1 22 1
301
1 19 1
302
1 8 1
304
2 15 1
306
1 22 1
307
2 27 1
308
4 16 1
313
1 15 1
316
1 26 1
317
1 29 1
321
2 21 1
322
1 27 1
324
1 27 1
325
2 9 1
326
2 20 1
331
1 22 1
333
1 8 1
335
3 38 1
336
5 10 1
338
1 19 1
339
1 29 1
340
5 20 1
341
2 29 1
342
2 23 1
343
3 13 1
344
2 14 1
347
3 14 1
348
2 13 1
349
1 17 1
350
1 20 1
351
1 22 1
352
1 24 1
357
3 28 1
358
3 22 1
359
4 16 1
360
1 28 1
361
1 26 1
362
1 24 1
364
2 17 1
366
2 5 1
367
2 19 1
369
4 35 1
375
1 40 1
376
2 35 1
377
5 21 1
382
2 6 1
386
1 11 1
389
1 22 1
390
1 21 1
391
3 9 1
394
2 14 1
395
1 27 1
397
3 24 1
399
2 11 1
401
2 7 1
402
1 10 1
407
4 18 1
410
2 13 1
411
1 16 1
412
1 14 1
413
3 29 1
414
2 24 1
415
1 25 1
416
2 30 1
417
3 11 1
419
1 24 1
420
1 12 1
421
2 10 1
422
3 9 1
425
2 23 1
426
1 24 1
427
1 22 1
429
2 19 1
433
3 12 1
434
2 9 1
435
3 30 1
437
4 10 1
439
1 12 1
441
1 10 1
442
1 25 1
445
2 24 1
447
2 14 1
448
2 17 1
450
2 14 1
451
1 15 1
453
1 19 1
456
2 5 1
458
3 21 1
459
1 26 1
460
1 14 1
461
1 35 1
464
2 7 1
467
2 27 1
468
1 22 1
469
1 20 1
470
3 23 1
472
3 11 1
473
4 23 1
474
1 3 1
476
3 24 1
477
3 22 1
478
2 36 1
482
4 20 1
483
1 35 1
484
2 16 1
485
1 23 1
486
1 21 1
488
1 17 1
489
2 17 1
490
2 6 1
492
4 22 1
496
1 14 1
497
2 24 1
499
