700 498 1085 47
17 36 37 31 32 40 25 13 28 33 22 16 35 32 26 17 15 18 34 31 26 34 21 36 15 37 26 29 31 27 40 32 36 36 37 18 16 12 19 23 39 31 32 19 36 18 20 23 22 32 23 38 28 38 12 29 31 12 13 36 30 22 34 29 22 37 25 38 25 24 29 18 22 18 29 11 35 21 23 26 13 37 15 39 23 38 35 28 12 27 23 33 36 12 20 39 15 11 32 22 35 16 16 21 34 30 19 19 17 15 20 20 40 24 37 14 19 23 39 37 28 31 22 20 29 33 26 23 18 15 22 25 40 32 22 14 13 15 13 34 36 32 12 17 37 35 25 22 36 14 20 35 38 33 28 11 37 40 29 30 35 34 22 22 31 18 25 23 12 27 22 39 30 15 40 30 13 15 28 24 40 18 38 33 17 37 39 11 15 39 16 28 17 15 38 28 16 21 30 34 14 27 30 25 29 34 14 14 26 20 30 25 37 21 11 28 30 32 39 21 11 13 12 13 21 37 13 40 36 39 37 26 19 16 14 36 30 22 24 38 29 15 36 36 37 25 14 25 12 20 36 29 23 34 31 26 35 11 31 29 15 22 31 12 19 17 23 28 27 31 21 20 11 15 16 21 22 11 16 20 40 17 22 36 27 39 11 29 39 21 32 40 14 29 32 17 13 12 39 25 12 20 13 12 27 19 22 35 28 19 31 18 25 32 29 20 35 40 39 20 24 27 14 36 29 11 14 20 16 16 29 23 34 22 25 32 29 17 25 29 11 17 18 22 27 34 20 25 33 32 21 19 22 34 20 22 34 26 34 11 23 37 18 34 15 24 27 39 36 34 37 21 40 37 34 21 13 13 14 25 20 38 33 36 24 20 32 37 34 20 21 12 30 24 21 38 21 29 34 28 34 39 18 40 26 34 20 33 33 27 30 36 39 31 15 33 40 12 37 40 27 12 33 13 20 36 15 26 26 33 32 32 12 20 24 33 18 15 11 29 21 35 16 36 17 23 16 24 38 35 15 20 20 40 22 23 29 27 35 14 17 35 14 27 33 17 12 36 21 29 31 32 22 14 31 14 38 20 23 18 24 29 31 27 22 29 12 13 35 36 34 12 12 31 37 27 14 31 29 26 30 12 22 25 25 13 40 26 35 24 39 20 39 22 16 15 20 14 12 17 18 37 14 32 14 11 37 38 29 19 26 30 35 27 38 14 35 26 36 33 31 33 32 32 17 40 36 27 22 29 38 34 17 12 16 16 13 17 11 14 29 15 14 18 35 29 38 14 21 39 36 40 12 16 38 37 18 23 33 22 39 14 37 18 21 33 22 29 37 27 33 17 21 22 29 25 37 40 21 30 21 39 36 26 15 37 23 14 21 12 40 38 15 12 38 28 21 30 21 39 33 30 37 31 25 26 37 27 23 31 22 40 21 17 17 14 28 28 33 25 15 16 21 23 21 13 24 36 22 11 22 17 11 39 38 37 15 22 23 23 31 40 28 20 11 16 20 20 25 12 21 29 18 20 33 24 26 15 16 14 40 34 25 23 29 18 37 25 27 24 37 22 19 29 28 30 27 25 37 39
7 26 27 21 22 30 15 3 18 23 12 6 25 22 16 7 5 8 24 21 16 24 11 26 5 27 16 19 21 17 30 22 26 26 27 8 6 2 9 13 29 21 22 9 26 8 10 13 12 22 13 28 18 28 2 19 21 2 3 26 20 12 24 19 12 27 15 28 15 14 19 8 12 8 19 1 25 11 13 16 3 27 5 29 13 28 25 18 2 17 13 23 26 2 10 29 5 1 22 12 25 6 6 11 24 20 9 9 7 5 10 10 30 14 27 4 9 13 29 27 18 21 12 10 19 23 16 13 8 5 12 15 30 22 12 4 3 5 3 24 26 22 2 7 27 25 15 12 26 4 10 25 28 23 18 1 27 30 19 20 25 24 12 12 21 8 15 13 2 17 12 29 20 5 30 20 3 5 18 14 30 8 28 23 7 27 29 1 5 29 6 18 7 5 28 18 6 11 20 24 4 17 20 15 19 24 4 4 16 10 20 15 27 11 1 18 20 22 29 11 1 3 2 3 11 27 3 30 26 29 27 16 9 6 4 26 20 12 14 28 19 5 26 26 27 15 4 15 2 10 26 19 13 24 21 16 25 1 21 19 5 12 21 2 9 7 13 18 17 21 11 10 1 5 6 11 12 1 6 10 30 7 12 26 17 29 1 19 29 11 22 30 4 19 22 7 3 2 29 15 2 10 3 2 17 9 12 25 18 9 21 8 15 22 19 10 25 30 29 10 14 17 4 26 19 1 4 10 6 6 19 13 24 12 15 22 19 7 15 19 1 7 8 12 17 24 10 15 23 22 11 9 12 24 10 12 24 16 24 1 13 27 8 24 5 14 17 29 26 24 27 11 30 27 24 11 3 3 4 15 10 28 23 26 14 10 22 27 24 10 11 2 20 14 11 28 11 19 24 18 24 29 8 30 16 24 10 23 23 17 20 26 29 21 5 23 30 2 27 30 17 2 23 3 10 26 5 16 16 23 22 22 2 10 14 23 8 5 1 19 11 25 6 26 7 13 6 14 28 25 5 10 10 30 12 13 19 17 25 4 7 25 4 17 23 7 2 26 11 19 21 22 12 4 21 4 28 10 13 8 14 19 21 17 12 19 2 3 25 26 24 2 2 21 27 17 4 21 19 16 20 2 12 15 15 3 30 16 25 14 29 10 29 12 6 5 10 4 2 7 8 27 4 22 4 1 27 28 19 9 16 20 25 17 28 4 25 16 26 23 21 23 22 22 7 30 26 17 12 19 28 24 7 2 6 6 3 7 1 4 19 5 4 8 25 19 28 4 11 29 26 30 2 6 28 27 8 13 23 12 29 4 27 8 11 23 12 19 27 17 23 7 11 12 19 15 27 30 11 20 11 29 26 16 5 27 13 4 11 2 30 28 5 2 28 18 11 20 11 29 23 20 27 21 15 16 27 17 13 21 12 30 11 7 7 4 18 18 23 15 5 6 11 13 11 3 14 26 12 1 12 7 1 29 28 27 5 12 13 13 21 30 18 10 1 6 10 10 15 2 11 19 8 10 23 14 16 5 6 4 30 24 15 13 19 8 27 15 17 14 27 12 9 19 18 20 17 15 27 29
0 14 1
17
1 6 4
168 376 653 329
1 1 4
327 500 350 572
0 5 3
197 449 513
0 4 3
530 86 346
0 7 1
680
0 12 2
230 290
1 5 4
403 599 661 379
0 2 7
634 149 671 407 105 328 50
0 14 2
461 471
0 13 2
635 414
1 10 7
324 285 469 447 335 457 308
3 5 6
13 651 36 228 693 179
0 16 2
344 155
0 5 6
512 640 617 131 367 516
0 6 4
213 143 697 11
0 15 3
127 453 358
0 2 2
269 271
0 7 2
470 444
0 1 3
291 607 400
2 3 6
547 39 659 349 396 284
1 14 4
69 502 15 526
1 4 3
128 174 455
1 19 4
34 434 163 450
0 20 2
510 554
0 5 10
504 401 208 474 77 633 30 646 410 411
1 1 5
146 292 159 672 668
0 8 2
5 293
1 15 5
472 419 136 656 480
0 12 2
539 339
0 1 2
531 206
0 6 3
677 314 200
0 3 1
315
0 14 2
662 673
0 14 2
625 524
1 12 6
98 295 18 515 578 393
0 8 2
505 637
1 4 6
475 688 353 354 239 216
0 9 2
686 548
0 8 1
583
0 19 3
600 25 402
0 9 5
81 125 362 422 352
0 14 3
147 156 387
2 4 6
574 323 287 91 593 690
0 19 5
256 167 459 487 264
1 2 3
638 192 466
0 7 1
3
0 11 2
112 642
0 16 5
495 347 28 601 253
0 16 1
49
0 20 2
196 527
2 4 7
162 187 427 372 221 24 660
0 11 4
242 76 288 432
0 3 2
674 2
0 14 2
433 33
0 9 3
92 606 79
0 5 4
644 507 211 62
0 20 2
490 164
0 5 4
212 301 87 122
0 18 3
657 357 348
0 20 5
181 31 310 489 169
0 8 2
214 333
0 19 1
114
0 11 2
234 363
0 3 1
623
0 17 5
340 519 220 342 560
0 5 3
356 262 309
0 16 2
185 481
0 12 3
497 360 334
0 19 2
613 621
0 14 3
429 232 121
1 8 7
643 138 336 88 209 380 525
0 15 3
252 210 9
0 10 5
694 398 384 268 165
0 20 3
115 108 442
0 13 2
611 240
0 13 4
331 52 543 695
0 12 2
698 273
3 19 1
0
3 26 2
1 321
3 14 1
4
2 24 2
6 332
1 32 1
7
2 14 1
8
4 30 1
10
1 28 1
12
1 32 1
14
1 20 1
16
1 13 1
19
6 25 1
20
1 28 1
21
2 40 1
22
1 9 1
23
2 32 2
26 95
3 19 1
27
5 12 1
29
1 34 1
32
1 6 1
35
2 21 1
37
2 23 1
38
3 12 1
40
1 21 1
41
1 24 1
42
1 12 1
43
1 31 1
44
1 9 1
45
3 26 1
46
2 35 1
47
1 25 1
48
2 25 1
51
2 32 1
53
1 19 1
54
2 26 1
55
2 14 1
56
2 15 1
57
1 25 1
58
2 22 1
59
2 33 1
60
3 13 1
61
2 23 1
63
1 12 1
64
1 35 1
65
1 21 1
66
1 17 1
67
3 31 1
68
1 22 1
70
1 24 1
71
7 24 1
72
1 6 1
73
1 19 1
74
3 9 1
75
2 10 1
78
1 12 1
80
2 27 1
82
2 28 1
83
2 12 1
84
1 15 1
85
1 21 1
89
2 15 1
90
4 22 1
93
3 17 1
94
4 19 1
96
4 7 1
97
1 21 1
99
3 18 1
100
1 30 1
101
1 21 1
102
2 23 1
103
4 22 1
104
1 32 1
106
1 28 2
107 195
1 28 1
109
1 26 1
110
1 30 1
111
1 28 1
113
1 9 1
116
3 6 1
117
2 8 1
118
1 28 1
119
2 18 1
120
3 33 1
123
1 31 1
124
2 27 1
126
1 25 1
129
5 19 1
130
3 22 1
132
2 26 1
133
2 20 1
134
3 21 1
135
3 26 2
137 648
1 21 1
139
1 7 1
140
1 19 1
141
2 17 1
142
4 17 1
144
3 21 1
145
1 24 1
148
2 13 1
150
8 5 1
151
6 10 1
152
1 27 1
153
1 22 1
154
2 5 1
157
4 17 1
158
5 21 1
160
2 7 1
161
2 5 1
166
1 29 1
170
1 30 1
171
1 32 1
172
2 22 1
173
2 16 1
175
1 27 2
176 553
2 18 1
177
1 32 1
178
1 18 1
180
1 14 1
182
1 11 1
183
1 16 1
184
4 23 1
186
1 13 1
188
1 9 1
189
1 16 1
190
1 20 1
191
3 25 1
193
1 35 1
194
1 20 1
198
3 21 2
199 227
1 20 1
201
2 11 1
202
1 12 1
203
4 17 1
204
2 26 1
205
2 31 1
207
1 29 1
215
2 36 1
217
2 23 1
218
6 15 1
219
2 33 1
222
2 25 1
223
1 29 1
224
2 27 1
225
1 14 1
226
2 23 1
229
2 16 1
231
1 24 1
233
4 7 1
235
4 13 1
236
1 33 1
237
1 13 1
238
1 10 1
241
2 25 1
243
2 27 2
244 416
2 34 1
245
1 34 1
246
1 29 1
247
4 14 1
248
1 13 1
249
2 5 1
250
1 23 1
251
2 10 1
254
1 33 1
255
2 26 1
257
4 28 2
258 413
2 13 1
259
1 10 1
260
1 10 1
261
1 30 1
263
1 27 1
265
6 19 1
266
1 26 1
267
2 17 1
270
3 18 1
272
4 19 1
274
1 17 1
275
1 18 1
276
1 28 1
277
1 29 1
278
1 19 2
279 343
1 17 2
280 289
1 16 1
281
2 12 1
282
3 34 2
283 639
2 30 1
286
1 21 1
294
1 22 1
296
1 22 1
297
2 11 1
298
3 27 1
299
1 3 1
300
2 19 1
302
1 30 2
303 544
3 20 2
304 319
1 19 1
305
1 35 1
306
3 18 1
307
6 17 1
311
3 34 1
312
1 11 1
313
1 24 1
316
3 19 1
317
1 10 1
318
1 18 1
320
1 9 1
322
1 25 1
325
4 8 1
326
3 8 1
330
1 22 1
337
1 15 1
338
1 27 1
341
6 27 2
345 602
4 18 1
351
1 24 1
355
1 33 1
359
3 24 1
361
1 30 1
364
3 9 1
365
2 34 1
366
1 16 1
368
2 38 1
369
1 17 1
370
2 26 1
371
1 14 2
373 498
2 22 1
374
3 29 1
375
3 25 1
377
3 21 1
378
2 21 1
381
3 25 1
382
2 21 1
383
2 30 1
385
1 17 1
386
3 11 1
388
2 24 1
389
1 15 1
390
4 11 1
391
2 39 1
392
1 14 1
394
2 7 1
395
2 14 1
397
2 24 1
399
1 28 1
404
1 34 1
405
1 13 1
406
6 15 1
408
2 6 1
409
1 27 1
412
1 28 1
415
1 15 1
417
4 8 1
418
4 10 1
420
1 16 1
421
1 23 1
423
6 28 1
424
5 22 1
425
1 24 1
426
7 20 1
428
3 25 1
430
1 17 1
431
1 21 1
435
2 28 1
436
1 25 1
437
2 14 1
438
3 16 1
439
1 6 1
440
1 16 1
441
1 25 1
443
1 15 1
445
6 11 1
446
1 23 1
448
2 21 1
451
1 13 1
452
1 15 1
454
1 12 1
456
5 22 1
458
3 35 1
460
1 20 1
462
1 32 1
463
5 27 1
464
1 18 1
465
1 20 1
467
1 15 1
468
4 9 1
473
3 28 1
476
5 9 1
477
1 39 1
478
1 29 1
479
1 20 1
482
2 17 1
483
1 12 1
484
6 16 1
485
1 25 1
486
1 21 1
488
2 22 1
491
1 39 1
492
2 10 1
493
1 21 1
494
1 12 1
496
1 23 1
499
1 10 1
501
1 11 1
503
2 32 1
506
1 18 1
508
1 6 1
509
1 13 1
511
1 22 1
514
2 18 1
517
1 14 1
518
3 16 1
520
1 11 1
521
1 23 1
522
6 19 1
523
1 30 1
528
3 16 1
529
3 25 1
532
4 17 2
533 679
1 28 1
534
2 4 2
535 568
3 16 1
536
1 26 1
537
5 5 1
538
1 14 1
540
3 6 1
541
1 21 1
542
1 7 1
545
2 25 1
546
1 8 1
549
6 15 1
550
1 19 2
551 628
1 31 1
552
3 18 1
555
1 15 1
556
1 20 1
557
2 6 1
558
2 32 1
559
5 16 1
561
1 33 1
562
1 24 1
563
2 17 1
564
1 25 1
565
1 16 1
566
1 17 1
567
5 22 1
569
1 30 1
570
2 7 1
571
2 34 1
573
2 21 1
575
1 10 1
576
4 30 1
577
3 34 1
579
1 18 1
580
2 30 1
581
4 9 1
582
1 12 2
584 658
1 16 1
585
1 33 1
586
2 8 1
587
6 15 1
588
1 11 1
589
1 33 1
590
1 21 1
591
1 28 1
592
2 18 1
594
1 18 1
595
1 28 1
596
1 24 1
597
1 16 1
598
3 38 1
603
4 16 1
604
3 17 1
605
1 36 1
608
2 12 1
609
4 20 1
610
2 11 1
612
3 15 1
614
1 7 1
615
1 7 1
616
1 17 1
618
2 15 1
619
1 11 1
620
2 22 1
622
2 20 1
624
1 25 1
626
1 16 1
627
3 7 1
629
4 9 1
630
1 20 1
631
1 12 1
632
6 18 1
636
1 19 1
641
2 24 1
645
1 19 1
647
1 26 1
649
1 19 1
650
1 24 1
652
2 26 1
654
2 33 1
655
1 19 1
663
1 16 1
664
4 9 1
665
1 29 1
666
1 37 1
667
1 24 1
669
4 13 1
670
2 23 1
675
1 25 1
676
2 21 1
678
2 24 1
681
2 23 1
682
1 14 1
683
1 18 1
684
1 19 1
685
1 14 1
687
1 16 1
689
2 15 1
691
3 30 1
692
1 13 1
696
7 7 1
699
