700 487 1085 47
17 33 20 40 16 30 20 19 17 39 22 11 22 26 34 40 22 22 15 26 17 11 34 23 19 31 23 17 21 39 25 17 14 30 30 27 11 11 24 32 37 35 18 32 13 11 25 24 34 20 23 28 11 30 32 26 16 35 31 33 22 39 33 38 40 24 24 14 24 37 28 14 39 33 14 24 27 27 25 18 36 16 19 26 20 31 12 16 31 39 37 23 31 39 21 11 22 35 36 31 33 27 26 25 30 23 35 22 32 35 11 28 40 20 15 34 30 38 40 30 30 33 38 31 22 36 25 15 34 15 17 11 19 11 21 28 30 32 27 37 11 25 37 28 14 38 29 25 32 38 30 40 12 24 16 25 30 19 31 27 24 12 20 28 28 26 17 38 21 26 20 27 14 15 14 15 34 26 23 39 17 26 35 33 33 39 28 27 14 29 22 35 24 13 14 39 32 37 15 19 31 11 39 36 31 16 11 36 24 11 35 29 16 36 36 14 27 16 30 32 35 34 22 26 31 26 17 28 25 23 28 37 25 24 33 30 30 24 16 32 20 15 18 13 26 20 31 14 13 22 13 33 11 17 12 28 13 35 21 24 34 28 30 21 40 24 25 34 18 31 36 14 33 13 27 22 17 15 38 35 29 18 28 34 12 11 20 15 39 39 25 40 20 19 38 27 16 14 15 27 21 19 15 26 26 28 38 30 12 24 14 14 21 39 38 16 29 20 18 21 38 24 31 35 28 32 31 38 22 22 18 31 30 38 14 22 16 12 40 35 31 22 32 12 11 22 29 34 34 37 32 22 29 32 39 17 15 13 25 21 15 37 36 18 34 12 15 25 22 18 16 23 14 24 26 25 39 13 20 11 31 22 16 24 20 35 29 37 13 25 22 14 23 38 26 30 11 18 11 19 22 30 38 34 19 22 39 14 12 30 40 36 13 32 40 28 21 18 35 40 40 20 21 22 23 34 31 11 16 13 13 22 18 12 22 39 15 20 29 13 30 22 12 22 29 40 28 11 31 34 39 12 11 40 25 29 17 30 27 13 31 18 16 12 38 17 28 15 29 27 27 17 39 37 33 12 36 20 25 31 39 20 19 30 40 30 37 13 39 15 36 40 34 22 14 14 25 38 27 11 38 20 30 12 22 31 27 25 16 28 24 32 32 26 23 34 14 26 34 37 18 24 16 20 13 16 11 17 21 29 26 13 27 13 25 17 18 25 18 14 34 14 11 23 32 20 26 31 23 37 33 15 25 28 20 18 19 17 31 19 26 26 36 35 21 22 35 39 34 28 12 11 25 37 14 23 33 16 16 25 30 15 13 27 17 18 32 12 14 26 23 29 35 26 31 21 20 16 14 30 28 25 23 19 14 14 13 19 17 37 38 15 35 20 22 37 39 40 27 24 12 29 23 28 20 40 34 25 22 27 31 27 27 26 25 33 22 35 33 27 23 30 28 34 24 27 13 39 39 17 18 24 13 17 17 22 33 17 16 15 34 36 11 19 22 39 14 24 33 35 25 27 28 36 16 18 22 20 20 25 34 27 15 27 15 33 35 14 12 36 13 27 15 17 20 40 32 36 12 17
7 23 10 30 6 20 10 9 7 29 12 1 12 16 24 30 12 12 5 16 7 1 24 13 9 21 13 7 11 29 15 7 4 20 20 17 1 1 14 22 27 25 8 22 3 1 15 14 24 10 13 18 1 20 22 16 6 25 21 23 12 29 23 28 30 14 14 4 14 27 18 4 29 23 4 14 17 17 15 8 26 6 9 16 10 21 2 6 21 29 27 13 21 29 11 1 12 25 26 21 23 17 16 15 20 13 25 12 22 25 1 18 30 10 5 24 20 28 30 20 20 23 28 21 12 26 15 5 24 5 7 1 9 1 11 18 20 22 17 27 1 15 27 18 4 28 19 15 22 28 20 30 2 14 6 15 20 9 21 17 14 2 10 18 18 16 7 28 11 16 10 17 4 5 4 5 24 16 13 29 7 16 25 23 23 29 18 17 4 19 12 25 14 3 4 29 22 27 5 9 21 1 29 26 21 6 1 26 14 1 25 19 6 26 26 4 17 6 20 22 25 24 12 16 21 16 7 18 15 13 18 27 15 14 23 20 20 14 6 22 10 5 8 3 16 10 21 4 3 12 3 23 1 7 2 18 3 25 11 14 24 18 20 11 30 14 15 24 8 21 26 4 23 3 17 12 7 5 28 25 19 8 18 24 2 1 10 5 29 29 15 30 10 9 28 17 6 4 5 17 11 9 5 16 16 18 28 20 2 14 4 4 11 29 28 6 19 10 8 11 28 14 21 25 18 22 21 28 12 12 8 21 20 28 4 12 6 2 30 25 21 12 22 2 1 12 19 24 24 27 22 12 19 22 29 7 5 3 15 11 5 27 26 8 24 2 5 15 12 8 6 13 4 14 16 15 29 3 10 1 21 12 6 14 10 25 19 27 3 15 12 4 13 28 16 20 1 8 1 9 12 20 28 24 9 12 29 4 2 20 30 26 3 22 30 18 11 8 25 30 30 10 11 12 13 24 21 1 6 3 3 12 8 2 12 29 5 10 19 3 20 12 2 12 19 30 18 1 21 24 29 2 1 30 15 19 7 20 17 3 21 8 6 2 28 7 18 5 19 17 17 7 29 27 23 2 26 10 15 21 29 10 9 20 30 20 27 3 29 5 26 30 24 12 4 4 15 28 17 1 28 10 20 2 12 21 17 15 6 18 14 22 22 16 13 24 4 16 24 27 8 14 6 10 3 6 1 7 11 19 16 3 17 3 15 7 8 15 8 4 24 4 1 13 22 10 16 21 13 27 23 5 15 18 10 8 9 7 21 9 16 16 26 25 11 12 25 29 24 18 2 1 15 27 4 13 23 6 6 15 20 5 3 17 7 8 22 2 4 16 13 19 25 16 21 11 10 6 4 20 18 15 13 9 4 4 3 9 7 27 28 5 25 10 12 27 29 30 17 14 2 19 13 18 10 30 24 15 12 17 21 17 17 16 15 23 12 25 23 17 13 20 18 24 14 17 3 29 29 7 8 14 3 7 7 12 23 7 6 5 24 26 1 9 12 29 4 14 23 25 15 17 18 26 6 8 12 10 10 15 24 17 5 17 5 23 25 4 2 26 3 17 5 7 10 30 22 26 2 7
2 18 5
83 652 668 688 146
0 13 3
225 3 615
0 6 3
31 300 241
0 9 2
79 409
1 16 4
599 299 591 244
0 5 1
258
0 4 4
313 681 149 290
0 13 2
314 453
1 9 5
46 653 52 228 427
2 7 5
538 546 63 276 252
1 19 7
486 286 2 117 210 691 70
0 17 4
249 266 464 657
0 8 2
43 84
0 16 9
123 642 445 119 564 103 310 457 440
0 9 2
389 479
0 10 5
663 336 185 632 233
0 12 3
394 526 24
0 19 2
581 401
0 4 6
281 433 690 481 251 547
0 18 2
376 634
0 16 1
603
0 20 2
466 307
0 16 1
323
0 19 4
116 325 623 265
0 12 2
364 218
0 17 4
371 693 675 341
0 4 4
678 107 641 543
0 19 1
423
0 18 3
115 357 13
0 8 2
334 0
0 16 2
280 533
2 16 5
413 522 88 194 197
0 6 2
498 685
0 16 2
590 532
0 14 1
76
1 4 3
34 669 356
1 6 5
151 205 572 504 569
0 2 1
565
1 13 3
452 366 535
0 20 2
215 559
1 7 6
186 667 263 431 372 616
0 1 1
537
0 9 3
109 338 496
0 10 3
86 468 605
0 20 2
35 576
0 18 4
555 183 292 339
0 11 2
511 677
1 14 3
201 140 122
0 1 2
213 377
0 7 3
169 387 329
1 12 4
121 492 108 293
2 11 4
517 516 570 126
0 3 1
278
0 13 1
10
1 7 4
311 33 259 471
1 11 3
127 337 7
1 5 5
360 495 110 594 59
0 17 3
502 444 381
2 7 6
172 92 548 421 682 418
1 5 5
282 232 179 640 680
3 17 7
268 171 19 177 138 613 274
0 16 1
439
1 13 3
563 222 44
0 10 2
411 238
1 12 4
574 93 596 416
0 15 6
351 260 482 592 349 47
1 8 5
607 68 160 48 104
0 4 2
247 643
0 6 2
625 694
2 17 7
182 684 434 621 435 627 95
0 12 3
335 224 624
0 18 7
106 275 448 489 330 124 610
2 5 5
635 50 144 692 602
0 2 1
397
0 8 3
430 235 283
0 16 3
631 382 515
0 19 3
346 380 463
0 19 2
582 405
0 18 3
137 491 630
0 7 1
586
1 2 3
14 566 231
0 2 3
133 391 650
0 18 5
593 75 165 636 579
0 1 1
637
0 15 2
415 156
2 35 1
1
2 36 1
4
1 14 1
5
2 39 1
6
2 18 1
8
1 18 1
9
3 34 1
11
1 28 2
12 529
1 25 1
15
1 23 1
16
4 18 1
17
3 11 1
18
2 29 1
20
2 31 1
21
2 20 1
22
4 18 1
23
2 25 2
25 697
2 12 1
26
2 20 1
27
1 14 1
28
2 28 1
29
1 18 1
30
3 29 1
32
5 20 1
36
4 30 2
37 428
2 28 1
38
2 20 2
39 571
1 20 1
40
5 31 1
41
2 20 1
42
2 20 1
45
5 16 1
49
4 19 1
51
1 16 1
53
2 28 1
54
4 5 1
55
1 18 1
56
2 26 1
57
5 18 1
58
2 16 1
60
2 23 1
61
2 27 1
62
1 29 1
64
1 22 1
65
1 23 1
66
4 28 1
67
2 6 2
69 97
2 8 1
71
4 15 2
72 399
1 27 1
73
2 36 1
74
2 16 1
77
2 25 1
78
2 23 1
80
4 3 1
81
2 21 1
82
2 38 1
85
1 24 1
87
1 31 1
89
2 29 1
90
1 38 1
91
3 25 1
94
1 23 1
96
7 21 1
98
1 20 1
99
2 38 1
100
2 24 1
101
3 20 1
102
2 6 2
105 342
2 23 1
111
1 22 1
112
3 14 1
113
2 35 1
114
3 16 1
118
4 9 1
120
2 23 1
125
2 16 1
128
1 39 1
129
1 24 1
130
1 20 1
131
2 25 1
132
4 23 1
134
1 34 1
135
5 32 2
136 530
2 6 1
139
1 8 1
141
2 22 1
142
1 28 1
143
3 26 1
145
3 23 1
147
1 20 1
148
3 36 1
150
1 5 1
152
4 38 1
153
2 25 1
154
1 30 1
155
3 26 1
157
4 23 1
158
2 18 1
159
2 32 1
161
2 11 1
162
2 19 1
163
2 16 1
164
1 13 1
166
2 17 2
167 196
1 9 1
168
4 24 1
170
1 20 1
173
2 34 1
174
1 33 1
175
1 31 1
176
3 17 1
178
3 14 1
180
2 20 1
181
3 36 1
184
1 21 1
187
2 30 1
188
2 23 1
189
1 31 1
190
1 20 1
191
2 23 1
192
2 37 1
193
1 25 1
195
3 17 1
198
2 15 1
199
2 35 1
200
2 21 1
202
2 21 1
203
1 24 1
204
2 31 1
206
2 4 1
207
2 33 1
208
1 23 1
209
1 23 1
211
3 27 1
212
2 21 1
214
4 34 2
216 528
4 25 1
217
1 13 1
219
1 23 1
220
1 24 1
221
1 32 1
223
4 23 1
226
1 31 1
227
2 30 1
229
1 19 1
230
1 27 1
234
1 29 1
236
1 29 1
237
2 21 2
239 456
4 18 1
240
2 23 1
242
1 22 1
243
2 22 1
245
1 15 1
246
2 17 1
248
4 12 1
250
1 14 1
253
1 21 1
254
2 31 2
255 578
1 23 2
256 553
4 19 1
257
1 21 1
261
1 32 1
262
1 6 1
264
1 11 1
267
1 19 1
269
2 18 1
270
4 17 2
271 597
2 37 1
272
1 20 1
273
3 24 1
277
1 20 1
279
1 36 1
284
6 30 1
285
1 28 1
287
2 22 1
288
3 22 1
289
2 22 1
291
3 22 1
294
3 38 1
295
2 14 1
296
4 36 1
297
2 15 1
298
3 17 1
301
2 33 1
302
5 24 2
303 358
3 9 1
304
3 20 1
305
2 23 1
306
2 18 1
308
7 13 1
309
1 23 1
312
2 27 1
315
2 19 1
316
1 21 1
317
1 17 2
318 402
2 20 1
319
5 24 1
320
2 26 1
321
1 13 1
322
4 27 1
324
7 7 1
326
2 8 1
327
3 32 1
328
3 12 1
331
2 26 1
332
2 24 1
333
2 20 1
340
6 32 1
343
2 24 1
344
1 33 1
345
3 11 1
347
1 16 1
348
2 26 2
350 442
2 32 1
352
1 31 1
353
1 27 1
354
2 23 1
355
2 31 1
359
2 25 1
361
2 38 1
362
3 37 1
363
4 19 1
365
1 9 1
367
1 17 1
368
1 18 1
369
2 31 1
370
3 39 1
373
3 36 1
374
5 27 1
375
1 26 1
378
1 33 1
379
6 20 1
383
6 18 1
384
2 25 2
385 567
4 15 1
386
1 23 1
388
1 36 1
390
1 36 1
392
2 15 1
393
5 25 1
395
1 13 1
396
3 16 1
398
3 7 1
400
4 35 1
403
5 26 1
404
4 13 1
406
1 24 1
407
2 27 1
408
1 21 1
410
2 24 1
412
1 24 1
414
1 19 1
417
1 23 2
419 429
1 21 1
420
2 23 1
422
2 13 1
424
1 28 1
425
1 38 1
426
1 11 1
432
1 16 1
436
2 30 1
437
4 26 1
438
1 29 3
441 488 514
1 32 1
443
3 20 1
446
1 27 1
447
1 20 1
449
1 22 1
450
1 28 1
451
1 30 1
454
1 20 1
455
6 28 1
458
3 16 1
459
2 24 1
460
1 34 1
461
4 8 1
462
1 31 1
465
1 17 1
467
6 31 1
469
2 33 1
470
1 20 1
472
3 16 1
473
1 10 1
474
4 22 1
475
2 29 1
476
2 17 1
477
3 26 1
478
1 23 1
480
4 17 1
483
1 40 1
484
2 23 1
485
1 39 1
487
4 24 1
490
1 30 2
493 539
1 26 1
494
1 25 1
497
2 32 1
499
2 13 1
500
1 19 1
501
1 10 1
503
1 12 1
505
3 29 1
506
3 22 1
507
1 38 1
508
2 4 1
509
1 18 1
510
1 20 1
512
3 25 1
513
2 29 1
518
2 35 1
519
3 13 1
520
2 38 1
521
2 21 1
523
1 17 1
524
2 37 1
525
1 25 1
527
1 29 1
531
1 21 1
534
1 20 1
536
1 30 1
540
1 24 1
541
1 20 1
542
1 22 1
544
3 26 1
545
2 9 1
549
2 28 1
550
5 21 1
551
1 19 1
552
4 29 1
554
3 23 1
556
5 20 1
557
2 9 1
558
2 30 1
560
2 18 1
561
2 24 1
562
2 14 1
568
2 22 1
573
2 27 1
575
2 36 1
577
1 24 1
580
2 38 1
583
1 23 1
584
3 25 1
585
1 26 1
587
2 35 1
588
3 30 1
589
2 15 1
595
2 14 1
598
3 15 1
600
7 12 1
601
1 26 1
604
2 7 1
606
4 14 1
608
1 28 1
609
5 29 1
611
2 20 1
612
2 29 1
614
2 35 1
617
2 32 2
618 622
2 21 1
619
2 26 1
620
5 22 1
626
1 38 1
628
3 17 1
629
2 37 1
633
1 36 1
638
4 29 1
639
3 28 1
644
2 34 1
645
2 10 1
646
2 22 1
647
4 19 1
648
2 10 1
649
2 23 1
651
2 17 1
654
1 25 1
655
1 21 1
656
1 33 1
658
1 19 1
659
3 20 1
660
2 36 1
661
2 17 1
662
1 29 1
664
2 37 1
665
5 17 1
666
2 32 1
670
2 23 1
671
1 24 1
672
1 30 1
673
2 33 1
674
2 24 1
676
2 11 1
679
1 19 1
683
2 27 1
686
2 19 1
687
2 6 1
689
3 30 1
695
2 24 1
696
5 15 1
698
1 20 1
699
