1000 673 1550 67
31 26 36 28 13 31 11 40 12 39 32 39 20 38 39 12 30 39 38 39 12 30 31 38 11 26 15 20 30 20 28 34 21 16 14 25 37 16 22 33 33 36 31 33 18 13 28 28 40 16 32 34 25 32 37 38 20 26 20 38 27 11 40 39 13 28 33 15 28 19 36 27 35 30 37 30 24 14 16 34 11 36 22 25 13 24 23 27 35 15 28 23 17 22 22 40 15 18 12 34 36 11 37 12 30 18 20 39 30 19 29 26 20 24 19 24 25 13 17 31 13 36 40 18 21 39 35 11 12 14 21 15 27 32 22 27 21 16 40 38 12 14 35 39 40 16 36 23 29 40 15 28 38 17 20 18 12 19 24 34 23 39 22 26 36 40 16 37 12 32 14 31 37 19 15 23 32 30 39 31 14 26 28 32 34 39 35 14 24 32 14 29 23 15 28 11 24 37 25 12 12 14 15 23 31 28 21 22 24 26 19 33 12 23 11 14 24 15 32 15 40 22 14 17 15 37 23 16 11 20 16 17 17 37 40 24 22 36 39 26 26 34 28 24 38 13 40 12 39 38 29 20 22 15 24 16 30 28 15 38 20 16 33 38 25 39 29 24 12 18 38 20 21 29 37 39 38 27 22 37 15 18 29 30 34 40 32 37 36 17 23 34 14 33 18 29 27 34 12 11 28 14 24 26 36 31 33 39 37 30 17 27 27 24 19 25 40 35 23 32 33 39 22 26 23 29 39 26 17 38 19 13 27 31 16 33 35 36 16 26 22 32 40 22 31 20 15 24 31 29 26 25 38 15 19 40 27 35 35 40 17 13 39 28 39 14 14 38 15 33 39 24 37 17 25 34 40 23 27 12 39 19 28 26 21 20 29 21 20 37 38 11 25 33 25 27 21 19 28 18 25 18 27 17 23 23 33 36 35 15 32 28 40 12 34 32 15 32 18 33 16 39 15 32 30 16 36 16 24 18 38 25 29 27 38 37 36 39 28 28 11 32 30 20 19 11 18 40 22 20 38 17 25 11 25 40 27 37 37 25 18 35 40 33 36 32 27 35 24 15 37 37 11 15 28 16 22 30 26 14 29 28 17 25 11 18 29 19 30 24 11 14 39 12 14 19 12 21 24 37 21 13 35 29 27 29 11 25 31 33 23 30 23 22 23 35 21 38 28 28 15 15 19 31 24 22 31 19 14 32 20 37 15 26 21 19 12 23 11 37 30 20 24 13 17 33 24 12 28 33 36 19 20 19 31 15 24 22 19 20 33 22 22 21 20 35 34 25 17 33 25 15 36 30 30 30 22 23 28 25 18 24 26 28 27 13 31 38 37 25 14 16 36 23 27 19 20 26 25 27 35 13 15 17 32 34 15 38 20 17 28 29 36 14 11 32 37 11 26 26 34 31 17 26 20 23 20 26 12 14 30 17 25 14 39 14 38 16 37 20 20 40 16 23 36 34 38 15 12 29 32 12 38 39 12 25 38 40 34 12 20 24 36 26 12 13 39 28 12 27 28 19 30 28 17 33 21 33 26 15 21 39 16 30 17 19 36 29 32 31 11 19 22 23 36 33 31 13 25 27 12 32 35 40 16 35 39 40 15 38 32 37 20 29 17 36 30 14 40 35 25 18 37 26 37 36 23 31 17 39 36 40 28 37 36 37 37 22 25 11 16 33 25 24 35 37 31 27 16 11 40 19 16 11 36 29 14 37 34 16 34 26 40 26 19 35 30 28 22 35 25 37 18 17 24 19 37 33 24 15 29 40 33 22 26 26 25 31 16 28 31 39 39 31 31 14 12 25 34 34 31 38 32 21 20 30 27 13 18 22 32 16 11 24 17 25 12 38 24 38 14 17 40 18 38 17 36 37 37 13 28 39 29 39 16 20 15 11 14 12 39 19 22 15 25 28 13 23 21 39 27 37 16 11 15 29 21 24 30 21 26 35 20 30 18 16 21 20 34 15 27 27 11 18 18 15 29 14 21 37 34 11 28 16 25 36 38 12 32 35 33 27 25 30 35 33 21 25 14 35 11 29 35 17 17 38 35 36 16 11 40 19 34 14 12 13 19 15 30 20 32 16 21 24 22 25 29 15 36 26 22 34 23 35 39 22 39 35 36 35 21 29 30 24 28 32 32 30 13 21 17 11 35 37 32 29 15 19 38 15 28 37 34 27 22 37 35 21 39 23 18 40 27 17 13 12 12 23 27 19 34 19 37 40 36 34 39 25 23 33 12 36 40 11 21 23 11 19 22 26
21 16 26 18 3 21 1 30 2 29 22 29 10 28 29 2 20 29 28 29 2 20 21 28 1 16 5 10 20 10 18 24 11 6 4 15 27 6 12 23 23 26 21 23 8 3 18 18 30 6 22 24 15 22 27 28 10 16 10 28 17 1 30 29 3 18 23 5 18 9 26 17 25 20 27 20 14 4 6 24 1 26 12 15 3 14 13 17 25 5 18 13 7 12 12 30 5 8 2 24 26 1 27 2 20 8 10 29 20 9 19 16 10 14 9 14 15 3 7 21 3 26 30 8 11 29 25 1 2 4 11 5 17 22 12 17 11 6 30 28 2 4 25 29 30 6 26 13 19 30 5 18 28 7 10 8 2 9 14 24 13 29 12 16 26 30 6 27 2 22 4 21 27 9 5 13 22 20 29 21 4 16 18 22 24 29 25 4 14 22 4 19 13 5 18 1 14 27 15 2 2 4 5 13 21 18 11 12 14 16 9 23 2 13 1 4 14 5 22 5 30 12 4 7 5 27 13 6 1 10 6 7 7 27 30 14 12 26 29 16 16 24 18 14 28 3 30 2 29 28 19 10 12 5 14 6 20 18 5 28 10 6 23 28 15 29 19 14 2 8 28 10 11 19 27 29 28 17 12 27 5 8 19 20 24 30 22 27 26 7 13 24 4 23 8 19 17 24 2 1 18 4 14 16 26 21 23 29 27 20 7 17 17 14 9 15 30 25 13 22 23 29 12 16 13 19 29 16 7 28 9 3 17 21 6 23 25 26 6 16 12 22 30 12 21 10 5 14 21 19 16 15 28 5 9 30 17 25 25 30 7 3 29 18 29 4 4 28 5 23 29 14 27 7 15 24 30 13 17 2 29 9 18 16 11 10 19 11 10 27 28 1 15 23 15 17 11 9 18 8 15 8 17 7 13 13 23 26 25 5 22 18 30 2 24 22 5 22 8 23 6 29 5 22 20 6 26 6 14 8 28 15 19 17 28 27 26 29 18 18 1 22 20 10 9 1 8 30 12 10 28 7 15 1 15 30 17 27 27 15 8 25 30 23 26 22 17 25 14 5 27 27 1 5 18 6 12 20 16 4 19 18 7 15 1 8 19 9 20 14 1 4 29 2 4 9 2 11 14 27 11 3 25 19 17 19 1 15 21 23 13 20 13 12 13 25 11 28 18 18 5 5 9 21 14 12 21 9 4 22 10 27 5 16 11 9 2 13 1 27 20 10 14 3 7 23 14 2 18 23 26 9 10 9 21 5 14 12 9 10 23 12 12 11 10 25 24 15 7 23 15 5 26 20 20 20 12 13 18 15 8 14 16 18 17 3 21 28 27 15 4 6 26 13 17 9 10 16 15 17 25 3 5 7 22 24 5 28 10 7 18 19 26 4 1 22 27 1 16 16 24 21 7 16 10 13 10 16 2 4 20 7 15 4 29 4 28 6 27 10 10 30 6 13 26 24 28 5 2 19 22 2 28 29 2 15 28 30 24 2 10 14 26 16 2 3 29 18 2 17 18 9 20 18 7 23 11 23 16 5 11 29 6 20 7 9 26 19 22 21 1 9 12 13 26 23 21 3 15 17 2 22 25 30 6 25 29 30 5 28 22 27 10 19 7 26 20 4 30 25 15 8 27 16 27 26 13 21 7 29 26 30 18 27 26 27 27 12 15 1 6 23 15 14 25 27 21 17 6 1 30 9 6 1 26 19 4 27 24 6 24 16 30 16 9 25 20 18 12 25 15 27 8 7 14 9 27 23 14 5 19 30 23 12 16 16 15 21 6 18 21 29 29 21 21 4 2 15 24 24 21 28 22 11 10 20 17 3 8 12 22 6 1 14 7 15 2 28 14 28 4 7 30 8 28 7 26 27 27 3 18 29 19 29 6 10 5 1 4 2 29 9 12 5 15 18 3 13 11 29 17 27 6 1 5 19 11 14 20 11 16 25 10 20 8 6 11 10 24 5 17 17 1 8 8 5 19 4 11 27 24 1 18 6 15 26 28 2 22 25 23 17 15 20 25 23 11 15 4 25 1 19 25 7 7 28 25 26 6 1 30 9 24 4 2 3 9 5 20 10 22 6 11 14 12 15 19 5 26 16 12 24 13 25 29 12 29 25 26 25 11 19 20 14 18 22 22 20 3 11 7 1 25 27 22 19 5 9 28 5 18 27 24 17 12 27 25 11 29 13 8 30 17 7 3 2 2 13 17 9 24 9 27 30 26 24 29 15 13 23 2 26 30 1 11 13 1 9 12 16
0 12 4
833 590 772 436
0 9 8
585 179 692 375 552 3 695 454
1 14 4
287 540 85 42
1 17 2
19 873
1 7 4
971 691 278 629
0 4 2
486 388
1 13 6
170 782 850 181 851 283
1 11 7
710 349 797 365 834 749 472
2 16 7
182 784 104 88 491 837 701
1 9 8
29 74 16 893 184 139 333 539
1 19 6
779 49 361 272 218 625
0 19 3
245 475 200
0 5 2
776 261
0 1 2
755 77
0 13 3
340 14 0
0 13 4
753 914 607 437
0 10 2
138 211
0 17 1
48
0 11 3
936 525 329
2 1 7
129 310 408 929 983 874 593
0 2 2
271 577
0 3 1
17
0 11 3
813 282 580
1 3 4
564 733 313 633
1 18 3
693 972 61
0 12 2
467 113
1 10 8
246 75 241 515 24 955 720 275
0 1 1
276
1 7 4
509 279 153 136
2 17 6
33 382 716 407 601 963
0 16 3
273 59 544
1 1 9
86 764 31 223 92 927 519 485 684
2 3 5
862 220 252 977 116
0 12 1
168
2 8 6
305 536 702 678 709 796
0 17 3
500 859 369
0 17 3
400 258 250
0 2 1
28
0 3 5
421 610 660 531 331
1 10 6
953 469 621 618 57 322
3 9 7
13 499 703 270 948 566 974
0 12 3
718 385 452
0 17 5
919 422 672 378 791
0 8 5
737 950 968 655 731
1 13 4
976 132 324 900
0 14 8
559 553 465 581 892 62 863 855
0 7 2
371 209
0 14 4
243 51 95 937
4 6 11
222 917 673 706 344 800 11 533 251 924 488
1 19 4
632 911 384 224
4 14 10
411 878 777 734 159 401 494 253 394 554
2 12 6
745 722 871 405 956 402
0 17 4
828 817 348 255
0 1 3
144 386 867
4 12 9
56 334 512 345 119 954 308 698 21
0 5 5
667 18 448 989 416
0 14 4
383 735 353 32
1 1 8
958 652 497 128 657 997 171 166
1 1 4
945 514 39 501
0 9 2
356 470
0 2 4
351 597 204 240
2 16 7
938 815 823 928 688 379 603
1 5 4
317 130 689 510
0 5 5
894 126 335 922 699
0 12 5
808 801 822 810 396
0 15 5
238 793 640 428 94
3 14 8
292 778 681 22 743 775 281 634
0 16 2
197 342
0 5 3
827 420 994
0 5 2
93 280
0 1 5
263 594 183 148 4
3 11 9
447 806 990 337 913 476 650 123 207
0 8 1
23
1 17 5
150 588 212 55 664
0 11 1
157
0 9 3
299 846 647
0 4 2
69 844
2 6 5
853 431 675 309 111
0 11 4
257 583 569 785
0 7 3
242 723 36
0 11 1
619
1 11 4
739 374 438 479
0 5 4
83 63 975 613
0 4 1
244
0 6 1
550
0 4 2
682 885
3 29 1
1
4 28 1
2
2 18 1
5
2 17 1
6
3 21 1
7
1 25 1
8
1 25 1
9
4 28 1
10
1 18 2
12 646
1 19 1
15
5 36 1
20
3 22 2
25 404
2 25 1
26
3 24 1
27
4 17 2
30 471
1 18 1
34
1 32 1
35
2 19 1
37
4 29 1
38
3 6 1
40
3 21 1
41
7 30 1
43
5 14 1
44
2 26 2
45 685
1 11 1
46
2 28 1
47
8 12 1
50
1 2 1
52
3 28 1
53
2 8 2
54 339
1 21 1
58
3 19 1
60
3 28 1
64
3 11 1
65
1 17 1
66
1 19 1
67
1 13 1
68
1 28 1
70
1 12 1
71
3 27 1
72
3 30 1
73
5 30 1
76
1 28 1
78
1 20 1
79
4 24 1
80
1 13 3
81 789 836
3 35 1
82
1 32 1
84
1 30 1
87
1 12 1
89
1 22 2
90 188
4 13 1
91
4 35 1
96
1 25 2
97 933
3 23 1
98
1 16 1
99
3 23 1
100
1 17 1
101
2 16 1
102
3 23 2
103 887
1 2 1
105
5 24 2
106 297
2 31 1
107
6 15 2
108 545
4 18 1
109
4 19 1
110
1 28 1
112
1 18 1
114
7 14 1
115
3 20 1
117
1 3 1
118
3 24 1
120
1 27 1
121
3 18 1
122
1 21 1
124
1 17 1
125
5 34 1
127
8 19 1
131
1 20 2
133 792
2 14 1
134
1 28 1
135
1 16 1
137
1 20 1
140
5 19 1
141
4 4 1
142
1 18 2
143 687
3 23 1
145
3 24 1
146
4 19 2
147 866
4 36 1
149
1 11 1
151
2 14 1
152
2 13 2
154 579
1 34 2
155 417
1 33 1
156
1 19 1
158
1 29 2
160 187
1 16 2
161 180
1 15 1
162
1 15 1
163
4 19 1
164
1 17 1
165
1 15 1
167
1 29 1
169
1 28 1
172
1 14 1
173
2 21 1
174
1 11 1
175
3 21 1
176
10 30 1
177
2 12 1
178
1 22 1
185
1 32 1
186
1 8 1
189
3 11 3
190 231 547
10 28 1
191
4 18 1
192
4 27 1
193
1 3 1
194
1 35 1
195
3 14 1
196
3 22 1
198
1 18 1
199
4 23 1
201
3 8 1
202
1 24 1
203
2 29 1
205
1 31 1
206
2 17 1
208
4 28 1
210
4 19 1
213
6 12 1
214
1 10 1
215
1 31 1
216
3 28 1
217
1 14 2
219 721
1 14 1
221
2 2 1
225
1 14 1
226
1 16 1
227
5 23 1
228
4 11 2
229 648
1 6 2
230 562
1 16 1
232
4 11 2
233 637
1 2 1
234
1 25 1
235
2 21 1
236
6 28 1
237
3 16 1
239
2 15 1
247
1 22 1
248
1 18 1
249
1 12 1
254
4 12 1
256
1 7 1
259
3 9 1
260
4 20 2
262 661
4 10 1
264
8 12 1
265
1 25 1
266
9 15 1
267
3 26 1
268
1 26 1
269
4 13 1
274
1 23 1
277
1 21 1
284
2 16 1
285
3 17 1
286
1 32 1
288
1 12 1
289
2 22 1
290
2 11 1
291
1 12 1
293
1 24 1
294
1 26 1
295
3 28 1
296
2 23 1
298
8 15 1
300
3 12 1
301
1 11 1
302
2 10 1
303
3 15 1
304
4 24 1
306
1 17 1
307
1 9 1
311
1 15 1
312
8 13 1
314
2 26 1
315
5 17 1
316
1 10 1
318
2 18 1
319
2 27 1
320
1 20 1
321
1 16 1
323
1 18 1
325
8 4 1
326
4 23 1
327
5 33 1
328
1 26 1
330
3 12 1
332
4 8 1
336
1 9 1
338
2 7 1
341
3 13 2
343 561
3 36 1
346
5 17 1
347
1 17 1
350
3 15 1
352
1 17 1
354
2 29 1
355
1 18 1
357
3 25 1
358
4 27 1
359
1 10 1
360
3 5 1
362
3 18 1
363
4 20 1
364
6 30 1
366
1 21 1
367
1 8 1
368
1 29 1
370
2 12 1
372
3 17 2
373 748
2 28 1
376
8 18 1
377
4 23 1
380
4 21 1
381
1 17 1
387
4 25 1
389
3 24 1
390
2 11 1
391
3 13 1
392
1 11 1
393
4 17 1
395
1 23 1
397
2 27 1
398
4 20 1
399
2 22 1
403
3 24 1
406
1 14 2
409 783
1 22 1
410
6 31 2
412 904
2 22 1
413
4 33 1
414
4 24 1
415
5 19 1
418
3 37 1
419
1 14 1
423
2 13 1
424
1 24 1
425
4 14 1
426
6 17 1
427
4 16 1
429
5 16 1
430
4 28 1
432
2 27 1
433
3 8 1
434
2 30 1
435
1 12 1
439
2 28 1
440
5 28 1
441
2 10 1
442
3 17 1
443
3 20 1
444
8 17 1
445
1 19 1
446
2 12 1
449
1 22 1
450
1 13 1
451
6 7 1
453
4 13 1
455
7 23 1
456
3 27 1
457
1 6 1
458
1 11 2
459 981
1 31 1
460
2 16 1
461
1 7 1
462
3 20 2
463 861
2 25 1
464
1 31 1
466
8 15 2
468 575
2 16 1
473
2 16 1
474
4 16 1
477
4 13 1
478
2 15 1
480
3 14 1
481
1 26 1
482
4 32 1
483
6 28 1
484
2 12 1
487
1 20 1
489
4 36 1
490
1 19 1
492
1 27 1
493
4 22 1
495
3 15 1
496
1 4 1
498
8 25 2
502 841
6 25 1
503
1 28 1
504
1 24 2
505 905
1 32 2
506 751
1 23 1
507
1 24 1
508
1 9 1
511
3 18 1
513
6 29 1
516
3 18 1
517
2 19 1
518
3 14 1
520
1 22 1
521
1 18 1
522
2 6 1
523
2 20 1
524
3 23 1
526
1 12 1
527
4 10 1
528
1 19 1
529
3 13 1
530
5 31 1
532
2 18 1
534
2 11 1
535
5 18 1
537
1 28 1
538
3 22 1
541
1 16 1
542
4 24 1
543
1 32 1
546
1 6 1
548
2 16 1
549
1 18 1
551
1 24 1
555
6 29 1
556
1 17 1
557
2 35 2
558 707
3 8 1
560
1 29 1
563
4 20 2
565 803
4 16 1
567
1 21 1
568
1 20 1
570
3 17 1
571
4 24 1
572
3 11 1
573
1 7 1
574
1 17 1
576
1 27 1
578
1 18 1
582
2 36 1
584
5 17 1
586
6 31 1
587
1 5 1
589
5 12 1
591
1 22 1
592
1 28 1
595
9 32 1
596
1 11 1
598
1 18 1
599
2 27 1
600
1 16 1
602
1 15 1
604
2 6 1
605
4 26 1
606
3 26 1
608
4 10 2
609 932
1 29 1
611
1 28 1
612
1 21 1
614
8 9 1
615
6 14 1
616
1 28 1
617
1 2 1
620
1 15 1
622
1 15 1
623
5 11 1
624
1 19 1
626
4 23 1
627
1 19 1
628
2 24 1
630
1 28 1
631
5 17 1
635
4 12 1
636
2 13 3
638 725 979
1 16 1
639
1 16 1
641
1 6 1
642
5 25 1
643
3 27 1
644
2 18 1
645
3 26 1
649
4 22 1
651
1 14 2
653 864
2 23 1
654
1 16 1
656
1 16 1
658
1 13 1
659
2 28 1
662
1 18 1
663
1 10 1
665
4 8 1
666
1 7 1
668
1 16 1
669
2 15 1
670
6 26 1
671
1 5 1
674
2 5 1
676
2 12 1
677
1 12 1
679
3 14 1
680
1 17 2
683 843
1 4 1
686
4 37 1
690
2 16 1
694
3 4 1
696
2 28 1
697
1 14 1
700
3 27 1
704
9 20 1
705
3 18 1
708
1 22 1
711
3 16 1
712
1 20 1
713
4 25 1
714
3 18 1
715
2 15 1
717
3 25 1
719
1 7 1
724
3 25 1
726
3 19 1
727
1 13 1
728
2 17 1
729
1 6 1
730
1 23 1
732
1 24 1
736
1 21 1
738
2 21 1
740
2 20 1
741
1 30 1
742
1 14 1
744
1 26 1
746
3 21 1
747
1 23 1
750
2 15 1
752
1 15 1
754
8 22 2
756 934
1 25 1
757
2 15 1
758
4 10 1
759
4 23 1
760
1 25 1
761
3 30 1
762
5 24 1
763
4 18 1
765
3 19 1
766
1 6 2
767 946
3 21 1
768
5 28 1
769
1 20 1
770
1 18 1
771
3 21 1
773
1 17 1
774
4 18 1
780
6 18 1
781
5 26 1
786
1 8 1
787
1 8 1
788
1 9 1
790
2 18 1
794
1 20 1
795
3 19 1
798
1 27 1
799
1 10 1
802
4 6 1
804
3 25 1
805
1 22 1
807
4 31 1
809
4 20 1
811
1 12 1
812
1 18 1
814
4 20 1
816
1 10 1
818
4 22 2
819 824
1 24 1
820
2 22 1
821
1 12 2
825 912
4 8 1
826
3 25 1
829
2 13 1
830
2 23 1
831
3 19 1
832
1 17 1
835
2 16 1
838
5 21 1
839
1 27 1
840
1 24 1
842
8 33 1
845
1 12 1
847
2 13 1
848
3 21 1
849
3 22 1
852
1 29 1
854
1 23 1
856
1 23 1
857
2 17 2
858 952
1 15 1
860
2 22 1
865
1 13 1
868
6 29 1
869
11 20 1
870
7 22 1
872
1 13 1
875
1 18 1
876
3 25 1
877
3 38 1
879
2 16 1
880
1 8 1
881
4 27 1
882
5 23 1
883
8 25 1
884
3 24 1
886
1 19 1
888
2 20 1
889
1 19 1
890
1 14 1
891
3 33 1
895
3 31 1
896
1 21 1
897
3 9 1
898
1 26 1
899
1 17 1
901
2 22 1
902
2 23 1
903
1 16 1
906
1 13 1
907
5 23 1
908
1 25 1
909
1 21 1
910
1 34 1
915
1 24 1
916
2 22 1
918
4 7 1
920
2 6 1
921
1 26 1
923
1 15 1
925
1 23 1
926
1 20 1
930
1 22 1
931
1 22 1
935
3 14 1
939
1 30 1
940
1 24 1
941
1 10 1
942
1 18 1
943
2 16 1
944
2 12 1
947
1 35 1
949
1 29 1
951
1 20 1
957
2 22 1
959
4 20 1
960
1 15 1
961
2 16 1
962
3 16 1
964
2 15 1
965
2 20 1
966
4 16 1
967
2 34 1
969
1 26 1
970
1 19 1
973
1 8 1
978
3 15 1
980
5 23 1
982
4 15 1
984
1 30 1
985
1 12 1
986
1 13 1
987
5 14 1
988
3 12 1
991
1 17 1
992
1 23 1
993
1 31 1
995
1 24 1
996
1 26 1
998
2 2 1
999
