300 227 465 20
36 12 39 36 12 23 12 28 37 12 31 38 22 28 23 24 19 21 31 20 36 23 35 35 25 28 16 34 33 19 15 24 24 15 33 20 36 29 34 27 29 27 35 27 28 20 18 21 30 17 20 21 33 19 17 21 40 38 39 25 30 15 27 13 30 14 23 11 22 21 22 22 25 16 29 30 11 21 16 17 28 15 39 37 19 39 33 40 17 17 24 21 31 14 28 19 21 29 14 19 33 23 24 28 40 22 32 30 22 17 38 12 14 22 39 28 28 37 26 29 17 12 15 25 37 17 12 38 29 29 28 28 12 30 14 11 25 38 21 19 16 36 30 12 39 33 38 24 23 30 27 24 38 35 34 13 20 28 27 37 25 38 31 32 33 12 16 23 31 22 34 15 23 27 15 24 14 23 21 28 34 31 20 19 33 29 29 22 34 31 29 40 37 32 35 19 22 22 18 40 20 32 13 12 11 20 13 28 14 33 17 16 31 23 15 19 20 37 27 18 30 37 36 21 14 37 30 26 12 22 33 28 37 20 33 38 26 36 22 33 28 34 29 24 28 17 13 17 20 37 31 28 26 24 17 12 28 18 27 29 40 19 29 22 13 12 15 14 29 32 11 19 28 37 27 31 16 13 33 40 31 37 40 22 23 12 21 18 36 28 17 37 32 26 25 17 37 34 28 32
26 2 29 26 2 13 2 18 27 2 21 28 12 18 13 14 9 11 21 10 26 13 25 25 15 18 6 24 23 9 5 14 14 5 23 10 26 19 24 17 19 17 25 17 18 10 8 11 20 7 10 11 23 9 7 11 30 28 29 15 20 5 17 3 20 4 13 1 12 11 12 12 15 6 19 20 1 11 6 7 18 5 29 27 9 29 23 30 7 7 14 11 21 4 18 9 11 19 4 9 23 13 14 18 30 12 22 20 12 7 28 2 4 12 29 18 18 27 16 19 7 2 5 15 27 7 2 28 19 19 18 18 2 20 4 1 15 28 11 9 6 26 20 2 29 23 28 14 13 20 17 14 28 25 24 3 10 18 17 27 15 28 21 22 23 2 6 13 21 12 24 5 13 17 5 14 4 13 11 18 24 21 10 9 23 19 19 12 24 21 19 30 27 22 25 9 12 12 8 30 10 22 3 2 1 10 3 18 4 23 7 6 21 13 5 9 10 27 17 8 20 27 26 11 4 27 20 16 2 12 23 18 27 10 23 28 16 26 12 23 18 24 19 14 18 7 3 7 10 27 21 18 16 14 7 2 18 8 17 19 30 9 19 12 3 2 5 4 19 22 1 9 18 27 17 21 6 3 23 30 21 27 30 12 13 2 11 8 26 18 7 27 22 16 15 7 27 24 18 22
0 18 1
218
1 19 5
109 111 121 9 76
0 9 2
240 230
0 4 1
132
1 16 3
172 213 281
0 12 2
137 223
0 2 1
271
0 2 2
186 133
0 3 3
221 286 188
0 8 1
148
0 6 1
196
0 13 2
177 14
0 18 2
200 81
0 10 1
71
0 14 1
159
0 7 2
287 122
0 1 2
224 51
1 2 5
125 225 43 27 295
0 9 1
38
0 17 2
58 30
0 8 1
167
0 6 2
7 283
0 9 2
101 135
0 19 1
169
0 2 2
178 143
0 8 2
247 128
0 9 1
180
1 2 3
205 173 85
0 14 1
65
0 5 2
263 216
0 3 2
116 50
2 11 3
55 157 138
0 9 2
168 267
0 15 1
124
0 13 1
97
0 5 4
184 48 86 236
0 8 2
32 203
0 4 2
151 189
0 13 1
233
0 5 1
219
0 11 2
294 146
0 7 1
73
1 17 2
29 268
0 11 1
89
1 2 4
114 285 113 106
0 13 1
182
0 8 4
149 64 108 120
0 14 1
46
2 17 3
260 90 278
0 16 2
63 220
1 20 3
92 39 117
0 13 3
112 35 266
0 11 1
77
0 5 1
158
0 4 3
199 107 150
1 6 3
241 94 54
0 16 1
87
0 7 2
84 155
1 2 3
110 82 72
0 15 1
0
0 14 4
217 277 40 197
0 18 1
45
0 19 2
161 290
1 10 2
21 99
1 17 3
292 231 204
0 7 2
275 209
0 4 1
166
1 14 1
1
3 27 1
2
1 22 1
3
2 23 1
4
2 9 1
5
1 12 1
6
2 19 1
8
1 28 1
10
1 12 1
11
1 4 2
12 57
2 23 1
13
1 8 1
15
1 8 1
16
1 12 1
17
1 17 1
18
1 8 1
19
1 17 1
20
2 26 1
22
1 27 1
23
1 30 1
24
3 24 1
25
1 32 1
26
1 28 1
28
1 23 1
31
1 20 1
33
1 9 1
34
2 16 1
36
1 11 1
37
1 28 1
41
1 24 1
42
1 17 1
44
2 10 1
47
1 35 1
49
3 34 1
52
1 14 1
53
1 24 1
56
1 22 1
59
1 22 1
60
2 8 1
61
1 13 1
62
1 26 1
66
1 17 1
67
1 25 1
68
1 33 1
69
1 22 1
70
1 18 1
74
1 21 1
75
1 16 1
78
1 23 1
79
1 20 1
80
2 21 1
83
2 26 1
88
1 25 1
91
1 17 1
93
3 39 1
95
1 14 1
96
2 12 2
98 201
2 32 1
100
1 29 1
102
3 9 1
103
2 8 1
104
1 31 2
105 126
1 11 1
115
2 28 1
118
1 10 1
119
1 24 1
123
2 17 1
127
2 16 1
129
2 19 1
130
1 13 1
131
2 6 1
134
1 18 1
136
1 7 1
139
1 22 1
140
1 21 1
141
2 30 1
142
1 36 1
144
1 25 1
145
1 8 1
147
1 36 1
152
1 25 1
153
1 28 1
154
1 18 1
156
1 29 1
160
1 9 1
162
2 16 1
163
1 28 1
164
2 27 2
165 171
1 24 1
170
1 12 1
174
1 25 1
175
1 3 1
176
1 19 1
179
1 25 1
181
2 22 1
183
1 23 1
185
1 10 1
187
1 9 1
190
1 18 1
191
2 30 1
192
1 17 1
193
1 22 1
194
2 36 1
195
1 16 2
198 282
1 14 1
202
1 25 1
206
2 22 1
207
1 17 1
208
1 18 1
210
2 10 1
211
1 8 1
212
1 23 1
214
1 11 1
215
1 7 1
222
1 15 1
226
2 17 2
227 280
1 11 1
228
1 18 1
229
1 9 1
232
2 30 1
234
1 34 1
235
1 23 1
237
1 11 1
238
2 17 1
239
1 19 1
242
1 16 1
243
1 20 1
244
1 8 1
245
1 5 1
246
1 11 1
248
1 24 1
249
2 14 1
250
2 16 1
251
2 37 1
252
2 25 1
253
1 6 1
254
1 14 1
255
1 13 2
256 273
1 11 1
257
1 19 1
258
1 14 1
259
1 13 1
261
2 17 1
262
1 26 1
264
1 18 1
265
2 27 1
269
2 28 1
270
1 18 1
272
1 25 1
274
2 11 1
276
1 19 1
279
1 17 1
284
1 10 1
288
1 15 1
289
1 3 1
291
1 13 1
293
1 15 1
296
2 8 1
297
1 21 1
298
1 32 1
299
