500 353 775 33
17 34 32 21 16 18 13 38 40 27 13 13 37 17 16 36 37 17 32 36 13 12 19 30 32 35 35 32 35 23 40 20 20 37 16 17 31 32 37 14 26 38 27 19 34 32 23 23 23 33 22 14 17 29 33 35 34 29 12 28 15 18 30 32 16 29 32 18 40 34 23 17 28 24 20 31 36 34 20 25 11 37 34 32 29 22 11 31 28 30 25 29 40 14 24 27 16 11 31 29 28 13 32 13 19 13 29 13 31 17 17 34 38 40 11 15 21 27 35 35 34 12 38 12 35 33 21 35 22 24 32 22 21 16 36 20 40 29 35 31 39 28 36 27 16 15 30 21 19 15 28 12 19 11 29 21 26 28 24 14 16 24 40 35 11 34 11 16 24 25 25 37 13 39 22 38 38 39 35 23 31 15 18 36 23 21 28 16 21 38 19 22 32 30 24 18 26 15 36 40 24 34 27 25 23 33 13 23 20 21 39 36 21 22 16 25 18 18 37 13 40 27 22 16 24 37 39 30 33 17 36 16 25 19 23 39 18 27 17 29 37 18 25 37 26 40 28 21 39 20 30 39 20 38 33 31 19 27 29 31 39 20 26 35 34 11 22 39 28 20 14 18 16 32 38 17 40 38 35 16 15 36 32 18 16 28 30 20 14 36 24 12 34 25 14 25 31 39 37 21 36 25 32 29 15 33 28 17 17 38 18 19 12 22 15 36 28 40 22 25 36 29 33 22 35 11 16 25 32 13 20 40 18 23 39 18 32 36 11 36 40 36 15 21 35 23 29 27 38 26 23 39 16 36 35 40 19 24 32 30 33 35 29 27 21 17 11 22 15 26 31 28 27 28 35 40 25 13 25 15 25 37 36 32 22 16 28 23 12 29 21 24 21 21 26 29 30 27 29 11 22 36 35 37 20 32 24 18 38 27 24 28 13 27 13 35 29 20 23 38 34 33 11 17 28 32 32 28 22 25 15 38 20 21 22 17 18 25 15 27 18 38 36 18 31 38 15 31 11 34 35 16 17 39 32 32 29 32 38 28 30 21 12 19 36 36 19 19 38 14 25 25 38 35 14 24 29 14 31 27 34 18 23 28 16 16 24 40 17 13 16 22 25 14 34 27 14 24 36 26
7 24 22 11 6 8 3 28 30 17 3 3 27 7 6 26 27 7 22 26 3 2 9 20 22 25 25 22 25 13 30 10 10 27 6 7 21 22 27 4 16 28 17 9 24 22 13 13 13 23 12 4 7 19 23 25 24 19 2 18 5 8 20 22 6 19 22 8 30 24 13 7 18 14 10 21 26 24 10 15 1 27 24 22 19 12 1 21 18 20 15 19 30 4 14 17 6 1 21 19 18 3 22 3 9 3 19 3 21 7 7 24 28 30 1 5 11 17 25 25 24 2 28 2 25 23 11 25 12 14 22 12 11 6 26 10 30 19 25 21 29 18 26 17 6 5 20 11 9 5 18 2 9 1 19 11 16 18 14 4 6 14 30 25 1 24 1 6 14 15 15 27 3 29 12 28 28 29 25 13 21 5 8 26 13 11 18 6 11 28 9 12 22 20 14 8 16 5 26 30 14 24 17 15 13 23 3 13 10 11 29 26 11 12 6 15 8 8 27 3 30 17 12 6 14 27 29 20 23 7 26 6 15 9 13 29 8 17 7 19 27 8 15 27 16 30 18 11 29 10 20 29 10 28 23 21 9 17 19 21 29 10 16 25 24 1 12 29 18 10 4 8 6 22 28 7 30 28 25 6 5 26 22 8 6 18 20 10 4 26 14 2 24 15 4 15 21 29 27 11 26 15 22 19 5 23 18 7 7 28 8 9 2 12 5 26 18 30 12 15 26 19 23 12 25 1 6 15 22 3 10 30 8 13 29 8 22 26 1 26 30 26 5 11 25 13 19 17 28 16 13 29 6 26 25 30 9 14 22 20 23 25 19 17 11 7 1 12 5 16 21 18 17 18 25 30 15 3 15 5 15 27 26 22 12 6 18 13 2 19 11 14 11 11 16 19 20 17 19 1 12 26 25 27 10 22 14 8 28 17 14 18 3 17 3 25 19 10 13 28 24 23 1 7 18 22 22 18 12 15 5 28 10 11 12 7 8 15 5 17 8 28 26 8 21 28 5 21 1 24 25 6 7 29 22 22 19 22 28 18 20 11 2 9 26 26 9 9 28 4 15 15 28 25 4 14 19 4 21 17 24 8 13 18 6 6 14 30 7 3 6 12 15 4 24 17 4 14 26 16
0 19 1
41
0 1 3
35 422 140
0 11 2
208 428
1 3 5
406 130 74 160 465
0 7 3
223 489 43
0 18 2
3 210
0 13 3
256 169 329
0 9 2
14 323
0 15 3
40 416 328
1 5 3
312 314 56
1 5 4
369 474 178 341
0 17 1
346
0 12 3
25 146 205
0 14 5
21 49 29 410 194
0 5 3
363 462 259
0 7 3
483 484 265
0 10 3
168 445 297
1 11 2
78 438
0 2 1
124
1 16 4
421 306 118 114
0 8 2
2 181
1 4 5
212 228 382 280 397
1 13 3
427 4 106
0 18 3
365 9 79
0 10 1
63
2 11 5
55 64 13 200 376
1 10 5
8 479 430 372 294
0 1 4
407 65 151 87
0 5 3
404 266 443
0 12 3
51 59 68
0 18 1
61
0 9 2
36 447
0 14 1
44
2 19 4
85 198 237 1
0 2 3
335 461 47
0 15 1
414
0 5 1
242
0 11 1
310
1 10 3
411 347 241
0 6 2
186 327
0 11 3
246 262 173
1 20 5
204 157 75 426 161
1 9 3
288 219 417
0 16 3
211 283 333
0 18 3
307 18 167
0 9 2
11 373
1 8 4
374 221 303 189
0 10 2
348 201
1 10 4
497 31 360 331
0 19 1
486
0 14 3
270 214 420
1 5 4
83 367 275 299
0 4 1
69
0 11 1
107
0 15 1
104
0 17 1
393
2 20 6
149 108 332 196 245 22
0 10 6
272 143 54 121 19 326
0 17 2
158 0
1 17 3
240 192 403
0 9 1
95
1 6 3
429 92 66
1 3 3
277 298 247
0 17 4
180 361 100 455
0 2 4
324 96 119 234
0 6 2
437 136
0 16 2
302 125
0 6 4
453 267 377 284
2 11 4
144 472 50 132
1 11 4
243 291 10 38
0 8 1
495
0 1 5
171 425 392 305 478
0 1 1
188
0 2 3
195 351 480
0 13 3
206 23 340
0 4 3
72 26 279
1 18 4
468 485 454 490
0 19 2
344 402
1 29 1
5
1 12 1
6
1 20 1
7
3 23 1
12
4 23 1
15
2 19 1
16
3 21 1
17
3 24 1
20
4 24 1
24
1 16 1
27
2 13 1
28
1 11 1
30
4 35 1
32
4 16 1
33
1 6 1
34
2 7 1
37
1 29 1
39
1 35 1
42
1 22 1
45
1 27 1
46
1 30 2
48 390
1 27 1
52
3 11 1
53
4 22 1
57
2 37 1
58
2 25 1
60
1 13 1
62
1 14 1
67
1 21 1
70
2 21 1
71
1 9 1
73
2 27 1
76
1 13 1
77
2 22 1
80
3 17 1
81
1 19 1
82
1 22 1
84
2 10 1
86
1 18 1
88
3 27 1
89
1 18 1
90
1 13 1
91
1 20 1
93
1 25 1
94
2 19 1
97
1 34 1
98
1 24 1
99
4 20 1
101
1 10 1
102
3 11 1
103
2 13 1
105
2 30 1
109
3 22 1
110
4 17 1
111
2 22 1
112
1 9 1
113
2 13 1
115
1 23 1
116
2 21 1
117
1 28 1
120
1 27 1
122
1 24 1
123
2 8 1
126
3 25 1
127
1 25 1
128
1 23 1
129
3 20 1
131
1 6 1
133
4 29 1
134
1 25 1
135
1 21 1
137
2 22 1
138
1 17 1
139
2 15 1
141
1 24 1
142
1 16 1
145
1 11 1
147
3 17 1
148
1 24 1
150
1 19 1
152
5 14 1
153
1 19 1
154
1 11 1
155
4 22 1
156
2 26 1
159
1 27 1
162
1 19 1
163
2 22 1
164
4 18 1
165
1 26 1
166
1 10 1
170
1 29 1
172
1 6 1
174
1 28 1
175
3 16 1
176
4 18 1
177
5 33 1
179
2 4 1
182
2 11 1
183
1 27 1
184
1 37 1
185
1 24 1
187
3 15 1
190
1 19 1
191
2 31 1
193
1 27 2
197 446
1 36 1
199
2 27 1
202
2 21 1
203
2 13 1
207
1 19 1
209
1 21 1
213
2 27 1
215
1 35 1
216
1 26 1
217
4 23 2
218 415
1 25 1
220
2 7 1
222
2 21 1
224
1 12 1
225
5 14 1
226
1 18 1
227
1 16 1
229
5 14 1
230
1 20 1
231
1 21 1
232
3 35 1
233
1 24 1
235
1 19 1
236
1 26 1
238
1 17 1
239
1 28 2
244 249
3 36 1
248
1 19 1
250
2 25 1
251
1 10 1
252
1 10 1
253
1 19 1
254
1 26 1
255
1 23 1
257
3 19 1
258
4 37 1
260
1 31 1
261
2 32 1
263
1 14 1
264
2 35 1
268
1 20 1
269
1 17 1
271
1 13 1
273
2 12 1
274
1 27 1
276
4 21 1
278
2 20 1
281
1 27 1
282
5 19 1
285
2 17 1
286
1 14 1
287
1 31 1
289
1 31 1
290
1 35 1
292
1 26 1
293
1 21 1
295
3 12 1
296
1 21 1
300
3 35 1
301
1 11 1
304
1 16 1
308
1 26 1
309
4 15 1
311
3 34 1
313
1 28 1
315
1 35 1
316
1 27 1
317
1 17 1
318
1 12 1
319
3 35 1
320
1 13 1
321
1 13 1
322
1 21 1
325
1 14 1
330
2 17 1
334
2 36 1
336
1 27 1
337
4 30 1
338
2 8 1
339
2 27 1
342
4 23 1
343
5 20 1
345
1 22 1
349
2 4 1
350
2 26 1
352
1 24 1
353
1 17 1
354
1 19 1
355
3 16 1
356
1 19 1
357
2 15 1
358
4 15 1
359
1 16 1
362
1 17 1
364
1 26 1
366
1 35 1
368
2 18 1
370
1 35 1
371
1 15 1
375
1 15 1
378
1 22 1
379
2 10 1
380
1 19 2
381 391
2 33 1
383
4 20 1
384
2 30 1
385
1 19 1
386
1 21 1
387
1 23 1
388
1 27 1
389
2 5 1
394
2 35 1
395
4 14 1
396
3 22 1
398
2 21 1
399
2 27 1
400
1 29 1
401
4 16 1
405
3 28 1
408
2 29 1
409
4 28 1
412
1 26 1
413
4 11 1
418
2 18 1
419
3 23 1
423
2 33 1
424
1 17 1
431
1 14 1
432
1 11 1
433
1 20 1
434
2 19 1
435
2 34 1
436
1 19 1
439
1 20 1
440
1 29 1
441
1 34 1
442
1 12 1
444
1 16 1
448
1 19 1
449
2 19 1
450
3 16 1
451
3 29 1
452
4 28 1
456
3 29 1
457
1 21 1
458
1 32 1
459
1 17 1
460
1 22 1
463
1 30 1
464
2 20 1
466
1 16 1
467
4 15 1
469
2 11 1
470
2 26 1
471
1 21 1
473
1 17 1
475
2 25 1
476
1 31 1
477
1 22 1
481
2 20 1
482
1 16 1
487
2 12 1
488
1 20 1
491
1 18 1
492
1 28 1
493
3 21 1
494
1 28 1
496
1 14 1
498
1 34 1
499
