500 374 775 33
13 31 37 34 25 38 13 39 37 11 27 39 16 21 40 33 38 25 39 19 39 37 32 25 31 40 37 25 30 24 22 31 11 25 15 33 29 18 22 20 33 25 12 16 32 16 20 20 26 30 32 27 40 36 36 39 21 16 31 27 33 17 31 32 40 37 38 30 29 35 31 33 35 13 35 33 24 15 11 31 36 27 38 14 28 11 38 26 36 40 21 20 16 15 17 36 36 34 14 39 33 12 20 13 16 29 29 37 20 25 29 40 36 23 22 29 26 12 18 23 39 38 29 34 12 27 32 39 19 19 12 16 14 29 39 36 32 19 21 15 39 33 30 26 34 34 31 37 19 35 37 15 24 37 27 11 22 19 18 37 15 32 40 20 23 26 36 25 22 28 30 39 28 30 39 29 39 30 29 18 11 29 21 37 17 28 25 19 24 22 17 19 23 39 20 26 34 12 25 22 38 25 14 33 33 35 19 35 13 12 22 40 20 11 18 20 14 37 14 23 40 18 27 30 35 39 25 38 37 31 36 19 23 25 32 14 26 14 30 33 29 36 33 28 23 12 24 38 37 24 33 34 18 26 30 38 23 28 34 15 29 23 18 35 27 36 29 38 14 26 34 17 35 16 25 33 38 25 32 29 33 36 13 28 19 15 33 20 22 30 15 40 11 14 39 37 39 36 20 30 18 24 31 20 32 16 26 28 20 39 24 21 18 23 16 37 40 31 17 22 39 37 39 39 19 38 24 37 13 24 12 28 17 31 36 29 40 30 16 12 26 19 37 33 37 14 11 12 40 20 27 17 24 12 33 11 27 21 12 18 29 23 23 38 12 24 28 12 29 18 12 11 38 14 22 15 36 17 20 16 36 31 21 27 39 11 40 12 30 13 30 19 32 12 37 36 13 19 28 16 25 30 35 27 36 34 33 26 38 28 37 14 27 26 16 19 32 39 24 35 35 40 38 29 33 15 17 38 36 29 31 13 37 23 30 15 36 19 18 14 23 35 13 40 40 39 21 11 27 32 14 38 14 21 34 34 21 22 28 37 35 39 23 22 24 29 34 36 39 33 28 38 14 31 36 30 27 13 17 11 21 28 35 23 24 40 32 37 20 38 18 20 35 31 37 20 36 13 32 40
3 21 27 24 15 28 3 29 27 1 17 29 6 11 30 23 28 15 29 9 29 27 22 15 21 30 27 15 20 14 12 21 1 15 5 23 19 8 12 10 23 15 2 6 22 6 10 10 16 20 22 17 30 26 26 29 11 6 21 17 23 7 21 22 30 27 28 20 19 25 21 23 25 3 25 23 14 5 1 21 26 17 28 4 18 1 28 16 26 30 11 10 6 5 7 26 26 24 4 29 23 2 10 3 6 19 19 27 10 15 19 30 26 13 12 19 16 2 8 13 29 28 19 24 2 17 22 29 9 9 2 6 4 19 29 26 22 9 11 5 29 23 20 16 24 24 21 27 9 25 27 5 14 27 17 1 12 9 8 27 5 22 30 10 13 16 26 15 12 18 20 29 18 20 29 19 29 20 19 8 1 19 11 27 7 18 15 9 14 12 7 9 13 29 10 16 24 2 15 12 28 15 4 23 23 25 9 25 3 2 12 30 10 1 8 10 4 27 4 13 30 8 17 20 25 29 15 28 27 21 26 9 13 15 22 4 16 4 20 23 19 26 23 18 13 2 14 28 27 14 23 24 8 16 20 28 13 18 24 5 19 13 8 25 17 26 19 28 4 16 24 7 25 6 15 23 28 15 22 19 23 26 3 18 9 5 23 10 12 20 5 30 1 4 29 27 29 26 10 20 8 14 21 10 22 6 16 18 10 29 14 11 8 13 6 27 30 21 7 12 29 27 29 29 9 28 14 27 3 14 2 18 7 21 26 19 30 20 6 2 16 9 27 23 27 4 1 2 30 10 17 7 14 2 23 1 17 11 2 8 19 13 13 28 2 14 18 2 19 8 2 1 28 4 12 5 26 7 10 6 26 21 11 17 29 1 30 2 20 3 20 9 22 2 27 26 3 9 18 6 15 20 25 17 26 24 23 16 28 18 27 4 17 16 6 9 22 29 14 25 25 30 28 19 23 5 7 28 26 19 21 3 27 13 20 5 26 9 8 4 13 25 3 30 30 29 11 1 17 22 4 28 4 11 24 24 11 12 18 27 25 29 13 12 14 19 24 26 29 23 18 28 4 21 26 20 17 3 7 1 11 18 25 13 14 30 22 27 10 28 8 10 25 21 27 10 26 3 22 30
0 11 2
0 114
0 13 4
154 189 253 376
0 16 3
199 354 270
1 10 5
217 219 290 279 194
0 8 2
486 143
0 8 1
288
0 16 3
191 92 120
0 3 3
414 18 485
0 17 1
183
0 4 4
71 395 149 345
1 7 2
243 67
0 10 2
73 425
0 15 1
13
1 7 4
252 175 349 144
2 5 7
148 366 327 241 444 229 266
1 16 3
246 17 353
0 19 1
200
0 16 3
440 447 323
0 14 2
58 431
0 17 1
358
0 11 1
36
1 14 4
300 39 385 235
0 8 2
453 123
0 4 2
491 89
0 3 1
52
1 11 4
164 498 59 487
0 8 1
28
0 6 5
439 393 1 304 348
0 20 3
165 272 462
0 9 2
188 381
0 6 2
331 118
0 16 1
137
0 13 4
31 375 423 62
0 3 2
350 24
0 1 2
472 227
0 6 1
232
0 1 1
412
0 1 1
42
0 16 2
121 496
2 19 6
242 372 54 177 138 80
0 6 2
268 293
0 18 4
35 223 106 79
0 13 2
126 23
0 3 3
361 140 413
0 14 1
176
2 6 6
477 493 97 184 383 308
2 15 4
53 478 322 82
0 20 2
388 317
0 10 2
133 11
0 12 2
315 152
1 17 5
168 7 484 240 492
0 14 2
70 339
0 17 1
136
0 6 3
125 40 494
0 10 1
378
0 8 2
131 45
2 8 5
211 301 286 49 466
0 12 3
4 424 61
0 20 3
222 255 225
0 2 2
452 182
0 16 4
122 193 146 318
0 8 1
43
2 4 4
343 379 409 150
0 17 1
355
0 4 3
292 214 497
0 14 2
230 398
0 17 2
264 155
0 4 1
363
0 7 2
278 72
0 6 3
96 103 422
1 3 5
88 336 445 310 433
0 19 2
373 212
0 19 1
328
0 15 2
159 311
0 1 2
384 406
0 20 3
257 237 110
2 16 1
2
1 26 1
3
1 23 1
5
1 16 1
6
1 25 1
8
1 37 1
9
2 20 1
10
2 26 1
12
1 20 1
14
2 21 1
15
1 9 1
16
1 9 1
19
1 11 1
20
3 19 1
21
1 31 2
22 132
1 22 1
25
1 20 1
26
2 5 1
27
1 23 1
29
1 25 1
30
1 29 1
32
2 14 1
33
1 4 1
34
1 20 1
37
1 26 1
38
1 22 1
41
1 13 1
44
4 15 1
46
1 11 1
47
3 6 1
48
1 26 1
50
2 32 1
51
3 24 1
55
1 24 1
56
1 28 1
57
1 20 1
60
1 5 1
63
1 26 1
64
2 22 1
65
1 25 1
66
1 26 1
68
2 11 1
69
2 23 2
74 107
1 24 1
75
2 18 1
76
4 17 1
77
1 31 1
78
1 33 1
81
1 22 1
83
1 14 1
84
4 27 2
85 418
3 8 1
86
2 17 1
87
2 36 1
90
3 10 1
91
1 23 1
93
1 19 1
94
5 9 1
95
1 13 1
98
2 38 1
99
4 27 1
100
2 39 1
101
1 2 1
102
1 33 1
104
4 4 1
105
1 8 1
108
1 18 1
109
1 17 1
111
1 17 1
112
1 30 1
113
1 35 1
115
1 16 1
116
2 36 1
117
1 14 1
119
1 17 1
124
1 26 1
127
1 15 1
128
1 28 1
129
2 31 1
130
2 33 1
134
1 9 1
135
2 16 1
139
1 20 1
141
1 19 1
142
1 25 1
145
1 24 1
147
1 39 1
151
2 12 1
153
1 22 1
156
2 29 1
157
3 4 1
158
2 23 1
160
1 27 1
161
1 21 1
162
1 37 1
163
3 6 1
166
1 12 1
167
1 18 1
169
2 14 1
170
2 24 1
171
1 7 1
172
2 21 1
173
2 6 1
174
3 9 1
178
1 14 1
179
2 15 2
180 490
2 25 1
181
1 32 1
185
4 26 1
186
3 36 1
187
2 14 1
190
1 15 1
192
1 24 1
195
3 19 1
196
4 17 1
197
1 31 1
198
2 30 1
201
1 27 1
202
1 23 1
203
2 31 1
204
2 30 1
205
3 31 1
206
1 17 1
207
1 10 1
208
1 25 1
209
2 16 1
210
1 14 1
213
4 21 1
215
1 23 1
216
2 27 1
218
1 25 2
220 470
2 24 1
221
4 4 1
224
2 26 1
226
1 17 1
228
1 34 1
231
1 33 1
233
2 14 1
234
2 28 1
236
3 36 1
238
6 30 1
239
3 19 1
244
2 22 1
245
2 22 1
247
1 31 1
248
1 20 1
249
4 24 1
250
1 16 1
251
1 13 1
254
4 20 2
256 464
1 32 1
258
2 10 1
259
2 18 1
260
2 27 1
261
3 22 1
262
1 33 1
263
2 38 1
265
1 13 1
267
1 11 1
269
1 5 1
271
1 24 1
273
1 26 1
274
2 23 1
275
2 32 1
276
3 30 1
277
3 30 1
280
2 24 1
281
1 32 1
282
1 23 1
283
1 26 1
284
1 35 1
285
2 29 1
287
5 24 1
289
1 16 1
291
1 25 1
294
1 33 1
295
1 9 1
296
1 14 1
297
2 34 1
298
1 34 1
299
2 13 2
302 332
2 31 1
303
2 23 1
305
2 9 1
306
3 22 1
307
1 20 1
309
1 16 1
312
1 19 1
313
6 18 1
314
2 24 1
316
2 36 1
319
1 26 1
320
1 32 1
321
1 28 1
324
1 29 1
325
1 7 1
326
1 22 1
329
1 17 1
330
2 27 1
333
1 27 1
334
1 25 1
335
2 39 1
337
2 25 1
338
2 25 1
340
1 22 1
341
1 24 1
342
2 7 1
344
1 18 2
346 387
4 24 1
347
2 23 1
351
1 26 1
352
1 31 1
356
2 9 1
357
3 17 1
359
1 31 1
360
1 29 1
362
1 30 1
364
1 18 1
365
1 11 1
367
1 20 1
368
2 6 1
369
1 29 1
370
1 21 1
371
1 14 1
374
2 11 1
377
1 30 1
380
1 18 1
382
2 21 1
386
1 17 1
389
1 16 1
390
1 28 1
391
2 25 1
392
2 12 1
394
1 6 1
396
1 25 1
397
2 19 1
399
1 22 1
400
3 28 1
401
1 28 1
402
1 35 1
403
2 7 1
404
1 15 1
405
1 23 1
407
3 36 1
408
1 18 1
410
1 22 1
411
1 31 1
415
1 25 1
416
1 21 1
417
2 16 1
419
1 12 1
420
4 30 1
421
2 9 1
426
1 31 1
427
2 35 1
428
2 15 1
429
1 24 1
430
1 31 1
432
1 26 1
434
1 30 1
435
2 11 1
436
1 34 1
437
1 35 1
438
1 20 1
441
1 26 1
442
2 27 1
443
1 24 1
446
1 33 1
448
1 27 1
449
1 21 1
450
2 24 1
451
1 16 1
454
1 33 1
455
1 22 1
456
2 15 1
457
4 16 1
458
1 14 1
459
1 13 1
460
1 31 1
461
1 7 1
463
2 22 1
465
2 25 1
467
1 9 1
468
2 17 1
469
1 39 1
471
2 35 1
473
1 23 1
474
2 29 1
475
2 10 1
476
2 14 1
479
1 12 1
480
1 12 1
481
1 19 1
482
2 34 1
483
2 13 1
488
1 25 1
489
3 37 1
495
1 22 1
499
