1000 654 1550 67
18 27 22 31 15 12 27 31 31 37 18 33 40 17 22 21 29 12 24 24 23 40 21 13 11 18 39 20 30 28 23 19 15 27 33 30 21 17 19 31 15 28 28 21 34 32 28 36 21 28 13 31 30 39 11 20 32 22 23 32 13 15 39 29 12 14 20 22 12 21 30 15 16 19 31 30 32 24 13 37 40 30 14 22 23 39 18 22 18 36 25 28 32 11 28 31 40 27 40 32 20 37 31 23 18 28 36 19 26 39 20 19 21 34 16 26 17 40 38 14 18 27 21 30 26 14 21 30 16 24 33 40 25 32 16 34 34 36 20 30 20 40 38 37 36 21 28 35 40 17 38 18 33 11 12 16 29 11 34 15 35 38 31 36 16 29 26 38 36 31 36 29 16 37 16 39 33 24 19 34 21 18 21 14 33 22 36 25 18 39 38 16 38 12 34 31 19 23 23 28 40 27 36 38 24 23 37 16 19 17 23 26 40 29 14 22 30 28 39 32 33 25 17 37 12 36 21 13 25 15 12 25 35 36 13 21 25 29 20 32 29 40 12 32 12 26 18 31 11 16 40 25 32 25 11 23 24 17 27 12 31 24 27 32 33 40 21 39 40 33 24 39 24 15 34 24 25 26 24 31 31 20 18 23 40 29 36 37 37 23 33 29 32 24 39 24 39 26 34 33 12 12 37 29 22 14 33 32 40 30 25 31 40 13 29 29 18 21 19 19 24 38 33 21 23 39 40 38 17 13 40 27 24 29 24 21 35 30 17 23 34 19 26 32 26 38 40 11 39 11 35 17 21 27 35 38 35 30 35 20 39 18 22 11 18 20 17 27 39 38 39 33 38 36 18 40 38 31 31 14 15 14 25 23 20 37 21 34 11 14 28 29 16 27 37 33 20 33 12 16 20 26 30 16 33 33 29 36 20 19 31 33 33 34 36 28 14 21 35 16 27 36 23 25 40 24 27 12 38 14 38 14 37 31 24 32 17 19 25 19 34 13 31 26 30 29 31 13 28 21 16 14 23 21 35 14 32 31 31 24 14 27 11 38 11 26 25 37 16 27 37 35 20 35 12 14 39 28 19 11 23 39 30 37 25 31 16 21 40 38 39 17 27 15 18 31 12 14 21 16 32 31 23 16 36 31 28 29 38 28 11 34 31 25 40 20 18 13 19 30 22 25 23 15 16 13 23 25 14 21 29 37 20 18 23 26 37 28 22 29 27 16 36 17 15 25 29 39 17 17 12 24 29 16 23 25 21 31 33 11 32 21 17 16 19 12 15 32 37 30 24 21 12 27 26 12 12 35 34 34 14 39 19 33 12 21 27 26 40 27 26 39 15 22 27 12 19 40 11 11 29 34 21 25 36 22 38 16 31 13 21 36 19 24 23 20 24 18 37 27 21 35 30 39 35 21 20 20 36 12 26 39 27 21 27 24 37 18 24 36 23 17 40 35 25 37 39 31 12 18 34 25 15 30 38 39 33 12 19 15 23 34 28 11 19 34 23 21 12 30 22 23 17 36 31 18 24 24 40 11 28 36 37 33 20 16 40 18 28 39 19 24 15 17 35 34 37 18 31 12 15 26 31 35 28 26 28 15 14 35 17 25 20 30 29 26 13 18 16 36 14 31 36 14 15 36 15 15 24 26 14 20 37 28 28 19 15 34 37 32 18 38 25 34 38 24 32 24 40 39 34 28 22 22 16 14 21 11 34 16 21 16 24 26 26 14 13 27 12 11 35 22 11 18 17 34 25 37 34 27 24 35 14 18 38 22 39 29 25 37 17 35 21 32 19 27 40 27 25 25 22 20 28 38 31 15 14 13 30 34 21 38 14 32 17 27 15 22 24 21 23 39 21 11 38 37 31 15 22 13 16 39 27 31 37 16 37 38 16 12 31 33 29 34 11 16 13 33 37 33 39 36 19 11 16 23 16 23 22 38 15 22 34 22 37 27 21 26 32 12 27 36 39 37 17 36 21 32 18 29 40 33 40 35 13 35 27 13 16 27 34 14 18 37 36 40 25 17 13 23 22 39 23 24 16 34 12 25 17 25 18 37 34 38 17 18 21 33 35 28 20 21 34 32 30 40 25 11 33 37 17 21 15 12 33 36 37 16 26 13 32 29 13 29 31 40 31 39 22 30 36 19 33 22 30 17 21 24 37 17 24 14 39 25 14 36 22 20 36 25 23 38 32 27 16 27 27 16 38 13 11 18 14 24 40 15 21 40 22 38 40 19 19 31 32 31 33 18 14 37
8 17 12 21 5 2 17 21 21 27 8 23 30 7 12 11 19 2 14 14 13 30 11 3 1 8 29 10 20 18 13 9 5 17 23 20 11 7 9 21 5 18 18 11 24 22 18 26 11 18 3 21 20 29 1 10 22 12 13 22 3 5 29 19 2 4 10 12 2 11 20 5 6 9 21 20 22 14 3 27 30 20 4 12 13 29 8 12 8 26 15 18 22 1 18 21 30 17 30 22 10 27 21 13 8 18 26 9 16 29 10 9 11 24 6 16 7 30 28 4 8 17 11 20 16 4 11 20 6 14 23 30 15 22 6 24 24 26 10 20 10 30 28 27 26 11 18 25 30 7 28 8 23 1 2 6 19 1 24 5 25 28 21 26 6 19 16 28 26 21 26 19 6 27 6 29 23 14 9 24 11 8 11 4 23 12 26 15 8 29 28 6 28 2 24 21 9 13 13 18 30 17 26 28 14 13 27 6 9 7 13 16 30 19 4 12 20 18 29 22 23 15 7 27 2 26 11 3 15 5 2 15 25 26 3 11 15 19 10 22 19 30 2 22 2 16 8 21 1 6 30 15 22 15 1 13 14 7 17 2 21 14 17 22 23 30 11 29 30 23 14 29 14 5 24 14 15 16 14 21 21 10 8 13 30 19 26 27 27 13 23 19 22 14 29 14 29 16 24 23 2 2 27 19 12 4 23 22 30 20 15 21 30 3 19 19 8 11 9 9 14 28 23 11 13 29 30 28 7 3 30 17 14 19 14 11 25 20 7 13 24 9 16 22 16 28 30 1 29 1 25 7 11 17 25 28 25 20 25 10 29 8 12 1 8 10 7 17 29 28 29 23 28 26 8 30 28 21 21 4 5 4 15 13 10 27 11 24 1 4 18 19 6 17 27 23 10 23 2 6 10 16 20 6 23 23 19 26 10 9 21 23 23 24 26 18 4 11 25 6 17 26 13 15 30 14 17 2 28 4 28 4 27 21 14 22 7 9 15 9 24 3 21 16 20 19 21 3 18 11 6 4 13 11 25 4 22 21 21 14 4 17 1 28 1 16 15 27 6 17 27 25 10 25 2 4 29 18 9 1 13 29 20 27 15 21 6 11 30 28 29 7 17 5 8 21 2 4 11 6 22 21 13 6 26 21 18 19 28 18 1 24 21 15 30 10 8 3 9 20 12 15 13 5 6 3 13 15 4 11 19 27 10 8 13 16 27 18 12 19 17 6 26 7 5 15 19 29 7 7 2 14 19 6 13 15 11 21 23 1 22 11 7 6 9 2 5 22 27 20 14 11 2 17 16 2 2 25 24 24 4 29 9 23 2 11 17 16 30 17 16 29 5 12 17 2 9 30 1 1 19 24 11 15 26 12 28 6 21 3 11 26 9 14 13 10 14 8 27 17 11 25 20 29 25 11 10 10 26 2 16 29 17 11 17 14 27 8 14 26 13 7 30 25 15 27 29 21 2 8 24 15 5 20 28 29 23 2 9 5 13 24 18 1 9 24 13 11 2 20 12 13 7 26 21 8 14 14 30 1 18 26 27 23 10 6 30 8 18 29 9 14 5 7 25 24 27 8 21 2 5 16 21 25 18 16 18 5 4 25 7 15 10 20 19 16 3 8 6 26 4 21 26 4 5 26 5 5 14 16 4 10 27 18 18 9 5 24 27 22 8 28 15 24 28 14 22 14 30 29 24 18 12 12 6 4 11 1 24 6 11 6 14 16 16 4 3 17 2 1 25 12 1 8 7 24 15 27 24 17 14 25 4 8 28 12 29 19 15 27 7 25 11 22 9 17 30 17 15 15 12 10 18 28 21 5 4 3 20 24 11 28 4 22 7 17 5 12 14 11 13 29 11 1 28 27 21 5 12 3 6 29 17 21 27 6 27 28 6 2 21 23 19 24 1 6 3 23 27 23 29 26 9 1 6 13 6 13 12 28 5 12 24 12 27 17 11 16 22 2 17 26 29 27 7 26 11 22 8 19 30 23 30 25 3 25 17 3 6 17 24 4 8 27 26 30 15 7 3 13 12 29 13 14 6 24 2 15 7 15 8 27 24 28 7 8 11 23 25 18 10 11 24 22 20 30 15 1 23 27 7 11 5 2 23 26 27 6 16 3 22 19 3 19 21 30 21 29 12 20 26 9 23 12 20 7 11 14 27 7 14 4 29 15 4 26 12 10 26 15 13 28 22 17 6 17 17 6 28 3 1 8 4 14 30 5 11 30 12 28 30 9 9 21 22 21 23 8 4 27
1 14 7
429 4 24 51 454 611 44
0 12 1
685
2 11 6
520 232 897 45 298 585
0 5 1
808
0 16 4
730 796 903 130
0 3 3
372 940 499
0 4 3
935 40 223
0 9 3
219 607 65
0 13 1
751
1 3 5
71 598 792 812 110
0 6 4
411 950 373 784
0 10 7
487 553 456 485 56 204 953
1 15 6
133 954 423 131 186 946
0 11 3
482 420 123
1 12 5
939 819 363 646 415
0 11 7
301 364 876 623 707 410 657
2 4 5
539 132 612 893 912
0 16 3
290 980 934
0 18 3
868 727 339
0 12 6
425 699 981 839 253 496
1 20 4
596 439 809 279
3 20 9
183 36 619 801 719 992 189 374 929
1 15 5
310 545 180 237 52
0 5 3
468 864 86
1 1 5
814 272 700 962 8
1 6 5
958 563 402 353 800
0 2 4
922 783 650 576
0 20 5
758 695 926 108 936
1 10 6
983 239 795 200 107 249
0 5 2
683 472
3 13 9
933 562 381 894 743 18 497 221 525
0 3 2
791 744
2 2 6
278 357 88 483 692 257
0 1 6
211 649 841 542 557 224
0 7 1
686
0 11 3
971 724 317
0 13 4
613 465 712 247
1 6 5
209 849 148 566 816
1 14 4
892 842 642 376
0 10 1
535
0 7 3
882 469 853
1 11 4
141 419 9 718
0 2 8
588 518 991 351 248 162 297 460
0 11 4
804 124 370 674
0 9 1
735
0 20 9
491 572 422 886 997 703 634 318 55
3 4 7
495 710 208 591 741 283 449
2 17 6
427 583 54 797 409 777
0 13 3
324 738 759
0 10 2
284 663
1 14 7
287 306 884 632 222 7 924
3 5 8
559 446 48 551 574 540 975 668
1 4 5
848 42 92 286 111
1 1 5
878 519 440 238 59
0 18 1
785
2 3 6
847 57 190 757 609 973
3 10 9
835 810 994 93 433 509 417 511 161
0 12 2
690 169
2 14 7
580 115 484 530 114 527 443
0 13 3
688 241 802
1 20 5
606 949 856 895 120
1 4 5
746 271 684 308 851
1 19 7
567 144 832 570 251 651 325
0 4 1
32
0 16 2
708 830
0 2 5
416 172 28 770 201
0 18 2
413 309
0 5 7
638 467 129 704 72 782 33
1 8 3
264 702 641
3 15 9
242 105 774 960 471 778 531 453 504
0 4 7
393 861 493 335 885 492 987
0 14 3
90 546 838
0 13 4
823 84 554 75
0 6 4
259 139 636 709
0 17 2
749 405
0 17 6
213 154 191 627 714 667
0 2 8
447 568 458 269 558 694 942 745
1 7 5
938 341 50 21 61
0 15 8
871 66 937 333 58 391 359 593
0 4 3
995 289 768
1 13 6
533 899 173 761 365 789
0 15 2
23 923
2 24 1
0
1 29 1
1
1 18 1
2
4 20 1
3
4 20 2
5 334
2 20 1
6
7 13 1
10
1 24 2
11 764
5 16 1
12
3 13 1
13
2 18 1
14
6 30 2
15 386
3 16 1
16
3 27 1
17
6 33 1
19
2 15 1
20
1 20 1
22
1 33 1
25
2 28 1
26
1 17 1
27
1 20 1
29
2 5 1
30
4 22 1
31
6 15 1
34
1 36 1
35
3 21 1
37
1 13 1
38
2 27 1
39
1 14 1
41
2 24 4
43 63 137 464
2 14 1
46
3 19 1
47
3 22 1
49
4 23 1
53
1 22 1
60
1 34 1
62
3 27 1
64
11 15 1
67
3 17 2
68 726
3 27 1
69
5 17 1
70
1 25 1
73
1 35 1
74
4 18 2
76 350
2 12 1
77
2 22 1
78
1 26 1
79
2 34 2
80 103
1 27 1
81
1 24 1
82
1 21 1
83
3 28 1
85
4 26 1
87
2 33 1
89
3 7 1
91
1 12 1
94
2 15 1
95
7 30 1
96
4 8 1
97
5 20 1
98
4 21 2
99 150
1 38 1
100
1 32 1
101
3 21 1
102
7 18 1
104
4 15 1
106
1 27 1
109
2 17 1
112
2 26 1
113
10 8 1
116
2 15 1
117
4 20 1
118
3 29 1
119
1 23 1
121
3 22 1
122
4 7 1
125
2 29 1
126
3 12 1
127
1 16 1
128
3 27 1
134
3 18 1
135
1 16 1
136
1 16 1
138
1 26 1
140
2 18 1
142
1 27 1
143
2 14 1
145
1 18 1
146
2 14 1
147
1 14 2
149 990
4 16 1
151
2 14 1
152
1 26 1
153
1 11 1
155
2 25 1
156
2 23 1
157
4 18 1
158
1 31 1
159
2 20 1
160
1 18 1
163
4 25 1
164
1 20 1
165
8 18 2
166 408
1 26 1
167
2 29 1
168
2 23 1
170
4 8 1
171
3 18 1
174
2 29 1
175
5 10 1
176
6 14 1
177
2 12 1
178
11 8 1
179
1 35 1
181
2 12 1
182
1 15 1
184
1 15 1
185
3 24 1
187
4 23 1
188
1 22 1
192
3 21 1
193
2 21 1
194
3 19 1
195
2 28 1
196
2 35 1
197
3 3 1
198
1 23 1
199
7 21 1
202
1 15 1
203
7 19 1
205
1 22 1
206
1 17 1
207
3 20 1
210
1 32 1
212
1 22 1
214
2 7 1
215
1 20 2
216 383
1 24 1
217
2 13 1
218
1 22 1
220
5 17 2
225 478
1 22 1
226
3 26 1
227
7 14 1
228
2 33 2
229 862
3 15 1
230
2 29 1
231
1 16 2
233 625
4 17 1
234
1 15 1
235
3 16 1
236
1 27 1
240
4 26 2
243 858
1 15 1
244
6 31 1
245
3 23 1
246
5 8 1
250
4 22 1
252
1 24 1
254
1 32 1
255
6 17 1
256
2 8 3
258 414 754
5 27 1
260
1 19 1
261
4 12 1
262
2 6 1
263
1 30 1
265
3 19 1
266
2 15 2
267 387
5 18 1
268
7 15 1
270
1 18 1
273
9 22 2
274 866
1 20 1
275
1 16 1
276
1 26 1
277
1 35 1
280
4 10 1
281
2 8 1
282
1 21 1
285
1 33 1
288
1 20 1
291
8 23 1
292
2 27 1
293
4 39 2
294 503
1 38 1
295
4 26 1
296
2 28 1
299
5 7 1
300
4 15 2
302 647
1 22 1
303
2 17 1
304
1 32 1
305
1 32 1
307
11 9 1
311
2 20 2
312 436
1 15 1
313
4 24 1
314
5 18 1
315
1 15 1
316
1 26 1
319
6 19 1
320
1 18 1
321
5 31 1
322
1 9 1
323
1 31 1
326
1 22 1
327
4 25 2
328 854
2 26 1
329
2 21 1
330
6 33 1
331
3 8 1
332
1 35 1
336
7 23 1
337
3 14 2
338 972
4 15 1
340
2 33 1
342
2 24 1
343
6 21 1
344
6 16 2
345 524
3 22 1
346
1 27 2
347 604
3 13 1
348
3 25 1
349
4 14 1
352
2 12 1
354
2 14 1
355
1 31 1
356
2 17 1
358
11 21 2
360 628
2 7 1
361
3 19 1
362
1 15 1
366
2 21 2
367 602
5 13 1
368
1 17 1
369
3 22 1
371
7 17 1
375
1 17 1
377
1 25 1
378
2 13 2
379 534
2 29 2
380 951
2 14 1
382
4 11 1
384
1 12 1
385
3 27 1
388
2 26 1
389
1 13 1
390
3 32 1
392
2 20 1
394
9 33 1
395
3 20 1
396
1 23 1
397
11 16 1
398
1 11 1
399
1 26 1
400
1 30 1
401
3 15 1
403
3 15 1
404
4 9 1
406
2 20 1
407
1 20 1
412
9 34 1
418
5 31 1
421
3 5 2
424 466
3 13 1
426
4 9 1
428
1 26 1
430
1 27 1
431
2 17 3
432 817 932
1 15 1
434
2 15 1
435
10 25 1
437
1 17 1
438
3 20 1
441
9 18 1
442
2 5 1
444
2 18 1
445
2 19 2
448 532
1 34 1
450
3 19 1
451
1 37 1
452
1 7 1
455
3 28 1
457
5 21 1
459
5 8 1
461
4 16 1
462
3 20 1
463
1 14 1
470
1 29 1
473
4 18 1
474
4 9 1
475
2 3 1
476
3 17 1
477
9 29 2
479 828
1 19 1
480
1 6 1
481
4 11 1
486
1 25 1
488
1 10 1
489
9 30 1
490
3 30 1
494
3 25 1
498
3 15 1
500
2 6 1
501
3 17 1
502
1 26 1
505
1 22 1
506
4 6 1
507
6 21 1
508
7 4 1
510
8 35 1
512
5 19 1
513
1 21 1
514
1 33 1
515
4 31 1
516
3 20 1
517
4 21 2
521 529
2 31 1
522
1 37 1
523
1 21 1
526
2 17 1
528
1 8 1
536
4 26 1
537
5 15 2
538 805
7 3 3
541 560 781
2 35 1
543
2 19 1
544
2 27 1
547
4 18 1
548
1 33 1
549
6 28 1
550
2 23 1
552
1 29 1
555
7 24 1
556
2 26 1
561
1 28 2
564 957
1 22 1
565
1 25 1
569
2 21 1
571
1 21 1
573
5 26 1
575
2 30 1
577
2 18 1
578
9 31 1
579
2 15 1
581
2 12 1
582
3 8 2
584 896
1 9 1
586
2 17 2
587 733
3 31 1
589
3 17 1
590
2 12 1
592
3 12 1
594
1 19 1
595
11 25 1
597
3 17 1
599
1 23 1
600
2 19 1
601
3 22 1
603
2 32 1
605
6 29 1
608
1 14 1
610
2 8 1
614
1 5 1
615
3 21 1
616
1 21 1
617
2 5 1
618
2 28 1
620
2 31 1
621
3 12 1
622
2 22 1
624
5 21 1
626
2 18 1
629
2 23 1
630
1 19 1
631
1 37 3
633 818 913
5 15 1
635
4 30 1
637
1 31 1
639
5 9 1
640
1 28 1
643
1 27 1
644
2 17 1
645
2 4 1
648
2 18 1
652
1 28 1
653
1 15 1
654
5 32 1
655
1 19 2
656 920
1 19 1
658
4 9 1
659
2 23 1
660
1 19 1
661
1 18 1
662
1 12 1
664
1 13 1
665
4 23 1
666
2 6 1
669
7 16 1
670
2 24 1
671
1 12 1
672
1 27 1
673
9 24 1
675
1 23 1
676
1 29 1
677
9 33 1
678
1 6 1
679
4 25 1
680
9 37 1
681
4 14 2
682 705
1 22 1
687
1 33 1
689
5 19 1
691
2 6 1
693
1 25 1
696
2 9 1
697
1 18 1
698
2 8 2
701 845
1 13 1
706
4 12 1
711
1 27 1
713
4 16 1
715
1 33 1
716
3 35 1
717
1 12 1
720
2 21 1
721
3 5 1
722
3 27 1
723
3 24 1
725
1 18 1
728
1 19 1
729
1 30 1
731
2 20 1
732
4 18 1
734
2 12 1
736
2 25 1
737
3 9 1
739
2 14 1
740
1 31 1
742
2 13 2
747 979
1 32 1
748
1 24 2
750 877
2 17 1
752
4 19 1
753
5 7 1
755
1 17 1
756
4 25 1
760
2 26 1
762
4 16 1
763
1 28 1
765
2 5 1
766
6 18 1
767
1 34 1
769
1 19 1
771
3 24 1
772
2 25 1
773
7 23 1
775
7 22 1
776
10 23 1
779
4 23 1
780
2 38 1
786
1 15 2
787 963
2 21 1
788
1 21 1
790
7 11 1
793
1 37 1
794
1 20 1
798
1 23 1
799
2 21 1
803
1 38 1
806
1 31 1
807
5 18 1
811
2 9 1
813
3 21 1
815
2 6 1
820
1 23 1
821
2 27 1
822
1 32 1
824
4 27 1
825
2 33 1
826
3 18 1
827
1 20 1
829
2 13 1
831
1 19 1
833
2 24 1
834
1 16 1
836
3 38 1
837
2 18 1
840
1 23 1
843
2 16 1
844
8 28 1
846
7 20 1
850
1 25 1
852
1 24 1
855
1 27 1
857
2 20 1
859
1 20 1
860
1 20 1
863
3 23 1
865
1 13 1
867
5 26 1
869
5 21 1
870
5 34 1
872
2 17 1
873
3 7 1
874
2 29 1
875
2 18 1
879
2 25 1
880
3 14 1
881
1 24 1
883
4 14 1
887
2 26 1
888
1 24 1
889
2 38 1
890
1 27 1
891
2 9 1
898
1 26 1
900
1 24 1
901
7 18 1
902
4 16 1
904
1 9 1
905
4 34 1
906
1 23 1
907
1 19 1
908
2 17 1
909
1 32 1
910
3 10 1
911
2 30 1
914
1 29 1
915
3 37 1
916
3 11 1
917
3 22 1
918
2 11 1
919
1 9 1
921
7 17 1
925
7 18 1
927
2 27 1
928
2 33 1
930
2 17 1
931
1 34 1
941
6 4 1
943
1 15 1
944
4 20 1
945
2 6 1
947
4 23 1
948
2 8 1
952
2 16 1
955
2 13 1
956
1 24 1
959
1 28 1
961
3 16 1
964
2 18 1
965
2 23 1
966
1 27 1
967
2 19 1
968
2 16 1
969
10 28 1
970
2 3 1
974
4 23 1
976
1 27 1
977
3 14 1
978
1 17 1
982
1 13 1
984
2 19 1
985
4 24 1
986
4 17 1
988
1 27 1
989
8 26 1
993
3 25 1
996
1 14 1
998
1 16 1
999
