700 481 1085 47
34 40 12 38 30 38 39 11 15 35 21 33 22 35 40 18 15 19 29 30 39 31 27 38 33 22 20 23 17 21 40 22 40 27 13 40 40 38 13 24 32 20 19 31 29 13 28 13 13 26 13 28 23 29 21 34 16 17 31 20 25 27 32 36 40 16 31 37 40 34 38 37 20 23 33 20 21 22 12 29 16 40 32 20 18 20 21 38 20 27 30 30 14 16 31 30 31 39 13 30 23 33 25 20 11 11 34 18 22 36 40 18 33 25 25 32 27 37 14 11 20 16 24 26 39 34 13 19 39 35 14 36 33 28 30 37 25 16 40 25 16 38 37 26 18 35 39 19 21 27 24 35 23 30 17 39 23 29 12 30 29 33 12 12 22 20 30 19 18 36 20 18 27 35 22 34 34 12 26 11 36 24 31 37 37 29 16 14 28 11 32 12 19 30 39 16 14 33 32 27 33 37 19 32 11 11 32 25 33 14 24 29 37 18 24 30 23 31 17 32 40 29 39 37 27 23 28 38 30 11 13 37 35 19 15 28 38 30 24 32 12 29 16 34 39 25 33 32 21 37 17 20 27 23 29 29 19 14 37 37 17 31 18 16 14 24 18 39 24 26 33 23 27 20 13 24 13 28 36 25 23 13 18 15 37 24 33 14 33 35 22 30 18 25 17 27 13 15 20 11 31 18 15 38 18 26 35 31 30 39 21 19 35 23 17 21 21 28 23 29 39 22 31 40 15 25 20 21 23 26 18 19 16 18 39 14 26 36 15 16 22 12 16 31 37 14 22 35 27 13 31 17 36 14 34 17 11 22 30 27 20 18 17 21 12 13 40 36 32 25 28 14 33 13 13 17 11 19 23 27 33 35 30 38 21 30 21 11 35 11 25 39 20 19 26 22 34 38 38 28 31 24 18 17 37 27 11 14 13 33 30 30 17 23 24 30 12 18 20 21 14 36 34 31 25 31 28 17 40 23 35 25 29 35 17 35 17 25 24 14 38 38 38 33 25 12 20 11 19 22 29 36 37 21 33 33 40 30 29 21 38 28 35 23 12 26 32 11 34 39 15 35 38 26 27 33 38 16 17 17 12 22 12 13 19 28 11 14 23 22 13 13 37 22 39 32 13 30 26 26 16 28 22 36 35 15 14 32 22 40 22 25 15 22 40 39 16 32 40 36 39 33 11 34 18 29 16 23 33 40 40 36 23 27 20 13 25 40 23 15 17 36 16 32 22 26 14 29 35 18 21 27 15 11 30 28 13 37 24 20 39 21 25 32 30 38 19 30 13 40 20 16 14 35 25 29 17 23 27 35 24 34 22 32 13 25 33 22 38 28 37 12 38 19 15 24 28 14 16 20 20 20 33 11 38 35 32 18 31 14 35 12 26 37 19 35 23 29 26 27 26 33 27 15 14 12 18 32 37 34 17 25 24 31 20 14 26 37 37 28 32 39 23 31 14 11 19 14 12 32 12 31 19 19 22 26 15 24 33 17 29 27 23 18 38 37 11 20 28 26 20 13 17 39 18 11 36 34 34 18 22 21 33 26 22 40 12 37 30 39 39 21 26 14 16 25 27 24 13 33
24 30 2 28 20 28 29 1 5 25 11 23 12 25 30 8 5 9 19 20 29 21 17 28 23 12 10 13 7 11 30 12 30 17 3 30 30 28 3 14 22 10 9 21 19 3 18 3 3 16 3 18 13 19 11 24 6 7 21 10 15 17 22 26 30 6 21 27 30 24 28 27 10 13 23 10 11 12 2 19 6 30 22 10 8 10 11 28 10 17 20 20 4 6 21 20 21 29 3 20 13 23 15 10 1 1 24 8 12 26 30 8 23 15 15 22 17 27 4 1 10 6 14 16 29 24 3 9 29 25 4 26 23 18 20 27 15 6 30 15 6 28 27 16 8 25 29 9 11 17 14 25 13 20 7 29 13 19 2 20 19 23 2 2 12 10 20 9 8 26 10 8 17 25 12 24 24 2 16 1 26 14 21 27 27 19 6 4 18 1 22 2 9 20 29 6 4 23 22 17 23 27 9 22 1 1 22 15 23 4 14 19 27 8 14 20 13 21 7 22 30 19 29 27 17 13 18 28 20 1 3 27 25 9 5 18 28 20 14 22 2 19 6 24 29 15 23 22 11 27 7 10 17 13 19 19 9 4 27 27 7 21 8 6 4 14 8 29 14 16 23 13 17 10 3 14 3 18 26 15 13 3 8 5 27 14 23 4 23 25 12 20 8 15 7 17 3 5 10 1 21 8 5 28 8 16 25 21 20 29 11 9 25 13 7 11 11 18 13 19 29 12 21 30 5 15 10 11 13 16 8 9 6 8 29 4 16 26 5 6 12 2 6 21 27 4 12 25 17 3 21 7 26 4 24 7 1 12 20 17 10 8 7 11 2 3 30 26 22 15 18 4 23 3 3 7 1 9 13 17 23 25 20 28 11 20 11 1 25 1 15 29 10 9 16 12 24 28 28 18 21 14 8 7 27 17 1 4 3 23 20 20 7 13 14 20 2 8 10 11 4 26 24 21 15 21 18 7 30 13 25 15 19 25 7 25 7 15 14 4 28 28 28 23 15 2 10 1 9 12 19 26 27 11 23 23 30 20 19 11 28 18 25 13 2 16 22 1 24 29 5 25 28 16 17 23 28 6 7 7 2 12 2 3 9 18 1 4 13 12 3 3 27 12 29 22 3 20 16 16 6 18 12 26 25 5 4 22 12 30 12 15 5 12 30 29 6 22 30 26 29 23 1 24 8 19 6 13 23 30 30 26 13 17 10 3 15 30 13 5 7 26 6 22 12 16 4 19 25 8 11 17 5 1 20 18 3 27 14 10 29 11 15 22 20 28 9 20 3 30 10 6 4 25 15 19 7 13 17 25 14 24 12 22 3 15 23 12 28 18 27 2 28 9 5 14 18 4 6 10 10 10 23 1 28 25 22 8 21 4 25 2 16 27 9 25 13 19 16 17 16 23 17 5 4 2 8 22 27 24 7 15 14 21 10 4 16 27 27 18 22 29 13 21 4 1 9 4 2 22 2 21 9 9 12 16 5 14 23 7 19 17 13 8 28 27 1 10 18 16 10 3 7 29 8 1 26 24 24 8 12 11 23 16 12 30 2 27 20 29 29 11 16 4 6 15 17 14 3 23
0 4 4
597 122 36 3
0 10 2
504 628
1 9 5
544 494 448 205 563
1 11 5
692 381 634 29 689
0 7 1
422
0 9 3
160 101 390
1 2 5
607 338 150 480 495
0 14 1
406
0 2 4
455 100 471 656
1 13 7
516 296 492 615 651 229 322
0 1 6
418 156 284 343 94 479
0 5 2
648 298
0 16 6
133 528 98 610 238 243
1 3 5
600 30 283 121 215
1 1 4
11 690 287 371
0 1 6
413 584 136 182 345 31
0 15 1
341
2 9 6
484 281 523 641 373 77
0 16 2
256 66
1 15 5
277 649 357 412 699
0 9 2
2 405
0 9 2
125 175
0 10 3
674 4 42
0 17 2
176 376
0 12 1
375
2 18 5
120 666 239 252 398
0 13 6
603 627 580 113 61 15
2 5 6
347 370 571 244 694 311
1 7 4
163 234 297 443
1 6 5
314 159 638 389 609
0 17 4
129 93 13 593
0 12 4
64 438 619 39
0 11 4
538 290 655 108
0 13 3
200 267 646
0 2 3
579 428 183
0 10 6
132 489 209 88 620 402
0 15 3
449 80 548
0 19 5
198 533 26 19 164
0 20 2
40 645
0 13 3
140 223 368
1 18 4
192 147 569 559
0 13 1
490
0 17 1
104
1 16 4
288 407 187 505
2 2 8
348 434 310 97 193 586 594 467
0 10 2
207 166
0 2 1
595
0 3 1
534
0 7 4
152 658 75 81
0 3 1
573
0 3 4
622 497 663 195
0 9 2
397 514
2 20 6
186 608 577 69 473 18
1 6 4
282 329 188 614
1 5 6
146 319 360 509 330 687
1 5 3
659 6 513
1 14 4
339 59 511 105
0 9 5
525 331 445 554 299
0 19 3
219 599 274
0 1 1
355
0 1 1
575
0 4 3
184 349 411
1 15 5
157 154 500 605 305
0 8 3
393 457 32
0 11 1
337
0 8 3
587 8 111
2 10 5
211 155 1 693 671
0 12 2
469 14
2 17 7
589 640 112 264 382 123 465
0 1 3
427 486 285
0 12 2
346 354
0 12 5
481 255 522 43 309
0 11 1
70
0 15 3
114 588 590
1 20 4
51 191 652 17
0 5 2
217 542
0 1 2
399 218
5 22 2
0 475
1 13 1
5
6 20 1
7
2 15 1
9
1 18 2
10 44
2 23 1
12
1 18 1
16
2 21 2
20 174
1 19 1
21
1 18 1
22
1 10 1
23
2 16 2
24 124
1 33 1
25
1 30 2
27 107
1 5 1
28
1 19 1
33
1 31 1
34
2 17 1
35
3 37 1
37
3 31 1
38
3 16 1
41
3 23 1
45
1 18 2
46 250
2 20 1
47
4 18 1
48
3 21 1
49
4 35 1
50
4 22 2
52 591
1 13 1
53
1 18 1
54
1 20 1
55
1 25 1
56
1 26 1
57
3 15 1
58
1 17 1
60
3 2 1
62
3 29 1
63
2 22 1
65
2 26 1
67
4 21 1
68
2 13 1
71
5 4 1
72
2 28 1
73
2 10 1
74
3 16 1
76
4 24 1
78
4 19 1
79
3 17 1
82
1 27 1
83
1 7 2
84 507
2 30 1
85
2 22 1
86
3 23 1
87
4 16 1
89
1 24 1
90
1 34 1
91
1 16 1
92
1 31 1
95
1 27 1
96
1 12 1
99
2 31 1
102
5 24 2
103 464
2 26 1
106
2 10 1
109
3 22 1
110
2 12 2
115 361
5 20 1
116
3 30 1
117
1 2 1
118
1 16 1
119
2 18 1
126
4 27 1
127
2 24 2
128 604
4 13 1
130
1 24 1
131
1 16 1
134
6 11 1
135
1 16 1
137
1 13 1
138
1 32 1
139
1 32 1
141
1 26 1
142
1 30 1
143
1 13 1
144
3 16 1
145
2 16 1
148
2 26 2
149 265
1 9 1
151
4 23 1
153
3 19 1
158
1 12 1
161
1 4 1
162
3 17 1
165
1 24 1
167
2 18 1
168
3 22 1
169
1 29 1
170
1 21 1
171
3 19 1
172
4 20 1
173
3 30 1
177
5 9 1
178
2 9 1
179
1 15 1
180
1 20 1
181
2 20 1
185
1 17 1
189
1 26 1
190
2 23 1
194
6 20 1
196
3 18 1
197
1 13 1
199
1 19 1
201
3 32 1
202
4 21 1
203
4 33 1
204
2 18 1
206
1 17 1
208
6 15 1
210
3 16 1
212
1 24 1
213
5 16 1
214
6 18 1
216
3 35 1
220
1 10 1
221
1 29 1
222
1 11 1
224
4 28 1
225
1 19 1
226
3 18 1
227
2 9 1
228
2 16 2
230 478
1 28 2
231 268
5 25 1
232
1 20 1
233
1 11 1
235
4 31 1
236
2 12 1
237
4 28 1
240
5 11 1
241
1 25 1
242
4 23 1
245
1 14 1
246
1 22 1
247
1 31 1
248
3 19 2
249 273
2 16 1
251
1 16 2
253 493
1 24 1
254
2 29 1
257
3 30 1
258
1 15 1
259
1 22 1
260
2 16 1
261
2 26 1
262
1 32 1
263
1 20 1
266
1 23 1
269
3 20 1
270
1 19 1
271
2 27 1
272
3 26 1
275
1 19 1
276
1 13 1
278
1 29 1
279
1 26 1
280
1 13 2
286 612
3 18 1
289
1 21 1
291
1 15 1
292
2 16 1
293
5 16 1
294
3 5 1
295
1 32 1
300
1 34 2
301 410
1 5 1
302
4 26 1
303
2 11 1
304
2 21 1
306
4 21 1
307
1 22 1
308
2 4 1
312
1 29 1
313
2 14 1
315
1 22 1
316
3 12 1
317
2 16 1
318
1 32 1
320
1 28 1
321
3 16 2
323 459
1 22 1
324
2 31 1
325
1 14 1
326
3 28 1
327
2 26 1
328
1 22 1
332
2 10 1
333
1 22 1
334
2 28 1
335
2 18 1
336
2 5 1
340
1 10 1
342
1 19 1
344
2 26 2
350 555
3 12 1
351
2 10 1
352
1 39 1
353
1 17 1
356
3 4 1
358
1 16 1
359
3 4 1
362
1 15 1
363
1 11 1
364
2 22 1
365
2 20 1
366
1 33 1
367
2 28 1
369
3 18 1
372
4 34 1
374
2 23 1
377
1 25 1
378
2 13 1
379
3 16 1
380
2 15 2
383 601
1 24 1
384
3 15 1
385
1 7 1
386
3 23 1
387
1 22 1
388
1 13 1
391
3 26 1
392
1 14 1
394
3 24 1
395
3 27 1
396
2 18 1
400
3 8 1
401
1 12 1
403
4 13 1
404
1 28 2
408 424
1 14 1
409
3 32 1
414
3 18 1
415
1 19 1
416
3 19 1
417
2 12 1
419
2 3 1
420
4 22 1
421
3 14 1
423
1 3 1
425
1 12 1
426
1 22 1
429
1 9 1
430
1 4 1
431
4 22 1
432
1 10 1
433
1 35 1
435
1 10 1
436
3 33 2
437 681
1 18 1
439
2 8 1
440
3 34 1
441
1 28 2
442 669
1 27 1
444
1 22 1
446
1 28 1
447
1 32 1
450
2 11 1
451
1 20 1
452
1 13 1
453
2 20 1
454
1 22 1
456
1 6 1
458
2 10 1
460
3 26 1
461
1 17 1
462
1 25 1
463
3 33 1
466
2 10 1
468
5 25 1
470
4 18 1
472
2 18 1
474
4 37 1
476
2 9 1
477
1 15 1
482
2 9 1
483
2 21 1
485
1 7 1
487
3 19 1
488
2 26 1
491
2 16 2
496 546
5 24 1
498
1 26 1
499
1 26 1
501
4 17 1
502
2 18 1
503
3 20 1
506
1 27 1
508
1 8 1
510
1 12 1
512
3 15 1
515
4 13 1
517
4 27 1
518
1 30 2
519 527
3 17 1
520
3 30 1
521
2 21 1
524
1 20 1
526
2 27 1
529
1 18 1
530
1 28 1
531
2 11 1
532
3 8 1
535
1 18 1
536
1 14 1
537
4 19 1
539
1 28 1
540
4 27 1
541
1 12 1
543
2 18 1
545
1 18 1
547
1 30 1
549
2 29 1
550
5 38 1
551
1 29 1
552
2 30 1
553
3 12 1
556
1 18 1
557
2 19 1
558
1 19 1
560
3 36 1
561
1 3 1
562
1 23 1
564
2 11 1
565
1 23 1
566
2 40 1
567
5 17 1
568
3 25 1
570
1 14 1
572
4 16 1
574
3 20 1
576
3 27 1
578
1 8 1
581
1 35 1
582
3 17 1
583
3 15 1
585
1 27 1
592
1 22 1
596
1 16 1
598
1 38 1
602
2 25 1
606
1 25 1
611
3 18 1
613
1 21 1
616
4 4 1
617
1 7 1
618
1 12 1
621
3 9 1
623
1 16 1
624
3 21 1
625
4 24 1
626
2 14 1
629
1 10 1
630
1 20 1
631
3 19 1
632
1 10 1
633
3 17 1
635
1 13 1
636
1 19 1
637
1 11 1
639
1 8 1
642
1 16 1
643
2 20 1
644
1 28 1
647
1 20 1
650
1 31 1
653
2 19 1
654
1 29 1
657
2 35 1
660
1 29 1
661
1 5 1
662
3 22 1
664
1 14 1
665
1 21 1
667
3 14 1
668
1 2 1
670
1 20 1
672
2 20 1
673
1 23 1
675
2 16 1
676
2 25 1
677
1 17 1
678
3 18 1
679
2 19 1
680
3 19 1
682
1 29 1
683
3 8 1
684
1 27 1
685
2 16 1
686
1 14 1
688
1 16 1
691
5 20 1
695
4 23 1
696
3 22 1
697
1 28 1
698
