1000 648 1550 67
24 33 28 40 19 13 34 15 16 36 36 27 18 35 34 28 11 28 17 21 39 11 35 11 26 38 40 35 24 29 30 27 11 38 25 11 12 11 37 17 25 25 17 23 21 23 23 15 28 39 11 31 14 21 33 16 29 19 29 24 17 24 34 39 26 12 30 39 26 35 18 17 13 31 23 17 27 40 13 24 22 25 29 29 14 30 23 23 14 16 36 18 39 38 29 22 25 15 40 37 33 30 29 22 20 40 25 20 30 32 17 33 27 27 33 38 18 16 39 15 39 30 25 18 14 23 33 33 21 39 19 13 40 40 35 38 32 12 36 15 14 14 36 23 11 31 25 38 17 34 26 31 22 40 23 26 27 33 27 12 12 11 27 38 30 32 33 29 30 31 30 21 26 16 19 30 18 18 22 26 20 38 40 34 28 35 16 12 36 23 25 25 38 31 19 17 33 35 22 11 24 29 29 23 35 33 18 38 38 36 30 19 20 17 40 16 21 14 26 39 15 14 13 23 31 21 25 37 20 18 16 15 23 13 38 37 24 37 16 40 37 19 20 11 34 33 20 29 36 15 26 18 21 40 25 13 24 22 33 39 18 19 16 11 18 11 20 13 35 23 28 39 24 14 19 12 22 31 28 12 11 37 30 36 11 32 28 14 16 20 23 34 28 13 12 28 22 26 33 22 25 24 24 39 20 22 13 35 15 40 28 34 28 34 18 39 15 37 40 19 16 32 33 34 15 14 14 29 28 17 18 16 37 31 30 20 31 33 39 35 26 15 36 40 19 15 12 37 19 11 23 31 19 11 27 24 23 32 18 37 12 24 15 39 30 29 11 34 22 22 26 29 29 20 21 38 29 30 39 20 39 40 28 24 33 37 16 24 29 33 23 24 11 12 24 31 13 36 20 30 13 39 25 30 33 26 32 22 16 15 26 36 38 31 40 37 23 14 17 38 25 32 18 14 29 22 32 34 38 40 36 37 12 37 24 38 24 38 27 17 39 31 20 32 17 11 35 16 29 28 30 20 34 21 12 25 16 32 18 20 27 26 23 36 11 31 24 26 12 36 14 35 22 26 16 40 18 29 12 34 12 14 28 20 14 34 30 15 18 33 19 31 36 17 15 23 22 15 24 23 36 26 19 34 11 28 40 12 19 34 17 20 40 15 19 33 19 33 30 19 38 33 36 23 12 34 31 36 25 22 29 38 39 30 38 35 26 11 12 17 12 14 39 30 38 20 34 33 40 18 33 16 19 39 31 29 32 39 11 34 11 20 13 18 27 22 36 28 28 28 15 37 20 32 32 16 15 33 22 14 25 16 23 25 27 31 24 30 25 17 11 23 32 32 22 12 35 36 20 17 12 18 14 30 36 24 33 27 36 18 19 40 30 37 22 15 31 17 30 32 27 16 17 35 12 33 38 29 36 19 19 37 14 32 30 39 28 23 16 37 38 29 14 16 40 13 18 37 14 29 31 22 24 31 20 20 13 36 35 17 28 22 18 38 23 14 39 40 14 37 35 15 26 22 23 32 27 30 14 11 33 14 13 40 40 24 22 12 13 18 40 12 37 36 39 17 27 16 18 33 40 17 33 25 11 27 30 16 34 26 11 29 11 21 23 19 14 38 34 37 12 33 31 33 40 38 36 32 37 20 22 20 15 37 39 30 11 35 28 13 36 16 35 16 36 22 22 14 28 21 17 35 23 23 31 13 23 25 34 11 24 34 30 40 39 11 19 29 12 35 33 27 27 31 12 39 35 31 27 18 30 12 17 16 12 13 21 36 38 31 12 31 23 20 16 24 27 11 33 27 27 17 39 11 32 34 35 29 37 19 28 17 21 17 18 39 33 26 23 36 17 19 12 26 17 28 36 14 23 27 27 35 11 22 34 37 23 15 25 36 29 19 20 36 16 12 29 33 18 15 17 27 19 39 23 37 21 28 29 37 39 33 29 31 33 25 15 27 30 14 19 28 31 38 32 21 34 30 33 34 32 22 22 31 18 13 15 23 25 22 32 11 38 15 40 16 16 20 31 24 11 26 13 33 29 12 27 21 13 20 18 18 36 30 34 25 21 29 28 31 27 28 37 12 19 26 39 22 12 33 31 34 16 18 38 33 27 17 30 22 24 22 29 14 12 40 37 32 27 14 16 31 13 38 40 35 21 14 23 30 34 36 13 37 11 38 14 16 35 21 33 29 26 13 39 30 39 29 18 36 13 12 34 20 19 27 26 14 22 14 39 38 36 34 33 35 31 26 19 25
14 23 18 30 9 3 24 5 6 26 26 17 8 25 24 18 1 18 7 11 29 1 25 1 16 28 30 25 14 19 20 17 1 28 15 1 2 1 27 7 15 15 7 13 11 13 13 5 18 29 1 21 4 11 23 6 19 9 19 14 7 14 24 29 16 2 20 29 16 25 8 7 3 21 13 7 17 30 3 14 12 15 19 19 4 20 13 13 4 6 26 8 29 28 19 12 15 5 30 27 23 20 19 12 10 30 15 10 20 22 7 23 17 17 23 28 8 6 29 5 29 20 15 8 4 13 23 23 11 29 9 3 30 30 25 28 22 2 26 5 4 4 26 13 1 21 15 28 7 24 16 21 12 30 13 16 17 23 17 2 2 1 17 28 20 22 23 19 20 21 20 11 16 6 9 20 8 8 12 16 10 28 30 24 18 25 6 2 26 13 15 15 28 21 9 7 23 25 12 1 14 19 19 13 25 23 8 28 28 26 20 9 10 7 30 6 11 4 16 29 5 4 3 13 21 11 15 27 10 8 6 5 13 3 28 27 14 27 6 30 27 9 10 1 24 23 10 19 26 5 16 8 11 30 15 3 14 12 23 29 8 9 6 1 8 1 10 3 25 13 18 29 14 4 9 2 12 21 18 2 1 27 20 26 1 22 18 4 6 10 13 24 18 3 2 18 12 16 23 12 15 14 14 29 10 12 3 25 5 30 18 24 18 24 8 29 5 27 30 9 6 22 23 24 5 4 4 19 18 7 8 6 27 21 20 10 21 23 29 25 16 5 26 30 9 5 2 27 9 1 13 21 9 1 17 14 13 22 8 27 2 14 5 29 20 19 1 24 12 12 16 19 19 10 11 28 19 20 29 10 29 30 18 14 23 27 6 14 19 23 13 14 1 2 14 21 3 26 10 20 3 29 15 20 23 16 22 12 6 5 16 26 28 21 30 27 13 4 7 28 15 22 8 4 19 12 22 24 28 30 26 27 2 27 14 28 14 28 17 7 29 21 10 22 7 1 25 6 19 18 20 10 24 11 2 15 6 22 8 10 17 16 13 26 1 21 14 16 2 26 4 25 12 16 6 30 8 19 2 24 2 4 18 10 4 24 20 5 8 23 9 21 26 7 5 13 12 5 14 13 26 16 9 24 1 18 30 2 9 24 7 10 30 5 9 23 9 23 20 9 28 23 26 13 2 24 21 26 15 12 19 28 29 20 28 25 16 1 2 7 2 4 29 20 28 10 24 23 30 8 23 6 9 29 21 19 22 29 1 24 1 10 3 8 17 12 26 18 18 18 5 27 10 22 22 6 5 23 12 4 15 6 13 15 17 21 14 20 15 7 1 13 22 22 12 2 25 26 10 7 2 8 4 20 26 14 23 17 26 8 9 30 20 27 12 5 21 7 20 22 17 6 7 25 2 23 28 19 26 9 9 27 4 22 20 29 18 13 6 27 28 19 4 6 30 3 8 27 4 19 21 12 14 21 10 10 3 26 25 7 18 12 8 28 13 4 29 30 4 27 25 5 16 12 13 22 17 20 4 1 23 4 3 30 30 14 12 2 3 8 30 2 27 26 29 7 17 6 8 23 30 7 23 15 1 17 20 6 24 16 1 19 1 11 13 9 4 28 24 27 2 23 21 23 30 28 26 22 27 10 12 10 5 27 29 20 1 25 18 3 26 6 25 6 26 12 12 4 18 11 7 25 13 13 21 3 13 15 24 1 14 24 20 30 29 1 9 19 2 25 23 17 17 21 2 29 25 21 17 8 20 2 7 6 2 3 11 26 28 21 2 21 13 10 6 14 17 1 23 17 17 7 29 1 22 24 25 19 27 9 18 7 11 7 8 29 23 16 13 26 7 9 2 16 7 18 26 4 13 17 17 25 1 12 24 27 13 5 15 26 19 9 10 26 6 2 19 23 8 5 7 17 9 29 13 27 11 18 19 27 29 23 19 21 23 15 5 17 20 4 9 18 21 28 22 11 24 20 23 24 22 12 12 21 8 3 5 13 15 12 22 1 28 5 30 6 6 10 21 14 1 16 3 23 19 2 17 11 3 10 8 8 26 20 24 15 11 19 18 21 17 18 27 2 9 16 29 12 2 23 21 24 6 8 28 23 17 7 20 12 14 12 19 4 2 30 27 22 17 4 6 21 3 28 30 25 11 4 13 20 24 26 3 27 1 28 4 6 25 11 23 19 16 3 29 20 29 19 8 26 3 2 24 10 9 17 16 4 12 4 29 28 26 24 23 25 21 16 9 15
0 19 3
828 679 245
1 10 5
331 668 328 795 373
1 20 8
706 512 681 674 561 396 262 971
1 11 8
555 540 711 231 650 687 574 952
0 12 9
398 83 490 422 683 822 333 494 346
4 17 8
529 835 403 363 162 239 878 107
1 8 11
641 876 558 635 216 527 830 799 606 897 948
0 5 2
65 296
1 7 3
798 815 710
0 13 1
717
1 7 3
667 474 434
1 18 13
663 934 883 147 327 618 617 417 831 47 462 937 455
0 6 2
692 515
2 16 5
743 38 158 255 33
0 20 1
884
1 6 7
57 21 39 651 308 460 353
0 13 3
503 41 79
2 20 6
284 660 359 882 279 213
0 15 1
977
0 9 1
282
1 9 4
202 248 832 134
0 20 4
666 950 865 770
1 1 5
73 388 872 56 522
1 16 4
954 448 891 43
0 20 2
647 583
0 10 1
386
0 5 7
286 564 46 105 576 654 605
1 5 11
437 48 932 194 104 495 601 113 303 343 10
0 14 4
502 82 746 925
0 6 1
672
1 11 4
483 802 337 287
0 12 3
729 575 957
1 13 8
722 406 965 411 790 644 989 251
0 8 7
983 721 958 31 909 204 390
0 7 3
126 665 304
0 5 4
357 298 544 998
0 6 4
52 410 749 673
0 18 7
75 297 543 987 252 484 775
2 13 7
233 205 753 862 559 339 17
0 4 1
435
0 2 5
553 285 737 336 922
2 3 7
22 454 685 208 695 426 453
0 13 1
266
3 14 10
236 265 486 516 800 375 907 791 404 185
0 3 5
342 295 439 580 599
1 9 4
725 892 735 405
0 6 5
30 92 356 765 444
1 9 10
825 890 946 733 592 368 570 546 590 350
1 20 3
133 402 259
0 15 1
915
0 12 1
150
0 15 2
767 458
1 12 5
249 682 172 63 0
0 1 4
378 291 739 645
0 12 9
81 632 888 210 542 201 347 247 780
1 15 6
945 734 175 837 283 541
1 14 5
154 713 438 528 157
2 6 6
639 275 716 99 292 14
1 15 4
260 416 906 171
0 19 2
997 536
3 20 7
306 664 124 973 773 689 90
0 10 4
894 569 571 789
3 10 11
440 707 316 7 821 223 392 691 129 389 369
1 11 5
715 731 921 622 697
0 13 6
905 995 311 581 700 582
0 3 3
112 877 526
0 11 4
551 1 851 787
1 17 5
367 370 117 446 85
1 20 3
243 853 777
1 19 8
302 400 225 119 879 816 166 492
0 18 1
71
0 18 1
619
0 1 3
870 520 708
0 13 2
646 466
1 3 7
962 573 18 818 36 728 425
0 18 3
698 736 919
0 20 2
533 91
0 10 1
514
1 19 3
600 355 476
1 17 5
230 615 913 479 88
0 3 3
849 271 793
2 5 6
242 257 496 145 842 493
1 5 5
525 40 885 880 760
1 14 5
412 141 763 990 917
0 1 2
566 705
1 34 1
2
1 34 2
3 364
2 35 2
4 467
2 15 2
5 24
2 26 1
6
1 13 1
8
4 18 1
9
2 37 2
11 597
3 31 2
12 539
6 28 1
13
1 18 1
15
2 29 1
16
1 32 1
19
5 25 1
20
2 33 1
23
3 19 2
25 611
5 16 2
26 550
3 10 2
27 280
5 16 1
28
3 19 1
29
2 29 1
32
4 25 1
34
4 29 1
35
2 37 1
37
1 14 1
42
1 13 1
44
1 13 1
45
1 24 1
49
1 16 1
50
4 19 1
51
1 30 1
53
1 29 1
54
3 7 1
55
1 29 1
58
1 32 1
59
2 32 1
60
3 20 1
61
2 13 1
62
4 27 1
64
2 23 1
66
1 29 1
67
1 25 1
68
2 31 1
69
6 29 1
70
1 22 1
72
1 24 2
74 953
4 16 1
76
1 25 1
77
6 33 1
78
3 38 1
80
5 26 1
84
3 35 1
86
2 32 1
87
2 21 1
89
4 4 1
93
5 28 2
94 299
4 21 1
95
2 12 1
96
1 19 1
97
1 21 2
98 196
1 40 2
100 535
1 14 1
101
11 31 1
102
1 22 1
103
3 27 1
106
2 26 1
108
5 39 1
109
5 26 1
110
3 29 1
111
1 23 1
114
1 25 1
115
1 31 1
116
4 18 1
118
8 19 1
120
6 15 1
121
1 24 2
122 521
1 19 1
123
5 24 1
125
1 36 1
127
4 26 1
128
8 40 1
130
3 24 1
131
1 18 1
132
5 39 1
135
2 18 1
136
3 14 1
137
6 33 1
138
1 39 2
139 360
4 12 1
140
7 13 1
142
4 8 1
143
2 18 1
144
1 18 1
146
2 25 1
148
4 26 2
149 776
4 28 1
151
1 26 1
152
4 32 1
153
3 21 1
155
4 2 2
156 384
5 37 1
159
1 23 1
160
1 10 1
161
1 25 1
163
2 23 1
164
1 23 1
165
6 29 1
167
4 8 1
168
1 22 1
169
4 33 1
170
7 15 1
173
4 23 1
174
1 23 1
176
3 16 1
177
2 19 1
178
1 19 1
179
1 22 2
180 633
3 22 2
181 829
1 32 1
182
2 19 1
183
1 24 1
184
1 24 1
186
4 26 1
187
6 18 2
188 220
4 10 1
189
1 23 1
190
2 40 1
191
3 19 1
192
2 36 1
193
3 15 1
195
1 21 1
197
4 24 1
198
5 11 1
199
1 25 1
200
7 12 1
203
3 17 1
206
1 19 1
207
2 38 1
209
1 21 1
211
3 18 1
212
1 16 2
214 701
1 24 1
215
3 33 1
217
1 21 3
218 510 819
1 23 1
219
1 31 1
221
1 22 1
222
1 15 1
224
2 32 1
226
3 17 1
227
5 29 2
228 312
1 7 1
229
3 29 1
232
3 14 1
234
5 24 1
235
4 28 1
237
1 11 1
238
1 24 1
240
1 22 1
241
1 23 1
244
4 20 2
246 859
7 29 1
250
1 18 1
253
4 19 1
254
3 29 1
256
5 33 1
258
1 18 1
261
4 25 1
263
4 16 1
264
1 27 1
267
1 30 1
268
3 19 1
269
1 25 1
270
1 29 1
272
1 18 1
273
1 22 1
274
1 12 1
276
7 19 2
277 908
4 10 1
278
8 22 1
281
1 28 1
288
8 11 1
289
5 30 1
290
3 6 1
293
1 17 1
294
1 29 1
300
8 25 1
301
3 15 2
305 318
3 38 1
307
2 22 1
309
3 31 1
310
1 21 1
313
5 30 1
314
5 21 2
315 797
1 39 1
317
1 4 1
319
2 33 1
320
1 22 1
321
4 16 3
322 427 893
1 17 1
323
1 24 1
324
1 38 1
325
2 9 1
326
2 26 1
329
5 23 1
330
1 18 2
332 812
2 22 1
334
1 12 1
335
4 21 1
338
5 30 1
340
1 17 1
341
1 4 1
344
5 37 1
345
1 16 1
348
5 21 1
349
5 21 1
351
1 30 1
352
3 7 1
354
3 15 1
358
1 39 2
361 991
2 23 2
362 863
1 22 1
365
2 22 1
366
7 14 1
371
2 16 1
372
4 21 1
374
2 16 1
376
4 20 1
377
1 13 1
379
3 28 1
380
4 36 2
381 625
1 9 1
382
1 21 1
383
1 18 1
385
2 30 1
387
2 25 1
391
1 30 1
393
1 11 1
394
1 23 1
395
7 23 1
397
1 27 1
399
5 24 1
401
1 21 1
407
5 6 1
408
4 8 1
409
4 17 1
413
1 18 1
414
2 19 1
415
1 21 1
418
2 20 1
419
2 33 2
420 607
5 25 2
421 740
2 17 1
423
3 21 1
424
1 40 1
428
5 23 1
429
3 7 1
430
1 20 1
431
7 25 2
432 867
4 8 1
433
1 34 1
436
1 30 1
441
1 24 1
442
3 19 1
443
1 29 1
445
5 27 1
447
1 6 1
449
1 23 1
450
2 38 1
451
4 23 1
452
1 21 1
456
1 17 1
457
4 15 1
459
1 28 1
461
4 20 1
463
1 8 1
464
4 34 1
465
1 27 1
468
4 33 2
469 875
1 9 1
470
2 37 1
471
4 23 1
472
4 18 1
473
1 19 1
475
4 17 1
477
2 19 1
478
6 25 1
480
1 19 1
481
3 21 1
482
2 25 1
485
1 27 1
487
3 35 1
488
2 17 1
489
7 9 1
491
1 14 1
497
1 22 1
498
4 28 2
499 690
3 40 1
500
5 31 1
501
7 23 1
504
6 22 1
505
2 19 1
506
3 30 1
507
5 17 1
508
2 7 1
509
8 15 2
511 603
4 26 1
513
4 17 1
517
4 13 1
518
1 14 1
519
1 14 1
523
1 3 1
524
9 19 1
530
1 32 1
531
4 22 1
532
1 3 1
534
1 20 1
537
5 34 1
538
1 15 1
545
5 18 1
547
1 18 1
548
3 34 1
549
1 19 1
552
1 23 1
554
1 34 1
556
1 38 1
557
2 35 1
560
2 20 1
562
8 23 1
563
4 21 1
565
1 22 1
567
1 20 1
568
3 37 1
572
2 35 1
577
1 29 1
578
2 11 1
579
1 13 1
584
2 24 1
585
2 31 1
586
5 14 1
587
4 19 1
588
7 8 1
589
5 6 1
591
3 40 1
593
4 29 1
594
5 6 1
595
1 13 1
596
1 28 1
598
1 25 1
602
1 9 1
604
2 19 1
608
1 7 1
609
5 23 1
610
1 20 1
612
5 27 1
613
1 13 1
614
1 23 1
616
1 25 1
620
1 14 1
621
1 6 1
623
4 18 1
624
1 21 1
626
2 33 1
627
5 23 1
628
1 10 1
629
2 39 1
630
3 23 1
631
2 22 1
634
1 23 1
636
4 25 1
637
2 33 1
638
1 28 1
640
1 27 1
642
1 13 1
643
4 31 1
648
1 13 1
649
1 20 1
652
1 15 1
653
1 25 1
655
2 18 2
656 982
1 22 1
657
1 15 1
658
3 15 1
659
3 21 1
661
8 20 1
662
8 22 1
669
1 27 1
670
1 11 1
671
3 12 1
675
4 20 1
676
1 24 1
677
6 19 1
678
1 32 1
680
1 21 1
684
1 13 1
686
5 25 1
688
4 30 1
693
1 30 1
694
1 15 1
696
5 10 1
699
4 18 2
702 864
1 23 1
703
4 22 1
704
1 13 1
709
2 19 1
712
1 18 1
714
3 31 1
718
2 26 1
719
1 23 1
720
5 8 1
723
4 23 1
724
4 18 1
726
4 24 1
727
8 10 1
730
1 26 1
732
4 14 1
738
4 33 1
741
1 28 1
742
2 33 1
744
2 25 1
745
1 19 2
747 858
9 25 1
748
4 34 1
750
4 28 1
751
2 35 1
752
3 4 1
754
2 37 2
755 824
5 34 1
756
4 14 1
757
1 19 1
758
3 27 1
759
2 31 1
761
1 39 2
762 874
4 16 1
764
2 27 1
766
8 8 1
768
5 13 1
769
4 23 1
771
2 15 1
772
1 20 1
774
1 25 2
778 843
6 36 1
779
4 22 1
781
1 20 1
782
1 17 1
783
4 11 1
784
1 12 1
785
1 25 1
786
8 17 1
788
5 29 1
792
1 21 1
794
6 21 1
796
4 15 1
801
1 24 1
803
1 15 1
804
1 8 1
805
1 14 1
806
4 19 1
807
1 22 1
808
5 22 1
809
4 33 1
810
4 19 1
811
1 17 1
813
8 30 1
814
2 35 1
817
1 14 1
820
8 30 1
823
5 12 1
826
2 25 1
827
5 36 1
833
2 23 1
834
8 19 1
836
3 10 1
838
1 22 1
839
4 20 2
840 845
2 36 1
841
1 19 1
844
2 31 1
846
4 22 1
847
1 33 1
848
3 40 1
850
2 18 1
852
2 22 1
854
4 34 1
855
1 16 1
856
4 23 1
857
4 34 1
860
3 24 1
861
2 34 1
866
1 10 1
868
3 38 1
869
5 22 1
871
1 30 1
873
2 22 1
881
8 18 1
886
4 31 1
887
7 16 1
889
2 9 1
895
6 22 1
896
2 35 1
898
3 23 1
899
2 30 1
900
5 20 1
901
5 21 1
902
8 21 1
903
1 18 1
904
1 7 1
910
1 25 1
911
4 14 1
912
3 27 1
914
2 25 1
916
1 31 1
918
3 19 1
920
2 15 1
923
1 22 1
924
3 27 1
926
3 8 1
927
1 38 1
928
1 14 1
929
1 10 1
930
2 26 1
931
4 8 1
933
1 32 1
935
1 12 1
936
2 26 1
938
2 22 1
939
4 28 1
940
2 11 1
941
7 31 1
942
1 15 1
943
2 37 1
944
4 28 1
947
5 21 1
949
1 38 1
951
1 30 1
955
4 10 1
956
2 15 1
959
5 27 1
960
1 25 1
961
5 27 1
963
1 29 1
964
1 25 1
966
4 15 1
967
4 14 1
968
1 39 1
969
4 8 1
970
4 15 1
972
1 27 1
974
4 22 1
975
3 21 1
976
5 14 1
978
3 16 1
979
4 10 1
980
2 34 1
981
1 39 1
984
2 18 1
985
8 24 1
986
1 33 1
988
5 22 1
992
1 24 1
993
2 29 1
994
2 26 1
996
8 21 1
999
