700 506 1085 47
26 12 12 11 18 15 39 33 40 11 14 30 37 30 16 21 16 13 17 36 17 16 21 19 29 36 26 39 11 35 23 37 20 23 24 40 13 30 31 36 15 36 38 26 16 35 16 13 34 40 12 40 15 27 18 27 39 25 13 13 32 38 18 40 36 28 40 37 32 17 14 13 31 27 24 38 32 34 34 23 35 18 23 21 38 14 37 40 39 30 24 18 21 18 28 13 29 27 32 12 40 28 33 23 35 22 34 31 20 30 21 37 37 24 34 12 16 12 22 25 36 27 25 36 21 18 22 15 29 36 19 20 14 28 16 30 19 26 32 27 30 23 17 11 25 25 17 19 14 29 24 28 34 25 13 32 23 16 20 32 13 12 34 37 16 15 18 29 25 22 28 26 23 22 31 34 33 22 13 26 12 32 34 38 32 26 37 35 28 33 27 34 27 23 24 39 39 18 34 17 34 15 32 30 40 13 24 32 32 27 24 14 37 24 39 30 34 20 39 40 33 24 38 26 38 11 29 20 27 15 36 30 38 37 24 15 32 39 23 40 34 11 16 35 13 24 31 29 36 22 12 18 23 15 38 28 34 19 27 17 37 23 33 23 30 25 28 18 38 24 24 11 25 27 29 40 40 19 24 13 34 19 23 29 35 24 38 19 15 34 34 18 36 32 21 18 31 18 25 37 19 31 33 12 19 11 28 27 39 36 35 22 36 11 29 23 27 24 18 35 16 20 15 39 35 14 35 26 23 40 34 33 34 15 17 30 14 30 20 20 26 19 39 11 38 14 29 25 13 28 19 12 20 40 32 17 19 32 17 14 39 18 36 31 28 26 38 12 19 15 28 16 25 21 21 11 40 38 13 18 11 23 31 30 25 28 22 26 34 28 22 17 40 26 34 33 12 26 15 19 40 37 22 31 27 19 28 32 20 34 30 18 18 38 14 34 13 33 31 20 40 15 29 20 33 15 31 21 28 32 39 37 17 29 18 25 30 29 20 31 32 29 19 18 35 37 39 14 26 20 31 32 13 13 23 30 16 30 37 16 13 38 30 16 17 18 31 14 36 11 38 25 34 22 12 36 24 15 14 33 26 36 39 18 15 40 15 37 22 37 23 37 17 21 20 20 38 13 35 34 25 36 19 14 16 26 27 28 21 40 38 36 35 18 11 23 27 24 28 39 11 21 25 22 25 14 18 28 23 15 34 19 34 32 36 15 37 27 39 21 19 12 20 39 21 16 15 39 15 15 21 29 28 11 32 31 40 29 40 28 27 32 34 22 40 38 14 32 24 21 37 27 32 16 34 17 34 37 24 33 29 28 25 31 37 28 13 23 38 34 19 22 33 18 11 36 38 30 34 26 33 14 29 25 14 36 14 15 38 31 28 18 15 21 27 28 22 34 27 18 21 30 25 37 25 28 21 24 11 12 24 30 40 31 37 22 31 33 14 19 19 35 38 31 18 24 26 16 23 27 26 14 22 19 18 21 36 22 39 28 15 27 14 40 14 27 36 36 32 35 36 21 27 15 27 39 16 24 25 17 18 35 29 32 39 25 13 27 19 25 25 30 34 32 22 26 30 15 40 13
16 2 2 1 8 5 29 23 30 1 4 20 27 20 6 11 6 3 7 26 7 6 11 9 19 26 16 29 1 25 13 27 10 13 14 30 3 20 21 26 5 26 28 16 6 25 6 3 24 30 2 30 5 17 8 17 29 15 3 3 22 28 8 30 26 18 30 27 22 7 4 3 21 17 14 28 22 24 24 13 25 8 13 11 28 4 27 30 29 20 14 8 11 8 18 3 19 17 22 2 30 18 23 13 25 12 24 21 10 20 11 27 27 14 24 2 6 2 12 15 26 17 15 26 11 8 12 5 19 26 9 10 4 18 6 20 9 16 22 17 20 13 7 1 15 15 7 9 4 19 14 18 24 15 3 22 13 6 10 22 3 2 24 27 6 5 8 19 15 12 18 16 13 12 21 24 23 12 3 16 2 22 24 28 22 16 27 25 18 23 17 24 17 13 14 29 29 8 24 7 24 5 22 20 30 3 14 22 22 17 14 4 27 14 29 20 24 10 29 30 23 14 28 16 28 1 19 10 17 5 26 20 28 27 14 5 22 29 13 30 24 1 6 25 3 14 21 19 26 12 2 8 13 5 28 18 24 9 17 7 27 13 23 13 20 15 18 8 28 14 14 1 15 17 19 30 30 9 14 3 24 9 13 19 25 14 28 9 5 24 24 8 26 22 11 8 21 8 15 27 9 21 23 2 9 1 18 17 29 26 25 12 26 1 19 13 17 14 8 25 6 10 5 29 25 4 25 16 13 30 24 23 24 5 7 20 4 20 10 10 16 9 29 1 28 4 19 15 3 18 9 2 10 30 22 7 9 22 7 4 29 8 26 21 18 16 28 2 9 5 18 6 15 11 11 1 30 28 3 8 1 13 21 20 15 18 12 16 24 18 12 7 30 16 24 23 2 16 5 9 30 27 12 21 17 9 18 22 10 24 20 8 8 28 4 24 3 23 21 10 30 5 19 10 23 5 21 11 18 22 29 27 7 19 8 15 20 19 10 21 22 19 9 8 25 27 29 4 16 10 21 22 3 3 13 20 6 20 27 6 3 28 20 6 7 8 21 4 26 1 28 15 24 12 2 26 14 5 4 23 16 26 29 8 5 30 5 27 12 27 13 27 7 11 10 10 28 3 25 24 15 26 9 4 6 16 17 18 11 30 28 26 25 8 1 13 17 14 18 29 1 11 15 12 15 4 8 18 13 5 24 9 24 22 26 5 27 17 29 11 9 2 10 29 11 6 5 29 5 5 11 19 18 1 22 21 30 19 30 18 17 22 24 12 30 28 4 22 14 11 27 17 22 6 24 7 24 27 14 23 19 18 15 21 27 18 3 13 28 24 9 12 23 8 1 26 28 20 24 16 23 4 19 15 4 26 4 5 28 21 18 8 5 11 17 18 12 24 17 8 11 20 15 27 15 18 11 14 1 2 14 20 30 21 27 12 21 23 4 9 9 25 28 21 8 14 16 6 13 17 16 4 12 9 8 11 26 12 29 18 5 17 4 30 4 17 26 26 22 25 26 11 17 5 17 29 6 14 15 7 8 25 19 22 29 15 3 17 9 15 15 20 24 22 12 16 20 5 30 3
0 18 3
40 132 429
0 3 2
313 378
0 5 4
306 240 320 407
2 4 6
112 635 161 369 529 325
0 17 1
491
0 6 1
109
0 1 1
210
0 10 2
143 235
0 15 1
48
0 18 3
302 310 401
1 16 4
133 687 596 47
0 9 2
512 380
0 20 1
617
1 15 6
563 676 509 336 410 393
0 3 2
400 182
2 9 5
501 432 280 267 41
0 16 2
156 440
2 17 6
124 391 594 611 335 0
0 17 3
328 218 353
1 14 5
117 137 480 111 355
3 11 7
26 526 381 653 598 131 217
0 20 2
495 639
0 10 2
368 264
0 7 2
141 252
0 3 1
194
1 2 4
591 692 223 255
0 20 1
643
0 7 2
59 215
0 11 3
324 493 592
0 20 1
121
0 17 1
45
1 8 4
60 189 106 316
0 7 3
114 579 414
1 5 5
604 659 514 275 430
1 16 5
694 315 119 170 207
0 7 2
419 548
0 8 1
434
0 18 2
518 456
0 13 3
570 289 204
1 1 4
312 472 438 371
0 6 2
307 492
0 11 1
193
0 16 2
326 173
1 2 3
511 96 603
0 1 3
623 621 364
2 6 6
607 458 484 84 423 184
0 20 1
441
0 6 1
462
0 4 3
599 113 505
0 6 1
374
0 1 1
636
2 20 4
530 433 681 144
0 2 3
358 575 98
1 11 4
303 690 72 550
0 17 2
572 58
0 12 1
471
1 15 7
339 444 608 322 168 286 281
2 16 5
564 272 684 39 403
0 14 5
176 473 294 483 11
0 17 4
609 237 110 334
0 12 2
298 277
0 20 1
376
0 8 2
463 631
0 1 1
209
0 16 5
154 191 71 503 164
0 16 2
360 285
1 15 6
268 567 398 74 28 299
0 16 1
664
0 20 1
356
0 12 2
198 338
1 15 4
465 534 54 361
1 20 4
57 20 587 22
0 10 3
224 696 199
0 20 8
384 409 537 9 499 16 295 477
0 10 1
535
0 19 3
248 357 33
0 10 1
201
0 3 2
245 271
0 11 1
151
0 4 3
452 23 241
1 16 4
449 638 180 36
2 6 5
612 226 671 244 181
0 6 2
478 372
0 13 1
301
0 8 1
327
0 14 2
232 297
4 19 9
139 593 291 42 95 525 68 52 375
0 14 2
352 251
0 20 2
519 672
1 16 4
13 675 545 646
0 13 2
510 412
2 15 1
1
2 23 1
2
4 9 1
3
2 23 1
4
3 34 2
5 561
1 20 1
6
1 21 1
7
2 15 1
8
1 20 1
10
1 32 1
12
1 36 1
14
1 18 1
15
1 7 1
17
3 31 1
18
1 11 1
19
1 22 1
21
1 12 1
24
2 20 1
25
1 20 1
27
1 29 1
29
2 31 1
30
2 22 1
31
1 22 2
32 365
1 22 2
34 195
2 27 1
35
1 16 1
37
1 22 1
38
1 23 1
43
1 28 1
44
1 22 1
46
4 8 1
49
1 34 1
50
2 21 1
51
2 12 1
53
3 27 1
55
1 5 1
56
2 23 1
61
1 12 1
62
2 36 1
63
1 15 1
64
3 16 1
65
2 18 1
66
1 24 1
67
1 21 1
69
1 19 1
70
1 11 2
73 155
1 29 1
75
2 26 1
76
5 33 1
77
2 18 1
78
3 12 1
79
2 23 1
80
1 28 1
81
2 23 1
82
5 15 1
83
1 26 1
85
2 12 1
86
1 24 1
87
1 25 1
88
2 20 1
89
1 9 2
90 153
1 4 1
91
5 4 1
92
1 22 1
93
3 25 1
94
2 33 1
97
8 8 2
99 496
3 26 1
100
1 18 1
101
1 22 1
102
2 36 1
103
3 17 1
104
2 29 1
105
1 10 1
107
1 14 1
108
5 5 1
115
1 10 1
116
3 16 1
118
1 34 1
120
1 26 1
122
2 24 1
123
2 20 1
125
4 16 1
126
2 24 2
127 284
1 12 1
128
3 12 1
129
1 18 1
130
2 36 1
134
2 25 1
135
3 11 1
136
1 8 1
138
4 21 1
140
1 22 1
142
3 26 1
145
3 11 1
146
4 18 1
147
2 22 1
148
1 26 1
149
2 32 1
150
1 32 1
152
2 32 1
157
2 36 1
158
1 16 1
159
1 21 2
160 431
2 31 1
162
1 40 1
163
1 21 1
165
1 18 1
166
1 7 1
167
3 29 1
169
1 15 1
171
3 30 1
172
4 31 1
174
1 22 1
175
5 12 1
177
2 7 1
178
1 21 1
179
1 28 1
183
3 31 1
185
2 33 1
186
3 27 1
187
1 29 2
188 586
1 10 1
190
1 27 1
192
1 12 1
196
1 10 1
197
4 31 1
200
1 5 1
202
2 34 1
203
1 16 1
205
1 23 1
206
2 30 1
208
1 18 1
211
1 22 1
212
1 20 1
213
5 17 1
214
1 11 1
216
1 26 1
219
2 32 1
220
4 40 1
221
3 23 1
222
1 17 1
225
3 33 2
227 578
1 11 1
228
3 15 1
229
1 20 1
230
1 16 1
231
3 40 1
233
2 25 1
234
2 28 1
236
2 30 1
238
2 19 2
239 601
2 25 1
242
1 4 1
243
1 27 1
246
3 27 1
247
2 27 1
249
1 35 1
250
3 31 1
253
1 34 2
254 628
3 21 1
256
1 16 1
257
1 34 1
258
1 26 1
259
1 37 1
260
1 11 1
261
1 22 1
262
2 33 1
263
2 34 1
265
1 28 1
266
3 34 2
269 439
1 19 1
270
1 7 1
273
1 19 1
274
2 29 1
276
5 10 1
278
4 19 1
279
1 11 1
282
3 36 2
283 527
1 8 1
287
3 32 1
288
2 23 1
290
2 22 1
292
1 11 1
293
1 17 1
296
2 28 1
300
3 33 2
304 482
1 13 1
305
1 15 2
308 584
1 7 1
309
1 21 1
311
3 6 1
314
2 23 1
317
1 19 1
318
2 33 1
319
3 31 1
321
1 21 1
323
1 21 1
329
4 6 1
330
2 23 1
331
3 20 1
332
3 11 1
333
3 20 1
337
4 18 1
340
1 15 1
341
4 23 2
342 565
1 40 1
343
3 8 1
344
1 17 1
345
1 18 1
346
1 21 1
347
2 19 1
348
1 17 1
349
1 24 1
350
2 21 2
351 500
1 13 1
354
3 25 2
359 610
1 19 1
362
3 30 1
363
1 34 1
366
1 31 1
367
2 23 1
370
2 13 1
373
1 17 1
377
1 21 1
379
3 26 1
382
1 10 1
383
1 17 1
385
1 23 1
386
1 19 1
387
1 28 1
388
1 28 1
389
1 35 1
390
2 25 1
392
1 26 1
394
1 23 1
395
1 21 1
396
2 35 1
397
1 20 1
399
1 32 1
402
2 36 1
404
1 31 1
405
1 17 2
406 517
7 30 1
408
1 18 1
411
1 12 1
413
1 26 1
415
1 19 1
416
2 31 1
417
1 11 1
418
1 16 1
420
1 21 1
421
1 21 1
422
1 22 1
424
2 20 1
425
4 18 1
426
1 20 1
427
3 32 1
428
2 7 1
435
3 18 1
436
1 35 1
437
1 32 1
442
1 30 1
443
1 24 1
445
1 8 1
446
2 15 1
447
2 15 1
448
1 7 1
450
2 32 1
451
1 15 1
453
1 22 1
454
1 16 1
455
5 27 1
457
3 28 1
459
1 23 1
460
1 37 1
461
3 18 1
464
1 22 1
466
1 28 1
467
6 17 1
468
1 27 1
469
1 24 1
470
1 29 1
474
2 25 1
475
1 10 1
476
2 34 1
479
1 14 1
481
1 22 1
485
2 34 1
486
3 24 1
487
3 35 1
488
2 26 1
489
1 18 1
490
1 17 1
494
2 36 1
497
2 30 1
498
1 29 1
502
1 22 1
504
1 4 1
506
1 24 1
507
2 16 1
508
3 22 1
513
2 26 1
515
3 33 2
516 615
2 21 1
520
1 22 1
521
2 25 2
522 680
1 11 1
523
3 33 1
524
1 25 1
528
3 39 1
531
4 35 1
532
1 6 1
533
1 24 1
536
2 24 1
538
1 22 1
539
3 40 2
540 688
3 31 1
541
1 28 1
542
1 21 1
543
1 15 1
544
2 34 1
546
1 28 1
547
1 28 1
549
1 22 1
551
2 27 1
552
3 33 1
553
3 30 1
554
1 22 1
555
1 35 1
556
2 34 1
557
5 16 1
558
1 20 1
559
2 19 1
560
4 18 1
562
4 23 1
566
2 18 1
568
1 13 1
569
1 13 1
571
1 26 1
573
1 16 1
574
2 36 1
576
1 30 1
577
2 17 1
580
5 5 1
581
2 31 1
582
1 20 1
583
1 26 1
585
1 20 1
588
3 27 1
589
3 23 1
590
2 35 1
595
1 33 1
597
1 27 1
600
2 35 1
602
3 19 1
605
2 30 1
606
1 26 1
613
1 20 1
614
2 23 1
616
1 18 2
618 693
2 35 1
619
3 22 1
620
1 26 1
622
1 20 1
624
1 31 1
625
3 32 1
626
1 23 1
627
3 33 1
629
2 37 1
630
3 20 1
632
1 22 1
633
2 23 1
634
1 26 1
637
2 22 1
640
2 36 1
641
2 30 1
642
1 10 1
644
3 21 1
645
1 23 1
647
2 11 1
648
1 28 1
649
1 19 1
650
2 26 1
651
1 11 1
652
4 34 1
654
2 26 1
655
1 31 1
656
1 26 1
657
3 20 1
658
1 6 1
660
4 26 1
661
1 36 1
662
3 23 1
663
1 28 1
665
2 35 1
666
1 23 1
667
2 23 1
668
3 17 1
669
1 35 1
670
3 17 1
673
3 35 1
674
1 34 1
677
1 29 1
678
1 34 1
679
3 33 1
682
1 16 1
683
1 20 1
685
1 23 1
686
2 20 1
689
5 21 1
691
2 16 1
695
1 27 1
697
1 26 1
698
1 22 1
699
