300 31 465 20
33 31 31 40 23 11 35 27 21 25 16 39 27 40 31 39 15 28 29 13 32 11 19 38 27 14 31 14 29 16 30 29 37 37 24 31 17 36 18 16 26 33 22 23 13 19 37 29 25 18 25 18 17 15 35 27 37 35 26 17 27 28 11 22 32 28 27 18 24 12 29 25 23 16 34 27 30 21 37 26 16 18 37 39 38 25 17 21 14 32 21 25 15 23 15 13 32 38 29 30 36 33 19 40 29 32 34 39 16 14 30 36 16 31 39 11 13 28 21 23 38 29 38 14 32 16 31 19 30 36 37 15 23 25 27 23 38 40 39 19 33 20 35 24 17 35 38 14 40 36 17 17 39 34 29 30 31 36 23 29 26 25 13 30 40 17 38 22 13 22 39 37 22 17 38 24 21 29 22 11 29 18 35 22 31 17 13 13 12 29 30 21 37 36 35 17 20 32 33 29 37 31 30 37 19 38 15 33 35 36 19 40 24 39 37 38 22 27 14 27 17 14 32 18 33 33 36 11 17 29 31 32 31 31 36 14 19 21 24 15 33 30 40 34 17 20 13 34 16 24 34 20 32 24 30 35 25 33 17 39 30 32 40 33 26 30 29 12 18 36 37 16 13 12 12 39 36 22 32 36 15 14 29 34 27 15 17 28 36 13 20 22 24 15 19 22 22 31 39 26
23 21 21 30 13 1 25 17 11 15 6 29 17 30 21 29 5 18 19 3 22 1 9 28 17 4 21 4 19 6 20 19 27 27 14 21 7 26 8 6 16 23 12 13 3 9 27 19 15 8 15 8 7 5 25 17 27 25 16 7 17 18 1 12 22 18 17 8 14 2 19 15 13 6 24 17 20 11 27 16 6 8 27 29 28 15 7 11 4 22 11 15 5 13 5 3 22 28 19 20 26 23 9 30 19 22 24 29 6 4 20 26 6 21 29 1 3 18 11 13 28 19 28 4 22 6 21 9 20 26 27 5 13 15 17 13 28 30 29 9 23 10 25 14 7 25 28 4 30 26 7 7 29 24 19 20 21 26 13 19 16 15 3 20 30 7 28 12 3 12 29 27 12 7 28 14 11 19 12 1 19 8 25 12 21 7 3 3 2 19 20 11 27 26 25 7 10 22 23 19 27 21 20 27 9 28 5 23 25 26 9 30 14 29 27 28 12 17 4 17 7 4 22 8 23 23 26 1 7 19 21 22 21 21 26 4 9 11 14 5 23 20 30 24 7 10 3 24 6 14 24 10 22 14 20 25 15 23 7 29 20 22 30 23 16 20 19 2 8 26 27 6 3 2 2 29 26 12 22 26 5 4 19 24 17 5 7 18 26 3 10 12 14 5 9 12 12 21 29 16
1 9 7
104 295 199 292 35 131 280
5 14 11
266 71 171 286 217 256 38 82 23 149 20
3 7 20
116 85 278 25 12 276 73 53 225 240 259 281 192 175 99 3 28 95 125 255
4 12 14
247 113 213 42 223 69 177 293 30 72 85 127 141 263
5 11 20
202 111 137 163 24 118 194 96 288 33 267 297 83 102 77 106 145 210 258 271
2 5 19
236 6 245 105 271 205 17 227 200 106 182 87 233 95 121 7 45 144 261
1 16 7
138 119 189 39 91 206 207
2 14 10
250 152 108 31 67 17 103 176 225 235
2 9 10
120 169 221 59 45 12 43 89 230 296
6 12 15
7 218 160 279 123 77 172 13 117 26 65 255 230 264 265
3 11 13
188 229 91 282 208 131 235 75 98 126 242 269 283
1 10 6
36 277 130 133 29 195
3 7 14
162 290 115 41 22 142 212 246 132 201 134 67 189 275
10 16 20
219 28 58 241 254 159 136 264 181 299 100 5 193 257 146 47 60 79 81 133
5 9 16
81 84 35 127 294 19 234 86 285 151 147 61 156 204 218 224
2 10 18
76 157 145 143 103 47 239 228 69 83 158 177 192 220 238 284 292 298
5 14 15
144 114 129 170 10 243 92 93 34 98 52 64 84 94 249
6 14 15
275 164 94 165 280 244 70 15 270 222 27 237 122 130 295
1 15 6
0 258 11 58 243 282
2 7 14
215 52 197 79 253 209 54 125 166 291 190 50 78 260
4 10 16
18 263 109 216 156 153 158 154 72 185 78 42 76 82 134 186
2 10 12
97 265 3 252 1 88 186 80 121 248 262 281
2 8 12
40 161 74 56 198 57 9 232 66 154 190 191
2 6 13
174 183 167 21 141 289 251 8 64 268 140 250 291
7 12 17
187 2 63 260 274 224 16 68 203 196 20 51 62 152 178 234 270
5 8 18
124 204 62 176 179 150 48 248 296 112 168 128 140 214 59 117 212 222
1 6 14
262 231 11 220 226 90 50 178 110 23 116 185 246 286
3 8 12
101 126 14 43 4 60 46 155 39 273 55 31
2 11 10
49 139 284 184 1 109 161 164 203 253
4 10 15
32 37 191 75 61 298 272 135 210 261 211 269 107 252 273
3 7 20
195 287 242 180 44 89 173 29 283 206 148 207 238 249 5 25 55 120 172 211
