500 39 775 33
20 32 21 30 24 28 29 40 14 35 21 27 29 12 15 19 37 14 25 19 25 39 40 18 25 20 39 26 27 15 14 29 13 34 11 19 26 27 20 20 27 17 38 13 23 14 33 39 24 30 16 39 22 21 25 40 29 16 29 31 36 37 38 12 18 29 35 40 29 13 12 12 21 35 13 29 11 29 12 20 11 30 19 18 28 15 31 28 23 33 40 17 14 33 27 36 29 27 15 22 17 24 18 23 40 11 21 29 18 37 34 12 28 12 21 20 15 30 24 18 15 25 25 13 38 23 22 14 38 28 14 26 38 20 36 18 14 25 34 36 12 20 20 23 14 12 16 24 17 17 32 24 34 15 22 24 22 22 13 27 18 30 15 35 40 39 27 40 16 31 37 25 21 40 30 29 15 39 18 27 32 12 37 37 25 30 24 37 40 23 32 21 20 12 20 16 19 33 25 19 16 26 14 21 19 36 18 37 18 33 28 13 28 24 39 29 29 16 28 31 37 30 11 40 30 24 38 14 30 19 21 30 12 24 24 24 12 40 33 17 16 34 28 11 34 32 13 19 19 21 17 11 16 34 40 18 29 32 29 26 39 35 39 12 26 22 22 39 34 26 32 33 22 31 30 12 28 24 17 20 34 39 40 14 40 26 16 14 32 31 35 32 30 19 15 20 11 19 22 24 26 12 19 37 18 18 24 37 40 12 16 38 26 40 12 26 11 22 12 17 18 13 22 36 19 11 25 18 33 32 14 14 18 31 20 25 39 23 36 39 20 16 18 27 12 22 13 15 40 17 34 26 37 34 31 34 39 18 26 34 20 18 24 31 27 11 27 25 28 20 26 40 12 29 12 19 29 15 33 38 29 17 15 15 19 12 37 19 39 37 11 39 33 13 26 25 32 32 30 37 34 36 25 29 16 25 29 34 34 35 25 26 36 38 32 20 13 22 13 12 17 33 17 12 12 14 28 39 17 36 11 28 19 21 39 25 26 16 11 34 21 20 28 19 15 21 38 29 33 32 16 14 15 22 35 37 30 29 38 26 23 11 11 35 22 35 28 36 14 35 13 18 32 13 25 31 29 13 16 35 14 19 30 19 29 33 18 25 26 19 39 11 19 35 14 38 12 34 19 38
10 22 11 20 14 18 19 30 4 25 11 17 19 2 5 9 27 4 15 9 15 29 30 8 15 10 29 16 17 5 4 19 3 24 1 9 16 17 10 10 17 7 28 3 13 4 23 29 14 20 6 29 12 11 15 30 19 6 19 21 26 27 28 2 8 19 25 30 19 3 2 2 11 25 3 19 1 19 2 10 1 20 9 8 18 5 21 18 13 23 30 7 4 23 17 26 19 17 5 12 7 14 8 13 30 1 11 19 8 27 24 2 18 2 11 10 5 20 14 8 5 15 15 3 28 13 12 4 28 18 4 16 28 10 26 8 4 15 24 26 2 10 10 13 4 2 6 14 7 7 22 14 24 5 12 14 12 12 3 17 8 20 5 25 30 29 17 30 6 21 27 15 11 30 20 19 5 29 8 17 22 2 27 27 15 20 14 27 30 13 22 11 10 2 10 6 9 23 15 9 6 16 4 11 9 26 8 27 8 23 18 3 18 14 29 19 19 6 18 21 27 20 1 30 20 14 28 4 20 9 11 20 2 14 14 14 2 30 23 7 6 24 18 1 24 22 3 9 9 11 7 1 6 24 30 8 19 22 19 16 29 25 29 2 16 12 12 29 24 16 22 23 12 21 20 2 18 14 7 10 24 29 30 4 30 16 6 4 22 21 25 22 20 9 5 10 1 9 12 14 16 2 9 27 8 8 14 27 30 2 6 28 16 30 2 16 1 12 2 7 8 3 12 26 9 1 15 8 23 22 4 4 8 21 10 15 29 13 26 29 10 6 8 17 2 12 3 5 30 7 24 16 27 24 21 24 29 8 16 24 10 8 14 21 17 1 17 15 18 10 16 30 2 19 2 9 19 5 23 28 19 7 5 5 9 2 27 9 29 27 1 29 23 3 16 15 22 22 20 27 24 26 15 19 6 15 19 24 24 25 15 16 26 28 22 10 3 12 3 2 7 23 7 2 2 4 18 29 7 26 1 18 9 11 29 15 16 6 1 24 11 10 18 9 5 11 28 19 23 22 6 4 5 12 25 27 20 19 28 16 13 1 1 25 12 25 18 26 4 25 3 8 22 3 15 21 19 3 6 25 4 9 20 9 19 23 8 15 16 9 29 1 9 25 4 28 2 24 9 28
1 4 22
256 250 238 108 482 188 483 78 308 146 1 74 301 251 295 66 152 229 304 381 410 449
1 16 9
352 382 0 52 73 111 202 372 436
1 11 9
48 248 17 55 80 99 149 260 374
3 18 8
128 46 358 135 400 95 154 199
4 8 18
83 477 404 488 334 297 39 59 70 71 88 258 278 310 317 348 365 382
5 7 30
325 452 30 85 353 132 495 434 142 282 391 272 417 122 25 12 440 28 156 65 309 203 458 6 157 225 280 281 316 448
1 11 11
201 125 118 371 27 29 41 68 380 427 467
10 16 21
402 333 292 260 60 345 61 102 253 347 474 112 451 220 87 26 47 89 184 217 370
8 10 28
360 467 493 378 139 492 315 490 472 205 336 127 3 464 141 445 294 215 130 94 179 228 109 291 355 398 401 428
1 2 27
33 271 450 344 447 480 96 241 324 485 377 257 158 233 237 392 88 350 76 186 298 337 125 148 201 244 435
8 9 26
268 419 116 190 473 34 314 231 133 247 274 189 316 154 359 150 319 19 245 209 230 22 181 385 441 453
2 8 9
144 143 395 468 122 192 266 431 466
2 13 16
254 414 374 428 36 28 123 160 175 176 234 320 323 328 416 437
5 7 27
399 454 89 497 429 438 363 300 246 398 126 148 103 343 453 418 444 62 397 106 380 40 69 144 296 375 442
5 10 19
410 375 40 178 323 59 311 37 121 330 356 407 68 403 6 273 321 424 457
3 7 11
415 243 213 32 265 64 191 207 14 130 219
9 10 23
367 4 338 421 396 52 192 469 496 273 222 385 249 200 15 151 437 168 78 140 159 195 196
2 7 14
326 98 185 226 187 21 394 379 320 340 181 478 120 335
1 13 9
306 183 416 119 124 190 303 387 475
9 10 30
173 39 109 278 35 346 491 441 386 197 80 486 5 449 307 389 372 58 180 285 208 304 23 9 132 215 224 274 286 330
6 10 18
442 280 162 287 131 198 138 63 217 136 32 53 170 203 301 384 406 426
5 7 15
211 147 277 229 17 194 430 119 262 172 471 405 189 359 400
1 12 6
269 204 8 319 327 344
10 11 24
354 348 303 349 2 165 362 149 289 275 291 159 145 176 457 153 423 335 302 75 127 155 305 492
5 8 24
489 79 210 432 214 67 55 137 56 393 235 117 195 182 487 157 290 166 86 224 64 240 242 356
9 10 27
84 305 433 177 463 167 424 296 43 134 10 455 498 244 105 466 310 77 242 425 409 435 232 96 138 243 422
12 15 22
313 327 66 219 22 426 75 427 123 279 115 413 169 72 408 8 266 18 84 418 439 490
5 7 31
110 24 99 45 351 267 170 439 470 104 283 41 70 164 476 225 373 9 11 90 212 71 299 255 37 77 134 220 403 404 450
2 7 19
163 199 47 120 92 50 332 339 252 26 202 499 103 126 129 177 185 318 455
2 9 10
82 97 317 91 67 198 204 376 463 477
1 4 15
264 223 160 155 368 124 239 321 381 331 236 357 0 259 256
6 8 23
341 93 448 53 42 193 95 387 460 328 101 390 20 461 113 216 431 38 494 139 163 173 298
14 13 26
227 329 388 412 129 261 100 355 420 54 286 342 69 288 114 276 436 370 152 140 175 150 333 379 409 485
6 11 18
221 234 322 411 365 293 218 44 174 361 94 137 255 275 290 373 444 473
2 3 26
318 263 49 376 27 479 281 459 481 406 364 196 312 384 57 16 422 73 31 184 383 161 3 93 97 346
2 16 5
258 107 401 475 11
4 11 12
111 240 284 456 81 7 171 13 369 206 86 440
2 14 9
270 484 366 462 82 197 336 399 476
2 16 13
465 51 443 29 446 35 107 112 133 169 191 268 395
