300 39 465 20
17 23 17 27 14 15 35 31 24 35 25 37 35 25 23 17 33 15 18 39 34 36 27 38 14 37 29 33 35 38 22 36 40 35 22 21 25 20 31 15 22 37 17 35 11 38 12 28 31 16 27 16 13 31 37 36 27 30 37 24 28 25 24 26 23 19 12 24 25 38 31 33 34 27 25 40 36 38 11 36 39 16 35 29 26 22 17 19 37 11 38 21 32 16 14 25 34 22 34 32 16 29 37 36 18 30 27 36 14 32 35 23 18 16 18 12 31 32 21 15 22 11 21 20 12 28 26 13 19 14 29 27 26 20 36 17 22 34 27 38 14 12 35 31 14 27 13 36 32 35 18 23 31 24 38 23 30 36 22 19 39 38 31 23 15 15 35 33 19 40 21 19 35 17 16 24 15 33 17 37 40 39 22 31 22 21 25 29 33 39 14 32 17 34 16 25 12 26 34 38 16 35 37 23 27 39 32 35 34 21 28 23 22 23 17 17 39 22 22 14 34 36 15 13 26 35 24 14 34 37 30 23 36 12 35 36 31 39 35 16 30 22 14 15 17 25 19 32 27 25 26 21 16 38 21 29 25 35 18 28 18 25 15 32 17 25 16 12 31 36 14 25 35 20 16 36 16 40 29 29 38 20 21 40 30 38 36 32 38 24 14 38 17 21 35 15 32 36 27 12
7 13 7 17 4 5 25 21 14 25 15 27 25 15 13 7 23 5 8 29 24 26 17 28 4 27 19 23 25 28 12 26 30 25 12 11 15 10 21 5 12 27 7 25 1 28 2 18 21 6 17 6 3 21 27 26 17 20 27 14 18 15 14 16 13 9 2 14 15 28 21 23 24 17 15 30 26 28 1 26 29 6 25 19 16 12 7 9 27 1 28 11 22 6 4 15 24 12 24 22 6 19 27 26 8 20 17 26 4 22 25 13 8 6 8 2 21 22 11 5 12 1 11 10 2 18 16 3 9 4 19 17 16 10 26 7 12 24 17 28 4 2 25 21 4 17 3 26 22 25 8 13 21 14 28 13 20 26 12 9 29 28 21 13 5 5 25 23 9 30 11 9 25 7 6 14 5 23 7 27 30 29 12 21 12 11 15 19 23 29 4 22 7 24 6 15 2 16 24 28 6 25 27 13 17 29 22 25 24 11 18 13 12 13 7 7 29 12 12 4 24 26 5 3 16 25 14 4 24 27 20 13 26 2 25 26 21 29 25 6 20 12 4 5 7 15 9 22 17 15 16 11 6 28 11 19 15 25 8 18 8 15 5 22 7 15 6 2 21 26 4 15 25 10 6 26 6 30 19 19 28 10 11 30 20 28 26 22 28 14 4 28 7 11 25 5 22 26 17 2
3 10 12
182 69 288 201 238 51 274 275 289 84 78 110
2 7 14
145 107 266 98 214 32 92 189 38 117 54 9 40 124
4 16 11
247 154 193 165 206 106 215 101 123 131 232
8 11 19
14 55 295 157 114 258 133 211 76 120 159 41 242 99 141 0 7 42 52
2 15 9
271 105 231 161 19 80 100 109 140
2 13 9
28 203 8 85 88 145 169 178 261
7 12 19
131 191 298 58 4 297 243 68 147 230 176 217 47 88 188 56 229 234 266
2 26 7
75 285 53 65 95 197 207
1 9 8
46 197 43 133 141 173 218 277
1 5 11
216 143 291 234 19 18 139 264 9 179 213
1 14 4
223 272 49 270
4 11 14
240 89 31 23 156 261 250 70 268 136 128 146 188 200
8 13 16
270 74 236 81 151 80 126 235 204 15 277 286 163 100 61 96
4 13 8
67 219 283 101 33 152 30 185
8 12 12
90 118 233 241 269 226 174 256 104 218 36 111
1 5 7
244 273 248 17 153 144 27
1 15 5
21 222 6 24 118
1 15 5
135 259 45 36 243
1 10 9
167 138 97 26 90 153 238 295 298
9 11 15
142 65 13 44 39 24 146 190 130 158 257 186 57 249 225
5 10 16
115 56 212 128 184 251 119 82 255 48 26 58 149 182 185 211
1 9 11
194 96 73 181 11 71 39 81 129 227 235
1 23 4
279 253 77 154
5 10 19
50 183 127 27 5 263 164 34 294 284 20 102 207 134 71 72 89 97 174
2 9 10
87 109 276 49 0 103 278 180 195 263
1 13 5
62 192 232 17 244
2 8 13
129 254 91 113 228 77 287 198 25 221 2 134 240
2 14 7
86 187 10 72 22 262 287
1 4 18
60 229 166 168 150 61 172 209 123 178 2 25 132 161 170 246 250 254
1 7 11
196 260 79 37 175 3 137 32 156 268 297
4 7 18
170 162 42 108 121 262 132 95 1 293 140 7 66 225 157 186 269 271
7 12 15
245 210 200 292 64 180 110 93 122 177 282 112 48 183 278
1 10 7
35 239 199 59 121 259 290
3 13 11
205 246 281 22 124 280 116 84 208 214 299
5 13 14
43 220 40 94 252 208 290 148 125 29 160 83 87 136
1 9 7
296 155 169 149 265 171 16
1 4 5
78 173 104 148 209
5 12 11
12 52 63 202 224 227 267 299 6 50 82
1 13 5
16 195 83 237 252
