300 188 465 20
19 30 31 20 25 38 31 16 11 15 20 30 22 39 21 29 26 31 36 28 35 14 32 31 23 25 20 17 35 18 34 38 24 11 35 30 14 20 22 29 32 19 29 25 34 30 21 25 31 19 39 32 16 14 30 34 11 32 34 19 40 20 18 28 29 14 39 13 12 18 17 24 40 17 37 31 30 24 22 11 20 20 26 13 30 28 15 20 21 36 24 18 24 39 16 23 31 26 34 38 32 25 33 28 30 15 11 24 40 37 30 36 32 11 30 29 33 26 16 40 38 35 15 21 35 31 22 19 33 24 36 15 23 40 28 22 23 26 27 37 23 32 23 15 19 37 13 36 33 11 30 11 38 35 24 26 12 37 18 20 11 28 11 17 14 25 12 29 30 23 30 19 22 23 33 29 25 17 34 27 18 29 26 36 16 19 12 27 40 19 29 36 15 30 37 24 28 34 36 18 40 11 33 23 25 34 40 37 34 19 33 35 14 40 26 40 23 28 35 31 33 37 11 11 36 12 31 28 25 30 18 23 20 17 24 27 27 32 11 38 20 40 18 40 26 38 23 40 12 26 33 25 29 28 39 30 35 39 18 32 27 11 15 16 31 31 28 40 37 16 13 24 11 20 28 18 25 36 36 33 15 34 28 31 37 12 18 29 33 31 35 38 19 40 30 14 23 17 33 22
9 20 21 10 15 28 21 6 1 5 10 20 12 29 11 19 16 21 26 18 25 4 22 21 13 15 10 7 25 8 24 28 14 1 25 20 4 10 12 19 22 9 19 15 24 20 11 15 21 9 29 22 6 4 20 24 1 22 24 9 30 10 8 18 19 4 29 3 2 8 7 14 30 7 27 21 20 14 12 1 10 10 16 3 20 18 5 10 11 26 14 8 14 29 6 13 21 16 24 28 22 15 23 18 20 5 1 14 30 27 20 26 22 1 20 19 23 16 6 30 28 25 5 11 25 21 12 9 23 14 26 5 13 30 18 12 13 16 17 27 13 22 13 5 9 27 3 26 23 1 20 1 28 25 14 16 2 27 8 10 1 18 1 7 4 15 2 19 20 13 20 9 12 13 23 19 15 7 24 17 8 19 16 26 6 9 2 17 30 9 19 26 5 20 27 14 18 24 26 8 30 1 23 13 15 24 30 27 24 9 23 25 4 30 16 30 13 18 25 21 23 27 1 1 26 2 21 18 15 20 8 13 10 7 14 17 17 22 1 28 10 30 8 30 16 28 13 30 2 16 23 15 19 18 29 20 25 29 8 22 17 1 5 6 21 21 18 30 27 6 3 14 1 10 18 8 15 26 26 23 5 24 18 21 27 2 8 19 23 21 25 28 9 30 20 4 13 7 23 12
1 12 3
236 234 8
0 6 3
15 114 85
2 11 5
220 46 7 49 192
0 9 3
161 140 78
0 4 2
256 29
0 20 1
130
0 19 2
112 55
0 16 1
63
0 7 4
11 292 87 225
0 12 2
276 151
2 15 6
180 19 191 221 42 119
1 17 3
284 61 152
0 17 2
252 165
0 21 2
239 25
0 9 2
144 10
1 11 3
235 273 259
0 10 2
200 38
0 5 7
4 188 190 16 75 32 212
1 15 4
155 223 147 148
1 9 6
69 14 164 126 169 280
0 5 8
65 282 251 54 141 34 246 269
1 12 4
170 134 182 135
1 11 4
64 146 103 159
0 12 2
187 92
1 14 4
281 293 271 77
0 8 1
242
0 9 3
248 211 111
0 5 6
138 73 18 48 238 5
0 9 2
1 257
0 10 3
66 120 162
0 5 9
154 176 298 0 82 173 232 60 226
0 11 1
174
1 10 5
52 106 288 260 84
0 6 1
265
4 17 1
2
2 21 2
3 83
5 19 2
6 37
1 9 1
9
2 16 1
12
1 34 1
13
1 22 1
17
1 18 3
20 81 255
1 21 1
21
2 23 2
22 76
2 26 2
23 209
1 16 1
24
5 17 1
26
1 21 1
27
1 14 2
28 105
1 28 1
30
1 17 1
31
1 15 1
33
2 34 1
35
6 27 1
36
2 18 3
39 67 237
2 25 2
40 121
2 18 2
41 72
2 19 1
43
1 10 1
44
3 20 2
45 127
2 15 1
47
2 21 1
50
6 24 2
51 163
2 19 1
53
5 20 3
56 96 199
2 36 1
57
3 26 1
58
2 17 2
59 231
4 24 1
62
1 14 2
68 216
6 27 1
70
2 13 2
71 123
6 22 1
74
1 14 1
79
1 18 1
80
3 29 1
86
2 14 1
88
6 27 1
89
1 26 1
90
1 20 1
91
1 32 1
93
2 24 1
94
2 13 2
95 104
2 15 1
97
1 25 1
98
1 20 1
99
2 14 1
100
2 26 1
101
1 29 1
102
2 12 1
107
1 23 1
108
1 16 2
109 150
2 19 1
110
3 21 1
113
1 13 2
115 268
4 18 1
116
2 14 1
117
1 32 1
118
2 17 1
122
1 27 1
124
1 19 1
125
1 15 2
128 245
6 23 2
129 274
4 23 1
131
1 22 1
132
2 15 2
133 179
1 27 1
136
1 26 1
137
1 20 1
139
2 17 1
142
3 19 1
143
2 21 1
145
1 17 1
149
2 24 1
153
1 30 1
156
1 15 1
157
3 21 1
158
2 14 1
160
1 17 1
166
2 17 2
167 208
2 17 1
168
3 20 1
171
3 31 1
172
2 21 1
175
1 13 1
177
2 30 1
178
3 29 1
181
2 20 1
183
1 23 1
184
1 24 1
185
1 11 2
186 263
2 19 1
189
1 17 1
193
5 26 2
194 266
1 18 1
195
1 15 1
196
2 16 1
197
1 13 1
198
2 24 1
201
4 21 1
202
2 23 1
203
1 14 3
204 262 291
2 25 1
205
2 28 1
206
2 14 1
207
1 16 1
210
2 21 1
213
4 26 1
214
1 21 1
215
1 14 1
217
2 18 1
218
2 20 1
219
1 24 1
222
3 32 1
224
1 18 1
227
4 22 1
228
2 18 1
229
1 16 1
230
2 29 1
233
3 35 1
240
1 10 1
241
1 28 1
243
5 25 1
244
1 28 1
247
1 12 1
249
5 27 2
250 294
1 18 1
253
1 21 1
254
1 28 1
258
2 20 1
261
2 18 1
264
1 21 1
267
2 12 1
270
3 19 1
272
2 15 1
275
2 25 1
277
2 25 1
278
1 16 1
279
2 20 1
283
1 17 1
285
2 25 1
286
2 24 1
287
5 21 1
289
4 19 1
290
3 17 1
295
6 32 1
296
3 29 1
297
2 19 1
299
