500 265 775 33
29 26 15 35 17 22 31 33 21 20 36 24 29 26 37 40 38 28 18 16 16 19 33 36 16 37 23 29 21 18 30 14 22 32 31 29 36 29 34 23 15 22 21 12 26 24 25 31 13 38 16 37 17 35 37 12 36 39 36 29 19 36 22 40 12 40 24 16 22 24 12 37 37 26 35 26 34 35 18 14 34 25 27 34 20 40 32 34 26 28 18 17 40 28 23 40 25 24 35 22 39 14 33 20 33 12 19 11 14 11 13 11 33 21 36 35 19 34 35 17 39 30 30 34 38 36 27 27 12 31 21 37 12 39 18 35 18 23 23 30 33 11 34 16 26 39 20 30 39 13 12 16 32 23 33 35 40 13 17 30 21 24 38 30 33 24 20 16 23 18 36 28 28 18 35 22 27 33 14 26 12 36 22 12 19 20 21 34 28 38 23 19 40 29 16 14 39 38 32 39 39 38 37 27 28 36 38 34 38 21 17 28 26 32 21 18 31 33 16 37 12 22 24 38 34 29 35 38 29 25 22 28 28 25 20 26 34 15 16 21 40 40 22 13 29 37 34 22 32 30 31 37 32 13 26 17 21 27 39 35 19 19 33 21 33 28 14 39 15 31 29 20 12 21 11 19 39 20 11 38 16 32 19 31 36 18 18 35 22 40 20 33 32 13 31 31 32 22 20 13 40 16 31 13 15 36 12 33 39 38 14 26 31 11 36 17 24 23 24 28 37 32 17 14 35 17 32 29 22 20 21 15 36 16 33 33 15 31 15 29 25 35 18 31 24 18 32 29 37 27 32 37 24 26 13 24 21 24 24 17 13 28 40 17 39 32 31 13 31 33 27 28 37 25 37 40 21 24 38 28 23 25 35 35 36 30 27 36 15 37 37 29 20 31 40 29 23 33 33 29 39 32 35 40 32 25 33 17 15 25 16 26 12 16 28 28 25 30 40 36 17 29 18 15 24 39 34 34 27 12 24 16 15 34 19 31 34 29 37 37 23 23 22 32 16 40 20 21 33 27 24 35 11 40 34 30 14 19 36 18 20 20 22 24 25 38 28 38 21 23 37 12 35 16 31 24 17 17 19 38 36 15 26 33 30 24 31 25 29 24 24 22 20 11 32 15 38 18 21 37
19 16 5 25 7 12 21 23 11 10 26 14 19 16 27 30 28 18 8 6 6 9 23 26 6 27 13 19 11 8 20 4 12 22 21 19 26 19 24 13 5 12 11 2 16 14 15 21 3 28 6 27 7 25 27 2 26 29 26 19 9 26 12 30 2 30 14 6 12 14 2 27 27 16 25 16 24 25 8 4 24 15 17 24 10 30 22 24 16 18 8 7 30 18 13 30 15 14 25 12 29 4 23 10 23 2 9 1 4 1 3 1 23 11 26 25 9 24 25 7 29 20 20 24 28 26 17 17 2 21 11 27 2 29 8 25 8 13 13 20 23 1 24 6 16 29 10 20 29 3 2 6 22 13 23 25 30 3 7 20 11 14 28 20 23 14 10 6 13 8 26 18 18 8 25 12 17 23 4 16 2 26 12 2 9 10 11 24 18 28 13 9 30 19 6 4 29 28 22 29 29 28 27 17 18 26 28 24 28 11 7 18 16 22 11 8 21 23 6 27 2 12 14 28 24 19 25 28 19 15 12 18 18 15 10 16 24 5 6 11 30 30 12 3 19 27 24 12 22 20 21 27 22 3 16 7 11 17 29 25 9 9 23 11 23 18 4 29 5 21 19 10 2 11 1 9 29 10 1 28 6 22 9 21 26 8 8 25 12 30 10 23 22 3 21 21 22 12 10 3 30 6 21 3 5 26 2 23 29 28 4 16 21 1 26 7 14 13 14 18 27 22 7 4 25 7 22 19 12 10 11 5 26 6 23 23 5 21 5 19 15 25 8 21 14 8 22 19 27 17 22 27 14 16 3 14 11 14 14 7 3 18 30 7 29 22 21 3 21 23 17 18 27 15 27 30 11 14 28 18 13 15 25 25 26 20 17 26 5 27 27 19 10 21 30 19 13 23 23 19 29 22 25 30 22 15 23 7 5 15 6 16 2 6 18 18 15 20 30 26 7 19 8 5 14 29 24 24 17 2 14 6 5 24 9 21 24 19 27 27 13 13 12 22 6 30 10 11 23 17 14 25 1 30 24 20 4 9 26 8 10 10 12 14 15 28 18 28 11 13 27 2 25 6 21 14 7 7 9 28 26 5 16 23 20 14 21 15 19 14 14 12 10 1 22 5 28 8 11 27
0 9 1
50
0 4 5
127 75 122 35 324
0 4 2
364 153
0 6 1
128
1 15 4
132 415 492 30
1 7 10
331 241 318 332 419 380 355 7 265 168
3 11 10
225 359 430 254 312 342 2 317 288 362
0 4 7
214 216 6 434 489 356 428
0 13 2
76 354
0 15 3
107 326 209
0 9 4
222 191 45 381
3 11 9
266 333 270 69 275 353 306 292 252
0 5 5
429 363 413 410 31
2 13 5
12 190 387 433 91
3 14 6
484 329 294 412 450 158
0 2 10
141 261 469 456 314 133 98 79 63 277
1 6 13
3 482 402 427 100 152 339 495 114 344 68 146 229
1 9 6
426 470 396 371 340 401
1 11 6
110 370 139 490 36 272
1 13 5
173 156 407 213 26
2 12 7
62 462 479 279 440 163 449
0 7 1
186
2 15 6
232 239 335 104 283 157
0 4 10
19 388 379 57 135 273 458 268 392 499
0 7 7
295 202 423 113 215 322 488
4 15 9
404 18 300 325 436 85 323 160 308
0 10 5
155 220 236 193 115
0 8 2
180 151
0 8 4
243 299 175 169
1 15 4
89 338 493 418
0 6 7
74 307 134 102 11 305 280
5 14 10
445 78 205 461 376 285 199 475 483 140
2 15 2
0 454
5 21 2
1 303
11 25 1
4
11 23 2
5 53
8 20 3
8 67 178
1 23 1
9
3 12 1
10
1 22 1
13
3 19 1
14
6 28 1
15
2 22 1
16
1 16 1
17
8 21 1
20
3 17 3
21 123 315
1 31 2
22 106
5 22 3
23 177 188
2 13 1
24
2 15 2
25 207
2 11 2
27 365
5 23 2
28 217
1 27 1
29
1 23 1
32
6 24 1
33
2 8 1
34
3 14 2
37 56
2 21 2
38 352
2 19 1
39
9 24 3
40 221 393
3 20 1
41
1 22 1
42
5 21 1
43
2 22 1
44
10 28 1
46
1 19 1
47
2 16 3
48 206 478
8 24 2
49 248
3 20 1
51
8 28 2
52 234
1 23 1
54
2 18 2
55 182
6 29 2
58 197
5 16 2
59 92
1 14 1
60
2 11 1
61
5 20 1
64
2 18 1
65
5 23 1
66
3 21 1
70
1 11 2
71 422
2 10 2
72 267
1 6 4
73 253 411 498
3 21 1
77
6 30 1
80
2 18 1
81
2 17 1
82
2 18 2
83 286
10 27 1
84
1 20 1
86
1 25 3
87 296 316
2 17 2
88 390
2 22 2
90 264
9 25 1
93
3 16 1
94
2 11 2
95 438
1 9 1
96
1 26 1
97
1 10 1
99
3 25 1
101
8 28 3
103 397 485
1 24 1
105
3 17 2
108 231
5 23 1
109
3 25 2
111 224
5 17 2
112 399
1 12 1
116
5 21 3
117 242 455
9 30 1
118
6 29 2
119 313
1 8 2
120 439
1 18 1
121
1 12 2
124 262
11 23 1
125
2 20 2
126 330
3 15 2
129 226
3 15 1
130
11 25 1
131
3 11 2
136 159
2 18 1
137
3 21 1
138
1 17 2
142 480
1 11 1
143
2 19 1
144
2 14 1
145
3 17 1
147
1 22 1
148
5 21 3
149 200 227
1 6 1
150
3 13 2
154 372
1 19 1
161
6 27 4
162 351 442 471
1 13 3
164 183 235
1 15 1
165
1 16 1
166
2 24 1
167
2 28 1
170
3 22 2
171 425
5 20 1
172
2 18 1
174
6 26 1
176
2 16 1
179
1 20 1
181
1 16 2
184 274
2 16 1
185
2 18 2
187 420
9 26 1
189
2 20 1
192
1 21 1
194
9 28 2
195 298
5 17 2
196 432
5 19 1
198
2 22 1
201
2 21 1
203
2 13 1
204
3 23 1
208
2 15 1
210
3 24 1
211
1 16 1
212
3 13 1
218
8 20 3
219 321 497
1 12 1
223
1 10 2
228 263
5 19 1
230
3 23 1
233
2 17 1
237
3 17 2
238 256
1 20 1
240
3 15 1
244
5 15 1
245
1 9 1
246
2 10 1
247
1 13 1
249
3 19 1
250
2 17 1
251
2 10 1
255
3 21 1
257
1 13 1
258
1 22 1
259
2 14 1
260
3 17 1
269
2 8 1
271
2 17 1
276
5 20 1
278
1 13 1
281
1 23 1
282
2 8 1
284
3 24 1
287
2 19 1
289
2 11 2
290 361
3 25 2
291 437
2 15 2
293 443
1 27 1
297
1 17 1
301
1 24 2
302 382
1 29 1
304
3 20 1
309
2 27 1
310
8 26 1
311
2 20 1
319
2 16 1
320
1 20 1
327
2 21 2
328 431
8 23 1
334
2 10 2
336 446
2 19 1
337
1 19 2
341 414
2 21 1
343
3 15 1
345
2 15 1
346
2 22 1
347
3 12 1
348
6 30 2
349 391
1 14 1
350
5 22 1
357
12 28 2
358 368
3 16 1
360
8 24 1
366
3 21 1
367
2 20 1
369
2 19 1
373
6 27 2
374 447
9 26 1
375
5 17 2
377 417
1 21 1
378
5 22 2
383 448
9 29 1
384
2 8 2
385 487
1 28 1
386
5 19 1
389
5 18 1
394
2 19 1
395
2 17 1
398
1 13 1
400
6 28 1
403
1 20 1
405
2 19 1
406
5 21 1
408
6 30 1
409
6 26 1
416
1 15 1
421
1 22 1
424
1 8 1
435
2 17 1
441
2 8 1
444
3 21 2
451 496
1 15 1
452
8 30 1
453
1 6 1
457
9 25 1
459
2 14 1
460
2 14 1
463
1 11 1
464
3 17 1
465
2 21 1
466
3 18 1
467
1 12 1
468
8 28 2
472 481
11 22 1
473
2 10 1
474
3 24 1
476
6 26 1
477
2 22 1
486
9 26 1
491
1 15 1
494
