800 393 1240 53
13 32 19 20 15 11 11 29 12 37 16 38 22 35 21 34 24 22 17 19 36 13 20 40 38 25 11 18 23 32 13 31 26 12 35 35 18 21 13 35 13 22 27 24 12 16 12 14 23 21 15 13 18 21 27 34 15 24 17 38 29 31 11 26 19 37 21 34 14 37 19 14 14 27 36 30 11 15 17 25 21 33 21 25 24 12 15 29 39 13 24 12 30 24 31 14 24 39 30 40 40 14 32 35 36 36 38 38 24 22 33 18 40 20 28 32 18 12 11 40 38 22 19 23 33 16 36 29 35 33 37 24 18 15 18 11 38 22 18 18 24 32 19 36 28 18 32 17 28 33 20 38 20 28 40 37 15 19 23 39 39 29 16 33 31 36 23 26 28 29 26 30 20 37 40 21 30 18 21 40 28 37 29 38 14 25 16 33 28 33 15 31 17 29 24 20 40 28 35 20 34 22 40 33 33 24 40 19 33 19 31 34 33 35 14 16 37 14 38 22 29 25 15 15 21 18 24 21 32 26 19 30 11 29 23 22 17 17 19 15 30 24 13 27 22 18 40 40 31 40 35 20 26 18 35 23 11 38 24 21 36 35 37 21 33 11 23 36 25 14 30 39 12 23 18 38 37 27 40 35 31 37 24 11 31 20 30 40 39 22 35 13 16 27 18 34 40 27 24 25 13 32 11 38 40 31 11 23 20 16 21 37 30 36 30 26 20 33 32 25 15 33 37 25 37 36 39 24 21 34 37 40 15 37 13 29 34 29 28 31 17 38 37 36 39 39 12 18 31 23 40 29 36 35 20 38 37 39 25 26 28 37 26 36 36 12 27 11 21 17 31 24 12 37 14 38 20 37 16 12 33 23 14 32 21 34 36 23 27 38 20 39 40 31 31 27 23 21 40 27 23 36 33 13 25 22 18 28 25 29 30 14 15 25 12 27 11 28 16 37 11 21 31 19 24 12 23 11 37 17 39 11 40 40 29 17 24 11 14 40 13 40 29 18 11 22 35 15 20 25 25 29 18 17 36 34 11 25 22 20 22 12 11 16 21 16 21 14 29 37 18 25 32 16 13 14 24 36 38 31 11 31 20 39 19 11 24 37 15 39 30 19 38 13 39 28 37 36 29 28 29 15 16 31 33 15 36 15 16 31 34 36 25 17 20 28 22 26 18 33 34 20 34 31 28 40 31 25 11 27 12 28 14 14 39 15 25 21 17 24 20 37 18 20 26 27 16 22 17 39 23 14 36 18 16 33 27 22 36 26 24 11 40 36 35 24 21 13 37 38 24 23 20 17 40 12 32 22 39 32 30 21 17 26 18 24 22 27 28 15 16 29 33 35 17 34 18 35 28 28 32 36 23 23 37 30 26 40 29 22 37 15 40 32 20 17 17 31 15 20 31 27 30 11 14 13 13 34 36 22 21 26 31 27 11 30 36 26 31 27 29 29 37 40 32 16 18 36 18 22 28 31 12 22 32 22 14 14 28 24 29 15 19 23 40 32 26 30 20 32 25 40 14 24 19 32 32 14 35 31 33 39 36 27 20 39 27 34 37 30 12 24 17 19 36 37 13 12 33 31 14 17 26 21 25 40 27 24 33 24 35 23 17 24 17 38 18 18 12 30 30 38 27 31 28 40 19 14 32 28 34 23 20 25 17 18 29 29 35 28 17 33 19 27 12 30 38 27 24 13 12 19 36 16 12 31 27 32 35 29 34 26 13 30 17 23 37 18 32 39 22 11 20 36 35 22 37 33 34 37 17 20 20 18 15 21 33 21 21 37 19 32 37 30 15 38 26 21 17 23
3 22 9 10 5 1 1 19 2 27 6 28 12 25 11 24 14 12 7 9 26 3 10 30 28 15 1 8 13 22 3 21 16 2 25 25 8 11 3 25 3 12 17 14 2 6 2 4 13 11 5 3 8 11 17 24 5 14 7 28 19 21 1 16 9 27 11 24 4 27 9 4 4 17 26 20 1 5 7 15 11 23 11 15 14 2 5 19 29 3 14 2 20 14 21 4 14 29 20 30 30 4 22 25 26 26 28 28 14 12 23 8 30 10 18 22 8 2 1 30 28 12 9 13 23 6 26 19 25 23 27 14 8 5 8 1 28 12 8 8 14 22 9 26 18 8 22 7 18 23 10 28 10 18 30 27 5 9 13 29 29 19 6 23 21 26 13 16 18 19 16 20 10 27 30 11 20 8 11 30 18 27 19 28 4 15 6 23 18 23 5 21 7 19 14 10 30 18 25 10 24 12 30 23 23 14 30 9 23 9 21 24 23 25 4 6 27 4 28 12 19 15 5 5 11 8 14 11 22 16 9 20 1 19 13 12 7 7 9 5 20 14 3 17 12 8 30 30 21 30 25 10 16 8 25 13 1 28 14 11 26 25 27 11 23 1 13 26 15 4 20 29 2 13 8 28 27 17 30 25 21 27 14 1 21 10 20 30 29 12 25 3 6 17 8 24 30 17 14 15 3 22 1 28 30 21 1 13 10 6 11 27 20 26 20 16 10 23 22 15 5 23 27 15 27 26 29 14 11 24 27 30 5 27 3 19 24 19 18 21 7 28 27 26 29 29 2 8 21 13 30 19 26 25 10 28 27 29 15 16 18 27 16 26 26 2 17 1 11 7 21 14 2 27 4 28 10 27 6 2 23 13 4 22 11 24 26 13 17 28 10 29 30 21 21 17 13 11 30 17 13 26 23 3 15 12 8 18 15 19 20 4 5 15 2 17 1 18 6 27 1 11 21 9 14 2 13 1 27 7 29 1 30 30 19 7 14 1 4 30 3 30 19 8 1 12 25 5 10 15 15 19 8 7 26 24 1 15 12 10 12 2 1 6 11 6 11 4 19 27 8 15 22 6 3 4 14 26 28 21 1 21 10 29 9 1 14 27 5 29 20 9 28 3 29 18 27 26 19 18 19 5 6 21 23 5 26 5 6 21 24 26 15 7 10 18 12 16 8 23 24 10 24 21 18 30 21 15 1 17 2 18 4 4 29 5 15 11 7 14 10 27 8 10 16 17 6 12 7 29 13 4 26 8 6 23 17 12 26 16 14 1 30 26 25 14 11 3 27 28 14 13 10 7 30 2 22 12 29 22 20 11 7 16 8 14 12 17 18 5 6 19 23 25 7 24 8 25 18 18 22 26 13 13 27 20 16 30 19 12 27 5 30 22 10 7 7 21 5 10 21 17 20 1 4 3 3 24 26 12 11 16 21 17 1 20 26 16 21 17 19 19 27 30 22 6 8 26 8 12 18 21 2 12 22 12 4 4 18 14 19 5 9 13 30 22 16 20 10 22 15 30 4 14 9 22 22 4 25 21 23 29 26 17 10 29 17 24 27 20 2 14 7 9 26 27 3 2 23 21 4 7 16 11 15 30 17 14 23 14 25 13 7 14 7 28 8 8 2 20 20 28 17 21 18 30 9 4 22 18 24 13 10 15 7 8 19 19 25 18 7 23 9 17 2 20 28 17 14 3 2 9 26 6 2 21 17 22 25 19 24 16 3 20 7 13 27 8 22 29 12 1 10 26 25 12 27 23 24 27 7 10 10 8 5 11 23 11 11 27 9 22 27 20 5 28 16 11 7 13
0 10 2
282 382
0 13 1
670
0 7 3
798 609 78
2 7 15
611 428 538 445 36 468 574 256 787 201 267 292 702 238 448
0 3 1
269
3 13 8
194 65 528 462 233 104 623 613
2 7 14
43 765 571 657 93 751 531 433 23 477 158 77 475 261
3 10 13
388 632 742 784 686 601 615 333 387 257 661 480 637
8 14 16
407 691 459 749 336 126 658 796 647 49 260 602 523 254 727 297
2 6 18
600 74 769 209 219 789 325 304 780 510 738 35 432 644 274 351 735 338
0 12 3
688 513 709
8 11 19
515 569 792 319 397 563 293 713 90 305 357 778 719 411 732 315 596 544 68
0 6 5
242 393 120 628 369
1 13 7
543 640 203 525 567 111 676
0 4 9
207 378 498 745 332 134 39 5 734
0 11 1
252
0 2 12
627 522 748 595 82 546 550 345 66 250 447 342
0 11 2
703 770
1 11 6
56 115 384 359 731 660
0 17 1
568
3 12 10
495 171 290 300 527 795 215 375 443 52
1 4 12
693 648 266 54 63 316 409 720 762 264 634 97
8 15 19
157 246 294 276 121 576 312 458 192 127 22 419 80 674 368 272 211 681 310
0 7 6
94 361 280 575 588 572
5 13 11
147 486 701 578 500 519 449 245 123 125 485
2 16 6
404 37 279 750 275 479
1 7 11
247 222 161 683 669 454 55 715 704 456 610
1 14 4
385 564 88 327
1 10 6
663 453 619 303 653 302
0 3 2
144 241
1 9 7
474 218 455 258 776 152 665
0 2 9
13 505 705 187 423 421 6 651 109
5 10 15
400 289 110 488 14 346 635 226 771 487 403 442 28 621 30
3 9 14
793 79 573 169 374 379 607 587 747 425 773 217 380 678
0 14 3
679 41 783
0 3 1
18
0 4 7
593 180 517 764 341 497 117
1 8 7
757 614 682 164 435 788 377
0 11 1
494
1 17 2
0 695
4 21 1
1
10 22 3
2 69 721
3 17 3
3 330 469
1 20 1
4
1 22 1
7
8 17 1
8
5 22 2
9 791
2 21 1
10
2 10 2
11 752
1 20 1
12
7 18 1
15
1 15 1
16
1 10 2
17 240
3 26 2
19 441
4 17 2
20 205
4 19 3
21 114 314
3 19 3
24 268 426
1 22 1
25
2 30 1
26
2 18 3
27 128 768
1 16 1
29
1 10 1
31
5 16 1
32
2 16 3
33 137 389
7 19 1
34
5 21 1
38
10 18 1
40
4 15 1
42
7 23 1
44
3 24 1
45
2 9 1
46
10 25 1
47
8 17 3
48 184 547
4 10 2
50 512
4 21 2
51 420
12 21 1
53
3 12 2
57 358
4 24 1
58
5 18 1
59
7 21 1
60
4 15 3
61 265 654
11 23 1
62
11 24 4
64 436 594 618
4 14 1
67
2 14 1
70
10 21 1
71
2 12 2
72 320
2 15 1
73
1 10 2
75 288
5 25 1
76
4 14 1
81
1 25 1
83
3 20 1
84
2 18 1
85
4 15 2
86 484
9 25 2
87 291
1 13 5
89 96 321 537 664
3 15 1
91
1 16 2
92 415
4 20 2
95 166
3 10 2
98 301
3 16 1
99
3 23 2
100 160
1 23 2
101 168
5 23 4
102 200 590 608
11 19 2
103 424
2 12 3
105 483 786
1 9 2
106 585
2 11 1
107
10 23 1
108
3 18 1
112
7 19 2
113 491
6 17 1
116
3 14 1
118
2 9 2
119 231
3 18 2
122 761
2 17 1
124
4 11 1
129
1 14 2
130 630
1 6 3
131 622 668
4 16 2
132 598
3 25 1
133
5 23 1
135
1 18 1
136
3 10 2
138 708
1 6 1
139
1 13 3
140 176 348
7 22 2
141 175
3 22 1
142
2 9 2
143 710
10 17 2
145 363
3 18 1
146
3 20 1
148
16 23 2
149 680
1 24 2
150 227
8 20 1
151
1 7 2
153 728
11 23 1
154
2 12 2
155 744
2 15 1
156
17 23 2
159 570
3 17 2
162 283
4 14 1
163
7 28 3
165 229 232
3 21 1
167
2 7 2
170 549
1 6 1
172
9 26 2
173 402
2 6 2
174 439
4 18 1
177
5 18 1
178
1 17 2
179 666
2 13 1
181
4 13 2
182 501
7 16 1
183
2 7 3
185 386 616
7 16 1
186
1 13 2
188 437
2 6 1
189
3 17 1
190
10 31 2
191 391
7 22 2
193 422
1 17 1
195
2 17 3
196 499 736
4 20 1
197
1 15 1
198
2 13 1
199
3 19 1
202
10 29 1
204
10 18 1
206
2 25 1
208
7 19 1
210
3 21 1
212
1 9 1
213
7 25 2
214 606
4 15 1
216
8 14 3
220 362 756
9 23 1
221
5 23 1
223
4 27 1
224
1 20 1
225
7 16 1
228
3 24 2
230 262
1 15 1
234
4 25 2
235 733
5 19 2
236 450
6 13 2
237 725
3 24 1
239
1 13 1
243
3 27 1
244
3 17 2
248 427
9 27 3
249 390 726
6 18 1
251
16 28 1
253
1 10 1
255
5 24 1
259
2 5 1
263
3 13 2
270 343
2 12 2
271 799
3 21 1
273
4 15 2
277 716
4 16 2
278 754
10 23 1
281
5 25 1
284
2 9 2
285 440
2 22 2
286 335
16 27 2
287 753
5 22 1
295
1 23 1
296
1 7 1
298
8 16 1
299
6 21 1
306
1 14 2
307 625
4 15 3
308 313 451
3 21 2
309 536
8 18 1
311
11 20 1
317
1 13 2
318 689
3 11 1
322
4 8 2
323 328
6 14 1
324
7 22 1
326
2 24 1
329
1 28 1
331
5 19 1
334
1 13 2
337 612
18 21 2
339 514
1 5 2
340 466
1 15 2
344 526
9 20 2
347 539
3 15 1
349
4 19 1
350
1 10 1
352
22 29 1
353
2 12 1
354
3 18 1
355
3 25 1
356
5 18 2
360 548
4 18 1
364
1 17 1
365
3 18 1
366
10 26 1
367
2 14 1
370
7 21 1
371
1 15 1
372
5 25 2
373 399
16 26 2
376 482
1 9 1
381
1 17 3
383 617 794
2 23 1
392
11 21 1
394
10 19 1
395
7 27 1
396
9 28 1
398
2 17 1
401
4 16 1
405
1 14 1
406
1 20 1
408
7 27 1
410
2 17 2
412 641
2 20 2
413 718
4 18 1
414
3 10 1
416
5 20 1
417
5 21 1
418
1 24 1
429
2 11 1
430
7 15 3
431 502 692
2 18 1
434
8 21 2
438 566
5 18 2
444 545
5 21 1
446
1 10 2
452 797
1 22 1
457
1 22 1
460
3 16 2
461 781
9 26 2
463 565
7 24 1
464
3 14 1
465
1 14 2
467 706
4 17 1
470
7 22 1
471
1 18 2
472 582
2 15 2
473 763
3 21 1
476
6 16 2
478 580
2 10 1
481
12 22 1
489
3 15 2
490 717
6 19 1
492
6 20 1
493
3 21 1
496
1 14 1
503
3 20 1
504
3 18 1
506
4 15 2
507 520
4 11 1
508
1 10 1
509
6 22 1
511
11 20 2
516 638
7 19 1
518
8 20 1
521
1 18 1
524
2 10 1
529
11 22 1
530
4 17 3
532 555 639
4 18 2
533 650
10 27 1
534
10 30 1
535
9 20 1
540
1 12 1
541
4 14 1
542
10 27 1
551
6 18 1
552
2 28 1
553
12 26 1
554
1 12 1
556
1 20 1
557
3 16 2
558 723
3 11 2
559 562
2 10 1
560
2 21 1
561
1 11 2
577 700
1 12 1
579
3 21 1
581
2 16 1
583
1 9 1
584
2 13 1
586
1 18 1
589
9 25 1
591
2 13 1
592
2 27 1
597
1 17 1
599
1 12 2
603 626
3 14 1
604
7 18 1
605
2 31 1
620
3 15 1
624
4 24 1
629
10 22 1
631
3 23 2
633 740
1 14 1
636
7 17 1
642
1 25 1
643
4 10 1
645
3 18 1
646
17 28 1
649
10 20 1
652
5 16 1
655
1 19 1
656
1 26 1
659
1 13 1
662
5 20 1
667
1 11 1
671
9 19 1
672
2 16 1
673
1 16 1
675
7 23 1
677
3 23 1
684
6 21 1
685
1 9 1
687
4 27 1
690
3 15 1
694
2 6 2
696 759
19 25 1
697
7 29 1
698
2 16 1
699
7 23 1
707
1 15 1
711
3 13 1
712
1 17 1
714
2 18 1
722
2 9 1
724
3 17 1
729
7 24 1
730
7 13 1
737
8 18 1
739
4 29 1
741
1 9 1
743
2 8 1
746
1 14 1
755
1 14 1
758
2 26 1
760
3 15 1
766
1 24 1
767
4 21 1
772
1 13 1
774
5 20 1
775
7 21 1
777
4 16 1
779
9 24 1
782
1 16 1
785
3 20 1
790
