500 283 775 33
20 32 21 30 24 28 29 40 14 35 21 27 29 12 15 19 37 14 25 19 25 39 40 18 25 20 39 26 27 15 14 29 13 34 11 19 26 27 20 20 27 17 38 13 23 14 33 39 24 30 16 39 22 21 25 40 29 16 29 31 36 37 38 12 18 29 35 40 29 13 12 12 21 35 13 29 11 29 12 20 11 30 19 18 28 15 31 28 23 33 40 17 14 33 27 36 29 27 15 22 17 24 18 23 40 11 21 29 18 37 34 12 28 12 21 20 15 30 24 18 15 25 25 13 38 23 22 14 38 28 14 26 38 20 36 18 14 25 34 36 12 20 20 23 14 12 16 24 17 17 32 24 34 15 22 24 22 22 13 27 18 30 15 35 40 39 27 40 16 31 37 25 21 40 30 29 15 39 18 27 32 12 37 37 25 30 24 37 40 23 32 21 20 12 20 16 19 33 25 19 16 26 14 21 19 36 18 37 18 33 28 13 28 24 39 29 29 16 28 31 37 30 11 40 30 24 38 14 30 19 21 30 12 24 24 24 12 40 33 17 16 34 28 11 34 32 13 19 19 21 17 11 16 34 40 18 29 32 29 26 39 35 39 12 26 22 22 39 34 26 32 33 22 31 30 12 28 24 17 20 34 39 40 14 40 26 16 14 32 31 35 32 30 19 15 20 11 19 22 24 26 12 19 37 18 18 24 37 40 12 16 38 26 40 12 26 11 22 12 17 18 13 22 36 19 11 25 18 33 32 14 14 18 31 20 25 39 23 36 39 20 16 18 27 12 22 13 15 40 17 34 26 37 34 31 34 39 18 26 34 20 18 24 31 27 11 27 25 28 20 26 40 12 29 12 19 29 15 33 38 29 17 15 15 19 12 37 19 39 37 11 39 33 13 26 25 32 32 30 37 34 36 25 29 16 25 29 34 34 35 25 26 36 38 32 20 13 22 13 12 17 33 17 12 12 14 28 39 17 36 11 28 19 21 39 25 26 16 11 34 21 20 28 19 15 21 38 29 33 32 16 14 15 22 35 37 30 29 38 26 23 11 11 35 22 35 28 36 14 35 13 18 32 13 25 31 29 13 16 35 14 19 30 19 29 33 18 25 26 19 39 11 19 35 14 38 12 34 19 38
10 22 11 20 14 18 19 30 4 25 11 17 19 2 5 9 27 4 15 9 15 29 30 8 15 10 29 16 17 5 4 19 3 24 1 9 16 17 10 10 17 7 28 3 13 4 23 29 14 20 6 29 12 11 15 30 19 6 19 21 26 27 28 2 8 19 25 30 19 3 2 2 11 25 3 19 1 19 2 10 1 20 9 8 18 5 21 18 13 23 30 7 4 23 17 26 19 17 5 12 7 14 8 13 30 1 11 19 8 27 24 2 18 2 11 10 5 20 14 8 5 15 15 3 28 13 12 4 28 18 4 16 28 10 26 8 4 15 24 26 2 10 10 13 4 2 6 14 7 7 22 14 24 5 12 14 12 12 3 17 8 20 5 25 30 29 17 30 6 21 27 15 11 30 20 19 5 29 8 17 22 2 27 27 15 20 14 27 30 13 22 11 10 2 10 6 9 23 15 9 6 16 4 11 9 26 8 27 8 23 18 3 18 14 29 19 19 6 18 21 27 20 1 30 20 14 28 4 20 9 11 20 2 14 14 14 2 30 23 7 6 24 18 1 24 22 3 9 9 11 7 1 6 24 30 8 19 22 19 16 29 25 29 2 16 12 12 29 24 16 22 23 12 21 20 2 18 14 7 10 24 29 30 4 30 16 6 4 22 21 25 22 20 9 5 10 1 9 12 14 16 2 9 27 8 8 14 27 30 2 6 28 16 30 2 16 1 12 2 7 8 3 12 26 9 1 15 8 23 22 4 4 8 21 10 15 29 13 26 29 10 6 8 17 2 12 3 5 30 7 24 16 27 24 21 24 29 8 16 24 10 8 14 21 17 1 17 15 18 10 16 30 2 19 2 9 19 5 23 28 19 7 5 5 9 2 27 9 29 27 1 29 23 3 16 15 22 22 20 27 24 26 15 19 6 15 19 24 24 25 15 16 26 28 22 10 3 12 3 2 7 23 7 2 2 4 18 29 7 26 1 18 9 11 29 15 16 6 1 24 11 10 18 9 5 11 28 19 23 22 6 4 5 12 25 27 20 19 28 16 13 1 1 25 12 25 18 26 4 25 3 8 22 3 15 21 19 3 6 25 4 9 20 9 19 23 8 15 16 9 29 1 9 25 4 28 2 24 9 28
0 4 7
256 483 308 146 1 251 295
0 16 1
382
0 11 1
48
0 18 3
46 358 135
1 8 4
83 477 404 334
0 7 5
325 85 142 12 309
0 11 1
125
1 16 4
402 260 220 87
3 10 12
360 493 315 490 336 127 3 464 445 130 179 228
0 2 6
33 447 237 88 350 298
2 9 10
116 473 34 247 274 189 316 245 209 230
0 8 2
143 468
0 13 3
414 374 36
1 7 9
399 497 429 438 363 126 343 453 397
1 10 5
410 375 178 121 330
0 7 4
243 213 64 14
3 10 8
367 338 469 496 273 222 200 151
0 7 3
326 185 21
3 10 10
39 109 35 441 449 307 372 58 208 23
0 10 3
162 287 138
1 7 5
211 17 194 172 405
0 12 2
269 204
2 11 7
2 165 149 275 176 457 423
1 8 7
55 137 56 117 182 86 224
1 10 6
177 296 455 244 105 77
3 15 8
219 426 75 123 115 413 408 18
1 7 9
24 99 267 439 470 283 476 373 299
0 7 8
199 47 120 50 339 26 202 499
0 9 1
91
0 4 9
264 223 160 239 321 381 236 357 0
0 8 3
53 20 494
2 13 8
329 388 286 342 69 288 114 436
1 11 5
221 411 365 218 361
0 3 9
263 376 459 406 312 57 16 31 184
0 11 3
111 456 206
0 14 1
270
0 16 1
446
9 21 1
4
5 20 2
5 486
2 15 1
6
1 24 1
7
6 26 1
8
2 21 1
9
2 23 2
10 463
5 22 2
11 351
4 19 1
13
2 26 1
15
2 17 1
19
8 25 2
22 215
5 23 2
25 292
2 13 1
27
1 18 1
28
2 23 2
29 417
2 16 1
30
2 23 1
32
1 14 1
37
6 19 3
38 101 460
2 19 1
40
2 20 1
41
2 24 1
42
9 25 2
43 305
1 15 1
44
5 17 3
45 110 164
2 16 2
49 281
2 29 1
51
1 22 1
52
5 20 2
54 452
5 20 1
59
1 20 1
60
2 24 1
61
2 21 1
62
6 20 1
63
5 16 1
65
1 26 2
66 266
5 19 1
67
4 21 2
68 240
3 25 2
70 71
2 31 1
72
1 14 1
73
1 18 2
74 366
1 15 1
76
1 17 3
78 188 301
3 15 1
79
9 23 1
80
3 18 2
81 369
2 17 1
82
1 12 1
84
4 18 2
89 444
5 15 2
90 235
2 14 1
92
5 15 1
93
2 26 1
94
1 19 3
95 390 431
1 13 1
96
2 16 1
97
2 14 1
98
4 24 1
100
6 26 2
102 217
5 16 2
103 419
2 10 1
104
1 18 2
106 300
1 20 1
107
1 11 1
108
10 29 2
112 474
1 19 1
113
1 13 1
118
1 23 1
119
5 22 2
122 313
1 15 1
124
2 25 1
128
3 20 2
129 227
2 19 1
131
2 23 2
132 440
8 20 2
133 354
6 20 2
134 198
6 23 1
136
2 18 1
139
4 21 1
140
8 23 2
141 175
1 12 1
144
2 18 1
145
2 23 1
147
4 15 1
148
8 24 2
150 169
1 24 1
152
6 21 1
153
6 19 2
154 268
1 14 2
155 168
5 17 2
156 173
5 17 1
157
1 13 1
158
9 21 1
159
2 14 2
161 422
2 14 1
163
5 18 1
166
2 13 1
167
5 20 1
170
1 22 1
171
5 18 1
174
9 20 1
180
1 19 1
181
1 16 1
183
1 10 1
186
2 15 1
187
8 19 1
190
2 16 1
191
2 24 1
192
5 18 1
193
5 18 1
195
2 12 2
196 319
5 17 2
197 430
1 24 2
201 371
3 14 2
203 495
4 18 1
205
3 15 1
207
2 11 1
210
5 14 2
212 255
5 18 1
214
5 15 1
216
5 17 3
225 294 472
1 18 1
226
5 14 1
229
2 25 1
231
9 23 1
232
1 20 1
233
1 24 1
234
1 11 1
238
1 9 2
241 471
1 14 1
242
5 17 1
246
1 15 1
248
5 17 1
249
1 22 1
250
2 14 1
252
8 25 2
253 345
2 23 1
254
1 18 2
257 392
1 28 1
258
1 11 1
259
10 24 1
261
2 14 1
262
2 20 1
265
1 9 1
271
1 9 1
272
2 21 1
276
5 15 1
277
2 17 1
278
12 28 1
279
1 14 1
280
5 15 1
282
4 22 1
284
6 21 1
285
5 18 1
289
4 16 2
290 432
1 15 3
291 302 482
5 18 1
293
3 26 1
297
1 15 1
303
1 22 1
304
1 23 1
306
2 17 1
310
5 19 1
311
1 25 1
314
2 16 1
317
2 13 2
318 437
2 17 1
320
6 24 1
322
1 21 1
323
1 11 1
324
2 22 1
327
2 11 1
328
1 13 1
331
2 16 1
332
1 18 3
333 347 480
4 22 1
335
1 9 1
337
2 14 2
340 380
6 17 1
341
1 10 1
344
1 14 1
346
1 13 1
348
1 22 1
349
1 29 1
352
2 20 1
353
2 20 1
355
5 20 1
356
6 20 1
359
5 18 1
362
2 10 1
364
1 7 1
368
1 17 1
370
1 9 2
377 485
6 21 1
378
1 18 1
379
2 19 2
383 384
9 23 3
385 412 421
2 19 1
386
6 21 1
387
2 26 1
389
5 17 1
391
1 24 1
393
2 23 1
394
1 12 1
395
2 26 1
396
1 20 1
398
2 32 1
400
1 20 1
401
2 13 1
403
5 21 1
407
9 26 1
409
3 17 1
415
1 24 1
416
5 22 1
418
2 29 2
420 475
1 26 1
424
5 17 1
425
3 33 1
427
2 24 1
428
1 14 1
433
1 11 1
434
2 17 1
435
1 21 1
442
2 29 1
443
6 18 1
448
1 12 1
450
6 24 1
451
5 17 1
454
5 17 1
458
4 16 1
461
2 30 1
462
1 28 1
465
8 19 1
466
1 14 1
467
2 20 1
478
2 10 1
479
2 19 1
481
1 25 1
484
5 23 1
487
2 24 1
488
5 16 1
489
6 20 1
491
4 21 1
492
5 17 1
498
