500 290 775 33
38 13 35 35 40 19 19 24 13 23 37 20 14 39 39 33 11 40 40 21 20 35 16 33 18 34 20 15 37 33 25 37 15 13 12 40 30 29 39 21 40 40 16 18 24 28 21 33 21 36 11 15 14 16 16 17 16 11 37 34 35 25 21 20 27 26 16 28 12 28 20 14 35 17 21 31 22 36 23 19 11 21 37 36 34 32 39 15 28 38 39 17 35 15 16 24 17 23 25 19 21 11 31 18 40 31 30 24 20 39 39 37 36 36 30 14 31 34 21 31 27 38 35 23 28 12 36 14 31 38 22 15 19 14 31 36 21 30 27 22 16 28 30 30 21 39 12 36 14 31 16 26 34 30 26 12 12 24 23 31 39 26 24 19 25 23 22 40 24 34 21 36 22 24 26 40 26 13 38 16 13 35 23 20 15 14 39 13 24 24 38 12 40 16 11 37 23 36 15 11 38 22 25 31 22 24 26 33 26 22 36 23 37 38 24 30 27 27 14 24 16 28 32 17 22 35 32 24 30 32 29 11 25 39 14 11 18 15 19 22 27 32 13 39 38 34 23 40 33 20 30 24 31 34 26 25 33 26 22 39 11 30 22 18 28 15 22 36 19 34 20 18 29 26 30 33 13 27 24 16 26 14 35 35 40 39 29 34 17 19 36 35 15 29 24 28 15 40 15 25 38 13 24 31 35 24 22 20 24 19 34 24 35 27 13 13 34 12 26 28 26 32 32 32 11 17 38 27 13 29 18 18 22 22 38 25 35 28 38 24 38 19 18 13 28 15 11 26 33 21 12 14 35 12 31 28 38 30 33 27 39 27 25 28 28 17 19 24 19 27 18 36 23 13 19 18 19 32 28 23 16 22 17 30 27 31 29 32 27 14 30 18 22 13 36 22 38 32 37 27 33 29 26 27 37 26 25 24 38 31 27 38 22 12 20 24 39 18 30 38 25 36 28 29 35 12 26 34 26 35 33 20 33 16 20 21 22 18 19 28 22 20 11 22 18 27 23 14 16 12 39 27 25 26 23 38 11 25 12 13 11 14 20 19 39 11 33 16 23 31 18 14 23 38 30 32 26 26 16 15 29 39 29 11 24 33 39 26 12 19 21 32 21 20 39 21 23 36 40 14
28 3 25 25 30 9 9 14 3 13 27 10 4 29 29 23 1 30 30 11 10 25 6 23 8 24 10 5 27 23 15 27 5 3 2 30 20 19 29 11 30 30 6 8 14 18 11 23 11 26 1 5 4 6 6 7 6 1 27 24 25 15 11 10 17 16 6 18 2 18 10 4 25 7 11 21 12 26 13 9 1 11 27 26 24 22 29 5 18 28 29 7 25 5 6 14 7 13 15 9 11 1 21 8 30 21 20 14 10 29 29 27 26 26 20 4 21 24 11 21 17 28 25 13 18 2 26 4 21 28 12 5 9 4 21 26 11 20 17 12 6 18 20 20 11 29 2 26 4 21 6 16 24 20 16 2 2 14 13 21 29 16 14 9 15 13 12 30 14 24 11 26 12 14 16 30 16 3 28 6 3 25 13 10 5 4 29 3 14 14 28 2 30 6 1 27 13 26 5 1 28 12 15 21 12 14 16 23 16 12 26 13 27 28 14 20 17 17 4 14 6 18 22 7 12 25 22 14 20 22 19 1 15 29 4 1 8 5 9 12 17 22 3 29 28 24 13 30 23 10 20 14 21 24 16 15 23 16 12 29 1 20 12 8 18 5 12 26 9 24 10 8 19 16 20 23 3 17 14 6 16 4 25 25 30 29 19 24 7 9 26 25 5 19 14 18 5 30 5 15 28 3 14 21 25 14 12 10 14 9 24 14 25 17 3 3 24 2 16 18 16 22 22 22 1 7 28 17 3 19 8 8 12 12 28 15 25 18 28 14 28 9 8 3 18 5 1 16 23 11 2 4 25 2 21 18 28 20 23 17 29 17 15 18 18 7 9 14 9 17 8 26 13 3 9 8 9 22 18 13 6 12 7 20 17 21 19 22 17 4 20 8 12 3 26 12 28 22 27 17 23 19 16 17 27 16 15 14 28 21 17 28 12 2 10 14 29 8 20 28 15 26 18 19 25 2 16 24 16 25 23 10 23 6 10 11 12 8 9 18 12 10 1 12 8 17 13 4 6 2 29 17 15 16 13 28 1 15 2 3 1 4 10 9 29 1 23 6 13 21 8 4 13 28 20 22 16 16 6 5 19 29 19 1 14 23 29 16 2 9 11 22 11 10 29 11 13 26 30 4
1 9 6
317 228 492 383 252 487
0 17 2
247 466
1 13 5
50 280 140 186 227
0 10 2
265 261
0 6 6
166 239 458 356 8 229
0 7 1
123
1 7 6
127 44 446 156 294 292
0 11 2
162 391
0 15 1
304
0 8 2
389 353
0 5 5
405 200 311 355 198
0 14 1
11
0 5 3
232 453 143
0 14 1
322
0 6 5
415 191 100 112 385
0 8 3
310 467 375
2 6 11
91 313 398 302 400 230 187 368 395 169 218
1 17 3
194 335 199
0 10 3
380 27 237
0 7 2
148 329
0 7 3
444 131 165
1 13 5
129 49 46 151 369
0 10 2
282 445
0 12 1
78
2 7 13
319 457 102 128 376 219 1 75 59 31 10 157 167
3 16 8
108 253 471 172 171 82 147 177
2 6 11
79 30 472 461 144 493 61 352 463 138 15
3 11 9
42 442 333 272 2 443 332 315 338
1 5 12
301 254 432 180 213 269 295 222 114 327 314 373
0 7 5
489 367 378 76 316
0 2 7
374 344 259 417 255 264 168
0 11 4
308 475 488 434
0 4 6
209 183 83 449 202 359
0 9 3
41 21 154
0 2 10
306 197 121 126 116 410 485 37 159 346
0 9 2
19 418
0 7 6
480 33 224 297 22 161
3 8 10
436 263 193 296 330 39 238 204 64 24
1 10 5
337 412 307 420 120
2 12 7
234 300 68 210 14 416 174
4 12 9
424 281 260 23 286 490 288 196 71
0 6 2
459 63
0 4 2
384 341
1 18 1
0
5 25 3
3 250 342
1 33 1
4
3 12 1
5
1 16 1
6
1 14 1
7
1 17 1
9
1 7 1
12
1 21 1
13
3 15 1
16
1 17 1
17
1 12 1
18
1 16 1
20
5 24 1
25
1 15 1
26
3 15 1
28
2 22 2
29 362
1 16 1
32
2 16 1
34
1 14 1
35
1 22 2
36 469
1 14 1
38
4 16 2
40 414
4 17 1
43
1 17 2
45 211
3 21 1
47
1 19 1
48
1 10 1
51
1 20 3
52 117 402
1 19 2
53 429
2 11 1
54
2 19 2
55 351
4 20 1
56
2 11 2
57 283
1 7 1
58
4 14 1
60
1 14 1
62
1 12 1
65
4 18 1
66
1 18 1
67
1 17 3
69 132 494
10 23 1
70
1 17 1
72
4 12 1
73
1 21 1
74
3 17 2
77 439
1 21 1
80
1 13 1
81
6 19 3
84 212 251
1 16 1
85
2 9 1
86
1 12 1
87
1 18 1
88
1 14 1
89
3 17 3
90 244 407
1 29 2
92 451
1 14 1
93
1 10 2
94 277
5 20 4
95 119 137 293
1 8 1
96
1 30 1
97
1 15 1
98
1 14 1
99
3 19 1
101
1 8 2
103 146
1 27 1
104
1 13 1
105
4 15 1
106
3 24 1
107
3 25 2
109 358
1 19 1
110
5 24 1
111
6 27 2
113 195
1 17 1
115
1 13 1
118
2 14 1
122
1 19 1
124
2 17 1
125
1 8 1
130
4 11 1
133
1 14 1
134
1 9 1
135
3 13 1
136
2 12 1
139
1 9 2
141 182
4 13 1
142
3 17 1
145
1 23 1
149
1 9 2
150 158
1 12 1
152
1 17 1
153
1 16 1
155
1 14 1
160
1 27 1
163
1 26 1
164
6 29 2
170 323
1 19 1
173
4 12 1
175
3 21 1
176
4 13 1
178
2 17 1
179
3 13 1
181
1 25 1
184
3 23 1
185
3 15 1
188
3 16 1
189
3 18 1
190
3 19 1
192
6 21 1
201
1 19 1
203
1 8 1
205
1 15 1
206
1 28 1
207
4 16 1
208
1 14 3
214 394 481
6 20 2
215 223
1 15 1
216
4 19 1
217
1 20 2
220 431
5 26 1
221
1 20 1
225
1 10 1
226
1 22 1
231
1 6 1
233
1 14 1
235
1 11 1
236
4 17 1
240
1 20 1
241
4 23 1
242
1 18 1
243
1 19 1
245
2 27 1
246
1 27 2
248 482
1 13 1
249
3 16 2
256 284
1 9 1
257
5 18 1
258
4 15 1
262
3 16 1
266
3 18 1
267
2 17 1
268
4 19 1
270
1 12 1
271
3 12 1
273
1 23 1
274
1 7 1
275
3 16 1
276
3 13 1
278
1 10 1
279
1 11 1
285
3 20 1
287
6 22 1
289
1 18 1
290
1 16 1
291
8 19 1
298
1 25 1
299
1 13 1
303
6 18 1
305
1 14 1
309
3 17 2
312 441
3 17 1
318
3 13 1
320
1 21 1
321
3 17 1
324
1 26 1
325
2 13 1
326
2 17 3
328 366 433
4 20 2
331 411
1 16 1
334
1 18 1
336
1 10 1
339
1 18 1
340
4 14 1
343
1 24 1
345
6 25 1
347
1 27 1
348
1 12 2
349 425
1 17 1
350
2 17 1
354
1 22 1
357
3 26 1
360
4 17 1
361
1 9 1
363
1 14 1
364
1 25 1
365
3 21 1
370
2 28 1
371
1 21 1
372
1 15 1
377
1 14 1
379
1 10 1
381
2 13 2
382 460
2 17 1
386
5 22 1
387
1 9 1
388
3 14 1
390
1 14 1
392
3 15 1
393
1 20 1
396
5 14 1
397
1 17 1
399
3 20 1
401
3 15 1
403
3 24 1
404
6 16 1
406
2 16 1
408
1 17 1
409
1 25 1
413
2 16 1
419
1 10 1
421
1 15 1
422
1 17 1
423
1 16 1
426
3 11 1
427
1 29 1
428
3 14 1
430
3 18 1
435
2 22 1
437
3 18 1
438
2 16 1
440
1 11 1
447
2 19 1
448
3 19 1
450
1 29 1
452
1 16 1
454
2 20 1
455
6 18 1
456
1 9 1
462
1 9 1
464
2 21 1
465
6 26 1
468
3 17 1
470
3 18 1
473
1 27 1
474
6 18 1
476
6 21 1
477
1 13 1
478
2 22 1
479
1 22 1
483
1 16 1
484
1 25 1
486
3 18 1
491
2 10 1
495
1 14 1
496
1 20 1
497
1 24 1
498
3 19 1
499
