700 362 1085 47
18 23 37 11 19 27 22 33 19 21 30 11 30 31 11 32 13 35 14 40 33 22 33 11 19 40 23 18 16 38 33 22 33 29 20 22 28 38 15 32 13 36 22 39 18 37 12 15 27 31 38 39 32 32 15 23 24 29 30 35 12 25 36 20 26 38 15 12 25 28 20 33 35 37 39 32 21 18 15 25 40 27 23 19 17 20 40 18 14 24 11 22 26 21 35 33 25 27 35 28 14 34 23 18 24 34 29 36 24 28 40 21 18 19 28 35 18 26 14 20 13 33 11 30 33 21 18 33 18 25 14 37 18 19 11 13 24 27 11 21 24 17 26 33 24 34 19 24 19 39 20 25 28 13 38 40 29 26 13 13 22 31 40 31 29 26 18 20 16 32 24 26 27 18 11 40 27 22 12 36 19 30 29 24 16 30 14 37 20 15 33 36 32 35 39 34 17 29 15 39 22 15 27 11 17 22 12 16 37 26 15 25 30 33 36 23 38 28 11 39 25 26 21 15 24 29 30 13 32 19 29 16 24 24 27 32 13 38 19 29 30 33 33 19 31 19 39 31 11 33 12 26 39 25 13 36 38 38 20 38 33 28 33 36 22 33 40 12 26 24 15 35 22 21 32 32 19 22 23 36 35 35 38 32 24 24 38 34 29 31 21 20 34 38 22 23 21 37 19 22 27 22 13 19 11 31 15 38 18 24 34 35 27 36 26 21 33 26 31 18 36 26 27 23 11 33 12 17 17 25 25 11 40 30 25 18 39 27 19 17 21 11 30 22 38 15 26 29 15 34 25 17 18 21 27 20 14 25 30 24 25 22 27 24 26 35 36 27 12 39 17 36 23 27 12 36 24 23 17 20 18 24 38 32 11 31 40 40 33 22 34 22 12 13 12 15 15 15 38 37 33 20 31 24 40 40 21 26 31 15 25 38 24 14 31 18 14 18 17 21 33 30 33 19 20 39 31 24 19 15 38 21 11 31 23 28 13 12 23 13 16 19 40 30 13 32 12 36 39 32 28 22 26 17 13 23 22 39 11 29 20 23 22 19 26 27 12 18 23 35 28 32 20 28 11 39 40 21 40 27 23 18 17 12 33 13 35 22 14 11 15 25 22 13 27 34 12 16 15 17 37 11 18 32 16 23 22 23 26 15 30 34 15 13 11 19 32 19 25 29 33 36 35 30 19 16 30 16 33 24 19 27 38 28 11 31 12 13 12 38 12 26 26 34 29 23 33 27 25 39 14 37 16 12 16 18 14 40 40 33 11 13 14 25 14 25 11 16 13 19 28 26 14 22 38 19 30 36 16 18 11 17 17 21 33 26 20 24 32 32 11 22 40 35 12 23 22 23 17 11 28 24 28 22 30 22 12 34 15 23 31 19 18 13 39 24 28 15 25 37 40 12 15 19 18 35 36 38 31 27 13 23 11 22 37 38 35 17 24 12 17 13 14 39 32 18 24 11 30 39 22 39 29 24 28 14 34 15 37 25 24 23 28 18 29 18 39 38 35 30 16 34 11 35 32 12 30 25 36 34 23 40 29 12 16 19 31 28 13 34 27 16 11 38 33 19 34 27 25 15
8 13 27 1 9 17 12 23 9 11 20 1 20 21 1 22 3 25 4 30 23 12 23 1 9 30 13 8 6 28 23 12 23 19 10 12 18 28 5 22 3 26 12 29 8 27 2 5 17 21 28 29 22 22 5 13 14 19 20 25 2 15 26 10 16 28 5 2 15 18 10 23 25 27 29 22 11 8 5 15 30 17 13 9 7 10 30 8 4 14 1 12 16 11 25 23 15 17 25 18 4 24 13 8 14 24 19 26 14 18 30 11 8 9 18 25 8 16 4 10 3 23 1 20 23 11 8 23 8 15 4 27 8 9 1 3 14 17 1 11 14 7 16 23 14 24 9 14 9 29 10 15 18 3 28 30 19 16 3 3 12 21 30 21 19 16 8 10 6 22 14 16 17 8 1 30 17 12 2 26 9 20 19 14 6 20 4 27 10 5 23 26 22 25 29 24 7 19 5 29 12 5 17 1 7 12 2 6 27 16 5 15 20 23 26 13 28 18 1 29 15 16 11 5 14 19 20 3 22 9 19 6 14 14 17 22 3 28 9 19 20 23 23 9 21 9 29 21 1 23 2 16 29 15 3 26 28 28 10 28 23 18 23 26 12 23 30 2 16 14 5 25 12 11 22 22 9 12 13 26 25 25 28 22 14 14 28 24 19 21 11 10 24 28 12 13 11 27 9 12 17 12 3 9 1 21 5 28 8 14 24 25 17 26 16 11 23 16 21 8 26 16 17 13 1 23 2 7 7 15 15 1 30 20 15 8 29 17 9 7 11 1 20 12 28 5 16 19 5 24 15 7 8 11 17 10 4 15 20 14 15 12 17 14 16 25 26 17 2 29 7 26 13 17 2 26 14 13 7 10 8 14 28 22 1 21 30 30 23 12 24 12 2 3 2 5 5 5 28 27 23 10 21 14 30 30 11 16 21 5 15 28 14 4 21 8 4 8 7 11 23 20 23 9 10 29 21 14 9 5 28 11 1 21 13 18 3 2 13 3 6 9 30 20 3 22 2 26 29 22 18 12 16 7 3 13 12 29 1 19 10 13 12 9 16 17 2 8 13 25 18 22 10 18 1 29 30 11 30 17 13 8 7 2 23 3 25 12 4 1 5 15 12 3 17 24 2 6 5 7 27 1 8 22 6 13 12 13 16 5 20 24 5 3 1 9 22 9 15 19 23 26 25 20 9 6 20 6 23 14 9 17 28 18 1 21 2 3 2 28 2 16 16 24 19 13 23 17 15 29 4 27 6 2 6 8 4 30 30 23 1 3 4 15 4 15 1 6 3 9 18 16 4 12 28 9 20 26 6 8 1 7 7 11 23 16 10 14 22 22 1 12 30 25 2 13 12 13 7 1 18 14 18 12 20 12 2 24 5 13 21 9 8 3 29 14 18 5 15 27 30 2 5 9 8 25 26 28 21 17 3 13 1 12 27 28 25 7 14 2 7 3 4 29 22 8 14 1 20 29 12 29 19 14 18 4 24 5 27 15 14 13 18 8 19 8 29 28 25 20 6 24 1 25 22 2 20 15 26 24 13 30 19 2 6 9 21 18 3 24 17 6 1 28 23 9 24 17 15 5
0 2 10
641 429 424 154 225 529 671 634 188 273
0 7 3
172 227 595
1 7 9
483 142 220 387 231 463 233 159 167
0 10 1
467
0 13 1
438
4 10 15
560 139 297 635 417 94 272 78 54 321 63 198 34 187 17
0 9 1
25
4 10 14
123 116 396 256 584 289 624 554 199 601 243 50 324 689
0 4 5
165 527 75 29 591
1 15 5
380 421 642 544 43
0 7 3
610 484 401
1 10 7
149 488 695 286 281 355 555
0 1 13
334 431 6 462 448 699 341 106 247 362 360 99 65
0 5 7
543 48 487 125 89 602 110
0 14 3
478 361 174
0 13 3
620 594 499
1 11 4
326 313 378 690
7 12 15
138 548 323 442 258 389 450 230 498 262 140 210 524 497 242
0 4 2
565 615
0 8 6
411 329 40 678 663 559
0 4 11
19 332 441 437 202 382 235 153 290 686 493
8 13 17
271 265 665 440 45 475 126 70 359 630 425 328 327 336 185 443 648
0 2 6
449 468 423 338 24 197
0 11 3
657 513 325
4 9 15
260 249 530 157 52 191 128 556 489 81 211 682 626 200 469
6 8 20
692 347 144 451 505 66 304 656 169 88 390 581 533 371 10 561 374 582 608 296
0 4 8
537 603 61 525 145 23 693 196
0 16 2
507 146
1 3 10
379 458 512 377 461 299 261 553 477 520
1 6 8
77 345 640 481 622 694 644 391
2 13 7
143 28 466 310 531 474 257
0 3 3
562 178 130
0 3 5
611 120 181 96 538
5 9 14
567 697 122 194 453 12 190 542 479 482 523 55 251 415
1 14 4
13 124 516 637
1 14 4
282 649 526 629
0 5 6
1 545 459 632 590 292
6 14 15
452 574 303 385 316 73 342 373 653 412 508 344 30 35 14
1 10 6
46 171 315 115 275 254
0 4 7
600 175 370 103 135 470 240
1 11 4
274 645 102 322
6 24 3
0 20 269
1 36 1
2
2 24 1
3
1 11 2
4 44
2 17 2
5 596
2 30 1
7
1 16 2
8 91
1 20 1
9
2 15 1
11
1 29 2
15 92
12 23 2
16 515
4 21 1
18
1 10 1
21
1 16 1
22
5 21 1
26
3 27 1
27
6 25 1
31
1 24 3
32 217 535
3 15 1
33
4 21 2
36 222
2 20 1
37
2 18 1
38
1 8 2
39 42
1 13 1
41
1 16 1
47
14 23 2
49 64
1 12 1
51
8 22 1
53
1 39 1
56
8 26 2
57 107
2 8 1
58
3 16 1
59
3 13 1
60
4 20 1
62
3 15 1
67
2 10 2
68 114
2 18 1
69
1 17 1
71
1 20 1
72
6 24 1
74
3 15 1
76
3 17 1
79
1 22 1
80
3 26 2
82 209
1 29 2
83 676
1 38 1
84
1 23 1
85
1 33 2
86 696
1 5 1
87
1 11 1
90
1 14 1
93
1 8 1
95
2 8 2
97 399
1 18 1
98
1 12 1
100
1 13 1
101
6 21 1
104
2 15 1
105
6 24 2
108 354
1 11 2
109 398
2 17 1
111
1 19 2
112 302
2 12 3
113 393 400
3 22 1
117
1 28 1
118
2 19 1
119
2 13 2
121 176
20 27 2
127 664
1 6 2
129 367
3 18 1
131
1 13 2
132 183
2 11 2
133 409
1 5 2
134 628
1 28 1
136
1 21 1
137
3 18 2
141 420
6 19 1
147
3 15 2
148 550
2 19 1
150
3 8 1
151
2 14 2
152 244
14 22 1
155
1 18 1
156
1 15 1
158
6 15 3
160 410 436
1 27 1
161
1 12 1
162
1 10 1
163
3 16 2
164 609
5 19 1
166
1 3 2
168 357
2 18 1
170
1 6 1
173
1 18 1
177
1 7 2
179 660
4 19 1
180
2 23 1
182
1 13 1
184
14 24 1
186
1 25 1
189
8 26 2
192 447
2 10 1
193
2 19 2
195 673
1 12 1
201
1 7 1
203
2 15 1
204
1 14 1
205
1 12 2
206 432
12 24 1
207
2 19 1
208
1 6 1
212
6 21 1
213
1 5 1
214
1 11 3
215 381 674
1 17 1
216
1 11 1
218
12 23 2
219 368
8 23 2
221 333
2 15 1
223
1 8 2
224 264
3 19 1
226
1 18 1
228
4 20 1
229
12 17 1
232
1 21 1
234
12 17 1
236
2 9 1
237
2 23 1
238
1 11 1
239
1 23 2
241 283
2 26 1
245
1 15 1
246
2 7 1
248
4 15 1
250
1 12 2
252 253
2 18 2
255 349
1 20 1
259
2 15 2
263 369
1 14 1
266
12 22 1
267
2 9 2
268 687
1 5 2
270 501
1 30 1
276
2 23 1
277
1 13 1
278
1 9 1
279
3 7 1
280
2 12 2
284 503
8 24 1
285
7 29 1
287
1 31 1
288
2 14 1
291
1 13 1
293
1 29 1
294
8 24 1
295
2 24 1
298
3 11 1
300
2 13 1
301
2 23 1
305
3 9 1
306
1 4 2
307 646
12 21 1
308
2 12 1
309
1 12 4
311 414 579 631
2 7 1
312
8 21 1
314
2 25 1
317
1 6 1
318
1 14 2
319 534
6 18 1
320
3 23 1
330
8 28 2
331 540
1 39 1
335
1 14 1
337
1 23 1
339
12 18 3
340 375 490
2 8 1
343
2 25 1
346
1 7 1
348
7 28 1
350
2 14 2
351 580
1 16 1
352
2 27 1
353
2 17 1
356
6 21 1
358
7 25 1
363
1 6 1
364
2 22 1
365
3 13 1
366
7 23 1
372
5 21 1
376
1 13 2
383 510
5 25 1
384
1 9 1
386
8 27 2
388 589
1 15 1
392
2 14 1
394
1 11 1
395
8 27 1
397
3 21 1
402
4 21 1
403
1 29 1
404
1 32 1
405
6 20 2
406 435
1 16 1
407
20 25 2
408 494
2 12 1
413
1 20 1
416
1 8 1
418
1 20 2
419 509
2 23 1
422
2 17 1
426
12 19 2
427 691
2 14 1
428
1 23 1
430
2 26 1
433
3 14 1
434
1 16 1
439
1 10 1
444
2 8 1
445
1 17 1
446
1 31 1
454
3 22 1
455
3 18 2
456 669
2 10 3
457 539 585
1 11 2
460 552
1 12 2
464 675
3 12 1
465
8 26 1
471
2 12 1
472
1 7 1
473
3 15 1
476
1 6 1
480
3 17 1
485
2 17 1
486
1 33 1
491
3 16 1
492
1 19 1
495
1 17 1
496
4 25 1
500
6 25 1
502
2 19 1
504
2 28 1
506
1 19 1
511
14 22 1
514
1 12 2
517 616
1 17 1
518
1 29 1
519
1 28 2
521 593
1 16 1
522
2 8 1
528
2 27 1
532
1 16 1
536
1 18 1
541
1 33 1
546
2 13 1
547
1 37 1
549
1 6 1
551
2 26 2
557 618
2 21 1
558
2 7 1
563
2 13 1
564
3 15 1
566
4 19 1
568
4 22 1
569
2 28 1
570
1 30 1
571
1 9 1
572
1 14 1
573
6 19 1
575
1 6 1
576
1 23 1
577
1 40 1
578
4 18 1
583
12 22 1
586
3 13 1
587
2 22 1
588
1 10 2
592 670
6 21 1
597
1 14 1
598
12 19 1
599
2 14 1
604
5 24 1
605
1 9 1
606
4 17 1
607
4 20 1
612
3 12 1
613
1 33 1
614
5 21 1
617
20 26 2
619 638
4 24 1
621
1 6 1
623
2 7 1
625
2 17 1
627
3 14 1
633
2 14 1
636
4 25 1
639
1 11 1
643
1 14 1
647
2 25 1
650
1 9 1
651
1 21 1
652
8 23 1
654
5 18 1
655
1 15 1
658
2 12 1
659
3 16 1
661
1 15 1
662
1 5 1
666
2 12 1
667
2 26 1
668
2 15 1
672
4 18 1
677
1 33 1
679
1 28 1
680
4 21 1
681
2 17 1
683
1 9 1
684
1 36 1
685
1 5 1
688
7 27 1
698
