300 175 465 20
12 31 39 21 25 11 14 26 28 13 13 35 22 13 16 40 12 25 31 37 31 15 19 25 31 28 30 32 36 22 16 38 22 28 18 36 33 21 36 28 40 15 22 20 22 35 24 36 20 27 35 32 26 15 39 28 19 26 15 23 12 21 32 29 30 21 16 12 25 13 25 37 22 14 40 27 12 22 22 33 32 23 30 13 25 16 28 18 39 35 14 28 28 40 24 13 37 13 12 29 21 24 20 20 19 38 12 18 29 11 13 20 19 16 35 28 25 33 20 37 22 33 35 40 19 25 24 40 13 24 14 19 39 28 30 14 18 25 31 31 29 32 19 13 14 31 33 11 14 26 33 13 26 12 28 12 38 23 34 11 37 11 30 19 21 40 14 22 17 15 20 13 25 32 20 31 24 12 19 16 14 34 30 17 16 23 11 37 17 22 40 23 27 16 25 39 35 34 28 38 18 37 35 13 13 24 23 36 31 40 36 13 14 21 37 29 16 21 11 14 21 11 34 15 32 15 16 13 34 33 30 27 29 34 30 39 39 11 34 29 34 39 17 23 22 11 29 40 22 20 14 31 37 26 37 21 34 22 26 11 38 13 40 16 20 32 40 32 37 30 12 25 26 31 36 23 21 14 23 24 17 32 22 30 25 16 17 21 17 38 13 40 35 23 28 24 19 32 35 28
2 21 29 11 15 1 4 16 18 3 3 25 12 3 6 30 2 15 21 27 21 5 9 15 21 18 20 22 26 12 6 28 12 18 8 26 23 11 26 18 30 5 12 10 12 25 14 26 10 17 25 22 16 5 29 18 9 16 5 13 2 11 22 19 20 11 6 2 15 3 15 27 12 4 30 17 2 12 12 23 22 13 20 3 15 6 18 8 29 25 4 18 18 30 14 3 27 3 2 19 11 14 10 10 9 28 2 8 19 1 3 10 9 6 25 18 15 23 10 27 12 23 25 30 9 15 14 30 3 14 4 9 29 18 20 4 8 15 21 21 19 22 9 3 4 21 23 1 4 16 23 3 16 2 18 2 28 13 24 1 27 1 20 9 11 30 4 12 7 5 10 3 15 22 10 21 14 2 9 6 4 24 20 7 6 13 1 27 7 12 30 13 17 6 15 29 25 24 18 28 8 27 25 3 3 14 13 26 21 30 26 3 4 11 27 19 6 11 1 4 11 1 24 5 22 5 6 3 24 23 20 17 19 24 20 29 29 1 24 19 24 29 7 13 12 1 19 30 12 10 4 21 27 16 27 11 24 12 16 1 28 3 30 6 10 22 30 22 27 20 2 15 16 21 26 13 11 4 13 14 7 22 12 20 15 6 7 11 7 28 3 30 25 13 18 14 9 22 25 18
0 4 4
166 43 284 6
0 10 4
117 245 272 30
0 19 1
181
1 9 5
297 202 122 163 262
2 10 5
191 124 169 277 266
0 10 1
213
0 7 5
40 90 274 144 66
0 14 1
96
0 9 3
240 120 34
0 16 2
15 140
1 14 4
87 59 292 71
1 8 5
37 104 233 199 224
0 10 3
223 81 271
0 3 7
91 25 24 215 22 257 100
0 16 3
93 85 289
0 14 1
299
1 9 6
270 236 20 158 150 258
0 10 1
17
0 12 1
97
0 5 3
130 172 53
0 6 3
147 254 186
1 7 7
134 50 55 287 138 31 75
0 7 2
84 179
1 17 3
64 63 201
0 9 3
189 195 232
0 7 2
32 155
0 5 7
14 67 82 168 244 190 278
0 14 2
192 132
1 10 3
10 221 171
1 7 8
83 227 295 167 256 148 203 291
0 7 5
248 280 146 126 28
1 12 3
99 164 11
0 9 2
46 175
2 12 8
237 73 263 153 268 61 45 2
2 12 7
220 193 176 92 247 152 243
1 17 2
123 273
3 19 2
0 225
5 27 1
1
2 26 1
3
3 14 2
4 276
1 13 1
5
3 19 1
7
3 19 2
8 165
1 26 1
9
2 26 2
12 19
3 28 2
13 23
1 26 1
16
3 26 1
18
1 29 1
21
4 26 1
26
3 27 2
27 105
4 17 1
29
3 14 1
33
3 24 1
35
1 11 2
36 214
1 16 2
38 143
3 33 1
39
3 24 1
41
2 23 1
42
5 17 1
44
1 7 2
47 210
1 15 1
48
4 21 1
49
1 17 1
51
3 20 2
52 281
4 21 2
54 207
1 13 1
56
1 15 2
57 115
1 31 1
58
4 26 1
60
1 14 2
62 285
3 16 1
65
1 15 1
68
3 21 1
69
3 25 1
70
2 19 1
72
3 20 1
74
1 16 1
76
2 23 1
77
1 13 1
78
1 16 3
79 188 216
1 13 1
80
4 19 1
86
2 16 1
88
3 19 2
89 125
3 21 2
94 173
1 27 1
95
4 24 2
98 283
1 22 1
101
3 25 2
102 208
2 23 1
103
1 11 2
106 141
2 33 2
107 286
1 16 1
108
1 28 1
109
1 13 1
110
1 26 1
111
3 19 1
112
1 20 1
113
1 33 2
114 137
1 18 1
116
1 9 3
118 170 252
3 21 2
119 200
4 19 1
121
4 18 1
127
4 22 2
128 133
1 10 1
129
3 19 2
131 212
2 17 1
135
1 22 2
136 197
1 23 1
139
5 22 1
142
1 21 1
145
1 19 1
149
1 17 1
151
1 11 1
154
3 18 1
156
2 24 1
157
1 17 1
159
3 29 1
160
2 21 1
161
5 24 1
162
1 14 1
174
1 13 1
177
3 17 1
178
4 24 1
180
1 17 1
182
1 16 2
183 250
1 17 1
184
4 19 1
185
3 21 1
187
2 24 1
194
3 19 1
196
1 16 1
198
1 15 1
204
2 16 1
205
5 19 1
206
1 19 1
209
1 14 1
211
5 17 1
217
1 17 1
218
1 19 1
219
3 17 1
222
3 14 1
226
1 16 1
228
5 29 1
229
1 16 1
230
1 14 1
231
1 16 1
234
1 18 1
235
1 30 1
238
3 24 1
239
2 22 1
241
1 16 1
242
1 25 1
246
1 18 1
249
1 26 1
251
1 22 1
253
4 21 1
255
1 12 1
259
1 14 1
260
2 19 1
261
1 28 1
264
3 22 1
265
2 31 1
267
1 24 1
269
1 23 1
275
1 10 1
279
1 17 1
282
1 18 1
288
3 24 1
290
1 21 1
293
1 24 1
294
1 14 1
296
4 18 1
298
