300 179 465 20
29 19 32 37 18 12 20 36 21 18 28 30 40 19 18 11 30 39 12 12 27 12 27 12 16 27 34 23 18 12 15 32 25 34 31 11 18 33 33 39 34 28 20 37 36 21 37 27 22 22 12 13 15 28 25 39 33 15 12 32 14 38 15 25 21 32 28 14 35 13 18 17 16 34 31 12 14 25 32 31 35 31 34 36 26 31 16 19 39 27 13 32 11 28 40 16 21 17 14 30 22 24 20 34 24 29 26 19 25 32 38 38 20 23 30 24 24 39 38 23 27 25 24 11 26 14 27 38 37 21 16 35 29 20 27 28 31 33 28 28 11 29 20 26 33 18 30 40 21 23 14 38 36 26 32 21 19 37 23 11 12 16 30 12 38 34 39 31 19 33 27 24 22 25 21 33 15 26 37 34 30 12 14 35 16 23 27 17 25 17 21 31 34 23 26 13 26 17 40 23 20 29 28 21 11 36 33 32 24 27 35 29 22 15 25 16 25 32 17 24 26 37 33 33 32 31 20 20 25 38 16 22 35 24 12 16 12 25 13 23 36 34 34 32 24 17 40 31 27 22 25 38 24 16 21 36 22 28 24 33 32 39 20 40 35 28 13 32 13 15 18 23 33 38 29 13 24 25 16 22 28 20 39 18 38 14 37 39 35 21 35 13 21 40 14 38 27 33 31 22
19 9 22 27 8 2 10 26 11 8 18 20 30 9 8 1 20 29 2 2 17 2 17 2 6 17 24 13 8 2 5 22 15 24 21 1 8 23 23 29 24 18 10 27 26 11 27 17 12 12 2 3 5 18 15 29 23 5 2 22 4 28 5 15 11 22 18 4 25 3 8 7 6 24 21 2 4 15 22 21 25 21 24 26 16 21 6 9 29 17 3 22 1 18 30 6 11 7 4 20 12 14 10 24 14 19 16 9 15 22 28 28 10 13 20 14 14 29 28 13 17 15 14 1 16 4 17 28 27 11 6 25 19 10 17 18 21 23 18 18 1 19 10 16 23 8 20 30 11 13 4 28 26 16 22 11 9 27 13 1 2 6 20 2 28 24 29 21 9 23 17 14 12 15 11 23 5 16 27 24 20 2 4 25 6 13 17 7 15 7 11 21 24 13 16 3 16 7 30 13 10 19 18 11 1 26 23 22 14 17 25 19 12 5 15 6 15 22 7 14 16 27 23 23 22 21 10 10 15 28 6 12 25 14 2 6 2 15 3 13 26 24 24 22 14 7 30 21 17 12 15 28 14 6 11 26 12 18 14 23 22 29 10 30 25 18 3 22 3 5 8 13 23 28 19 3 14 15 6 12 18 10 29 8 28 4 27 29 25 11 25 3 11 30 4 28 17 23 21 12
0 5 4
13 254 169 52
1 9 3
227 249 44
1 13 3
97 142 162
2 15 6
253 161 88 34 109 82
0 6 3
8 0 174
1 13 6
3 207 37 280 17 80
0 14 1
158
0 8 5
258 56 48 107 112
0 5 4
62 104 247 165
2 13 6
201 147 238 19 5 159
0 18 2
59 4
2 10 6
156 29 220 230 271 72
0 15 2
98 198
0 17 1
31
0 5 2
21 95
2 10 6
143 237 67 286 126 113
1 7 8
288 122 290 10 84 264 115 57
0 8 3
155 108 128
0 10 1
223
1 12 4
135 74 235 279
1 18 3
250 40 265
0 17 3
272 210 153
0 5 8
15 164 179 185 106 276 175 66
1 10 5
134 41 120 118 144
1 10 6
208 51 298 38 33 75
2 13 6
14 192 54 39 219 171
0 11 1
168
0 5 2
30 102
0 6 1
100
0 8 7
178 71 229 93 186 189 214
1 8 4
200 180 166 177
0 17 2
188 53
2 16 1
1
3 21 2
2 141
4 21 1
6
2 30 1
7
1 27 1
9
2 23 1
11
6 19 1
12
7 25 2
16 239
3 16 1
18
2 27 1
20
1 10 1
22
5 26 1
23
3 19 1
24
1 23 1
25
7 22 2
26 70
1 30 1
27
1 14 3
28 163 248
2 30 2
32 211
1 15 1
35
1 20 1
36
1 10 1
42
2 20 2
43 259
2 25 1
45
1 22 1
46
1 20 2
47 240
3 26 1
49
6 23 1
50
2 24 1
55
1 18 1
58
1 15 1
60
2 30 2
61 268
1 17 1
63
1 13 2
64 257
2 35 1
65
1 19 1
68
2 14 1
69
1 35 1
73
1 19 1
76
2 21 1
77
3 28 1
78
2 28 1
79
1 15 1
81
2 21 1
83
3 17 2
85 119
2 19 2
86 217
1 24 1
87
1 11 1
89
2 27 1
90
1 24 1
91
1 15 1
92
2 14 2
94 261
2 19 1
96
1 23 1
99
1 17 1
101
2 19 2
103 182
1 13 1
105
1 20 1
110
1 21 1
111
8 27 2
114 232
1 23 1
116
3 20 1
117
3 19 2
121 285
1 25 1
123
1 23 1
124
3 31 1
125
3 26 1
127
2 18 1
129
2 18 1
130
4 18 1
131
2 18 1
132
3 16 1
133
2 18 1
136
2 35 1
137
3 20 2
138 190
3 21 1
139
2 15 1
140
2 23 1
145
2 24 2
146 209
2 29 1
148
6 20 1
149
3 17 1
150
2 22 2
151 191
1 13 2
152 203
1 27 1
154
2 18 3
157 231 255
1 10 2
160 216
2 25 1
167
2 11 1
170
1 15 1
172
3 33 1
173
1 22 1
176
2 20 2
181 273
3 21 1
183
1 16 1
184
2 15 1
187
2 26 1
193
3 15 1
194
6 26 2
195 242
1 13 1
196
2 14 2
197 299
1 28 1
199
1 19 1
202
1 10 1
204
3 20 3
205 241 244
7 19 1
206
3 18 1
212
1 13 1
213
2 23 1
215
3 30 1
218
2 24 1
221
2 21 1
222
3 23 1
224
6 23 1
225
6 25 1
226
1 32 1
228
1 19 1
233
1 27 1
234
3 20 1
236
1 26 2
243 292
6 22 1
245
3 18 1
246
1 14 1
251
2 13 1
252
7 22 1
256
2 17 1
260
2 25 1
262
1 22 1
263
1 16 1
266
2 20 1
267
1 22 1
269
1 18 1
270
2 18 1
274
4 17 1
275
1 12 1
277
2 16 1
278
1 21 1
281
6 23 1
282
2 27 1
283
7 28 1
284
2 18 1
287
2 25 1
289
2 18 1
291
2 27 1
293
3 18 1
294
2 27 1
295
2 13 1
296
1 24 1
297
