700 325 1085 47
12 11 34 36 24 18 35 25 31 37 15 27 24 39 28 16 34 29 18 20 16 31 13 18 25 15 33 34 40 19 34 21 33 16 21 17 27 31 38 28 15 36 15 14 35 22 26 37 38 17 30 34 11 34 16 35 16 16 26 15 39 32 13 26 31 36 36 19 21 26 38 33 29 36 33 16 13 20 26 33 39 21 18 34 22 25 33 25 19 36 21 31 15 17 35 37 31 26 23 29 20 13 38 27 13 19 35 12 34 34 11 26 39 14 37 15 18 33 14 18 26 31 26 12 26 24 15 16 18 17 26 40 21 33 36 39 13 26 35 32 24 17 15 15 23 28 31 39 13 13 11 29 39 15 35 25 23 24 18 29 13 28 34 17 36 15 11 21 16 28 33 23 34 36 36 25 35 29 22 28 24 24 32 36 16 18 24 19 11 21 28 17 18 25 17 36 20 17 22 33 11 31 19 11 15 39 16 23 23 21 35 27 18 13 27 22 38 29 23 34 24 31 37 33 39 31 32 18 16 26 34 11 37 40 12 28 23 12 11 26 33 35 30 38 14 23 24 22 35 31 32 20 20 12 38 36 21 11 14 24 31 23 23 24 26 24 16 19 16 22 36 34 20 25 37 12 27 38 39 37 13 33 35 12 36 22 13 34 35 27 35 20 17 21 20 22 34 37 26 39 25 35 40 15 28 21 20 31 26 20 35 21 26 12 12 17 29 14 37 36 21 18 40 18 15 33 36 18 12 22 33 22 16 32 34 16 33 26 12 27 39 14 18 25 24 32 20 20 31 36 26 32 35 36 12 40 31 27 19 23 18 20 19 29 13 31 24 18 39 27 11 17 12 21 32 11 30 16 20 30 31 21 25 20 27 13 16 31 24 38 34 12 15 35 35 24 20 23 38 11 15 17 33 37 30 12 33 11 39 31 13 35 30 19 32 28 23 17 12 24 13 23 25 36 35 39 23 24 18 13 29 20 30 20 15 29 21 17 32 17 36 40 40 18 39 29 11 19 15 21 33 24 38 34 20 14 25 12 29 15 23 15 16 20 26 36 11 40 17 19 30 25 27 37 29 15 33 38 40 29 13 18 26 12 40 15 20 36 25 32 16 40 24 29 34 19 39 34 28 11 22 19 24 12 27 26 24 22 27 36 38 32 36 13 11 25 22 11 24 30 12 14 13 35 34 28 22 29 37 31 29 33 33 11 29 37 32 21 14 27 23 17 15 24 37 11 29 38 13 28 12 22 14 33 17 29 34 12 11 34 31 36 17 29 23 12 17 24 18 22 29 25 28 22 30 25 39 33 19 17 12 40 17 22 15 27 39 14 28 25 30 13 13 24 23 22 36 29 38 15 33 37 40 17 31 18 33 24 27 25 13 28 38 20 20 28 34 20 18 16 22 14 14 28 37 30 25 37 18 36 27 19 20 20 13 13 35 18 14 31 32 14 32 13 18 18 28 19 31 21 31 28 18 33 20 25 15 39 21 14 25 37 26 25 25 22 34 25 24 17 29 26 13 17 13 38 31 25 11 34 39 11 28 22 22 11 28 26 17 37 22 16 15 31 29 33 15 23 29 32
2 1 24 26 14 8 25 15 21 27 5 17 14 29 18 6 24 19 8 10 6 21 3 8 15 5 23 24 30 9 24 11 23 6 11 7 17 21 28 18 5 26 5 4 25 12 16 27 28 7 20 24 1 24 6 25 6 6 16 5 29 22 3 16 21 26 26 9 11 16 28 23 19 26 23 6 3 10 16 23 29 11 8 24 12 15 23 15 9 26 11 21 5 7 25 27 21 16 13 19 10 3 28 17 3 9 25 2 24 24 1 16 29 4 27 5 8 23 4 8 16 21 16 2 16 14 5 6 8 7 16 30 11 23 26 29 3 16 25 22 14 7 5 5 13 18 21 29 3 3 1 19 29 5 25 15 13 14 8 19 3 18 24 7 26 5 1 11 6 18 23 13 24 26 26 15 25 19 12 18 14 14 22 26 6 8 14 9 1 11 18 7 8 15 7 26 10 7 12 23 1 21 9 1 5 29 6 13 13 11 25 17 8 3 17 12 28 19 13 24 14 21 27 23 29 21 22 8 6 16 24 1 27 30 2 18 13 2 1 16 23 25 20 28 4 13 14 12 25 21 22 10 10 2 28 26 11 1 4 14 21 13 13 14 16 14 6 9 6 12 26 24 10 15 27 2 17 28 29 27 3 23 25 2 26 12 3 24 25 17 25 10 7 11 10 12 24 27 16 29 15 25 30 5 18 11 10 21 16 10 25 11 16 2 2 7 19 4 27 26 11 8 30 8 5 23 26 8 2 12 23 12 6 22 24 6 23 16 2 17 29 4 8 15 14 22 10 10 21 26 16 22 25 26 2 30 21 17 9 13 8 10 9 19 3 21 14 8 29 17 1 7 2 11 22 1 20 6 10 20 21 11 15 10 17 3 6 21 14 28 24 2 5 25 25 14 10 13 28 1 5 7 23 27 20 2 23 1 29 21 3 25 20 9 22 18 13 7 2 14 3 13 15 26 25 29 13 14 8 3 19 10 20 10 5 19 11 7 22 7 26 30 30 8 29 19 1 9 5 11 23 14 28 24 10 4 15 2 19 5 13 5 6 10 16 26 1 30 7 9 20 15 17 27 19 5 23 28 30 19 3 8 16 2 30 5 10 26 15 22 6 30 14 19 24 9 29 24 18 1 12 9 14 2 17 16 14 12 17 26 28 22 26 3 1 15 12 1 14 20 2 4 3 25 24 18 12 19 27 21 19 23 23 1 19 27 22 11 4 17 13 7 5 14 27 1 19 28 3 18 2 12 4 23 7 19 24 2 1 24 21 26 7 19 13 2 7 14 8 12 19 15 18 12 20 15 29 23 9 7 2 30 7 12 5 17 29 4 18 15 20 3 3 14 13 12 26 19 28 5 23 27 30 7 21 8 23 14 17 15 3 18 28 10 10 18 24 10 8 6 12 4 4 18 27 20 15 27 8 26 17 9 10 10 3 3 25 8 4 21 22 4 22 3 8 8 18 9 21 11 21 18 8 23 10 15 5 29 11 4 15 27 16 15 15 12 24 15 14 7 19 16 3 7 3 28 21 15 1 24 29 1 18 12 12 1 18 16 7 27 12 6 5 21 19 23 5 13 19 22
1 10 7
495 571 149 423 411 374 437
2 7 13
36 12 329 438 226 18 80 422 251 457 225 369 591
2 14 7
394 299 91 608 628 451 550
3 11 10
467 515 213 405 133 466 447 455 454 536
4 12 14
204 322 361 109 173 386 637 62 505 228 256 673 587 24
0 8 4
453 88 660 193
1 8 8
39 26 464 241 545 8 583 151
0 3 10
43 409 472 104 289 644 227 311 506 352
0 8 2
614 431
0 6 4
533 670 427 632
0 7 5
298 693 83 521 5
0 7 3
492 610 532
3 11 11
341 297 189 236 686 631 287 215 231 664 362
0 9 1
566
1 12 6
334 35 266 101 175 68
1 14 7
46 373 206 48 196 475 623
1 4 15
245 332 576 653 222 659 307 389 366 146 675 500 460 387 497
2 8 12
379 656 442 599 541 657 646 353 214 97 482 595
1 12 5
560 391 519 459 190
2 12 11
58 172 158 1 538 216 330 210 306 527 224
4 13 10
648 586 317 230 419 526 150 126 318 305
8 12 17
469 21 390 652 376 152 202 683 136 78 666 250 421 347 160 504 370
1 13 7
401 95 559 400 596 430 269
2 10 10
229 643 633 338 410 59 397 392 174 627
3 11 9
272 282 413 84 268 358 546 590 365
1 6 10
589 116 602 337 626 169 128 440 41 276
2 7 11
140 658 44 239 121 580 145 432 674 183 279
0 2 16
676 343 157 77 597 513 579 568 237 471 563 132 412 520 645 143
0 10 1
537
3 11 11
618 182 616 155 221 684 177 303 165 426 339
5 11 14
636 346 359 234 434 120 244 51 111 604 263 138 477 144
1 15 6
274 100 496 328 415 316
0 7 6
16 530 93 661 286 635
0 8 1
203
6 17 2
0 262
5 14 1
2
3 18 1
3
3 14 2
4 315
4 14 2
6 425
5 16 2
7 396
7 22 2
9 350
9 26 4
10 112 335 462
7 21 3
11 28 523
7 18 1
13
7 22 2
14 159
7 22 1
15
6 22 1
17
15 25 3
19 384 420
10 23 2
20 629
14 22 1
22
6 20 2
23 53
16 22 2
25 105
3 17 1
27
4 19 2
29 252
8 22 2
30 649
6 18 2
31 585
11 22 1
32
3 18 2
33 296
5 19 1
34
5 17 1
37
3 19 2
38 192
5 19 3
40 577 620
5 18 1
42
6 22 2
45 672
9 26 1
47
2 21 3
49 63 194
5 16 1
50
2 17 1
52
12 23 1
54
11 21 1
55
5 16 2
56 87
6 22 1
57
3 17 1
60
5 24 1
61
6 21 2
64 242
3 15 1
65
4 15 1
66
6 19 2
67 166
3 21 1
69
2 17 1
70
3 17 1
71
4 11 5
72 186 259 281 402
2 9 1
73
2 13 1
74
6 22 1
75
15 26 4
76 408 512 542
4 15 1
79
3 20 2
81 570
5 17 5
82 98 285 380 695
6 19 2
85 388
2 17 1
86
5 18 2
89 436
7 26 1
90
5 16 1
92
7 21 2
94 378
3 21 2
96 184
7 22 3
99 220 606
11 21 2
102 458
4 15 2
103 187
5 15 2
106 481
4 13 1
107
5 14 1
108
3 19 2
110 575
2 20 3
113 539 624
3 17 1
114
5 18 1
115
6 24 2
117 154
2 15 2
118 324
3 21 1
119
4 15 1
122
3 20 2
123 518
5 13 1
124
2 14 1
125
3 18 1
127
3 18 1
129
6 20 3
130 253 283
5 24 1
131
3 13 2
134 615
16 23 3
135 490 548
15 25 1
137
9 25 1
139
14 22 2
141 270
2 19 1
142
5 24 2
147 171
4 11 1
148
12 24 2
153 212
6 16 1
156
5 17 2
161 613
5 17 1
162
2 13 1
163
11 22 2
164 249
4 19 1
167
10 24 1
168
4 14 1
170
5 23 1
176
6 18 1
178
3 11 3
179 441 691
2 17 1
180
7 24 1
181
2 16 1
185
8 19 1
188
11 22 1
191
8 19 1
195
7 26 1
197
10 23 2
198 444
6 20 2
199 331
10 22 1
200
5 24 2
201 567
2 10 1
205
12 22 2
207 543
5 22 1
208
3 18 2
209 327
4 14 4
211 314 468 507
5 17 1
217
6 21 3
218 552 612
2 16 2
219 351
9 28 1
223
16 24 1
232
7 17 1
233
5 21 1
235
5 27 1
238
4 19 2
240 638
6 19 1
243
7 27 4
246 301 486 511
7 17 2
247 271
4 9 1
248
4 18 1
254
5 22 2
255 404
5 14 2
257 333
16 24 1
258
4 20 1
260
4 14 1
261
2 12 2
264 549
4 21 1
265
2 15 2
267 433
3 14 1
273
5 21 1
275
3 11 1
277
3 20 2
278 288
5 21 1
280
3 15 1
284
3 14 1
290
7 25 4
291 345 414 594
2 16 1
292
4 10 1
293
10 26 1
294
11 23 2
295 582
11 21 3
300 516 651
7 14 2
302 558
5 10 3
304 403 679
6 24 1
308
5 19 1
309
2 14 2
310 435
9 27 1
312
2 14 2
313 564
2 15 1
319
2 17 1
320
2 10 1
321
3 10 3
323 535 603
5 19 1
325
4 15 1
326
14 23 2
336 696
16 23 2
340 694
7 20 1
342
5 26 1
344
2 17 2
348 697
9 25 3
349 357 617
7 19 1
354
4 19 1
355
2 14 3
356 529 642
6 23 1
360
2 16 1
363
5 25 2
364 383
2 19 1
367
6 23 1
368
2 17 1
371
11 22 1
372
10 23 1
375
2 17 1
377
5 23 1
381
2 18 1
382
11 25 2
385 555
5 23 2
393 446
14 25 1
395
3 14 1
398
6 20 3
399 554 561
7 18 1
406
7 21 2
407 685
3 18 1
416
16 25 3
417 487 640
8 22 1
418
5 19 2
424 483
4 11 2
428 508
2 9 1
429
6 23 1
439
11 24 1
443
4 11 1
445
5 21 1
448
3 15 1
449
5 11 2
450 524
6 18 1
452
2 18 1
456
11 23 1
461
5 16 3
463 470 484
11 23 1
465
7 19 1
473
5 15 1
474
7 26 1
476
6 20 1
478
2 13 2
479 480
2 14 1
485
5 18 1
488
5 20 2
489 531
7 21 1
491
5 24 1
493
5 25 1
494
5 25 1
498
5 19 1
499
6 20 1
501
3 21 1
502
2 13 1
503
9 26 1
509
15 26 1
510
7 23 1
514
9 24 1
517
8 20 2
522 525
7 26 1
528
5 14 1
534
3 20 1
540
5 18 1
544
5 19 1
547
7 15 1
551
4 16 1
553
7 21 1
556
5 25 1
557
2 13 1
562
8 19 1
565
7 22 1
569
4 22 1
572
7 18 1
573
5 15 1
574
2 15 1
578
5 20 1
581
2 15 1
584
2 20 1
588
11 21 1
592
2 19 1
593
4 14 1
598
2 8 1
600
15 27 1
601
3 13 1
605
4 13 1
607
5 16 1
609
4 22 1
611
4 13 1
619
7 18 1
621
6 25 1
622
5 25 1
625
6 22 1
630
8 21 1
634
2 23 1
639
2 16 1
641
2 19 1
647
8 18 1
650
5 15 1
654
4 16 1
655
2 15 1
662
3 15 1
663
2 6 1
665
16 24 1
667
7 21 1
668
3 14 1
669
7 18 1
671
2 12 1
677
3 14 1
678
3 21 1
680
4 10 1
681
6 19 1
682
3 15 1
687
3 18 1
688
2 12 1
689
3 15 1
690
4 16 1
692
7 17 1
698
5 15 1
699
