1000 527 1550 67
12 33 16 18 30 30 37 26 39 13 23 34 21 27 17 22 22 31 33 40 14 27 32 17 20 34 35 12 38 26 16 22 25 28 26 39 30 13 24 18 27 33 39 11 28 21 27 30 21 37 21 37 16 17 27 21 37 40 21 31 37 19 13 11 36 28 18 16 37 17 32 24 29 16 36 16 38 32 26 21 25 29 35 34 39 25 11 31 11 31 38 29 19 37 17 20 11 32 38 35 22 39 27 18 17 14 38 34 17 25 28 36 16 15 31 20 40 25 15 29 11 37 30 32 14 13 40 31 36 30 30 23 13 11 16 12 23 31 28 15 19 28 32 26 38 24 19 31 26 30 31 30 35 12 35 33 31 11 13 12 30 12 29 37 36 28 33 40 39 23 14 37 17 16 13 34 32 37 14 26 13 16 26 19 31 13 31 24 35 37 27 15 37 28 12 13 25 38 14 12 12 32 23 21 35 22 18 23 34 31 15 21 34 29 29 31 40 34 11 12 30 11 11 15 29 12 21 37 40 13 26 33 20 34 25 32 29 13 34 21 33 24 35 31 32 11 33 19 24 30 22 29 12 30 26 33 31 36 16 36 21 39 35 38 17 37 21 30 12 26 29 11 15 35 32 20 15 22 31 34 14 12 39 33 22 40 25 25 26 34 32 11 18 26 32 31 11 29 30 12 23 18 27 15 15 30 35 16 23 11 26 28 24 23 40 26 17 24 40 23 26 20 28 35 37 40 26 15 15 39 35 11 32 22 15 22 37 32 13 25 36 17 39 16 36 18 38 29 16 12 25 17 24 19 18 24 34 19 29 12 13 34 30 40 18 29 32 18 37 28 28 24 30 37 13 13 20 16 27 18 30 12 26 15 27 27 24 12 19 15 23 37 37 22 25 19 21 39 16 12 27 16 27 24 15 21 29 29 23 27 31 36 21 30 19 28 24 38 37 28 16 12 31 18 12 12 34 28 37 24 28 17 33 16 35 11 28 27 30 16 30 33 22 30 24 32 38 16 34 39 35 16 33 39 14 23 35 16 12 11 11 32 26 14 35 27 21 24 18 25 31 21 40 29 21 37 36 26 40 31 40 31 38 20 16 11 35 13 14 22 24 14 28 17 32 14 26 22 34 20 12 19 39 22 13 39 31 36 20 40 35 28 12 39 35 14 23 31 35 29 38 28 29 14 37 28 35 26 33 13 33 14 26 28 40 18 32 19 40 40 27 36 18 32 22 35 38 13 36 20 27 30 35 35 19 30 27 22 32 17 17 13 32 37 21 27 15 15 36 40 27 21 34 29 13 34 16 25 37 27 30 25 23 28 17 23 40 31 34 37 14 24 36 26 36 36 24 12 26 17 19 20 34 13 19 22 26 26 22 37 17 37 27 18 15 24 20 25 14 13 25 37 38 32 15 13 21 38 11 32 33 14 32 26 38 24 16 22 33 20 39 37 15 20 34 28 24 30 35 14 25 13 13 19 36 24 31 32 40 32 21 21 20 36 19 23 37 11 22 14 19 31 18 27 37 34 24 38 21 35 30 30 27 18 29 22 20 26 37 13 18 15 11 21 13 28 19 30 16 20 24 38 31 21 26 21 33 14 11 12 23 24 40 39 36 18 20 17 20 32 26 32 11 18 13 22 15 37 26 39 29 27 34 11 32 20 38 14 31 24 14 40 25 30 17 20 17 33 39 37 15 34 14 40 23 31 24 37 33 30 30 18 35 28 23 11 39 28 30 40 29 23 23 27 11 25 20 16 26 16 35 39 25 29 34 34 15 14 36 29 28 22 31 25 31 35 17 12 38 25 27 21 14 36 35 28 19 29 40 37 31 24 25 12 39 40 17 22 20 29 40 20 31 13 28 35 12 39 16 32 18 11 12 32 18 30 12 25 22 23 27 23 30 21 28 13 24 26 28 11 30 37 33 13 17 32 38 12 30 27 13 19 35 31 40 17 11 19 17 33 37 21 22 13 14 24 29 26 26 36 40 29 11 37 16 38 33 24 15 27 37 19 13 36 27 32 34 34 18 13 25 22 24 18 20 21 22 17 33 28 18 21 25 19 23 13 23 21 27 29 20 24 37 18 38 30 12 23 15 13 24 27 24 12 17 40 17 37 29 19 32 25 27 36 39 27 21 14 39 22 26 29 40 31 28 40 30 16 34 22 12 32 35 35 29 12 28 12 40 33 38 11 35 18 17 28 12 29 14 31 30 20 36 15 27 13 30 23 20 13 19 29 15 24 25 24 17 22 28 24
2 23 6 8 20 20 27 16 29 3 13 24 11 17 7 12 12 21 23 30 4 17 22 7 10 24 25 2 28 16 6 12 15 18 16 29 20 3 14 8 17 23 29 1 18 11 17 20 11 27 11 27 6 7 17 11 27 30 11 21 27 9 3 1 26 18 8 6 27 7 22 14 19 6 26 6 28 22 16 11 15 19 25 24 29 15 1 21 1 21 28 19 9 27 7 10 1 22 28 25 12 29 17 8 7 4 28 24 7 15 18 26 6 5 21 10 30 15 5 19 1 27 20 22 4 3 30 21 26 20 20 13 3 1 6 2 13 21 18 5 9 18 22 16 28 14 9 21 16 20 21 20 25 2 25 23 21 1 3 2 20 2 19 27 26 18 23 30 29 13 4 27 7 6 3 24 22 27 4 16 3 6 16 9 21 3 21 14 25 27 17 5 27 18 2 3 15 28 4 2 2 22 13 11 25 12 8 13 24 21 5 11 24 19 19 21 30 24 1 2 20 1 1 5 19 2 11 27 30 3 16 23 10 24 15 22 19 3 24 11 23 14 25 21 22 1 23 9 14 20 12 19 2 20 16 23 21 26 6 26 11 29 25 28 7 27 11 20 2 16 19 1 5 25 22 10 5 12 21 24 4 2 29 23 12 30 15 15 16 24 22 1 8 16 22 21 1 19 20 2 13 8 17 5 5 20 25 6 13 1 16 18 14 13 30 16 7 14 30 13 16 10 18 25 27 30 16 5 5 29 25 1 22 12 5 12 27 22 3 15 26 7 29 6 26 8 28 19 6 2 15 7 14 9 8 14 24 9 19 2 3 24 20 30 8 19 22 8 27 18 18 14 20 27 3 3 10 6 17 8 20 2 16 5 17 17 14 2 9 5 13 27 27 12 15 9 11 29 6 2 17 6 17 14 5 11 19 19 13 17 21 26 11 20 9 18 14 28 27 18 6 2 21 8 2 2 24 18 27 14 18 7 23 6 25 1 18 17 20 6 20 23 12 20 14 22 28 6 24 29 25 6 23 29 4 13 25 6 2 1 1 22 16 4 25 17 11 14 8 15 21 11 30 19 11 27 26 16 30 21 30 21 28 10 6 1 25 3 4 12 14 4 18 7 22 4 16 12 24 10 2 9 29 12 3 29 21 26 10 30 25 18 2 29 25 4 13 21 25 19 28 18 19 4 27 18 25 16 23 3 23 4 16 18 30 8 22 9 30 30 17 26 8 22 12 25 28 3 26 10 17 20 25 25 9 20 17 12 22 7 7 3 22 27 11 17 5 5 26 30 17 11 24 19 3 24 6 15 27 17 20 15 13 18 7 13 30 21 24 27 4 14 26 16 26 26 14 2 16 7 9 10 24 3 9 12 16 16 12 27 7 27 17 8 5 14 10 15 4 3 15 27 28 22 5 3 11 28 1 22 23 4 22 16 28 14 6 12 23 10 29 27 5 10 24 18 14 20 25 4 15 3 3 9 26 14 21 22 30 22 11 11 10 26 9 13 27 1 12 4 9 21 8 17 27 24 14 28 11 25 20 20 17 8 19 12 10 16 27 3 8 5 1 11 3 18 9 20 6 10 14 28 21 11 16 11 23 4 1 2 13 14 30 29 26 8 10 7 10 22 16 22 1 8 3 12 5 27 16 29 19 17 24 1 22 10 28 4 21 14 4 30 15 20 7 10 7 23 29 27 5 24 4 30 13 21 14 27 23 20 20 8 25 18 13 1 29 18 20 30 19 13 13 17 1 15 10 6 16 6 25 29 15 19 24 24 5 4 26 19 18 12 21 15 21 25 7 2 28 15 17 11 4 26 25 18 9 19 30 27 21 14 15 2 29 30 7 12 10 19 30 10 21 3 18 25 2 29 6 22 8 1 2 22 8 20 2 15 12 13 17 13 20 11 18 3 14 16 18 1 20 27 23 3 7 22 28 2 20 17 3 9 25 21 30 7 1 9 7 23 27 11 12 3 4 14 19 16 16 26 30 19 1 27 6 28 23 14 5 17 27 9 3 26 17 22 24 24 8 3 15 12 14 8 10 11 12 7 23 18 8 11 15 9 13 3 13 11 17 19 10 14 27 8 28 20 2 13 5 3 14 17 14 2 7 30 7 27 19 9 22 15 17 26 29 17 11 4 29 12 16 19 30 21 18 30 20 6 24 12 2 22 25 25 19 2 18 2 30 23 28 1 25 8 7 18 2 19 4 21 20 10 26 5 17 3 20 13 10 3 9 19 5 14 15 14 7 12 18 14
1 11 6
79 99 439 30 806 542
0 8 2
304 429
2 14 6
720 96 506 47 237 444
1 12 5
814 940 771 769 307
0 5 4
319 388 509 592
1 3 14
384 533 364 342 394 571 107 915 676 724 646 512 760 441
0 11 2
189 46
0 3 1
113
0 12 5
287 472 42 772 433
1 5 9
15 706 373 662 576 39 987 181 819
0 14 1
647
0 2 18
902 544 967 428 143 979 531 49 597 847 52 45 278 861 485 242 794 709
0 4 6
235 317 913 329 321 70
0 13 1
172
1 3 15
596 211 117 459 515 773 94 363 118 281 745 618 734 78 611
0 4 11
183 111 247 728 36 166 413 453 369 793 594
0 17 1
101
1 4 16
996 178 975 566 510 282 552 392 385 535 106 29 490 671 520 494
2 11 8
629 824 862 742 829 97 284 4
0 6 3
644 558 859
0 2 18
698 879 276 624 827 750 192 460 259 245 561 857 160 482 214 601 51 112
0 5 7
666 197 368 115 3 541 381
3 14 8
24 22 722 962 38 950 90 636
1 12 5
916 103 608 801 177
0 2 11
289 555 487 651 21 941 815 961 673 688 436
0 14 3
958 882 437
0 5 5
349 229 6 25 727
1 6 9
345 896 371 516 786 746 130 476 398
0 4 9
478 496 501 64 826 885 41 412 851
0 17 2
820 393
2 9 10
34 691 816 568 971 390 743 523 689 863
0 3 9
998 954 199 481 348 165 296 912 430
0 12 3
740 965 770
1 7 9
334 65 517 315 775 981 169 227 582
0 6 4
572 20 80 303
3 6 19
455 450 84 124 737 990 513 886 151 377 810 465 997 920 929 69 952 994 362
3 12 10
159 781 821 176 150 173 702 614 739 880
1 11 6
726 960 233 811 844 640
1 15 6
733 495 622 389 238 32
0 6 5
139 328 193 717 83
0 14 3
14 966 141
1 3 16
323 901 678 579 735 663 804 659 748 202 19 705 768 12 297 187
0 10 3
848 687 970
1 13 3
519 840 414
1 3 13
443 86 782 860 423 812 277 100 298 500 778 645 37
0 9 3
359 131 198
4 8 21
753 817 738 93 590 204 120 498 708 526 660 309 889 959 188 324 607 88 894 712 140
3 12 10
343 557 438 842 747 642 266 89 904 729
1 4 11
909 616 700 883 964 527 418 680 135 210 926
0 8 1
48
0 13 1
914
0 12 1
808
0 5 9
67 665 939 903 395 116 718 221 246
4 16 3
0 127 948
1 15 1
1
2 11 1
2
3 16 1
5
6 20 2
7 751
4 16 2
8 800
1 8 3
9 283 931
2 20 2
10 704
1 18 3
11 196 497
2 7 1
13
4 16 3
16 633 858
1 16 1
17
5 19 2
18 553
4 19 2
23 376
2 8 4
26 226 463 973
4 16 1
27
6 13 5
28 105 129 250 936
1 6 1
31
1 8 3
33 55 677
4 9 1
35
4 16 1
40
3 16 1
43
1 20 1
44
1 16 1
50
2 18 2
53 569
4 7 1
54
3 13 2
56 933
10 18 2
57 956
4 17 1
58
1 10 1
59
6 19 1
60
1 13 1
61
3 15 2
62 132
9 23 2
63 228
2 13 2
66 693
4 16 1
68
1 14 3
71 653 758
5 17 1
72
2 20 2
73 357
3 9 2
74 493
4 7 1
75
5 18 1
76
1 8 4
77 514 891 907
4 21 2
81 754
2 11 1
82
1 13 1
85
2 6 1
87
2 31 1
91
1 22 1
92
2 10 3
95 404 877
2 20 1
98
5 22 1
102
1 5 1
104
1 11 2
108 661
5 17 1
109
4 9 2
110 908
2 28 1
114
3 16 2
119 897
4 7 3
121 432 982
2 20 2
122 795
5 12 2
123 379
1 16 2
125 351
1 17 1
126
4 17 1
128
3 18 1
133
2 5 1
134
4 15 1
136
3 11 1
137
4 15 1
138
3 15 1
142
2 5 2
144 179
4 8 1
145
1 21 2
146 917
2 16 1
147
2 7 1
148
5 15 3
149 947 988
3 9 2
152 852
3 8 1
153
4 15 2
154 694
3 9 3
155 431 635
1 30 1
156
4 10 1
157
6 24 1
158
1 7 1
161
4 20 1
162
4 18 2
163 184
10 14 4
164 262 953 976
1 8 1
167
5 20 1
168
3 19 1
170
1 19 2
171 491
3 17 2
174 421
2 16 2
175 930
1 25 1
180
3 15 2
182 403
1 5 1
185
5 9 3
186 294 372
4 16 1
190
2 10 1
191
2 17 2
194 374
4 11 1
195
3 10 3
200 486 577
1 28 1
201
2 24 3
203 696 957
2 16 1
205
3 14 1
206
1 11 1
207
3 14 2
208 479
2 11 1
209
4 8 1
212
4 10 2
213 448
2 18 2
215 419
3 6 2
216 670
2 18 1
217
5 23 2
218 310
3 15 3
219 686 951
1 13 2
220 270
2 16 1
222
2 11 2
223 945
2 8 2
224 565
2 29 1
225
1 16 1
230
4 17 1
231
1 10 1
232
1 17 2
234 470
3 8 3
236 613 839
1 15 1
239
4 26 1
240
5 15 1
241
3 17 2
243 567
2 14 1
244
1 7 1
248
5 17 3
249 292 715
3 6 1
251
2 25 1
252
2 22 1
253
3 18 1
254
2 19 2
255 932
3 10 1
256
3 9 1
257
2 9 1
258
4 18 2
260 807
2 20 1
261
2 16 1
263
4 12 3
264 291 744
2 13 1
265
2 18 1
267
2 4 1
268
4 14 1
269
1 17 1
271
3 9 2
272 835
4 11 1
273
4 12 1
274
1 14 1
275
1 16 1
279
2 20 1
280
2 18 1
285
2 20 1
286
1 11 1
288
1 13 1
290
3 8 2
293 338
4 10 2
295 761
3 15 1
299
3 7 1
300
2 15 1
301
2 21 1
302
1 12 1
305
4 17 2
306 828
2 18 1
308
2 19 1
311
5 13 1
312
3 15 1
313
2 5 1
314
4 26 1
316
1 4 2
318 387
4 19 1
320
4 14 1
322
1 19 1
325
4 9 2
326 511
1 15 1
327
2 9 1
330
2 16 2
331 669
3 13 1
332
2 29 1
333
1 17 1
335
3 16 1
336
3 12 1
337
4 15 2
339 843
1 9 1
340
3 9 1
341
2 16 1
344
3 7 1
346
1 6 1
347
2 13 1
350
6 23 1
352
2 21 1
353
1 8 1
354
3 6 3
355 532 881
4 16 1
356
3 15 1
358
4 16 2
360 600
9 22 1
361
1 16 1
365
3 17 1
366
1 19 2
367 575
4 10 2
370 522
2 20 2
375 949
2 9 1
378
1 5 1
380
2 17 1
382
6 16 2
383 732
2 20 2
386 868
2 20 1
391
2 13 1
396
2 17 1
397
2 7 1
399
2 12 1
400
8 19 1
401
4 21 1
402
1 17 2
405 451
3 7 2
406 549
3 10 1
407
2 9 1
408
1 17 1
409
6 22 2
410 587
5 18 1
411
2 6 1
415
1 8 1
416
4 15 1
417
1 14 1
420
2 16 1
422
1 23 1
424
3 8 2
425 657
1 19 1
426
3 7 1
427
2 26 1
434
5 18 1
435
2 17 1
440
2 16 1
442
2 20 1
445
6 12 1
446
2 15 1
447
3 16 1
449
7 17 4
452 530 538 890
1 6 1
454
5 11 3
456 518 853
5 14 2
457 719
7 25 1
458
1 30 1
461
2 11 1
462
2 17 1
464
4 8 1
466
1 17 1
467
1 18 1
468
3 24 2
469 505
1 15 1
471
4 19 1
473
4 15 1
474
1 24 1
475
2 12 1
477
2 18 1
480
3 9 1
483
2 18 1
484
2 8 1
488
2 14 1
489
2 11 1
492
1 12 1
499
2 8 1
502
3 17 1
503
4 18 2
504 905
1 15 2
507 938
3 9 1
508
1 19 1
521
2 23 1
524
4 20 1
525
2 23 1
528
2 22 1
529
4 18 1
534
1 20 1
536
2 8 2
537 944
1 9 1
539
1 11 1
540
5 10 1
543
3 15 1
545
3 15 1
546
3 16 1
547
5 9 1
548
7 20 1
550
2 13 1
551
3 6 1
554
2 27 1
556
1 11 1
559
1 16 1
560
6 23 1
562
2 12 2
563 825
2 14 1
564
2 11 2
570 604
5 12 1
573
7 21 1
574
2 15 1
578
3 18 1
580
1 7 1
581
2 18 1
583
5 22 1
584
1 16 1
585
1 20 1
586
1 7 1
588
2 14 2
589 805
1 20 1
591
1 8 1
593
1 6 2
595 731
1 16 1
598
3 6 1
599
4 17 1
602
3 7 2
603 650
4 14 1
605
5 15 2
606 846
5 12 1
609
1 11 1
610
2 11 2
612 946
1 5 1
615
2 25 1
617
2 14 1
619
4 9 3
620 628 838
8 25 1
621
2 25 1
623
2 16 1
625
3 14 1
626
2 19 1
627
2 16 2
630 892
1 7 1
631
1 10 1
632
5 23 1
634
1 8 1
637
1 25 1
638
5 14 1
639
3 16 1
641
2 8 3
643 658 921
2 17 1
648
4 10 2
649 986
2 11 1
652
2 13 1
654
3 8 1
655
3 12 2
656 741
2 15 1
664
2 8 1
667
2 8 1
668
2 12 1
672
2 13 1
674
2 22 2
675 871
4 6 1
679
1 8 1
681
2 22 1
682
4 25 1
683
7 24 1
684
2 20 1
685
2 19 1
690
3 6 1
692
2 23 1
695
5 16 1
697
2 15 1
699
3 7 2
701 876
6 17 1
703
4 26 1
707
5 15 1
710
2 18 1
711
1 19 1
713
2 16 1
714
4 20 2
716 899
3 15 1
721
3 10 1
723
1 19 1
725
4 20 1
730
2 22 1
736
1 9 1
749
4 12 1
752
1 17 1
755
1 5 2
756 991
2 26 1
757
1 9 1
759
5 18 1
762
4 12 1
763
2 18 1
764
2 23 1
765
3 15 1
766
5 18 1
767
10 18 2
774 922
2 10 1
776
2 17 1
777
3 13 1
779
2 8 1
780
2 22 1
783
2 17 1
784
2 20 1
785
5 8 1
787
2 27 1
788
2 10 1
789
1 19 1
790
2 19 1
791
2 18 1
792
3 16 1
796
4 16 1
797
2 14 1
798
5 17 1
799
4 20 1
802
3 18 1
803
3 9 1
809
1 11 1
813
1 22 1
818
3 8 1
822
6 19 1
823
2 17 2
830 919
6 18 1
831
1 4 1
832
3 7 1
833
2 18 1
834
2 19 1
836
3 5 1
837
2 26 1
841
9 15 1
845
2 25 1
849
3 5 1
850
5 17 1
854
3 15 1
855
1 19 1
856
3 15 1
864
3 7 1
865
2 31 1
866
4 16 1
867
4 8 1
869
1 15 1
870
2 17 1
872
1 19 1
873
9 21 1
874
2 18 1
875
2 9 1
878
1 8 1
884
6 10 1
887
4 11 1
888
2 11 1
893
2 21 1
895
2 22 1
898
6 16 1
900
1 7 1
906
6 15 1
910
3 6 1
911
2 20 1
918
2 13 1
923
3 16 1
924
3 9 1
925
2 6 1
927
4 15 1
928
2 19 1
934
2 8 1
935
4 18 1
937
8 25 1
942
2 28 1
943
2 24 1
955
3 10 1
963
14 22 1
968
6 28 1
969
1 7 1
972
3 14 1
974
3 6 1
977
1 20 1
978
2 19 1
980
2 13 1
983
1 19 1
984
5 25 1
985
3 7 1
989
1 11 1
992
6 19 1
993
2 27 1
995
1 20 1
999
