800 382 1240 53
24 11 39 30 15 28 38 38 32 19 30 40 22 22 33 19 35 18 34 27 29 23 13 16 19 19 13 36 22 11 32 39 21 29 39 17 12 21 27 12 29 30 22 30 19 24 19 25 26 36 38 30 39 15 24 35 18 26 12 27 15 35 17 27 25 22 29 23 23 15 21 15 17 14 11 17 22 15 21 23 39 30 40 28 24 38 17 18 32 21 34 32 33 34 11 28 11 40 13 24 34 38 18 19 27 17 36 37 14 31 27 24 25 26 27 23 29 24 25 17 25 11 32 40 11 21 29 30 26 17 16 25 17 26 21 18 20 11 23 27 38 15 27 22 32 15 12 36 38 20 14 29 33 19 39 33 35 35 18 35 15 25 36 36 22 26 33 29 28 15 35 39 23 40 40 37 33 26 30 38 26 32 28 27 34 22 14 40 17 14 27 20 24 21 12 18 21 20 24 24 34 21 14 25 33 37 15 38 38 19 11 22 21 37 32 21 38 37 20 21 18 14 25 23 30 35 30 29 12 12 29 24 35 18 36 31 34 26 31 24 38 28 39 32 30 38 17 12 18 13 19 14 37 29 16 37 39 14 36 27 31 17 29 40 15 29 23 17 39 14 14 38 20 18 24 21 15 38 34 31 15 37 20 18 39 18 26 28 21 25 12 14 26 34 18 39 13 27 25 15 25 35 38 22 28 15 25 24 20 30 12 34 21 31 19 18 40 30 40 27 28 25 39 32 28 17 39 16 35 22 34 29 24 24 34 27 24 33 28 24 27 11 37 15 15 39 34 23 30 25 38 36 13 16 20 23 11 20 25 11 30 37 15 25 18 34 20 28 28 37 16 14 23 22 35 18 35 20 37 29 29 31 16 21 35 28 16 34 25 40 20 31 28 37 30 12 11 25 15 37 35 11 37 29 21 38 36 33 38 14 31 22 15 21 21 15 33 25 32 27 24 36 13 35 38 35 11 11 16 32 33 38 27 34 17 11 30 18 40 15 18 30 31 20 38 40 26 23 29 31 24 37 19 39 25 32 15 19 21 21 34 17 24 40 14 21 17 36 36 11 30 14 37 37 19 39 17 37 22 23 34 17 35 12 19 32 29 31 37 32 12 29 39 21 27 14 33 14 22 23 32 34 32 39 37 13 12 17 31 37 25 28 15 38 35 19 13 37 31 19 36 32 19 39 37 17 36 21 35 40 33 34 32 15 33 24 34 19 13 22 15 28 20 22 13 22 29 31 33 36 12 19 35 20 26 13 19 26 37 15 39 23 26 16 26 38 13 19 31 37 33 29 14 40 11 34 13 24 26 39 25 28 31 19 19 35 36 35 25 20 39 38 14 36 12 17 12 36 33 20 13 19 28 19 20 38 36 39 39 15 12 27 30 29 17 31 17 28 13 11 26 13 37 36 18 34 34 21 14 13 39 22 29 17 13 40 28 37 23 23 28 21 22 16 11 11 34 29 35 13 38 32 21 35 18 11 21 31 23 20 40 28 19 34 39 22 24 29 23 29 40 38 21 17 16 25 12 35 31 36 29 31 20 16 26 17 29 29 12 21 16 25 31 22 30 25 23 39 26 23 29 12 32 30 27 23 16 12 29 12 11 15 18 33 20 22 13 39 40 24 17 37 30 40 12 30 23 39 23 23 27 35 13 18 23 17 31 36 25 15 22 19 28 14 18 28 40 18 32 19 40 38 27 37 11 36 36 24 40 23 17 32 22 15 21 28 40 28 31 25 31 19 21 25 36 13 33 30 17 26 23 22 17 17 35 19 22 24 24 32 26 17 32 40 35 28 19 33 27 13
14 1 29 20 5 18 28 28 22 9 20 30 12 12 23 9 25 8 24 17 19 13 3 6 9 9 3 26 12 1 22 29 11 19 29 7 2 11 17 2 19 20 12 20 9 14 9 15 16 26 28 20 29 5 14 25 8 16 2 17 5 25 7 17 15 12 19 13 13 5 11 5 7 4 1 7 12 5 11 13 29 20 30 18 14 28 7 8 22 11 24 22 23 24 1 18 1 30 3 14 24 28 8 9 17 7 26 27 4 21 17 14 15 16 17 13 19 14 15 7 15 1 22 30 1 11 19 20 16 7 6 15 7 16 11 8 10 1 13 17 28 5 17 12 22 5 2 26 28 10 4 19 23 9 29 23 25 25 8 25 5 15 26 26 12 16 23 19 18 5 25 29 13 30 30 27 23 16 20 28 16 22 18 17 24 12 4 30 7 4 17 10 14 11 2 8 11 10 14 14 24 11 4 15 23 27 5 28 28 9 1 12 11 27 22 11 28 27 10 11 8 4 15 13 20 25 20 19 2 2 19 14 25 8 26 21 24 16 21 14 28 18 29 22 20 28 7 2 8 3 9 4 27 19 6 27 29 4 26 17 21 7 19 30 5 19 13 7 29 4 4 28 10 8 14 11 5 28 24 21 5 27 10 8 29 8 16 18 11 15 2 4 16 24 8 29 3 17 15 5 15 25 28 12 18 5 15 14 10 20 2 24 11 21 9 8 30 20 30 17 18 15 29 22 18 7 29 6 25 12 24 19 14 14 24 17 14 23 18 14 17 1 27 5 5 29 24 13 20 15 28 26 3 6 10 13 1 10 15 1 20 27 5 15 8 24 10 18 18 27 6 4 13 12 25 8 25 10 27 19 19 21 6 11 25 18 6 24 15 30 10 21 18 27 20 2 1 15 5 27 25 1 27 19 11 28 26 23 28 4 21 12 5 11 11 5 23 15 22 17 14 26 3 25 28 25 1 1 6 22 23 28 17 24 7 1 20 8 30 5 8 20 21 10 28 30 16 13 19 21 14 27 9 29 15 22 5 9 11 11 24 7 14 30 4 11 7 26 26 1 20 4 27 27 9 29 7 27 12 13 24 7 25 2 9 22 19 21 27 22 2 19 29 11 17 4 23 4 12 13 22 24 22 29 27 3 2 7 21 27 15 18 5 28 25 9 3 27 21 9 26 22 9 29 27 7 26 11 25 30 23 24 22 5 23 14 24 9 3 12 5 18 10 12 3 12 19 21 23 26 2 9 25 10 16 3 9 16 27 5 29 13 16 6 16 28 3 9 21 27 23 19 4 30 1 24 3 14 16 29 15 18 21 9 9 25 26 25 15 10 29 28 4 26 2 7 2 26 23 10 3 9 18 9 10 28 26 29 29 5 2 17 20 19 7 21 7 18 3 1 16 3 27 26 8 24 24 11 4 3 29 12 19 7 3 30 18 27 13 13 18 11 12 6 1 1 24 19 25 3 28 22 11 25 8 1 11 21 13 10 30 18 9 24 29 12 14 19 13 19 30 28 11 7 6 15 2 25 21 26 19 21 10 6 16 7 19 19 2 11 6 15 21 12 20 15 13 29 16 13 19 2 22 20 17 13 6 2 19 2 1 5 8 23 10 12 3 29 30 14 7 27 20 30 2 20 13 29 13 13 17 25 3 8 13 7 21 26 15 5 12 9 18 4 8 18 30 8 22 9 30 28 17 27 1 26 26 14 30 13 7 22 12 5 11 18 30 18 21 15 21 9 11 15 26 3 23 20 7 16 13 12 7 7 25 9 12 14 14 22 16 7 22 30 25 18 9 23 17 3
4 8 17
715 377 172 41 327 168 59 458 271 262 678 300 103 713 511 379 550
2 7 10
581 367 587 175 383 295 47 384 732 790
0 4 5
298 407 714 768 266
2 13 7
310 50 307 322 682 232 571
3 12 12
127 417 645 722 376 213 737 177 780 652 430 304
0 6 3
112 337 91
0 4 9
637 388 764 342 110 513 460 265 775
1 8 9
509 544 565 613 446 725 326 471 505
1 5 12
566 601 179 539 223 518 400 214 751 620 547 250
4 7 18
22 338 29 625 125 290 363 696 81 658 164 180 246 582 437 37 257 472
0 9 1
592
0 2 9
289 463 133 515 44 263 664 53 142
0 9 4
756 335 165 523
0 12 5
706 766 530 336 531
0 10 3
647 577 378
2 13 8
26 8 325 689 603 183 186 80
0 19 1
669
1 8 7
672 85 712 491 173 96 392
3 14 7
710 750 245 615 636 788 357
0 8 4
779 640 27 507
0 4 8
616 521 241 418 240 661 56 212
6 12 13
702 687 514 410 782 745 397 579 701 786 301 757 413
1 5 12
524 681 132 534 569 206 255 564 770 24 709 369
2 8 14
141 312 450 270 146 650 334 794 202 45 799 345 739 199
0 10 2
182 611
0 17 1
704
4 14 8
673 4 277 317 529 134 557 411
4 10 13
382 646 340 609 70 260 147 75 738 86 200 219 435
0 18 2
718 346
1 6 16
281 724 622 6 153 773 747 218 194 208 478 558 408 17 480 329
5 13 14
244 591 150 508 385 404 605 752 675 692 711 167 380 493
1 9 7
561 387 423 595 21 767 573
6 13 15
116 52 229 309 627 771 479 556 31 666 648 238 391 496 171
1 9 6
51 442 140 778 744 285
4 11 11
783 181 459 129 401 733 371 522 610 690 623
1 4 13
215 314 614 373 157 785 239 433 668 746 567 251 736
2 4 19
700 330 143 174 705 226 275 498 332 520 231 421 185 665 466 131 651 308 178
1 13 6
555 684 119 320 124 454
4 12 2
0 95
1 10 2
1 686
12 20 2
2 370
12 24 2
3 535
1 8 1
5
1 26 1
7
13 18 1
9
2 16 3
10 366 551
3 12 2
11 350
11 20 1
12
2 17 2
13 546
3 14 3
14 414 793
6 11 3
15 77 506
3 14 4
16 38 136 660
12 25 2
18 233
1 11 2
19 139
2 10 1
20
8 19 1
23
1 12 3
25 631 635
1 13 2
28 552
1 25 1
30
1 11 1
32
3 18 2
33 273
18 24 1
34
5 17 1
35
3 24 1
36
1 16 1
39
8 15 3
40 607 694
5 16 1
42
1 20 1
43
8 17 2
46 87
4 16 3
48 105 791
6 12 2
49 276
8 18 2
54 409
5 11 1
55
2 9 2
57 462
6 15 3
58 122 344
6 19 1
60
1 22 2
61 278
1 8 1
62
5 13 1
63
6 17 1
64
1 9 3
65 111 193
2 18 2
66 754
3 19 1
67
8 20 2
68 247
1 15 1
69
8 21 1
71
5 10 1
72
5 14 2
73 619
1 23 1
74
5 13 1
76
5 19 1
78
6 20 2
79 403
3 18 1
82
13 22 2
83 626
1 17 1
84
11 19 1
88
5 15 3
89 114 526
3 17 4
90 347 362 594
2 18 2
92 248
4 23 1
93
8 27 2
94 589
1 17 1
97
1 26 2
98 570
5 18 1
99
12 25 3
100 438 482
1 9 1
101
1 11 1
102
6 19 1
104
6 14 2
106 311
3 15 1
107
1 22 1
108
1 10 1
109
12 23 3
113 303 728
9 27 1
115
5 16 2
117 415
18 23 1
118
2 22 1
120
2 18 2
121 356
2 16 1
123
5 18 1
126
4 19 2
128 227
1 21 1
130
1 27 1
135
2 17 1
137
8 20 1
138
8 24 1
144
5 17 2
145 572
3 20 1
148
5 9 1
149
1 19 1
151
6 17 1
152
1 13 1
154
5 16 2
155 321
18 27 2
156 516
3 8 1
158
12 27 1
159
1 21 1
160
3 25 1
161
2 22 2
162 405
1 17 1
163
1 15 1
166
4 16 1
169
2 10 1
170
1 17 1
176
2 23 2
184 436
5 14 2
187 743
1 17 1
188
1 31 1
189
3 14 1
190
5 20 1
191
2 21 2
192 759
2 14 2
195 205
3 20 1
196
8 19 1
197
5 17 1
198
18 22 3
201 269 390
3 10 1
203
1 20 1
204
2 23 1
207
3 17 1
209
4 17 1
210
2 21 1
211
1 27 2
216 242
1 18 3
217 381 540
6 13 1
220
1 27 1
221
5 22 2
222 492
5 18 1
224
1 20 1
225
1 18 2
228 703
1 17 1
230
5 22 1
234
3 14 2
235 586
5 22 4
236 306 649 717
8 20 3
237 634 720
1 8 1
243
1 27 1
249
1 22 1
252
1 18 1
253
2 12 1
254
2 23 1
256
1 28 1
258
1 6 2
259 600
8 21 1
261
1 25 1
264
1 11 2
267 693
3 26 2
268 501
6 19 1
272
3 17 1
274
1 21 2
279 638
5 16 1
280
3 16 1
282
2 15 1
283
4 22 2
284 596
2 17 1
286
3 13 2
287 469
4 13 2
288 495
3 14 2
291 683
1 16 1
292
3 15 2
293 563
1 18 1
294
3 12 1
296
11 20 1
297
3 16 1
299
5 20 2
302 662
1 15 2
305 659
2 15 1
313
5 22 2
315 406
5 23 3
316 354 618
16 23 2
318 676
1 12 2
319 536
5 21 1
323
18 21 1
324
1 26 1
328
1 9 1
331
1 17 1
333
1 15 4
339 416 560 643
1 30 1
341
1 23 1
343
1 24 1
348
11 18 2
349 630
11 20 2
351 497
6 18 1
352
3 18 1
353
5 13 1
355
9 25 2
358 584
4 17 1
359
5 14 3
360 568 588
19 24 1
361
5 21 1
364
5 18 2
365 457
1 9 1
368
3 21 1
372
11 15 1
374
1 13 1
375
2 14 2
386 608
1 29 1
389
3 16 1
393
1 30 1
394
8 14 2
395 762
1 26 1
396
3 23 2
398 434
5 15 1
399
5 21 1
402
5 15 1
412
1 23 1
419
5 18 3
420 473 517
3 17 1
422
1 14 1
424
5 18 1
425
3 17 1
426
12 24 1
427
12 24 1
428
9 21 1
429
5 17 1
431
1 12 2
432 602
11 17 2
439 657
2 19 1
440
1 21 1
441
5 12 1
443
8 21 2
444 639
3 19 1
445
1 32 1
447
1 10 2
448 617
1 10 1
449
18 25 1
451
8 27 1
452
1 32 3
453 748 796
1 30 1
455
3 13 2
456 784
5 22 1
461
8 19 2
464 688
3 9 1
465
6 19 1
467
6 20 1
468
1 7 1
470
9 23 1
474
2 18 1
475
11 19 1
476
3 23 1
477
1 12 2
481 554
5 21 1
483
13 21 1
484
1 14 2
485 512
16 24 3
486 670 798
3 20 1
487
3 20 1
488
5 15 1
489
1 31 1
490
1 14 1
494
1 17 1
499
1 25 1
500
8 16 1
502
6 17 2
503 742
5 18 2
504 578
6 18 1
510
1 12 1
519
8 26 1
525
5 20 1
527
3 17 1
528
1 24 1
532
1 8 2
533 677
1 12 1
537
3 19 1
538
1 29 1
541
1 17 1
542
4 21 1
543
5 19 3
545 549 708
1 30 1
548
8 20 1
553
5 16 1
559
3 12 2
562 777
3 19 1
574
1 11 1
575
2 19 1
576
5 16 1
580
1 16 1
583
8 26 1
585
1 29 1
590
8 25 1
593
2 22 1
597
3 10 1
598
3 22 1
599
3 26 1
604
2 13 1
606
3 13 1
612
4 21 1
621
12 21 1
624
3 14 1
628
12 25 2
629 655
1 31 1
632
1 17 1
633
1 16 1
641
3 22 1
642
3 17 1
644
1 11 1
653
5 17 1
654
12 27 1
656
3 16 1
663
1 14 1
667
1 21 1
671
5 20 1
674
1 8 1
679
1 16 1
680
6 13 1
685
2 8 1
691
4 20 1
695
1 16 1
697
3 20 1
698
1 23 1
699
13 20 1
707
3 15 1
716
1 11 1
719
4 19 1
721
9 26 1
723
3 17 1
726
2 18 1
727
3 11 1
729
1 14 1
730
8 22 1
731
5 17 1
734
5 13 1
735
4 15 1
740
5 21 1
741
3 17 1
749
2 16 1
753
5 15 1
755
16 27 1
758
6 14 1
760
1 28 1
761
1 12 1
763
1 30 1
765
1 15 1
769
2 14 1
772
1 10 1
774
2 16 1
776
1 21 1
781
2 14 1
787
1 7 1
789
6 18 1
792
3 24 1
795
1 19 1
797
