800 389 1240 53
31 25 24 11 36 39 29 40 14 13 36 15 24 17 30 25 18 26 34 15 23 32 36 30 12 25 16 31 35 28 12 36 28 29 40 24 25 33 40 39 32 19 16 11 14 39 35 12 11 40 33 38 33 35 24 20 27 32 37 32 24 40 20 22 39 32 25 29 29 34 14 22 38 22 29 22 23 21 23 28 40 34 23 30 11 15 36 31 28 27 15 25 15 30 34 23 32 18 12 22 12 37 40 13 39 19 40 36 15 40 27 24 25 32 19 32 17 29 34 22 28 39 14 24 28 13 16 17 31 16 16 21 15 23 16 13 26 30 15 34 25 21 18 12 17 16 25 13 26 31 35 28 17 17 40 12 38 14 18 11 39 28 26 39 11 37 36 12 35 34 30 15 36 38 39 26 26 36 28 31 34 31 37 16 19 21 23 14 15 21 23 33 37 17 40 15 39 33 27 22 35 18 11 21 19 28 25 13 11 25 31 27 20 23 21 16 25 13 28 22 16 28 38 28 23 22 18 25 37 31 39 15 13 22 37 30 16 38 22 32 15 23 24 20 31 16 28 26 23 21 29 23 18 38 21 30 16 19 24 27 40 15 13 29 38 29 11 21 27 26 31 29 14 33 13 40 14 34 37 19 37 34 21 22 15 35 27 17 29 17 29 26 30 22 40 27 26 15 19 29 22 17 26 16 25 39 28 35 35 36 40 32 36 40 38 40 34 40 38 30 29 24 35 24 35 27 26 36 23 32 14 23 33 21 33 20 25 14 13 28 22 15 30 29 29 21 24 20 39 22 13 33 18 39 39 29 24 16 19 40 38 39 16 32 13 16 21 34 24 37 28 37 14 13 18 16 12 31 23 37 29 21 36 27 14 40 40 38 15 24 39 26 13 40 33 11 32 32 17 19 30 37 26 29 12 24 16 17 29 23 23 28 19 28 31 33 36 37 32 18 11 17 32 36 33 20 34 32 17 34 34 22 19 19 27 20 30 31 40 38 40 20 20 40 18 37 20 40 34 32 11 21 38 38 27 16 22 38 33 20 13 32 15 30 20 26 38 11 38 39 28 38 15 28 22 30 21 19 36 33 35 26 32 29 22 38 13 32 24 35 39 21 13 28 33 12 24 36 38 34 16 28 27 28 15 20 36 33 22 33 12 16 24 35 33 19 40 16 35 39 26 14 27 14 24 15 13 22 17 36 40 29 13 36 14 30 39 34 16 34 35 35 20 24 31 31 29 33 24 21 16 25 37 15 17 17 28 19 22 32 14 20 33 15 29 33 26 28 30 28 35 38 22 36 12 34 34 30 22 27 38 40 40 19 19 16 32 29 21 21 19 22 32 34 36 13 22 38 20 39 15 23 17 37 40 39 22 16 36 16 27 28 36 35 17 19 26 15 21 22 20 12 38 31 34 17 13 14 37 12 39 32 31 27 28 19 38 33 40 39 40 34 13 29 19 39 33 27 17 21 11 18 32 37 18 38 17 18 25 25 30 14 29 31 14 34 11 14 21 34 18 20 17 39 26 33 16 38 16 14 21 12 32 22 36 24 15 26 13 19 29 14 33 31 18 34 31 32 20 25 18 12 30 20 37 19 16 24 22 25 22 23 14 25 22 38 14 16 14 15 39 23 33 40 17 19 28 31 15 12 40 35 19 40 13 22 14 14 36 32 24 17 30 40 20 28 31 34 31 21 39 17 33 25 35 24 27 40 40 25 11 24 20 12 11 18 20 33 26 33 25 36 21 30 11 18 34 25 30 20 38 18 11 12 20 30 15 35 18 30 26 36 26 11 14 15 28 21 29 22
21 15 14 1 26 29 19 30 4 3 26 5 14 7 20 15 8 16 24 5 13 22 26 20 2 15 6 21 25 18 2 26 18 19 30 14 15 23 30 29 22 9 6 1 4 29 25 2 1 30 23 28 23 25 14 10 17 22 27 22 14 30 10 12 29 22 15 19 19 24 4 12 28 12 19 12 13 11 13 18 30 24 13 20 1 5 26 21 18 17 5 15 5 20 24 13 22 8 2 12 2 27 30 3 29 9 30 26 5 30 17 14 15 22 9 22 7 19 24 12 18 29 4 14 18 3 6 7 21 6 6 11 5 13 6 3 16 20 5 24 15 11 8 2 7 6 15 3 16 21 25 18 7 7 30 2 28 4 8 1 29 18 16 29 1 27 26 2 25 24 20 5 26 28 29 16 16 26 18 21 24 21 27 6 9 11 13 4 5 11 13 23 27 7 30 5 29 23 17 12 25 8 1 11 9 18 15 3 1 15 21 17 10 13 11 6 15 3 18 12 6 18 28 18 13 12 8 15 27 21 29 5 3 12 27 20 6 28 12 22 5 13 14 10 21 6 18 16 13 11 19 13 8 28 11 20 6 9 14 17 30 5 3 19 28 19 1 11 17 16 21 19 4 23 3 30 4 24 27 9 27 24 11 12 5 25 17 7 19 7 19 16 20 12 30 17 16 5 9 19 12 7 16 6 15 29 18 25 25 26 30 22 26 30 28 30 24 30 28 20 19 14 25 14 25 17 16 26 13 22 4 13 23 11 23 10 15 4 3 18 12 5 20 19 19 11 14 10 29 12 3 23 8 29 29 19 14 6 9 30 28 29 6 22 3 6 11 24 14 27 18 27 4 3 8 6 2 21 13 27 19 11 26 17 4 30 30 28 5 14 29 16 3 30 23 1 22 22 7 9 20 27 16 19 2 14 6 7 19 13 13 18 9 18 21 23 26 27 22 8 1 7 22 26 23 10 24 22 7 24 24 12 9 9 17 10 20 21 30 28 30 10 10 30 8 27 10 30 24 22 1 11 28 28 17 6 12 28 23 10 3 22 5 20 10 16 28 1 28 29 18 28 5 18 12 20 11 9 26 23 25 16 22 19 12 28 3 22 14 25 29 11 3 18 23 2 14 26 28 24 6 18 17 18 5 10 26 23 12 23 2 6 14 25 23 9 30 6 25 29 16 4 17 4 14 5 3 12 7 26 30 19 3 26 4 20 29 24 6 24 25 25 10 14 21 21 19 23 14 11 6 15 27 5 7 7 18 9 12 22 4 10 23 5 19 23 16 18 20 18 25 28 12 26 2 24 24 20 12 17 28 30 30 9 9 6 22 19 11 11 9 12 22 24 26 3 12 28 10 29 5 13 7 27 30 29 12 6 26 6 17 18 26 25 7 9 16 5 11 12 10 2 28 21 24 7 3 4 27 2 29 22 21 17 18 9 28 23 30 29 30 24 3 19 9 29 23 17 7 11 1 8 22 27 8 28 7 8 15 15 20 4 19 21 4 24 1 4 11 24 8 10 7 29 16 23 6 28 6 4 11 2 22 12 26 14 5 16 3 9 19 4 23 21 8 24 21 22 10 15 8 2 20 10 27 9 6 14 12 15 12 13 4 15 12 28 4 6 4 5 29 13 23 30 7 9 18 21 5 2 30 25 9 30 3 12 4 4 26 22 14 7 20 30 10 18 21 24 21 11 29 7 23 15 25 14 17 30 30 15 1 14 10 2 1 8 10 23 16 23 15 26 11 20 1 8 24 15 20 10 28 8 1 2 10 20 5 25 8 20 16 26 16 1 4 5 18 11 19 12
1 8 6
58 321 318 756 179 543
0 5 9
2 679 758 555 651 292 27 313 437
1 7 6
373 748 786 429 423 328
1 9 5
95 358 68 301 367
0 10 3
20 83 319
0 6 6
626 31 60 550 434 112
0 12 6
5 216 733 512 142 489
0 12 3
460 533 169
0 3 10
98 36 276 351 521 143 305 392 691 464
0 8 1
200
0 8 5
570 21 167 108 229
1 19 3
593 324 218
1 7 8
701 622 379 536 408 177 650 617
1 9 7
671 160 347 193 716 76 16
0 14 5
94 102 157 495 496
5 11 17
544 705 637 450 63 234 766 369 353 760 470 263 715 639 777 109 124
0 6 5
231 397 293 453 3
1 7 6
487 370 717 134 350 317
0 2 9
365 4 22 43 80 208 349 787 101
1 4 16
490 203 148 55 741 121 175 703 419 580 737 104 11 585 414 14
0 19 1
480
2 12 9
581 377 170 762 775 264 387 583 567
0 12 4
187 28 515 566
0 2 8
457 239 116 659 519 630 128 562
1 10 4
685 560 333 403
1 4 13
320 699 724 125 51 675 603 528 288 174 657 446 645
0 3 10
565 656 497 442 161 402 791 396 431 88
1 11 3
398 608 448
2 13 7
728 348 478 588 85 53 274
1 7 11
57 504 774 117 523 439 99 765 592 133 718
3 11 11
48 752 726 225 224 375 197 327 654 26 386
1 6 9
488 584 779 105 469 540 280 589 29
0 1 10
357 144 150 600 706 171 47 346 118 776
2 11 9
415 664 702 185 366 298 141 422 477
0 2 10
299 709 262 549 456 680 40 1 607 131
0 10 3
111 182 452
0 12 5
69 248 623 33 201
2 8 12
281 643 282 672 329 754 734 425 730 740 432 404
3 15 7
291 553 295 780 742 449 516
6 15 15
311 482 158 597 621 526 222 13 534 290 604 361 37 498 500
2 9 12
673 468 770 66 249 316 530 52 93 388 579 713
2 9 1
0
1 10 3
6 259 374
2 14 2
7 310
7 18 1
8
4 20 2
9 551
1 13 2
10 557
2 15 2
12 235
3 16 1
15
8 21 1
17
8 24 1
18
5 17 1
19
5 15 3
23 300 648
1 12 1
24
4 18 1
25
2 17 2
30 168
4 15 1
32
3 17 1
34
5 14 2
35 363
6 20 2
38 359
17 26 1
39
7 22 3
41 441 506
2 16 3
42 727 735
1 11 3
44 127 238
2 8 5
45 413 632 719 793
3 14 1
46
5 13 1
49
5 15 2
50 683
2 13 4
54 119 237 341
5 16 2
56 223
1 13 3
59 418 451
2 11 2
61 72
2 10 2
62 406
2 18 1
64
3 17 1
65
4 22 2
67 289
6 18 1
70
3 14 2
71 163
3 26 1
73
4 17 1
74
1 7 2
75 100
1 19 1
77
1 6 1
78
1 11 3
79 376 667
3 13 1
81
8 28 2
82 354
1 13 3
84 380 511
1 5 2
86 547
3 23 1
87
1 14 2
89 371
5 17 2
90 443
6 16 2
91 137
2 17 1
92
3 9 1
96
3 16 3
97 277 575
5 14 1
103
2 10 1
106
1 12 1
107
5 13 1
110
3 21 1
113
1 3 1
114
6 16 3
115 207 420
5 19 1
120
11 23 3
122 473 669
3 16 1
123
1 28 2
126 591
14 22 2
129 798
2 15 1
130
5 17 2
132 696
4 22 1
135
6 22 1
136
7 22 1
138
11 27 1
139
1 13 3
140 149 606
7 19 1
145
4 18 1
146
3 20 1
147
14 30 1
151
3 9 3
152 542 768
3 19 1
153
3 16 1
154
2 9 2
155 233
1 15 2
156 655
1 10 3
159 272 576
3 23 1
162
5 22 2
164 294
1 27 1
165
4 8 1
166
3 18 1
172
4 16 2
173 505
4 16 3
176 232 666
6 15 2
178 384
3 23 4
180 283 342 788
2 11 2
181 792
4 16 1
183
1 11 3
184 524 635
1 6 1
186
5 23 1
188
5 17 2
189 245
3 16 1
190
1 14 2
191 309
1 22 1
192
3 12 2
194 479
2 10 1
195
1 9 1
196
2 17 2
198 228
4 19 1
199
1 7 3
202 532 692
4 14 2
204 682
8 22 2
205 499
6 19 1
206
8 21 2
209 670
1 15 1
210
3 16 1
211
7 18 2
212 287
5 12 1
213
2 14 2
214 594
4 13 1
215
2 11 1
217
4 15 1
219
2 14 1
220
18 28 4
221 362 510 629
2 18 3
226 250 261
1 3 1
227
2 12 2
230 578
4 14 1
236
4 17 1
240
5 21 1
241
14 24 4
242 256 527 633
13 26 1
243
3 14 2
244 732
1 17 1
246
1 8 1
247
1 29 1
251
4 13 1
252
4 19 2
253 612
2 14 1
254
5 20 1
255
7 16 1
257
5 17 2
258 546
2 12 1
260
3 18 1
265
6 19 1
266
8 34 1
267
3 16 2
268 467
5 19 1
269
4 14 1
270
6 17 1
271
3 27 2
273 796
7 25 1
275
2 14 1
278
1 9 1
279
2 25 1
284
3 16 1
285
8 24 1
286
1 7 2
296 312
2 7 3
297 323 564
4 11 1
302
3 13 1
303
17 24 1
304
2 14 2
306 764
3 22 1
307
1 11 1
308
1 26 1
314
5 17 1
315
4 16 1
322
2 18 1
325
1 10 2
326 712
1 11 1
330
1 21 1
331
2 15 1
332
1 5 1
334
4 12 2
335 461
1 15 1
336
4 15 1
337
3 17 1
338
4 19 1
339
14 26 1
340
3 21 1
343
3 23 1
344
2 20 2
345 381
1 5 1
352
6 21 3
355 747 797
3 24 1
356
3 22 1
360
7 18 1
364
3 18 1
368
2 18 1
372
3 31 1
378
1 11 1
382
1 8 1
383
5 11 1
385
6 18 1
389
3 19 2
390 660
1 18 2
391 503
6 25 2
393 663
3 15 1
394
2 16 2
395 686
5 15 2
399 577
6 17 1
400
3 19 1
401
3 15 2
405 695
6 21 1
407
2 10 1
409
2 15 1
410
3 20 1
411
1 4 1
412
2 21 2
416 687
1 14 1
417
3 15 2
421 708
1 8 1
424
4 18 1
426
3 21 1
427
3 22 1
428
2 17 1
430
3 18 1
433
5 15 3
435 465 476
14 26 1
436
5 16 2
438 616
1 21 2
440 641
1 5 2
444 722
4 16 1
445
4 26 2
447 773
1 10 1
454
2 18 3
455 628 677
5 21 1
458
3 22 1
459
8 32 2
462 710
4 15 1
463
8 19 1
466
7 18 1
471
5 21 1
472
3 14 1
474
2 12 1
475
1 14 1
481
1 9 1
483
1 23 2
484 743
1 16 2
485 729
4 19 2
486 789
4 16 1
491
1 7 1
492
13 22 2
493 586
8 24 1
494
2 19 2
501 513
7 20 2
502 558
6 16 1
507
1 29 1
508
4 14 1
509
1 17 2
514 746
5 27 1
517
8 30 2
518 688
1 13 2
520 596
7 17 1
522
4 17 2
525 611
3 20 2
529 720
6 20 2
531 647
2 11 2
535 615
1 13 1
537
1 5 1
538
1 12 1
539
4 12 1
541
3 19 1
545
8 20 1
548
1 4 1
552
13 24 1
554
1 15 1
556
2 14 2
559 757
5 19 1
561
11 23 1
563
2 6 1
568
1 17 1
569
5 12 1
571
3 21 1
572
1 16 1
573
5 15 1
574
5 25 1
582
2 17 1
587
2 12 1
590
6 20 1
595
4 22 1
598
3 23 1
599
3 19 1
601
4 14 1
602
3 18 1
605
2 9 1
609
1 14 1
610
2 16 1
613
3 20 1
614
2 15 1
618
1 23 2
619 694
8 30 1
620
4 13 1
624
1 4 1
625
2 17 1
627
3 18 1
631
3 19 1
634
3 27 1
636
1 12 1
638
2 15 2
640 738
8 20 1
642
3 27 1
644
1 27 1
646
11 23 1
649
3 25 1
652
1 8 1
653
4 18 2
658 749
2 13 1
661
8 26 1
662
1 17 1
665
1 8 1
668
7 15 1
674
3 21 1
676
1 10 1
678
5 18 1
681
6 20 2
684 761
6 21 1
689
1 13 1
690
5 15 1
693
5 24 2
697 759
3 19 1
698
1 16 2
700 753
3 18 1
704
11 27 1
707
2 15 1
711
2 14 1
714
3 16 1
721
2 13 1
723
7 21 1
725
1 11 1
731
3 20 1
736
1 9 1
739
2 11 1
744
1 17 2
745 771
3 22 1
750
5 14 1
751
3 16 1
755
1 13 1
763
1 10 1
767
3 25 1
769
5 13 1
772
1 12 1
778
5 16 1
781
5 25 1
782
3 20 1
783
6 21 1
784
5 20 1
785
1 10 1
790
1 15 2
794 795
5 19 1
799
