300 196 465 20
34 35 21 30 36 32 28 17 30 32 25 16 23 19 14 15 33 12 14 33 25 28 34 18 30 32 28 27 20 18 39 15 35 22 18 27 28 27 15 11 12 18 22 14 19 17 11 16 27 30 11 32 27 23 38 34 30 39 34 21 35 24 23 39 13 31 37 33 40 11 12 37 36 18 29 15 12 17 21 26 25 33 23 21 36 14 23 22 30 26 30 35 38 35 14 26 36 33 19 33 29 40 12 17 17 16 37 28 28 40 20 12 16 16 36 18 31 29 25 16 15 30 24 40 23 27 21 20 38 17 12 19 21 22 22 29 35 25 19 28 19 13 36 20 34 27 26 34 13 13 17 38 37 11 12 13 29 40 25 16 31 13 29 40 23 16 11 26 32 17 17 22 34 22 24 21 29 25 25 40 14 40 29 36 13 15 24 39 14 16 20 11 13 40 40 40 21 15 25 36 16 15 24 28 19 27 33 16 18 26 27 18 13 35 16 17 33 23 33 21 17 30 26 27 24 20 11 39 36 24 17 23 34 37 27 11 12 40 19 35 37 36 12 29 36 29 28 11 32 35 40 40 32 28 12 40 12 24 40 28 36 17 33 17 23 13 29 15 27 39 24 31 11 31 37 14 29 37 24 24 20 20 14 37 40 38 13 20 11 18 28 27 18 22 34 29 40 21 37 20
24 25 11 20 26 22 18 7 20 22 15 6 13 9 4 5 23 2 4 23 15 18 24 8 20 22 18 17 10 8 29 5 25 12 8 17 18 17 5 1 2 8 12 4 9 7 1 6 17 20 1 22 17 13 28 24 20 29 24 11 25 14 13 29 3 21 27 23 30 1 2 27 26 8 19 5 2 7 11 16 15 23 13 11 26 4 13 12 20 16 20 25 28 25 4 16 26 23 9 23 19 30 2 7 7 6 27 18 18 30 10 2 6 6 26 8 21 19 15 6 5 20 14 30 13 17 11 10 28 7 2 9 11 12 12 19 25 15 9 18 9 3 26 10 24 17 16 24 3 3 7 28 27 1 2 3 19 30 15 6 21 3 19 30 13 6 1 16 22 7 7 12 24 12 14 11 19 15 15 30 4 30 19 26 3 5 14 29 4 6 10 1 3 30 30 30 11 5 15 26 6 5 14 18 9 17 23 6 8 16 17 8 3 25 6 7 23 13 23 11 7 20 16 17 14 10 1 29 26 14 7 13 24 27 17 1 2 30 9 25 27 26 2 19 26 19 18 1 22 25 30 30 22 18 2 30 2 14 30 18 26 7 23 7 13 3 19 5 17 29 14 21 1 21 27 4 19 27 14 14 10 10 4 27 30 28 3 10 1 8 18 17 8 12 24 19 30 11 27 10
0 7 4
244 291 82 248
1 14 3
204 293 109
1 9 8
297 65 249 127 17 78 66 189
0 11 1
46
1 13 4
255 177 97 253
3 16 7
175 22 152 235 264 278 92
0 10 2
20 41
0 25 1
172
1 9 6
4 28 47 128 209 192
1 13 5
239 274 221 30 276
1 8 6
34 212 211 115 260 271
0 16 2
114 14
0 7 5
170 62 16 299 203
0 8 1
108
0 5 1
110
1 14 3
29 258 15
0 10 2
57 148
1 11 4
19 39 142 129
0 9 2
139 141
0 8 3
202 259 53
0 15 1
67
0 13 1
280
0 15 2
132 135
2 11 5
146 234 171 261 89
0 6 2
181 196
2 12 7
284 58 123 197 143 21 88
2 11 6
83 282 155 233 185 54
1 9 6
281 119 286 165 13 154
1 9 5
12 183 27 24 166
0 14 3
187 31 194
0 8 5
252 268 283 107 265
1 16 3
161 163 153
1 11 4
56 182 117 158
6 23 2
0 251
3 24 1
1
3 19 1
2
2 18 1
3
7 27 2
5 289
1 16 1
6
4 20 1
7
1 32 1
8
1 26 1
9
3 24 1
10
4 22 2
11 263
4 20 2
18 191
2 21 1
23
4 19 1
25
4 18 1
26
2 24 1
32
1 18 1
33
1 18 2
35 231
5 22 1
36
5 27 1
37
3 21 1
38
1 35 1
40
2 25 1
42
2 24 1
43
3 16 1
44
3 17 1
45
1 37 1
48
2 15 1
49
2 17 1
50
1 20 2
51 99
3 20 2
52 199
3 21 1
55
1 23 1
59
3 27 1
60
4 23 1
61
2 22 1
63
2 13 1
64
6 21 2
68 164
1 22 1
69
9 23 2
70 100
1 32 1
71
4 19 2
72 288
8 20 1
73
3 21 1
74
4 21 1
75
2 15 1
76
1 19 1
77
4 17 1
79
1 18 1
80
2 15 2
81 91
1 36 1
84
2 19 1
85
3 17 1
86
3 24 2
87 195
1 37 1
90
6 29 1
93
6 22 2
94 298
3 26 1
95
3 23 1
96
2 17 1
98
7 28 1
101
7 20 1
102
2 20 1
103
4 23 1
104
2 17 1
105
1 39 1
106
3 19 1
111
1 17 1
112
5 22 1
113
1 19 1
116
4 21 1
118
1 33 1
120
3 19 1
121
6 18 2
122 144
1 19 1
124
2 26 1
125
3 26 1
126
3 24 1
130
5 20 1
131
2 23 1
133
5 29 1
134
3 19 1
136
3 26 1
137
1 26 1
138
1 24 1
140
1 21 1
145
1 19 1
147
1 14 1
149
1 21 1
150
2 30 1
151
6 25 1
156
3 30 1
157
3 23 1
159
3 28 1
160
3 21 1
162
3 27 1
167
1 21 1
168
3 19 1
169
2 19 1
173
4 22 1
174
1 39 1
176
1 13 1
178
1 21 1
179
1 22 1
180
4 25 1
184
3 26 1
186
3 23 1
188
3 24 1
190
4 24 1
193
3 16 1
198
1 38 1
200
1 17 1
201
3 28 1
205
1 31 1
206
5 24 1
207
1 23 2
208 254
3 18 1
210
1 21 1
213
8 21 2
214 238
2 20 1
215
1 20 1
216
3 23 1
217
3 23 1
218
1 16 1
219
4 20 1
220
1 35 1
222
2 18 1
223
3 29 1
224
1 15 1
225
3 20 1
226
1 16 1
227
4 19 1
228
3 23 1
229
4 20 1
230
3 29 1
232
4 22 1
236
1 33 1
237
1 19 1
240
1 20 1
241
3 23 1
242
1 22 1
243
4 20 1
245
1 12 1
246
2 22 1
247
5 29 1
250
3 18 2
256 262
3 19 1
257
5 27 1
266
1 14 1
267
1 33 1
269
6 24 1
270
4 25 1
272
1 19 1
273
1 39 1
275
6 32 1
277
2 24 1
279
2 14 1
285
3 22 1
287
4 23 1
290
5 22 1
292
1 14 1
294
3 31 1
295
2 25 1
296
