700 371 1085 47
22 14 21 34 18 16 15 23 16 16 16 17 35 27 28 16 40 32 31 22 19 23 35 31 35 25 12 11 11 14 15 17 33 29 15 34 28 27 31 19 25 14 20 33 24 20 13 17 35 29 22 14 32 34 24 31 26 33 35 28 18 25 29 40 39 27 39 13 32 19 29 34 22 26 38 29 34 11 37 35 32 25 23 40 27 39 26 28 29 34 33 13 28 28 20 25 24 25 18 29 21 32 18 30 33 21 15 17 21 19 27 20 14 26 28 39 19 20 28 20 20 27 12 34 14 31 17 28 16 28 36 25 17 12 36 32 25 23 29 33 26 23 12 36 16 40 20 12 25 32 21 34 21 35 22 33 30 12 17 39 18 29 26 34 23 11 14 19 15 39 23 27 11 30 16 13 23 39 35 14 34 34 20 32 22 19 32 13 38 37 12 27 20 22 35 29 37 13 20 20 38 34 23 21 36 17 38 34 29 12 38 34 22 35 28 14 38 14 28 32 33 21 25 18 30 28 39 26 34 18 35 25 28 40 20 17 21 38 17 13 14 32 22 30 17 27 38 37 11 20 27 37 38 13 33 40 13 31 35 37 27 13 19 11 12 15 33 13 29 19 20 32 35 30 22 15 33 37 16 21 31 11 38 23 14 29 17 16 12 12 34 32 27 38 15 31 25 32 28 37 33 17 27 31 30 25 18 39 21 27 28 25 36 37 18 12 18 36 23 26 39 37 19 33 25 32 30 25 24 19 28 19 26 38 16 15 32 37 33 14 39 22 40 13 40 21 13 40 27 35 20 16 25 37 18 18 16 20 12 28 12 20 28 23 20 14 13 28 24 21 12 25 20 12 29 36 23 17 19 26 32 16 29 27 40 27 13 22 32 34 11 35 39 37 25 28 32 25 11 24 33 38 32 35 38 37 34 21 11 39 31 27 12 15 24 37 34 33 19 29 21 24 14 38 16 23 22 23 22 28 23 11 30 11 17 33 34 25 11 38 24 21 33 15 18 39 17 40 16 31 38 11 36 22 31 27 18 34 17 33 18 22 16 27 20 35 34 39 15 22 17 31 30 28 30 17 12 33 12 35 16 12 37 35 25 11 33 17 38 38 38 21 39 39 15 11 37 40 29 25 22 21 18 19 12 34 38 24 13 39 30 38 12 32 13 25 16 36 21 22 22 22 23 21 17 24 20 19 26 16 23 30 27 30 37 24 31 26 37 29 16 17 29 40 11 30 24 12 18 11 29 34 16 19 32 40 12 24 15 22 27 14 39 35 11 20 38 12 16 37 34 35 11 35 32 29 38 25 14 25 33 22 32 19 27 14 32 22 12 36 13 14 21 18 40 30 18 39 28 32 16 33 14 34 19 39 19 35 28 32 34 36 39 14 35 11 24 26 30 38 31 17 25 27 32 26 29 24 19 12 34 37 37 30 18 40 32 16 21 27 30 24 26 40 24 29 19 11 20 24 21 17 24 13 12 20 39 17 12 30 24 11 31 15 23 32 36 16 16 23 21 28 12 34 23 14 25 25 38 40 36 29 34 22 25 13 14 12 23 36 35 27 33 36 15 24 28 35 30 20
12 4 11 24 8 6 5 13 6 6 6 7 25 17 18 6 30 22 21 12 9 13 25 21 25 15 2 1 1 4 5 7 23 19 5 24 18 17 21 9 15 4 10 23 14 10 3 7 25 19 12 4 22 24 14 21 16 23 25 18 8 15 19 30 29 17 29 3 22 9 19 24 12 16 28 19 24 1 27 25 22 15 13 30 17 29 16 18 19 24 23 3 18 18 10 15 14 15 8 19 11 22 8 20 23 11 5 7 11 9 17 10 4 16 18 29 9 10 18 10 10 17 2 24 4 21 7 18 6 18 26 15 7 2 26 22 15 13 19 23 16 13 2 26 6 30 10 2 15 22 11 24 11 25 12 23 20 2 7 29 8 19 16 24 13 1 4 9 5 29 13 17 1 20 6 3 13 29 25 4 24 24 10 22 12 9 22 3 28 27 2 17 10 12 25 19 27 3 10 10 28 24 13 11 26 7 28 24 19 2 28 24 12 25 18 4 28 4 18 22 23 11 15 8 20 18 29 16 24 8 25 15 18 30 10 7 11 28 7 3 4 22 12 20 7 17 28 27 1 10 17 27 28 3 23 30 3 21 25 27 17 3 9 1 2 5 23 3 19 9 10 22 25 20 12 5 23 27 6 11 21 1 28 13 4 19 7 6 2 2 24 22 17 28 5 21 15 22 18 27 23 7 17 21 20 15 8 29 11 17 18 15 26 27 8 2 8 26 13 16 29 27 9 23 15 22 20 15 14 9 18 9 16 28 6 5 22 27 23 4 29 12 30 3 30 11 3 30 17 25 10 6 15 27 8 8 6 10 2 18 2 10 18 13 10 4 3 18 14 11 2 15 10 2 19 26 13 7 9 16 22 6 19 17 30 17 3 12 22 24 1 25 29 27 15 18 22 15 1 14 23 28 22 25 28 27 24 11 1 29 21 17 2 5 14 27 24 23 9 19 11 14 4 28 6 13 12 13 12 18 13 1 20 1 7 23 24 15 1 28 14 11 23 5 8 29 7 30 6 21 28 1 26 12 21 17 8 24 7 23 8 12 6 17 10 25 24 29 5 12 7 21 20 18 20 7 2 23 2 25 6 2 27 25 15 1 23 7 28 28 28 11 29 29 5 1 27 30 19 15 12 11 8 9 2 24 28 14 3 29 20 28 2 22 3 15 6 26 11 12 12 12 13 11 7 14 10 9 16 6 13 20 17 20 27 14 21 16 27 19 6 7 19 30 1 20 14 2 8 1 19 24 6 9 22 30 2 14 5 12 17 4 29 25 1 10 28 2 6 27 24 25 1 25 22 19 28 15 4 15 23 12 22 9 17 4 22 12 2 26 3 4 11 8 30 20 8 29 18 22 6 23 4 24 9 29 9 25 18 22 24 26 29 4 25 1 14 16 20 28 21 7 15 17 22 16 19 14 9 2 24 27 27 20 8 30 22 6 11 17 20 14 16 30 14 19 9 1 10 14 11 7 14 3 2 10 29 7 2 20 14 1 21 5 13 22 26 6 6 13 11 18 2 24 13 4 15 15 28 30 26 19 24 12 15 3 4 2 13 26 25 17 23 26 5 14 18 25 20 10
1 9 6
399 505 554 55 211 43
2 9 8
113 664 561 163 406 252 8 691
3 11 13
477 89 71 194 694 141 338 585 605 42 394 259 522
0 7 7
153 553 287 186 445 625 191
0 12 1
634
2 16 6
101 127 531 271 621 86
0 12 3
149 591 540
0 3 7
158 432 523 164 572 442 150
0 10 3
313 69 604
0 6 1
105
5 15 11
206 216 125 355 567 382 594 566 201 76 302
0 9 4
81 58 195 208
1 11 6
133 441 314 500 439 88
0 6 3
381 237 180
1 4 16
348 678 547 198 644 686 192 467 4 444 215 114 152 395 667 264
1 9 7
7 167 139 193 44 405 40
4 12 12
543 225 603 171 655 87 15 658 485 598 692 638
1 10 8
560 409 534 699 285 53 21 635
0 5 5
17 300 418 131 184
0 3 5
389 428 695 19 345
0 12 1
640
0 10 1
369
0 2 12
305 223 682 607 279 378 493 202 697 179 510 511
1 5 11
46 289 138 119 367 68 134 47 689 2 377
0 8 3
94 197 107
1 4 13
668 156 176 183 696 371 360 66 123 59 589 596 233
0 4 6
372 45 129 357 542 140
0 5 7
344 261 423 551 446 515 108
1 12 5
111 587 291 411 576
0 16 2
484 397
0 11 1
592
2 9 8
577 10 569 182 272 517 323 175
4 10 16
333 226 251 11 545 559 330 260 637 593 49 347 676 132 240 130
2 13 8
51 1 48 419 427 482 456 74
0 3 8
244 568 465 103 78 247 253 636
3 7 10
502 39 653 403 601 31 361 356 91 234
0 9 2
322 557
0 11 3
145 256 319
1 9 8
410 146 258 97 672 178 196 597
2 10 9
282 530 32 303 528 115 514 239 104
0 7 2
535 310
3 20 2
0 693
11 26 2
3 316
3 15 2
5 690
1 11 2
6 339
4 13 1
9
2 21 1
12
1 6 2
13 434
3 16 1
14
3 14 4
16 77 161 609
6 25 2
18 325
4 16 3
20 99 165
1 14 2
22 673
1 9 1
23
2 16 1
24
3 16 4
25 143 536 654
9 18 1
26
2 28 2
27 177
2 27 1
28
2 10 1
29
2 10 1
30
2 13 2
33 588
2 22 1
34
2 7 4
35 374 616 659
3 16 2
36 575
6 20 2
37 462
3 16 2
38 595
7 23 1
41
5 19 1
50
1 17 1
52
1 11 1
54
5 21 1
56
4 19 2
57 354
3 10 1
60
5 19 1
61
2 22 2
62 424
3 20 1
63
3 21 1
64
2 12 2
65 386
4 19 1
67
2 15 1
70
2 9 3
72 174 469
8 18 2
73 168
6 17 1
75
2 12 1
79
4 21 1
80
5 28 1
82
3 8 1
83
2 14 3
84 440 452
4 16 1
85
5 22 1
90
2 23 1
92
4 11 1
93
3 22 2
95 400
4 20 2
96 109
1 15 2
98 270
2 14 2
100 584
5 17 2
102 121
3 21 1
106
2 7 4
110 277 415 606
5 20 2
112 375
1 14 1
116
3 9 1
117
2 27 1
118
1 14 1
120
1 8 1
122
3 16 2
124 358
2 10 2
126 564
5 18 1
128
2 7 1
135
2 22 1
136
2 19 1
137
8 23 1
142
11 19 2
144 284
1 15 1
147
2 26 1
148
2 16 1
151
4 15 2
154 628
2 22 1
155
9 19 2
157 479
2 9 1
159
2 10 1
160
1 9 1
162
8 19 1
166
3 17 1
169
2 21 1
170
2 21 1
172
1 15 1
173
11 21 2
181 217
1 15 2
185 499
4 17 1
187
1 7 1
188
7 25 1
189
2 14 1
190
1 15 1
199
1 20 1
200
4 9 2
203 324
3 15 1
204
2 16 1
205
8 26 2
207 364
1 15 2
209 408
2 5 2
210 683
2 11 2
212 231
1 15 1
213
6 21 1
214
9 20 1
218
6 21 1
219
2 20 1
220
3 16 1
221
5 29 2
222 488
2 19 2
224 580
3 15 1
227
4 16 1
228
2 16 2
229 236
5 18 1
230
2 15 1
232
4 14 1
235
1 13 1
238
3 8 3
241 391 472
3 13 1
242
4 17 1
243
1 21 1
245
2 16 1
246
3 14 3
248 278 677
10 17 1
249
2 10 2
250 421
2 15 2
254 623
10 23 1
255
5 18 1
257
3 26 2
262 674
1 10 1
263
2 19 1
265
2 18 1
266
2 12 1
267
1 18 1
268
3 21 2
269 280
3 20 1
273
2 12 1
274
2 12 1
275
1 20 1
276
7 19 1
281
1 15 1
283
5 23 1
286
2 8 2
288 602
4 17 4
290 451 513 549
2 20 1
292
2 24 1
293
4 19 1
294
3 20 1
295
1 12 2
296 453
9 21 1
297
1 10 1
298
3 15 1
299
8 23 1
301
8 25 2
304 519
3 13 1
306
3 20 1
307
5 18 1
308
3 14 1
309
2 25 2
311 518
2 12 1
312
4 11 1
315
4 20 1
317
4 16 2
318 622
8 19 2
320 468
1 23 1
321
5 24 1
326
5 19 2
327 337
1 10 1
328
3 11 2
329 385
2 7 2
331 581
9 24 2
332 643
4 17 1
334
5 25 1
335
4 13 3
336 393 501
1 13 2
340 533
6 19 1
341
6 20 2
342 558
2 17 1
343
2 14 2
346 436
2 13 2
349 619
2 12 1
350
4 12 2
351 376
4 14 1
352
1 15 1
353
2 13 1
359
2 12 1
362
2 15 1
363
2 8 1
365
2 11 1
366
2 13 1
368
3 20 2
370 520
10 19 2
373 556
5 23 1
379
2 8 1
380
2 16 1
383
5 21 1
384
2 17 1
387
2 12 2
388 390
2 18 1
392
1 11 1
396
4 13 1
398
5 24 1
401
3 14 1
402
5 25 1
404
4 17 1
407
1 15 1
412
5 18 1
413
2 10 1
414
1 15 1
416
5 21 1
417
4 14 2
420 574
6 24 2
422 599
5 25 1
425
2 15 1
426
2 7 1
429
1 12 1
430
2 13 1
431
8 24 1
433
1 19 1
435
2 27 1
437
2 12 1
438
3 11 1
443
3 15 1
447
1 11 1
448
2 14 2
449 681
2 12 2
450 578
4 16 1
454
8 28 1
455
1 23 1
457
6 22 1
458
1 19 1
459
1 20 3
460 544 615
3 19 1
461
5 20 1
463
3 18 1
464
1 8 1
466
2 11 1
470
1 16 1
471
4 20 1
473
1 9 1
474
4 15 1
475
2 5 1
476
1 21 1
478
4 14 1
480
5 19 1
481
2 20 1
483
2 14 1
486
4 17 1
487
5 22 1
489
1 7 1
490
1 15 2
491 633
7 18 1
492
2 21 1
494
1 12 1
495
7 18 1
496
2 8 3
497 649 652
2 25 2
498 648
11 23 1
503
8 22 1
504
2 14 1
506
5 23 1
507
6 19 1
508
3 15 1
509
1 13 2
512 541
2 15 1
516
4 19 2
521 608
2 6 1
524
1 16 1
525
1 16 1
526
4 13 1
527
7 16 1
529
2 20 1
532
5 18 3
537 548 630
5 17 1
538
2 14 1
539
3 13 1
546
2 6 1
550
4 16 1
552
4 20 2
555 698
2 19 1
562
1 18 1
563
2 15 1
565
8 20 1
570
2 22 1
571
5 24 1
573
3 16 1
579
2 18 1
582
1 17 1
583
2 10 1
586
4 19 2
590 639
2 21 1
600
3 13 1
610
6 23 1
611
2 11 1
612
2 19 1
613
5 18 1
614
4 13 1
617
8 18 1
618
1 21 1
620
2 24 1
624
1 23 1
626
1 21 1
627
4 14 1
629
5 24 1
631
2 25 1
632
1 8 1
641
2 19 1
642
2 23 1
645
2 17 1
646
2 21 1
647
2 14 1
650
1 16 1
651
5 22 1
656
2 16 1
657
1 21 1
660
7 24 1
661
2 19 1
662
3 12 1
663
2 28 1
665
4 17 1
666
4 13 1
669
1 15 1
670
2 16 1
671
2 20 1
675
10 16 1
679
4 20 1
680
2 11 1
684
4 14 1
685
8 20 1
687
2 9 1
688
