1000 501 1550 67
36 18 30 18 22 18 22 30 28 27 31 28 30 19 15 37 36 32 23 32 29 17 18 35 37 34 13 39 15 29 32 40 30 36 35 17 40 16 38 39 29 20 14 30 35 37 11 39 25 33 23 33 23 33 38 16 21 32 22 26 24 20 12 33 16 23 33 30 40 11 24 20 30 39 39 36 35 20 27 32 20 32 14 11 20 39 20 22 38 11 25 31 23 13 17 13 11 12 23 24 28 33 21 31 15 15 19 28 16 32 12 18 24 22 18 31 21 12 30 28 38 40 28 13 24 26 17 25 34 18 19 21 28 15 23 33 34 34 27 18 26 27 30 19 29 29 25 35 11 37 16 40 21 25 31 14 38 12 40 40 38 12 19 40 27 18 36 29 29 20 22 37 13 38 23 34 29 16 22 18 11 11 38 15 20 38 23 28 14 27 14 14 38 38 19 29 38 27 34 31 26 24 38 11 32 30 39 19 35 20 18 12 13 17 25 11 38 15 12 31 14 27 33 40 26 34 17 31 26 11 27 23 35 15 11 40 11 14 16 12 19 13 36 15 14 12 22 40 26 33 16 31 24 24 27 32 40 23 16 35 23 39 24 21 21 38 19 13 38 33 22 33 20 34 25 12 32 16 36 26 40 37 39 37 38 30 33 18 38 28 18 14 38 31 30 15 17 20 22 20 23 14 36 15 23 17 33 26 18 32 30 13 22 21 38 14 24 21 14 16 30 29 16 34 27 25 17 13 22 17 38 11 18 22 24 12 18 31 22 32 36 38 14 38 14 31 38 12 13 31 37 11 16 12 35 12 18 34 28 29 21 30 20 13 27 37 26 18 17 24 38 31 25 38 16 28 28 24 24 21 39 20 29 11 30 32 40 24 25 16 13 27 17 28 19 30 11 24 25 36 17 29 13 20 39 14 23 38 13 13 33 19 38 40 11 20 19 20 34 19 26 38 12 26 28 27 24 30 21 25 11 39 38 34 22 13 23 15 11 24 25 18 37 29 28 38 31 23 40 24 13 29 17 12 23 40 17 28 30 38 20 19 32 21 25 21 27 39 39 27 21 11 37 40 35 27 34 31 21 13 17 38 36 30 23 20 25 34 28 14 13 34 16 22 20 14 36 22 38 17 29 34 36 21 17 34 25 38 23 28 24 34 15 24 13 25 25 37 40 36 28 36 11 30 31 15 28 32 24 37 11 15 13 25 26 14 20 20 20 16 19 21 24 19 36 29 34 20 23 21 16 21 27 18 15 17 36 14 26 23 36 17 28 39 29 25 27 33 32 22 12 11 15 35 27 21 21 32 16 37 15 33 27 19 22 37 25 21 25 14 23 26 23 38 18 26 34 35 31 35 33 17 35 17 35 28 17 28 29 22 27 18 22 18 30 32 13 35 31 33 26 34 35 20 16 24 20 40 16 25 38 22 28 16 17 19 30 24 22 16 28 25 39 29 25 26 26 30 16 23 27 18 39 39 28 30 12 18 33 11 31 35 14 23 12 40 28 34 34 23 18 27 12 20 16 26 32 34 23 34 32 32 33 33 25 31 39 27 19 25 31 24 18 13 36 31 21 28 34 20 33 33 18 11 24 12 23 21 26 35 40 30 34 15 11 11 25 35 33 36 18 33 13 15 27 12 25 39 13 16 15 35 15 18 29 21 20 20 23 20 37 16 20 31 12 17 17 34 34 34 16 26 11 12 40 35 27 37 39 12 15 29 25 17 34 40 19 21 36 33 26 11 12 30 30 26 20 34 30 17 18 14 36 22 11 37 22 28 15 21 17 14 25 15 28 38 33 28 15 16 29 15 20 29 39 25 30 30 35 26 26 39 15 13 30 36 36 15 31 34 40 37 34 33 31 24 33 15 22 23 21 11 25 39 36 25 21 31 37 35 39 33 22 39 22 15 18 31 38 20 33 27 37 33 39 19 24 16 25 14 16 40 19 28 40 29 11 26 38 13 19 13 30 33 34 13 19 33 16 32 28 38 31 29 20 13 38 30 25 14 38 24 14 27 24 22 33 34 23 21 31 30 18 27 16 20 14 32 34 33 23 39 22 21 33 34 35 13 13 38 21 32 19 29 15 14 22 24 11 18 11 38 31 12 37 25 31 29 16 27 33 26 29 20 25 15 14 20 13 35 13 19 23 18 13 40 19 37 13 21 14 27 27 19 12 37 19 34 17 21 29 20 30 28 13 26 29 26 36 36 16 22 27 26 22 30 13 39 13 30 14 21 16 37 40 17 20 33 37 27
26 8 20 8 12 8 12 20 18 17 21 18 20 9 5 27 26 22 13 22 19 7 8 25 27 24 3 29 5 19 22 30 20 26 25 7 30 6 28 29 19 10 4 20 25 27 1 29 15 23 13 23 13 23 28 6 11 22 12 16 14 10 2 23 6 13 23 20 30 1 14 10 20 29 29 26 25 10 17 22 10 22 4 1 10 29 10 12 28 1 15 21 13 3 7 3 1 2 13 14 18 23 11 21 5 5 9 18 6 22 2 8 14 12 8 21 11 2 20 18 28 30 18 3 14 16 7 15 24 8 9 11 18 5 13 23 24 24 17 8 16 17 20 9 19 19 15 25 1 27 6 30 11 15 21 4 28 2 30 30 28 2 9 30 17 8 26 19 19 10 12 27 3 28 13 24 19 6 12 8 1 1 28 5 10 28 13 18 4 17 4 4 28 28 9 19 28 17 24 21 16 14 28 1 22 20 29 9 25 10 8 2 3 7 15 1 28 5 2 21 4 17 23 30 16 24 7 21 16 1 17 13 25 5 1 30 1 4 6 2 9 3 26 5 4 2 12 30 16 23 6 21 14 14 17 22 30 13 6 25 13 29 14 11 11 28 9 3 28 23 12 23 10 24 15 2 22 6 26 16 30 27 29 27 28 20 23 8 28 18 8 4 28 21 20 5 7 10 12 10 13 4 26 5 13 7 23 16 8 22 20 3 12 11 28 4 14 11 4 6 20 19 6 24 17 15 7 3 12 7 28 1 8 12 14 2 8 21 12 22 26 28 4 28 4 21 28 2 3 21 27 1 6 2 25 2 8 24 18 19 11 20 10 3 17 27 16 8 7 14 28 21 15 28 6 18 18 14 14 11 29 10 19 1 20 22 30 14 15 6 3 17 7 18 9 20 1 14 15 26 7 19 3 10 29 4 13 28 3 3 23 9 28 30 1 10 9 10 24 9 16 28 2 16 18 17 14 20 11 15 1 29 28 24 12 3 13 5 1 14 15 8 27 19 18 28 21 13 30 14 3 19 7 2 13 30 7 18 20 28 10 9 22 11 15 11 17 29 29 17 11 1 27 30 25 17 24 21 11 3 7 28 26 20 13 10 15 24 18 4 3 24 6 12 10 4 26 12 28 7 19 24 26 11 7 24 15 28 13 18 14 24 5 14 3 15 15 27 30 26 18 26 1 20 21 5 18 22 14 27 1 5 3 15 16 4 10 10 10 6 9 11 14 9 26 19 24 10 13 11 6 11 17 8 5 7 26 4 16 13 26 7 18 29 19 15 17 23 22 12 2 1 5 25 17 11 11 22 6 27 5 23 17 9 12 27 15 11 15 4 13 16 13 28 8 16 24 25 21 25 23 7 25 7 25 18 7 18 19 12 17 8 12 8 20 22 3 25 21 23 16 24 25 10 6 14 10 30 6 15 28 12 18 6 7 9 20 14 12 6 18 15 29 19 15 16 16 20 6 13 17 8 29 29 18 20 2 8 23 1 21 25 4 13 2 30 18 24 24 13 8 17 2 10 6 16 22 24 13 24 22 22 23 23 15 21 29 17 9 15 21 14 8 3 26 21 11 18 24 10 23 23 8 1 14 2 13 11 16 25 30 20 24 5 1 1 15 25 23 26 8 23 3 5 17 2 15 29 3 6 5 25 5 8 19 11 10 10 13 10 27 6 10 21 2 7 7 24 24 24 6 16 1 2 30 25 17 27 29 2 5 19 15 7 24 30 9 11 26 23 16 1 2 20 20 16 10 24 20 7 8 4 26 12 1 27 12 18 5 11 7 4 15 5 18 28 23 18 5 6 19 5 10 19 29 15 20 20 25 16 16 29 5 3 20 26 26 5 21 24 30 27 24 23 21 14 23 5 12 13 11 1 15 29 26 15 11 21 27 25 29 23 12 29 12 5 8 21 28 10 23 17 27 23 29 9 14 6 15 4 6 30 9 18 30 19 1 16 28 3 9 3 20 23 24 3 9 23 6 22 18 28 21 19 10 3 28 20 15 4 28 14 4 17 14 12 23 24 13 11 21 20 8 17 6 10 4 22 24 23 13 29 12 11 23 24 25 3 3 28 11 22 9 19 5 4 12 14 1 8 1 28 21 2 27 15 21 19 6 17 23 16 19 10 15 5 4 10 3 25 3 9 13 8 3 30 9 27 3 11 4 17 17 9 2 27 9 24 7 11 19 10 20 18 3 16 19 16 26 26 6 12 17 16 12 20 3 29 3 20 4 11 6 27 30 7 10 23 27 17
0 11 1
505
2 9 8
681 162 677 639 168 898 437 172
0 10 3
737 549 685
1 6 8
253 191 546 62 349 761 562 758
2 12 6
769 45 631 753 222 273
0 17 2
140 711
2 11 7
230 770 974 211 455 534 848
3 11 9
541 153 188 987 578 777 365 317 553
4 14 11
104 598 307 68 855 309 745 427 834 823 78
3 11 8
483 225 928 383 461 507 542 649
1 5 8
444 610 656 462 392 650 503 500
1 7 7
996 845 579 991 329 736 127
0 13 2
485 475
2 8 12
688 195 565 597 159 95 43 783 200 131 270 614
0 4 7
543 916 871 396 666 453 293
1 14 4
13 232 999 298
0 22 2
506 679
2 11 7
730 128 217 424 171 573 938
0 6 8
345 992 272 294 277 333 426 238
0 6 9
287 965 862 923 448 717 228 699 702
0 9 3
686 961 166
2 14 7
84 108 6 998 456 722 896
0 17 2
652 820
1 8 6
313 94 811 77 223 254
0 11 3
370 612 308
2 15 7
660 38 751 149 756 47 216
0 4 10
231 779 460 296 5 764 829 812 984 136
1 11 5
510 545 638 875 540
4 9 13
384 720 132 269 864 98 724 224 322 205 133 235 23
3 13 9
911 682 366 659 423 668 1 39 297
0 5 8
693 936 116 762 772 73 247 963
2 13 6
206 315 490 459 484 323
4 14 10
501 407 526 244 842 616 622 728 934 997
0 5 4
775 710 918 351
2 8 10
995 321 664 749 139 354 434 160 977 420
0 6 7
44 361 285 615 398 559 405
0 20 2
795 584
1 8 8
240 850 586 97 88 983 186 429
4 12 10
689 185 504 900 252 326 134 66 242 566
3 10 12
446 243 430 2 435 493 147 742 802 327 502 394
2 11 10
786 494 360 537 117 418 402 861 314 46
1 7 9
236 275 63 626 604 933 198 487 856
2 11 5
61 174 954 58 302
0 10 3
291 41 663
1 11 5
480 944 554 729 799
2 10 6
816 640 606 755 670 726
3 12 9
840 114 481 197 830 74 337 18 367
4 14 7
417 817 220 17 857 978 25
2 10 7
357 532 521 101 692 250 478
2 11 9
99 706 636 780 608 633 605 715 877
3 14 8
54 921 381 523 530 838 130 496
0 6 4
661 798 827 766
0 5 8
634 266 931 879 624 589 449 362
0 3 11
512 651 630 962 536 515 572 125 746 881 757
0 14 3
571 628 697
0 7 3
320 472 306
1 15 5
705 14 619 642 470
5 11 13
935 667 732 410 262 92 792 414 184 318 538 908 930
2 8 9
835 952 784 617 849 625 237 210 887
0 5 4
53 479 372 528
5 11 11
178 50 902 760 675 678 814 148 311 826 35
1 11 4
915 7 607 866
0 3 8
825 750 52 212 632 551 860 657
0 19 1
482
5 11 14
691 581 214 144 363 910 31 303 11 102 328 813 683 251
1 8 6
486 42 213 966 26 869
1 18 4
653 533 115 28
1 17 6
627 90 467 680 986 181
2 13 6
215 558 821 336 712 330
0 11 3
994 106 3
0 14 3
374 620 903
3 10 11
674 218 256 673 421 876 904 409 32 946 947
0 10 3
305 655 844
1 7 8
419 735 278 135 600 343 377 292
0 4 11
716 917 942 790 30 836 397 859 529 516 261
0 6 5
274 355 847 800 645
0 7 3
797 49 163
0 6 7
299 828 173 12 752 577 868
2 9 7
809 312 143 892 356 895 517
0 8 2
290 970
5 13 12
880 150 325 388 852 498 953 432 438 123 0 234
1 6 8
613 156 263 82 36 596 433 37
0 14 1
316
0 5 6
776 86 389 57 347 990
0 6 6
491 264 175 556 350 301
1 23 1
4
2 17 1
8
1 18 1
9
1 9 1
10
4 19 1
15
6 25 1
16
3 11 2
19 447
2 20 1
20
4 19 1
21
4 21 1
22
5 26 2
24 283
1 21 1
27
6 22 1
29
1 17 1
33
7 25 1
34
2 15 1
40
7 22 1
48
2 13 1
51
1 17 1
55
1 27 1
56
2 17 1
59
1 15 1
60
1 28 1
64
3 24 1
65
2 14 2
67 520
2 34 1
69
6 22 3
70 508 948
2 22 1
71
1 12 1
72
4 19 1
75
2 17 1
76
3 14 1
79
4 25 1
80
1 13 1
81
3 26 1
83
3 12 1
85
4 25 1
87
2 26 1
89
3 19 1
91
3 18 1
93
4 21 1
96
4 19 1
100
5 22 1
103
2 12 1
105
2 16 1
107
7 24 1
109
5 25 1
110
1 22 1
111
5 21 2
112 863
1 17 1
113
8 25 1
118
5 22 1
119
2 22 2
120 557
2 20 1
121
2 22 1
122
3 29 1
124
1 16 1
126
5 22 1
129
3 14 1
137
1 9 1
138
3 18 1
141
4 22 1
142
1 14 1
145
1 18 1
146
2 13 1
151
1 12 1
152
2 17 1
154
1 15 1
155
1 24 1
157
3 25 1
158
1 11 1
161
2 25 1
164
2 14 1
165
2 17 1
167
2 19 1
169
1 16 1
170
7 25 1
176
1 22 1
177
8 27 1
179
1 16 1
180
1 11 1
182
3 19 1
183
4 14 1
187
2 10 1
189
7 23 1
190
5 26 1
192
5 19 1
193
1 29 1
194
1 27 1
196
3 20 1
199
3 19 1
201
2 14 1
202
1 19 1
203
1 20 1
204
7 21 1
207
1 11 1
208
7 22 2
209 957
2 12 1
219
1 26 1
221
1 17 1
226
1 32 1
227
1 18 1
229
1 12 1
233
2 17 1
239
2 14 1
241
1 14 1
245
5 19 1
246
7 21 2
248 568
2 13 1
249
2 17 1
255
1 11 1
257
1 14 1
258
1 16 1
259
2 12 1
260
2 19 1
265
1 21 1
267
2 21 1
268
1 20 1
271
5 21 1
276
1 25 1
279
1 18 1
280
3 28 1
281
4 23 1
282
7 23 1
284
1 17 1
286
1 20 1
288
6 25 1
289
1 12 2
295 443
5 23 1
300
1 11 1
304
1 13 1
310
1 13 1
319
9 24 1
324
1 16 1
331
1 26 1
332
2 11 1
334
5 16 1
335
5 16 1
338
2 12 1
339
3 16 1
340
1 34 1
341
2 17 1
342
3 16 1
344
1 14 1
346
2 8 1
348
4 19 1
352
5 20 1
353
2 29 1
358
6 27 1
359
4 20 1
364
1 23 1
368
8 26 2
369 406
1 24 1
371
1 32 2
373 513
5 22 1
375
1 15 1
376
8 20 2
378 951
2 16 1
379
2 16 1
380
1 28 1
382
5 20 1
385
3 19 1
386
1 21 2
387 959
1 8 1
390
2 15 1
391
4 19 1
393
2 10 1
395
2 25 1
399
3 16 1
400
3 21 1
401
5 22 1
403
1 13 1
404
3 22 1
408
1 19 1
411
3 15 1
412
5 25 2
413 519
7 21 1
415
2 19 1
416
9 25 2
422 593
8 23 1
425
1 10 1
428
4 24 1
431
1 21 1
436
2 13 1
439
2 27 1
440
2 15 1
441
8 22 1
442
3 16 1
445
3 21 1
450
4 18 1
451
1 16 1
452
1 14 1
454
9 26 1
457
1 28 1
458
3 27 1
463
2 16 1
464
1 13 1
465
2 19 1
466
2 19 1
468
3 16 1
469
2 18 1
471
2 22 2
473 988
3 24 1
474
1 25 1
476
1 27 1
477
1 8 1
488
2 17 1
489
8 27 1
492
2 35 1
495
1 9 1
497
1 16 1
499
1 17 1
509
1 35 1
511
2 15 1
514
1 28 1
518
3 18 1
522
1 15 1
524
4 18 1
525
1 18 1
527
1 20 1
531
1 25 1
535
2 14 1
539
1 11 1
544
1 17 1
547
2 22 1
548
5 22 1
550
2 15 1
552
3 15 1
555
1 11 1
560
2 18 1
561
5 19 1
563
2 30 1
564
6 19 1
567
1 15 1
569
1 17 1
570
2 10 1
574
4 21 1
575
5 21 1
576
7 18 1
580
1 22 1
582
5 21 1
583
2 21 1
585
2 33 1
587
5 24 1
588
1 8 1
590
7 27 1
591
1 14 1
592
7 21 1
594
3 25 1
595
1 16 1
599
1 18 1
601
1 17 1
602
1 14 1
603
3 14 1
609
2 22 1
611
3 20 1
618
1 12 1
621
1 18 1
623
2 16 1
629
1 23 1
635
5 25 1
637
7 21 1
641
2 16 1
643
1 16 1
644
2 25 1
646
5 25 1
647
1 12 1
648
1 24 1
654
2 17 1
658
4 14 1
662
1 11 1
665
2 12 1
669
4 18 1
671
2 18 1
672
3 25 1
676
9 26 1
684
4 30 1
687
2 20 1
690
1 12 1
694
4 15 1
695
3 17 1
696
4 25 1
698
4 24 1
700
7 24 1
701
3 22 1
703
1 24 1
704
4 28 1
707
3 29 1
708
4 17 1
709
5 16 1
713
2 11 1
714
2 14 1
718
2 14 1
719
4 30 1
721
3 13 1
723
3 22 1
725
1 24 1
727
5 19 1
731
9 23 1
733
1 18 1
734
2 18 1
738
1 16 1
739
1 14 1
740
7 20 1
741
2 17 1
743
5 21 1
744
5 22 1
747
3 23 1
748
5 19 1
754
4 19 1
759
1 17 1
763
1 13 1
765
8 25 1
767
4 31 1
768
1 16 1
771
2 19 1
773
4 24 2
774 956
5 22 1
778
1 18 1
781
5 21 1
782
2 10 1
785
5 24 1
787
3 21 1
788
4 15 1
789
3 16 1
791
1 13 1
793
4 16 1
794
3 25 1
796
2 26 1
801
1 16 1
803
8 22 1
804
1 14 1
805
3 23 1
806
2 18 1
807
1 14 1
808
1 14 1
810
2 33 1
815
2 12 1
818
1 17 2
819 886
1 19 1
822
1 15 1
824
4 22 1
831
1 11 1
832
1 17 1
833
1 23 1
837
1 15 1
839
6 27 1
841
5 19 1
843
6 23 1
846
1 17 1
851
8 24 1
853
8 27 1
854
1 20 1
858
5 19 1
865
2 14 1
867
3 18 1
870
1 13 1
872
3 11 1
873
6 25 1
874
2 25 1
878
3 23 1
882
2 16 1
883
1 28 1
884
3 26 1
885
10 26 1
888
4 15 1
889
2 18 1
890
1 11 1
891
7 22 1
893
1 19 1
894
4 22 1
897
4 13 1
899
1 13 1
901
1 18 1
905
3 17 1
906
1 13 1
907
2 20 1
909
1 25 1
912
8 24 1
913
4 18 1
914
5 25 1
919
4 20 1
920
3 23 1
922
1 20 1
924
2 14 1
925
4 21 1
926
1 9 1
927
2 22 1
929
2 19 1
932
1 21 1
937
2 18 1
939
2 19 1
940
2 25 1
941
1 15 1
943
8 27 1
945
1 14 1
949
1 17 1
950
1 14 1
955
1 17 1
958
1 21 1
960
1 10 1
964
1 22 1
967
2 17 1
968
4 17 1
969
3 24 1
971
9 23 1
972
1 14 1
973
3 22 1
975
1 21 1
976
3 13 1
979
2 19 1
980
3 17 1
981
6 22 1
982
3 22 1
985
5 20 1
989
1 19 1
993
