500 290 775 33
12 32 40 17 26 26 28 36 29 34 28 21 19 27 14 28 27 35 38 23 39 25 31 35 39 38 25 33 29 39 38 24 35 12 21 36 21 12 22 34 40 28 40 37 35 18 11 24 40 36 11 23 16 12 31 28 35 29 13 24 37 31 28 18 20 19 32 16 14 27 38 26 20 36 32 15 33 39 28 39 13 23 13 18 40 20 19 11 35 33 20 28 16 30 40 25 16 33 38 39 21 40 36 39 26 13 32 34 21 20 29 39 39 40 16 21 26 14 37 28 14 28 22 27 11 32 40 16 13 15 21 32 27 17 29 32 13 13 25 31 25 40 35 28 28 35 40 28 38 31 31 31 36 25 16 30 20 31 23 38 14 28 19 24 21 39 27 13 26 29 35 11 24 37 14 34 27 19 14 24 32 32 28 21 38 34 24 24 19 35 30 11 35 23 28 38 34 33 33 38 35 36 33 34 37 13 37 24 30 22 23 31 40 18 14 15 32 25 32 15 37 15 34 32 30 32 36 13 35 20 12 11 21 12 21 37 25 11 14 20 23 32 16 20 32 18 33 13 30 28 27 32 21 23 21 33 31 37 39 37 32 27 21 37 18 35 14 39 13 12 14 17 22 30 35 22 25 25 27 36 28 39 19 18 19 11 13 40 37 14 24 33 39 26 20 15 28 33 37 21 35 40 40 35 11 16 13 15 25 34 22 34 27 19 29 23 29 38 12 32 17 19 21 13 15 29 24 39 40 37 22 33 37 23 21 27 25 40 24 25 20 13 37 40 28 34 17 22 16 21 17 14 22 22 33 29 23 28 33 32 30 14 31 18 40 36 28 24 11 23 17 17 11 23 39 34 19 17 40 14 31 24 15 11 15 13 27 27 36 40 37 33 11 40 35 16 27 35 37 19 32 18 35 21 40 32 17 24 30 25 16 22 25 36 38 25 39 39 12 27 19 19 37 17 24 34 26 29 11 33 18 40 16 35 32 39 17 23 23 19 35 27 40 27 15 40 39 28 24 37 21 13 25 39 30 15 39 36 36 36 19 37 36 11 39 40 40 33 37 37 12 37 25 38 15 37 30 38 19 40 19 31 25 20 18 33 38 30 20 30 32 39 32 28 37 29 11 38 12 20
2 22 30 7 16 16 18 26 19 24 18 11 9 17 4 18 17 25 28 13 29 15 21 25 29 28 15 23 19 29 28 14 25 2 11 26 11 2 12 24 30 18 30 27 25 8 1 14 30 26 1 13 6 2 21 18 25 19 3 14 27 21 18 8 10 9 22 6 4 17 28 16 10 26 22 5 23 29 18 29 3 13 3 8 30 10 9 1 25 23 10 18 6 20 30 15 6 23 28 29 11 30 26 29 16 3 22 24 11 10 19 29 29 30 6 11 16 4 27 18 4 18 12 17 1 22 30 6 3 5 11 22 17 7 19 22 3 3 15 21 15 30 25 18 18 25 30 18 28 21 21 21 26 15 6 20 10 21 13 28 4 18 9 14 11 29 17 3 16 19 25 1 14 27 4 24 17 9 4 14 22 22 18 11 28 24 14 14 9 25 20 1 25 13 18 28 24 23 23 28 25 26 23 24 27 3 27 14 20 12 13 21 30 8 4 5 22 15 22 5 27 5 24 22 20 22 26 3 25 10 2 1 11 2 11 27 15 1 4 10 13 22 6 10 22 8 23 3 20 18 17 22 11 13 11 23 21 27 29 27 22 17 11 27 8 25 4 29 3 2 4 7 12 20 25 12 15 15 17 26 18 29 9 8 9 1 3 30 27 4 14 23 29 16 10 5 18 23 27 11 25 30 30 25 1 6 3 5 15 24 12 24 17 9 19 13 19 28 2 22 7 9 11 3 5 19 14 29 30 27 12 23 27 13 11 17 15 30 14 15 10 3 27 30 18 24 7 12 6 11 7 4 12 12 23 19 13 18 23 22 20 4 21 8 30 26 18 14 1 13 7 7 1 13 29 24 9 7 30 4 21 14 5 1 5 3 17 17 26 30 27 23 1 30 25 6 17 25 27 9 22 8 25 11 30 22 7 14 20 15 6 12 15 26 28 15 29 29 2 17 9 9 27 7 14 24 16 19 1 23 8 30 6 25 22 29 7 13 13 9 25 17 30 17 5 30 29 18 14 27 11 3 15 29 20 5 29 26 26 26 9 27 26 1 29 30 30 23 27 27 2 27 15 28 5 27 20 28 9 30 9 21 15 10 8 23 28 20 10 20 22 29 22 18 27 19 1 28 2 10
1 9 6
317 113 376 154 71 272
0 10 5
85 412 185 205 199
2 16 5
55 474 241 198 52
2 11 7
260 326 401 19 408 78 264
0 17 2
273 380
0 6 4
221 69 462 101
0 10 2
432 207
0 7 5
309 451 409 421 30
1 7 8
28 268 97 150 75 220 485 10
0 19 1
467
2 18 5
42 453 316 425 155
0 12 1
230
2 17 4
354 251 46 471
0 6 4
137 102 259 293
1 15 4
254 67 104 402
0 16 1
384
0 11 4
351 115 152 183
1 12 2
74 206
0 13 1
248
1 12 5
108 12 175 173 489
0 7 4
348 54 283 90
0 15 2
362 433
0 13 2
181 447
0 12 3
21 192 110
0 5 5
499 456 119 96 363
0 8 2
240 331
2 12 6
112 469 132 81 271 355
0 23 1
159
0 15 1
187
0 6 8
440 267 130 379 455 239 370 418
0 9 2
176 3
1 16 3
398 194 270
1 10 2
36 45
0 15 1
128
1 9 7
157 266 494 391 488 164 377
3 17 6
184 483 145 350 365 2
0 17 1
289
1 13 6
482 77 347 428 91 88
0 11 3
60 153 261
0 14 4
310 118 434 106
0 14 2
44 290
2 14 6
190 400 34 364 133 422
0 7 4
441 166 490 151
0 17 2
22 59
1 14 4
170 53 438 140
1 17 4
79 279 487 307
1 11 4
191 375 233 120
0 10 2
247 381
0 8 2
385 111
1 8 4
136 242 229 169
0 12 2
188 100
0 11 3
356 367 301
0 6 3
123 258 209
0 11 3
392 237 177
1 13 4
339 182 256 431
0 15 4
93 314 328 486
0 11 3
131 306 333
1 13 3
217 305 201
0 10 5
41 420 296 116 445
0 10 2
343 253
0 13 1
475
0 18 1
349
1 15 4
246 197 117 56
1 13 5
99 211 276 89 281
3 14 6
250 416 139 353 245 439
1 15 4
292 27 437 232
0 11 3
295 8 371
0 8 2
291 465
2 12 7
225 20 358 73 212 9 162
2 13 6
357 122 443 47 406 450
0 8 5
477 37 107 23 492
0 13 2
143 346
0 11 3
335 446 480
2 9 5
179 83 127 407 352
2 13 7
497 424 226 214 216 33 129
1 15 5
413 82 64 459 15
0 10 3
372 255 332
2 19 1
0
1 34 1
1
1 22 1
4
2 31 1
5
1 22 1
6
2 22 1
7
1 14 1
11
2 20 1
13
4 22 1
14
2 30 1
16
2 26 1
17
3 29 1
18
2 28 1
24
5 29 1
25
3 25 1
26
1 26 1
29
1 20 1
31
3 27 1
32
1 23 1
35
1 23 1
38
3 27 1
39
2 22 1
40
4 35 1
43
1 31 1
48
1 20 1
49
2 23 1
50
1 24 1
51
1 35 1
57
4 28 1
58
2 28 1
61
1 24 1
62
2 22 1
63
2 21 1
65
1 17 1
66
3 21 1
68
2 18 1
70
1 16 1
72
4 25 1
76
1 25 1
80
2 28 1
84
1 22 1
86
1 22 1
87
1 23 1
92
3 27 1
94
1 20 1
95
1 21 1
98
2 20 1
103
3 33 1
105
1 32 1
109
3 19 1
114
5 24 1
121
1 19 1
124
5 21 1
125
2 20 1
126
2 25 1
134
1 19 1
135
2 24 1
138
2 24 2
141 163
1 20 1
142
1 18 1
144
1 25 1
146
3 24 1
147
3 29 1
148
1 13 1
149
1 17 1
156
1 18 1
158
1 26 1
160
1 24 1
161
2 24 1
165
3 27 1
167
1 19 1
168
2 26 1
171
1 18 1
172
1 19 1
174
1 21 1
178
1 25 1
180
3 28 1
186
3 24 1
189
1 16 1
193
3 27 1
195
1 26 1
196
1 21 1
200
2 26 1
202
1 18 1
203
1 14 1
204
2 29 2
208 399
2 26 1
210
1 23 1
213
3 23 1
215
2 29 1
218
1 15 1
219
1 23 1
222
2 26 1
223
3 21 1
224
3 26 1
227
1 23 1
228
1 26 1
231
1 23 1
234
2 24 1
235
4 22 1
236
2 35 1
238
1 13 1
243
1 23 1
244
1 24 1
249
2 26 1
252
1 33 1
257
1 27 1
262
1 23 1
263
4 30 1
265
1 25 1
269
2 23 1
274
2 23 1
275
1 19 1
277
1 22 1
278
1 23 1
280
1 25 1
282
1 28 1
284
4 30 1
285
1 18 1
286
2 19 1
287
1 22 1
288
4 27 2
294 478
1 22 1
297
1 23 1
298
4 23 1
299
1 17 1
300
1 20 1
302
1 18 1
303
1 36 1
304
1 27 1
308
2 30 1
311
1 24 1
312
1 34 1
313
3 29 1
315
4 37 2
318 458
2 22 1
319
2 21 1
320
1 17 1
321
4 26 2
322 373
1 18 1
323
1 22 1
324
1 15 1
325
1 21 1
327
1 27 1
329
3 25 1
330
1 15 1
334
1 20 1
336
1 16 1
337
1 32 1
338
2 24 2
340 426
1 31 1
341
1 27 1
342
3 21 1
344
2 33 1
345
1 20 1
359
3 29 1
360
2 21 1
361
1 19 1
366
1 19 1
368
4 29 1
369
2 19 1
374
1 21 1
378
2 25 1
382
2 23 2
383 466
2 19 1
386
2 28 1
387
2 30 1
388
1 25 1
389
2 32 1
390
1 22 1
393
1 21 1
394
3 32 1
395
1 17 1
396
1 29 1
397
1 20 1
403
2 23 1
404
1 19 1
405
1 24 1
410
1 18 1
411
2 23 1
414
4 27 1
415
1 27 1
417
1 23 1
419
1 23 1
423
1 13 1
427
2 29 1
429
3 26 1
430
1 15 1
435
1 15 1
436
2 27 1
442
1 19 1
444
2 23 1
448
1 16 1
449
1 30 1
452
1 17 1
454
1 30 1
457
1 20 1
460
3 29 1
461
1 19 1
463
1 25 1
464
3 22 1
468
1 23 1
470
2 21 1
472
2 25 1
473
2 23 1
476
2 25 1
479
1 16 1
481
1 26 1
484
1 26 1
491
1 16 1
493
2 26 1
495
2 27 1
496
1 21 1
498
