1000 448 1550 67
31 39 32 36 15 39 28 17 38 34 24 24 28 17 26 29 11 14 14 38 22 23 34 32 13 13 37 29 24 38 23 14 23 22 12 20 39 11 28 32 39 38 38 28 18 22 28 14 18 34 21 36 36 39 36 25 35 14 11 11 27 17 31 28 34 23 17 33 28 11 30 15 40 26 38 26 16 19 12 25 35 23 22 37 28 25 28 23 22 34 32 29 27 21 12 22 33 15 40 13 28 34 15 18 11 28 19 36 31 20 24 14 30 40 13 33 36 16 39 39 34 25 27 35 20 12 12 32 14 27 12 11 17 11 27 23 20 36 40 32 24 19 18 12 36 14 19 37 11 33 19 28 14 33 21 34 30 40 19 29 20 20 38 35 30 33 24 14 18 28 23 11 39 31 26 24 35 24 18 40 26 35 23 18 37 17 28 40 30 36 27 21 20 27 29 26 21 14 15 17 33 18 36 37 31 22 38 24 22 30 19 34 36 21 37 37 15 37 35 40 27 35 21 29 17 14 26 33 13 37 39 12 34 26 25 22 40 23 17 38 34 29 34 11 22 33 25 22 26 39 33 12 23 23 14 18 19 31 32 26 20 32 15 26 25 22 15 13 17 26 40 19 33 18 18 31 29 29 12 29 34 35 19 19 14 12 32 38 15 35 38 37 25 29 23 26 13 30 29 27 14 22 22 18 34 40 40 20 31 34 14 34 34 25 15 12 33 14 36 17 39 18 30 38 38 13 30 36 18 38 24 27 32 32 40 22 18 21 16 14 30 19 17 20 16 17 23 37 26 12 40 24 26 33 22 30 20 19 35 24 40 39 24 23 40 39 13 17 19 13 25 40 11 13 37 32 24 26 31 35 14 36 40 35 34 18 29 19 39 19 36 20 35 22 28 15 26 12 35 33 23 14 25 22 39 27 13 18 38 31 31 31 12 12 39 37 22 12 22 38 20 32 17 17 12 11 18 34 19 26 35 23 37 35 39 24 38 36 18 34 35 38 27 26 14 27 28 24 12 40 18 11 27 11 20 36 31 30 31 35 15 21 23 22 15 30 16 19 37 23 39 16 39 11 26 25 11 13 12 27 39 36 13 11 14 22 22 29 32 23 15 38 31 20 36 21 18 25 23 17 38 39 25 16 37 11 23 36 37 13 21 29 30 39 16 21 31 40 12 34 36 20 34 17 31 29 17 33 24 20 14 12 24 25 16 20 34 11 12 38 40 23 23 12 37 19 27 32 24 18 29 36 26 24 22 25 40 39 26 20 22 16 21 26 36 14 19 26 21 18 17 37 18 33 24 32 27 23 25 13 18 23 15 20 24 19 14 21 29 35 11 34 26 13 19 11 12 40 18 14 40 23 24 18 11 32 17 23 28 11 30 35 21 34 31 15 31 20 21 17 22 31 31 11 25 13 35 23 39 27 31 38 15 20 19 15 25 24 32 35 22 16 11 39 40 39 12 22 14 26 12 29 15 25 32 21 35 35 11 33 34 20 16 33 15 13 26 39 29 18 25 27 29 33 33 21 38 25 22 31 36 23 24 32 27 16 39 14 26 14 38 21 27 20 24 28 25 32 12 15 40 15 18 20 20 30 27 30 34 37 40 37 36 14 27 16 25 29 15 21 34 14 26 31 40 20 29 24 14 30 15 33 19 38 27 18 37 25 39 12 38 38 19 30 32 21 29 24 16 18 29 11 13 11 18 29 22 40 18 18 28 19 16 21 29 14 20 29 15 25 36 22 16 19 28 38 38 33 33 26 19 19 26 20 40 25 31 21 35 21 37 23 28 23 23 40 38 12 36 27 27 21 14 27 20 32 34 12 22 26 15 39 19 27 34 17 15 25 19 14 13 22 32 15 33 16 13 30 17 20 22 34 27 31 18 34 21 37 36 24 23 35 31 16 24 32 24 34 25 19 37 21 29 19 28 39 35 28 40 17 32 24 37 16 33 21 29 13 24 27 29 13 36 25 37 35 38 20 32 39 25 36 36 31 12 15 40 33 21 14 40 12 29 17 39 17 12 14 31 37 11 38 30 24 37 36 17 24 32 36 21 38 13 12 29 13 12 26 23 35 23 29 12 13 22 14 40 23 28 16 24 14 12 15 17 27 23 20 33 40 18 40 34 28 12 35 16 29 23 16 36 28 25 24 40 30 17 40 23 22 35 21 14 30 18 23 40 37 33 25 31 40 23 27 27 29 14 11 30 19 21 15 22 13 36 14 14 14 33 30 27 21 14 34 24 26 28 20 30 26
21 29 22 26 5 29 18 7 28 24 14 14 18 7 16 19 1 4 4 28 12 13 24 22 3 3 27 19 14 28 13 4 13 12 2 10 29 1 18 22 29 28 28 18 8 12 18 4 8 24 11 26 26 29 26 15 25 4 1 1 17 7 21 18 24 13 7 23 18 1 20 5 30 16 28 16 6 9 2 15 25 13 12 27 18 15 18 13 12 24 22 19 17 11 2 12 23 5 30 3 18 24 5 8 1 18 9 26 21 10 14 4 20 30 3 23 26 6 29 29 24 15 17 25 10 2 2 22 4 17 2 1 7 1 17 13 10 26 30 22 14 9 8 2 26 4 9 27 1 23 9 18 4 23 11 24 20 30 9 19 10 10 28 25 20 23 14 4 8 18 13 1 29 21 16 14 25 14 8 30 16 25 13 8 27 7 18 30 20 26 17 11 10 17 19 16 11 4 5 7 23 8 26 27 21 12 28 14 12 20 9 24 26 11 27 27 5 27 25 30 17 25 11 19 7 4 16 23 3 27 29 2 24 16 15 12 30 13 7 28 24 19 24 1 12 23 15 12 16 29 23 2 13 13 4 8 9 21 22 16 10 22 5 16 15 12 5 3 7 16 30 9 23 8 8 21 19 19 2 19 24 25 9 9 4 2 22 28 5 25 28 27 15 19 13 16 3 20 19 17 4 12 12 8 24 30 30 10 21 24 4 24 24 15 5 2 23 4 26 7 29 8 20 28 28 3 20 26 8 28 14 17 22 22 30 12 8 11 6 4 20 9 7 10 6 7 13 27 16 2 30 14 16 23 12 20 10 9 25 14 30 29 14 13 30 29 3 7 9 3 15 30 1 3 27 22 14 16 21 25 4 26 30 25 24 8 19 9 29 9 26 10 25 12 18 5 16 2 25 23 13 4 15 12 29 17 3 8 28 21 21 21 2 2 29 27 12 2 12 28 10 22 7 7 2 1 8 24 9 16 25 13 27 25 29 14 28 26 8 24 25 28 17 16 4 17 18 14 2 30 8 1 17 1 10 26 21 20 21 25 5 11 13 12 5 20 6 9 27 13 29 6 29 1 16 15 1 3 2 17 29 26 3 1 4 12 12 19 22 13 5 28 21 10 26 11 8 15 13 7 28 29 15 6 27 1 13 26 27 3 11 19 20 29 6 11 21 30 2 24 26 10 24 7 21 19 7 23 14 10 4 2 14 15 6 10 24 1 2 28 30 13 13 2 27 9 17 22 14 8 19 26 16 14 12 15 30 29 16 10 12 6 11 16 26 4 9 16 11 8 7 27 8 23 14 22 17 13 15 3 8 13 5 10 14 9 4 11 19 25 1 24 16 3 9 1 2 30 8 4 30 13 14 8 1 22 7 13 18 1 20 25 11 24 21 5 21 10 11 7 12 21 21 1 15 3 25 13 29 17 21 28 5 10 9 5 15 14 22 25 12 6 1 29 30 29 2 12 4 16 2 19 5 15 22 11 25 25 1 23 24 10 6 23 5 3 16 29 19 8 15 17 19 23 23 11 28 15 12 21 26 13 14 22 17 6 29 4 16 4 28 11 17 10 14 18 15 22 2 5 30 5 8 10 10 20 17 20 24 27 30 27 26 4 17 6 15 19 5 11 24 4 16 21 30 10 19 14 4 20 5 23 9 28 17 8 27 15 29 2 28 28 9 20 22 11 19 14 6 8 19 1 3 1 8 19 12 30 8 8 18 9 6 11 19 4 10 19 5 15 26 12 6 9 18 28 28 23 23 16 9 9 16 10 30 15 21 11 25 11 27 13 18 13 13 30 28 2 26 17 17 11 4 17 10 22 24 2 12 16 5 29 9 17 24 7 5 15 9 4 3 12 22 5 23 6 3 20 7 10 12 24 17 21 8 24 11 27 26 14 13 25 21 6 14 22 14 24 15 9 27 11 19 9 18 29 25 18 30 7 22 14 27 6 23 11 19 3 14 17 19 3 26 15 27 25 28 10 22 29 15 26 26 21 2 5 30 23 11 4 30 2 19 7 29 7 2 4 21 27 1 28 20 14 27 26 7 14 22 26 11 28 3 2 19 3 2 16 13 25 13 19 2 3 12 4 30 13 18 6 14 4 2 5 7 17 13 10 23 30 8 30 24 18 2 25 6 19 13 6 26 18 15 14 30 20 7 30 13 12 25 11 4 20 8 13 30 27 23 15 21 30 13 17 17 19 4 1 20 9 11 5 12 3 26 4 4 4 23 20 17 11 4 24 14 16 18 10 20 16
1 8 8
573 56 669 452 268 228 344 525
0 16 3
115 433 259
0 4 8
900 413 190 103 469 491 521 310
4 14 11
606 790 213 402 188 595 927 610 439 805 891
0 7 4
141 276 740 143
0 12 2
482 736
0 4 6
703 815 404 691 109 20
7 13 14
59 704 863 919 173 51 440 25 417 12 38 89 823 556
2 14 7
523 282 798 241 142 395 223
1 7 12
32 712 684 388 157 810 708 910 60 384 3 219
0 4 8
581 537 459 737 218 296 144 733
1 18 3
773 75 501
1 5 11
611 786 968 783 549 193 751 258 357 804 475
1 4 12
255 722 741 586 813 477 814 620 481 358 839 945
0 5 7
110 791 328 887 855 132 83
0 6 8
114 548 545 57 672 176 393 840
2 10 8
52 400 926 460 442 940 30 474
0 8 3
658 220 558
5 11 11
448 809 987 640 293 299 333 473 716 67 935
0 11 2
209 48
2 15 6
18 200 591 327 659 697
5 9 12
108 633 828 463 394 91 958 702 918 792 848 811
1 11 6
397 307 179 8 550 383
1 6 14
890 894 198 981 470 628 841 340 304 314 966 431 160 227
1 14 4
101 636 925 379
0 9 6
943 371 281 149 673 233
0 4 9
599 657 106 759 119 346 979 487 674
4 12 10
171 801 512 789 770 107 787 207 493 121
0 7 6
113 347 859 354 755 680
2 5 14
506 54 914 774 270 681 99 468 415 530 366 197 648 300
5 15 10
39 727 762 256 535 971 42 410 507 766
1 8 12
405 882 713 47 41 911 644 88 533 98 19 607
2 9 6
997 975 196 836 912 363
0 6 3
377 747 651
1 6 8
874 11 799 201 13 566 35 17
2 11 8
163 711 7 124 931 634 154 211
0 9 1
292
4 13 10
311 4 192 876 692 206 361 273 543 567
3 14 8
695 329 508 609 74 221 33 476
0 11 1
352
2 13 9
948 187 984 686 77 775 793 661 869
0 5 5
202 478 707 725 526
4 12 10
994 627 23 498 174 555 908 679 924 622
1 11 3
991 830 68
2 9 11
795 341 169 982 26 880 274 597 305 524 906
4 11 12
916 111 649 950 240 579 980 962 963 990 915 947
2 17 4
902 5 6 996
0 18 2
161 905
3 11 10
664 645 156 988 784 249 80 362 570 705
2 7 7
21 266 562 348 907 95 302
1 10 5
589 937 720 696 380
0 11 3
272 426 650
0 4 8
965 829 386 90 903 167 301 326
2 9 8
797 857 438 40 418 953 267 10
3 10 11
999 715 974 318 451 294 593 243 541 116 205
0 11 3
872 637 158
1 6 9
199 155 685 819 9 225 881 615 969
6 12 12
72 434 675 978 808 778 315 472 742 43 641 843
1 7 7
494 663 423 960 505 254 445
1 10 3
699 646 287
1 14 5
660 323 955 654 277
1 6 9
563 913 765 569 136 601 471 764 734
1 6 7
295 231 995 82 437 970 208
0 4 7
928 884 378 324 726 325 242
4 13 12
334 177 58 877 701 65 576 15 390 453 85 547
0 5 7
399 27 816 16 392 522 515
0 15 1
409
2 15 7
36 495 822 123 308 949 317
1 11 5
883 812 760 385 854
2 14 6
342 96 129 306 895 594
2 15 7
480 788 861 509 901 195 360
0 11 1
529
2 9 11
952 127 618 647 376 483 153 536 126 117 763
1 8 6
122 226 284 50 489 446
0 13 3
706 939 338
0 5 7
499 886 551 687 1 64 776
0 14 3
159 236 466
1 7 8
758 486 546 694 723 767 532 24
1 6 13
137 97 844 145 718 458 629 215 245 128 86 983 899
3 8 13
234 728 683 936 946 335 492 642 873 244 849 845 485
2 10 7
180 138 888 125 670 94 510
4 13 10
768 752 175 961 312 66 761 714 540 941
0 8 2
973 584
0 4 7
709 592 817 118 865 851 429
1 15 5
93 424 449 856 870
6 23 3
0 152 568
4 17 1
2
9 30 1
14
2 17 1
22
1 15 1
28
1 15 1
29
4 17 1
31
6 25 1
34
3 10 1
37
2 23 1
44
1 10 1
45
3 21 1
46
1 31 1
49
2 10 1
53
1 17 1
55
2 20 1
61
4 18 1
62
7 30 1
63
2 16 1
69
3 18 2
70 871
1 25 1
71
4 19 1
73
1 8 1
76
1 30 1
78
1 20 1
79
1 18 1
81
1 18 1
84
2 19 1
87
3 21 1
92
2 17 1
100
3 20 2
102 212
11 26 1
104
10 25 1
105
1 9 1
112
3 21 2
120 313
1 13 1
130
1 15 2
131 666
1 25 1
133
3 23 1
134
2 23 1
135
5 18 1
139
2 20 1
140
1 14 1
146
4 25 1
147
7 27 1
148
1 28 1
150
2 18 1
151
2 25 1
162
5 29 1
164
1 19 2
165 262
1 18 1
166
2 22 1
168
3 19 1
170
2 13 1
172
3 15 1
178
3 17 1
181
3 21 1
182
1 16 1
183
1 8 1
184
2 18 1
185
4 22 1
186
3 19 1
189
2 21 1
191
4 21 1
194
3 22 1
203
3 12 1
204
2 18 1
210
1 15 1
214
1 22 1
216
1 12 1
217
2 17 1
222
1 18 1
224
1 25 1
229
1 10 1
230
3 16 1
232
2 22 1
235
6 24 2
237 604
1 19 1
238
2 13 2
239 575
1 13 1
246
1 10 1
247
3 20 1
248
8 19 1
250
1 15 2
251 998
1 15 1
252
1 11 1
253
1 18 1
257
3 18 1
260
1 15 1
261
4 16 1
263
1 21 1
264
1 12 1
265
1 16 1
269
3 16 1
271
3 20 1
275
7 28 1
278
1 19 1
279
9 27 1
280
1 17 1
283
1 29 1
285
1 15 1
286
9 27 1
288
2 22 1
289
3 24 1
290
1 15 1
291
3 16 1
297
4 24 2
298 631
4 24 1
303
2 28 2
309 320
1 13 1
316
5 21 1
319
3 19 1
321
2 15 1
322
4 22 1
330
2 19 1
331
2 17 1
332
3 17 1
336
1 15 1
337
6 20 1
339
2 12 1
343
3 17 1
345
3 11 1
349
1 25 1
350
3 20 1
351
4 22 1
353
4 23 1
355
2 19 1
356
3 17 1
359
2 11 1
364
2 19 1
365
1 11 1
367
1 22 1
368
1 13 1
369
1 27 1
370
2 17 1
372
1 19 1
373
3 17 1
374
8 25 1
375
3 22 1
381
6 19 2
382 985
1 17 1
387
6 20 1
389
1 17 1
391
2 13 1
396
2 28 1
398
3 12 1
401
2 23 1
403
1 27 1
406
4 23 1
407
2 21 3
408 662 743
2 26 1
411
11 28 1
412
2 20 1
414
5 17 1
416
4 21 1
419
2 19 1
420
9 26 1
421
3 20 1
422
1 10 1
425
6 24 1
427
7 29 1
428
3 15 1
430
7 24 1
432
1 13 1
435
2 18 1
436
3 18 1
441
7 25 1
443
3 19 1
444
1 22 1
447
4 19 1
450
3 16 1
454
1 17 1
455
2 14 1
456
2 15 1
457
6 24 1
461
5 21 1
462
3 18 1
464
4 19 1
465
2 18 2
467 677
4 23 1
479
3 20 2
484 619
2 30 1
488
3 19 1
490
4 22 1
496
3 17 1
497
2 23 1
500
3 14 1
502
3 31 1
503
2 23 2
504 885
1 22 1
511
1 16 1
513
1 15 1
514
5 27 2
516 846
2 10 1
517
3 18 1
518
2 14 1
519
6 25 1
520
1 18 1
527
1 11 1
528
3 16 1
531
6 20 1
534
3 18 1
538
7 27 1
539
3 14 1
542
3 15 1
544
1 9 1
552
6 23 1
553
2 19 1
554
1 14 1
557
3 15 1
559
2 25 1
560
5 22 2
561 796
3 17 1
564
4 14 1
565
1 17 1
571
3 23 1
572
3 21 1
574
1 19 1
577
6 24 1
578
1 26 1
580
3 22 1
582
2 15 1
583
3 13 1
585
4 20 1
587
1 17 1
588
1 14 1
590
1 19 1
596
4 17 1
598
8 24 1
600
1 12 1
602
1 17 1
603
7 29 1
605
1 18 1
608
5 20 1
612
2 10 1
613
1 14 1
614
4 20 1
616
4 19 1
617
2 22 1
621
3 19 1
623
1 17 1
624
1 15 1
625
2 17 1
626
1 10 1
630
4 22 1
632
3 21 1
635
1 22 1
638
2 16 2
639 930
1 29 1
643
4 21 1
652
6 22 1
653
1 19 1
655
2 14 1
656
1 18 1
665
6 22 2
667 731
4 19 1
668
1 12 1
671
1 26 1
676
5 24 1
678
2 33 1
682
2 19 1
688
7 26 1
689
1 15 1
690
8 22 1
693
3 22 1
698
1 15 1
700
2 26 1
710
4 15 1
717
5 20 1
719
3 20 1
721
6 24 1
724
4 15 1
729
1 8 1
730
2 10 1
732
1 13 1
735
1 19 1
738
1 10 1
739
2 19 1
744
1 9 1
745
2 25 1
746
1 18 1
748
2 11 1
749
5 23 1
750
5 28 1
753
1 18 1
754
1 21 1
756
3 15 1
757
6 17 1
769
3 22 1
771
1 23 1
772
1 17 1
777
1 18 1
779
1 20 1
780
1 18 1
781
4 18 1
782
4 21 1
785
1 15 1
794
1 14 1
800
1 18 1
802
2 19 1
803
2 18 1
806
5 22 1
807
1 14 1
818
2 14 1
820
4 17 1
821
2 13 1
824
8 23 1
825
10 28 1
826
5 19 1
827
9 22 1
831
1 23 1
832
3 20 1
833
1 17 1
834
2 26 1
835
2 25 1
837
2 20 1
838
1 13 1
842
4 16 1
847
9 25 1
850
2 21 1
852
1 24 1
853
3 20 1
858
3 13 2
860 868
3 22 1
862
3 14 1
864
1 11 1
866
5 19 1
867
1 27 1
875
1 16 1
878
1 13 1
879
3 19 1
889
1 20 1
892
2 20 1
893
1 13 1
896
1 16 1
897
1 15 1
898
1 25 1
904
1 20 1
909
6 19 1
917
1 16 1
920
8 25 1
921
1 17 1
922
4 21 1
923
3 15 1
929
2 21 1
932
1 21 1
933
1 18 1
934
2 23 1
938
1 16 1
942
1 15 1
944
1 20 2
951 992
3 15 1
954
2 20 1
956
4 22 1
957
1 13 1
959
10 24 1
964
6 23 1
967
1 9 1
972
2 21 1
976
1 28 1
977
4 24 1
986
3 18 1
989
2 15 1
993
