300 194 465 20
28 15 21 31 17 39 18 38 24 39 17 32 12 12 35 33 28 31 29 13 18 21 16 34 12 20 29 30 32 24 15 14 19 21 15 29 34 21 24 20 24 24 21 29 21 32 34 22 36 25 25 13 38 31 25 29 22 25 15 15 19 17 13 30 24 37 13 14 35 39 25 16 26 33 19 34 16 21 25 12 34 18 39 32 18 26 24 35 37 28 21 34 40 31 26 28 25 39 35 23 21 24 26 22 11 27 15 24 12 11 21 29 20 31 18 40 34 14 20 38 30 19 38 40 23 11 28 31 31 26 35 32 34 13 37 33 28 15 34 21 40 28 22 38 21 36 38 19 12 29 38 25 12 29 14 18 40 18 36 23 39 12 18 19 26 37 19 23 22 12 35 33 32 40 18 39 28 38 24 13 14 37 13 18 19 20 25 37 23 37 24 21 25 37 32 32 26 13 12 35 38 29 19 14 32 12 34 28 20 39 24 29 20 18 29 23 37 31 24 23 26 17 31 17 16 16 30 15 15 24 15 28 36 11 23 34 11 25 27 17 33 30 29 33 25 19 21 26 14 13 19 19 16 29 25 19 18 19 12 23 32 14 15 31 15 20 39 19 17 36 37 25 13 24 25 39 17 25 22 20 40 20 21 25 27 28 20 26 22 24 20 28 33 11 40 16 19 29 30 37
18 5 11 21 7 29 8 28 14 29 7 22 2 2 25 23 18 21 19 3 8 11 6 24 2 10 19 20 22 14 5 4 9 11 5 19 24 11 14 10 14 14 11 19 11 22 24 12 26 15 15 3 28 21 15 19 12 15 5 5 9 7 3 20 14 27 3 4 25 29 15 6 16 23 9 24 6 11 15 2 24 8 29 22 8 16 14 25 27 18 11 24 30 21 16 18 15 29 25 13 11 14 16 12 1 17 5 14 2 1 11 19 10 21 8 30 24 4 10 28 20 9 28 30 13 1 18 21 21 16 25 22 24 3 27 23 18 5 24 11 30 18 12 28 11 26 28 9 2 19 28 15 2 19 4 8 30 8 26 13 29 2 8 9 16 27 9 13 12 2 25 23 22 30 8 29 18 28 14 3 4 27 3 8 9 10 15 27 13 27 14 11 15 27 22 22 16 3 2 25 28 19 9 4 22 2 24 18 10 29 14 19 10 8 19 13 27 21 14 13 16 7 21 7 6 6 20 5 5 14 5 18 26 1 13 24 1 15 17 7 23 20 19 23 15 9 11 16 4 3 9 9 6 19 15 9 8 9 2 13 22 4 5 21 5 10 29 9 7 26 27 15 3 14 15 29 7 15 12 10 30 10 11 15 17 18 10 16 12 14 10 18 23 1 30 6 9 19 20 27
0 13 2
172 228
0 19 2
120 6
0 16 2
150 204
0 8 2
261 111
0 13 1
241
0 11 3
294 96 284
1 8 3
202 20 259
0 23 1
14
1 12 3
43 62 187
0 10 3
47 288 0
1 10 3
180 276 247
0 18 3
207 231 48
0 10 2
84 98
0 10 2
83 297
0 26 1
88
2 7 5
42 108 239 40 154
1 9 3
227 183 273
1 16 2
80 255
1 13 3
163 226 195
0 11 3
123 213 16
1 8 5
238 274 264 265 133
2 10 5
179 234 295 257 275
1 12 3
229 289 208
0 9 3
192 167 165
0 11 2
129 101
0 11 3
177 176 278
0 13 1
2
1 8 4
121 296 137 198
1 9 3
158 186 161
0 2 1
152
0 9 3
49 86 94
1 15 2
25 243
0 12 4
171 203 270 10
0 10 2
223 168
0 9 4
9 285 190 155
1 16 2
46 222
0 8 2
44 105
1 21 3
217 189 173
0 14 3
127 220 78
1 15 2
4 134
1 11 3
50 159 51
0 13 3
218 23 156
0 18 2
7 250
0 6 1
272
0 8 3
251 63 178
0 10 4
267 201 199 230
1 11 5
212 244 160 162 240
0 16 2
136 175
1 12 5
211 114 254 235 209
2 12 3
77 36 109
0 11 1
166
0 10 3
260 117 124
0 11 1
12
0 11 3
116 286 157
0 20 1
90
0 17 3
266 45 37
1 22 3
269 18 292
0 24 1
3
0 6 2
256 126
0 5 1
174
1 16 3
196 142 113
0 26 2
82 135
0 6 1
298
0 18 2
107 115
0 20 2
39 92
0 10 1
89
1 17 3
200 5 210
0 11 1
237
1 38 1
1
1 27 1
8
2 33 1
11
1 20 1
13
2 19 1
15
2 27 1
17
1 14 1
19
2 28 1
21
4 20 1
22
1 9 1
24
1 17 1
26
1 30 1
27
4 26 1
28
1 23 1
29
2 26 1
30
1 30 1
31
1 29 1
32
2 23 1
33
1 16 1
34
1 21 1
35
1 19 2
38 279
2 24 1
41
1 27 1
52
2 27 1
53
2 30 1
54
1 21 1
55
1 18 1
56
2 29 1
57
1 23 1
58
1 34 1
59
1 24 1
60
3 26 1
61
3 25 2
64 219
1 31 1
65
1 17 1
66
1 17 1
67
1 23 1
68
1 30 1
69
2 19 1
70
1 17 2
71 147
3 26 1
72
2 34 1
73
2 18 1
74
1 17 1
75
3 23 1
76
1 29 1
79
1 23 1
81
1 24 1
85
1 22 1
87
1 20 1
91
2 27 1
93
3 20 1
95
2 31 1
97
1 18 1
99
1 20 1
100
1 18 1
102
4 27 1
103
1 31 1
104
1 24 1
106
1 17 1
110
2 21 1
112
1 14 1
118
2 25 1
119
1 17 1
122
1 16 1
125
1 26 1
128
1 36 1
130
1 17 1
131
3 30 1
132
3 18 1
138
2 25 1
139
1 15 1
140
2 27 1
141
2 34 1
143
2 38 1
144
2 27 1
145
1 26 1
146
2 27 1
148
1 19 1
149
1 18 1
151
1 20 1
153
2 23 1
164
1 30 1
169
2 28 1
170
1 39 1
181
1 25 1
182
1 14 1
184
1 21 1
185
1 19 1
188
1 19 1
191
2 31 1
193
1 40 1
194
1 24 1
197
1 16 1
205
2 36 1
206
2 36 1
214
2 19 1
215
1 26 1
216
2 22 1
221
2 26 1
224
1 25 1
225
1 20 1
232
2 28 1
233
1 18 1
236
1 19 1
242
1 20 1
245
2 21 1
246
1 11 1
248
3 21 1
249
1 34 1
252
2 21 1
253
3 17 1
258
1 38 1
262
1 29 1
263
1 21 1
268
2 33 1
271
1 22 1
277
2 35 1
280
1 24 1
281
1 37 1
282
3 21 1
283
1 26 1
287
2 29 1
290
1 17 1
291
1 36 1
293
1 25 1
299
