1000 464 1550 67
14 17 39 25 25 30 21 18 34 26 13 19 23 15 40 26 31 25 33 12 25 19 19 32 13 13 15 30 34 35 34 28 33 12 37 28 11 38 17 40 26 25 39 19 19 17 23 26 28 29 14 39 40 11 38 14 19 13 38 15 17 23 36 39 15 33 19 14 18 25 22 32 35 14 26 21 26 19 31 24 34 37 21 17 30 13 27 33 24 20 23 29 27 20 30 18 14 29 37 11 12 12 12 33 16 27 29 32 31 28 23 33 21 30 15 39 34 23 31 13 11 18 37 26 31 38 33 36 24 19 22 11 37 22 22 18 15 30 17 15 28 37 15 32 12 39 29 36 39 30 31 11 37 22 26 31 35 32 38 15 18 17 13 18 11 36 32 38 38 35 40 34 30 34 15 15 18 18 26 33 12 38 31 29 31 29 23 18 16 39 15 39 23 40 13 17 38 11 13 30 25 19 38 28 21 20 31 33 16 26 40 13 38 19 19 11 40 33 37 30 37 23 38 35 34 23 15 30 22 33 35 17 33 26 30 26 11 20 19 20 26 21 11 16 16 24 19 26 40 40 23 17 36 39 27 17 38 20 29 34 31 30 38 20 19 19 36 35 13 17 22 16 38 22 19 16 40 30 32 19 12 31 40 23 34 31 36 26 12 13 11 24 27 38 34 29 38 23 11 24 22 30 17 27 32 35 16 30 20 34 17 19 33 31 11 24 39 33 38 39 19 16 35 25 26 40 39 13 35 31 24 13 36 13 32 32 22 13 17 37 13 35 21 37 35 16 39 11 27 15 40 37 19 27 30 22 37 36 25 35 17 36 32 21 24 32 40 19 35 14 39 25 26 35 17 40 35 38 26 34 30 17 39 13 18 33 26 24 23 19 29 32 20 17 14 16 14 21 33 17 12 14 11 23 38 21 12 26 12 28 14 14 25 12 34 16 13 22 21 15 39 16 15 12 36 11 39 14 33 37 35 31 38 18 34 36 37 11 37 28 30 24 25 33 22 15 39 33 35 25 22 23 30 19 23 22 20 29 40 28 12 16 35 14 30 35 29 26 39 29 12 26 11 23 40 32 12 34 24 34 13 39 37 32 23 33 32 22 18 35 38 21 30 14 21 19 37 14 32 15 14 22 11 35 38 31 31 28 13 33 26 17 33 20 12 31 36 33 22 30 13 27 13 13 36 35 19 19 23 24 17 21 31 23 31 17 29 30 35 17 17 24 17 24 15 15 22 21 14 20 30 29 12 15 15 14 34 40 31 38 32 26 16 28 22 33 28 25 35 25 14 38 35 36 30 37 25 28 21 29 19 24 29 21 37 30 39 11 25 29 19 35 37 37 26 31 29 24 25 23 39 32 38 36 36 33 19 39 35 13 33 17 35 27 39 29 24 16 32 26 29 31 21 29 18 28 26 26 12 17 20 22 38 13 12 14 40 38 37 33 25 32 27 39 34 22 11 18 22 31 29 39 14 40 30 24 18 21 14 38 23 20 16 40 39 12 21 25 29 20 17 14 23 16 13 39 16 21 15 12 18 37 36 18 29 25 24 19 12 14 29 39 25 40 29 12 17 26 27 20 34 34 40 37 22 12 33 14 11 11 33 23 11 28 11 21 35 37 16 13 22 36 40 17 21 13 15 25 38 34 26 28 33 23 37 29 21 35 18 39 29 36 15 15 29 21 35 40 12 30 22 35 19 15 14 24 35 21 36 13 40 18 34 23 31 14 28 30 35 16 21 21 26 18 26 26 18 14 17 18 31 26 11 24 13 13 17 33 24 38 30 12 28 33 34 19 29 33 24 15 16 17 29 33 16 18 31 27 24 19 16 15 38 26 33 12 39 24 40 21 23 24 38 14 12 13 32 26 17 29 36 34 33 36 17 19 30 20 20 22 27 15 38 31 35 23 35 30 39 30 39 14 17 18 22 13 24 35 14 13 29 37 37 13 19 19 29 34 31 17 37 35 19 21 27 38 11 37 16 35 34 33 21 22 12 30 34 27 39 17 21 16 28 34 21 29 33 34 16 23 18 37 25 21 33 35 21 34 37 30 15 40 32 32 18 19 28 36 17 30 13 35 27 40 26 23 40 23 19 30 26 29 17 17 23 17 31 22 23 20 13 19 31 34 28 38 20 32 18 31 35 24 19 16 25 33 19 17 39 37 22 40 14 12 30 15 21 27 32 31 16 18 35 29 12 30 23 17 28 33 26 40 27 21 21 24 19 34 31 26 11 35 40 31 25 25 11 19 34 30
4 7 29 15 15 20 11 8 24 16 3 9 13 5 30 16 21 15 23 2 15 9 9 22 3 3 5 20 24 25 24 18 23 2 27 18 1 28 7 30 16 15 29 9 9 7 13 16 18 19 4 29 30 1 28 4 9 3 28 5 7 13 26 29 5 23 9 4 8 15 12 22 25 4 16 11 16 9 21 14 24 27 11 7 20 3 17 23 14 10 13 19 17 10 20 8 4 19 27 1 2 2 2 23 6 17 19 22 21 18 13 23 11 20 5 29 24 13 21 3 1 8 27 16 21 28 23 26 14 9 12 1 27 12 12 8 5 20 7 5 18 27 5 22 2 29 19 26 29 20 21 1 27 12 16 21 25 22 28 5 8 7 3 8 1 26 22 28 28 25 30 24 20 24 5 5 8 8 16 23 2 28 21 19 21 19 13 8 6 29 5 29 13 30 3 7 28 1 3 20 15 9 28 18 11 10 21 23 6 16 30 3 28 9 9 1 30 23 27 20 27 13 28 25 24 13 5 20 12 23 25 7 23 16 20 16 1 10 9 10 16 11 1 6 6 14 9 16 30 30 13 7 26 29 17 7 28 10 19 24 21 20 28 10 9 9 26 25 3 7 12 6 28 12 9 6 30 20 22 9 2 21 30 13 24 21 26 16 2 3 1 14 17 28 24 19 28 13 1 14 12 20 7 17 22 25 6 20 10 24 7 9 23 21 1 14 29 23 28 29 9 6 25 15 16 30 29 3 25 21 14 3 26 3 22 22 12 3 7 27 3 25 11 27 25 6 29 1 17 5 30 27 9 17 20 12 27 26 15 25 7 26 22 11 14 22 30 9 25 4 29 15 16 25 7 30 25 28 16 24 20 7 29 3 8 23 16 14 13 9 19 22 10 7 4 6 4 11 23 7 2 4 1 13 28 11 2 16 2 18 4 4 15 2 24 6 3 12 11 5 29 6 5 2 26 1 29 4 23 27 25 21 28 8 24 26 27 1 27 18 20 14 15 23 12 5 29 23 25 15 12 13 20 9 13 12 10 19 30 18 2 6 25 4 20 25 19 16 29 19 2 16 1 13 30 22 2 24 14 24 3 29 27 22 13 23 22 12 8 25 28 11 20 4 11 9 27 4 22 5 4 12 1 25 28 21 21 18 3 23 16 7 23 10 2 21 26 23 12 20 3 17 3 3 26 25 9 9 13 14 7 11 21 13 21 7 19 20 25 7 7 14 7 14 5 5 12 11 4 10 20 19 2 5 5 4 24 30 21 28 22 16 6 18 12 23 18 15 25 15 4 28 25 26 20 27 15 18 11 19 9 14 19 11 27 20 29 1 15 19 9 25 27 27 16 21 19 14 15 13 29 22 28 26 26 23 9 29 25 3 23 7 25 17 29 19 14 6 22 16 19 21 11 19 8 18 16 16 2 7 10 12 28 3 2 4 30 28 27 23 15 22 17 29 24 12 1 8 12 21 19 29 4 30 20 14 8 11 4 28 13 10 6 30 29 2 11 15 19 10 7 4 13 6 3 29 6 11 5 2 8 27 26 8 19 15 14 9 2 4 19 29 15 30 19 2 7 16 17 10 24 24 30 27 12 2 23 4 1 1 23 13 1 18 1 11 25 27 6 3 12 26 30 7 11 3 5 15 28 24 16 18 23 13 27 19 11 25 8 29 19 26 5 5 19 11 25 30 2 20 12 25 9 5 4 14 25 11 26 3 30 8 24 13 21 4 18 20 25 6 11 11 16 8 16 16 8 4 7 8 21 16 1 14 3 3 7 23 14 28 20 2 18 23 24 9 19 23 14 5 6 7 19 23 6 8 21 17 14 9 6 5 28 16 23 2 29 14 30 11 13 14 28 4 2 3 22 16 7 19 26 24 23 26 7 9 20 10 10 12 17 5 28 21 25 13 25 20 29 20 29 4 7 8 12 3 14 25 4 3 19 27 27 3 9 9 19 24 21 7 27 25 9 11 17 28 1 27 6 25 24 23 11 12 2 20 24 17 29 7 11 6 18 24 11 19 23 24 6 13 8 27 15 11 23 25 11 24 27 20 5 30 22 22 8 9 18 26 7 20 3 25 17 30 16 13 30 13 9 20 16 19 7 7 13 7 21 12 13 10 3 9 21 24 18 28 10 22 8 21 25 14 9 6 15 23 9 7 29 27 12 30 4 2 20 5 11 17 22 21 6 8 25 19 2 20 13 7 18 23 16 30 17 11 11 14 9 24 21 16 1 25 30 21 15 15 1 9 24 20
0 15 1
247
1 9 5
481 455 513 264 53
1 9 7
74 340 392 464 547 13 758
0 22 2
52 643
3 12 10
883 915 583 249 877 917 609 187 208 612
0 6 1
177
0 6 2
131 709
0 5 3
68 918 180
0 10 2
953 646
4 14 8
31 814 245 81 550 421 807 601
0 3 13
295 458 828 333 552 472 250 82 725 834 853 812 681
2 16 6
641 777 496 916 690 836
1 9 7
93 616 653 937 287 537 591
7 13 14
963 770 668 868 354 980 592 119 416 657 212 374 50 628
0 26 2
734 871
1 13 2
932 742
3 13 8
524 579 829 901 80 12 869 926
0 4 12
450 962 170 532 193 656 589 95 51 263 32 621
4 14 11
509 346 912 951 113 746 861 560 852 841 737
1 10 4
336 733 996 125
1 7 9
181 196 288 473 423 105 398 307 637
0 11 2
269 731
0 6 7
911 104 347 466 130 822 773
0 9 4
137 542 839 741
0 8 2
20 255
1 7 5
759 178 680 73 275
3 13 7
233 674 809 312 772 577 856
0 10 2
518 21
0 5 4
817 685 929 302
0 17 3
467 607 512
2 9 11
10 277 519 988 978 262 55 582 922 879 766
3 9 13
136 991 845 127 150 820 574 308 984 430 947 870 377
1 9 6
216 767 689 622 748 813
4 16 10
291 239 739 87 913 229 244 143 670 651
0 11 3
313 898 195
0 12 4
979 443 934 318
0 2 7
945 159 780 114 738 629 361
1 12 5
610 373 910 959 67
4 10 14
162 611 753 722 846 539 627 727 596 902 521 424 631 862
3 9 12
907 268 661 493 200 598 63 151 895 576 337 925
0 13 3
954 454 72
4 8 12
502 635 794 38 328 401 88 98 528 497 274 544
4 12 10
501 595 487 276 626 350 588 671 44 298
0 11 3
573 956 687
3 13 6
833 536 935 441 321 166
3 8 9
106 726 486 821 412 330 976 757 740
4 12 11
265 468 906 60 798 884 3 338 747 744 975
6 12 15
157 899 225 889 672 230 310 422 411 293 793 54 789 649 400
3 10 11
145 112 927 359 531 703 514 569 931 529 56
2 8 8
863 555 15 707 530 728 515 329
2 9 9
860 172 334 438 713 694 760 266 92
2 11 8
203 251 500 638 362 816 270 859
2 8 10
139 946 969 553 133 708 382 476 967 721
1 10 4
776 900 603 799
1 4 13
355 176 982 750 97 888 433 832 370 578 260 349 608
1 10 4
471 590 897 141
1 9 6
199 393 891 492 712 155
1 5 11
256 209 971 184 499 660 761 491 663 811 986
0 8 2
973 534
1 8 8
90 559 9 805 397 327 26 968
0 7 5
698 45 238 765 648
3 12 11
998 49 659 431 586 449 135 384 317 344 831
2 13 7
214 206 688 326 365 892 345
5 12 14
700 57 222 864 240 538 785 259 802 446 769 987 7 142
2 10 10
977 702 357 299 823 372 279 103 675 584
2 11 9
281 699 993 604 920 710 452 351 284
1 11 4
43 677 96 523
4 15 8
111 788 505 65 368 207 462 33
1 12 4
99 440 198 42
0 7 4
662 564 867 490
1 12 5
116 388 192 385 705
2 13 6
787 123 419 152 890 11
0 18 1
292
1 10 4
522 34 70 342
0 5 2
46 783
1 6 8
428 587 894 594 624 732 581 5
1 14 5
752 210 16 27 619
0 14 2
417 167
0 7 8
404 220 375 387 25 248 989 803
0 10 2
730 878
0 12 1
160
1 11 4
654 439 724 273
0 9 1
83
3 12 8
294 838 418 914 62 395 602 144
0 9 4
720 4 527 606
0 2 14
630 227 851 837 562 639 874 236 59 232 414 942 447 754
0 4 7
403 174 645 887 548 800 636
1 7 9
618 465 563 314 904 386 620 983 28
0 10 1
406
1 8 7
480 18 488 213 736 332 48
3 14 6
76 331 605 183 632 258
0 5 8
655 39 965 745 425 254 194 399
0 8 4
215 30 242 507
1 25 1
0
2 15 2
1 147
2 19 1
2
4 20 1
6
3 18 1
8
2 14 2
14 818
1 13 1
17
2 18 2
19 955
2 37 1
22
2 18 1
23
4 26 1
24
1 17 2
29 593
2 17 1
35
1 13 1
36
3 23 1
37
1 15 1
40
1 27 1
41
1 22 1
47
2 11 1
58
2 20 1
61
2 15 1
64
2 17 1
66
8 20 1
69
5 23 1
71
1 18 1
75
4 18 1
77
1 11 1
78
3 27 1
79
2 22 1
84
1 20 1
85
1 18 1
86
5 20 2
89 243
4 21 1
91
2 19 1
94
1 11 1
100
1 11 1
101
3 21 1
102
1 25 1
107
3 18 1
108
3 21 1
109
1 16 1
110
5 22 1
115
1 18 1
117
1 19 1
118
1 15 1
120
2 15 2
121 426
1 16 1
122
5 27 1
124
2 18 1
126
1 24 1
128
6 25 1
129
8 24 1
132
1 28 1
134
1 25 1
138
1 16 1
140
4 23 1
146
5 22 1
148
1 21 1
149
1 22 1
153
2 21 1
154
1 22 1
156
3 23 1
158
3 20 2
161 478
4 24 1
163
1 14 1
164
2 18 1
165
5 28 1
168
3 20 1
169
2 14 1
171
2 15 1
173
2 33 1
175
3 20 1
179
2 16 1
182
1 23 1
185
3 18 1
186
1 21 2
188 543
1 19 1
189
2 14 1
190
1 27 1
191
1 8 1
197
2 16 1
201
9 27 1
202
3 25 1
204
2 18 1
205
5 20 1
211
1 23 1
217
4 28 3
218 252 289
1 14 1
219
2 18 1
221
3 23 1
223
4 25 1
224
1 20 1
226
7 26 2
228 271
2 14 1
231
1 6 1
234
2 36 1
235
2 25 1
237
1 18 1
241
7 26 1
246
1 24 1
253
2 15 1
257
6 25 1
261
2 18 1
267
2 38 1
272
2 18 1
278
1 18 1
280
1 23 1
282
4 23 1
283
2 32 1
285
1 14 1
286
1 8 1
290
4 18 1
296
2 19 1
297
1 17 1
300
3 20 1
301
2 12 1
303
1 15 1
304
1 19 1
305
1 24 1
306
6 19 1
309
2 23 1
311
5 21 1
315
1 30 1
316
5 23 1
319
1 32 1
320
4 20 1
322
7 24 1
323
2 18 1
324
1 21 1
325
2 15 1
335
5 23 2
339 360
3 21 1
341
2 21 1
343
5 25 1
348
2 19 1
352
1 25 1
353
1 26 1
356
6 25 1
358
5 20 1
363
2 15 1
364
1 21 1
366
1 11 1
367
2 26 1
369
2 15 1
371
1 24 1
376
2 38 1
378
1 21 1
379
6 27 1
380
2 21 2
381 826
1 11 1
383
2 15 1
389
2 16 1
390
1 27 1
391
7 21 1
394
2 17 1
396
1 22 1
402
1 26 1
405
1 18 1
407
2 14 1
408
2 15 1
409
2 15 1
410
8 22 1
413
1 16 1
415
2 16 1
420
2 16 1
427
4 22 1
429
2 16 1
432
1 12 1
434
4 23 1
435
1 23 1
436
5 17 1
437
2 14 1
442
5 21 1
444
1 15 2
445 779
6 24 1
448
4 22 1
451
1 20 1
453
3 21 1
456
4 24 1
457
1 26 1
459
5 25 1
460
1 20 1
461
8 18 2
463 827
1 22 1
469
1 22 1
470
1 25 1
474
1 11 1
475
6 20 1
477
3 24 1
479
1 11 1
482
1 9 1
483
1 21 2
484 960
4 18 1
485
4 20 1
489
1 11 1
494
1 24 1
495
2 17 1
498
3 23 1
503
2 21 1
504
2 17 2
506 697
2 12 1
508
1 17 1
510
1 26 1
511
3 24 1
516
1 30 1
517
3 24 1
520
7 22 1
525
1 15 1
526
1 12 1
533
3 20 1
535
3 21 1
540
1 23 1
541
3 19 1
545
1 14 1
546
2 15 1
549
1 10 1
551
3 17 1
554
3 25 1
556
1 19 1
557
3 24 1
558
2 24 1
561
2 20 1
565
1 14 1
566
1 20 1
567
3 17 1
568
1 19 1
570
2 23 1
571
3 24 1
572
2 37 1
575
3 25 1
580
3 19 1
585
1 20 1
597
2 34 1
599
6 23 1
600
1 29 1
613
1 26 1
614
2 14 1
615
4 21 1
617
6 19 1
623
1 15 1
625
1 12 1
633
1 13 1
634
1 22 1
640
2 14 1
642
1 15 1
644
4 22 1
647
1 24 1
650
6 27 1
652
4 24 1
658
2 11 1
664
4 16 2
665 751
4 22 1
666
6 24 1
667
2 33 1
669
3 17 1
673
3 18 1
676
1 20 1
678
3 25 1
679
1 12 1
682
3 15 1
683
4 18 2
684 764
8 20 1
686
1 18 1
691
2 22 1
692
2 13 1
693
2 38 1
695
1 11 1
696
1 23 1
701
2 14 1
704
2 20 1
706
1 20 1
711
1 13 1
714
4 19 1
715
1 20 1
716
3 23 1
717
6 22 1
718
7 25 1
719
1 25 1
723
6 20 1
729
2 18 1
735
4 23 2
743 849
2 12 1
749
1 23 1
755
4 20 1
756
1 16 1
762
7 22 1
763
2 16 1
768
1 5 1
771
5 18 2
774 880
1 14 1
775
3 17 1
778
4 21 2
781 850
3 23 1
782
1 15 1
784
5 21 1
786
1 16 1
790
7 24 1
791
2 22 1
792
1 15 1
795
7 24 2
796 957
2 14 1
797
1 29 1
801
1 22 1
804
6 19 1
806
1 14 1
808
1 13 1
810
3 16 1
815
1 12 1
819
2 16 1
824
3 24 1
825
2 15 1
830
8 25 1
835
3 22 1
840
2 12 1
842
2 17 1
843
3 14 1
844
1 15 1
847
6 23 1
848
2 22 1
854
1 17 1
855
1 22 1
857
1 13 1
858
2 24 1
865
2 13 1
866
5 24 1
872
2 18 1
873
5 19 1
875
7 24 1
876
2 16 1
881
3 22 1
882
4 15 1
885
2 16 1
886
1 9 1
893
2 18 1
896
2 17 1
903
5 22 1
905
1 15 1
908
6 21 1
909
1 32 1
919
1 19 1
921
1 16 1
923
2 13 1
924
8 23 1
928
1 23 1
930
1 14 1
933
1 9 1
936
1 15 1
938
6 23 1
939
3 18 1
940
2 21 1
941
3 21 1
943
1 16 1
944
2 14 1
948
7 24 1
949
1 18 1
950
3 19 1
952
3 21 1
958
3 21 1
961
8 25 1
964
1 10 1
966
6 23 1
970
2 19 1
972
5 22 1
974
1 15 1
981
9 26 1
985
3 16 1
990
2 16 1
992
2 21 1
994
3 25 1
995
2 18 1
997
1 11 1
999
