300 197 465 20
12 31 24 11 33 17 36 33 16 16 29 27 18 26 36 22 31 18 23 32 14 39 37 31 17 20 37 12 39 17 40 29 20 30 13 22 17 30 17 21 38 38 40 22 15 28 26 16 22 40 36 27 37 15 20 23 21 29 20 22 35 39 38 34 36 37 37 32 23 25 32 14 33 18 13 23 33 29 27 36 11 24 26 18 14 38 13 16 14 22 11 13 27 20 36 35 24 37 26 18 30 26 26 25 17 26 39 28 16 17 37 25 16 40 34 29 38 23 25 35 28 29 31 35 33 32 39 29 21 12 27 25 34 18 28 15 17 39 35 12 22 38 12 14 33 33 12 17 19 21 13 11 17 27 31 37 30 28 24 26 31 16 39 31 13 33 32 15 22 32 21 21 37 35 27 37 27 34 25 34 32 19 28 12 19 12 37 40 38 40 30 18 24 22 28 26 18 33 28 20 32 18 20 21 19 21 26 31 25 39 13 14 16 35 12 32 13 39 40 24 19 18 15 20 37 40 37 39 39 20 13 27 28 21 24 28 37 18 13 26 30 28 33 15 40 14 32 19 34 36 13 17 25 36 27 16 18 31 40 23 40 29 23 20 40 13 27 33 15 39 29 34 28 16 29 23 26 36 15 26 14 24 24 35 11 19 14 36 26 14 15 20 11 38 37 34 38 39 15 22
2 21 14 1 23 7 26 23 6 6 19 17 8 16 26 12 21 8 13 22 4 29 27 21 7 10 27 2 29 7 30 19 10 20 3 12 7 20 7 11 28 28 30 12 5 18 16 6 12 30 26 17 27 5 10 13 11 19 10 12 25 29 28 24 26 27 27 22 13 15 22 4 23 8 3 13 23 19 17 26 1 14 16 8 4 28 3 6 4 12 1 3 17 10 26 25 14 27 16 8 20 16 16 15 7 16 29 18 6 7 27 15 6 30 24 19 28 13 15 25 18 19 21 25 23 22 29 19 11 2 17 15 24 8 18 5 7 29 25 2 12 28 2 4 23 23 2 7 9 11 3 1 7 17 21 27 20 18 14 16 21 6 29 21 3 23 22 5 12 22 11 11 27 25 17 27 17 24 15 24 22 9 18 2 9 2 27 30 28 30 20 8 14 12 18 16 8 23 18 10 22 8 10 11 9 11 16 21 15 29 3 4 6 25 2 22 3 29 30 14 9 8 5 10 27 30 27 29 29 10 3 17 18 11 14 18 27 8 3 16 20 18 23 5 30 4 22 9 24 26 3 7 15 26 17 6 8 21 30 13 30 19 13 10 30 3 17 23 5 29 19 24 18 6 19 13 16 26 5 16 4 14 14 25 1 9 4 26 16 4 5 10 1 28 27 24 28 29 5 12
0 11 2
190 259
0 9 3
256 74 77
0 10 3
143 105 177
0 17 1
86
0 21 1
153
0 13 4
167 277 79 18
0 10 1
9
1 14 4
266 294 276 137
2 17 5
70 115 7 139 132
0 11 2
78 187
0 11 2
175 127
1 16 2
269 142
1 12 5
106 16 102 245 200
1 18 2
273 165
1 6 3
223 222 203
0 16 2
125 13
0 16 1
191
0 17 1
3
0 15 2
20 122
1 9 3
36 151 129
0 8 4
131 66 10 287
0 20 1
192
0 8 2
275 68
0 11 4
217 254 216 41
1 20 2
19 189
1 15 3
178 281 166
1 13 2
96 144
0 17 1
162
1 21 2
93 28
2 13 4
246 157 130 35
1 18 2
33 145
0 9 2
250 239
1 14 5
126 183 17 215 202
0 14 2
298 260
0 11 2
229 72
1 13 4
49 128 104 4
2 11 4
60 89 83 48
1 10 3
94 268 80
1 9 4
220 109 92 133
0 14 2
240 111
0 9 2
29 241
0 10 2
251 242
0 23 1
40
0 14 1
228
0 5 2
34 164
0 9 1
39
0 8 2
95 65
0 20 1
221
0 13 1
154
1 15 3
91 169 114
0 24 2
198 113
0 18 1
244
0 9 3
43 201 55
0 6 1
135
1 9 3
261 199 291
1 13 3
292 119 193
0 15 1
293
0 25 1
264
1 12 4
71 258 184 22
0 21 2
179 107
1 14 4
296 172 212 227
0 9 3
214 120 76
0 10 2
45 0
0 8 2
148 161
0 12 1
2
0 7 2
204 73
0 9 2
62 265
1 16 3
101 5 156
0 16 1
136
0 17 1
285
2 11 5
206 176 278 24 219
0 5 1
152
0 9 2
90 97
1 13 3
15 267 286
0 15 1
257
1 21 2
236 46
0 21 2
186 279
2 19 1
1
1 24 1
6
2 18 1
8
1 31 1
11
1 26 1
12
2 23 1
14
1 28 1
21
1 32 1
23
1 28 2
25 141
1 18 2
26 100
1 21 1
27
1 40 1
30
1 32 1
31
1 23 1
32
1 46 1
37
1 34 1
38
1 26 1
42
2 19 1
44
1 36 1
47
1 18 1
50
2 30 1
51
1 25 1
52
2 20 1
53
1 22 1
54
1 24 1
56
1 40 1
57
1 21 1
58
3 27 1
59
1 27 1
61
1 19 1
63
1 41 1
64
1 23 1
67
2 27 1
69
2 24 1
75
1 16 1
81
2 26 1
82
1 26 1
84
1 29 1
85
1 17 1
87
1 32 1
88
1 13 1
98
1 29 1
99
2 22 1
103
1 31 1
108
1 17 1
110
1 27 1
112
1 28 1
116
2 22 1
117
1 14 1
118
1 14 1
121
1 32 1
123
1 15 1
124
1 29 1
134
1 26 1
138
1 13 1
140
1 34 1
146
2 28 1
147
1 23 1
149
1 23 1
150
1 33 1
155
2 23 1
158
1 26 1
159
2 30 1
160
1 35 1
163
1 25 1
168
1 26 1
170
1 38 1
171
1 32 1
173
2 36 1
174
1 38 1
180
2 19 1
181
1 21 1
182
1 30 1
185
1 27 1
188
1 18 1
194
1 24 1
195
1 16 1
196
1 26 1
197
1 15 1
205
1 18 1
207
1 22 1
208
1 20 1
209
1 15 1
210
2 21 1
211
1 38 1
213
2 23 1
218
2 31 1
224
1 18 1
225
1 32 1
226
2 25 1
230
2 28 1
231
1 22 1
232
2 28 1
233
1 22 1
234
1 24 1
235
1 28 1
237
3 23 1
238
1 32 1
243
1 20 1
247
2 28 1
248
1 37 1
249
1 29 1
252
1 18 1
253
1 30 1
255
1 27 1
262
2 36 1
263
1 28 1
270
1 28 1
271
1 28 1
272
3 24 1
274
1 38 1
280
1 21 1
282
2 19 1
283
2 23 1
284
3 30 1
288
1 28 1
289
1 18 1
290
1 36 1
295
1 24 1
297
1 25 1
299
