800 372 1240 53
24 11 39 30 15 28 38 38 32 19 30 40 22 22 33 19 35 18 34 27 29 23 13 16 19 19 13 36 22 11 32 39 21 29 39 17 12 21 27 12 29 30 22 30 19 24 19 25 26 36 38 30 39 15 24 35 18 26 12 27 15 35 17 27 25 22 29 23 23 15 21 15 17 14 11 17 22 15 21 23 39 30 40 28 24 38 17 18 32 21 34 32 33 34 11 28 11 40 13 24 34 38 18 19 27 17 36 37 14 31 27 24 25 26 27 23 29 24 25 17 25 11 32 40 11 21 29 30 26 17 16 25 17 26 21 18 20 11 23 27 38 15 27 22 32 15 12 36 38 20 14 29 33 19 39 33 35 35 18 35 15 25 36 36 22 26 33 29 28 15 35 39 23 40 40 37 33 26 30 38 26 32 28 27 34 22 14 40 17 14 27 20 24 21 12 18 21 20 24 24 34 21 14 25 33 37 15 38 38 19 11 22 21 37 32 21 38 37 20 21 18 14 25 23 30 35 30 29 12 12 29 24 35 18 36 31 34 26 31 24 38 28 39 32 30 38 17 12 18 13 19 14 37 29 16 37 39 14 36 27 31 17 29 40 15 29 23 17 39 14 14 38 20 18 24 21 15 38 34 31 15 37 20 18 39 18 26 28 21 25 12 14 26 34 18 39 13 27 25 15 25 35 38 22 28 15 25 24 20 30 12 34 21 31 19 18 40 30 40 27 28 25 39 32 28 17 39 16 35 22 34 29 24 24 34 27 24 33 28 24 27 11 37 15 15 39 34 23 30 25 38 36 13 16 20 23 11 20 25 11 30 37 15 25 18 34 20 28 28 37 16 14 23 22 35 18 35 20 37 29 29 31 16 21 35 28 16 34 25 40 20 31 28 37 30 12 11 25 15 37 35 11 37 29 21 38 36 33 38 14 31 22 15 21 21 15 33 25 32 27 24 36 13 35 38 35 11 11 16 32 33 38 27 34 17 11 30 18 40 15 18 30 31 20 38 40 26 23 29 31 24 37 19 39 25 32 15 19 21 21 34 17 24 40 14 21 17 36 36 11 30 14 37 37 19 39 17 37 22 23 34 17 35 12 19 32 29 31 37 32 12 29 39 21 27 14 33 14 22 23 32 34 32 39 37 13 12 17 31 37 25 28 15 38 35 19 13 37 31 19 36 32 19 39 37 17 36 21 35 40 33 34 32 15 33 24 34 19 13 22 15 28 20 22 13 22 29 31 33 36 12 19 35 20 26 13 19 26 37 15 39 23 26 16 26 38 13 19 31 37 33 29 14 40 11 34 13 24 26 39 25 28 31 19 19 35 36 35 25 20 39 38 14 36 12 17 12 36 33 20 13 19 28 19 20 38 36 39 39 15 12 27 30 29 17 31 17 28 13 11 26 13 37 36 18 34 34 21 14 13 39 22 29 17 13 40 28 37 23 23 28 21 22 16 11 11 34 29 35 13 38 32 21 35 18 11 21 31 23 20 40 28 19 34 39 22 24 29 23 29 40 38 21 17 16 25 12 35 31 36 29 31 20 16 26 17 29 29 12 21 16 25 31 22 30 25 23 39 26 23 29 12 32 30 27 23 16 12 29 12 11 15 18 33 20 22 13 39 40 24 17 37 30 40 12 30 23 39 23 23 27 35 13 18 23 17 31 36 25 15 22 19 28 14 18 28 40 18 32 19 40 38 27 37 11 36 36 24 40 23 17 32 22 15 21 28 40 28 31 25 31 19 21 25 36 13 33 30 17 26 23 22 17 17 35 19 22 24 24 32 26 17 32 40 35 28 19 33 27 13
14 1 29 20 5 18 28 28 22 9 20 30 12 12 23 9 25 8 24 17 19 13 3 6 9 9 3 26 12 1 22 29 11 19 29 7 2 11 17 2 19 20 12 20 9 14 9 15 16 26 28 20 29 5 14 25 8 16 2 17 5 25 7 17 15 12 19 13 13 5 11 5 7 4 1 7 12 5 11 13 29 20 30 18 14 28 7 8 22 11 24 22 23 24 1 18 1 30 3 14 24 28 8 9 17 7 26 27 4 21 17 14 15 16 17 13 19 14 15 7 15 1 22 30 1 11 19 20 16 7 6 15 7 16 11 8 10 1 13 17 28 5 17 12 22 5 2 26 28 10 4 19 23 9 29 23 25 25 8 25 5 15 26 26 12 16 23 19 18 5 25 29 13 30 30 27 23 16 20 28 16 22 18 17 24 12 4 30 7 4 17 10 14 11 2 8 11 10 14 14 24 11 4 15 23 27 5 28 28 9 1 12 11 27 22 11 28 27 10 11 8 4 15 13 20 25 20 19 2 2 19 14 25 8 26 21 24 16 21 14 28 18 29 22 20 28 7 2 8 3 9 4 27 19 6 27 29 4 26 17 21 7 19 30 5 19 13 7 29 4 4 28 10 8 14 11 5 28 24 21 5 27 10 8 29 8 16 18 11 15 2 4 16 24 8 29 3 17 15 5 15 25 28 12 18 5 15 14 10 20 2 24 11 21 9 8 30 20 30 17 18 15 29 22 18 7 29 6 25 12 24 19 14 14 24 17 14 23 18 14 17 1 27 5 5 29 24 13 20 15 28 26 3 6 10 13 1 10 15 1 20 27 5 15 8 24 10 18 18 27 6 4 13 12 25 8 25 10 27 19 19 21 6 11 25 18 6 24 15 30 10 21 18 27 20 2 1 15 5 27 25 1 27 19 11 28 26 23 28 4 21 12 5 11 11 5 23 15 22 17 14 26 3 25 28 25 1 1 6 22 23 28 17 24 7 1 20 8 30 5 8 20 21 10 28 30 16 13 19 21 14 27 9 29 15 22 5 9 11 11 24 7 14 30 4 11 7 26 26 1 20 4 27 27 9 29 7 27 12 13 24 7 25 2 9 22 19 21 27 22 2 19 29 11 17 4 23 4 12 13 22 24 22 29 27 3 2 7 21 27 15 18 5 28 25 9 3 27 21 9 26 22 9 29 27 7 26 11 25 30 23 24 22 5 23 14 24 9 3 12 5 18 10 12 3 12 19 21 23 26 2 9 25 10 16 3 9 16 27 5 29 13 16 6 16 28 3 9 21 27 23 19 4 30 1 24 3 14 16 29 15 18 21 9 9 25 26 25 15 10 29 28 4 26 2 7 2 26 23 10 3 9 18 9 10 28 26 29 29 5 2 17 20 19 7 21 7 18 3 1 16 3 27 26 8 24 24 11 4 3 29 12 19 7 3 30 18 27 13 13 18 11 12 6 1 1 24 19 25 3 28 22 11 25 8 1 11 21 13 10 30 18 9 24 29 12 14 19 13 19 30 28 11 7 6 15 2 25 21 26 19 21 10 6 16 7 19 19 2 11 6 15 21 12 20 15 13 29 16 13 19 2 22 20 17 13 6 2 19 2 1 5 8 23 10 12 3 29 30 14 7 27 20 30 2 20 13 29 13 13 17 25 3 8 13 7 21 26 15 5 12 9 18 4 8 18 30 8 22 9 30 28 17 27 1 26 26 14 30 13 7 22 12 5 11 18 30 18 21 15 21 9 11 15 26 3 23 20 7 16 13 12 7 7 25 9 12 14 14 22 16 7 22 30 25 18 9 23 17 3
0 7 1
264
6 13 12
715 377 586 83 502 41 327 168 59 458 271 631
1 7 7
429 749 311 196 262 678 9
0 6 3
511 734 550
1 11 5
355 707 489 367 587
0 6 7
688 612 464 694 40 570 23
1 10 4
175 117 295 98
1 13 3
47 732 298
1 10 5
217 292 1 65 714
1 8 6
768 467 310 278 351 3
1 7 9
535 322 682 315 572 126 741 580 127
0 18 3
476 18 438
1 16 2
113 2
0 13 3
213 695 177
0 9 2
780 510
0 10 4
430 304 553 112
0 7 3
337 488 353
0 13 1
299
0 5 7
190 538 170 677 776 781 388
2 14 6
764 691 20 513 205 254
0 12 3
265 679 660
2 16 4
509 544 38 565
1 6 9
735 613 16 136 446 69 280 470 601
1 7 9
101 108 179 223 518 72 420 751 620
4 11 10
78 563 321 99 547 426 578 250 554 787
0 11 3
22 755 29
0 6 2
102 276
1 9 8
125 412 374 363 500 546 696 658
0 3 10
164 328 331 287 437 247 37 139 257 630
0 19 1
12
1 8 8
497 66 592 169 721 39 719 463
3 13 7
44 263 664 789 643 53 267
2 11 5
142 533 756 221 754
3 15 8
523 313 375 608 706 766 531 647
0 10 4
434 378 372 258
0 4 10
274 148 33 474 585 26 398 436 597 184
1 9 8
325 689 603 517 649 183 80 669
2 26 3
632 475 187
5 14 12
483 135 425 559 672 85 712 402 166 491 173 30
3 13 9
537 683 392 731 710 750 245 615 788
2 11 7
461 428 234 452 82 604 357
1 11 4
655 227 216 210
0 11 1
640
0 4 11
242 95 128 507 616 521 241 368 635 418 240
1 6 9
154 661 641 56 424 343 702 662 366
0 15 2
36 687
2 12 3
192 680 269
0 10 5
201 782 742 88 503
0 10 3
579 151 701
2 14 7
10 302 638 786 730 301 759
1 7 7
757 413 524 681 49 495 386
0 15 1
352
0 7 3
57 494 255
0 5 6
152 76 220 564 193 24
2 10 7
122 709 532 369 111 141 312
3 12 6
450 270 499 146 650 105
1 11 6
794 202 92 42 7 45
1 7 10
799 273 345 199 753 182 797 611 389 319
1 17 5
451 673 34 4 671
0 15 1
228
4 11 12
758 115 381 317 316 121 529 79 94 93 354 356
1 11 4
589 134 104 557
1 13 3
411 268 390
0 10 4
432 602 324 340
2 9 9
70 46 195 440 260 485 75 738 86
3 11 7
67 87 200 73 414 435 346
0 11 5
348 281 724 622 6
1 8 5
740 506 588 773 747
2 12 8
218 208 478 558 272 282 107 17
1 12 6
15 55 480 743 360 447
1 8 6
244 504 341 150 484 385
0 7 4
404 752 659 692
2 8 10
305 35 380 798 493 561 717 387 545 784
0 10 2
306 595
0 10 2
21 573
0 15 2
621 116
3 12 10
52 765 118 229 309 422 297 453 771 479
1 20 2
31 525
3 13 9
60 238 43 391 560 796 496 222 171
1 16 4
230 233 51 442
0 6 4
761 693 576 778
1 9 6
744 285 155 590 303 783
0 5 6
90 594 459 371 394 526
3 11 7
114 144 361 610 191 362 486
0 8 2
690 769
1 6 7
157 62 296 528 785 433 668
0 15 2
567 419
2 10 8
644 203 598 736 633 176 204 654
3 15 6
174 226 498 145 520 421
1 8 5
185 665 5 466 198
0 4 6
131 308 178 224 555 189
0 13 3
162 405 68
2 17 5
252 237 124 455 454
3 21 1
0
1 14 1
8
1 17 1
11
1 13 1
13
4 29 1
14
1 9 1
19
3 19 1
25
1 12 1
27
1 17 1
28
5 19 1
32
2 22 1
48
3 21 1
50
3 17 1
54
1 22 1
58
1 14 1
61
1 10 1
63
1 18 1
64
2 24 1
71
1 20 1
74
4 15 1
77
4 23 1
81
3 22 1
84
1 18 1
89
1 22 2
91 365
7 27 1
96
4 22 1
97
3 28 1
100
2 17 1
103
6 22 1
106
3 22 1
109
1 33 1
110
1 28 1
119
1 12 1
120
2 21 1
123
2 18 1
129
1 20 1
130
1 14 1
132
3 23 1
133
1 17 1
137
2 14 2
138 720
2 26 1
140
1 14 1
143
1 24 1
147
1 25 1
149
1 14 1
153
1 39 1
156
1 18 1
158
2 23 1
159
1 31 1
160
1 28 1
161
3 19 1
163
2 25 1
165
4 19 1
167
2 33 1
172
1 17 1
180
2 15 1
181
1 24 2
186 569
1 24 1
188
1 25 1
194
6 23 1
197
1 14 1
206
3 25 1
207
3 13 1
209
2 17 1
211
2 17 1
212
3 20 1
214
1 19 1
215
5 22 1
219
1 14 1
225
1 21 1
231
3 20 1
232
1 17 1
235
1 18 1
236
2 16 1
239
1 15 1
243
1 10 1
246
1 25 1
248
2 13 1
249
2 21 1
251
1 16 1
253
1 33 1
256
2 16 1
259
1 19 1
261
3 17 1
266
1 21 1
275
1 21 1
277
1 16 1
279
4 23 1
283
1 26 1
284
1 14 1
286
1 17 1
288
3 16 1
289
4 21 2
290 403
3 24 1
291
1 16 1
293
4 19 1
294
3 15 1
300
2 20 1
307
1 17 1
314
1 14 2
318 591
1 30 1
320
1 16 1
323
1 10 1
326
1 27 1
329
1 25 1
330
4 32 1
332
1 18 1
333
1 22 1
334
1 22 1
335
1 25 1
336
1 18 1
338
3 24 1
339
1 24 1
342
4 22 1
344
2 17 1
347
2 24 1
349
1 21 1
350
2 19 1
358
3 17 1
359
1 19 1
364
1 18 1
370
1 13 1
373
1 34 1
376
1 12 1
379
5 26 1
382
3 17 1
383
4 27 1
384
9 28 2
393 705
2 16 1
395
6 23 1
396
1 14 1
397
2 30 1
399
3 20 1
400
2 21 1
401
3 16 1
406
3 21 1
407
2 18 1
408
1 13 1
409
2 24 1
410
2 19 1
415
1 28 1
416
4 25 1
417
1 25 1
423
1 20 1
427
1 21 1
431
6 23 1
439
4 24 1
441
3 19 1
443
1 16 1
444
1 17 1
445
4 20 1
448
4 28 1
449
1 20 1
456
1 20 1
457
1 17 2
460 606
1 22 1
462
3 17 1
465
2 25 1
468
1 14 1
469
3 19 1
471
1 28 1
472
3 21 1
473
3 17 1
477
1 13 1
481
4 20 1
482
2 22 1
487
1 14 1
490
1 16 1
492
7 28 1
501
1 16 1
505
3 21 1
508
5 20 1
512
1 19 1
514
6 25 1
515
2 22 1
516
3 21 1
519
1 26 1
522
7 27 1
527
3 25 2
530 577
2 13 1
534
3 23 2
536 739
3 19 1
539
1 24 1
540
3 25 1
541
1 17 1
542
1 19 1
543
4 24 1
548
3 20 1
549
3 28 1
551
1 19 1
552
1 20 1
556
1 16 1
562
3 21 1
566
1 23 1
568
3 17 1
571
1 17 1
574
1 18 1
575
4 20 1
581
1 10 1
582
4 23 1
583
2 14 1
584
2 28 1
593
4 25 1
596
1 17 1
599
1 18 1
600
1 16 1
605
2 27 1
607
2 22 1
609
1 12 1
614
2 19 1
617
5 25 1
618
3 21 1
619
1 15 1
623
2 18 1
624
1 22 1
625
1 30 1
626
3 24 1
627
1 20 1
628
1 20 1
629
3 18 1
634
1 26 1
636
1 13 1
637
1 22 1
639
1 23 1
642
4 23 1
645
1 17 1
646
6 28 1
648
1 11 1
651
2 26 1
652
3 19 1
653
3 25 1
656
2 14 1
657
1 22 1
663
3 20 1
666
3 16 1
667
1 15 1
670
2 21 1
674
1 19 1
675
1 16 1
676
1 18 1
684
2 17 1
685
1 23 1
686
1 20 1
697
1 30 1
698
4 18 1
699
3 20 1
700
2 22 1
703
2 28 2
704 791
1 30 1
708
1 14 1
711
1 15 1
713
1 22 1
716
3 21 1
718
3 25 1
722
1 9 1
723
1 11 1
725
2 15 1
726
2 25 1
727
2 20 1
728
1 26 1
729
2 22 1
733
1 17 1
737
2 27 1
745
1 26 1
746
5 24 1
748
1 23 1
760
3 21 1
762
3 21 1
763
1 28 1
767
1 17 1
770
1 27 1
772
1 13 1
774
2 19 1
775
1 16 1
777
1 18 1
779
4 22 1
790
4 24 1
792
5 20 1
793
3 23 1
795
