700 359 1085 47
19 13 12 29 22 11 18 39 26 20 30 12 14 33 33 32 35 11 16 34 34 32 35 23 22 12 32 17 23 36 11 21 14 23 26 32 36 37 12 22 27 39 24 40 14 13 31 12 30 40 22 34 17 29 28 22 40 11 35 24 27 39 17 25 35 21 35 36 36 34 29 32 14 40 22 18 38 19 38 26 37 25 39 13 21 39 33 11 37 39 35 35 32 16 15 19 40 30 40 11 38 20 19 17 25 31 35 29 36 13 39 35 25 34 31 26 28 35 13 14 14 22 27 32 37 32 21 11 33 30 13 36 12 30 27 16 23 38 15 12 11 39 39 39 24 29 27 23 40 21 31 36 32 34 21 24 38 23 13 12 27 34 28 29 29 22 32 21 14 19 11 36 11 32 31 26 13 30 35 26 12 31 24 27 35 32 36 40 19 33 32 34 38 26 12 20 39 34 32 27 38 14 17 37 32 25 15 40 19 13 40 23 19 28 26 15 21 29 30 14 30 29 21 32 26 13 11 25 14 30 26 27 35 40 18 17 29 28 11 33 20 37 36 40 16 36 39 24 37 13 11 20 22 17 18 15 33 36 19 29 15 33 32 12 22 36 29 28 14 21 37 36 25 13 27 30 19 38 27 23 21 21 40 14 13 13 24 38 25 32 12 18 28 37 19 35 20 31 37 12 21 33 11 35 18 27 26 18 22 38 33 13 27 17 29 35 17 18 21 22 18 27 27 14 29 38 24 16 11 31 36 29 15 24 26 25 39 17 39 16 31 31 40 28 17 35 29 18 18 25 40 21 23 24 31 25 37 23 17 26 30 28 12 18 21 24 28 36 11 20 36 15 32 13 23 21 32 33 39 12 32 38 18 34 18 38 40 28 31 38 12 28 18 28 36 22 11 20 13 26 30 36 34 29 34 34 38 27 36 12 23 21 16 20 18 26 37 26 27 18 13 15 21 17 13 16 11 17 27 15 30 27 31 27 16 21 34 36 31 18 32 18 12 28 26 25 30 14 23 40 34 21 33 26 28 35 34 32 14 12 13 17 27 25 30 31 23 31 26 32 19 36 18 24 34 24 20 18 18 36 18 31 39 20 36 26 19 32 36 40 29 21 28 14 19 30 24 12 36 21 12 17 23 28 17 11 32 40 19 29 35 38 34 21 17 22 32 37 18 35 14 32 34 39 13 36 29 31 39 34 28 15 36 40 38 24 13 24 39 16 40 37 25 35 11 31 25 39 26 31 26 20 24 11 14 40 15 26 28 30 16 35 24 18 15 36 18 39 34 16 17 15 11 31 13 40 11 12 39 20 22 27 33 34 26 11 15 36 20 12 11 22 26 26 13 39 25 16 15 34 35 28 23 19 39 11 35 19 38 12 36 34 38 17 26 40 26 27 19 14 32 14 39 17 28 32 30 24 37 15 11 36 15 35 25 29 28 24 15 12 14 19 27 38 19 11 29 26 36 14 35 26 37 16 25 22 17 34 17 22 16 19 22 27 36 11 22 33 19 35 34 24 11 35 40 33 34 37 36 29 14 16 25 20 13 38 11 22 18 20 23 32 23 30 21 29 12 37 28 24
9 3 2 19 12 1 8 29 16 10 20 2 4 23 23 22 25 1 6 24 24 22 25 13 12 2 22 7 13 26 1 11 4 13 16 22 26 27 2 12 17 29 14 30 4 3 21 2 20 30 12 24 7 19 18 12 30 1 25 14 17 29 7 15 25 11 25 26 26 24 19 22 4 30 12 8 28 9 28 16 27 15 29 3 11 29 23 1 27 29 25 25 22 6 5 9 30 20 30 1 28 10 9 7 15 21 25 19 26 3 29 25 15 24 21 16 18 25 3 4 4 12 17 22 27 22 11 1 23 20 3 26 2 20 17 6 13 28 5 2 1 29 29 29 14 19 17 13 30 11 21 26 22 24 11 14 28 13 3 2 17 24 18 19 19 12 22 11 4 9 1 26 1 22 21 16 3 20 25 16 2 21 14 17 25 22 26 30 9 23 22 24 28 16 2 10 29 24 22 17 28 4 7 27 22 15 5 30 9 3 30 13 9 18 16 5 11 19 20 4 20 19 11 22 16 3 1 15 4 20 16 17 25 30 8 7 19 18 1 23 10 27 26 30 6 26 29 14 27 3 1 10 12 7 8 5 23 26 9 19 5 23 22 2 12 26 19 18 4 11 27 26 15 3 17 20 9 28 17 13 11 11 30 4 3 3 14 28 15 22 2 8 18 27 9 25 10 21 27 2 11 23 1 25 8 17 16 8 12 28 23 3 17 7 19 25 7 8 11 12 8 17 17 4 19 28 14 6 1 21 26 19 5 14 16 15 29 7 29 6 21 21 30 18 7 25 19 8 8 15 30 11 13 14 21 15 27 13 7 16 20 18 2 8 11 14 18 26 1 10 26 5 22 3 13 11 22 23 29 2 22 28 8 24 8 28 30 18 21 28 2 18 8 18 26 12 1 10 3 16 20 26 24 19 24 24 28 17 26 2 13 11 6 10 8 16 27 16 17 8 3 5 11 7 3 6 1 7 17 5 20 17 21 17 6 11 24 26 21 8 22 8 2 18 16 15 20 4 13 30 24 11 23 16 18 25 24 22 4 2 3 7 17 15 20 21 13 21 16 22 9 26 8 14 24 14 10 8 8 26 8 21 29 10 26 16 9 22 26 30 19 11 18 4 9 20 14 2 26 11 2 7 13 18 7 1 22 30 9 19 25 28 24 11 7 12 22 27 8 25 4 22 24 29 3 26 19 21 29 24 18 5 26 30 28 14 3 14 29 6 30 27 15 25 1 21 15 29 16 21 16 10 14 1 4 30 5 16 18 20 6 25 14 8 5 26 8 29 24 6 7 5 1 21 3 30 1 2 29 10 12 17 23 24 16 1 5 26 10 2 1 12 16 16 3 29 15 6 5 24 25 18 13 9 29 1 25 9 28 2 26 24 28 7 16 30 16 17 9 4 22 4 29 7 18 22 20 14 27 5 1 26 5 25 15 19 18 14 5 2 4 9 17 28 9 1 19 16 26 4 25 16 27 6 15 12 7 24 7 12 6 9 12 17 26 1 12 23 9 25 24 14 1 25 30 23 24 27 26 19 4 6 15 10 3 28 1 12 8 10 13 22 13 20 11 19 2 27 18 14
0 10 2
505 588
0 13 1
393
0 17 2
670 270
1 15 2
397 34
3 13 7
8 76 236 424 502 64 348
2 10 7
377 279 592 545 398 240 459
0 8 5
667 375 367 142 191
5 15 11
155 635 557 568 101 2 383 88 134 408 152
1 6 6
619 227 201 591 410 546
2 14 4
38 652 624 625
1 9 6
106 216 630 132 206 57
2 11 7
464 143 74 282 587 419 686
4 11 8
526 274 144 136 324 690 531 642
0 7 4
140 342 437 593
0 17 1
224
0 11 1
287
2 15 6
228 520 359 37 538 403
2 9 6
515 654 308 632 292 662
0 13 1
425
1 20 2
683 91
0 5 6
518 43 525 462 562 634
2 11 7
14 79 286 487 168 512 329
0 6 2
167 25
0 5 4
478 439 503 147
0 24 2
86 68
1 8 7
69 422 628 584 523 85 148
1 11 3
499 429 407
0 18 2
651 315
0 19 1
380
0 10 1
71
0 6 6
431 300 352 248 665 541
1 17 3
116 381 40
0 5 6
39 479 237 423 9 125
1 13 4
345 307 12 692
1 8 7
181 316 358 198 171 678 617
1 7 6
275 529 374 260 388 469
0 6 6
242 350 1 153 130 620
1 9 4
414 613 100 661
0 11 5
192 45 210 485 373
2 14 6
493 131 471 215 527 77
0 7 6
477 480 110 264 149 627
1 6 6
448 553 537 70 289 269
1 10 5
205 497 668 95 650
2 13 6
325 221 298 214 689 18
0 8 4
222 122 296 220
0 5 2
544 463
0 11 1
104
4 15 8
243 294 27 187 608 170 551 313
0 8 1
60
2 7 11
254 644 641 364 123 4 610 494 98 32 685
2 12 5
271 696 318 314 450
0 5 3
19 633 156
0 8 5
113 158 99 664 319
4 15 8
251 536 442 517 61 107 263 293
3 11 7
594 284 428 394 120 159 694
0 12 1
3
0 5 9
508 141 295 687 230 629 193 406 589
0 7 2
133 655
0 8 3
409 412 548
1 20 4
5 336 522 56
1 14 5
385 420 327 679 669
1 8 7
82 268 59 693 349 335 180
3 11 11
115 376 234 603 114 659 434 392 444 288 108
2 13 6
456 128 500 338 190 258
0 8 3
451 677 597
0 11 3
246 93 445
2 11 7
255 470 303 571 202 78 640
0 14 2
346 311
1 16 4
507 656 573 161
0 11 2
73 483
0 8 2
436 396
0 17 3
372 561 29
0 11 1
542
2 11 6
42 277 395 165 360 658
4 13 8
163 675 55 646 44 174 229 430
1 10 4
339 175 401 126
0 22 1
578
3 11 9
285 127 391 435 569 323 411 386 378
2 12 5
154 417 15 384 465
0 9 6
97 699 657 570 534 24
0 10 4
648 328 475 498
2 10 6
371 261 273 476 204 550
0 19 1
16
0 13 4
590 341 558 402
0 7 4
524 322 580 195
0 3 1
572
1 7 5
626 355 426 554 577
1 14 4
639 457 595 33
3 14 8
559 321 267 209 332 244 567 404
3 8 10
11 238 169 421 304 379 631 601 552 609
0 13 1
598
1 15 1
0
1 13 1
6
1 13 1
7
2 17 1
10
4 24 1
13
4 21 1
17
3 20 1
20
1 27 1
21
1 27 1
22
5 22 1
23
1 25 1
26
1 22 1
28
1 27 1
30
6 25 1
31
1 32 1
35
2 23 1
36
5 22 1
41
1 21 1
46
5 20 1
47
1 24 1
48
1 13 1
49
3 21 1
50
2 14 1
51
1 30 1
52
1 13 1
53
1 24 2
54 516
1 19 1
58
1 15 2
62 449
5 24 1
63
3 17 1
65
1 18 1
66
1 22 2
67 145
2 18 1
72
6 26 1
75
1 19 1
80
2 34 1
81
2 21 1
83
1 18 1
84
1 11 2
87 309
3 22 1
89
1 31 1
90
2 16 1
92
1 15 1
94
5 23 1
96
4 17 1
102
1 22 1
103
3 17 1
105
1 17 1
109
3 23 2
111 208
1 14 1
112
1 19 1
117
2 16 1
118
3 22 2
119 472
3 20 1
121
2 23 1
124
2 28 2
129 604
3 25 1
135
2 18 1
137
2 22 1
138
1 15 1
139
2 16 1
146
2 14 1
150
2 21 1
151
1 27 1
157
1 25 1
160
3 24 1
162
2 21 1
164
2 21 2
166 387
1 15 1
172
2 15 1
173
1 20 1
176
3 23 1
177
2 33 1
178
1 13 1
179
1 21 1
182
1 29 1
183
3 21 2
184 530
1 26 1
185
1 25 1
186
2 21 1
188
1 18 1
189
3 23 1
194
3 30 1
196
2 19 1
197
1 24 1
199
6 26 1
200
2 17 1
203
2 19 1
207
1 18 1
211
2 19 1
212
2 33 1
213
3 18 1
217
1 16 1
218
3 18 1
219
3 22 1
223
1 16 1
225
1 13 1
226
2 21 1
231
2 19 1
232
1 23 1
233
1 26 2
235 663
3 22 1
239
1 32 2
241 653
4 22 2
245 618
3 24 1
247
1 13 1
249
1 19 2
250 266
1 19 1
252
5 19 1
253
2 15 1
256
2 22 1
257
6 27 1
259
3 30 1
262
1 26 1
265
7 29 1
272
1 19 1
276
1 22 1
278
1 15 1
280
2 20 1
281
1 18 1
283
1 16 1
290
1 21 1
291
3 25 1
297
2 21 1
299
6 28 1
301
1 19 1
302
1 20 1
305
1 16 1
306
3 21 1
310
1 15 1
312
2 35 1
317
3 24 1
320
3 22 1
326
5 26 1
330
1 17 1
331
1 32 1
333
1 22 1
334
2 28 1
337
5 23 1
340
1 18 1
343
1 11 1
344
1 20 1
347
1 21 1
351
1 13 1
353
4 23 1
354
1 22 1
356
1 16 1
357
2 24 1
361
1 13 1
362
2 23 1
363
3 27 1
365
2 18 1
366
3 25 1
368
2 30 1
369
3 21 1
370
1 29 1
382
2 28 1
389
1 13 1
390
2 17 1
399
1 23 1
400
3 18 1
405
1 23 1
413
2 24 1
415
1 20 1
416
1 30 1
418
1 22 1
427
2 18 1
432
1 18 2
433 539
3 22 1
438
1 17 1
440
1 13 1
441
1 12 1
443
1 17 1
446
2 25 1
447
2 14 1
452
2 18 1
453
1 22 1
454
1 35 1
455
2 19 2
458 636
1 31 1
460
5 23 1
461
1 14 1
466
1 19 1
467
3 23 1
468
1 13 1
473
1 17 1
474
1 24 1
481
5 20 1
482
1 14 1
484
1 16 1
486
2 17 1
488
1 34 1
489
2 23 1
490
3 25 1
491
1 24 1
492
2 21 1
495
2 26 1
496
1 30 1
501
1 19 1
504
2 21 1
506
1 27 1
509
3 30 1
510
2 16 1
511
3 16 1
513
1 11 1
514
1 33 1
519
2 26 1
521
1 19 1
528
3 21 1
532
1 37 1
533
1 21 1
535
1 17 1
540
2 28 1
543
5 22 1
547
3 23 1
549
2 18 1
555
2 24 1
556
1 17 1
560
1 26 1
563
1 10 1
564
4 22 1
565
1 18 1
566
2 20 1
574
1 26 1
575
1 18 1
576
3 16 1
579
1 24 1
581
2 35 1
582
3 25 1
583
1 24 1
585
3 18 1
586
1 33 1
596
2 16 1
599
1 36 1
600
1 24 1
602
5 28 1
605
1 21 1
606
1 15 1
607
6 28 1
611
1 22 1
612
1 12 1
614
2 21 1
615
4 21 1
616
1 21 1
621
1 14 1
622
1 10 1
623
1 20 1
637
1 10 1
638
4 25 1
643
1 19 1
645
1 11 1
647
1 16 1
649
3 19 1
660
3 17 1
666
1 35 1
671
1 13 1
672
1 19 1
673
1 21 1
674
3 25 1
676
1 25 1
680
6 22 1
681
1 26 1
682
3 23 1
684
2 21 1
688
1 16 1
691
3 19 1
695
3 22 1
697
4 23 1
698
