500 282 775 33
29 26 15 35 17 22 31 33 21 20 36 24 29 26 37 40 38 28 18 16 16 19 33 36 16 37 23 29 21 18 30 14 22 32 31 29 36 29 34 23 15 22 21 12 26 24 25 31 13 38 16 37 17 35 37 12 36 39 36 29 19 36 22 40 12 40 24 16 22 24 12 37 37 26 35 26 34 35 18 14 34 25 27 34 20 40 32 34 26 28 18 17 40 28 23 40 25 24 35 22 39 14 33 20 33 12 19 11 14 11 13 11 33 21 36 35 19 34 35 17 39 30 30 34 38 36 27 27 12 31 21 37 12 39 18 35 18 23 23 30 33 11 34 16 26 39 20 30 39 13 12 16 32 23 33 35 40 13 17 30 21 24 38 30 33 24 20 16 23 18 36 28 28 18 35 22 27 33 14 26 12 36 22 12 19 20 21 34 28 38 23 19 40 29 16 14 39 38 32 39 39 38 37 27 28 36 38 34 38 21 17 28 26 32 21 18 31 33 16 37 12 22 24 38 34 29 35 38 29 25 22 28 28 25 20 26 34 15 16 21 40 40 22 13 29 37 34 22 32 30 31 37 32 13 26 17 21 27 39 35 19 19 33 21 33 28 14 39 15 31 29 20 12 21 11 19 39 20 11 38 16 32 19 31 36 18 18 35 22 40 20 33 32 13 31 31 32 22 20 13 40 16 31 13 15 36 12 33 39 38 14 26 31 11 36 17 24 23 24 28 37 32 17 14 35 17 32 29 22 20 21 15 36 16 33 33 15 31 15 29 25 35 18 31 24 18 32 29 37 27 32 37 24 26 13 24 21 24 24 17 13 28 40 17 39 32 31 13 31 33 27 28 37 25 37 40 21 24 38 28 23 25 35 35 36 30 27 36 15 37 37 29 20 31 40 29 23 33 33 29 39 32 35 40 32 25 33 17 15 25 16 26 12 16 28 28 25 30 40 36 17 29 18 15 24 39 34 34 27 12 24 16 15 34 19 31 34 29 37 37 23 23 22 32 16 40 20 21 33 27 24 35 11 40 34 30 14 19 36 18 20 20 22 24 25 38 28 38 21 23 37 12 35 16 31 24 17 17 19 38 36 15 26 33 30 24 31 25 29 24 24 22 20 11 32 15 38 18 21 37
19 16 5 25 7 12 21 23 11 10 26 14 19 16 27 30 28 18 8 6 6 9 23 26 6 27 13 19 11 8 20 4 12 22 21 19 26 19 24 13 5 12 11 2 16 14 15 21 3 28 6 27 7 25 27 2 26 29 26 19 9 26 12 30 2 30 14 6 12 14 2 27 27 16 25 16 24 25 8 4 24 15 17 24 10 30 22 24 16 18 8 7 30 18 13 30 15 14 25 12 29 4 23 10 23 2 9 1 4 1 3 1 23 11 26 25 9 24 25 7 29 20 20 24 28 26 17 17 2 21 11 27 2 29 8 25 8 13 13 20 23 1 24 6 16 29 10 20 29 3 2 6 22 13 23 25 30 3 7 20 11 14 28 20 23 14 10 6 13 8 26 18 18 8 25 12 17 23 4 16 2 26 12 2 9 10 11 24 18 28 13 9 30 19 6 4 29 28 22 29 29 28 27 17 18 26 28 24 28 11 7 18 16 22 11 8 21 23 6 27 2 12 14 28 24 19 25 28 19 15 12 18 18 15 10 16 24 5 6 11 30 30 12 3 19 27 24 12 22 20 21 27 22 3 16 7 11 17 29 25 9 9 23 11 23 18 4 29 5 21 19 10 2 11 1 9 29 10 1 28 6 22 9 21 26 8 8 25 12 30 10 23 22 3 21 21 22 12 10 3 30 6 21 3 5 26 2 23 29 28 4 16 21 1 26 7 14 13 14 18 27 22 7 4 25 7 22 19 12 10 11 5 26 6 23 23 5 21 5 19 15 25 8 21 14 8 22 19 27 17 22 27 14 16 3 14 11 14 14 7 3 18 30 7 29 22 21 3 21 23 17 18 27 15 27 30 11 14 28 18 13 15 25 25 26 20 17 26 5 27 27 19 10 21 30 19 13 23 23 19 29 22 25 30 22 15 23 7 5 15 6 16 2 6 18 18 15 20 30 26 7 19 8 5 14 29 24 24 17 2 14 6 5 24 9 21 24 19 27 27 13 13 12 22 6 30 10 11 23 17 14 25 1 30 24 20 4 9 26 8 10 10 12 14 15 28 18 28 11 13 27 2 25 6 21 14 7 7 9 28 26 5 16 23 20 14 21 15 19 14 14 12 10 1 22 5 28 8 11 27
0 15 1
382
2 11 4
194 164 75 150
2 12 7
443 122 27 463 255 365 137
0 20 2
385 34
1 12 6
411 446 276 95 290 179
2 15 5
207 373 72 247 444
3 14 7
267 336 39 361 431 182 201
1 10 5
132 311 453 302 492
0 15 1
472
0 17 1
318
1 15 2
177 380
0 9 4
355 159 282 7
1 15 4
394 265 168 274
2 14 5
116 225 377 248 473
0 9 2
309 430
1 10 6
312 342 317 288 362 166
2 14 5
457 214 454 246 434
1 10 6
489 61 235 356 428 183
0 7 6
378 310 82 76 354 437
0 7 6
337 326 162 58 328 209
1 11 6
222 496 185 211 60 321
0 9 3
108 266 226
0 12 2
176 333
0 7 5
47 237 400 189 353
1 12 4
252 138 429 363
2 11 4
413 410 161 298
0 6 3
221 481 452
0 19 1
190
0 10 4
406 433 91 172
0 10 3
84 197 233
1 10 6
484 131 329 412 450 369
1 11 3
212 334 422
0 8 5
253 350 71 301 469
0 12 3
249 456 142
0 18 1
17
0 17 1
98
1 10 6
421 79 120 63 277 278
1 8 7
402 427 432 152 435 495 114
0 13 2
303 344
1 11 3
198 1 146
0 19 2
229 426
1 13 2
470 316
0 5 5
87 219 340 497 112
0 9 3
296 8 59
0 6 4
366 110 139 346
0 13 2
490 41
1 8 7
341 36 67 477 272 123 15
1 14 4
397 304 156 103
0 10 1
441
0 12 1
213
1 15 4
478 405 451 442
2 18 6
479 447 206 467 425 94
0 6 6
163 471 55 320 125 449
1 11 5
251 16 264 260 83
0 10 3
186 9 347
0 9 4
96 239 104 416
0 12 2
367 403
0 17 2
80 19
2 14 5
345 379 284 57 135
0 15 2
238 458
0 12 3
268 468 392
0 9 5
499 202 423 113 262
1 12 5
215 124 488 404 300
0 15 2
436 217
0 5 5
85 44 485 118 323
0 11 4
375 160 170 291
1 15 3
147 224 115
0 11 1
180
0 8 1
151
2 8 3
105 243 37
0 8 5
56 210 109 343 28
1 11 5
169 66 89 188 234
0 21 1
227
1 11 6
42 74 134 257 102 231
1 8 6
21 464 11 494 445 119
1 13 4
78 205 384 466
1 9 5
117 13 459 242 475
0 13 2
476 140
1 14 1
0
2 22 1
2
2 21 1
3
2 22 1
4
1 24 1
5
2 21 1
6
1 18 1
10
1 23 1
12
2 15 1
14
2 20 1
18
1 20 1
20
3 26 1
22
3 32 1
23
1 19 1
24
5 33 1
25
1 20 1
26
1 21 1
29
2 26 1
30
1 21 1
31
3 24 1
32
4 31 1
33
4 23 1
35
1 19 1
38
1 17 1
40
2 25 1
43
1 17 1
45
1 19 1
46
2 26 1
48
2 21 1
49
1 26 2
50 414
2 21 1
51
1 34 1
52
1 20 1
53
3 25 1
54
1 26 1
62
2 29 1
64
2 24 1
65
1 18 1
68
2 20 1
69
2 23 1
70
1 26 1
73
3 22 1
77
1 22 1
81
2 21 1
86
1 21 1
88
1 15 1
90
1 28 1
92
1 28 1
93
2 22 1
97
1 22 1
99
2 19 1
100
1 16 1
101
2 20 1
106
1 19 1
107
1 23 1
111
2 22 1
121
2 23 1
126
3 21 1
127
2 31 1
128
1 32 1
129
3 25 1
130
1 29 1
133
2 19 1
136
1 29 1
141
1 17 1
143
3 24 1
144
2 26 1
145
1 22 1
148
1 31 1
149
2 23 1
153
1 29 2
154 390
4 30 1
155
2 23 1
157
1 16 1
158
2 26 1
165
2 27 1
167
1 25 1
171
3 27 1
173
2 22 1
174
2 20 1
175
2 24 1
178
1 27 1
181
3 19 1
184
1 22 1
187
2 26 1
191
4 29 1
192
2 30 1
193
1 24 1
195
1 19 1
196
3 21 1
199
2 22 1
200
2 19 1
203
2 18 1
204
2 19 1
208
2 29 1
216
3 22 1
218
1 32 1
220
1 29 1
223
1 29 1
228
1 26 1
230
2 17 1
232
3 25 1
236
1 23 1
240
2 34 1
241
1 15 1
244
1 23 1
245
2 26 1
250
2 17 1
254
4 26 1
256
2 25 1
258
2 23 1
259
1 21 1
261
1 18 1
263
2 29 1
269
1 31 1
270
1 20 1
271
2 26 1
273
1 12 1
275
2 35 1
279
2 19 1
280
1 34 1
281
2 17 1
283
2 21 1
285
2 29 1
286
5 25 1
287
2 22 1
289
3 27 1
292
1 25 1
293
2 21 1
294
1 17 1
295
2 21 1
297
2 22 1
299
1 17 1
305
1 14 1
306
3 22 1
307
1 21 1
308
1 26 1
313
1 23 1
314
1 23 1
315
3 25 1
319
2 27 1
322
4 26 1
324
1 28 1
325
2 23 1
327
2 22 1
330
1 27 1
331
2 27 1
332
2 21 1
335
1 23 1
338
2 26 1
339
1 22 1
348
1 13 1
349
3 39 1
351
4 23 1
352
2 21 1
357
2 21 1
358
1 18 1
359
1 18 1
360
6 29 1
364
2 18 1
368
1 18 1
370
1 15 1
371
1 20 1
372
2 26 1
374
3 21 1
376
1 30 1
381
2 23 1
383
1 17 1
386
1 34 1
387
1 25 1
388
4 29 1
389
1 20 1
391
2 23 1
393
1 16 1
395
3 24 1
396
2 22 1
398
1 13 1
399
1 17 1
401
1 25 1
407
2 21 1
408
1 19 1
409
3 22 1
415
1 25 1
417
3 30 2
418 455
1 21 1
419
2 21 1
420
2 23 1
424
2 23 1
438
1 33 1
439
1 28 1
440
3 24 1
448
3 23 1
460
3 23 1
461
1 27 1
462
3 20 1
465
1 26 1
474
1 17 1
480
1 28 1
482
1 19 1
483
1 31 1
486
3 27 1
487
1 19 1
491
1 40 1
493
2 23 1
498
