500 140 775 10
6 4 1 29 25 15 3 20 26 10 1 3 21 24 3 27 28 29 25 15 5 2 3 14 2 18 24 5 19 29 21 3 3 13 4 21 16 1 5 19 21 21 4 1 19 6 4 25 1 18 8 7 26 11 17 19 23 26 23 3 17 20 4 11 9 20 24 18 7 10 13 27 16 12 15 16 17 11 16 29 22 17 13 25 10 13 7 19 4 19 29 24 15 20 24 27 19 8 10 9 3 22 30 27 29 6 3 4 28 8 11 30 23 12 1 1 18 24 6 23 11 10 6 23 16 5 19 2 18 30 16 19 13 30 15 23 7 16 19 17 13 10 21 16 22 4 19 14 22 25 15 15 9 30 4 16 8 15 2 15 24 12 28 7 2 21 15 2 25 1 24 26 8 26 13 15 16 16 28 25 13 18 27 8 21 15 17 3 27 1 14 9 11 18 15 8 28 7 12 13 11 23 7 6 1 9 28 3 29 15 19 30 26 18 12 21 21 1 3 24 14 9 18 23 16 10 12 14 25 15 8 19 4 3 18 22 13 7 24 28 21 20 7 27 2 14 11 16 4 21 1 21 22 24 10 17 25 30 29 5 16 24 1 14 22 27 22 6 28 7 1 13 13 19 4 12 1 23 4 29 30 15 16 22 28 19 10 27 28 16 1 26 2 19 9 8 3 3 19 19 28 16 11 23 1 15 3 26 2 6 15 22 3 7 5 23 25 6 22 27 9 8 26 14 30 19 22 11 19 6 20 10 17 20 9 20 19 4 14 4 20 8 12 18 1 10 2 28 4 18 13 19 27 8 11 20 27 16 17 2 1 30 30 19 15 19 23 26 24 11 5 10 12 10 20 1 12 4 26 1 25 28 19 22 6 6 9 18 17 2 27 17 16 29 18 7 19 16 1 19 13 12 16 15 14 12 20 18 7 28 30 4 13 17 2 6 6 13 15 14 14 30 5 22 13 4 13 1 9 30 28 25 17 1 10 18 25 17 15 26 26 28 2 13 17 15 27 30 4 9 24 22 17 9 28 30 12 3 10 8 7 11 1 12 12 27 7 8 4 10 19 8 25 27 14 11 29 23 7 14 18 3 30 9 23 21 10 18 25 17 27 4 12 15 15 8 15 6 13 10
28 1 13 15 3 1 27 19 29 18 6 2 21 18 14 24 23 4 1 16 29 4 16 24 7 19 25 14 26 15 29 26 19 25 23 1 14 15 10 8 16 6 23 9 5 16 20 5 8 30 28 25 27 5 1 15 15 25 2 19 8 17 13 7 30 2 29 11 5 6 15 28 2 15 3 10 14 26 3 21 9 20 16 11 10 8 26 18 27 9 23 14 6 25 25 29 8 7 4 7 16 25 2 20 8 5 4 18 25 22 28 5 2 14 11 17 30 11 26 30 29 26 19 2 6 10 19 29 9 20 1 29 7 17 8 11 15 17 24 7 29 30 18 2 19 15 23 12 20 28 18 14 2 25 30 24 29 17 6 8 10 22 12 13 8 15 14 24 23 17 5 19 3 21 23 3 4 12 29 3 10 16 29 26 4 15 5 5 30 17 14 21 7 2 27 5 16 17 25 28 17 22 15 12 23 3 15 24 8 2 9 15 10 9 30 7 29 23 21 29 19 2 27 7 8 14 15 24 30 17 26 29 20 20 21 22 15 19 5 15 12 14 29 19 16 6 22 26 11 19 13 15 6 14 24 9 26 22 22 26 16 10 9 22 29 11 30 1 27 29 3 1 28 13 22 27 9 30 20 21 26 1 16 15 5 22 2 17 27 18 18 11 21 25 14 3 10 15 27 6 19 22 5 22 6 25 27 17 28 11 6 25 5 22 27 12 6 2 20 25 7 16 21 14 26 22 16 27 17 21 13 22 18 14 30 27 22 2 18 29 13 14 29 13 9 3 9 2 3 1 29 12 27 28 21 8 22 27 27 8 11 25 6 28 23 25 15 6 21 8 2 8 20 11 5 16 19 27 30 9 5 12 7 6 10 15 19 1 26 11 15 25 14 6 22 22 3 29 11 4 30 5 18 6 13 13 6 12 13 11 20 22 15 10 19 13 16 10 25 25 1 27 11 8 9 27 2 29 20 15 26 9 30 5 20 7 25 18 28 25 12 1 25 2 1 16 1 25 1 29 15 8 18 1 11 11 11 20 6 27 4 9 21 8 27 12 4 24 6 23 16 22 29 9 15 2 10 23 15 3 9 16 20 25 6 27 29 15 10 2 15 15 13 23 21 18 24 6 25 14
0 11 17
66 186 449 250 29 126 139 292 107 239 206 18 403 261 234 122 493
0 11 16
382 202 344 17 240 492 218 184 428 172 268 210 73 374 128 312
0 5 10
90 277 499 326 397 264 78 248 380 194
0 6 21
479 451 418 368 298 321 310 339 50 216 362 383 241 299 396 110 337 433 256 402 237
0 2 5
398 92 431 88 278
0 6 18
354 363 144 384 80 215 309 463 57 160 24 413 108 39 405 411 141 125
0 6 4
56 177 457 300
0 8 5
359 429 348 497 401
0 15 9
350 342 400 352 32 464 217 13 102
0 12 3
328 420 199
0 11 19
132 274 113 40 6 145 242 364 158 35 151 435 322 5 220 441 106 417 174
0 9 12
44 360 179 392 393 104 97 163 345 130 353 446
0 20 15
279 346 258 407 100 338 334 16 15 438 236 222 121 456 349
0 20 3
426 432 454
0 9 6
7 12 26 191 131 469
0 9 2
452 1
0 19 21
330 77 475 68 399 196 129 211 476 86 455 226 489 182 238 302 470 373 31 155 296
0 11 18
170 38 327 96 367 8 459 272 117 306 183 498 421 404 247 69 468 83
0 9 7
285 289 474 169 409 385 143
0 14 5
94 376 340 46 84
0 4 15
133 386 425 41 166 178 173 477 484 189 283 471 138 486 375
0 18 6
465 146 291 320 273 152
0 12 5
93 208 427 188 154
0 10 9
318 205 460 221 372 434 275 301 180
0 9 9
332 419 65 366 335 149 197 153 490
0 16 2
27 55
0 20 9
63 365 325 293 245 414 472 461 10
0 13 4
156 424 227 491
0 17 5
209 387 47 225 198
0 16 18
36 263 212 280 378 2 161 276 377 207 336 370 229 281 23 284 109 357
0 2 7
305 114 101 287 295 165 48
0 16 5
43 159 136 175 87
0 6 8
389 265 70 112 246 314 388 307
0 1 19
185 313 448 351 201 64 406 416 150 67 343 135 450 54 193 440 61 462 333
0 14 10
9 82 232 123 466 311 304 269 120 219
0 20 5
213 483 147 200 33
0 12 7
95 22 254 137 381 52 244
0 3 12
324 270 124 3 487 74 355 494 371 105 329 162
0 15 17
51 116 21 408 251 467 167 288 415 168 252 58 412 478 11 316 42
1 22 1
0
1 17 2
4 20
1 23 1
14
1 29 1
19
1 11 1
25
1 26 1
28
1 30 3
30 423 447
1 13 2
34 294
1 27 1
37
1 26 1
45
1 35 1
49
1 18 1
53
1 17 1
59
1 19 1
60
1 35 1
62
1 14 1
71
1 18 1
72
1 14 1
75
1 32 1
76
1 39 1
79
1 20 2
81 192
1 20 1
85
1 21 2
89 439
1 10 1
91
1 23 1
98
1 23 2
99 356
1 31 2
103 142
1 15 1
111
1 10 1
115
1 26 1
118
1 28 1
119
1 25 1
127
1 26 1
134
1 22 1
140
1 15 1
148
1 20 1
157
1 19 1
164
1 25 1
171
1 31 1
176
1 27 1
181
1 18 1
187
1 20 1
190
1 14 2
195 331
1 27 1
203
1 7 1
204
1 26 1
214
1 10 1
223
1 38 1
224
1 20 1
228
1 19 1
230
1 22 1
231
1 20 1
233
1 15 1
235
1 29 1
243
1 27 1
249
1 18 1
253
1 25 1
255
1 29 1
257
1 11 1
259
1 33 1
260
1 23 1
262
1 19 3
266 317 430
1 21 1
267
1 20 1
271
1 17 1
282
1 15 1
286
1 31 1
290
1 23 1
297
1 32 1
303
1 37 1
308
1 26 1
315
1 14 1
319
1 26 1
323
1 16 1
341
1 26 1
347
1 26 1
358
1 3 1
361
1 32 1
369
1 36 1
379
1 27 1
390
1 34 1
391
1 12 1
394
1 10 1
395
1 18 1
410
1 35 1
422
1 12 1
436
1 17 1
437
1 25 1
442
1 36 1
443
1 28 1
444
1 25 1
445
1 18 1
453
1 17 1
458
1 13 1
473
1 13 1
480
1 22 1
481
1 23 1
482
1 12 1
485
1 5 1
488
1 9 1
495
1 18 1
496
