1000 184 1550 9
4 11 23 14 16 24 19 2 25 5 20 4 1 17 28 14 11 24 15 14 16 21 1 4 24 23 15 1 25 12 13 25 17 6 8 17 11 3 7 5 26 14 16 24 2 21 25 5 3 29 6 18 17 21 20 1 4 8 30 18 5 21 13 28 16 1 20 4 13 17 26 11 24 21 10 15 27 11 17 16 3 16 30 21 17 3 30 12 12 26 18 5 2 13 26 30 15 25 14 24 3 28 5 16 19 14 11 3 7 20 13 28 1 18 18 17 11 27 25 30 24 2 3 3 30 25 14 5 26 16 26 18 5 29 7 4 25 19 19 6 5 11 22 23 12 27 15 23 30 18 2 7 8 6 14 20 20 6 14 3 9 30 23 9 12 7 4 12 8 23 21 14 14 7 30 23 14 24 15 25 21 11 9 9 21 19 9 15 15 28 27 17 6 30 24 10 21 11 25 18 7 25 25 1 24 13 6 12 10 18 12 19 29 24 16 24 25 21 25 12 6 16 20 30 24 17 18 8 22 14 8 20 15 29 17 12 21 19 28 12 23 6 12 14 3 24 14 18 6 18 18 3 23 24 9 25 23 13 17 22 19 4 11 21 23 8 8 30 14 24 9 24 6 22 2 29 26 7 20 25 24 2 30 8 29 13 14 11 23 6 19 22 18 28 16 3 14 3 30 7 4 16 17 24 5 22 8 17 9 10 25 7 19 27 16 28 13 30 5 26 22 2 6 20 28 12 30 26 20 29 6 2 27 9 11 17 20 26 3 13 11 12 23 15 14 17 7 5 2 25 6 1 6 12 25 3 18 22 30 17 11 20 18 21 8 8 29 29 23 10 14 14 29 8 11 24 5 4 10 17 11 8 3 25 23 23 10 18 16 1 17 2 9 27 17 14 29 1 21 26 21 20 21 6 5 4 9 24 29 18 13 13 14 14 25 3 6 10 15 3 13 5 5 13 19 29 28 26 21 1 17 23 21 30 30 22 26 7 16 13 17 3 19 24 28 10 12 2 12 21 28 21 15 24 8 20 1 25 19 19 7 19 22 2 29 3 28 28 7 11 11 12 28 29 29 18 29 15 5 9 8 29 1 30 1 19 12 15 22 9 2 28 26 20 20 15 12 22 7 22 29 8 11 29 18 8 29 23 19 27 2 29 10 25 27 6 27 27 17 17 8 24 2 9 27 1 21 1 9 28 23 29 8 5 2 19 21 3 1 20 17 20 3 22 12 15 25 23 1 5 21 6 27 16 8 27 16 2 14 24 2 10 23 22 30 29 18 6 22 18 21 26 19 22 21 22 12 1 26 24 24 14 8 21 17 21 21 3 29 7 7 25 13 20 11 2 9 13 27 17 4 7 11 6 18 13 19 19 30 8 11 19 4 20 10 12 21 7 15 11 30 7 9 16 16 29 20 25 19 21 14 10 23 2 4 18 19 15 29 22 17 10 15 10 5 7 14 16 7 7 3 3 29 21 5 14 15 3 11 10 22 23 4 25 5 26 5 25 23 30 28 14 13 11 14 20 13 29 8 20 20 10 27 10 2 11 3 15 17 6 14 7 26 15 2 5 21 15 15 15 12 15 5 13 3 6 21 18 2 11 9 19 30 13 20 3 15 27 21 19 6 15 4 7 22 18 6 5 30 26 23 21 6 9 27 7 12 25 25 22 23 19 29 25 4 20 13 9 4 6 5 20 1 18 5 16 9 14 1 20 22 14 10 7 2 13 8 2 8 10 26 1 22 1 28 22 8 18 3 18 30 30 7 24 4 19 14 1 28 20 23 5 11 21 14 8 19 29 15 14 7 24 2 2 25 19 2 6 20 22 17 25 6 8 10 3 3 16 27 7 30 25 8 5 10 18 4 26 27 24 19 15 14 19 3 16 1 25 14 20 27 19 10 18 2 7 24 18 6 4 18 7 20 1 15 25 12 17 15 4 18 27 1 24 17 3 28 20 16 8 24 7 24 27 10 22 17 9 9 18 18 2 22 4 3 9 5 8 27 10 10 25 24 25 3 10 24 24 18 5 16 14 15 17 8 4 5 27 30 30 17 20 12 21 11 18 5 18 6 29 21 1 21 16 25 28 4 26 25 1 30 16 29 15 17 16 15 11 19 18 25 29 1 28 19 21 20 20 7 20 1 29 14 2 17 13 8 23 27 14 8 27 4 18 5 23 15 14 2 22 13 18 29 9 8 11 6 20 21 4 20 7 20 7 27 15 9 28 21 20 5 23 9 21 6 5 8 11 19 3
11 28 25 29 15 19 26 25 21 16 2 6 9 12 22 2 13 11 28 8 8 25 10 20 24 29 16 17 11 27 20 15 13 1 19 2 6 10 1 2 29 29 25 28 4 28 28 30 24 5 6 7 20 27 3 7 28 22 10 12 14 17 4 15 4 2 17 3 21 30 4 23 9 30 22 10 9 4 6 24 29 25 13 15 19 28 25 29 6 5 8 23 18 30 17 28 23 5 26 25 10 27 19 15 5 8 29 6 29 21 15 21 4 25 7 6 12 7 1 16 22 7 28 15 17 12 9 4 12 22 11 3 10 15 20 23 11 4 8 6 9 13 5 25 28 6 6 23 18 28 15 28 11 25 26 29 20 23 14 6 14 20 19 3 8 19 1 1 3 1 18 14 12 9 4 2 8 7 14 26 10 16 23 2 2 30 26 10 28 15 29 11 30 8 13 12 6 7 29 27 13 10 4 8 6 10 9 24 4 12 12 28 15 14 3 20 6 9 16 5 22 10 17 21 22 22 10 15 19 17 25 2 11 29 17 10 17 14 11 18 14 25 12 27 14 11 11 19 27 26 23 19 29 16 4 13 8 24 17 12 13 16 12 28 15 20 4 16 6 12 13 29 10 8 20 10 6 29 15 28 3 28 7 20 27 20 27 29 28 22 18 9 30 8 26 26 4 23 19 28 12 24 24 24 19 28 10 16 6 13 25 23 19 19 2 20 9 14 15 1 9 25 4 22 19 23 22 1 5 9 4 17 12 27 1 10 6 4 10 26 2 21 2 1 24 28 28 9 22 29 14 4 16 26 14 14 4 25 30 8 26 8 8 8 25 16 20 17 14 17 8 9 5 7 30 24 9 22 29 24 16 7 29 29 23 9 18 18 27 6 21 5 18 12 3 21 10 10 26 19 3 16 6 12 1 4 23 6 6 18 25 11 20 3 16 26 17 4 15 10 3 27 20 12 24 8 2 7 27 30 1 11 27 22 28 6 29 5 13 20 16 10 13 22 7 4 25 2 7 4 23 8 19 14 28 10 7 29 6 14 3 23 26 30 19 26 13 4 14 2 26 23 30 27 21 24 19 2 2 23 22 18 13 2 30 12 13 1 4 29 8 13 19 10 1 12 7 26 23 20 3 17 18 23 13 30 22 5 25 3 18 18 29 12 18 8 30 16 14 22 10 24 12 16 28 29 18 11 28 25 12 15 22 20 9 6 19 24 27 16 26 15 3 23 16 5 7 17 27 14 21 6 19 18 13 10 22 22 7 3 25 10 28 29 20 7 16 11 25 2 19 29 4 24 10 19 16 13 3 25 15 19 4 28 30 11 1 21 9 15 26 29 23 30 15 27 16 6 1 15 6 27 8 29 30 24 8 13 8 29 24 24 8 9 6 26 5 22 16 23 23 11 14 8 3 26 18 28 26 19 12 19 8 16 14 21 3 21 14 16 15 19 19 14 24 29 18 17 9 24 8 4 6 17 28 14 13 5 27 18 30 3 6 29 11 12 9 4 4 3 17 28 14 6 30 18 10 1 18 6 8 7 8 27 9 30 10 3 22 27 26 11 11 7 6 28 7 20 25 17 23 29 19 24 26 25 16 1 20 25 30 22 27 22 21 30 6 21 6 3 4 4 21 8 5 4 22 18 24 20 20 15 7 17 19 3 18 20 3 9 18 18 1 14 27 22 4 16 7 26 18 1 11 4 9 8 21 12 11 30 7 1 6 24 3 16 25 1 20 29 15 21 19 9 16 8 28 22 28 14 10 17 8 5 18 5 29 6 23 10 24 23 14 8 27 7 1 4 12 4 8 23 29 17 29 29 1 16 4 25 15 3 3 1 2 28 13 11 28 17 28 13 1 9 20 29 13 20 1 28 7 27 16 10 20 13 12 15 28 26 28 6 14 14 3 29 1 5 24 30 12 19 29 30 25 28 2 4 13 12 26 10 12 13 27 24 19 6 14 10 27 7 29 15 3 13 7 22 5 5 10 21 10 15 13 2 8 13 9 5 22 2 5 2 11 16 17 12 23 29 5 5 16 8 7 29 5 3 9 16 8 22 26 28 16 29 1 19 19 15 4 22 20 18 21 16 22 25 12 29 4 11 4 8 4 17 1 19 2 12 25 23 9 11 22 18 26 29 3 16 6 8 15 18 13 4 8 23 15 2 8 3 9 24 8 1 10 30 28 17 16 4 19 30 10 25 1 3 5 1 28 14 6 25 16 3 25 4 5 26 7 12 11 10 9 5 19 8 13 22
0 17 10
855 746 88 147 232 137 110 536 960 986
0 13 9
778 253 58 810 355 104 419 562 580
0 6 43
558 629 772 284 424 832 985 538 494 390 753 546 913 671 908 374 702 151 290 595 130 758 393 522 773 902 149 375 630 722 289 10 929 956 2 703 935 828 124 804 5 670 600
0 1 27
570 364 848 474 911 226 592 136 314 37 273 491 572 962 851 926 721 567 87 709 612 909 54 450 914 969 824
0 13 32
608 377 668 400 384 818 221 862 369 686 170 453 727 609 80 761 983 603 607 527 251 825 780 836 169 417 342 381 649 219 389 340
0 12 30
951 884 160 543 487 27 272 3 185 871 285 736 490 581 199 103 954 636 677 143 593 227 932 886 658 31 646 510 975 207
0 15 24
998 42 373 661 585 343 231 861 604 437 874 928 704 918 280 60 680 19 842 212 288 666 738 743
0 6 28
964 762 152 846 822 354 454 747 766 922 336 176 106 707 317 96 654 718 464 183 318 626 653 980 719 204 50 100
0 7 25
792 398 139 596 312 77 597 968 332 823 392 514 68 371 344 650 112 57 191 352 425 669 598 559 733
0 13 23
620 145 888 518 881 895 154 43 628 66 542 477 588 700 452 394 274 741 511 640 291 815 269
0 20 41
119 639 837 197 763 812 657 168 638 431 488 213 921 144 286 449 839 339 388 651 341 765 943 271 148 223 757 876 486 84 749 523 492 459 39 550 506 949 184 418 575
0 10 18
777 894 990 40 885 689 195 695 69 953 835 307 97 181 858 334 644 615
0 19 23
25 712 544 769 786 456 47 987 159 38 958 61 779 436 755 563 252 509 123 798 726 264 716
0 14 35
422 22 768 485 211 656 946 126 337 258 569 357 605 234 996 565 868 504 278 135 785 399 688 313 173 849 178 478 660 396 282 591 166 99 94
0 2 8
927 796 865 495 547 997 752 877
0 4 28
952 548 863 361 561 834 408 967 621 267 13 415 675 468 917 228 696 300 187 627 771 508 760 554 974 708 203 685
0 12 19
111 484 331 896 999 787 482 860 382 826 0 167 24 577 350 391 931 102 224
0 12 40
800 520 345 556 893 873 55 995 192 346 870 156 735 643 676 715 898 732 944 690 594 250 845 659 378 23 107 502 957 115 356 599 963 315 242 613 728 146 683 864
0 16 34
20 783 128 349 304 101 308 29 890 555 734 557 460 579 193 206 601 12 924 976 521 404 955 781 838 89 439 295 65 4 326 245 370 108
0 11 19
972 499 70 34 528 965 301 802 500 564 222 479 805 674 283 435 616 641 857
0 14 39
254 751 30 936 205 75 270 961 86 919 360 401 966 664 706 560 819 287 553 699 602 984 248 729 194 622 229 923 1 979 830 405 188 263 901 161 820 827 196
0 2 30
33 82 610 756 6 429 529 90 122 566 83 714 296 496 53 816 948 209 56 950 444 275 445 238 915 872 759 505 451 64
0 13 9
754 880 198 684 78 302 157 475 817
0 20 3
150 265 854
0 6 23
14 933 989 814 662 730 774 981 648 794 443 365 925 455 259 367 138 571 299 847 41 637 186
0 17 41
941 76 705 461 744 51 679 324 480 255 652 114 423 426 512 882 665 770 619 348 218 681 632 294 180 420 325 132 21 118 383 750 897 883 306 62 549 380 905 217 934
0 19 22
310 723 338 476 991 402 428 93 993 850 407 807 190 813 434 843 276 784 977 220 545 281
0 15 39
513 624 618 266 829 507 534 35 127 120 551 457 421 162 189 493 793 305 134 440 358 73 539 541 447 249 878 36 347 243 647 72 125 481 433 386 230 867 409
0 14 6
376 519 366 414 432 297
0 6 35
776 916 158 430 717 697 171 257 448 711 179 663 153 947 568 131 177 208 458 140 899 852 526 45 279 988 329 32 164 940 210 9 49 531 462
0 15 24
710 942 397 473 992 939 959 889 713 625 260 471 466 856 385 970 95 133 930 875 142 368 483 503
0 4 2
906 530
0 15 28
692 8 316 172 788 701 372 395 353 808 48 497 811 498 537 973 920 328 322 841 412 795 18 239 910 236 673 303
0 14 2
7 489
0 25 2
11 767
0 24 2
15 215
0 27 1
16
0 29 1
17
0 19 1
26
0 30 1
28
0 31 3
44 309 904
0 26 1
46
0 13 2
52 672
0 27 2
59 293
0 15 1
63
0 6 2
67 465
0 17 1
71
0 28 1
74
0 33 3
79 233 470
0 25 2
81 214
0 13 1
85
0 17 2
91 978
0 16 3
92 586 645
0 14 2
98 698
0 34 1
105
0 24 1
109
0 23 1
113
0 26 1
116
0 16 1
117
0 12 1
121
0 37 1
129
0 28 2
141 831
0 18 1
155
0 22 1
163
0 9 1
165
0 27 1
174
0 37 1
175
0 11 2
182 887
0 24 2
200 403
0 33 1
201
0 8 1
202
0 17 1
216
0 28 1
225
0 27 1
235
0 29 1
237
0 20 1
240
0 35 1
241
0 34 1
244
0 20 2
246 406
0 24 1
247
0 35 1
256
0 16 1
261
0 19 1
262
0 20 1
268
0 20 1
277
0 21 1
292
0 24 1
298
0 27 1
311
0 19 2
319 576
0 19 1
320
0 19 1
321
0 17 2
323 552
0 13 2
327 869
0 3 1
330
0 23 2
333 362
0 29 1
335
0 27 2
351 821
0 31 1
359
0 21 2
363 590
0 12 1
379
0 23 1
387
0 29 2
410 573
0 28 1
411
0 18 1
413
0 26 1
416
0 21 2
427 441
0 27 2
438 791
0 34 1
442
0 25 1
446
0 16 1
463
0 17 1
467
0 27 1
469
0 32 1
472
0 19 1
501
0 22 3
515 584 687
0 14 1
516
0 27 1
517
0 32 1
524
0 22 1
525
0 30 1
532
0 31 1
533
0 23 1
535
0 28 1
540
0 33 2
574 587
0 31 1
578
0 22 1
582
0 8 1
583
0 18 1
589
0 27 1
606
0 29 1
611
0 16 1
614
0 25 1
617
0 29 1
623
0 12 1
631
0 14 1
633
0 6 1
634
0 21 1
635
0 19 1
642
0 8 1
655
0 24 1
667
0 32 1
678
0 15 1
682
0 25 1
691
0 30 1
693
0 26 1
694
0 18 1
720
0 29 1
724
0 35 1
725
0 19 1
731
0 31 1
737
0 22 1
739
0 24 1
740
0 32 1
742
0 23 1
745
0 18 1
748
0 19 1
764
0 27 1
775
0 27 1
782
0 19 1
789
0 28 1
790
0 19 1
797
0 25 1
799
0 10 1
801
0 12 2
803 903
0 34 1
806
0 7 1
809
0 23 1
833
0 30 1
840
0 27 1
844
0 27 1
853
0 29 1
859
0 29 1
866
0 5 1
879
0 12 1
891
0 25 1
892
0 19 1
900
0 18 1
907
0 23 1
912
0 21 1
937
0 27 1
938
0 19 1
945
0 18 1
971
0 22 1
982
0 30 1
994
