700 154 1085 10
4 23 23 15 26 13 27 10 5 17 11 15 17 9 5 23 16 27 13 6 20 30 9 29 14 10 4 13 26 3 6 4 26 11 9 16 6 23 20 10 15 4 25 22 22 23 8 18 19 5 20 9 5 28 30 17 29 26 23 18 3 7 25 11 11 29 15 29 27 30 5 2 3 30 12 18 27 11 30 13 11 17 11 17 29 13 2 27 23 3 20 2 9 9 4 13 18 20 19 4 14 26 10 13 24 9 28 8 3 20 17 1 7 27 28 8 4 26 5 26 16 20 30 29 11 16 1 20 24 11 27 8 11 14 17 18 11 8 22 8 20 30 8 20 17 23 9 28 2 15 2 1 23 27 26 3 29 4 26 6 11 7 6 19 9 1 5 13 5 5 24 13 19 30 6 14 1 1 2 24 26 8 23 27 11 16 15 12 8 30 20 16 10 15 11 19 28 28 25 10 15 20 6 18 9 16 1 25 28 22 19 24 6 16 9 3 28 19 2 15 20 20 30 15 7 4 6 20 19 25 22 3 7 1 8 24 6 4 15 6 11 9 22 26 27 29 10 3 10 20 15 15 26 21 28 4 8 13 6 15 16 9 28 16 30 6 14 27 5 24 6 9 25 18 22 6 5 24 4 18 19 20 16 9 10 15 27 24 6 13 25 12 13 25 19 10 17 28 5 21 30 30 10 27 3 13 5 19 14 12 29 19 15 10 6 26 11 5 30 15 13 28 27 9 20 10 29 12 15 7 11 5 17 23 27 24 3 28 6 9 15 30 5 13 6 20 11 1 23 20 22 12 30 23 2 21 16 1 8 18 3 16 22 27 8 25 10 2 11 10 29 23 1 16 24 25 18 7 2 15 18 29 2 23 27 24 2 16 13 26 7 10 3 10 30 12 4 10 5 18 10 4 20 12 25 9 26 5 22 20 12 16 29 9 9 12 12 29 26 28 21 10 18 25 28 25 7 2 26 28 15 18 9 18 22 2 24 22 24 8 27 17 8 8 5 7 3 27 12 21 15 17 4 21 23 16 11 8 24 10 3 25 22 10 9 26 12 20 20 14 29 5 15 10 27 6 28 18 18 21 29 11 24 22 3 11 30 3 15 13 18 28 4 11 20 10 3 1 11 28 6 10 10 25 16 12 7 15 17 7 16 27 12 21 28 9 28 26 28 3 22 19 3 30 3 16 28 25 7 12 1 19 8 28 22 21 7 5 28 18 20 27 12 26 1 16 19 26 15 6 28 26 8 6 26 24 27 2 5 20 10 20 24 3 23 1 3 18 26 17 18 25 18 3 30 26 16 11 14 25 27 10 13 29 13 25 29 20 26 25 24 1 1 27 12 17 16 26 11 7 22 20 18 14 15 19 16 9 2 1 2 25 30 12 15 6 24 24 27 9 6 18 1 12 25 15 28 9 15 15 29 7 20 9 13 18 15 22 18 28 26 13 26 24 25 22 14 24 20 23 23 23 19 9 20 14 24 8 12 19 13 30 20 27 3 26 28 22 3 15 10 17 4 5 14 11 20 30 30 10 14 15 12 17 24 27 7 10 2 9 14 16 27 7 24 17 16 26 22 17
2 15 2 4 27 16 4 2 27 10 13 24 27 25 10 13 23 14 4 20 13 29 5 18 23 1 18 11 2 3 5 1 27 10 20 9 3 20 3 1 20 23 26 28 13 24 16 7 18 16 5 10 9 16 20 20 10 21 22 13 17 26 29 30 4 28 1 30 30 4 20 1 25 12 26 15 16 30 22 22 20 2 7 22 3 19 4 3 21 1 17 4 24 21 8 18 8 11 3 27 8 9 14 3 27 26 9 8 5 1 12 17 18 16 15 13 7 29 24 30 30 25 21 6 5 5 13 23 25 26 19 14 28 22 7 10 16 17 1 20 27 12 12 2 17 15 24 19 27 29 26 5 10 11 16 21 9 10 1 23 10 11 2 5 24 3 2 28 22 30 21 25 22 28 26 14 30 25 6 1 13 2 7 20 30 30 2 9 27 28 29 13 12 12 12 14 30 23 27 15 21 19 9 4 15 26 2 29 5 2 26 11 12 13 25 8 4 3 30 10 25 30 28 18 30 24 29 27 26 4 13 20 1 2 2 27 28 18 7 13 17 24 1 6 19 30 27 20 18 25 13 9 16 3 24 15 22 25 5 28 26 2 20 15 13 18 28 14 20 27 4 28 4 18 19 17 18 14 13 25 28 25 25 17 17 2 27 20 1 19 29 25 24 20 24 9 28 3 5 15 15 14 24 1 13 17 6 17 18 16 9 11 22 17 1 10 19 6 5 5 29 4 18 9 15 16 24 5 28 20 27 17 3 9 24 8 18 27 4 13 19 5 28 30 25 8 30 1 23 27 10 6 11 19 11 17 30 12 27 3 2 3 16 1 29 8 9 7 14 9 5 8 9 9 8 24 22 26 20 12 15 9 8 3 22 12 15 26 22 24 4 9 9 6 28 10 6 28 1 14 20 10 23 13 19 26 19 19 1 20 13 4 14 10 27 28 21 20 24 5 4 20 17 2 26 19 22 27 2 7 22 25 10 5 26 6 18 10 11 17 28 9 23 8 1 1 19 10 11 27 18 14 1 13 22 3 8 27 15 27 8 13 13 18 6 26 1 30 16 2 27 21 17 23 2 1 20 8 28 18 28 24 25 4 23 8 30 15 19 30 19 26 10 17 6 12 19 1 20 13 14 30 2 18 23 24 22 6 20 16 9 4 20 23 14 17 11 29 25 23 3 15 5 17 12 26 7 9 30 4 18 2 25 1 6 3 23 29 8 9 7 24 13 25 28 9 6 25 10 28 16 25 29 4 20 19 14 16 5 16 3 28 8 2 3 9 27 12 2 10 10 21 6 13 27 4 2 20 7 5 24 28 23 4 11 15 30 9 2 5 1 13 8 12 17 20 8 10 24 11 30 20 8 19 19 19 22 27 9 18 26 24 21 13 20 4 19 27 20 28 5 26 15 24 13 14 22 16 7 3 16 12 8 28 22 12 3 19 29 25 28 3 7 20 1 9 17 7 27 23 24 4 23 27 3 15 20 1 21 24 6 14 4 7 6 9 8 11 27 15 19 28 23 5 22 9 30 10 23 26 27 20 12 11 22 16 17 8 11 13 24 29 17 10 23 25 12 21 30 13
0 5 24
202 99 159 609 228 334 555 278 359 381 303 32 139 365 147 424 528 8 58 244 474 460 336 40
0 9 20
46 263 224 173 486 156 443 415 402 200 565 671 59 670 662 315 578 621 204 366
0 9 24
465 488 367 548 696 223 514 45 168 308 52 208 638 226 494 85 511 272 471 497 296 525 455 652
0 13 15
660 371 178 546 329 412 385 17 502 391 10 36 53 5 695
0 13 13
193 577 561 454 177 148 610 400 495 6 164 611 677
0 7 17
449 154 684 72 0 635 672 322 264 74 567 560 362 653 330 128 22
0 2 23
566 172 450 29 171 295 196 639 49 3 347 629 475 140 121 14 543 378 160 394 327 698 440
0 6 31
215 682 97 531 15 161 131 549 417 269 21 426 83 648 355 435 627 125 425 253 396 453 664 530 319 569 157 668 341 408 201
0 4 24
123 580 379 583 221 96 109 410 112 254 165 568 363 564 145 155 685 206 84 419 692 464 693 67
0 13 5
256 305 13 456 318
0 5 12
596 406 311 430 34 12 55 399 622 533 174 350
0 4 23
382 393 339 93 134 290 176 332 268 600 146 451 77 314 438 624 522 137 42 16 691 180 389
0 8 7
383 212 656 647 333 392 559
0 19 14
283 562 48 651 54 185 182 25 126 607 259 619 43 291
0 13 19
694 504 448 418 505 335 205 273 598 608 557 634 620 337 354 641 640 38 115
0 14 24
276 523 118 482 258 644 675 550 344 409 551 540 674 369 679 617 230 328 575 661 249 281 506 141
0 12 27
445 219 81 310 673 88 288 491 405 602 352 527 119 554 239 132 210 642 37 377 187 234 407 257 345 403 343
0 13 16
637 248 80 519 321 676 317 521 129 90 590 380 597 18 643 4
0 10 5
689 41 28 309 680
0 18 28
603 654 686 195 517 360 507 500 198 66 420 541 236 181 571 89 44 103 184 280 593 524 169 56 658 595 373 678
0 11 20
386 650 556 589 292 70 287 433 325 133 526 275 9 114 312 151 113 503 62 75
0 7 18
572 194 313 421 398 606 179 645 681 532 243 570 472 233 535 372 183 544
0 1 12
251 149 411 508 416 613 91 518 209 242 478 98
0 2 12
232 669 225 466 346 536 203 95 35 490 19 492
0 5 6
444 271 250 26 163 23
0 7 30
447 626 277 214 73 222 240 266 31 552 217 306 218 94 470 241 461 50 338 122 47 631 468 107 82 473 282 289 459 374
0 9 8
441 135 197 51 127 458 579 323
0 7 22
356 166 481 27 2 274 190 427 207 655 216 297 78 586 30 573 104 20 485 152 667 480
0 6 15
349 144 428 467 153 370 188 683 24 150 324 388 484 699 384
0 16 15
57 320 436 211 186 401 457 397 1 316 633 237 368 246 512
0 10 6
300 663 414 60 162 120
0 14 11
63 442 138 116 304 542 279 358 429 307 469
0 20 4
92 340 387 71
0 16 17
659 192 39 220 175 79 537 170 136 462 143 199 61 348 493 584 110
0 4 1
167
0 12 2
7 294
0 10 1
11
0 23 2
33 189
0 17 1
64
0 20 1
65
0 31 1
68
0 17 1
69
0 28 4
76 86 293 483
0 17 1
87
0 16 2
100 395
0 13 2
101 516
0 13 1
102
0 11 1
105
0 25 1
106
0 30 1
108
0 19 1
111
0 22 1
117
0 21 2
124 625
0 15 1
130
0 15 1
142
0 27 1
158
0 23 1
191
0 25 1
213
0 34 1
227
0 24 1
229
0 16 1
231
0 23 1
235
0 10 1
238
0 26 1
245
0 17 1
247
0 14 1
252
0 15 1
255
0 18 1
260
0 24 1
261
0 20 1
262
0 17 1
265
0 20 1
267
0 32 1
270
0 26 1
284
0 25 1
285
0 7 1
286
0 20 1
298
0 14 1
299
0 12 2
301 592
0 19 1
302
0 14 1
326
0 14 1
331
0 11 2
342 605
0 15 1
351
0 10 1
353
0 23 1
357
0 23 1
361
0 28 1
364
0 17 1
375
0 9 1
376
0 17 1
390
0 22 1
404
0 22 1
413
0 9 2
422 431
0 19 2
423 539
0 20 2
432 665
0 12 1
434
0 11 1
437
0 17 1
439
0 29 1
446
0 23 1
452
0 19 1
463
0 21 1
476
0 19 1
477
0 31 1
479
0 21 1
487
0 22 1
489
0 28 1
496
0 24 1
498
0 19 1
499
0 20 1
501
0 19 1
509
0 9 1
510
0 21 1
513
0 20 1
515
0 18 1
520
0 24 1
529
0 18 1
534
0 16 1
538
0 21 1
545
0 23 1
547
0 25 1
553
0 20 1
558
0 27 1
563
0 14 1
574
0 8 1
576
0 27 1
581
0 11 1
582
0 24 1
585
0 25 1
587
0 15 1
588
0 11 1
591
0 18 1
594
0 14 1
599
0 26 1
601
0 11 1
604
0 19 1
612
0 23 1
614
0 12 1
615
0 29 1
616
0 20 1
618
0 18 1
623
0 3 1
628
0 6 1
630
0 8 1
632
0 21 1
636
0 22 1
646
0 25 1
649
0 25 1
657
0 15 1
666
0 32 1
687
0 24 1
688
0 13 1
690
0 23 1
697
