700 174 1085 10
3 23 5 18 18 21 17 21 2 15 10 12 12 1 14 5 25 9 29 20 17 10 5 15 4 19 28 9 10 5 10 8 9 9 16 13 4 28 24 2 3 18 15 10 13 15 30 26 27 7 25 2 15 13 22 22 16 10 14 13 28 2 24 1 3 2 24 11 15 2 24 27 11 28 18 18 18 18 5 17 23 12 5 18 17 4 23 25 24 4 29 28 9 27 7 9 27 2 12 9 5 6 26 3 22 18 6 29 29 4 4 28 8 20 7 6 14 29 30 14 25 22 25 2 30 6 25 30 13 10 8 9 16 9 20 29 14 1 11 9 24 9 17 11 11 5 24 28 29 15 19 18 1 30 14 23 8 20 20 25 15 23 28 9 10 14 23 3 16 25 24 25 29 21 4 24 27 18 1 30 6 18 29 17 13 20 6 27 19 22 17 6 28 26 17 22 12 16 4 16 28 24 29 7 29 9 2 11 1 25 5 20 11 7 3 26 2 27 2 2 9 19 7 6 3 19 3 14 28 1 5 30 4 9 17 16 18 15 26 11 11 22 6 4 19 20 29 7 11 29 4 6 15 2 1 18 27 15 27 15 12 23 24 4 20 30 16 4 5 6 6 27 19 17 4 14 8 27 22 19 21 5 22 10 30 29 20 7 15 6 2 20 12 26 16 28 11 15 18 3 6 27 10 3 7 3 16 27 21 1 10 12 14 9 18 15 3 5 18 10 15 23 4 4 8 9 9 7 24 19 2 6 3 22 26 7 3 6 25 19 21 26 3 25 1 1 4 25 24 18 16 18 10 26 30 4 17 12 7 6 30 3 22 5 1 1 5 23 10 24 21 17 14 6 30 1 2 11 15 19 17 24 23 22 3 23 15 12 28 16 10 22 23 4 21 23 25 7 14 6 6 15 9 1 11 28 20 22 12 21 27 12 7 12 21 12 1 7 17 18 6 5 17 13 4 14 9 8 11 5 4 11 11 21 15 24 14 29 20 23 15 20 30 1 29 21 7 22 30 15 23 16 21 5 13 22 9 17 1 23 18 6 6 8 7 10 8 5 28 29 23 10 14 18 19 14 2 9 9 20 1 2 11 5 15 21 19 28 1 23 20 13 20 24 18 7 6 24 29 4 2 1 15 29 6 29 6 6 20 17 21 30 27 21 20 27 12 6 17 5 1 1 15 17 24 15 27 27 1 13 16 7 9 18 24 6 10 20 6 12 2 14 21 7 17 14 18 10 15 27 2 11 30 2 26 17 7 23 4 9 4 19 17 13 15 7 9 7 3 12 19 29 21 3 17 1 2 29 20 24 10 24 30 20 26 23 7 28 1 3 1 13 6 29 20 28 18 9 15 19 5 11 17 26 8 26 26 13 9 22 9 19 19 3 24 3 15 20 9 17 19 4 28 6 7 2 16 24 15 24 30 20 9 9 23 13 15 28 6 11 12 27 21 10 18 12 7 29 22 14 4 30 20 17 5 11 1 15 2 11 16 6 14 24 3 13 18 29 17 8 14 2 11 17 4 21 4 1 20 13 22 28 6 5 17 15 3 28 25 18 26 16 19 21 12 6 26 29 9 29
20 21 24 2 27 19 1 26 30 5 4 1 19 15 15 1 1 16 29 25 9 18 6 18 4 30 2 29 28 10 17 3 11 29 2 2 25 6 19 8 9 7 26 12 16 5 1 1 15 7 10 1 23 28 25 1 13 26 9 29 4 5 4 15 25 18 2 10 9 27 12 25 7 21 2 6 5 30 30 9 30 6 11 12 23 18 22 2 21 10 26 4 29 12 17 26 11 22 25 20 26 23 11 22 2 3 27 27 18 28 17 9 15 21 22 21 28 28 17 15 26 2 19 9 7 21 4 13 6 17 10 13 21 5 8 20 3 18 28 15 29 24 12 27 23 22 5 25 14 15 13 19 1 8 20 30 13 28 17 22 5 19 12 8 5 7 8 27 8 2 11 19 4 6 26 7 7 23 29 11 18 25 4 25 7 17 24 29 28 6 1 22 11 12 15 2 2 27 3 4 15 2 15 21 28 12 26 29 14 28 14 9 27 21 7 29 4 26 15 10 6 13 26 8 25 24 1 2 13 14 5 11 23 16 13 10 4 5 18 12 24 14 8 11 15 15 3 1 11 25 12 20 9 18 12 30 24 17 23 6 11 4 21 18 30 2 4 22 29 19 6 19 21 27 25 22 15 26 16 6 21 18 11 24 22 21 28 9 15 23 23 3 19 9 3 1 11 15 5 10 23 22 8 8 7 9 28 23 4 14 9 22 11 19 7 16 2 26 23 11 27 6 2 17 29 22 27 12 12 4 3 12 15 28 27 3 29 3 2 15 17 23 27 17 16 12 3 2 1 17 30 24 4 23 2 20 10 21 13 4 4 3 30 8 4 4 24 10 15 29 16 3 25 29 19 21 8 29 11 23 9 30 15 17 17 14 30 26 11 10 24 25 12 30 12 17 23 8 6 6 11 13 27 13 4 15 26 22 11 22 2 1 17 14 5 6 7 28 22 5 12 13 19 22 9 21 29 1 8 16 22 18 23 17 2 10 4 27 1 28 1 6 5 22 5 1 19 22 16 10 7 6 6 1 26 15 29 7 30 1 22 13 19 1 27 22 9 25 18 3 16 23 6 27 24 7 14 6 12 27 10 6 19 1 13 4 7 6 4 25 17 5 30 25 15 9 21 12 14 9 5 29 24 8 28 25 9 8 20 3 9 19 1 24 9 20 22 30 25 29 25 19 16 27 2 11 3 17 30 16 26 25 21 8 17 3 2 21 15 19 25 14 1 20 5 23 9 13 3 17 13 18 1 30 7 30 6 22 23 2 13 12 4 1 9 22 1 17 4 29 17 6 19 7 2 17 24 7 21 10 8 6 1 12 4 24 23 10 12 9 20 28 13 7 5 3 7 28 19 9 21 7 21 27 29 26 6 24 17 19 22 24 2 15 26 22 26 19 1 1 7 28 18 5 11 30 15 15 17 3 17 14 22 18 10 9 5 18 19 4 3 27 21 2 30 20 29 9 1 24 23 25 14 30 7 13 11 16 23 9 29 8 9 14 3 27 21 18 29 10 11 18 30 13 23 6 8 5 14 2 3 17 12 23 1 8 26 14 22 8 27 2 27 30 23 24 8 23 22 16
0 11 7
18 371 382 100 417 319 247
0 18 9
110 107 156 564 316 17 672 115 220
0 4 23
32 25 354 645 173 280 480 351 248 455 66 328 474 469 571 403 184 321 196 104 651 390 127
0 2 26
654 444 185 116 117 515 441 135 513 122 592 209 31 48 86 315 1 601 313 559 451 610 106 637 462 249
0 2 30
259 40 520 613 221 667 434 80 375 649 527 78 528 145 545 397 39 525 290 235 165 582 24 580 539 179 223 634 617 303
0 13 2
394 547
0 11 17
529 308 215 548 488 644 266 620 333 250 207 295 497 431 694 232 147
0 17 21
119 38 463 421 422 194 361 604 396 23 398 630 652 199 3 274 348 294 325 132 298
0 15 2
343 636
0 4 25
52 447 669 544 532 430 366 399 360 614 269 123 112 517 212 481 28 202 189 0 662 284 401 79 302
0 16 3
477 622 493
0 5 10
440 546 210 77 439 588 34 292 540 218
0 10 8
558 254 519 541 495 276 183 470
0 13 14
491 6 494 419 167 643 134 137 655 58 65 678 35 44
0 12 21
11 224 129 486 277 542 260 13 508 411 663 4 526 475 74 133 356 231 118 14 407
0 10 26
270 326 244 307 426 638 161 142 124 509 369 178 300 205 320 492 103 607 342 682 688 591 639 584 583 296
0 10 7
234 631 507 301 91 227 574
0 14 26
239 429 626 54 602 633 340 498 400 26 478 108 675 538 345 587 691 446 314 204 141 677 589 229 658 556
0 9 9
293 384 598 618 537 597 278 174 424
0 2 5
479 256 21 152 309
0 12 20
581 84 666 43 436 413 628 101 489 339 47 12 524 640 96 33 203 679 323 304
0 7 20
650 457 131 357 686 409 252 552 201 568 392 236 216 157 297 621 69 596 49 699
0 8 21
373 144 102 363 288 272 659 656 238 312 170 158 501 71 68 514 226 230 81 241 285
0 5 6
681 387 449 460 45 70
0 19 23
143 453 612 332 180 510 653 197 476 641 565 253 648 459 245 335 594 153 192 83 629 233 690
0 9 11
177 586 576 468 465 511 696 150 36 98 585
0 16 8
531 243 168 263 389 680 516 684
0 4 9
126 603 569 114 291 376 337 56 464
0 16 9
63 433 577 242 64 642 676 87 425
0 16 26
605 518 195 553 448 484 51 15 176 572 306 573 374 76 379 148 420 82 512 410 95 695 138 683 502 458
0 19 8
646 85 251 412 198 427 418 432
0 12 13
327 557 271 267 438 7 20 625 111 181 162 57 159
0 5 23
46 311 362 385 534 550 166 9 563 188 487 310 499 483 406 383 505 445 171 372 504 461 193
0 11 30
67 689 125 206 279 222 2 190 355 414 136 522 437 635 281 579 175 330 380 338 30 105 386 5 139 200 415 358 450 627
0 9 24
595 8 692 324 237 99 693 61 299 665 567 93 60 217 329 318 287 228 359 671 442 575 273 490
0 17 3
600 240 172
0 25 2
10 19
0 27 1
16
0 14 1
22
0 14 1
27
0 33 1
29
0 35 2
37 55
0 21 1
41
0 15 1
42
0 14 1
50
0 14 2
53 246
0 30 1
59
0 34 1
62
0 29 1
72
0 25 2
73 554
0 30 1
75
0 18 1
88
0 35 1
89
0 26 1
90
0 28 1
92
0 16 1
94
0 19 1
97
0 27 1
109
0 21 2
113 258
0 28 1
120
0 36 2
121 282
0 20 1
128
0 20 1
130
0 21 1
140
0 21 1
146
0 15 2
149 423
0 21 1
151
0 24 1
154
0 25 1
155
0 22 1
160
0 23 1
163
0 17 1
164
0 14 1
169
0 29 1
182
0 13 1
186
0 20 1
187
0 30 1
191
0 21 1
208
0 9 4
211 305 485 670
0 33 1
213
0 23 1
214
0 10 1
219
0 11 1
225
0 21 1
255
0 21 2
257 661
0 20 1
261
0 20 1
262
0 11 1
264
0 28 1
265
0 29 2
268 523
0 19 1
275
0 9 1
283
0 19 1
286
0 20 1
289
0 16 1
317
0 28 1
322
0 32 1
331
0 23 1
334
0 18 1
336
0 37 1
341
0 24 1
344
0 21 1
346
0 18 1
347
0 25 1
349
0 6 2
350 368
0 25 1
352
0 25 2
353 467
0 31 2
364 685
0 20 1
365
0 21 2
367 466
0 24 1
370
0 27 1
377
0 30 1
378
0 25 1
381
0 21 1
388
0 30 1
391
0 17 1
393
0 18 1
395
0 35 1
402
0 14 1
404
0 22 1
405
0 22 1
408
0 22 1
416
0 29 1
428
0 21 1
435
0 20 1
443
0 26 1
452
0 32 1
454
0 7 1
456
0 27 1
471
0 23 1
472
0 19 1
473
0 19 1
482
0 13 1
496
0 35 1
500
0 13 1
503
0 31 1
506
0 36 2
521 551
0 17 1
530
0 26 1
533
0 24 1
535
0 27 1
536
0 27 1
543
0 19 1
549
0 23 1
555
0 8 1
560
0 36 1
561
0 30 1
562
0 29 1
566
0 14 1
570
0 25 1
578
0 14 1
590
0 14 1
593
0 25 1
599
0 14 1
606
0 21 1
608
0 17 1
609
0 28 1
611
0 18 1
615
0 21 1
616
0 16 1
619
0 14 1
623
0 29 1
624
0 12 1
632
0 12 1
647
0 22 1
657
0 7 1
660
0 21 1
664
0 20 1
668
0 21 1
673
0 34 1
674
0 24 1
687
0 23 1
697
0 25 1
698
