800 205 1240 9
15 6 14 30 22 24 21 27 11 23 3 2 7 24 10 28 11 16 12 24 8 15 4 3 17 3 7 28 3 2 15 17 9 1 21 21 8 8 14 21 26 5 1 29 11 13 12 10 26 6 6 27 19 25 2 8 13 30 30 30 7 28 11 10 4 17 6 23 1 8 25 29 8 25 2 15 1 29 18 6 26 10 15 14 5 26 2 5 6 24 19 9 21 18 25 19 29 11 16 1 11 4 16 7 11 21 29 25 17 13 5 18 14 4 4 2 4 11 16 21 15 25 7 7 6 13 9 16 3 20 8 12 10 24 11 13 9 17 8 29 10 23 20 9 13 12 17 23 30 27 17 6 18 16 21 4 28 8 12 20 22 11 17 14 23 30 15 13 5 11 9 5 5 14 22 16 16 22 4 15 8 3 13 27 7 27 4 16 13 4 18 11 27 29 21 8 21 11 8 24 4 19 2 9 23 25 25 17 21 23 9 21 21 9 20 18 17 24 8 8 10 10 27 7 22 5 10 25 21 5 23 24 23 5 12 10 16 11 4 3 17 13 24 1 29 29 19 7 9 12 6 19 4 5 11 17 1 26 28 26 17 28 7 18 4 7 1 21 3 13 15 19 14 25 29 4 25 3 28 17 2 23 6 13 21 27 4 5 1 2 6 19 17 10 8 16 6 6 15 19 5 25 9 21 7 27 27 20 22 2 23 12 30 14 2 24 18 9 25 13 22 17 19 4 14 4 19 1 11 13 3 17 23 12 2 27 7 13 30 12 24 11 17 23 23 18 3 1 15 21 16 19 27 4 17 2 1 19 28 2 21 14 9 2 7 26 24 30 16 16 25 30 2 9 25 27 13 6 13 14 15 16 6 7 2 8 12 14 22 18 29 19 26 16 23 8 1 12 6 15 2 20 26 22 24 5 25 22 6 25 30 22 2 27 13 13 15 24 27 27 28 24 1 13 18 15 12 25 9 19 18 19 27 22 30 10 23 9 28 18 4 23 27 11 29 11 19 14 4 4 1 8 11 16 22 18 26 29 22 30 24 6 1 28 3 8 17 16 28 6 6 25 7 11 16 3 12 12 29 13 1 16 29 30 30 26 9 8 17 12 30 17 13 14 25 12 11 11 14 15 18 27 17 6 13 15 13 30 21 2 15 8 1 6 21 13 10 17 12 3 6 19 10 17 29 25 20 12 14 14 26 14 26 25 1 17 7 11 29 26 28 1 19 3 9 22 26 10 24 26 18 26 5 13 19 5 27 15 10 10 11 4 11 24 28 9 7 3 8 12 18 25 10 29 25 4 14 15 10 18 28 21 11 11 27 5 8 16 29 30 29 16 10 10 27 24 9 17 3 16 2 2 9 2 10 13 18 13 3 28 3 20 17 4 18 19 22 28 5 5 22 15 8 6 24 4 25 27 2 23 12 30 10 23 15 30 12 20 29 7 30 10 16 9 5 13 6 2 24 24 22 21 4 8 6 19 1 10 3 4 5 3 15 27 26 3 1 27 19 25 27 7 7 16 7 6 13 22 25 8 27 9 13 4 27 8 21 29 25 5 26 23 6 5 10 9 5 19 2 30 16 30 21 8 25 6 14 24 5 8 11 18 15 11 1 21 4 8 26 11 5 19 27 13 20 8 23 5 28 7 11 17 8 3 17 5 27 5 2 2 14 7 2 5 16 26 19 29 9 24 18 15 12 27 2 21 13 13 20 18 26 3 17 5 28 2 11 18 14 25 29 23 16 18 25 3 23 24 29 19 26 7 2 26 16 7 16 16 13 23 15 24 20 29 13 15 23 25 10 4
6 3 18 3 13 9 10 10 21 28 25 21 20 16 30 22 2 27 15 8 15 11 5 12 9 11 6 30 18 23 23 1 26 29 4 14 26 23 9 22 28 24 17 17 12 27 13 13 16 20 6 3 1 16 26 13 22 4 26 4 16 12 10 30 24 25 18 6 19 29 9 24 17 5 10 18 21 5 16 4 1 11 20 21 7 15 26 18 17 18 24 14 20 22 10 11 25 23 18 12 7 8 26 14 2 20 22 8 17 1 28 30 15 27 3 29 18 25 4 25 16 16 21 14 1 13 12 30 23 15 5 22 20 24 30 11 16 18 19 17 13 1 3 18 19 7 13 18 2 5 15 28 18 20 18 20 24 20 28 27 21 18 22 25 1 17 18 25 21 12 22 3 3 10 29 14 10 14 14 7 5 20 4 1 16 3 3 28 19 24 26 28 21 8 11 8 1 4 26 15 27 8 20 19 5 16 23 16 21 12 11 3 17 5 20 11 7 26 30 2 29 22 24 22 21 8 3 4 29 20 16 22 13 17 5 11 29 23 30 16 15 3 27 8 27 18 11 24 9 22 30 6 18 12 16 30 28 17 20 19 14 10 19 9 17 18 25 18 6 24 13 4 12 3 30 30 21 11 23 7 16 2 9 28 15 9 18 21 30 14 15 3 29 26 7 21 18 6 19 12 18 13 5 12 4 30 18 26 29 10 28 18 9 23 21 10 7 20 18 26 11 7 29 3 1 18 24 10 20 21 12 24 18 13 17 3 26 10 20 2 29 22 27 12 24 10 20 24 4 9 18 22 5 8 24 13 30 6 12 18 20 20 7 7 19 3 3 5 23 23 7 17 28 24 7 4 24 18 5 16 6 28 11 5 27 16 29 16 4 1 7 2 27 12 3 23 8 9 11 7 29 6 28 9 30 20 13 30 25 8 3 21 28 28 12 8 4 17 29 6 30 20 11 21 12 15 15 17 26 27 12 7 19 16 9 25 15 7 6 28 23 20 2 6 8 16 6 17 14 17 15 19 14 24 21 7 27 24 16 21 15 16 24 26 1 5 29 29 21 8 24 15 3 26 18 16 16 26 7 13 11 7 4 26 3 1 19 2 21 15 12 25 14 28 22 14 16 5 24 28 10 30 21 7 8 24 11 12 11 29 22 11 20 3 18 5 7 5 8 20 10 15 15 11 16 25 26 30 17 23 2 28 26 30 26 8 4 10 19 14 29 11 14 8 17 1 25 12 8 26 17 4 20 4 6 21 11 22 4 21 9 4 17 23 28 2 10 3 26 23 29 12 15 10 19 28 28 16 16 21 8 25 4 14 14 25 25 18 29 26 20 1 7 17 3 15 18 23 29 15 6 19 3 8 9 4 15 24 24 17 15 20 19 5 21 8 21 14 26 16 18 28 8 16 25 16 14 6 29 2 24 26 16 17 25 21 23 18 10 29 28 16 8 15 19 6 4 28 27 29 26 24 12 21 22 17 2 11 16 11 8 4 29 30 3 22 16 28 28 16 17 15 12 25 24 11 11 1 2 5 13 18 20 6 15 14 8 10 24 12 30 14 18 7 2 20 3 6 12 1 14 10 10 22 20 4 28 21 15 7 7 28 27 26 14 2 28 21 16 24 12 17 26 14 7 6 16 27 27 12 26 24 25 19 10 10 2 17 27 4 6 23 7 14 10 1 20 4 17 1 19 23 3 14 11 23 25 14 21 4 26 3 7 21 11 4 4 11 25 17 8 9 24 11 21 1 9 26 13 26 24 23 13 6 2 4 15 6 29 17 8 21 26 12 8 26 6 2 22 5
0 7 13
297 371 615 200 515 652 193 423 745 465 583 261 541
0 19 8
151 157 525 215 146 195 736 651
0 9 16
413 685 605 300 225 344 646 428 329 707 625 112 633 655 284 559
0 17 24
763 85 270 23 328 506 427 570 690 187 609 353 76 588 242 148 508 149 53 133 411 239 365 654
0 9 28
569 497 350 601 638 163 453 28 747 330 702 88 770 472 338 639 460 495 730 426 599 369 167 357 796 713 66 196
0 1 32
125 102 116 586 400 201 641 249 309 37 656 382 61 153 4 390 416 266 414 211 311 364 595 165 532 134 607 489 563 45 312 275
0 17 12
1 291 590 505 408 471 573 264 544 289 518 621
0 2 8
285 663 568 661 712 783 48 191
0 9 4
462 521 141 608
0 8 14
612 326 660 233 720 474 78 89 561 757 160 448 446 305
0 14 10
267 207 753 454 229 169 18 294 501 55
0 5 23
482 597 650 95 388 150 224 65 567 742 283 383 445 94 80 346 303 511 665 106 735 210 748
0 6 16
406 767 703 358 379 174 696 83 248 632 395 252 377 73 49 63
0 6 11
640 320 507 449 795 431 32 407 277 711 226
0 18 12
138 367 715 126 391 103 359 520 761 514 185 269
0 11 5
523 417 504 598 752
0 12 19
675 321 562 114 331 464 676 648 60 418 700 765 172 131 746 488 760 136 787
0 19 7
485 343 315 734 775 466 692
0 7 14
176 776 716 70 644 792 450 438 415 535 318 216 542 435
0 4 3
52 295 539
0 8 4
381 302 360 538
0 15 22
405 738 393 629 286 548 219 140 695 634 156 681 119 502 589 316 58 84 323 490 38 101
0 3 9
443 13 282 332 503 575 637 543 62
0 7 4
437 203 468 168
0 13 5
477 677 64 793 455
0 13 25
217 653 43 467 68 486 69 463 325 356 693 396 680 430 129 253 375 447 671 122 536 227 789 256 493
0 8 6
290 555 788 645 674 90
0 16 13
560 662 475 616 771 27 361 622 127 593 108 751 75
0 4 2
579 177
0 2 30
487 10 744 500 611 429 582 262 479 98 25 545 82 198 679 410 161 617 777 143 118 14 572 56 132 268 308 699 46 628
0 1 31
766 339 673 142 354 441 241 422 649 697 524 741 510 263 182 759 557 480 24 587 571 459 340 87 279 786 271 492 729 451 723
0 18 16
152 425 473 342 376 257 398 636 540 15 706 121 522 496 313 370
0 6 18
470 392 228 186 137 602 144 781 246 100 135 341 251 494 758 444 115 352
0 4 11
733 732 188 273 40 513 42 281 613 600 534
0 1 34
512 606 397 299 683 245 173 626 237 743 278 255 578 189 41 247 206 529 750 498 794 672 109 528 258 688 238 756 199 79 399 476 170 384
0 15 19
769 96 694 623 635 380 347 236 631 29 54 213 128 232 230 516 319 175 2
0 12 6
404 12 774 162 317 33
0 18 10
293 772 113 387 592 439 154 580 780 484
0 20 34
647 158 243 627 306 385 565 260 708 44 537 773 298 754 355 373 3 139 594 691 666 526 442 166 409 327 433 288 276 123 351 120 111 469
0 14 14
630 209 779 667 585 265 483 31 336 222 436 130 659 6
0 18 2
22 509
0 4 21
704 452 67 105 97 419 797 72 581 709 254 762 9 481 768 798 92 749 604 16 603
1 20 1
0
1 31 1
5
1 12 1
7
1 20 2
8 368
1 6 1
11
1 24 1
17
1 20 1
19
1 3 1
20
1 28 2
21 556
1 13 1
26
1 20 1
30
1 27 1
34
1 8 1
35
1 23 1
36
1 24 1
39
1 9 2
47 782
1 35 1
50
1 27 2
51 301
1 19 2
57 724
1 7 2
59 205
1 17 1
71
1 19 1
74
1 3 1
77
1 3 2
81 478
1 30 1
86
1 19 1
91
1 26 1
93
1 16 1
99
1 17 1
104
1 18 1
107
1 24 1
110
1 7 1
117
1 33 1
124
1 18 2
145 421
1 34 1
147
1 24 1
155
1 13 1
159
1 23 1
164
1 18 1
171
1 24 1
178
1 23 2
179 549
1 18 1
180
1 36 1
181
1 39 1
183
1 2 2
184 378
1 17 2
190 721
1 22 2
192 530
1 6 1
194
1 14 1
197
1 23 1
202
1 10 1
204
1 18 1
208
1 20 1
212
1 19 1
214
1 29 1
218
1 21 1
220
1 34 1
221
1 20 1
223
1 15 2
231 791
1 29 1
234
1 5 1
235
1 10 1
240
1 5 1
244
1 24 1
250
1 25 1
259
1 24 1
272
1 7 2
274 280
1 22 1
287
1 8 2
292 740
1 18 1
296
1 28 1
304
1 16 1
307
1 31 1
310
1 20 1
314
1 29 2
322 577
1 8 1
324
1 27 1
333
1 10 2
334 499
1 20 1
335
1 12 1
337
1 25 1
345
1 11 1
348
1 33 1
349
1 21 1
362
1 13 1
363
1 16 1
366
1 25 1
372
1 27 1
374
1 17 1
386
1 21 1
389
1 18 2
394 737
1 17 1
401
1 14 2
402 547
1 31 1
403
1 10 1
412
1 27 1
420
1 19 1
424
1 14 1
432
1 24 1
434
1 25 1
440
1 6 1
456
1 17 1
457
1 8 1
458
1 32 1
461
1 32 1
491
1 15 1
517
1 10 1
519
1 15 1
527
1 7 1
531
1 27 1
533
1 15 1
546
1 24 1
550
1 4 1
551
1 22 1
552
1 26 1
553
1 5 1
554
1 21 1
558
1 29 1
564
1 24 1
566
1 12 2
574 664
1 3 1
576
1 18 1
584
1 17 1
591
1 25 1
596
1 25 1
610
1 23 1
614
1 32 1
618
1 17 1
619
1 15 2
620 725
1 17 1
624
1 32 1
642
1 16 1
643
1 20 2
657 764
1 33 1
658
1 38 1
668
1 20 1
669
1 21 1
670
1 34 1
678
1 8 1
682
1 12 1
684
1 8 1
686
1 13 1
687
1 21 1
689
1 16 1
698
1 24 1
701
1 10 1
705
1 25 1
710
1 24 1
714
1 22 1
717
1 32 1
718
1 33 1
719
1 21 1
722
1 15 1
726
1 20 1
727
1 15 1
728
1 21 1
731
1 23 1
739
1 21 1
755
1 24 1
778
1 13 1
784
1 26 1
785
1 30 1
790
1 13 1
799
