500 117 775 10
11 20 8 10 23 8 21 27 26 1 26 7 7 10 29 8 17 28 22 15 23 30 29 13 25 19 4 2 3 11 19 19 21 30 7 8 29 25 9 6 30 20 18 21 3 8 24 17 9 18 1 12 4 5 15 17 10 28 27 16 10 2 7 13 5 12 23 29 20 22 25 9 17 7 20 15 7 1 13 2 13 26 13 30 10 3 21 27 6 27 15 12 24 9 15 20 10 21 29 1 8 17 24 7 4 14 11 29 14 17 25 10 17 13 25 27 29 21 12 24 7 16 19 20 1 2 13 6 17 19 9 25 25 20 27 9 5 29 30 13 8 7 10 19 26 28 17 21 15 28 20 11 18 15 18 9 21 9 28 30 6 30 24 2 25 27 13 8 16 20 8 1 3 15 25 24 28 25 26 29 23 18 2 22 28 1 22 5 6 21 6 18 21 6 5 12 20 1 6 23 6 22 4 27 1 16 26 4 30 11 1 28 15 7 6 20 5 27 10 17 11 30 19 30 24 17 18 12 4 2 19 11 25 21 30 22 26 17 20 28 28 17 21 3 6 9 10 17 7 6 4 26 11 18 22 10 22 8 9 15 10 10 14 18 11 12 29 16 20 1 18 12 9 11 21 2 2 14 14 5 26 5 19 19 20 5 17 20 17 2 29 22 14 20 23 24 12 28 27 8 19 7 3 7 9 20 11 16 5 5 16 8 8 9 26 24 8 30 26 1 27 24 19 18 16 29 2 30 27 15 12 4 22 24 8 4 13 24 8 6 9 8 2 27 8 7 28 17 8 14 20 11 14 26 25 27 24 14 13 2 21 2 29 7 23 18 3 11 11 7 22 19 7 30 19 19 23 14 8 25 22 29 27 20 15 22 20 19 24 27 4 27 13 10 13 24 24 26 14 14 29 8 2 26 11 1 26 21 20 7 10 28 10 21 8 22 14 3 30 18 8 28 15 29 13 17 13 20 12 2 21 6 6 1 23 24 14 2 28 21 29 4 8 22 8 23 14 17 13 11 16 26 21 19 22 26 26 23 6 22 28 2 23 28 8 3 24 28 10 3 21 12 15 18 9 4 4 16 26 19 14 22 22 22 3 16 18 11 20 20 17 7 19 2 4 10 22 24 2 27
25 29 17 4 8 17 21 18 4 26 12 9 28 19 3 18 7 21 29 29 27 1 5 3 10 22 22 20 13 19 21 20 1 10 3 29 11 10 22 23 22 8 2 2 11 9 27 13 3 7 29 9 27 26 4 28 20 5 11 10 23 29 8 15 13 18 7 12 2 24 20 15 16 6 12 26 26 14 3 26 2 19 24 7 8 1 2 21 22 29 28 30 2 12 26 16 11 12 1 11 21 4 11 2 24 17 29 24 1 8 15 7 10 2 10 26 4 24 12 8 1 28 5 10 13 15 20 14 29 3 22 7 3 4 25 3 19 29 21 15 8 26 16 17 9 28 2 23 4 27 21 3 6 15 7 23 6 25 18 7 7 2 26 21 12 12 24 11 5 18 21 16 30 2 13 11 7 13 5 14 8 20 16 22 8 21 23 3 17 28 21 20 22 21 2 25 29 1 26 6 20 2 1 22 28 12 19 10 21 2 12 28 20 29 23 16 26 28 6 7 15 15 3 27 15 12 15 25 23 7 13 3 1 30 5 20 17 7 19 7 7 8 24 11 16 21 20 19 10 11 26 17 7 14 8 6 6 26 16 1 12 8 9 17 19 24 22 7 19 4 8 10 27 18 25 9 14 23 24 20 16 22 7 23 1 29 18 25 16 3 13 19 29 27 19 2 8 11 23 3 19 28 27 14 29 15 19 28 30 12 27 6 5 21 18 17 29 2 20 21 15 7 5 30 21 26 4 27 15 29 19 1 12 10 13 22 15 2 15 10 5 30 25 30 27 21 22 15 26 11 8 29 14 17 15 26 25 29 13 13 22 27 25 1 16 19 28 28 20 18 1 23 17 5 9 13 28 19 4 19 12 10 28 14 2 8 18 8 21 9 14 24 28 26 24 7 19 16 19 6 19 8 14 5 17 28 12 5 10 22 12 28 24 18 29 17 30 22 30 13 28 15 3 10 13 9 24 11 26 23 25 25 29 15 30 12 9 28 4 23 16 25 19 17 21 21 9 25 18 29 16 18 6 15 1 26 1 24 14 18 11 22 9 8 15 21 14 17 24 27 23 25 8 9 12 15 23 29 10 7 10 27 19 3 13 14 23 7 24 14 15 18 1 3 15 18 26 19 22 13
0 17 15
223 230 172 96 220 460 170 197 297 388 101 459 382 397 451
0 15 12
335 358 63 307 372 387 30 201 432 488 311 226
0 18 19
293 368 7 173 280 389 247 276 255 186 184 444 207 380 272 167 116 37 43
0 7 12
194 445 385 392 122 422 476 35 76 357 331 229
0 8 10
2 328 316 327 138 65 105 485 383 233
0 8 24
199 412 326 249 290 161 265 256 321 1 303 421 250 313 4 491 28 210 79 165 270 348 202 171
0 17 17
437 14 378 149 364 360 236 259 345 365 103 140 266 56 339 153 487
0 10 10
0 108 118 8 442 158 228 263 44 258
0 10 6
298 139 399 381 405 347
0 1 22
141 97 275 11 464 369 252 440 323 257 61 73 426 408 244 150 100 112 235 341 5 465
0 16 14
47 46 254 282 312 12 53 325 363 395 354 324 334 289
0 19 3
146 50 113
0 18 8
17 54 135 144 179 145 343 472
0 9 7
95 336 415 404 119 143 433
0 1 16
219 273 287 318 478 13 147 356 486 187 243 206 414 22 390 152
0 1 14
211 29 67 49 182 241 64 169 99 148 155 115 453 429
0 5 7
80 278 455 19 386 129 196
0 13 11
88 128 6 162 59 267 302 203 81 92 319
0 10 14
25 315 483 474 435 467 401 330 68 403 329 458 91 492
0 12 17
251 151 48 355 180 366 45 436 310 479 475 9 231 137 94 232 438
0 11 7
402 322 70 480 281 409 471
0 16 5
253 93 127 55 496
0 17 18
452 468 66 217 419 309 190 269 177 111 41 291 462 450 130 114 373 218
0 19 22
461 87 198 156 446 189 38 192 384 159 350 477 213 52 82 493 124 15 193 234 317 77
0 10 16
123 163 371 221 245 434 352 212 72 268 304 340 396 23 121 131
0 12 12
284 237 24 84 463 191 3 362 222 120 205 117
0 10 5
181 262 489 416 125
0 11 2
294 288
0 5 18
473 391 264 157 349 428 481 337 482 175 133 306 89 21 136 160 20 423
0 11 14
51 166 58 279 39 107 102 242 168 430 377 224 239 457
0 15 15
448 10 499 164 200 338 208 332 495 26 417 271 497 261 431
0 10 10
295 398 60 42 447 16 178 104 71 98
0 32 1
18
0 23 1
27
0 18 2
31 413
0 16 1
32
0 10 1
33
0 13 2
34 216
0 20 1
36
0 24 3
40 225 393
0 25 1
57
0 32 2
62 370
0 36 1
69
0 18 1
74
0 2 1
75
0 27 1
78
0 16 1
83
0 27 1
85
0 21 1
86
0 22 1
90
0 20 1
106
0 8 1
109
0 27 1
110
0 29 1
126
0 15 1
132
0 11 1
134
0 18 1
142
0 25 1
154
0 27 1
174
0 20 1
176
0 23 1
183
0 20 2
185 469
0 27 1
188
0 16 2
195 308
0 25 1
204
0 13 1
209
0 32 1
214
0 31 1
215
0 26 1
227
0 21 1
238
0 16 1
240
0 35 1
246
0 26 1
248
0 34 1
260
0 26 1
274
0 27 1
277
0 16 1
283
0 18 2
285 441
0 36 1
286
0 6 1
292
0 17 1
296
0 24 3
299 375 498
0 25 1
300
0 27 1
301
0 24 1
305
0 10 1
314
0 18 1
320
0 20 1
333
0 21 1
342
0 20 1
344
0 26 2
346 406
0 36 1
351
0 13 1
353
0 18 1
359
0 13 1
361
0 18 2
367 490
0 16 1
374
0 27 1
376
0 26 1
379
0 24 1
394
0 12 1
400
0 11 1
407
0 24 1
410
0 28 1
411
0 10 1
418
0 23 1
420
0 25 1
424
0 22 1
425
0 27 1
427
0 35 2
439 443
0 20 1
449
0 27 1
454
0 15 1
456
0 18 1
466
0 28 1
470
0 18 1
484
0 18 1
494
