300 82 465 10
20 16 12 14 8 12 1 22 21 15 19 12 3 30 29 12 8 25 29 8 9 9 13 5 26 13 1 10 20 13 21 6 11 20 19 15 27 27 11 3 10 9 23 6 3 8 13 19 18 19 14 30 19 27 24 19 18 20 22 17 23 18 5 22 14 8 20 1 25 7 13 28 2 9 13 29 4 22 7 14 7 20 15 17 20 13 5 18 9 15 23 22 5 30 28 8 24 12 18 14 25 24 1 29 16 13 7 10 29 29 29 22 20 20 29 14 13 7 21 18 8 13 7 11 30 7 1 18 6 5 23 12 29 23 17 19 23 5 23 14 5 10 7 4 30 2 14 2 3 30 22 5 9 9 13 5 5 23 10 22 13 21 4 18 9 27 1 4 6 13 21 26 2 28 27 6 1 15 21 16 8 7 29 24 20 25 29 6 24 17 18 28 21 15 28 20 12 27 26 3 13 30 14 23 19 21 2 28 20 4 24 30 3 20 29 28 11 26 19 8 19 29 23 6 13 28 24 16 5 21 27 15 26 22 29 1 27 12 27 22 9 14 5 30 19 9 8 6 28 1 7 8 16 23 21 15 18 9 11 9 22 25 25 16 11 17 23 12 29 7 29 20 22 22 2 28 21 21 27 21 27 12 8 16 21 12 10 24 2 16 2 13 18 15 27 20 14 19 6 20
20 20 26 7 24 27 13 26 14 20 22 23 13 24 17 21 21 19 11 3 28 22 2 14 30 20 1 15 19 6 3 18 24 7 27 23 27 1 16 27 7 17 21 25 2 28 28 3 9 26 4 18 11 14 10 15 2 28 28 1 5 11 25 18 21 24 27 1 20 19 11 3 10 4 10 7 3 2 24 23 8 18 29 26 30 25 5 6 27 17 27 8 1 19 4 26 12 30 29 20 21 1 21 24 18 12 16 8 10 13 3 29 21 10 28 29 26 29 3 22 3 25 24 19 24 25 22 1 10 22 21 28 3 12 7 28 26 14 16 3 22 25 8 9 12 4 3 4 18 11 27 13 19 11 3 5 7 1 23 6 3 26 5 7 26 7 13 13 7 15 11 2 12 14 4 16 23 23 13 4 7 7 6 19 9 17 16 19 9 21 23 14 19 25 13 24 23 3 15 22 1 27 5 26 13 12 4 14 6 1 28 19 16 1 14 7 15 21 28 3 28 22 13 8 17 29 24 22 27 30 24 29 5 9 26 18 7 13 28 17 26 28 6 9 13 15 21 26 11 8 14 26 13 25 26 8 30 2 12 23 26 17 4 11 19 28 11 1 7 25 28 27 27 1 3 26 25 15 8 10 1 13 26 18 11 8 6 6 26 29 23 23 30 7 3 10 10 27 3 8
0 10 2
280 22
0 3 13
254 284 203 13 20 96 272 141 43 291 106 113 121
0 15 7
182 124 174 164 162 262 67
0 2 10
256 4 11 167 58 179 79 249 122 221
0 9 4
185 246 282 200
0 14 6
184 218 236 143 102 261
0 4 7
299 177 287 49 98 183 125
0 2 4
137 85 192 187
0 20 1
201
0 6 7
65 35 55 214 134 206 126
1 6 11
220 274 169 62 252 93 118 257 38 37 31
0 11 11
107 231 2 168 87 235 56 54 279 32 273
0 10 11
83 60 29 190 74 39 207 21 69 104 219
0 19 14
255 30 165 50 27 123 48 281 188 7 42 44 290 271
0 19 3
129 59 115
0 4 13
136 6 295 241 18 298 210 108 232 151 36 259 97
0 5 6
28 266 150 223 99 5
0 3 3
269 288 1
0 3 2
233 135
0 16 10
172 53 251 145 208 131 215 12 240 100
0 3 2
64 158
1 16 11
116 234 243 86 189 132 175 225 149 166 72
0 3 8
293 89 244 148 120 296 237 140
0 3 7
275 204 3 161 9 66 191
0 5 9
258 180 47 81 133 242 155 227 57
0 9 14
40 46 156 217 78 229 139 171 260 146 198 222 19 245
0 6 4
230 14 160 194
0 3 6
285 84 292 24 92 91
0 11 10
114 283 77 144 152 17 289 277 238 297
0 20 5
265 88 71 90 138
0 17 8
70 119 63 105 112 110 94 82
0 18 3
276 117 216
0 2 5
202 127 33 103 51
0 15 2
95 76
1 8 10
213 205 211 142 80 130 209 68 128 170
1 23 1
0
1 19 1
8
1 10 1
10
1 6 1
15
1 5 1
16
1 28 2
23 263
1 9 2
25 248
1 22 1
26
1 21 1
34
1 26 1
41
1 16 1
45
1 16 1
52
1 6 1
61
1 26 1
73
1 17 2
75 268
1 31 1
101
1 16 1
109
1 12 1
111
1 21 1
147
1 6 1
153
1 24 1
154
1 5 2
157 193
1 10 1
159
1 13 1
163
1 17 1
173
1 32 1
176
1 21 1
178
1 13 1
181
1 37 1
186
1 18 1
195
1 23 1
196
1 25 1
197
1 23 1
199
1 12 1
212
1 29 1
224
1 8 1
226
1 13 1
228
1 20 1
239
1 18 1
247
1 7 1
250
1 28 1
253
1 29 1
264
1 9 1
267
1 11 1
270
1 16 1
278
1 5 1
286
1 8 1
294
