300 84 465 10
9 12 22 5 27 16 23 12 27 2 18 7 4 1 10 23 20 19 9 30 20 13 21 29 12 15 27 4 7 14 23 13 27 30 4 27 30 3 23 10 29 15 21 9 5 12 30 7 23 10 20 27 28 11 22 12 5 6 25 5 2 1 4 10 16 3 9 17 3 7 16 10 18 16 25 30 11 28 28 26 19 16 11 16 1 1 14 8 28 29 22 8 12 18 16 6 12 30 1 5 7 28 14 4 21 30 30 14 13 5 12 10 7 7 1 5 26 13 14 21 24 6 2 27 19 25 29 22 7 17 25 1 2 27 26 18 1 9 23 20 24 26 7 7 21 10 10 10 13 4 28 8 5 1 1 1 26 4 4 8 25 5 3 13 25 17 29 13 20 19 30 21 18 19 9 20 20 11 30 1 21 27 17 14 27 22 25 19 29 7 4 3 20 15 2 21 16 16 4 20 24 21 16 20 12 23 12 20 25 1 6 10 9 23 14 6 8 7 20 8 3 22 28 25 6 2 5 26 26 26 27 11 22 12 15 20 16 13 28 2 6 7 21 26 30 2 18 25 10 3 25 11 17 29 6 12 4 12 14 29 18 7 15 29 10 7 28 30 9 29 26 24 2 29 18 4 16 8 5 9 14 4 4 22 10 8 6 19 22 9 26 21 13 30 23 9 3 24 3 22
4 3 27 6 24 7 10 7 5 20 20 11 16 4 21 7 4 23 9 11 6 28 4 3 19 11 22 13 18 28 11 17 3 14 25 9 23 13 24 3 2 14 28 13 30 6 15 2 15 13 23 26 17 26 13 7 27 12 1 2 10 4 24 8 24 30 26 20 4 9 9 4 4 2 25 30 17 9 8 21 16 19 17 23 13 17 11 21 23 7 22 28 8 20 25 22 2 29 21 24 5 4 28 7 11 17 9 10 10 26 28 19 23 29 29 21 23 24 30 6 29 1 3 23 20 18 3 12 13 10 8 17 14 19 2 11 26 1 6 10 22 21 16 5 19 23 16 1 11 8 27 1 3 23 20 15 12 13 3 4 7 27 14 4 4 27 10 4 17 1 4 12 10 27 1 29 23 30 20 17 19 26 9 30 27 13 17 20 17 30 17 10 10 27 25 5 21 4 19 8 23 14 11 30 14 16 23 26 28 28 27 5 4 20 20 24 10 4 14 20 14 19 7 21 5 15 6 11 30 25 21 28 8 25 8 6 19 10 24 27 22 21 16 7 26 30 14 23 24 26 26 12 4 28 4 30 22 11 10 3 23 17 5 9 19 16 12 25 30 1 30 13 9 23 22 30 6 19 23 22 23 11 6 30 14 18 16 15 13 26 11 21 2 30 13 12 24 22 15 15
0 10 3
20 190 99
0 15 2
179 296
0 4 13
65 203 57 219 202 236 12 166 86 252 232 168 174
0 10 2
161 194
0 9 8
230 143 10 74 254 115 239 11
0 7 12
120 287 114 64 262 8 220 276 106 279 270 267
0 2 4
191 110 14 266
0 5 11
91 297 155 62 283 129 135 68 2 158 183
0 16 10
157 250 238 38 151 176 171 246 187 26
0 4 12
46 45 60 180 103 248 192 258 142 218 184 196
0 19 4
31 162 53 77
0 20 5
265 9 241 117 58
1 7 4
257 111 243 136
0 5 6
149 210 145 3 82 205
0 5 1
0
0 19 9
137 235 52 242 101 88 107 5 299
0 7 12
163 165 43 121 96 22 148 35 215 51 109 251
0 19 7
131 280 150 118 217 4 67
0 6 7
34 112 48 286 175 75 89
1 16 9
84 63 208 15 126 228 123 23 223
0 9 15
193 170 144 253 188 61 18 59 66 204 41 147 139 249 289
0 12 9
85 292 256 154 244 133 273 240 213
0 18 4
25 269 281 116
0 15 1
209
0 6 2
274 132
0 19 10
119 6 285 93 92 140 102 275 19 124
0 10 6
234 271 130 69 108 186
0 17 10
185 27 90 225 56 272 173 260 73 198
0 14 8
278 189 100 206 298 295 245 233
0 11 3
80 37 199
0 2 9
13 70 182 159 30 105 152 72 47
0 19 3
284 291 164
0 6 9
97 44 195 214 293 83 127 177 24
0 11 11
261 216 81 33 255 156 201 231 42 264 79
0 5 9
87 294 212 237 55 71 28 268 229
0 26 1
1
0 28 1
7
0 13 1
16
0 16 2
17 167
0 13 1
21
0 9 1
29
0 15 1
32
0 11 1
36
0 34 1
39
0 35 1
40
0 38 1
49
0 29 1
50
0 22 1
54
0 34 1
76
0 31 1
78
0 26 1
94
0 16 1
95
0 23 1
98
0 26 1
104
0 21 1
113
0 21 1
122
0 15 1
125
0 16 1
128
0 28 1
134
0 10 1
138
0 26 1
141
0 25 1
146
0 8 1
153
0 32 1
160
0 25 1
169
0 28 1
172
0 7 1
178
0 16 1
181
0 27 1
197
0 9 1
200
0 24 1
207
0 28 1
211
0 17 1
221
0 37 1
222
0 17 1
224
0 11 1
226
0 32 1
227
0 15 1
247
0 21 1
259
0 22 1
263
0 30 1
277
0 11 1
282
0 34 1
288
0 21 1
290
