300 101 465 10
2 15 1 13 20 11 23 23 11 23 17 2 26 29 1 18 10 30 15 28 28 4 30 18 6 20 14 13 13 3 13 18 24 15 11 1 2 22 2 5 1 27 24 1 18 6 9 18 24 15 27 25 16 14 16 16 12 4 10 15 22 11 12 20 14 28 9 24 30 5 6 22 13 21 12 5 20 22 28 23 2 1 23 3 8 4 28 17 20 19 17 24 12 18 24 22 6 18 9 8 12 12 20 12 7 19 30 13 2 26 8 16 21 10 30 13 6 25 18 12 18 30 10 10 1 16 25 19 6 30 20 15 12 28 13 26 22 22 27 4 30 9 22 3 15 14 23 28 1 3 20 3 2 22 23 11 17 5 6 30 2 17 22 9 30 29 20 1 8 10 8 8 22 7 4 19 11 29 22 6 1 23 4 30 29 19 7 24 15 4 8 29 11 18 2 6 3 5 13 23 3 10 13 15 4 5 30 19 27 16 13 8 20 26 19 13 20 8 16 6 23 4 2 16 22 2 5 29 25 26 7 22 5 17 12 22 29 22 2 14 21 25 2 23 2 10 16 22 21 3 12 28 22 12 5 9 20 18 25 22 27 18 24 12 27 13 7 12 13 18 17 27 5 8 7 2 12 24 10 19 2 13 10 18 6 21 15 22 22 28 18 12 21 25 25 17 1 13 17 5
1 28 13 3 5 10 23 19 29 5 6 30 3 22 15 17 22 16 28 18 19 12 13 16 15 13 27 7 7 15 22 5 18 7 11 21 7 21 7 9 3 17 27 20 28 19 28 29 23 10 28 25 6 20 29 9 17 3 27 23 25 5 8 2 26 3 3 29 4 7 12 10 6 19 29 26 10 14 30 29 1 16 13 30 13 29 9 22 13 28 21 6 13 15 4 16 8 18 10 15 22 20 13 5 29 28 26 23 2 9 30 30 20 1 15 9 5 22 4 12 13 7 10 10 18 24 28 27 5 7 3 1 23 12 12 30 28 13 10 3 26 7 4 25 13 8 28 17 2 21 22 3 23 1 3 27 19 7 6 28 27 3 12 20 7 14 29 20 18 3 11 5 16 28 16 7 19 20 30 5 9 21 25 29 7 3 21 8 26 7 1 18 14 12 18 22 16 14 23 23 20 2 9 5 1 23 14 2 14 24 26 16 2 30 8 21 29 28 23 29 20 27 22 13 4 16 14 1 24 6 3 9 23 14 4 15 6 1 16 7 5 22 30 21 10 3 21 20 25 12 9 19 21 26 29 28 5 23 5 24 6 29 21 8 25 25 19 3 24 3 1 1 14 1 23 13 23 27 22 24 27 16 24 4 5 3 18 5 16 8 29 9 10 4 21 2 2 3 14 1
0 3 2
40 122
0 12 11
127 45 240 251 286 17 191 172 46 290 190
0 12 7
153 207 80 82 287 30 169
0 19 3
54 38 160
0 19 7
67 34 173 271 154 27 298
0 11 6
66 105 114 95 130 3
0 4 5
299 238 112 106 278
0 8 5
261 237 98 12 37
0 4 2
141 176
0 4 8
171 295 62 138 25 86 116 73
0 12 11
184 204 274 77 183 234 177 13 19 269 140
0 3 5
163 64 255 254 253
0 13 6
131 282 270 5 57 242
0 18 6
10 79 118 9 88 185
0 10 1
43
0 14 9
249 11 220 291 157 21 134 1 213
0 13 2
111 226
0 19 9
42 166 4 113 228 144 272 196 2
0 10 4
241 262 96 78
0 8 10
252 69 94 266 231 58 143 128 197 206
0 8 7
170 267 16 139 259 124 288
1 18 6
202 188 283 89 137 257
0 4 11
193 186 201 146 23 129 15 20 152 91 245
0 2 11
75 85 26 284 293 181 72 194 167 258 179
0 10 12
101 81 145 107 148 70 68 264 117 32 276 187
0 8 6
97 294 195 65 39 119
0 14 5
285 126 260 110 55
0 5 10
182 297 244 49 200 199 265 215 53 133
0 18 10
222 115 63 14 44 250 136 35 280 52
0 19 7
175 189 223 24 164 273 22
0 1 3
51 135 192
0 14 7
203 104 248 93 289 227 84
0 12 5
235 41 246 8 279
0 10 11
147 162 142 281 159 218 121 247 109 198 174
1 31 1
0
1 22 1
6
1 15 1
7
1 38 1
18
1 25 1
28
1 29 1
29
1 20 2
31 161
1 31 1
33
1 28 1
36
1 7 2
47 219
1 6 1
48
1 17 1
50
1 16 1
56
1 15 1
59
1 23 1
60
1 17 1
61
1 17 1
71
1 14 1
74
1 12 1
76
1 22 1
83
1 24 1
87
1 14 1
90
1 24 1
92
1 29 1
99
1 9 1
100
1 37 1
102
1 23 1
103
1 26 1
108
1 32 1
120
1 17 1
123
1 9 1
125
1 18 1
132
1 6 1
149
1 13 1
150
1 26 1
151
1 7 1
155
1 9 1
156
1 7 1
158
1 12 1
165
1 27 1
168
1 32 1
178
1 29 1
180
1 15 1
205
1 25 1
208
1 22 1
209
1 22 1
210
1 26 1
211
1 31 1
212
1 24 1
214
1 21 2
216 277
1 20 1
217
1 32 1
221
1 28 1
224
1 25 1
225
1 22 1
229
1 13 1
230
1 25 1
232
1 26 1
233
1 26 1
236
1 16 1
239
1 28 1
243
1 31 1
256
1 12 1
263
1 20 1
268
1 12 1
275
1 32 1
292
1 20 1
296
