700 171 1085 10
15 20 12 1 19 15 5 10 6 16 18 13 5 23 24 19 3 29 12 10 8 9 17 3 10 25 7 26 22 30 15 15 11 30 11 14 26 10 28 22 7 13 8 24 12 24 28 3 5 12 3 28 14 24 1 25 8 23 14 24 2 4 10 30 19 26 2 27 2 5 22 28 19 29 26 5 24 10 28 20 25 18 25 19 26 30 7 15 16 20 22 27 17 5 26 19 11 24 10 11 22 14 3 27 30 1 25 28 10 17 11 26 30 19 18 17 27 30 2 30 3 19 21 4 30 9 23 23 7 25 30 7 21 6 6 21 1 12 27 22 7 1 1 19 11 20 23 14 6 11 21 19 22 10 8 28 4 25 3 16 16 21 16 2 26 2 5 19 5 9 13 12 22 27 8 6 14 6 19 10 1 4 8 22 21 6 29 7 24 4 30 30 13 14 1 5 22 2 12 13 2 21 8 17 16 21 26 8 16 16 8 20 9 28 23 16 3 19 14 11 10 19 1 11 17 7 28 23 6 8 18 30 10 21 5 20 22 9 27 17 29 27 16 26 30 1 18 8 2 9 17 21 5 9 13 16 6 1 9 3 15 15 29 16 21 22 10 20 26 8 8 11 20 19 12 20 9 25 27 3 8 13 18 10 18 7 27 22 4 23 8 2 5 7 23 22 29 2 16 30 20 10 18 4 20 26 17 12 29 18 17 23 30 8 6 6 23 25 23 6 17 12 11 5 5 18 7 25 5 25 23 26 13 18 20 25 15 25 10 21 9 12 22 14 25 18 4 13 13 2 12 30 25 28 11 7 2 5 19 8 28 10 12 11 19 29 14 14 5 16 12 23 29 28 2 17 29 17 29 23 26 11 22 4 7 16 29 30 9 6 16 11 28 23 26 24 13 24 16 18 27 9 13 6 24 6 30 23 4 4 9 16 22 27 22 23 6 28 18 7 6 3 24 1 15 3 16 2 13 15 28 29 2 1 20 17 15 16 20 1 11 25 22 9 3 30 4 15 14 22 23 10 23 7 25 7 17 6 5 12 6 28 16 27 3 14 15 11 7 24 14 14 28 4 23 21 12 9 13 29 16 29 12 27 15 5 11 23 22 10 30 13 3 3 14 30 20 2 29 9 11 27 6 28 27 8 18 25 22 19 21 17 22 9 3 16 22 4 3 1 1 2 7 22 3 14 12 29 27 18 1 8 21 23 24 13 5 15 19 25 30 7 28 7 4 12 26 23 7 10 26 7 27 5 8 24 19 23 28 2 6 8 9 8 1 15 11 8 29 8 1 16 13 29 11 20 13 29 29 10 15 27 8 2 27 8 23 18 21 14 11 6 18 16 15 15 8 24 26 17 15 3 30 11 18 2 30 1 29 11 4 3 17 30 23 3 27 5 14 19 4 18 13 4 28 23 6 5 5 10 12 29 14 30 9 18 23 14 14 1 6 3 14 4 18 11 1 14 12 9 28 23 17 1 8 10 30 6 16 20 7 24 24 2 3 2 8 11 8 29 14 9 4 22 18 12 28 24 7 18 30 12 12 30 30 24 11 3 27 8 2 2 5 24 23 12 25 29 11 1
19 5 5 21 25 12 30 2 15 18 26 6 1 6 16 13 5 23 23 10 28 12 23 27 27 26 7 27 15 11 5 29 18 8 7 5 5 21 12 30 4 17 16 13 19 13 5 9 28 11 26 10 22 1 14 5 3 26 2 23 15 30 7 27 13 1 9 8 24 24 19 16 10 17 30 29 19 17 15 18 17 15 28 23 25 13 11 13 10 19 6 4 18 7 13 1 23 8 1 16 7 3 14 30 1 10 27 18 8 27 24 30 27 14 30 24 29 17 23 12 17 11 3 8 18 7 12 22 15 19 14 1 18 11 12 10 23 5 23 19 26 4 4 16 28 14 18 23 10 5 24 16 11 30 9 26 14 19 5 1 21 27 16 4 24 20 5 23 17 14 13 3 9 7 15 18 8 13 21 5 3 1 20 9 25 3 10 20 11 30 18 14 21 18 21 23 12 23 23 9 28 23 19 10 15 25 9 9 25 14 18 16 2 13 29 25 14 20 21 16 13 27 8 17 2 14 21 2 19 13 26 19 6 19 18 18 28 3 24 22 28 10 10 9 30 15 16 23 23 25 14 3 29 17 30 7 22 1 19 21 30 25 30 10 4 17 25 17 10 9 13 14 27 11 8 14 22 1 28 5 29 16 9 28 12 6 2 27 20 12 28 13 18 9 2 9 26 27 21 4 17 23 2 20 8 25 7 13 26 19 30 28 14 10 17 1 24 22 2 17 13 4 29 8 21 18 14 27 18 29 26 1 12 23 7 10 2 12 17 13 14 7 2 20 28 2 16 19 17 15 16 12 4 26 1 21 8 30 22 23 10 14 3 8 22 26 1 15 15 22 26 24 20 19 23 16 6 9 16 10 6 18 11 30 19 2 30 18 16 16 30 24 15 3 15 22 7 4 14 24 8 18 26 10 22 22 11 4 8 17 17 8 29 5 19 27 4 30 28 12 27 12 12 21 28 13 28 20 5 9 26 15 29 28 2 30 26 5 20 4 8 15 25 20 15 14 20 19 24 7 2 28 28 30 21 20 27 28 19 21 16 16 29 5 22 24 21 15 19 6 1 9 28 29 5 20 30 6 24 25 24 29 7 30 17 3 20 11 11 24 28 12 3 24 13 17 4 7 12 6 2 1 7 1 17 12 13 11 5 16 25 5 27 22 29 1 11 22 21 17 23 2 3 19 5 6 9 30 11 22 19 18 21 24 10 5 18 9 16 13 2 18 3 17 6 17 2 18 21 28 25 1 26 14 25 27 13 2 21 20 6 27 29 6 21 8 16 15 21 17 22 13 27 13 12 10 4 11 21 15 4 26 18 11 1 1 7 6 30 26 18 27 18 11 12 14 25 9 16 20 6 18 16 12 24 25 25 19 8 6 14 13 10 2 3 17 13 22 30 25 14 17 8 26 10 24 13 11 12 29 8 24 25 2 12 1 7 17 10 3 3 15 8 15 24 22 3 14 21 4 30 21 23 19 1 14 1 29 21 5 14 10 2 20 20 26 23 25 29 30 12 9 28 7 22 5 6 15 7 9 10 15 25 11 13 2 26 24 29 11 28 29 4 15 12 13 4 21 30 16
0 4 3
571 662 347
0 17 4
566 187 143 230
0 12 13
538 123 81 87 27 44 176 147 193 454 415 224 157
0 4 20
533 499 643 160 59 263 166 138 158 51 233 89 695 683 333 450 413 666 465 678
0 16 15
667 651 567 125 10 579 171 287 100 30 307 200 214 278 203
0 15 15
661 289 368 186 254 317 352 285 346 49 691 180 534 430 525
0 10 27
338 401 206 211 657 116 412 137 238 507 199 565 477 23 631 210 251 446 464 159 90 545 244 102 403 492 331
0 12 25
528 475 227 416 422 535 280 88 560 482 239 114 175 624 694 485 602 228 316 484 668 196 630 191 40
0 18 12
197 34 315 595 461 696 190 458 504 392 685 60
0 4 20
146 679 2 330 404 418 208 360 61 364 384 164 634 593 350 262 478 71 45 91
0 12 23
680 321 616 574 385 205 343 218 597 322 536 276 292 19 33 378 255 260 329 410 697 173 505
0 1 3
473 267 194
0 18 24
563 288 427 637 426 387 672 575 633 339 546 57 419 117 406 269 586 483 79 3 654 688 258 334
0 12 28
590 611 366 340 470 541 652 241 476 161 493 109 209 39 439 584 520 296 149 547 335 18 99 548 625 692 13 328
0 7 7
169 619 537 286 35 592 70
0 17 28
311 253 442 162 281 496 235 451 479 300 549 506 165 425 50 95 444 658 604 539 629 556 617 598 605 699 20 542
0 18 16
447 411 486 650 240 121 467 226 397 550 183 414 585 25 511 85
0 10 14
402 591 163 326 320 589 132 67 487 358 318 168 656 552
0 10 17
185 659 380 172 261 118 431 36 0 306 681 568 474 455 653 232 156
0 1 9
438 127 234 120 644 188 371 642 434
0 7 16
249 6 204 521 613 93 170 448 80 391 336 612 460 526 421 388
0 3 15
257 369 47 381 54 229 140 115 104 655 182 623 570 65 101
0 6 2
349 594
0 17 22
242 96 213 177 55 319 639 433 77 174 471 610 216 351 295 189 327 540 423 480 272 243
0 1 22
660 399 202 572 607 201 110 11 237 452 179 601 283 561 46 225 282 220 530 136 522 247
0 10 22
687 290 207 105 309 8 443 614 152 135 133 126 314 139 119 555 31 557 150 684 472 53
0 4 5
155 510 509 271 405
0 18 21
519 462 649 495 83 178 217 508 524 578 14 664 445 636 184 500 37 532 361 689 198
0 9 23
693 489 669 4 497 374 359 345 94 394 221 670 246 583 21 304 635 503 626 648 638 432 502
0 4 5
498 436 408 124 527
0 16 4
293 417 131 398
0 20 14
130 582 453 435 154 373 22 517 396 252 587 58 63 354
0 7 4
134 344 325 195
0 19 26
56 324 291 274 256 69 682 144 151 529 600 1 588 82 266 488 141 277 663 122 437 142 148 581 501 628
0 15 15
108 301 559 43 690 299 145 543 466 98 573 389 494 393 29
0 19 5
424 420 353 622 348
0 19 1
5
0 10 1
7
0 38 3
9 302 553
0 18 1
12
0 33 1
15
0 30 2
16 265
0 27 1
17
0 24 1
24
0 25 1
26
0 31 2
28 106
0 35 1
32
0 16 2
38 490
0 21 1
41
0 29 1
42
0 22 1
48
0 13 1
52
0 33 1
62
0 37 1
64
0 11 1
66
0 31 1
68
0 14 1
72
0 33 1
73
0 22 1
74
0 23 3
75 468 621
0 18 1
76
0 38 1
78
0 22 2
84 113
0 13 1
86
0 22 1
92
0 28 1
97
0 28 1
103
0 29 1
107
0 11 1
111
0 16 1
112
0 36 3
128 383 632
0 16 1
129
0 17 1
153
0 35 1
167
0 16 1
181
0 35 1
192
0 17 1
212
0 30 1
215
0 17 2
219 308
0 22 1
222
0 22 1
223
0 22 2
231 356
0 23 1
236
0 16 1
245
0 27 1
248
0 14 1
250
0 24 1
259
0 22 1
264
0 24 3
268 531 620
0 16 1
270
0 33 1
273
0 21 1
275
0 28 1
279
0 29 1
284
0 31 2
294 310
0 8 1
297
0 8 1
298
0 19 1
303
0 27 2
305 512
0 34 2
312 569
0 36 2
313 513
0 5 1
323
0 22 1
332
0 22 1
337
0 24 1
341
0 22 1
342
0 34 1
355
0 34 1
357
0 25 1
362
0 22 1
363
0 19 1
365
0 18 1
367
0 26 1
370
0 21 1
372
0 29 1
375
0 32 1
376
0 35 1
377
0 30 1
379
0 28 1
382
0 36 1
386
0 26 1
390
0 7 1
395
0 32 1
400
0 19 1
407
0 26 1
409
0 32 1
428
0 22 1
429
0 11 1
440
0 34 2
441 608
0 36 1
449
0 19 1
456
0 13 1
457
0 13 1
459
0 2 1
463
0 22 1
469
0 19 1
481
0 34 1
491
0 16 1
514
0 38 1
515
0 19 1
516
0 27 1
518
0 10 1
523
0 12 1
544
0 32 1
551
0 5 2
554 580
0 16 1
558
0 18 1
562
0 36 1
564
0 5 1
576
0 22 2
577 675
0 27 1
596
0 25 1
599
0 21 1
603
0 16 1
606
0 8 1
609
0 33 1
615
0 10 1
618
0 24 1
627
0 21 1
640
0 21 1
641
0 20 1
645
0 31 1
646
0 30 1
647
0 28 1
665
0 20 1
671
0 34 1
673
0 27 1
674
0 28 1
676
0 15 1
677
0 18 1
686
0 23 1
698
