700 162 1085 10
25 12 27 23 27 30 8 24 7 23 30 5 8 16 30 1 29 12 24 5 15 9 14 24 18 25 4 29 4 17 10 6 9 22 18 12 29 13 20 13 29 2 20 23 1 25 20 8 22 5 28 10 6 12 14 9 3 17 19 12 4 14 5 26 25 26 24 12 11 10 7 18 24 28 1 12 21 21 21 10 9 23 1 2 4 27 12 20 23 12 9 14 27 13 11 23 4 1 3 17 4 10 14 9 2 19 15 5 5 9 28 30 12 22 8 22 17 30 1 5 22 26 13 25 25 2 17 18 14 25 17 15 24 28 20 15 17 2 17 10 12 16 17 6 26 15 30 15 23 5 22 14 22 11 15 7 4 7 8 2 2 26 24 13 26 22 14 22 19 8 25 24 22 11 4 27 12 11 28 30 18 11 4 29 14 18 12 9 30 17 22 19 24 24 4 13 25 14 7 2 14 4 15 2 25 22 23 27 29 27 8 27 29 1 16 4 5 28 8 15 28 3 9 27 3 7 21 7 30 29 29 4 3 9 23 5 27 3 23 1 26 30 21 19 26 17 3 4 16 26 28 20 16 16 13 3 2 24 18 19 5 5 3 19 11 17 20 13 10 7 20 21 3 24 7 4 19 17 9 20 16 27 3 10 26 30 17 1 14 3 8 8 22 17 15 8 24 6 25 19 11 14 20 7 2 23 10 20 21 2 3 20 16 13 26 9 12 23 19 22 22 8 30 22 4 15 17 20 20 22 9 19 2 17 21 7 3 22 14 10 22 12 10 15 8 18 3 1 19 5 15 8 17 11 17 15 13 9 10 4 30 8 16 17 17 6 26 2 19 12 24 24 3 27 10 12 16 10 2 3 18 29 22 29 2 29 23 19 3 7 19 22 25 16 22 6 1 5 7 21 24 27 8 6 24 4 23 23 6 17 15 11 5 4 13 19 30 20 23 28 27 23 8 3 30 21 23 12 23 27 28 28 13 23 3 2 3 18 8 12 20 2 24 19 16 12 25 16 9 2 8 7 26 14 11 4 20 12 14 29 17 24 3 3 10 22 8 17 29 22 2 19 25 27 7 18 29 29 9 21 11 15 2 9 7 3 20 14 10 10 9 9 12 16 13 25 28 21 27 8 19 22 14 22 2 3 23 25 26 7 22 13 13 26 26 26 18 7 25 10 14 28 27 24 15 10 24 21 21 4 16 25 24 27 11 19 23 11 11 28 12 29 25 16 8 14 22 13 16 17 18 26 2 3 9 9 23 29 24 20 28 28 25 4 21 3 20 16 1 27 16 3 14 28 5 22 30 29 13 24 17 24 4 19 19 18 27 29 28 28 29 24 6 27 11 4 7 16 3 3 1 28 5 3 30 10 12 3 26 23 9 16 27 28 22 2 24 6 4 6 25 16 28 4 9 26 8 3 16 24 23 6 19 19 26 6 29 1 25 3 6 15 23 3 28 13 5 28 10 4 22 18 3 9 17 17 27 18 14 4 3 16 17 15 6 14 23 28 2 29 21 13 8 19 13 28 10 1 3 9 18 2 14 11 21 28 4 23 8 7 14 22 5 13 4 11 30 12 4 24
10 7 24 10 11 1 15 5 11 10 9 1 12 25 24 4 14 12 16 7 19 19 23 8 23 2 3 13 1 20 24 7 5 8 13 10 12 13 12 24 11 27 19 3 25 15 4 11 6 26 30 23 4 10 17 30 12 14 20 3 27 3 24 27 18 5 21 28 19 18 26 8 16 13 16 18 10 2 17 9 28 28 25 20 17 1 11 6 21 8 22 12 15 6 9 5 20 9 28 16 22 1 6 12 8 13 27 8 19 5 25 25 8 26 13 29 10 16 2 5 13 20 18 5 20 1 7 7 11 19 15 27 16 19 11 30 24 14 28 27 15 18 10 18 3 6 18 18 4 23 1 17 29 6 20 24 28 23 21 28 1 5 23 16 2 12 3 4 12 15 23 6 13 21 27 25 28 21 5 2 10 16 10 16 9 30 29 10 8 23 12 9 9 26 14 6 12 17 26 20 9 13 19 19 6 6 18 12 19 24 28 19 20 12 25 30 23 9 2 30 1 23 2 10 23 16 5 29 2 6 19 1 12 25 25 21 3 5 1 1 25 25 18 15 10 9 18 25 15 8 5 8 5 12 20 1 9 26 2 1 12 7 6 7 8 14 2 3 15 15 11 4 28 17 29 8 13 28 26 2 13 25 5 19 17 16 18 24 4 25 3 30 29 12 16 16 18 9 10 22 20 23 15 24 19 18 22 25 19 9 13 1 18 19 10 15 23 22 22 1 21 19 24 6 15 25 15 1 28 28 12 16 10 11 30 26 18 22 17 3 4 5 13 19 1 4 26 15 17 26 7 3 22 1 20 25 24 23 20 21 22 8 27 24 5 5 28 22 11 5 7 21 14 27 1 5 13 13 21 22 16 24 22 15 29 15 27 17 13 26 18 25 10 28 28 22 24 4 9 3 6 20 20 13 21 2 4 20 26 10 20 20 30 9 25 13 15 12 14 14 1 5 26 13 3 12 10 12 6 5 1 1 5 9 8 3 16 5 18 26 22 12 11 2 17 7 27 5 16 30 6 4 23 29 1 30 29 10 6 26 19 8 21 23 3 13 21 4 22 17 15 12 29 16 19 28 10 19 5 17 20 24 2 7 9 24 15 8 18 24 2 14 18 28 18 11 30 24 30 21 22 27 2 7 10 16 3 10 26 3 2 4 25 1 20 29 11 11 2 21 25 1 27 14 7 16 18 12 10 10 26 11 1 6 1 26 12 30 8 19 30 25 17 24 27 21 29 14 24 27 13 24 26 18 8 12 18 27 15 14 21 27 17 29 7 6 6 10 13 14 9 1 27 26 17 2 2 24 8 13 6 22 13 10 28 17 14 16 4 19 12 14 23 22 8 20 13 1 8 8 11 2 6 15 8 5 26 22 11 2 29 30 18 19 11 10 29 5 24 7 19 11 30 8 21 11 16 10 25 22 13 11 23 19 13 22 3 30 19 24 29 19 14 17 27 27 14 18 17 9 20 20 18 7 9 12 6 19 4 9 14 5 18 15 27 22 13 11 17 8 6 10 22 28 17 6 2 12 5 13 8 26 17 21 20 14 1 5 10 10 29 17 19 15 17 28 7 6 7 21
0 6 9
662 450 309 269 530 68 229 452 584
0 10 10
178 541 590 389 553 609 50 544 476 672
0 5 20
31 300 61 302 147 218 447 290 29 653 637 273 195 598 12 610 552 67 608 298
0 8 10
249 546 357 435 102 687 170 118 475 554
0 18 24
350 682 162 514 599 404 370 222 334 217 11 176 299 399 209 227 384 583 425 509 239 85 456 274
0 19 19
434 106 485 531 652 59 202 405 231 460 123 63 408 557 25 121 419 627 83
0 20 4
603 310 684 591
0 18 2
393 634
0 8 9
394 132 51 136 8 642 373 625 543
0 12 21
125 139 611 398 433 635 36 64 110 499 444 364 581 427 22 277 146 465 219 677 282
0 7 16
378 272 671 113 697 648 1 513 313 451 383 371 342 480 574 268
0 9 27
130 91 35 658 281 71 78 164 454 411 423 116 555 567 448 354 566 6 692 519 579 696 52 330 446 199 602
0 11 9
228 207 656 311 141 620 90 101 597
0 9 21
622 167 431 628 670 221 462 392 244 186 15 252 359 413 539 184 235 337 86 111 369
0 8 24
503 331 510 516 563 28 23 26 643 379 72 420 42 482 160 284 495 69 486 647 569 260 312 498
0 3 19
7 690 508 487 37 353 10 200 24 201 99 587 33 633 73 115 533 512 75
0 19 18
332 606 248 547 142 96 430 318 326 600 216 345 108 478 144 220 79 351
0 20 8
9 417 385 30 481 561 325 657
0 19 5
386 432 349 659 242
0 1 5
47 409 421 230 397
0 13 9
319 400 515 283 471 303 669 391 607
0 13 19
323 258 426 636 577 196 570 467 270 523 699 626 56 442 505 416 208 166 623
0 12 19
188 455 129 153 3 329 168 578 372 280 5 127 225 159 375 527 214 154 612
0 16 26
81 582 363 407 525 631 335 490 321 348 613 87 114 679 163 366 211 151 449 148 674 133 678 172 285 98
0 6 20
279 261 675 665 128 17 380 74 621 524 429 304 48 177 496 406 691 95 453 347
0 1 4
226 169 616 484
0 18 16
470 639 343 522 344 80 191 131 511 301 619 614 395 618 32 538
0 10 22
688 473 667 586 44 54 276 173 491 120 138 259 40 46 39 641 428 94 387 412 440 694
0 1 12
489 368 558 673 630 650 436 320 255 472 365 660
0 3 11
105 93 119 362 297 549 463 537 250 149 16
0 7 24
292 192 588 664 89 542 175 143 698 18 34 632 189 356 401 355 568 275 418 507 245 693 502 651
0 20 26
424 322 534 466 265 161 126 532 27 556 240 649 661 103 112 617 517 296 241 536 596 55 19 464 518 181
0 16 19
504 483 254 488 243 213 271 576 340 198 193 247 187 668 374 97 60 438 360
0 3 9
493 174 236 190 194 686 140 315 62
0 12 22
278 585 104 663 264 492 461 41 545 135 107 338 100 158 580 644 183 646 286 526 150 439
0 20 7
654 377 520 197 695 615 92
0 3 10
685 327 535 638 477 683 506 601 251 655
0 1 10
339 415 575 458 305 256 70 437 361 185
0 20 1
0
0 6 1
2
0 14 1
4
0 38 1
13
0 11 2
14 182
0 14 1
20
0 19 2
21 212
0 20 1
38
0 20 1
43
0 22 2
45 551
0 31 1
49
0 23 1
53
0 26 1
57
0 22 2
58 215
0 13 1
65
0 12 1
66
0 4 1
76
0 25 1
77
0 24 1
82
0 21 1
84
0 25 1
88
0 25 1
109
0 33 1
117
0 24 1
122
0 36 2
124 324
0 12 1
134
0 30 1
137
0 36 1
145
0 26 1
152
0 26 1
155
0 29 1
156
0 20 1
157
0 6 1
165
0 30 1
171
0 32 1
179
0 26 1
180
0 31 2
203 367
0 13 1
204
0 29 1
205
0 24 1
206
0 24 1
210
0 30 2
223 589
0 8 1
224
0 32 1
232
0 18 1
233
0 23 1
234
0 27 1
237
0 31 1
238
0 14 1
246
0 29 1
253
0 16 1
257
0 21 1
262
0 12 1
263
0 13 1
266
0 18 1
267
0 21 1
287
0 19 1
288
0 32 3
289 469 640
0 20 1
291
0 21 1
293
0 25 1
294
0 40 1
295
0 33 1
306
0 20 1
307
0 15 1
308
0 26 1
314
0 20 1
316
0 12 1
317
0 22 1
328
0 25 1
333
0 30 1
336
0 19 1
341
0 4 2
346 479
0 25 1
352
0 10 1
358
0 23 1
376
0 36 1
381
0 32 1
382
0 25 1
388
0 32 1
390
0 9 1
396
0 9 1
402
0 23 1
403
0 11 1
410
0 28 1
414
0 34 1
422
0 31 1
441
0 14 1
443
0 21 1
445
0 15 1
457
0 13 1
459
0 29 1
468
0 28 1
474
0 9 1
494
0 11 1
497
0 28 1
500
0 24 1
501
0 22 1
521
0 22 1
528
0 17 1
529
0 9 1
540
0 21 1
548
0 16 1
550
0 16 1
559
0 11 1
560
0 25 1
562
0 31 1
564
0 31 1
565
0 27 1
571
0 20 1
572
0 20 2
573 593
0 2 1
592
0 25 1
594
0 10 1
595
0 6 1
604
0 25 1
605
0 23 1
624
0 21 1
629
0 9 1
645
0 27 1
666
0 23 1
676
0 26 1
680
0 13 1
681
0 14 1
689
