300 182 465 20
25 28 26 18 22 26 13 6 1 23 17 16 13 11 6 17 3 6 8 29 29 3 16 30 15 9 15 13 11 10 18 29 12 25 7 19 28 3 23 13 5 29 23 19 15 19 27 17 20 7 18 17 29 13 11 5 29 10 1 14 4 18 13 23 24 17 16 2 22 26 3 16 30 25 19 13 9 21 25 18 2 12 5 13 6 12 7 5 13 11 2 25 30 16 8 18 3 25 28 5 25 19 8 11 19 9 14 23 10 18 15 18 5 20 1 29 8 18 21 4 8 24 27 12 17 25 15 2 12 23 4 9 15 4 23 17 17 17 20 28 6 19 24 14 16 28 10 4 28 28 14 30 25 21 7 21 17 30 17 26 20 7 27 30 2 19 1 4 7 8 13 3 2 19 23 5 15 17 23 6 17 20 7 13 30 20 3 30 30 24 2 2 1 3 19 8 13 16 17 20 13 1 6 27 21 21 3 6 19 22 16 27 14 4 22 7 16 27 26 30 3 18 24 4 12 14 2 10 16 14 29 20 27 13 16 11 3 19 7 24 17 16 20 14 19 11 6 29 29 21 10 29 1 23 7 12 30 3 15 8 16 21 13 26 7 17 5 9 15 12 8 26 26 16 16 6 4 9 16 4 15 7 12 11 1 14 4 15 7 8 27 5 30 17 14 23 17 3 29 4
29 18 19 22 1 15 17 16 12 19 13 22 5 10 4 22 4 10 27 3 15 8 30 7 15 27 17 13 7 15 6 4 23 21 25 1 10 27 17 10 15 23 28 13 11 24 30 4 5 12 14 23 5 28 8 15 12 3 10 8 19 6 1 12 28 9 25 24 19 5 5 15 20 8 30 6 10 29 24 21 8 14 4 12 28 25 16 18 23 18 6 3 4 22 27 30 20 12 5 18 13 11 13 5 14 27 8 23 15 23 7 30 8 21 25 11 25 5 23 13 18 21 9 15 10 20 3 10 26 28 2 7 12 25 6 10 24 19 10 30 3 9 21 10 30 13 13 3 26 5 7 21 9 17 13 10 13 16 26 6 14 11 25 29 20 26 15 27 28 5 21 6 4 8 18 6 9 25 16 21 4 25 12 20 29 14 12 2 24 3 26 12 2 7 2 4 29 4 10 4 20 30 6 2 22 20 12 7 7 29 1 1 16 7 19 22 5 13 3 7 19 1 2 3 1 21 27 3 30 6 30 21 21 21 1 16 5 7 4 30 7 22 12 7 23 28 11 26 29 19 18 2 17 18 24 26 8 16 3 23 30 2 23 1 17 14 14 17 30 13 4 13 10 30 14 12 7 21 24 23 15 3 17 7 6 9 11 29 8 7 30 5 11 11 28 7 22 12 17 17
0 10 3
201 158 49
0 2 2
79 89
0 2 3
236 70 274
0 13 1
258
0 17 4
110 237 59 73
0 5 2
116 133
0 17 8
191 26 150 98 172 90 15 152
0 17 3
259 12 102
0 15 6
139 177 0 40 195 255
0 20 5
5 99 238 60 283
0 20 5
92 39 137 129 190
0 4 10
75 290 202 192 128 63 269 164 277 250
0 20 4
264 37 226 20
0 6 1
121
0 10 5
106 105 87 228 51
0 12 4
130 82 244 263
0 2 2
8 281
0 12 3
144 260 28
0 4 4
141 80 25 229
0 18 7
114 273 161 61 267 62 233
0 6 7
198 243 272 215 209 134 74
0 14 4
93 294 13 27
0 17 1
178
0 3 5
52 47 127 208 104
0 17 3
38 146 270
0 9 2
170 78
0 17 3
113 44 95
0 11 1
132
0 1 5
261 276 46 295 18
0 18 1
120
0 1 3
126 24 184
1 22 1
1
1 37 2
2 284
1 32 2
3 213
1 8 1
4
1 21 2
6 204
1 18 2
7 160
1 14 1
9
1 28 1
10
1 32 3
11 142 179
1 30 2
14 85
1 18 1
16
1 18 1
17
1 40 1
19
1 38 2
21 207
1 20 1
22
1 30 1
23
1 38 2
29 159
1 19 1
30
1 21 2
31 291
1 34 1
32
1 14 2
33 68
1 21 1
34
1 15 1
35
1 15 1
36
1 32 1
41
1 5 3
42 64 293
1 16 2
43 212
1 11 2
45 108
1 32 3
48 83 217
1 24 1
50
1 37 2
53 66
1 12 1
54
1 26 1
55
1 21 1
56
1 37 1
57
1 35 1
58
1 16 1
65
1 21 2
67 188
1 12 1
69
1 24 1
71
1 29 1
72
1 14 1
76
1 22 1
77
1 21 4
81 84 171 282
1 15 2
86 216
1 23 1
88
1 35 1
91
1 31 1
94
1 5 1
96
1 18 1
97
1 3 1
100
1 23 1
101
1 24 2
103 155
1 32 1
107
1 23 1
109
1 18 1
111
1 19 1
112
1 31 1
115
1 29 1
117
1 19 2
118 251
1 20 1
119
1 17 1
122
1 33 1
123
1 17 1
124
1 20 1
125
1 24 1
131
1 15 1
135
1 35 1
136
1 23 1
138
1 20 1
140
1 33 2
143 296
1 34 1
145
1 22 1
147
1 7 2
148 256
1 24 1
149
1 16 1
151
1 17 2
153 286
1 17 2
154 211
1 13 1
156
1 38 1
157
1 19 1
162
1 28 1
163
1 28 1
165
1 18 1
166
1 10 1
167
1 37 1
168
1 30 1
169
1 35 2
173 279
1 21 1
174
1 15 1
175
1 34 1
176
1 34 1
180
1 24 1
181
1 14 1
182
1 30 1
183
1 21 1
185
1 31 2
186 240
1 14 1
187
1 24 1
189
1 15 1
193
1 16 1
194
1 22 1
196
1 18 2
197 268
1 21 1
199
1 35 1
200
1 28 1
203
1 7 1
205
1 21 1
206
1 32 1
210
1 7 1
214
1 3 1
218
1 18 1
219
1 23 1
220
1 34 1
221
1 14 1
222
1 28 1
223
1 19 1
224
1 33 1
225
1 4 1
227
1 30 1
230
1 18 1
231
1 26 1
232
1 8 1
234
1 37 1
235
1 24 1
239
1 3 1
241
1 21 1
242
1 21 1
245
1 7 1
246
1 19 1
247
1 19 1
248
1 27 1
249
1 6 1
252
1 37 1
253
1 26 1
254
1 4 1
257
1 15 1
262
1 5 1
265
1 7 1
266
1 16 1
271
1 19 1
275
1 18 1
278
1 22 1
280
1 22 1
285
1 27 1
287
1 23 1
288
1 9 1
289
1 3 1
292
1 23 1
297
1 34 1
298
1 23 1
299
