300 178 465 20
2 5 18 6 2 20 11 2 30 12 25 30 5 5 11 21 4 3 25 22 24 2 20 11 8 23 11 20 20 4 25 26 8 9 21 13 20 21 5 5 5 10 18 25 26 13 10 18 3 4 15 6 30 15 2 30 4 23 5 18 24 27 20 10 23 20 17 14 28 8 23 26 25 30 12 22 30 5 10 1 3 4 17 3 5 5 26 1 20 2 17 21 22 2 18 17 1 17 11 11 25 19 28 2 3 2 24 1 4 20 14 2 1 24 8 13 26 17 24 9 4 18 16 3 2 4 29 16 4 30 23 4 19 16 30 14 13 20 3 3 14 21 14 13 23 27 8 16 13 19 8 14 3 23 17 23 26 29 9 16 17 8 7 12 1 19 6 13 15 17 2 21 20 2 19 5 19 29 22 14 12 27 15 22 23 2 24 4 15 12 22 13 1 9 5 30 1 3 15 27 25 29 28 4 28 17 8 13 23 11 29 7 22 1 29 22 1 27 15 4 6 15 16 21 4 3 3 29 18 18 7 22 16 26 17 25 7 1 23 13 15 29 25 18 24 18 13 16 27 8 25 21 27 4 3 9 26 18 14 8 4 13 8 19 24 30 2 24 7 7 13 6 3 2 30 30 28 14 22 8 28 3 24 8 10 8 27 24 7 25 22 6 19 12 18 12 20 7 11 1
11 11 13 5 19 8 25 9 14 11 2 2 15 13 30 27 14 2 12 4 18 11 25 21 27 9 21 22 30 30 8 5 12 28 27 8 10 1 24 6 7 14 3 29 1 5 10 8 2 24 8 8 22 22 6 21 10 23 10 22 8 25 5 9 23 30 13 22 30 18 15 26 27 15 18 27 10 9 14 2 11 17 12 9 15 16 10 30 12 24 8 25 21 21 5 3 1 18 8 30 6 18 23 24 1 25 9 29 4 24 19 8 30 27 13 25 16 21 6 27 22 17 4 5 12 1 2 16 13 3 11 9 5 14 12 8 24 7 16 1 11 13 7 26 3 11 13 20 6 6 29 26 22 14 8 23 3 4 6 10 7 7 26 29 20 1 10 3 7 21 8 6 6 18 26 12 4 1 3 18 27 24 24 21 17 18 25 26 10 28 2 15 18 16 25 15 28 16 18 29 23 28 28 19 25 25 21 4 5 19 1 1 21 26 1 29 20 26 25 10 18 30 15 4 15 26 26 28 7 9 13 8 2 6 17 9 28 19 24 7 22 18 24 7 20 25 17 26 16 16 6 12 15 22 2 10 26 20 12 28 25 16 27 12 10 17 17 1 10 18 15 15 1 8 14 26 17 26 16 11 11 17 20 22 16 3 5 10 28 18 26 29 22 27 23 11 19 8 13 7
0 12 4
236 219 143 97
0 2 2
65 122
0 1 5
34 179 237 4 61
0 2 7
40 53 280 38 214 79 142
0 8 1
240
0 1 2
88 256
0 19 4
180 106 22 144
0 3 3
13 11 71
0 15 1
210
0 18 2
115 32
0 20 6
215 92 117 136 269 241
0 20 4
43 284 185 14
0 11 3
17 234 169
0 6 2
289 81
0 6 4
285 58 274 36
0 17 1
119
0 4 1
135
0 6 3
39 171 165
0 10 1
186
0 4 6
114 278 118 253 9 251
0 10 4
189 21 94 18
0 16 1
258
0 9 8
243 263 268 120 134 31 193 283
0 16 4
48 270 124 125
0 15 2
107 228
0 20 8
220 164 147 98 1 72 3 277
0 11 1
246
0 15 9
182 123 68 201 191 239 235 176 7
0 2 7
273 233 52 20 66 89 168
0 13 5
255 166 35 27 46
0 11 6
200 208 100 10 276 174
0 14 2
287 229
0 7 4
192 230 15 155
1 10 1
0
1 18 1
2
1 17 1
5
1 12 1
6
1 22 1
8
1 31 2
12 265
1 8 3
16 109 209
1 22 2
19 96
1 8 1
23
1 27 1
24
1 35 1
25
1 7 1
26
1 24 1
28
1 15 2
29 250
1 22 2
30 113
1 29 1
33
1 33 1
37
1 31 2
41 181
1 10 1
42
1 18 2
44 74
1 26 2
45 293
1 24 1
47
1 13 2
49 266
1 12 1
50
1 31 1
51
1 23 2
54 59
1 10 2
55 264
1 37 3
56 195 294
1 21 1
57
1 23 1
60
1 21 2
62 161
1 25 3
63 75 257
1 31 2
64 242
1 21 1
67
1 19 2
69 194
1 25 1
70
1 7 1
73
1 14 1
76
1 19 1
77
1 19 1
78
1 13 1
80
1 25 1
82
1 40 1
83
1 16 2
84 281
1 17 1
85
1 23 3
86 172 221
1 36 1
87
1 17 3
90 190 232
1 26 1
91
1 25 1
93
1 17 2
95 184
1 27 1
99
1 7 1
101
1 29 1
102
1 29 1
103
1 3 1
104
1 8 1
105
1 19 1
108
1 13 1
110
1 30 1
111
1 10 1
112
1 9 1
116
1 36 1
121
1 25 1
126
1 34 1
127
1 9 2
128 154
1 14 1
129
1 11 1
130
1 22 1
131
1 19 1
132
1 16 1
133
1 6 1
137
1 11 1
138
1 19 1
139
1 14 1
140
1 18 1
141
1 20 1
145
1 5 2
146 249
1 22 1
148
1 25 1
149
1 17 1
150
1 14 1
151
1 12 1
152
1 8 1
153
1 29 1
156
1 20 2
157 158
1 13 2
159 231
1 11 1
160
1 25 1
162
1 30 1
163
1 28 1
167
1 13 2
170 197
1 27 1
173
1 21 1
175
1 33 1
177
1 21 1
178
1 21 1
183
1 15 1
187
1 37 1
188
1 30 1
196
1 22 1
198
1 22 1
199
1 37 1
202
1 40 1
203
1 17 1
204
1 9 1
205
1 15 1
206
1 17 1
207
1 12 1
211
1 15 1
212
1 19 2
213 227
1 7 1
216
1 15 1
217
1 18 1
218
1 12 2
222 260
1 12 1
223
1 17 1
224
1 30 1
225
1 19 1
226
1 18 1
238
1 24 1
244
1 29 1
245
1 25 1
247
1 26 1
248
1 21 1
252
1 6 1
254
1 17 1
259
1 4 1
261
1 24 1
262
1 26 1
267
1 20 1
271
1 27 1
272
1 15 1
275
1 14 1
279
1 17 1
282
1 19 1
286
1 26 1
288
1 35 1
290
1 34 1
291
1 30 1
292
1 37 1
295
1 7 1
296
1 9 1
297
1 26 1
298
1 10 1
299
