700 339 1085 20
3 23 5 18 18 21 17 21 2 15 10 12 12 1 14 5 25 9 29 20 17 10 5 15 4 19 28 9 10 5 10 8 9 9 16 13 4 28 24 2 3 18 15 10 13 15 30 26 27 7 25 2 15 13 22 22 16 10 14 13 28 2 24 1 3 2 24 11 15 2 24 27 11 28 18 18 18 18 5 17 23 12 5 18 17 4 23 25 24 4 29 28 9 27 7 9 27 2 12 9 5 6 26 3 22 18 6 29 29 4 4 28 8 20 7 6 14 29 30 14 25 22 25 2 30 6 25 30 13 10 8 9 16 9 20 29 14 1 11 9 24 9 17 11 11 5 24 28 29 15 19 18 1 30 14 23 8 20 20 25 15 23 28 9 10 14 23 3 16 25 24 25 29 21 4 24 27 18 1 30 6 18 29 17 13 20 6 27 19 22 17 6 28 26 17 22 12 16 4 16 28 24 29 7 29 9 2 11 1 25 5 20 11 7 3 26 2 27 2 2 9 19 7 6 3 19 3 14 28 1 5 30 4 9 17 16 18 15 26 11 11 22 6 4 19 20 29 7 11 29 4 6 15 2 1 18 27 15 27 15 12 23 24 4 20 30 16 4 5 6 6 27 19 17 4 14 8 27 22 19 21 5 22 10 30 29 20 7 15 6 2 20 12 26 16 28 11 15 18 3 6 27 10 3 7 3 16 27 21 1 10 12 14 9 18 15 3 5 18 10 15 23 4 4 8 9 9 7 24 19 2 6 3 22 26 7 3 6 25 19 21 26 3 25 1 1 4 25 24 18 16 18 10 26 30 4 17 12 7 6 30 3 22 5 1 1 5 23 10 24 21 17 14 6 30 1 2 11 15 19 17 24 23 22 3 23 15 12 28 16 10 22 23 4 21 23 25 7 14 6 6 15 9 1 11 28 20 22 12 21 27 12 7 12 21 12 1 7 17 18 6 5 17 13 4 14 9 8 11 5 4 11 11 21 15 24 14 29 20 23 15 20 30 1 29 21 7 22 30 15 23 16 21 5 13 22 9 17 1 23 18 6 6 8 7 10 8 5 28 29 23 10 14 18 19 14 2 9 9 20 1 2 11 5 15 21 19 28 1 23 20 13 20 24 18 7 6 24 29 4 2 1 15 29 6 29 6 6 20 17 21 30 27 21 20 27 12 6 17 5 1 1 15 17 24 15 27 27 1 13 16 7 9 18 24 6 10 20 6 12 2 14 21 7 17 14 18 10 15 27 2 11 30 2 26 17 7 23 4 9 4 19 17 13 15 7 9 7 3 12 19 29 21 3 17 1 2 29 20 24 10 24 30 20 26 23 7 28 1 3 1 13 6 29 20 28 18 9 15 19 5 11 17 26 8 26 26 13 9 22 9 19 19 3 24 3 15 20 9 17 19 4 28 6 7 2 16 24 15 24 30 20 9 9 23 13 15 28 6 11 12 27 21 10 18 12 7 29 22 14 4 30 20 17 5 11 1 15 2 11 16 6 14 24 3 13 18 29 17 8 14 2 11 17 4 21 4 1 20 13 22 28 6 5 17 15 3 28 25 18 26 16 19 21 12 6 26 29 9 29
20 21 24 2 27 19 1 26 30 5 4 1 19 15 15 1 1 16 29 25 9 18 6 18 4 30 2 29 28 10 17 3 11 29 2 2 25 6 19 8 9 7 26 12 16 5 1 1 15 7 10 1 23 28 25 1 13 26 9 29 4 5 4 15 25 18 2 10 9 27 12 25 7 21 2 6 5 30 30 9 30 6 11 12 23 18 22 2 21 10 26 4 29 12 17 26 11 22 25 20 26 23 11 22 2 3 27 27 18 28 17 9 15 21 22 21 28 28 17 15 26 2 19 9 7 21 4 13 6 17 10 13 21 5 8 20 3 18 28 15 29 24 12 27 23 22 5 25 14 15 13 19 1 8 20 30 13 28 17 22 5 19 12 8 5 7 8 27 8 2 11 19 4 6 26 7 7 23 29 11 18 25 4 25 7 17 24 29 28 6 1 22 11 12 15 2 2 27 3 4 15 2 15 21 28 12 26 29 14 28 14 9 27 21 7 29 4 26 15 10 6 13 26 8 25 24 1 2 13 14 5 11 23 16 13 10 4 5 18 12 24 14 8 11 15 15 3 1 11 25 12 20 9 18 12 30 24 17 23 6 11 4 21 18 30 2 4 22 29 19 6 19 21 27 25 22 15 26 16 6 21 18 11 24 22 21 28 9 15 23 23 3 19 9 3 1 11 15 5 10 23 22 8 8 7 9 28 23 4 14 9 22 11 19 7 16 2 26 23 11 27 6 2 17 29 22 27 12 12 4 3 12 15 28 27 3 29 3 2 15 17 23 27 17 16 12 3 2 1 17 30 24 4 23 2 20 10 21 13 4 4 3 30 8 4 4 24 10 15 29 16 3 25 29 19 21 8 29 11 23 9 30 15 17 17 14 30 26 11 10 24 25 12 30 12 17 23 8 6 6 11 13 27 13 4 15 26 22 11 22 2 1 17 14 5 6 7 28 22 5 12 13 19 22 9 21 29 1 8 16 22 18 23 17 2 10 4 27 1 28 1 6 5 22 5 1 19 22 16 10 7 6 6 1 26 15 29 7 30 1 22 13 19 1 27 22 9 25 18 3 16 23 6 27 24 7 14 6 12 27 10 6 19 1 13 4 7 6 4 25 17 5 30 25 15 9 21 12 14 9 5 29 24 8 28 25 9 8 20 3 9 19 1 24 9 20 22 30 25 29 25 19 16 27 2 11 3 17 30 16 26 25 21 8 17 3 2 21 15 19 25 14 1 20 5 23 9 13 3 17 13 18 1 30 7 30 6 22 23 2 13 12 4 1 9 22 1 17 4 29 17 6 19 7 2 17 24 7 21 10 8 6 1 12 4 24 23 10 12 9 20 28 13 7 5 3 7 28 19 9 21 7 21 27 29 26 6 24 17 19 22 24 2 15 26 22 26 19 1 1 7 28 18 5 11 30 15 15 17 3 17 14 22 18 10 9 5 18 19 4 3 27 21 2 30 20 29 9 1 24 23 25 14 30 7 13 11 16 23 9 29 8 9 14 3 27 21 18 29 10 11 18 30 13 23 6 8 5 14 2 3 17 12 23 1 8 26 14 22 8 27 2 27 30 23 24 8 23 22 16
0 11 5
371 100 391 319 247
0 18 4
341 156 564 115
0 4 14
32 354 645 173 280 351 248 328 469 571 184 196 651 127
0 2 6
441 592 209 559 615 462
0 2 16
259 503 221 667 434 649 528 397 39 525 290 235 88 580 179 223
0 13 1
547
0 11 8
308 130 488 266 471 250 207 431
0 17 8
38 194 361 604 322 268 199 3
0 4 12
211 430 560 123 112 187 28 202 0 284 401 590
0 16 1
477
0 5 3
440 305 292
0 10 4
519 257 183 470
0 13 7
419 167 364 58 678 35 149
0 12 16
11 129 473 353 370 53 542 611 508 411 246 4 475 356 231 407
0 10 14
270 326 244 307 638 142 369 205 103 346 682 688 591 639
0 10 3
234 631 507
0 14 8
429 562 108 446 535 204 589 556
0 9 5
155 598 618 537 424
0 2 3
479 256 152
0 12 8
109 344 628 489 33 679 59 304
0 7 4
357 73 568 297
0 8 5
102 219 381 656 238
0 5 2
681 387
0 19 9
180 653 476 565 29 459 335 55 62
0 9 9
365 496 570 10 586 576 472 673 585
0 16 1
531
0 4 3
569 114 291
0 16 7
668 64 566 533 500 676 87
0 16 15
605 518 195 553 261 176 573 374 76 379 148 82 336 512 458
0 19 4
251 412 282 432
0 12 5
608 393 181 162 57
0 5 13
46 549 385 550 563 188 499 483 283 171 443 334 193
0 11 13
125 190 136 522 543 437 579 330 380 338 30 200 450
0 9 23
482 8 99 693 61 299 665 349 27 405 567 186 60 217 286 329 287 228 359 671 575 273 490
0 17 2
240 172
1 11 2
1 106
1 21 2
2 386
1 27 1
5
1 23 1
6
1 24 4
7 20 367 663
1 21 1
9
1 16 1
12
1 26 1
13
1 28 2
14 306
1 34 1
15
1 30 2
16 478
1 29 3
17 128 355
1 30 2
18 690
1 24 2
19 226
1 13 2
21 281
1 18 1
22
1 22 1
23
1 21 1
24
1 18 2
25 474
1 24 1
26
1 13 1
31
1 24 1
34
1 18 1
36
1 33 2
37 378
1 14 4
40 113 145 527
1 28 2
41 438
1 6 1
42
1 25 2
43 436
1 18 2
44 65
1 24 1
45
1 22 1
47
1 20 1
48
1 23 2
49 619
1 18 2
50 249
1 28 2
51 96
1 15 2
52 215
1 30 2
54 677
1 9 2
56 70
1 29 1
63
1 17 1
66
1 28 1
67
1 18 1
68
1 19 3
69 317 554
1 12 1
71
1 21 2
72 122
1 25 2
74 118
1 36 3
75 132 641
1 22 2
77 210
1 11 2
78 303
1 17 1
79
1 19 1
80
1 24 2
81 170
1 30 4
83 147 233 333
1 19 1
84
1 31 1
85
1 15 2
86 117
1 23 1
89
1 21 2
90 377
1 14 2
91 262
1 20 1
92
1 25 2
93 318
1 7 2
94 165
1 28 1
95
1 22 2
97 362
1 23 2
98 675
1 21 3
101 413 466
1 20 1
104
1 27 1
105
1 34 1
107
1 27 1
110
1 22 1
111
1 17 1
116
1 28 3
119 151 463
1 14 1
120
1 27 1
121
1 14 4
124 300 388 509
1 6 2
126 451
1 20 3
131 392 394
1 14 1
133
1 29 1
134
1 11 1
135
1 21 3
137 373 514
1 27 1
138
1 27 1
139
1 25 1
140
1 22 2
141 555
1 31 1
143
1 12 1
144
1 26 1
146
1 26 1
150
1 24 1
153
1 27 1
154
1 11 1
157
1 18 1
158
1 16 2
159 578
1 16 2
160 548
1 27 2
161 396
1 20 2
163 410
1 29 1
164
1 7 1
166
1 32 2
168 263
1 4 1
169
1 23 3
174 498 602
1 21 1
175
1 11 2
177 545
1 29 2
178 253
1 23 3
182 599 640
1 6 3
185 315 637
1 13 1
189
1 29 3
191 633 658
1 31 2
192 214
1 30 1
197
1 35 1
198
1 9 2
201 617
1 26 1
203
1 18 4
206 279 414 650
1 25 1
208
1 20 2
212 302
1 26 1
213
1 24 2
216 421
1 18 1
218
1 31 1
220
1 23 2
222 524
1 16 3
224 416 467
1 13 2
225 603
1 27 2
227 294
1 19 3
229 626 691
1 19 1
230
1 22 1
232
1 23 1
236
1 18 1
237
1 16 1
239
1 10 1
241
1 28 1
242
1 25 1
243
1 34 2
245 453
1 18 1
252
1 26 1
254
1 33 2
255 493
1 11 3
258 375 613
1 28 2
260 277
1 16 1
264
1 25 1
265
1 22 3
267 342 687
1 6 1
269
1 29 2
271 325
1 24 2
272 288
1 28 1
274
1 9 2
275 588
1 15 1
276
1 16 2
278 596
1 12 2
285 669
1 20 1
289
1 11 1
293
1 21 1
295
1 20 1
296
1 19 1
298
1 22 2
301 523
1 4 1
309
1 17 1
310
1 13 1
311
1 17 1
312
1 14 1
313
1 19 1
314
1 30 1
316
1 29 2
320 646
1 13 1
321
1 29 1
323
1 26 1
324
1 14 1
327
1 31 1
331
1 35 1
332
1 21 1
337
1 20 2
339 659
1 27 2
340 345
1 32 1
343
1 24 1
347
1 21 1
348
1 13 1
350
1 23 1
352
1 28 1
358
1 23 2
360 481
1 20 1
363
1 16 3
366 368 614
1 24 4
372 406 461 657
1 6 1
376
1 22 2
382 689
1 16 1
383
1 28 1
384
1 21 3
389 487 698
1 15 2
390 455
1 14 3
395 541 558
1 33 1
398
1 14 1
399
1 25 1
400
1 32 1
402
1 8 1
403
1 12 2
404 515
1 14 1
408
1 26 1
409
1 26 1
415
1 27 1
417
1 34 1
418
1 26 1
420
1 19 1
422
1 24 1
423
1 23 1
425
1 28 1
426
1 29 1
427
1 28 1
428
1 32 1
433
1 21 3
435 444 660
1 15 1
439
1 14 1
442
1 9 1
445
1 23 2
447 647
1 18 2
448 624
1 14 1
449
1 18 3
452 502 695
1 33 1
454
1 10 1
456
1 9 1
457
1 14 1
460
1 23 1
464
1 21 1
465
1 20 1
468
1 15 1
480
1 33 1
484
1 12 1
485
1 31 1
486
1 31 2
491 672
1 17 1
492
1 22 1
494
1 19 2
495 511
1 25 1
497
1 10 1
501
1 17 1
504
1 7 2
505 606
1 19 1
506
1 35 2
510 594
1 9 1
513
1 25 2
516 684
1 20 1
517
1 6 1
520
1 21 2
521 551
1 21 1
526
1 27 1
529
1 25 1
530
1 11 2
532 699
1 9 1
534
1 35 1
536
1 26 3
538 557 587
1 18 1
539
1 14 1
540
1 6 1
544
1 21 1
546
1 17 1
552
1 29 1
561
1 31 1
572
1 22 1
574
1 35 2
577 642
1 17 1
581
1 13 1
582
1 19 1
583
1 23 1
584
1 9 1
593
1 19 1
595
1 21 1
597
1 26 2
600 623
1 7 1
601
1 15 1
607
1 17 1
609
1 15 1
610
1 29 1
612
1 14 1
616
1 29 2
620 644
1 18 1
621
1 27 1
622
1 30 1
625
1 30 1
627
1 21 1
629
1 35 1
630
1 13 1
632
1 13 1
634
1 15 1
635
1 27 1
636
1 17 1
643
1 28 1
648
1 32 1
652
1 7 1
654
1 24 1
655
1 26 1
661
1 16 2
662 697
1 14 1
664
1 23 1
666
1 14 1
670
1 27 1
674
1 20 1
680
1 29 1
683
1 32 1
685
1 15 1
686
1 19 1
692
1 21 1
694
1 11 1
696
