300 201 465 20
4 24 15 18 11 25 10 9 16 1 9 16 4 10 21 23 16 2 29 11 23 16 22 30 20 6 30 11 13 18 11 19 8 26 21 17 8 9 4 8 20 6 9 18 27 6 10 10 30 19 4 19 10 9 12 27 19 26 14 30 7 7 19 27 16 4 23 30 21 18 11 21 12 9 17 4 17 16 16 18 21 9 8 22 30 10 13 28 17 11 27 1 3 8 11 28 21 29 13 7 24 19 26 26 9 13 22 26 19 19 20 25 9 6 21 21 14 22 20 23 18 20 20 19 9 5 18 4 6 14 3 24 12 1 15 6 6 21 9 17 25 18 8 22 25 7 23 17 3 22 3 30 14 9 6 27 29 4 1 27 22 14 23 9 12 26 4 7 21 4 18 15 7 5 28 27 13 7 28 15 21 2 25 11 7 4 30 24 6 28 12 9 11 16 14 14 18 3 4 17 18 15 26 14 6 2 10 13 12 19 29 11 16 2 15 12 6 22 4 17 7 30 24 27 30 24 15 9 9 7 15 22 26 5 8 5 10 18 11 13 15 22 7 26 24 3 11 21 29 5 22 15 24 11 1 28 23 30 24 2 2 25 23 21 11 25 26 1 23 15 12 10 12 16 2 6 9 13 4 21 21 9 13 12 17 27 29 13 17 12 6 22 19 19 27 20 22 29 24 15
14 4 27 26 13 2 17 28 14 11 13 20 27 1 3 13 8 28 19 17 9 18 17 23 5 30 13 2 29 30 20 3 7 27 29 6 7 13 16 4 29 19 21 30 9 7 26 9 27 30 11 20 23 24 10 10 7 17 7 8 15 5 13 18 6 2 19 28 17 14 13 22 15 22 8 21 16 15 23 24 8 30 30 12 18 12 15 11 13 3 2 13 6 2 11 6 3 17 22 29 21 4 24 13 22 25 4 25 24 10 1 30 23 5 15 2 28 14 6 28 15 10 12 20 8 29 10 24 22 7 1 13 19 15 18 23 27 11 3 9 7 18 30 2 5 19 22 11 20 3 15 28 17 14 22 10 13 3 29 5 3 18 15 18 28 3 9 5 29 10 15 23 19 26 30 14 15 29 28 10 4 14 2 5 30 25 10 22 4 28 30 10 13 11 5 2 7 28 11 29 4 1 3 1 3 7 10 24 9 13 30 6 1 21 24 19 14 11 30 23 26 3 5 25 6 11 22 27 2 22 17 1 12 15 14 4 22 17 10 4 10 15 26 5 29 6 1 5 26 27 22 22 20 8 22 23 19 2 8 10 18 21 30 23 30 26 20 11 16 13 2 25 29 25 14 3 3 26 27 26 10 29 21 9 2 26 2 15 11 30 5 23 12 10 1 10 23 12 7 6
0 9 2
5 119
0 1 2
142 74
0 4 6
84 246 112 58 228 53
0 14 2
151 269
0 5 5
124 17 164 237 296
0 4 5
284 30 258 24 32
0 3 2
279 103
0 2 6
233 31 213 94 272 57
0 4 1
52
0 19 5
232 133 42 285 145
0 12 4
55 100 226 16
0 12 4
46 38 61 281
0 16 4
126 28 201 36
0 2 1
179
0 2 1
77
0 11 7
192 72 264 29 35 4 6
0 9 4
206 155 73 156
0 10 1
244
0 15 1
47
0 20 1
138
0 20 2
260 288
0 3 4
219 26 132 75
0 1 7
107 199 136 222 204 12 87
0 8 4
173 298 162 241
0 7 3
259 223 177
0 6 3
98 170 250
0 16 1
169
0 12 1
236
0 13 1
20
0 14 5
191 65 225 63 239
0 12 1
245
0 14 1
150
0 18 3
88 247 39
0 9 3
227 283 147
0 3 5
99 299 205 10 195
0 9 4
278 181 40 214
0 9 2
203 280
1 15 1
0
1 17 1
1
1 6 1
2
1 12 1
3
1 10 1
7
1 9 2
8 139
1 28 1
9
1 28 1
11
1 32 1
13
1 3 1
14
1 17 1
15
1 4 1
18
1 6 1
19
1 18 1
21
1 21 1
22
1 23 1
23
1 16 1
25
1 14 1
27
1 23 1
33
1 11 1
34
1 18 1
37
1 7 1
41
1 19 2
43 144
1 18 1
44
1 8 1
45
1 17 1
48
1 27 2
49 262
1 8 1
50
1 18 1
51
1 21 2
54 196
1 17 1
56
1 21 1
59
1 23 1
60
1 18 2
62 130
1 21 1
64
1 34 1
66
1 15 2
67 265
1 33 1
68
1 21 1
69
1 38 1
70
1 17 1
71
1 16 1
76
1 20 2
78 159
1 24 1
79
1 7 1
80
1 16 2
81 291
1 19 1
82
1 30 1
83
1 14 2
85 157
1 11 1
86
1 32 1
89
1 23 1
90
1 25 1
91
1 13 1
92
1 25 1
93
1 23 1
95
1 16 1
96
1 10 1
97
1 25 1
101
1 21 1
102
1 24 2
104 109
1 10 1
105
1 24 1
106
1 27 1
108
1 21 1
110
1 16 1
111
1 19 2
113 229
1 21 1
114
1 23 2
115 149
1 17 1
116
1 11 2
117 277
1 20 1
118
1 12 1
120
1 17 1
121
1 15 2
122 190
1 16 2
123 160
1 18 1
125
1 26 1
127
1 7 1
128
1 13 1
129
1 14 1
131
1 18 1
134
1 22 2
135 290
1 26 1
137
1 9 1
140
1 34 1
141
1 16 1
143
1 13 1
146
1 27 1
148
1 12 1
152
1 23 1
153
1 10 1
154
1 23 1
158
1 5 1
161
1 28 1
163
1 18 1
165
1 14 1
166
1 16 1
167
1 12 1
168
1 15 1
171
1 21 1
172
1 19 1
174
1 15 1
175
1 16 1
176
1 6 1
178
1 11 1
180
1 10 1
182
1 13 1
183
1 29 1
184
1 24 2
185 212
1 13 1
186
1 10 1
187
1 24 1
188
1 19 1
189
1 13 1
193
1 21 1
194
1 32 2
197 238
1 17 1
198
1 8 1
200
1 16 2
202 243
1 22 1
207
1 10 1
208
1 21 1
209
1 14 1
210
1 4 2
211 218
1 35 1
215
1 14 1
216
1 9 1
217
1 14 2
220 221
1 13 1
224
1 31 1
230
1 5 1
231
1 17 1
234
1 18 1
235
1 30 1
240
1 16 1
242
1 13 1
248
1 30 1
249
1 10 1
251
1 7 1
252
1 29 1
253
1 23 1
254
1 20 1
255
1 39 1
256
1 31 1
257
1 23 1
261
1 23 1
263
1 27 1
266
1 28 1
267
1 11 1
268
1 26 1
270
1 28 1
271
1 36 2
273 286
1 5 1
274
1 17 1
275
1 7 1
276
1 28 1
282
1 6 1
287
1 15 1
289
1 21 1
292
1 31 1
293
1 19 1
294
1 11 1
295
1 26 1
297
