700 318 1085 20
16 12 3 29 15 28 11 13 2 23 2 2 21 21 25 2 20 1 30 4 15 4 1 30 5 22 21 8 11 20 21 11 7 20 26 28 5 17 28 7 7 28 15 13 14 24 30 20 21 28 30 25 10 20 15 30 20 29 1 12 22 8 21 24 8 29 9 28 7 13 19 24 25 20 18 16 27 14 16 27 16 18 19 19 11 24 10 27 29 12 29 19 6 14 5 24 5 25 20 24 17 27 25 3 13 10 3 16 18 14 23 6 10 12 7 21 19 1 17 15 20 17 29 10 17 28 24 14 7 6 19 25 19 21 4 20 14 5 24 15 28 18 20 29 18 3 19 21 27 6 14 30 17 14 10 5 16 5 4 23 25 10 13 12 2 17 11 21 24 15 11 15 6 20 7 13 11 19 23 5 16 26 17 1 2 8 5 16 26 23 26 4 17 19 21 15 24 13 8 15 28 21 6 11 4 18 25 15 26 5 16 28 3 9 17 10 15 27 2 3 5 29 24 9 10 22 20 10 20 22 8 5 2 13 21 6 25 24 2 30 29 25 20 18 26 11 5 29 11 1 12 1 11 28 24 4 24 4 24 15 17 18 29 7 21 22 4 20 2 5 15 20 28 22 3 14 29 12 3 20 27 29 21 30 11 15 10 6 4 11 18 27 25 26 13 7 6 16 7 30 9 18 22 6 22 23 21 10 7 4 2 8 9 17 22 19 6 20 24 20 14 7 13 29 30 23 24 14 6 23 3 29 19 16 26 4 12 25 23 18 21 7 8 20 10 4 21 12 13 1 2 8 6 14 7 14 21 5 22 4 27 25 11 12 6 21 11 17 15 29 16 11 20 6 22 22 21 7 14 3 18 9 15 22 13 19 29 4 28 22 11 15 16 8 11 25 4 26 2 1 25 3 1 5 11 24 16 25 8 18 20 18 21 15 16 28 21 7 21 6 30 26 25 28 21 11 12 27 13 22 27 10 15 10 11 1 30 6 13 18 30 1 23 20 10 12 13 6 4 28 29 21 21 26 28 23 26 15 23 7 10 21 24 7 1 13 7 22 18 6 15 13 3 29 11 16 10 4 19 15 19 4 22 8 25 6 15 16 23 28 30 26 5 25 7 21 17 21 3 16 17 23 5 15 21 12 22 2 12 20 28 8 1 10 14 17 12 27 11 4 24 8 11 23 9 2 14 20 21 21 16 27 29 9 17 10 16 26 1 2 21 28 13 13 18 29 5 10 7 6 2 30 28 4 22 11 15 19 4 29 17 3 25 27 19 26 27 23 14 12 1 1 1 27 27 10 13 17 28 15 6 26 8 29 5 28 5 5 2 3 28 19 29 21 5 22 28 26 23 30 20 12 12 24 22 18 28 19 16 26 18 17 6 2 17 24 18 23 29 11 15 29 23 23 12 22 23 29 24 13 25 17 5 19 27 7 10 20 30 25 5 7 19 25 3 2 20 29 10 24 1 14 1 6 5 4 23 17 12 19 29 5 1 23 16 7 15 7 15 22 30 4 23 19 5 9 12 11 13 4 16 21 22 29 3 7 21 23 4 23 3 2 26 28 26 9 26 30 4 15
22 23 30 13 30 14 25 24 4 9 29 22 2 22 19 14 27 29 21 19 13 30 19 27 17 3 25 23 8 14 20 12 11 22 9 18 24 13 15 5 22 17 11 22 13 23 1 12 2 16 8 5 4 1 26 3 10 1 26 15 25 19 11 11 11 18 11 8 10 29 20 6 12 11 6 28 19 21 23 23 21 13 5 23 11 28 10 21 26 10 8 15 7 10 15 20 2 27 13 29 6 19 21 14 16 14 29 6 10 22 19 4 6 30 13 8 24 5 9 17 28 19 23 8 25 8 16 20 30 24 25 18 28 27 21 2 3 7 19 24 3 7 19 19 13 30 6 30 1 25 30 22 10 26 15 17 10 5 25 13 14 28 7 24 8 16 11 14 29 24 16 26 16 9 25 17 4 21 3 22 21 9 23 15 7 27 15 26 25 28 28 20 5 22 27 3 4 23 12 2 17 25 9 4 22 19 25 8 18 10 25 2 17 17 19 17 11 9 3 9 19 17 11 6 8 30 11 30 13 20 20 17 26 21 18 13 27 11 17 27 24 10 20 24 22 23 21 19 12 9 29 23 10 29 1 21 22 13 8 3 7 7 13 6 13 9 17 23 9 4 21 5 25 16 26 10 19 5 3 14 7 15 30 15 30 19 14 20 16 26 30 7 25 20 15 25 27 19 17 3 23 21 21 19 2 6 7 30 13 11 7 16 25 9 22 24 12 26 15 19 2 3 7 16 19 21 12 26 14 19 21 21 15 30 4 20 23 13 22 2 26 21 11 16 28 9 24 3 10 11 30 11 3 28 2 18 3 3 28 12 8 27 6 17 24 15 20 23 3 8 25 15 22 18 9 18 5 30 18 15 20 11 7 26 9 13 17 14 11 26 15 14 5 1 21 24 4 1 8 6 23 13 14 3 24 24 16 26 20 14 27 2 14 21 26 9 12 15 9 1 20 19 25 10 19 30 20 28 6 7 4 26 10 6 2 24 14 5 6 1 28 3 1 13 24 1 2 11 22 7 16 5 28 23 10 14 27 9 13 27 19 29 2 10 28 15 28 20 23 25 8 11 11 15 4 1 27 24 28 30 9 26 20 7 28 5 17 20 16 26 2 13 30 6 19 19 5 1 24 2 25 25 5 14 15 12 9 1 25 27 20 5 4 20 23 18 11 6 24 7 3 26 13 5 13 2 11 18 17 25 6 8 24 2 9 25 7 11 1 13 22 13 1 22 2 17 12 3 18 16 5 17 3 7 19 22 18 16 9 12 9 18 21 7 26 17 27 26 15 27 9 20 15 23 14 2 25 4 28 29 4 19 4 13 29 29 30 25 15 11 3 21 3 22 10 27 21 12 27 1 13 7 30 11 17 14 25 12 24 22 7 11 20 1 13 23 29 22 13 9 26 29 9 5 13 30 11 19 24 27 23 23 12 7 23 7 3 30 16 13 23 8 4 8 23 16 22 18 21 23 30 6 11 13 6 13 12 25 11 12 17 10 27 5 18 18 30 17 2 3 5 4 25 28 24 14 21 4 3 9 20 1 25 25 16 27 16 15 9 15 26 2 23 7 29 20 14 15 21 9
0 19 8
340 187 157 584 619 664 413 62
0 3 10
598 225 395 366 116 138 454 287 171 169
0 17 4
361 222 97 492
0 13 7
560 498 311 633 629 472 336
0 13 17
341 183 362 75 239 161 121 684 501 354 670 7 195 393 5 432 594
0 16 19
270 564 562 170 469 345 128 188 192 216 122 593 507 253 639 179 494 79 512
0 14 15
308 129 71 488 526 438 441 419 305 156 162 391 329 458 127
0 7 2
337 265
0 10 4
44 93 668 159
0 8 7
232 665 177 247 219 640 631
0 3 4
245 23 198 318
0 10 12
572 390 281 147 12 17 626 14 145 299 428 687
0 4 4
573 570 27 95
0 1 4
371 405 464 603
0 12 11
41 194 353 693 333 582 561 322 19 59 282
0 14 10
193 697 263 576 283 210 611 77 104 667
0 20 8
674 28 356 202 243 42 73 452
0 14 8
412 300 51 50 483 435 685 654
0 17 7
607 280 563 184 475 269 541
0 15 11
166 55 649 415 173 218 630 241 258 656 65
0 12 6
320 150 677 384 327 273
0 10 8
374 199 566 663 313 289 699 392
0 18 1
624
0 2 9
450 491 608 45 252 499 113 600 439
0 16 10
574 651 510 100 429 579 236 421 548 136
0 20 6
669 278 531 424 33 246
0 6 4
480 47 16 675
0 6 8
508 554 323 315 660 271 200 509
0 8 8
486 400 682 407 228 251 256 296
0 1 17
295 368 22 326 250 132 547 342 455 401 496 620 433 545 632 189 616
0 17 2
511 609
0 10 3
31 696 37
0 11 6
643 235 110 605 18 292
0 15 16
131 522 385 272 76 666 487 500 422 481 163 317 535 49 447 587
0 10 13
310 530 533 431 249 543 229 451 516 343 358 319 647
1 33 2
0 277
1 36 1
1
1 32 1
2
1 18 1
3
1 23 1
4
1 22 1
6
1 27 2
8 378
1 26 3
9 201 596
1 31 3
10 312 445
1 14 2
11 559
1 29 3
13 255 517
1 11 1
15
1 27 3
20 85 288
1 20 3
21 360 476
1 16 2
24 448
1 24 3
25 538 578
1 28 4
26 230 254 544
1 18 1
29
1 23 1
30
1 29 2
32 621
1 37 1
34
1 25 1
35
1 28 3
36 237 276
1 11 1
38
1 23 1
39
1 30 2
40 69
1 20 1
43
1 30 1
46
1 25 3
48 227 558
1 26 1
52
1 11 1
53
1 21 2
54 143
1 29 3
56 307 601
1 9 1
57
1 22 2
58 114
1 21 1
60
1 20 2
61 489
1 37 2
63 503
1 11 2
64 409
1 28 1
66
1 20 3
67 165 414
1 20 1
68
1 19 2
70 495
1 24 1
72
1 15 2
74 369
1 23 2
78 565
1 27 2
80 215
1 25 1
81
1 9 1
82
1 4 2
83 646
1 20 4
84 376 497 556
1 24 1
86
1 32 1
87
1 31 1
88
1 7 1
89
1 12 1
90
1 13 1
91
1 23 2
92 467
1 21 1
94
1 33 2
96 314
1 36 1
98
1 11 2
99 540
1 5 1
101
1 24 1
102
1 25 2
103 602
1 18 2
105 553
1 21 1
106
1 30 2
107 589
1 12 4
108 403 408 525
1 16 2
109 126
1 21 1
111
1 30 1
112
1 29 1
115
1 13 2
117 334
1 16 1
118
1 14 1
119
1 9 2
120 463
1 27 1
123
1 22 2
124 398
1 34 1
125
1 28 2
130 567
1 30 2
133 635
1 27 2
134 372
1 12 1
135
1 32 1
137
1 20 1
139
1 27 1
140
1 21 2
141 402
1 16 3
142 321 352
1 13 1
144
1 30 1
146
1 38 2
148 440
1 26 4
149 268 370 504
1 23 2
151 418
1 27 2
152 294
1 15 1
153
1 21 2
154 686
1 25 1
155
1 25 2
158 293
1 24 2
160 387
1 35 2
164 234
1 21 2
167 172
1 8 1
168
1 30 2
174 604
1 20 1
175
1 29 3
176 375 397
1 14 2
178 364
1 17 1
180
1 20 1
181
1 23 1
182
1 27 1
185
1 27 2
186 242
1 30 1
190
1 31 1
191
1 16 1
196
1 29 1
197
1 35 1
203
1 24 1
204
1 18 2
205 627
1 26 1
206
1 28 2
207 519
1 27 1
208
1 22 1
209
1 11 1
211
1 29 2
212 350
1 20 2
213 662
1 24 1
214
1 33 1
217
1 13 1
220
1 24 1
221
1 26 1
223
1 25 4
224 332 394 577
1 27 1
226
1 19 1
231
1 20 1
233
1 23 2
238 542
1 25 1
240
1 6 1
244
1 11 1
248
1 33 3
257 585 652
1 13 1
259
1 29 2
260 681
1 24 1
261
1 21 3
262 309 490
1 26 1
264
1 18 1
266
1 28 2
267 434
1 15 1
274
1 15 3
275 365 479
1 29 1
279
1 31 2
284 568
1 27 2
285 529
1 18 2
286 628
1 28 2
290 485
1 14 2
291 691
1 30 1
297
1 22 2
298 534
1 29 1
301
1 20 1
302
1 31 2
303 383
1 14 1
304
1 32 1
306
1 14 1
316
1 31 1
324
1 32 1
325
1 25 2
328 348
1 16 1
330
1 32 2
331 580
1 16 1
335
1 13 1
338
1 21 2
339 555
1 26 2
344 417
1 24 1
346
1 30 1
347
1 12 1
349
1 34 1
351
1 26 2
355 625
1 30 2
357 546
1 24 1
359
1 17 2
363 373
1 29 1
367
1 23 2
377 690
1 16 1
379
1 24 1
380
1 28 2
381 474
1 28 2
382 453
1 18 1
386
1 20 1
388
1 16 1
389
1 20 2
396 549
1 33 2
399 514
1 23 2
404 634
1 24 2
406 614
1 23 1
410
1 14 1
411
1 18 2
416 637
1 19 1
420
1 33 3
423 437 695
1 34 2
425 613
1 28 1
426
1 18 1
427
1 11 1
430
1 34 2
436 658
1 21 1
442
1 17 1
443
1 25 1
444
1 31 1
446
1 31 1
449
1 36 1
456
1 37 1
457
1 23 1
459
1 20 2
460 590
1 23 1
461
1 21 1
462
1 30 1
465
1 10 3
466 597 683
1 17 3
468 484 644
1 27 1
470
1 25 1
471
1 25 2
473 679
1 30 1
477
1 36 1
478
1 33 2
482 636
1 35 1
493
1 26 1
502
1 18 1
505
1 34 1
506
1 13 2
513 672
1 24 1
515
1 39 1
518
1 24 1
520
1 16 1
521
1 35 1
523
1 4 1
524
1 16 1
527
1 17 1
528
1 18 1
532
1 15 1
536
1 17 1
537
1 29 1
539
1 20 1
550
1 16 1
551
1 16 1
552
1 22 1
557
1 22 1
569
1 28 1
571
1 7 1
575
1 23 1
581
1 3 1
583
1 18 1
586
1 21 1
588
1 22 1
591
1 35 1
592
1 30 1
595
1 20 1
599
1 7 1
606
1 27 1
610
1 13 1
612
1 27 1
615
1 39 1
617
1 15 1
618
1 29 1
622
1 22 1
623
1 29 1
638
1 11 1
641
1 34 2
642 661
1 26 1
645
1 17 1
648
1 18 1
650
1 21 1
653
1 23 1
655
1 18 1
657
1 30 1
659
1 23 1
671
1 13 1
673
1 8 1
676
1 35 1
678
1 10 1
680
1 26 1
688
1 30 1
689
1 13 1
692
1 34 1
694
1 30 1
698
