1000 467 1550 18
27 22 11 2 10 6 18 19 26 22 18 3 19 5 19 21 4 3 21 22 14 5 28 1 21 3 11 30 9 23 26 26 30 1 12 8 27 9 13 4 28 20 1 21 7 18 28 15 12 26 18 6 29 25 28 7 20 21 7 30 8 17 29 1 5 17 26 24 23 2 6 2 6 5 9 3 14 9 24 21 9 8 9 1 25 27 3 14 6 15 1 22 28 7 22 28 22 24 18 29 25 12 4 21 18 9 19 26 2 5 13 7 8 27 21 13 6 25 11 17 24 18 27 20 11 8 22 16 9 25 16 14 25 25 11 30 3 27 22 21 9 10 3 28 25 11 19 10 16 28 19 30 11 19 24 28 4 12 25 3 21 15 27 14 5 26 24 4 30 8 26 5 9 17 29 13 12 18 21 22 3 25 29 26 5 16 12 24 17 9 11 28 6 13 15 9 21 22 12 27 16 26 11 8 14 3 2 20 19 19 12 20 9 10 27 26 14 2 24 15 21 24 13 16 10 25 27 6 21 25 24 6 22 4 4 29 13 2 4 17 28 9 2 19 9 27 25 15 21 6 7 27 16 18 21 13 7 28 3 13 24 25 19 10 14 10 27 28 19 8 13 16 16 19 2 26 19 30 29 11 16 20 24 13 10 13 24 19 9 15 20 24 1 2 19 13 9 17 29 1 21 13 9 7 14 26 7 11 25 26 23 8 20 11 5 4 30 13 29 13 8 6 27 1 15 13 2 11 12 16 1 11 24 25 18 10 2 20 14 28 15 22 22 27 30 20 14 22 20 6 27 29 6 12 14 18 25 5 14 20 26 30 11 12 19 25 28 17 2 3 6 12 19 28 11 23 20 13 14 5 2 20 6 12 25 20 10 1 26 22 14 17 25 5 10 8 29 8 3 23 7 5 14 23 9 4 14 27 24 24 26 21 1 21 21 15 7 11 1 14 24 25 6 17 28 2 15 19 4 10 24 19 22 15 26 19 12 11 30 21 15 8 27 25 22 1 21 17 3 28 16 8 12 17 23 13 13 9 12 4 13 14 30 17 6 26 18 8 2 3 29 18 6 25 3 16 3 30 6 5 17 4 11 8 14 29 19 6 17 3 28 10 14 1 25 15 2 25 28 28 21 29 13 16 25 29 30 13 26 10 1 4 9 25 20 23 26 9 9 25 29 13 30 17 26 15 23 25 7 16 17 16 26 16 11 12 4 16 29 1 2 8 8 19 9 9 6 25 16 1 9 23 1 15 4 27 5 15 29 19 11 28 4 9 20 5 5 27 22 22 11 25 28 30 1 29 1 2 13 4 11 2 18 25 8 10 22 24 25 27 26 5 3 13 15 13 17 10 1 29 30 19 10 2 7 24 10 26 17 18 11 21 8 25 12 19 7 5 19 19 10 23 22 24 1 4 7 28 5 29 24 21 12 29 26 1 10 21 3 17 7 27 22 13 10 20 28 16 26 27 26 14 10 6 21 29 23 30 8 7 14 17 16 17 3 12 1 18 14 30 14 24 12 9 1 12 7 19 12 16 3 13 28 7 5 1 16 26 30 29 17 26 19 8 29 20 23 13 15 8 12 10 17 13 20 10 21 15 24 26 12 12 21 26 4 21 5 2 22 29 12 24 5 17 12 10 23 25 16 16 30 11 4 16 20 17 27 10 28 13 12 17 14 8 21 30 14 13 10 12 15 23 1 4 22 11 20 14 21 8 8 15 6 18 4 12 28 15 3 14 29 28 9 30 12 9 23 19 4 13 16 18 13 3 3 12 30 27 15 5 14 18 14 10 12 20 12 3 19 27 9 30 27 20 23 3 5 29 10 10 28 29 29 18 8 6 12 2 14 16 30 5 2 20 15 1 2 10 22 25 18 13 1 29 27 28 10 29 7 15 15 23 27 6 13 14 27 18 18 18 2 7 13 25 4 27 6 18 25 19 7 16 9 12 7 19 24 1 25 30 15 26 13 12 24 23 25 10 2 30 5 13 7 23 23 19 8 26 17 10 21 20 11 21 29 15 13 23 16 20 18 8 30 16 23 4 3 14 23 19 18 11 22 9 6 25 20 5 26 30 1 26 24 17 28 17 12 22 21 28 26 22 27 26 20 30 20 2 1 30 12 3 5 28 16 16 25 29 11 11 2 27 6 12 3 6 17 9 9 23 24 20 8 11 24 12 25 16 1 1 11 4 17 5 21 8 15 11 12 1 6 8 30 21 8 5 4 29 4 10 13 28 29 21 25 16 23 3 19 5
24 28 4 18 13 21 11 30 4 2 13 28 8 12 15 29 29 7 11 16 30 7 2 4 24 18 17 23 18 27 2 8 29 6 21 14 1 25 25 15 22 28 19 21 1 25 2 14 5 14 2 2 11 28 24 23 14 16 1 9 17 15 14 22 15 26 28 9 10 19 23 25 2 27 9 29 1 17 4 11 18 13 4 11 14 15 18 10 13 2 21 24 28 27 8 14 16 23 24 23 17 25 27 2 27 18 13 1 22 23 10 12 20 15 20 18 8 8 28 10 16 10 5 2 7 2 30 7 4 1 17 29 2 28 6 20 8 21 1 17 22 10 24 22 24 28 10 26 7 20 24 20 13 2 27 12 27 24 26 27 7 26 12 22 3 24 20 6 22 1 16 24 7 15 18 9 14 23 17 17 15 8 11 17 2 15 22 25 6 27 9 27 20 20 19 12 4 23 1 27 21 7 15 19 21 28 9 10 11 9 1 14 11 17 7 14 11 26 15 24 8 3 1 21 27 16 23 1 13 27 10 6 4 29 27 24 30 26 14 30 8 16 26 18 3 24 4 1 4 10 26 4 25 6 19 3 7 12 14 3 27 8 25 23 12 15 23 16 28 4 23 13 2 30 21 2 24 14 18 23 25 3 22 4 11 25 28 23 29 28 8 18 6 7 23 19 26 23 5 27 18 11 19 12 17 21 30 1 17 25 15 6 11 11 1 17 20 8 30 5 19 30 19 30 5 22 10 1 17 26 9 1 30 4 5 10 8 14 30 22 13 25 15 8 16 23 23 4 5 24 20 29 3 18 2 14 18 4 15 16 21 27 18 19 2 24 11 1 2 14 21 21 3 16 29 17 26 6 9 5 24 19 6 13 5 7 24 27 12 22 22 18 13 10 8 27 11 28 3 6 24 23 27 12 29 26 10 6 12 11 8 10 12 20 13 7 19 18 10 2 2 29 28 10 26 16 12 9 7 4 21 14 19 28 11 8 5 17 21 28 28 1 9 26 13 19 6 26 23 22 3 12 11 12 6 20 4 29 3 24 12 14 7 22 14 28 19 26 5 17 12 28 18 11 7 24 17 9 20 23 30 25 14 5 7 27 22 25 20 17 15 25 25 30 24 1 6 2 12 16 9 26 1 6 22 11 29 30 1 6 15 9 2 5 3 14 6 20 8 11 7 10 27 30 13 30 30 23 29 20 8 30 2 18 30 7 13 12 11 14 2 7 22 26 10 27 8 28 26 20 21 23 26 26 9 21 10 23 5 16 30 18 30 24 3 18 22 11 25 25 19 15 24 15 11 19 12 7 3 19 14 13 4 14 10 6 24 21 8 25 10 24 20 28 26 18 25 23 15 10 21 10 18 8 20 21 27 2 16 13 11 29 28 8 3 8 27 27 19 23 12 4 10 8 28 16 9 3 20 29 18 11 19 30 24 25 11 27 7 24 2 29 24 16 3 10 11 2 23 2 19 7 22 12 27 7 11 27 9 2 11 2 2 11 10 5 1 20 7 27 25 1 4 1 16 29 9 12 22 11 29 18 12 9 17 16 15 4 25 5 21 17 17 6 9 21 9 5 10 10 11 21 19 18 13 11 14 10 2 10 15 7 7 17 20 11 1 20 4 27 14 12 5 28 10 9 29 23 4 3 26 26 14 2 6 10 24 11 22 3 14 27 8 15 17 15 11 19 13 15 8 1 22 14 5 7 24 8 11 10 30 1 17 12 19 17 22 4 22 16 19 20 16 7 24 29 26 26 9 5 21 18 29 4 16 1 8 5 1 9 2 22 6 29 2 22 20 10 11 14 12 7 23 22 22 13 19 26 3 1 24 22 13 20 4 22 17 6 15 22 13 26 19 1 7 25 27 21 6 21 1 20 18 7 19 24 10 18 22 27 24 24 16 12 22 28 20 6 6 30 2 8 21 26 13 14 13 19 25 28 10 20 5 10 28 5 20 22 23 10 3 22 1 4 15 10 8 23 18 28 15 20 6 29 28 12 3 8 27 5 5 27 19 3 6 10 5 7 10 22 6 25 30 1 18 17 22 17 6 24 18 28 5 12 24 3 15 5 4 15 24 13 4 16 6 27 28 13 2 7 15 25 24 17 30 8 28 5 29 14 3 30 20 27 12 13 10 25 23 16 2 27 14 1 25 24 4 15 2 18 11 24 8 28 28 3 30 1 11 27 6 2 3 6 13 17 2 26 17 22 5 13 12 17 1 1 5 10 14 20 14 29 17 15 11 6 18 28 17 14
0 8 5
486 494 927 633 297
0 1 14
185 982 321 790 299 49 270 253 369 164 289 830 182 960
0 16 19
199 614 322 943 28 575 399 327 732 365 690 348 292 599 876 72 477 258 204
0 13 17
300 989 855 470 284 941 884 807 995 76 499 238 757 331 540 702 696
0 4 17
767 404 655 745 68 615 760 695 801 507 306 471 155 970 721 822 930
0 7 4
139 553 176 179
0 5 8
368 75 464 44 508 95 815 749
0 11 6
456 159 688 487 255 879
0 20 3
851 195 968
0 16 7
213 325 557 354 854 250 975
0 17 11
184 562 38 15 485 539 114 282 370 54 349
0 16 9
438 791 618 771 384 538 747 31 269
0 19 1
419
0 16 5
160 731 541 911 892
0 2 12
893 129 446 711 607 754 985 411 51 596 797 739
0 2 6
389 935 234 439 510 173
0 4 8
70 310 278 201 244 869 978 800
0 4 8
183 535 999 986 287 106 874 336
0 2 3
295 888 112
0 18 20
188 8 937 965 667 521 171 79 148 635 226 825 913 882 787 63 582 448 307 217
0 17 22
629 870 29 641 974 80 391 194 940 918 781 302 611 351 228 994 661 627 401 293 880 34
0 13 11
490 110 493 850 740 594 650 669 991 335 802
0 1 16
727 47 43 235 925 453 405 21 842 517 301 236 242 820 729 142
0 17 11
906 555 748 963 319 871 329 715 352 246 9
0 1 3
390 954 442
0 5 16
397 514 903 48 247 340 266 653 703 256 545 350 149 723 174 474
0 7 3
837 730 569
0 19 12
570 157 796 693 634 205 206 116 639 572 593 520
0 4 19
598 552 680 908 951 126 905 480 944 59 840 207 230 337 316 19 997 595 146
0 5 18
281 977 783 203 353 750 887 491 818 586 35 640 140 388 988 518 66 17
0 19 9
105 856 609 979 804 311 885 936 61
0 12 4
662 509 428 26
0 15 5
291 630 212 332 220
0 9 19
931 64 175 894 785 644 828 344 689 387 144 616 788 168 145 904 915 251 527
0 1 4
945 430 418 896
0 13 2
852 263
0 9 19
16 862 484 84 638 670 53 454 91 45 792 252 536 137 224 89 809 326 532
0 7 6
309 708 589 776 267 720
0 15 2
441 858
0 7 5
462 46 956 239 100
0 11 11
736 436 2 108 1 0 561 254 512 752 241
0 11 13
831 682 476 782 993 468 636 921 276 789 958 976 328
0 19 2
118 13
0 16 5
221 742 946 656 867
1 17 2
3 836
1 29 1
4
1 20 3
5 219 403
1 23 1
6
1 35 1
7
1 27 1
10
1 24 2
11 803
1 37 2
12 899
1 18 3
14 449 573
1 8 1
18
1 9 1
20
1 10 2
22 668
1 9 2
23 588
1 20 1
24
1 23 3
25 364 376
1 21 2
27 272
1 20 3
30 333 987
1 15 1
32
1 32 1
33
1 24 2
36 992
1 9 2
37 768
1 21 4
39 268 400 889
1 25 1
40
1 26 2
41 215
1 14 1
42
1 33 2
50 734
1 10 1
52
1 21 1
55
1 17 1
56
1 16 1
57
1 4 3
58 190 622
1 8 2
60 125
1 24 2
62 953
1 13 1
65
1 17 1
67
1 14 3
69 500 583
1 27 1
71
1 27 1
73
1 15 1
74
1 22 1
77
1 20 2
78 769
1 29 1
81
1 16 2
82 457
1 17 3
83 120 156
1 17 1
85
1 20 2
86 812
1 30 1
87
1 19 1
88
1 29 3
90 216 759
1 3 3
92 412 605
1 35 2
93 964
1 6 1
94
1 21 1
96
1 16 1
97
1 30 1
98
1 23 3
99 422 895
1 35 1
101
1 21 1
102
1 5 1
103
1 20 3
104 264 829
1 29 2
107 515
1 30 1
109
1 15 2
111 613
1 20 1
113
1 27 2
115 543
1 34 1
117
1 14 2
119 712
1 10 2
121 127
1 20 2
122 367
1 14 2
123 972
1 30 1
124
1 20 1
128
1 19 3
130 597 753
1 6 3
131 154 859
1 14 1
132
1 16 2
133 416
1 35 2
134 766
1 24 3
135 218 916
1 6 2
136 243
1 8 2
138 544
1 9 1
141
1 21 1
143
1 7 2
147 763
1 16 1
150
1 17 2
151 608
1 30 2
152 566
1 5 2
153 813
1 6 2
158 225
1 18 5
161 374 466 737 948
1 3 1
162
1 25 2
163 200
1 2 1
165
1 20 1
166
1 37 3
167 357 385
1 20 1
169
1 17 1
170
1 7 2
172 248
1 9 3
177 773 957
1 27 3
178 758 983
1 26 3
180 461 651
1 14 2
181 567
1 32 1
186
1 11 1
187
1 23 2
189 312
1 18 2
191 469
1 21 1
192
1 27 3
193 472 764
1 17 3
196 223 341
1 18 1
197
1 12 2
198 676
1 27 1
202
1 26 1
208
1 28 2
209 530
1 8 2
210 928
1 34 1
211
1 18 1
214
1 33 1
222
1 21 1
227
1 34 1
229
1 27 1
231
1 19 2
232 990
1 23 1
233
1 23 1
237
1 23 1
240
1 13 1
245
1 17 1
249
1 26 3
257 288 728
1 6 1
259
1 26 1
260
1 18 1
261
1 9 2
262 413
1 22 1
265
1 25 1
271
1 6 3
273 672 683
1 33 2
274 519
1 33 1
275
1 31 3
277 381 654
1 35 1
279
1 15 1
280
1 22 1
283
1 25 4
285 298 435 559
1 22 1
286
1 25 2
290 823
1 26 1
294
1 32 1
296
1 26 1
303
1 35 1
304
1 19 2
305 834
1 28 1
308
1 21 1
313
1 11 1
314
1 27 2
315 872
1 24 2
317 345
1 11 1
318
1 21 2
320 577
1 28 3
323 338 811
1 11 2
324 502
1 6 1
330
1 23 1
334
1 36 1
339
1 9 1
342
1 5 1
343
1 15 1
346
1 10 1
347
1 25 2
355 772
1 18 1
356
1 20 1
358
1 11 2
359 406
1 19 1
360
1 22 1
361
1 15 1
362
1 13 2
363 770
1 18 1
366
1 26 1
371
1 24 1
372
1 22 1
373
1 18 1
375
1 22 2
377 914
1 6 1
378
1 29 1
379
1 28 1
380
1 23 1
382
1 19 2
383 824
1 17 1
386
1 21 1
392
1 21 1
393
1 16 1
394
1 9 1
395
1 8 4
396 890 902 917
1 19 2
398 746
1 35 1
402
1 17 2
407 883
1 10 1
408
1 12 3
409 504 919
1 17 1
410
1 36 1
414
1 18 1
415
1 13 1
417
1 24 1
420
1 12 1
421
1 21 1
423
1 17 3
424 489 751
1 26 1
425
1 35 1
426
1 38 1
427
1 16 2
429 933
1 23 1
431
1 24 1
432
1 22 1
433
1 16 1
434
1 16 1
437
1 35 1
440
1 6 1
443
1 18 2
444 665
1 11 2
445 969
1 25 2
447 863
1 13 1
450
1 20 2
451 817
1 19 2
452 795
1 32 1
455
1 12 1
458
1 34 1
459
1 32 1
460
1 14 1
463
1 8 1
465
1 22 3
467 584 585
1 14 2
473 525
1 23 1
475
1 21 1
478
1 24 1
479
1 24 1
481
1 7 1
482
1 10 1
483
1 34 2
488 798
1 15 2
492 971
1 18 1
495
1 20 1
496
1 10 1
497
1 16 1
498
1 31 1
501
1 30 2
503 699
1 11 1
505
1 9 1
506
1 7 1
511
1 22 2
513 692
1 21 1
516
1 5 1
522
1 13 1
523
1 23 2
524 877
1 21 1
526
1 35 1
528
1 12 1
529
1 19 1
531
1 32 1
533
1 36 1
534
1 34 1
537
1 24 1
542
1 32 1
546
1 8 1
547
1 6 1
548
1 23 1
549
1 6 1
550
1 34 1
551
1 8 1
554
1 9 1
556
1 24 1
558
1 9 1
560
1 18 1
563
1 37 2
564 962
1 30 2
565 793
1 19 1
568
1 23 1
571
1 6 2
574 898
1 17 1
576
1 33 1
578
1 36 1
579
1 18 2
580 637
1 8 1
581
1 30 1
587
1 6 1
590
1 33 1
591
1 24 1
592
1 33 1
600
1 29 1
601
1 22 2
602 718
1 26 1
603
1 10 1
604
1 32 1
606
1 5 1
610
1 35 1
612
1 21 2
617 762
1 26 1
619
1 21 1
620
1 28 1
621
1 6 2
623 864
1 15 1
624
1 36 1
625
1 20 1
626
1 27 1
628
1 18 1
631
1 23 1
632
1 26 1
642
1 25 2
643 663
1 27 1
645
1 37 2
646 866
1 20 2
647 738
1 19 1
648
1 9 1
649
1 28 1
652
1 14 1
657
1 29 1
658
1 28 2
659 700
1 26 1
660
1 18 1
664
1 14 1
666
1 12 1
671
1 18 1
673
1 20 1
674
1 34 1
675
1 23 1
677
1 13 2
678 691
1 12 1
679
1 28 1
681
1 12 1
684
1 20 1
685
1 33 1
686
1 33 1
687
1 18 2
694 942
1 8 1
697
1 26 1
698
1 18 2
701 816
1 29 1
704
1 21 2
705 907
1 19 1
706
1 21 1
707
1 17 1
709
1 35 1
710
1 28 1
713
1 20 2
714 786
1 29 1
716
1 32 1
717
1 30 1
719
1 22 1
722
1 6 1
724
1 28 1
725
1 19 1
726
1 22 2
733 996
1 18 1
735
1 36 2
741 966
1 27 1
743
1 29 1
744
1 21 1
755
1 30 3
756 868 878
1 3 1
761
1 16 1
765
1 13 1
774
1 23 1
775
1 24 1
777
1 21 1
778
1 21 1
779
1 17 1
780
1 22 1
784
1 15 1
794
1 21 1
799
1 17 2
805 861
1 21 1
806
1 22 1
808
1 20 1
810
1 15 1
814
1 16 1
819
1 24 1
821
1 23 1
826
1 21 1
827
1 35 1
832
1 11 1
833
1 36 1
835
1 30 1
838
1 33 1
839
1 16 1
841
1 14 1
843
1 16 1
844
1 24 2
845 939
1 18 1
846
1 17 1
847
1 3 1
848
1 21 1
849
1 2 1
853
1 3 1
857
1 27 1
860
1 9 1
865
1 17 1
873
1 25 1
875
1 18 1
881
1 39 1
886
1 11 1
891
1 24 1
897
1 12 1
900
1 25 1
901
1 14 1
909
1 16 1
910
1 32 1
912
1 8 1
920
1 11 1
922
1 31 1
923
1 25 1
924
1 8 1
926
1 6 1
929
1 2 1
932
1 15 1
934
1 23 1
938
1 31 1
947
1 17 1
949
1 25 1
950
1 16 1
952
1 25 1
955
1 26 1
959
1 23 1
961
1 20 1
967
1 9 1
973
1 3 1
980
1 12 1
981
1 20 1
984
1 12 1
998
