300 186 465 20
23 10 18 12 15 25 28 2 14 21 30 2 5 22 5 27 15 24 8 12 6 13 29 25 23 2 17 19 22 7 14 25 26 6 21 24 8 13 2 2 2 7 5 17 18 8 6 9 30 26 6 24 6 12 15 7 3 8 13 7 5 10 17 13 10 2 28 11 26 5 22 24 30 14 25 17 24 10 2 26 14 21 24 1 22 14 11 12 10 14 7 1 27 17 20 1 20 30 14 19 10 30 4 22 7 8 27 1 12 5 23 11 10 25 15 21 24 28 28 23 28 18 10 2 18 13 26 21 27 6 26 7 22 23 20 1 1 17 25 8 12 28 14 14 28 22 9 6 11 8 1 19 5 7 23 20 6 5 11 2 21 6 26 21 5 4 2 22 19 21 19 15 28 22 8 28 13 17 7 10 27 4 2 27 8 12 29 18 8 5 28 24 23 6 8 26 11 11 3 16 7 4 12 5 21 23 10 10 6 9 19 28 30 29 16 18 30 9 6 18 23 3 27 24 3 22 10 7 27 19 14 23 29 23 27 28 15 11 6 18 10 23 30 27 14 7 18 6 30 27 7 27 24 2 6 27 25 29 10 16 28 30 15 17 13 7 20 15 15 3 28 18 27 14 28 19 5 19 16 30 26 8 15 30 19 1 13 20 16 29 29 6 29 28 4 14 13 27 2 30
15 7 30 29 24 4 17 19 8 9 25 15 16 3 11 15 16 15 27 2 23 22 14 1 30 25 23 14 16 24 12 13 1 5 29 10 17 29 8 3 19 23 26 22 24 23 13 5 11 26 6 7 13 18 29 28 27 16 21 17 25 25 1 18 8 9 4 21 2 30 19 25 4 27 17 28 16 26 18 21 2 27 14 20 14 25 18 20 29 24 2 28 10 22 23 18 19 29 25 14 30 28 22 11 2 1 12 7 28 25 24 18 5 21 26 6 21 1 9 30 11 7 10 16 2 27 23 7 29 30 10 14 2 13 9 3 25 13 5 7 4 14 17 23 9 2 25 26 3 13 21 26 15 24 16 19 1 19 22 17 17 27 14 17 16 22 23 20 14 4 9 7 13 18 17 18 4 22 4 7 26 23 22 27 4 11 11 24 5 1 12 6 16 24 4 25 26 13 18 27 1 16 17 7 18 21 23 23 15 1 21 28 24 3 23 23 7 17 6 25 4 13 30 2 10 4 10 28 27 28 8 26 20 2 20 4 28 23 4 18 11 7 12 17 10 19 16 30 19 23 4 10 24 15 23 26 15 27 22 8 9 8 15 4 14 6 22 17 10 28 5 26 20 9 8 8 24 4 30 24 23 1 18 6 8 2 6 19 21 18 5 27 15 16 17 17 10 13 7 11
0 13 2
142 158
0 16 5
1 211 164 130 85
0 19 5
126 86 218 102 223
0 13 4
8 7 58 146
0 10 2
22 10
0 3 1
167
0 2 3
297 261 192
0 3 4
43 116 125 177
0 20 2
148 147
0 20 6
107 175 253 135 173 118
0 19 6
213 251 226 156 205 97
0 12 3
285 17 206
0 8 5
12 248 217 106 290
0 12 4
141 266 34 219
0 7 5
131 66 221 275 89
0 15 6
215 112 241 201 262 281
0 18 3
187 222 194
0 20 1
278
0 16 2
232 256
0 10 2
161 239
0 15 4
121 189 254 190
0 10 1
48
0 9 3
191 267 228
0 2 3
16 176 132
0 14 8
288 87 52 137 289 104 153 19
0 8 5
88 39 93 207 103
0 3 4
180 55 101 227
0 3 7
113 252 296 73 159 50 157
0 5 3
273 127 257
0 12 4
160 53 276 129
0 17 6
154 81 57 84 31 188
0 2 2
77 35
0 9 3
92 133 260
0 10 7
21 283 287 214 231 202 14
1 16 2
0 98
1 31 3
2 4 237
1 28 1
3
1 28 2
5 20
1 32 1
6
1 19 1
9
1 23 1
11
1 16 1
13
1 27 1
15
1 28 2
18 230
1 21 1
23
1 26 1
24
1 12 1
25
1 22 1
26
1 26 1
27
1 19 1
28
1 26 1
29
1 19 1
30
1 32 2
32 293
1 15 1
33
1 21 1
36
1 11 1
37
1 24 1
38
1 18 1
40
1 25 1
41
1 19 1
42
1 31 1
44
1 35 1
45
1 25 1
46
1 23 1
47
1 30 1
49
1 14 1
51
1 22 1
54
1 22 1
56
1 26 1
59
1 8 1
60
1 25 1
61
1 12 1
62
1 23 1
63
1 18 1
64
1 7 1
65
1 25 1
67
1 23 3
68 166 197
1 17 2
69 271
1 22 1
70
1 25 1
71
1 30 2
72 244
1 12 1
74
1 8 2
75 298
1 7 1
76
1 6 1
78
1 13 2
79 284
1 15 1
80
1 18 1
82
1 29 1
83
1 12 1
90
1 21 1
91
1 18 1
94
1 5 1
95
1 39 1
96
1 14 1
99
1 18 1
100
1 5 1
105
1 13 1
108
1 22 1
109
1 22 1
110
1 16 1
111
1 12 1
114
1 26 1
115
1 20 1
117
1 22 1
119
1 10 1
120
1 15 2
122 139
1 16 1
123
1 10 2
124 247
1 27 1
128
1 35 1
134
1 13 1
136
1 16 1
138
1 24 1
140
1 21 2
143 292
1 18 1
144
1 27 1
145
1 9 1
149
1 12 2
150 196
1 27 1
151
1 34 1
152
1 26 1
155
1 34 1
162
1 22 2
163 229
1 15 1
165
1 11 1
168
1 19 1
169
1 19 1
170
1 20 1
171
1 22 1
172
1 26 1
174
1 19 1
178
1 33 1
179
1 26 1
181
1 32 1
182
1 22 1
183
1 17 1
184
1 28 1
185
1 23 1
186
1 23 1
193
1 15 1
195
1 23 1
198
1 13 1
199
1 22 1
200
1 15 1
203
1 34 1
204
1 21 1
208
1 13 1
209
1 27 1
210
1 37 1
212
1 32 1
216
1 21 1
220
1 17 1
224
1 20 1
225
1 20 1
233
1 10 1
234
1 19 1
235
1 26 1
236
1 22 1
238
1 33 1
240
1 17 1
242
1 12 1
243
1 32 1
245
1 27 1
246
1 26 1
249
1 31 1
250
1 35 1
255
1 38 1
258
1 24 1
259
1 20 1
263
1 24 1
264
1 15 1
265
1 22 1
268
1 30 1
269
1 5 1
270
1 5 1
272
1 22 1
274
1 30 1
277
1 15 1
279
1 22 1
280
1 25 1
282
1 27 1
286
1 30 1
291
1 28 1
294
1 40 1
295
1 32 1
299
