300 192 465 20
30 22 13 2 23 20 13 16 9 14 15 2 2 16 26 18 21 24 11 17 25 17 25 5 20 23 7 20 21 5 5 30 28 14 5 10 11 30 17 20 1 9 4 5 3 27 7 30 9 25 17 6 15 9 20 13 3 21 11 6 11 1 10 1 14 4 30 8 9 8 20 22 15 2 25 29 19 5 25 20 17 3 17 15 27 14 29 12 8 11 15 23 6 6 25 22 5 17 20 26 3 7 15 6 21 1 22 14 16 3 17 19 2 12 12 3 7 5 5 18 28 13 5 21 19 11 26 24 21 16 9 12 20 7 24 19 14 15 18 26 20 5 24 20 23 1 19 30 22 17 19 29 28 7 12 25 12 24 23 17 9 24 15 23 21 30 9 27 12 18 2 11 6 12 24 30 28 13 8 4 25 28 1 11 21 12 16 22 4 3 26 29 11 27 3 13 6 26 4 10 17 13 20 26 4 18 25 17 26 30 7 11 22 4 26 9 14 27 3 17 14 17 11 6 1 9 25 13 23 11 5 6 4 17 12 11 29 4 21 24 14 7 15 5 11 3 28 7 13 23 3 8 19 1 5 24 10 25 4 4 6 29 27 29 27 29 26 1 1 2 22 20 20 22 23 18 12 25 20 30 20 20 8 2 1 24 3 2 28 16 1 28 2 21 23 13 26 26 20 22
2 28 27 12 13 22 28 18 29 9 24 13 9 11 6 10 26 26 17 13 19 5 22 29 26 14 14 8 6 2 13 4 18 12 20 16 21 18 17 4 16 12 26 15 5 11 30 17 30 1 16 22 25 10 3 14 23 7 6 7 21 11 8 17 19 18 3 19 12 4 25 23 3 13 14 21 21 18 20 1 16 23 8 28 18 29 8 16 11 26 18 14 13 30 12 8 27 2 24 1 14 16 18 10 9 17 26 21 26 23 26 17 29 14 15 27 3 26 24 19 25 11 11 15 9 27 30 10 21 4 22 28 12 6 20 27 6 16 24 18 15 29 17 1 17 26 4 30 25 3 14 5 24 28 19 19 3 26 9 14 18 27 22 1 11 25 12 30 16 20 12 21 16 20 6 15 13 12 22 20 7 24 28 5 2 28 17 16 11 21 30 1 27 2 4 12 24 3 18 3 18 24 12 23 2 8 17 27 27 28 3 8 17 12 24 24 21 15 15 3 21 1 5 22 11 1 13 22 13 20 26 6 8 28 25 26 30 25 3 8 3 17 16 20 16 12 1 29 28 8 18 17 4 16 26 9 3 8 15 20 7 1 24 18 27 26 27 26 21 27 30 30 11 21 3 21 8 13 11 20 6 4 26 10 11 10 5 10 2 5 13 24 9 13 20 28 4 3 9 13
0 3 2
237 223
0 13 2
55 127
0 8 2
191 67
0 5 2
116 195
0 20 2
139 245
0 8 4
159 269 17 14
0 2 1
42
0 1 1
107
0 8 6
165 252 250 105 36 90
0 18 8
217 72 56 158 180 141 155 247
0 19 1
277
0 10 6
110 254 284 211 268 152
0 4 5
176 108 114 224 193
0 16 1
156
0 11 1
12
0 10 6
296 50 86 130 274 160
0 2 6
157 137 41 153 132 232
0 13 6
27 71 235 149 231 37
0 1 4
299 28 228 278
0 5 2
20 104
0 3 5
142 164 276 60 279
0 10 4
2 1 209 283
0 2 6
290 57 49 96 4 144
0 19 5
43 23 221 298 288
0 17 4
70 201 244 175
0 10 4
286 242 131 19
0 8 2
38 45
0 6 5
239 210 186 230 171
0 9 4
280 18 225 297
0 15 1
79
0 1 2
270 214
0 9 3
30 194 143
0 13 2
16 183
0 20 3
48 26 59
0 11 4
219 92 154 13
1 10 1
0
1 11 2
3 262
1 3 1
5
1 21 1
6
1 26 2
7 185
1 15 1
8
1 36 1
9
1 23 1
10
1 27 1
11
1 30 1
15
1 37 1
21
1 11 1
22
1 29 2
24 179
1 11 1
25
1 12 1
29
1 28 1
31
1 16 1
32
1 4 1
33
1 29 2
34 246
1 19 1
35
1 4 2
39 163
1 25 2
40 133
1 14 2
44 62
1 10 2
46 124
1 23 1
47
1 4 2
51 135
1 19 1
52
1 10 1
53
1 9 2
54 115
1 10 2
58 264
1 10 1
61
1 25 1
63
1 37 1
64
1 27 2
65 229
1 35 1
66
1 23 1
68
1 19 1
69
1 28 1
73
1 13 1
74
1 26 1
75
1 20 3
76 77 82
1 15 1
78
1 10 1
80
1 24 1
81
1 23 1
83
1 21 1
84
1 9 2
85 168
1 30 1
87
1 34 1
88
1 19 1
89
1 10 1
91
1 23 1
93
1 21 1
94
1 30 1
95
1 18 2
97 294
1 22 1
98
1 11 1
99
1 12 1
100
1 34 1
101
1 20 1
102
1 24 1
103
1 20 2
106 109
1 4 1
111
1 14 1
112
1 30 1
113
1 26 1
117
1 14 1
118
1 28 1
119
1 21 1
120
1 17 1
121
1 6 1
122
1 17 1
123
1 37 1
125
1 18 1
126
1 12 1
128
1 17 1
129
1 14 2
134 292
1 12 1
136
1 14 1
138
1 31 1
140
1 27 1
145
1 26 1
146
1 17 1
147
1 33 1
148
1 10 1
150
1 11 1
151
1 14 1
161
1 24 1
162
1 15 1
166
1 29 1
167
1 28 1
169
1 11 1
170
1 33 1
172
1 13 1
173
1 20 1
174
1 18 1
177
1 11 1
178
1 11 1
181
1 14 2
182 260
1 37 1
184
1 12 1
187
1 14 1
188
1 11 1
189
1 18 1
190
1 10 2
192 285
1 31 1
196
1 12 1
197
1 10 1
198
1 15 1
199
1 19 1
200
1 25 1
202
1 29 1
203
1 34 1
204
1 19 2
205 253
1 16 1
206
1 18 1
207
1 4 1
208
1 29 1
212
1 21 1
213
1 26 1
215
1 22 1
216
1 18 1
218
1 25 1
220
1 19 1
222
1 26 1
226
1 29 1
227
1 19 1
233
1 30 1
234
1 26 1
236
1 13 1
238
1 16 1
240
1 13 1
241
1 21 1
243
1 24 1
248
1 18 1
249
1 17 1
251
1 4 1
255
1 8 1
256
1 32 1
257
1 2 1
258
1 18 1
259
1 12 1
261
1 12 1
263
1 23 1
265
1 14 1
266
1 15 1
267
1 11 1
271
1 37 1
272
1 21 1
273
1 35 1
275
1 38 1
281
1 28 1
282
1 28 1
287
1 7 1
289
1 33 1
291
1 18 1
293
1 11 1
295
