800 363 1240 18
19 19 12 5 14 5 11 15 30 30 22 25 24 1 6 19 24 19 25 6 28 24 20 3 2 28 6 6 2 30 17 9 15 28 24 5 15 18 8 24 4 26 6 10 20 24 29 5 18 28 25 7 19 9 20 18 24 27 13 8 24 18 20 4 24 7 3 7 23 11 9 14 3 16 10 19 19 27 17 3 29 21 19 16 19 12 7 6 3 25 3 9 27 11 11 11 29 21 15 11 6 13 3 21 24 12 26 18 27 6 11 6 3 25 18 18 14 22 15 23 7 11 13 30 13 1 5 9 27 20 21 28 21 3 25 22 14 4 8 17 15 2 28 28 6 6 6 24 22 8 8 22 21 17 20 19 5 4 15 3 27 27 24 30 13 6 6 4 13 28 6 28 16 2 1 16 27 2 15 27 3 28 19 19 8 22 19 1 20 4 30 20 9 17 5 23 14 30 12 19 13 3 5 4 2 22 21 21 24 16 7 18 29 16 22 21 28 12 11 23 6 9 17 8 27 26 1 10 14 20 16 29 6 10 8 23 18 26 1 13 13 12 25 9 7 26 22 10 5 29 25 21 3 24 17 12 11 1 13 15 29 26 13 21 24 5 18 6 25 16 13 21 14 23 4 24 21 17 14 6 10 22 9 2 26 7 4 18 13 14 12 28 25 19 11 23 11 13 13 4 4 23 25 19 5 18 27 29 28 30 16 24 28 12 8 10 10 29 14 24 8 8 16 18 25 19 11 18 12 10 16 16 16 30 23 12 27 30 28 15 16 24 8 2 17 26 1 13 8 16 17 20 4 9 19 25 29 4 20 9 23 30 22 23 9 7 13 5 22 7 26 6 11 12 5 11 30 2 1 3 16 10 12 20 30 10 15 12 27 26 20 3 22 16 20 3 4 23 17 20 9 13 16 19 4 5 18 6 10 13 11 5 17 9 14 29 28 25 21 5 16 2 21 4 27 7 26 24 1 24 18 1 22 10 28 12 18 4 21 16 1 14 8 6 25 1 25 20 19 21 22 15 14 2 24 23 26 15 2 7 2 17 19 12 17 2 20 21 26 16 12 12 12 16 23 3 10 10 25 29 10 3 6 9 30 27 9 17 24 17 8 8 7 11 26 19 24 6 22 22 11 27 17 1 15 29 18 11 16 25 21 27 24 6 28 10 11 20 11 16 2 19 5 15 29 2 7 9 23 21 12 13 6 30 9 5 21 17 20 16 8 8 28 23 2 20 19 26 30 5 7 14 5 26 29 21 27 27 13 1 4 8 18 12 26 23 21 1 12 12 23 10 14 30 29 6 7 14 11 24 29 30 21 18 20 13 12 13 1 22 13 5 23 1 13 4 19 23 12 7 16 3 23 25 18 15 15 21 10 3 18 18 17 4 16 3 9 6 5 11 21 25 27 25 18 12 2 10 2 2 13 17 23 18 2 3 5 30 19 25 17 8 18 9 23 3 4 1 1 7 19 20 29 13 11 3 6 21 23 19 6 19 21 19 28 9 15 15 30 10 22 18 13 13 7 13 28 3 7 5 22 12 20 1 21 29 19 20 10 20 13 4 5 14 20 12 20 18 16 28 28 22 28 1 26 28 6 10 3 29 22 19 5 15 2 28 1 2 9 27 14 20 3 13 4 13 6 16 6 3 16 24 26 21 18 7 5 13 16 30 27 23 27 16 24 22 12 12 29 22 30 6 1 2 19 13 15 27 25 21 16 10 25 1 22 21 3 5 29 23 4 27 24 25 9 9 23 4 6 25 29 6 23 16 9 25 17 3 30 21 8 9 26 21 19 18 3 4 19 11
3 7 24 18 12 19 30 19 3 20 26 17 25 22 9 25 9 28 14 25 29 2 2 14 17 3 13 14 8 19 22 23 27 25 27 15 5 3 18 4 11 19 22 13 6 26 26 16 2 10 1 24 8 15 28 23 16 25 13 1 18 7 3 15 18 18 21 18 1 28 22 4 18 13 24 15 19 3 15 12 26 16 8 12 8 13 25 27 22 24 22 30 23 6 7 14 9 28 22 28 29 28 26 21 6 29 29 15 24 29 10 15 14 27 22 27 20 17 28 23 17 30 2 9 17 24 13 21 16 15 29 14 10 9 1 1 27 15 17 6 23 4 4 28 18 22 8 27 7 27 27 29 9 11 26 27 28 21 20 29 9 30 28 26 15 3 9 1 8 15 27 10 4 24 17 10 22 15 10 19 14 23 8 19 16 11 3 23 14 29 2 27 22 22 16 5 3 26 5 18 22 30 26 2 25 23 13 12 7 1 7 25 20 13 22 8 1 5 15 29 14 17 3 5 22 11 9 23 13 8 30 15 17 26 5 25 23 1 22 24 16 14 2 6 11 16 8 21 9 20 19 5 11 20 26 3 20 21 23 15 14 3 27 26 4 6 13 9 5 28 25 26 3 15 11 11 25 27 19 16 21 27 30 21 26 26 15 15 8 29 25 6 20 14 24 19 7 29 8 12 19 17 30 28 26 18 4 14 30 9 24 24 10 25 13 4 13 10 1 8 26 8 28 5 4 8 6 10 12 12 30 5 20 10 17 11 29 1 25 2 9 16 3 22 20 4 13 13 1 29 21 4 23 15 7 14 18 28 15 19 14 28 20 26 2 23 10 27 11 24 23 22 8 24 18 23 13 19 2 2 11 17 30 26 30 11 18 25 1 8 17 22 12 2 3 26 14 6 17 26 7 17 12 15 13 8 1 7 14 18 9 11 27 15 6 17 28 9 5 9 23 11 12 21 23 17 1 20 26 27 13 7 29 3 3 11 15 20 22 26 18 10 16 15 4 16 28 26 29 5 27 16 21 13 19 25 15 12 17 9 2 21 19 21 16 15 1 6 30 17 1 25 4 24 27 10 30 6 10 17 12 29 11 24 23 16 25 4 5 6 5 24 6 6 23 25 25 8 6 8 4 25 3 29 3 9 13 16 18 6 25 19 23 22 13 3 30 7 9 10 7 26 9 25 17 20 19 5 13 25 3 21 23 24 24 8 17 2 3 27 4 24 14 24 10 23 8 16 12 14 24 18 8 3 11 20 23 17 9 1 16 23 12 13 3 28 14 29 2 26 22 30 26 1 30 1 28 7 4 7 19 19 5 16 6 3 29 30 12 10 9 23 16 5 14 18 8 18 27 24 2 14 4 10 22 8 15 4 22 9 9 6 15 2 8 11 9 2 13 9 23 20 8 26 9 30 21 22 2 30 7 21 3 18 18 29 28 27 8 12 29 15 17 17 13 19 17 1 16 18 16 23 8 24 28 13 15 14 4 16 6 1 1 20 26 5 27 10 12 14 28 28 1 21 8 9 17 24 29 7 14 13 17 22 23 3 7 13 25 25 11 9 30 21 2 25 2 27 2 21 14 6 15 27 21 11 16 9 25 26 5 18 28 20 20 22 22 8 6 26 23 1 7 30 27 23 12 20 9 12 27 17 23 9 13 21 3 9 11 19 6 14 10 12 14 20 3 21 12 17 17 16 23 17 22 6 25 6 12 4 25 6 30 16 24 8 2 28 16 25 27 7 22 4 4 27 13 1 11 24 25 15 15 4 13 1 1 8 14 1 19 8 22 15 4 15 11 13 8 27
0 2 9
667 638 672 302 696 382 795 617 512
0 18 13
632 610 373 178 454 149 245 272 500 733 708 402 6
0 16 12
267 188 700 221 450 746 37 179 229 139 439 5
0 8 10
581 547 615 469 578 598 268 397 545 28
0 13 7
695 122 71 370 208 490 447
0 8 6
717 718 231 670 239 685
0 20 8
657 68 405 125 30 88 15 206
0 5 7
737 358 197 731 766 488 404
0 2 7
713 603 389 635 415 712 732
0 4 10
75 642 151 792 575 584 597 622 715 162
0 11 9
392 31 351 215 146 759 372 236 579
0 15 9
601 459 527 98 772 794 25 247 525
0 7 10
207 95 63 297 143 169 11 164 361 750
0 5 9
633 495 9 366 669 624 491 798 22
0 18 16
67 594 406 697 688 185 556 478 110 92 353 155 120 327 648 467
0 7 14
14 464 645 526 413 91 4 752 793 555 51 375 605 292
0 4 4
763 8 342 586
0 4 15
13 505 129 314 761 742 41 466 116 277 729 498 26 222 210
0 15 11
303 796 136 573 269 112 260 57 73 711 476
0 14 20
689 767 111 388 651 89 460 754 403 650 285 448 87 473 64 479 194 587 641 225
0 9 2
591 719
0 4 2
117 72
0 8 4
141 655 501 692
0 14 3
449 727 787
0 3 16
684 487 264 319 257 325 704 608 543 693 331 484 625 378 211 291
0 11 5
308 440 256 377 707
0 20 14
85 142 79 560 494 629 588 33 664 16 344 462 334 506
0 7 1
19
0 13 3
123 694 161
0 18 15
244 386 253 702 313 346 171 304 248 275 99 363 328 428 433
0 7 7
623 770 383 56 183 145 705
0 13 17
721 502 564 710 159 205 740 323 100 243 80 589 82 186 345 27 301
0 20 1
779
0 7 12
762 43 77 265 227 187 576 652 55 599 115 157
0 9 13
582 658 46 510 237 203 503 627 539 62 190 135 150
0 4 2
271 660
1 17 2
0 533
1 22 3
1 106 394
1 6 5
2 163 213 458 532
1 25 3
3 636 653
1 22 2
7 214
1 23 1
10
1 15 1
12
1 11 1
17
1 36 2
18 730
1 7 1
20
1 15 1
21
1 9 1
23
1 19 5
24 134 233 513 646
1 17 1
29
1 22 1
32
1 8 2
34 437
1 11 1
35
1 12 2
36 508
1 38 1
38
1 24 3
39 496 643
1 24 2
40 154
1 22 1
42
1 14 3
44 380 678
1 13 2
45 756
1 17 2
47 751
1 12 1
48
1 15 3
49 577 600
1 35 1
50
1 24 1
52
1 17 3
53 423 452
1 27 4
54 263 574 662
1 9 1
58
1 18 1
59
1 9 2
60 520
1 15 1
61
1 18 1
65
1 13 4
66 74 294 442
1 17 1
69
1 6 1
70
1 11 2
76 548
1 16 1
78
1 12 2
81 797
1 26 2
83 681
1 18 2
84 341
1 25 1
86
1 8 1
90
1 13 3
93 421 571
1 27 4
94 147 317 324
1 33 2
96 289
1 20 1
97
1 6 2
101 310
1 30 1
102
1 22 1
103
1 24 1
104
1 24 2
105 683
1 14 2
107 637
1 29 1
108
1 13 2
109 534
1 18 1
113
1 12 1
114
1 24 2
118 241
1 27 4
119 201 280 332
1 15 1
121
1 17 2
124 612
1 6 1
126
1 8 2
127 416
1 22 2
128 287
1 11 2
130 724
1 20 2
131 407
1 26 2
132 340
1 20 1
133
1 7 3
137 252 701
1 9 1
138
1 17 2
140 728
1 20 1
144
1 20 2
148 326
1 16 1
152
1 25 1
153
1 16 2
156 480
1 11 2
158 784
1 24 3
160 538 613
1 27 4
165 357 580 682
1 27 1
166
1 25 1
167
1 23 2
168 232
1 25 3
170 192 419
1 29 1
172
1 28 2
173 195
1 20 1
174
1 17 3
175 348 465
1 29 1
176
1 20 1
177
1 34 1
180
1 10 1
181
1 13 1
182
1 27 1
184
1 22 1
189
1 18 3
191 471 521
1 31 1
193
1 20 1
196
1 23 1
198
1 17 2
199 426
1 7 1
200
1 21 1
202
1 35 2
204 486
1 25 1
209
1 13 1
212
1 40 1
216
1 31 2
217 661
1 17 1
218
1 38 3
219 619 690
1 12 1
220
1 10 2
223 722
1 26 2
224 788
1 22 1
226
1 20 1
228
1 16 1
230
1 18 2
234 481
1 17 1
235
1 33 2
238 703
1 6 3
240 463 769
1 15 2
242 362
1 23 1
246
1 13 1
249
1 24 2
250 668
1 14 1
251
1 38 2
254 723
1 25 2
255 431
1 28 2
258 639
1 15 1
259
1 27 2
261 347
1 22 1
262
1 18 2
266 283
1 18 1
270
1 26 1
273
1 12 1
274
1 21 2
276 395
1 9 2
278 563
1 27 1
279
1 27 1
281
1 25 3
282 504 515
1 24 1
284
1 15 2
286 371
1 25 4
288 524 634 716
1 10 1
290
1 23 1
293
1 19 1
295
1 22 2
296 482
1 21 2
298 535
1 20 2
299 554
1 8 1
300
1 6 2
305 424
1 18 2
306 726
1 16 1
307
1 15 3
309 451 743
1 9 1
311
1 17 1
312
1 19 2
315 522
1 23 1
316
1 21 2
318 777
1 15 1
320
1 21 1
321
1 23 1
322
1 12 1
329
1 26 1
330
1 22 1
333
1 12 1
335
1 8 2
336 744
1 11 2
337 514
1 24 2
338 570
1 16 1
339
1 26 1
343
1 19 2
349 607
1 19 3
350 376 593
1 33 1
352
1 25 1
354
1 23 1
355
1 27 1
356
1 31 1
359
1 29 2
360 663
1 15 1
364
1 29 1
365
1 15 1
367
1 27 1
368
1 25 1
369
1 13 1
374
1 21 2
379 654
1 20 1
381
1 28 1
384
1 27 1
385
1 16 1
387
1 20 1
390
1 13 2
391 709
1 16 2
393 497
1 27 2
396 562
1 22 2
398 620
1 29 1
399
1 13 1
400
1 10 1
401
1 7 2
408 747
1 28 1
409
1 23 1
410
1 18 1
411
1 23 1
412
1 23 1
414
1 23 1
417
1 21 2
418 546
1 16 3
420 435 472
1 27 3
422 438 509
1 7 1
425
1 23 1
427
1 20 1
429
1 38 1
430
1 11 2
432 649
1 22 1
434
1 7 1
436
1 22 3
441 523 757
1 16 1
443
1 25 2
444 698
1 9 1
445
1 33 2
446 738
1 31 1
453
1 16 2
455 567
1 18 2
456 489
1 12 1
457
1 20 1
461
1 27 1
468
1 24 1
470
1 21 1
474
1 25 1
475
1 11 1
477
1 10 1
483
1 24 1
485
1 20 1
492
1 19 2
493 517
1 18 1
499
1 36 1
507
1 11 1
511
1 13 1
516
1 31 1
518
1 27 1
519
1 14 1
528
1 38 1
529
1 12 1
530
1 20 1
531
1 32 1
536
1 20 1
537
1 11 1
540
1 15 4
541 542 745 749
1 15 1
544
1 9 1
549
1 27 2
550 618
1 14 1
551
1 21 1
552
1 21 2
553 590
1 22 1
557
1 20 1
558
1 25 1
559
1 18 3
561 585 680
1 19 1
565
1 12 1
566
1 38 2
568 656
1 8 1
569
1 16 1
572
1 16 1
583
1 22 1
592
1 24 1
595
1 31 1
596
1 29 1
602
1 11 1
604
1 15 1
606
1 11 1
609
1 9 1
611
1 7 2
614 768
1 28 1
616
1 27 1
621
1 12 2
626 739
1 15 1
628
1 18 1
630
1 22 1
631
1 18 1
640
1 16 1
644
1 20 1
647
1 18 1
659
1 27 1
665
1 19 1
666
1 35 2
671 720
1 20 1
673
1 13 1
674
1 4 1
675
1 25 1
676
1 18 1
677
1 20 1
679
1 9 1
686
1 20 1
687
1 26 1
691
1 32 1
699
1 32 1
706
1 27 1
714
1 23 1
725
1 36 1
734
1 25 1
735
1 33 1
736
1 25 1
741
1 36 1
748
1 7 1
753
1 22 1
755
1 12 1
758
1 15 1
760
1 26 1
764
1 40 1
765
1 12 1
771
1 25 1
773
1 22 1
774
1 6 1
775
1 31 1
776
1 25 1
778
1 24 1
780
1 29 1
781
1 16 1
782
1 27 1
783
1 21 1
785
1 27 1
786
1 12 1
789
1 19 1
790
1 31 1
791
1 29 1
799
