1000 438 1550 18
14 26 26 11 29 11 17 12 26 28 7 18 11 1 23 15 26 17 19 8 13 14 27 15 18 3 3 21 27 18 27 8 21 30 17 11 2 4 6 14 12 10 20 15 23 16 18 29 11 20 7 21 29 23 1 9 12 2 28 5 13 21 13 22 30 10 3 18 23 6 18 20 20 7 24 12 26 17 19 5 24 7 24 1 29 7 10 20 25 27 4 9 16 30 19 4 4 19 13 29 19 8 7 10 22 20 20 28 24 10 22 14 16 2 4 20 27 20 19 17 18 7 22 4 28 21 25 4 1 2 8 21 11 28 22 22 25 15 10 15 10 21 19 4 8 10 16 11 19 7 13 10 23 30 29 7 21 24 6 26 21 26 9 26 30 1 28 27 15 20 11 30 1 15 18 30 9 23 1 26 1 30 16 8 1 7 12 25 7 13 11 16 21 26 27 11 22 30 23 4 14 25 30 28 18 7 12 28 20 30 24 20 20 5 19 11 8 5 30 8 11 16 16 21 20 25 21 26 28 15 7 22 11 25 24 17 17 4 12 8 22 27 26 15 8 3 21 25 16 29 15 28 27 15 7 8 19 20 23 21 17 30 15 7 14 29 30 9 6 19 16 1 4 3 26 18 26 25 27 8 13 29 6 15 6 9 24 1 3 27 13 23 19 30 1 2 20 12 12 10 27 9 23 12 30 19 21 27 29 28 28 30 11 18 7 10 22 19 16 30 23 23 1 14 3 24 19 10 22 12 23 8 27 11 9 21 18 28 13 10 5 3 19 20 14 13 16 29 4 29 15 27 23 18 27 1 17 29 19 17 9 14 19 15 29 16 26 3 4 19 19 3 23 16 8 24 17 20 18 1 19 28 2 5 12 7 30 3 6 13 29 11 19 18 26 11 27 29 13 5 30 25 29 16 6 2 10 22 3 18 1 4 7 10 26 22 20 1 3 14 9 26 18 9 9 1 6 24 25 15 5 21 20 29 7 7 26 6 25 12 19 22 18 21 18 1 14 17 2 21 2 14 6 28 30 19 17 15 14 7 27 7 15 28 20 1 27 22 8 13 17 7 9 25 7 10 24 28 14 3 2 7 28 3 27 23 26 2 30 2 7 9 4 22 17 20 8 25 20 8 9 22 25 28 30 11 16 6 7 14 21 17 4 3 20 25 1 24 14 23 7 27 6 1 22 24 12 30 23 23 28 21 26 11 22 22 5 8 9 13 12 20 5 22 20 22 9 2 6 5 25 1 8 6 2 13 2 4 7 7 26 8 9 29 16 3 26 18 23 6 26 7 18 21 27 22 5 26 17 28 11 5 15 23 23 17 15 1 17 28 13 16 30 25 18 3 19 17 20 6 7 27 29 30 4 3 22 22 13 1 10 6 15 24 1 13 30 22 14 13 8 11 17 26 23 9 24 3 25 21 2 11 5 18 16 8 29 19 24 17 14 1 30 7 26 22 18 25 23 20 14 10 13 18 4 27 6 7 15 28 9 24 18 1 30 25 20 5 20 25 4 8 18 15 18 18 3 3 1 9 17 10 16 18 13 15 5 13 7 12 20 6 29 3 19 24 1 16 22 29 21 20 26 29 28 11 26 15 28 7 8 12 3 22 7 4 10 28 29 27 16 14 24 10 12 4 6 4 22 14 10 3 22 30 20 22 10 13 29 24 17 20 9 12 24 24 4 14 17 5 28 8 14 21 11 28 23 2 17 5 2 12 27 3 1 20 14 4 27 26 2 12 28 18 10 11 2 20 18 13 26 24 23 5 12 4 23 3 18 27 16 7 7 18 14 30 23 22 26 20 21 21 8 23 20 15 16 20 12 4 3 23 13 5 11 24 25 11 14 6 18 24 22 4 23 17 19 20 16 12 1 11 8 2 18 13 5 30 16 24 14 22 9 28 30 25 29 9 3 16 11 24 10 20 10 23 4 4 26 6 26 22 22 1 7 22 14 4 12 8 11 29 10 24 20 10 9 10 17 30 14 6 19 1 20 14 22 11 12 3 5 12 5 3 11 30 15 30 1 20 6 27 8 11 7 7 18 13 1 16 20 18 30 6 17 14 10 30 30 22 28 23 16 28 21 21 20 22 14 13 18 16 16 30 25 10 12 29 10 4 17 28 30 7 9 21 25 12 19 10 1 13 18 13 28 12 11 20 23 5 30 3 17 2 5 22 21 18 2 12 25 2 14 11 11 5 21 19 3 5 22 30 23 7 30 25 17 19 1 18 5 13 29 17 16 10 1 19 3 2
15 14 7 25 10 25 9 11 16 3 27 5 29 11 1 28 2 23 4 27 6 14 21 4 12 12 13 29 27 2 29 30 26 2 12 28 30 16 18 23 14 27 26 28 30 17 6 2 27 18 17 7 20 3 5 6 19 4 11 6 29 8 30 2 19 30 5 19 2 23 30 2 9 14 16 27 25 20 9 13 1 26 19 3 7 27 3 1 11 5 25 22 21 15 5 5 17 19 20 12 9 5 20 29 1 19 17 29 16 8 3 1 3 20 22 3 21 13 12 20 28 7 26 13 18 6 25 14 24 4 11 29 28 22 26 9 16 11 15 21 4 18 27 14 10 4 30 18 5 29 24 21 13 6 28 26 26 6 22 21 14 8 19 20 13 19 20 13 7 15 29 7 22 18 17 4 3 5 6 19 30 23 27 22 10 10 13 21 23 9 6 17 5 13 20 21 21 2 3 13 3 9 25 19 20 15 24 11 22 19 22 18 14 15 4 8 8 7 17 27 23 2 19 14 15 15 20 18 30 22 4 3 7 8 12 24 14 8 21 11 27 15 4 5 2 10 9 23 7 29 4 27 2 6 21 2 19 19 11 5 16 3 30 28 29 25 30 8 9 5 6 3 23 7 7 15 14 8 14 23 12 26 1 11 22 14 5 11 14 28 22 23 13 20 3 18 22 27 1 22 2 7 14 15 29 29 14 24 8 16 30 3 18 3 16 22 23 6 19 7 26 17 12 10 13 18 23 20 18 3 17 12 11 27 14 13 22 30 4 10 25 27 25 29 21 11 4 8 25 4 6 27 12 14 30 7 29 8 18 17 3 13 29 4 11 6 25 16 14 12 18 16 16 19 26 26 25 23 2 5 15 15 30 14 20 8 1 11 17 13 6 3 22 21 18 6 6 12 17 9 11 6 29 12 9 23 11 24 3 25 28 22 3 7 21 7 13 11 23 2 7 28 29 1 19 15 2 27 4 30 16 19 15 30 3 1 19 13 30 3 12 30 25 13 7 1 7 6 3 24 22 18 6 23 23 1 20 4 25 6 3 22 10 26 27 28 20 24 30 28 16 27 9 1 18 1 5 13 7 2 27 7 8 11 6 22 13 13 9 2 30 29 30 11 5 11 29 6 30 25 18 30 30 8 8 1 18 5 18 2 9 8 17 8 5 4 30 22 28 22 26 6 20 10 1 9 24 13 24 1 20 24 28 14 1 5 10 16 7 26 8 25 12 8 24 22 6 11 27 12 28 17 17 2 16 5 4 4 23 23 13 9 15 13 23 9 24 7 28 11 10 10 19 3 16 26 24 2 19 7 10 10 21 7 20 19 10 21 29 19 19 8 22 3 18 4 29 8 11 23 1 3 20 7 5 25 24 23 1 12 30 5 14 4 20 21 2 12 16 30 28 11 26 14 26 12 7 13 13 17 9 16 9 17 3 9 11 5 6 14 11 14 3 1 22 25 26 6 27 16 9 6 27 20 23 4 17 2 27 25 4 27 14 26 17 16 14 14 4 30 20 23 13 17 10 21 2 11 16 14 14 26 18 18 27 27 28 5 26 2 26 7 14 7 6 18 23 19 12 26 14 25 16 21 1 11 25 8 23 2 18 15 21 18 2 28 5 26 15 13 9 25 28 23 2 20 19 8 22 17 1 6 5 26 24 1 25 8 28 21 21 9 20 22 13 23 4 24 15 12 9 3 30 2 14 28 1 24 3 13 23 14 15 19 30 11 7 13 28 19 12 23 18 18 14 27 1 1 18 7 1 18 11 19 10 20 27 24 6 4 6 4 20 22 12 29 28 29 16 29 18 6 14 7 18 15 21 2 3 20 25 21 4 22 11 26 9 26 29 18 20 18 25 9 18 19 20 4 13 14 16 20 1 15 14 27 5 5 14 25 25 9 3 17 2 23 22 6 7 11 10 10 11 29 3 1 24 20 23 2 10 27 9 23 6 3 3 1 30 8 12 1 6 28 28 14 15 15 13 25 10 4 2 29 20 11 8 23 5 9 5 18 5 1 16 13 20 5 20 10 8 11 30 21 3 7 8 27 27 21 2 14 8 6 26 1 27 11 26 16 3 25 11 9 6 5 10 25 1 26 16 12 4 11 20 24 9 17 23 30 24 7 25 21 12 21 22 30 12 2 8 27 9 13 26 23 25 27 23 25 23 20 8 30 27 22 13 3 27 30 28 9 4 6 30 26 24 7 23 17 3 8 15 22 29 27 21 19 24 3 11 18 13 22 26 26 15 5 4 12
0 10 4
147 734 783 220
0 11 5
161 116 940 941 528
0 14 8
361 55 76 797 747 216 828 936
0 4 5
299 57 23 899 863
0 12 11
790 842 998 105 769 741 955 195 804 768 184
0 14 9
336 649 812 411 230 62 418 493 99
0 6 21
830 163 901 121 115 403 440 502 510 386 132 531 966 44 73 92 538 568 756 601 489
0 15 15
857 478 438 259 775 123 977 547 653 926 98 85 854 3 669
0 8 1
268
0 17 3
109 464 644
0 7 20
308 625 434 97 782 459 954 979 330 620 26 505 477 35 172 671 686 897 748 527
0 3 15
924 715 148 318 140 357 968 218 33 709 743 675 474 404 70
0 1 12
683 566 244 234 5 370 245 974 82 872 52 112
0 17 9
127 676 43 548 877 188 255 637 491
0 1 1
24
0 17 10
54 996 67 429 884 618 264 635 1 321
0 4 7
391 874 261 614 246 850 360
0 18 4
182 788 988 588
0 19 4
549 552 556 667
0 9 13
918 175 965 280 383 138 578 927 461 589 186 960 554
0 19 2
583 152
0 18 14
836 46 143 642 705 648 436 610 959 412 328 498 599 322
0 15 8
824 716 660 890 484 621 332 702
0 4 2
689 208
0 11 11
233 582 636 237 984 701 470 352 72 94 168
0 14 4
367 840 49 379
0 10 8
39 472 751 423 697 728 525 704
0 20 4
160 999 989 257
0 15 15
471 384 628 27 173 975 962 613 729 50 444 925 658 331 699
0 13 19
201 348 891 501 784 656 413 916 270 570 119 339 670 690 492 917 363 696 826
0 12 8
540 654 213 688 365 639 395 263
0 5 15
813 256 733 265 902 314 802 465 250 944 889 28 185 898 394
0 13 26
335 624 170 832 13 325 326 22 158 198 569 496 800 645 707 551 183 420 956 426 68 922 910 329 591 241
0 2 15
398 655 343 663 838 157 806 373 165 262 286 21 316 228 693
0 8 20
753 279 274 685 672 380 327 490 428 542 217 771 612 333 774 963 914 441 226 514
0 10 4
894 134 120 124
0 6 14
90 761 931 197 781 507 674 194 181 320 515 665 758 309
0 20 13
479 305 793 740 752 196 560 63 755 776 102 164 543
0 14 12
292 377 29 762 34 106 592 695 346 858 347 269
0 4 3
354 11 809
1 23 1
0
1 13 2
2 118
1 20 3
4 565 745
1 20 1
6
1 16 3
7 113 602
1 15 1
8
1 25 1
9
1 37 1
10
1 21 2
12 596
1 27 1
14
1 21 3
15 452 847
1 20 3
16 65 278
1 6 2
17 364
1 25 1
18
1 26 1
19
1 17 1
20
1 12 2
25 61
1 23 4
30 151 350 353
1 27 2
31 442
1 36 4
32 136 344 912
1 9 3
36 174 976
1 33 2
37 310
1 32 3
38 59 764
1 32 1
40
1 37 2
41 345
1 22 3
42 133 987
1 20 1
45
1 30 2
47 746
1 17 2
48 534
1 15 1
51
1 27 1
53
1 28 2
56 448
1 17 3
58 142 856
1 19 1
60
1 4 1
64
1 19 2
66 765
1 34 1
69
1 19 1
71
1 27 1
74
1 16 1
75
1 27 1
77
1 10 1
78
1 28 1
79
1 25 1
80
1 21 2
81 276
1 25 1
83
1 18 1
84
1 27 2
86 289
1 15 2
87 407
1 24 1
88
1 14 1
89
1 31 2
91 486
1 33 1
93
1 23 2
95 586
1 30 2
96 574
1 13 2
100 248
1 30 1
101
1 16 1
103
1 24 2
104 952
1 19 2
107 179
1 22 1
108
1 25 3
110 485 711
1 9 1
111
1 16 5
114 555 564 575 844
1 12 4
117 149 473 739
1 23 1
122
1 27 1
125
1 31 1
126
1 16 1
128
1 20 1
129
1 15 1
130
1 18 2
131 911
1 21 6
135 206 349 462 677 827
1 23 1
137
1 19 3
139 247 879
1 26 3
141 822 957
1 13 3
144 153 750
1 28 1
145
1 31 1
146
1 32 2
150 811
1 8 2
154 537
1 33 2
155 904
1 30 2
156 541
1 18 1
159
1 16 1
162
1 23 2
166 640
1 21 3
167 260 435
1 25 2
169 905
1 29 1
171
1 29 2
176 251
1 14 2
177 375
1 6 3
178 303 518
1 18 2
180 580
1 34 4
187 424 629 837
1 19 2
189 807
1 12 1
190
1 7 1
191
1 18 1
192
1 32 2
193 573
1 16 2
199 882
1 15 2
200 992
1 29 1
202
1 8 3
203 576 969
1 8 1
204
1 21 4
205 410 717 945
1 10 2
207 777
1 21 4
209 432 553 867
1 8 1
210
1 28 2
211 990
1 29 1
212
1 16 3
214 763 823
1 10 2
215 224
1 10 4
219 814 852 986
1 5 2
221 949
1 6 1
222
1 19 2
223 920
1 16 2
225 369
1 22 2
227 387
1 29 2
229 608
1 21 1
231
1 27 2
232 893
1 27 3
235 860 981
1 31 1
236
1 28 2
238 529
1 13 1
239
1 13 2
240 923
1 23 2
242 692
1 21 1
243
1 13 2
249 730
1 18 2
252 848
1 24 1
253
1 34 1
254
1 31 2
258 421
1 24 2
266 993
1 9 3
267 419 600
1 18 1
271
1 20 1
272
1 19 1
273
1 9 3
275 772 780
1 21 2
277 340
1 14 1
281
1 25 1
282
1 20 3
283 290 504
1 20 2
284 317
1 27 1
285
1 13 1
287
1 28 1
288
1 16 1
291
1 31 1
293
1 26 1
294
1 20 2
295 759
1 20 2
296 535
1 14 1
297
1 9 2
298 593
1 17 1
300
1 20 2
301 646
1 32 1
302
1 38 1
304
1 28 1
306
1 20 1
307
1 12 1
311
1 35 2
312 366
1 11 2
313 718
1 25 2
315 446
1 23 1
319
1 24 2
323 737
1 31 2
324 880
1 9 1
334
1 32 1
337
1 23 2
338 415
1 24 1
341
1 22 2
342 520
1 21 2
351 585
1 24 1
355
1 22 1
356
1 21 1
358
1 23 2
359 517
1 29 2
362 825
1 15 1
368
1 17 1
371
1 25 1
372
1 13 1
374
1 30 2
376 978
1 25 2
378 843
1 36 1
381
1 8 2
382 982
1 19 2
385 801
1 20 1
388
1 16 1
389
1 25 1
390
1 27 1
392
1 15 3
393 627 773
1 13 2
396 638
1 25 1
397
1 12 2
399 619
1 34 1
400
1 26 1
401
1 21 1
402
1 18 2
405 519
1 23 1
406
1 20 2
408 871
1 16 1
409
1 6 3
414 820 964
1 35 2
416 720
1 14 1
417
1 26 1
422
1 26 3
425 567 571
1 16 1
427
1 11 2
430 563
1 31 2
431 713
1 22 2
433 845
1 32 1
437
1 9 4
439 509 668 817
1 34 2
443 513
1 19 1
445
1 31 1
447
1 17 1
449
1 16 1
450
1 27 1
451
1 27 1
453
1 14 1
454
1 17 2
455 530
1 35 1
456
1 14 2
457 623
1 29 2
458 735
1 11 1
460
1 14 2
463 736
1 16 2
466 742
1 29 1
467
1 21 1
468
1 21 2
469 933
1 34 1
475
1 19 1
476
1 30 2
480 915
1 24 3
481 767 818
1 16 1
482
1 20 2
483 497
1 15 1
487
1 35 1
488
1 19 1
494
1 25 1
495
1 26 2
499 724
1 13 2
500 694
1 19 2
503 754
1 11 1
506
1 30 1
508
1 33 1
511
1 24 1
512
1 27 1
516
1 27 2
521 855
1 13 3
522 595 919
1 21 1
523
1 18 1
524
1 32 1
526
1 14 1
532
1 26 2
533 943
1 15 2
536 557
1 12 1
539
1 24 1
544
1 21 1
545
1 13 1
546
1 28 1
550
1 13 2
558 587
1 15 2
559 870
1 24 1
561
1 29 1
562
1 31 1
572
1 7 2
577 971
1 7 1
579
1 12 2
581 662
1 25 3
584 598 903
1 15 2
590 896
1 18 1
594
1 18 2
597 757
1 20 1
603
1 25 1
604
1 25 1
605
1 23 1
606
1 26 3
607 791 799
1 32 2
609 678
1 25 3
611 796 815
1 19 1
615
1 32 4
616 878 885 994
1 20 3
617 851 913
1 19 1
622
1 28 1
626
1 17 1
630
1 34 1
631
1 17 1
632
1 22 2
633 787
1 21 1
634
1 26 2
641 687
1 26 3
643 651 938
1 22 1
647
1 36 1
650
1 33 1
652
1 23 1
657
1 20 1
659
1 17 1
661
1 9 1
664
1 32 1
666
1 21 1
673
1 29 2
679 835
1 29 2
680 819
1 34 1
681
1 20 1
682
1 31 2
684 859
1 23 1
691
1 27 1
698
1 23 1
700
1 23 1
703
1 25 1
706
1 14 2
708 881
1 15 1
710
1 17 2
712 939
1 24 1
714
1 6 1
719
1 14 1
721
1 34 1
722
1 32 2
723 991
1 29 1
725
1 17 1
726
1 25 1
727
1 18 2
731 906
1 18 1
732
1 18 2
738 861
1 33 1
744
1 14 1
749
1 12 1
760
1 21 1
766
1 18 1
770
1 25 1
778
1 25 1
779
1 30 1
785
1 33 1
786
1 20 1
789
1 13 1
792
1 20 1
794
1 19 1
795
1 10 1
798
1 18 1
803
1 25 1
805
1 11 1
808
1 17 1
810
1 31 1
816
1 25 1
821
1 32 1
829
1 17 1
831
1 21 1
833
1 21 1
834
1 18 1
839
1 31 1
841
1 26 1
846
1 24 1
849
1 39 1
853
1 30 1
862
1 30 1
864
1 20 1
865
1 23 1
866
1 18 2
868 985
1 22 2
869 953
1 35 1
873
1 32 1
875
1 21 1
876
1 32 1
883
1 35 1
886
1 12 1
887
1 27 1
888
1 8 1
892
1 19 1
895
1 37 1
900
1 31 1
907
1 29 1
908
1 11 1
909
1 24 1
921
1 10 1
928
1 22 1
929
1 15 1
930
1 18 1
932
1 24 1
934
1 29 1
935
1 25 1
937
1 31 1
942
1 17 1
946
1 15 1
947
1 37 1
948
1 7 1
950
1 22 1
951
1 10 1
958
1 33 1
961
1 24 1
967
1 28 1
970
1 28 1
972
1 15 1
973
1 22 1
980
1 28 1
983
1 22 1
995
1 35 1
997
