500 286 775 20
20 18 28 13 1 9 19 14 9 17 24 20 7 24 16 21 18 22 14 20 13 4 8 29 17 27 5 9 11 12 20 11 14 13 15 21 6 26 10 19 17 6 8 24 11 29 14 30 8 14 12 11 8 23 9 1 6 12 4 29 1 7 9 30 11 7 12 14 28 14 30 5 23 20 27 20 30 14 9 17 7 8 1 20 14 1 15 5 13 11 11 6 7 24 17 5 24 23 20 18 21 1 19 7 22 13 27 13 1 22 2 13 22 10 28 23 11 20 16 26 23 6 3 23 23 11 23 2 9 9 9 24 17 14 3 12 12 18 25 25 28 26 29 19 19 12 16 13 2 10 8 7 2 25 3 19 12 15 23 7 28 4 22 3 9 21 18 3 30 12 19 21 15 2 26 25 4 22 7 22 4 10 26 16 29 13 7 13 21 23 13 18 28 14 26 23 17 30 17 19 18 12 25 4 22 17 2 12 10 12 20 28 18 4 7 26 4 4 21 17 7 8 10 12 2 5 19 29 8 26 7 23 19 6 22 30 28 24 6 9 15 15 20 21 3 16 3 4 29 10 16 13 7 5 12 4 12 4 28 4 5 20 2 20 20 14 3 16 13 10 24 9 4 12 28 19 6 9 10 3 30 9 11 2 29 25 3 18 2 12 29 9 6 20 18 14 28 22 17 27 8 3 23 17 12 7 2 19 3 15 15 28 10 18 24 6 16 12 6 4 26 10 1 20 16 11 22 7 5 2 24 25 3 6 15 17 16 7 22 3 2 23 10 20 7 11 28 11 13 15 19 11 6 5 30 26 18 1 29 24 29 14 5 27 29 26 14 12 13 9 19 29 16 26 12 30 8 13 17 24 23 9 1 14 23 9 7 23 11 18 25 22 12 10 8 12 15 13 3 1 30 6 8 12 5 17 7 19 5 19 12 2 17 26 21 27 11 22 6 4 27 14 11 21 22 1 16 6 16 6 21 1 12 5 25 1 7 13 30 6 9 1 23 1 28 9 5 26 30 7 24 30 3 7 6 19 12 14 22 12 28 24 28 18 11 24 17 2 29 6 11 26 20 16 22 21 17 14 29 26 15 27 10 21 29 2 3 9 24 16 4 28 19 12 25 1 8 23 18 16
30 18 11 10 9 1 26 11 3 17 28 14 27 1 13 24 17 9 18 29 8 6 28 28 13 30 2 15 11 1 23 21 27 10 13 10 29 7 19 16 8 14 29 1 29 6 11 23 30 17 14 24 17 3 18 18 21 1 2 2 11 10 16 4 5 18 11 27 10 26 29 23 26 24 3 6 17 12 21 15 19 4 18 19 22 11 26 22 18 22 17 25 18 2 19 6 14 16 11 29 27 18 4 2 8 5 5 18 6 30 3 4 6 18 24 10 1 9 15 6 23 11 5 30 21 23 10 28 5 1 5 10 25 29 27 6 12 14 18 12 11 1 27 21 24 5 1 15 12 23 14 8 2 18 1 8 30 1 18 13 22 22 17 13 27 15 5 1 9 5 20 1 2 28 11 27 10 23 25 14 12 8 24 6 29 13 6 20 8 5 23 27 27 25 15 6 26 7 14 15 22 29 12 19 30 18 2 18 27 9 14 30 9 21 17 18 25 29 13 24 27 28 17 27 20 19 14 16 2 26 3 18 7 15 14 20 17 23 11 8 23 25 29 5 3 29 11 8 24 13 12 9 7 14 24 11 13 21 1 19 18 19 21 16 3 3 5 30 6 7 12 4 11 24 20 16 1 16 15 26 16 27 29 30 6 28 3 16 20 2 1 13 12 27 2 22 14 14 1 2 22 7 14 17 20 4 29 12 14 26 10 26 11 24 26 28 9 15 29 16 2 12 28 9 8 27 4 1 4 12 26 5 14 13 6 20 23 9 12 25 5 26 2 23 4 19 11 8 17 27 2 4 13 28 24 2 12 29 17 2 25 10 1 28 13 15 23 12 23 9 13 14 25 3 22 29 9 6 6 18 23 10 19 28 8 8 30 20 18 29 18 23 5 21 4 8 21 16 8 28 4 25 12 12 9 16 6 6 1 5 15 29 19 1 15 9 10 27 21 16 12 29 23 7 19 13 14 15 24 11 2 15 18 6 17 3 13 7 7 8 11 17 5 4 29 23 8 30 26 7 23 17 14 28 12 15 8 28 18 29 13 10 30 1 18 16 7 12 25 10 6 19 3 29 27 19 20 19 12 12 23 5 21 9 10 21 30 17 12 22 27 1 15 2 5 15 20 2 18 22
0 20 10
80 324 31 22 469 89 300 229 480 147
0 15 4
23 363 398 186
0 2 10
230 355 140 12 143 465 338 488 192 52
0 13 9
373 68 406 156 36 149 294 410 439
0 5 4
353 310 380 27
0 16 10
473 142 3 463 396 337 231 426 51 348
0 19 6
10 232 15 28 16 185
0 12 4
197 259 113 225
0 13 2
84 115
0 11 3
154 374 472
0 16 1
278
0 18 6
330 71 257 383 177 188
0 9 12
349 216 367 482 145 412 443 219 263 319 210 430
0 5 6
146 114 425 490 388 305
0 4 1
262
0 9 6
290 75 457 129 437 81
0 19 9
25 358 193 386 77 489 456 377 393
0 8 2
122 334
0 7 9
213 295 214 40 361 376 26 287 496
0 1 7
401 180 244 179 116 212 128
0 14 1
454
0 20 10
226 139 350 234 333 354 222 109 272 130
0 6 1
445
0 1 4
280 18 284 477
0 13 6
104 413 462 58 117 253
0 8 6
242 57 102 451 223 274
0 3 15
341 162 97 138 2 498 468 304 261 303 44 328 32 307 91
0 18 4
87 199 96 170
0 19 4
45 266 1 444
0 5 4
191 397 0 264
0 20 6
72 65 385 34 95 94
0 14 5
321 297 39 125 323
0 6 4
359 238 221 499
0 10 1
85
0 13 3
275 448 169
0 8 3
391 174 55
0 5 6
86 254 429 487 315 124
0 4 1
301
0 8 2
442 493
1 32 1
4
1 22 1
5
1 27 1
6
1 18 1
7
1 32 2
8 447
1 26 1
9
1 21 1
11
1 19 1
13
1 33 1
14
1 25 1
17
1 35 1
19
1 16 3
20 90 189
1 24 1
21
1 24 3
24 357 416
1 12 1
29
1 38 2
30 270
1 10 1
33
1 24 1
35
1 23 1
37
1 25 1
38
1 12 1
41
1 6 1
42
1 21 1
43
1 37 1
46
1 24 1
47
1 26 3
48 101 326
1 23 1
49
1 20 1
50
1 19 1
53
1 11 1
54
1 17 1
56
1 26 2
59 78
1 21 1
60
1 24 1
61
1 13 1
62
1 34 1
63
1 7 1
64
1 21 1
66
1 8 1
67
1 28 2
69 423
1 16 1
70
1 5 1
73
1 25 1
74
1 20 2
76 205
1 11 2
79 153
1 22 2
82 98
1 39 2
83 203
1 24 1
88
1 33 2
92 281
1 10 1
93
1 19 1
99
1 22 1
100
1 5 1
103
1 23 1
105
1 14 1
106
1 20 1
107
1 29 1
108
1 26 1
110
1 28 2
111 183
1 34 1
112
1 28 2
118 434
1 11 1
119
1 29 1
120
1 14 2
121 157
1 20 1
123
1 34 1
126
1 28 2
127 298
1 17 1
131
1 16 1
132
1 28 2
133 218
1 25 1
134
1 24 1
135
1 17 1
136
1 37 1
137
1 31 1
141
1 22 1
144
1 21 1
148
1 8 1
150
1 39 2
151 419
1 20 3
152 171 249
1 23 1
155
1 31 1
158
1 19 1
159
1 21 2
160 356
1 21 1
161
1 23 1
163
1 31 1
164
1 9 1
165
1 39 1
166
1 37 1
167
1 32 1
168
1 18 1
172
1 39 1
173
1 20 1
175
1 11 1
176
1 11 1
178
1 23 1
181
1 17 1
182
1 23 1
184
1 32 1
187
1 17 1
190
1 20 2
194 370
1 21 1
195
1 8 1
196
1 25 1
198
1 5 1
200
1 29 1
201
1 21 1
202
1 14 1
204
1 40 1
206
1 32 2
207 440
1 33 1
208
1 23 1
209
1 28 2
211 299
1 9 2
215 381
1 27 2
217 314
1 3 1
220
1 21 1
224
1 34 2
227 452
1 24 1
228
1 15 1
233
1 15 1
235
1 30 1
236
1 22 1
237
1 19 1
239
1 18 1
240
1 17 1
241
1 29 1
243
1 8 1
245
1 18 1
246
1 17 1
247
1 18 1
248
1 20 2
250 390
1 32 1
251
1 12 1
252
1 23 1
255
1 19 1
256
1 32 2
258 424
1 17 1
260
1 39 1
265
1 15 1
267
1 15 2
268 450
1 26 2
269 339
1 25 2
271 455
1 27 2
273 283
1 17 1
276
1 29 1
277
1 25 2
279 289
1 24 1
282
1 16 1
285
1 16 1
286
1 22 1
288
1 14 2
291 461
1 10 1
292
1 24 1
293
1 20 1
296
1 16 1
302
1 18 1
306
1 20 1
308
1 19 1
309
1 34 1
311
1 31 1
312
1 20 1
313
1 16 1
316
1 5 1
317
1 35 1
318
1 26 1
320
1 15 2
322 491
1 21 1
325
1 33 1
327
1 26 1
329
1 10 1
331
1 11 1
332
1 31 1
335
1 9 1
336
1 6 1
340
1 22 1
342
1 23 2
343 470
1 30 1
344
1 9 2
345 399
1 23 1
346
1 30 2
347 494
1 15 1
351
1 32 2
352 485
1 13 1
360
1 28 1
362
1 38 1
364
1 21 1
365
1 38 1
366
1 22 2
368 492
1 18 1
369
1 13 1
371
1 26 1
372
1 16 1
375
1 27 1
378
1 21 1
379
1 23 1
382
1 22 1
384
1 36 1
387
1 14 1
389
1 7 1
392
1 26 1
394
1 26 1
395
1 16 1
400
1 19 1
402
1 17 1
403
1 31 1
404
1 10 1
405
1 11 1
407
1 25 1
408
1 23 1
409
1 19 1
411
1 26 1
414
1 31 1
415
1 33 1
417
1 29 1
418
1 9 1
420
1 21 1
421
1 25 1
422
1 28 1
427
1 32 1
428
1 31 1
431
1 19 1
432
1 38 1
433
1 18 1
435
1 26 1
436
1 24 1
438
1 28 1
441
1 24 1
446
1 33 2
449 484
1 9 1
453
1 18 1
458
1 25 1
459
1 21 1
460
1 28 1
464
1 17 1
466
1 36 1
467
1 21 1
471
1 10 2
474 478
1 25 1
475
1 39 1
476
1 32 1
479
1 35 1
481
1 20 1
483
1 37 1
486
1 18 1
495
1 26 1
497
