300 33 465 20
40 17 19 11 20 39 25 30 38 37 19 28 29 29 26 40 36 26 18 27 30 24 21 36 12 25 32 16 12 31 40 29 37 32 36 19 13 23 17 25 18 16 37 20 26 15 34 25 29 24 15 35 18 24 28 38 11 16 32 26 40 15 32 29 20 25 38 27 34 16 20 22 14 32 38 39 25 35 33 21 12 26 30 30 26 27 18 32 16 35 17 25 37 18 12 21 27 20 29 18 33 38 37 24 18 38 14 15 25 21 21 11 18 12 11 31 11 25 13 27 32 14 27 40 37 32 28 31 31 15 35 40 13 15 38 37 11 15 31 16 20 11 31 20 16 26 16 19 17 32 15 27 16 12 32 39 29 17 29 17 35 17 39 35 37 17 34 15 14 14 19 24 16 22 23 31 35 23 31 38 40 17 37 39 25 28 16 20 33 28 28 38 19 28 30 17 16 27 25 21 38 27 21 12 18 37 40 29 30 13 15 28 40 22 30 13 21 29 27 37 27 40 26 19 22 24 27 23 11 29 22 31 40 16 30 11 27 27 19 13 23 19 29 22 26 35 14 22 31 14 21 34 23 40 32 39 18 37 33 21 27 40 22 18 33 15 23 30 17 11 18 18 21 18 11 14 36 34 25 11 13 13 11 26 15 16 16 30 15 25 28 22 37 13 27 16 31 33 33 27
30 7 9 1 10 29 15 20 28 27 9 18 19 19 16 30 26 16 8 17 20 14 11 26 2 15 22 6 2 21 30 19 27 22 26 9 3 13 7 15 8 6 27 10 16 5 24 15 19 14 5 25 8 14 18 28 1 6 22 16 30 5 22 19 10 15 28 17 24 6 10 12 4 22 28 29 15 25 23 11 2 16 20 20 16 17 8 22 6 25 7 15 27 8 2 11 17 10 19 8 23 28 27 14 8 28 4 5 15 11 11 1 8 2 1 21 1 15 3 17 22 4 17 30 27 22 18 21 21 5 25 30 3 5 28 27 1 5 21 6 10 1 21 10 6 16 6 9 7 22 5 17 6 2 22 29 19 7 19 7 25 7 29 25 27 7 24 5 4 4 9 14 6 12 13 21 25 13 21 28 30 7 27 29 15 18 6 10 23 18 18 28 9 18 20 7 6 17 15 11 28 17 11 2 8 27 30 19 20 3 5 18 30 12 20 3 11 19 17 27 17 30 16 9 12 14 17 13 1 19 12 21 30 6 20 1 17 17 9 3 13 9 19 12 16 25 4 12 21 4 11 24 13 30 22 29 8 27 23 11 17 30 12 8 23 5 13 20 7 1 8 8 11 8 1 4 26 24 15 1 3 3 1 16 5 6 6 20 5 15 18 12 27 3 17 6 21 23 23 17
1 3 12
56 8 292 224 202 148 155 150 18 95 132 220
7 11 12
63 290 132 117 67 269 276 279 28 275 76 180
1 3 14
174 258 25 173 66 177 92 152 184 176 134 264 57 82
3 17 7
200 266 235 85 79 4 187
2 2 16
160 39 124 31 247 97 2 17 112 69 135 206 56 68 131 222
3 17 13
111 57 210 70 248 37 215 78 231 234 172 30 113
9 5 17
94 213 129 43 20 143 272 299 52 84 49 30 42 274 90 208 265
2 3 5
34 104 130 120 162
3 13 16
24 220 297 153 241 187 259 81 106 145 171 189 243 252 283 294
8 3 20
270 229 146 230 250 282 1 102 44 294 55 33 263 106 72 87 103 105 144 247
5 10 12
81 4 257 29 217 192 271 7 126 170 58 253
2 5 11
45 293 142 14 175 12 82 52 63 71 169
1 1 8
165 219 71 283 201 3 119 263
4 17 7
61 237 164 90 214 207 288
1 14 9
141 64 289 103 227 203 47 190 292
1 5 13
101 100 93 261 196 115 137 256 13 148 157 221 267
1 11 17
147 105 182 127 107 46 11 131 186 89 44 134 149 159 217 262 264
6 14 10
221 50 180 194 158 118 88 109 251 296
1 14 7
298 216 29 163 204 214 269
1 2 5
288 242 138 48 177
2 14 20
114 68 53 157 139 265 178 277 245 208 190 0 41 123 128 140 196 239 275 291
2 12 17
199 136 26 286 149 6 3 244 10 116 167 77 122 278 226 97 183
1 10 20
273 254 255 60 41 38 185 246 128 285 168 243 73 262 166 127 175 199 276 284
6 10 20
183 16 225 161 228 223 110 96 205 145 204 54 181 86 109 111 152 229 240 248
5 2 15
233 238 98 91 240 163 267 125 211 171 47 232 86 124 218
1 20 6
295 191 14 19 31 114
1 11 18
119 65 212 281 133 236 74 35 15 9 144 189 19 239 185 270 271 290
4 18 12
27 252 5 222 36 198 296 17 69 166 193 281
2 11 12
80 156 13 75 59 40 280 32 173 254 274 299
6 12 15
0 218 284 287 51 23 99 72 169 113 154 159 1 130 174
4 17 13
87 123 195 21 151 193 108 179 22 7 60 126 141
1 9 2
197 121
5 5 11
260 249 268 209 291 62 188 140 83 2 133
