500 89 775 20
13 18 2 5 16 11 17 30 29 6 24 26 10 6 13 15 1 11 24 21 3 7 2 23 21 29 10 11 27 12 22 27 6 24 18 18 27 15 4 18 6 17 17 15 17 5 4 11 10 20 14 28 30 6 13 29 20 1 3 22 11 10 11 6 7 5 30 16 21 29 13 17 26 17 18 27 6 15 15 24 17 2 8 21 9 30 25 23 19 30 20 5 16 3 5 14 22 2 30 21 9 15 22 6 14 9 22 18 29 13 2 7 23 14 7 26 27 2 29 1 7 8 5 3 8 17 26 7 30 9 3 30 17 10 11 13 6 8 25 12 26 19 27 3 17 3 20 27 18 9 12 28 10 14 9 9 22 17 16 1 10 26 22 15 25 29 29 6 13 4 20 18 16 9 1 27 28 15 21 20 25 11 27 24 7 26 17 8 2 13 9 20 4 10 30 13 24 23 1 16 24 8 30 27 12 30 13 7 27 27 10 12 6 16 7 21 3 24 22 15 28 4 16 29 3 16 16 22 17 10 20 5 3 11 14 30 26 29 16 19 8 6 22 26 20 1 2 9 23 5 17 20 12 6 6 3 28 23 2 22 28 26 25 11 26 24 21 7 21 17 2 2 20 6 4 28 20 11 24 8 12 14 30 10 14 21 28 12 10 24 7 20 16 22 7 15 18 24 1 21 5 23 8 11 7 26 9 6 30 10 17 20 29 11 21 30 27 9 23 19 29 16 10 1 10 21 24 6 8 2 19 7 17 19 16 8 17 23 22 29 27 11 13 7 6 29 25 18 28 5 3 16 16 27 4 3 6 4 18 18 7 10 11 3 7 1 10 10 23 5 27 7 16 27 17 7 28 25 28 14 17 18 23 24 8 18 17 30 14 19 28 14 22 22 11 11 13 13 1 1 5 18 14 8 4 2 10 23 6 13 28 24 26 26 17 21 30 2 11 28 22 20 1 6 1 29 5 18 17 9 8 15 9 17 30 15 14 5 11 7 22 8 27 9 28 3 29 22 6 20 21 17 25 19 30 27 13 7 16 26 5 28 22 29 12 6 12 19 24 24 15 5 16 24 2 23 16 11 2 8 8 9 10 14 16 5 30 23 25 2 20 21 11 18 9 11 18 21 10 23
11 10 26 26 14 21 6 30 10 18 1 17 4 6 23 1 18 5 12 4 20 21 20 1 29 20 8 24 13 4 2 1 3 10 3 24 9 21 29 9 5 10 8 2 20 2 19 19 3 22 23 11 18 3 24 27 8 18 17 12 26 4 20 10 14 8 3 20 21 7 28 3 18 17 5 6 30 26 7 21 21 2 25 26 5 25 10 14 4 25 18 8 9 1 17 29 3 4 25 27 6 11 23 11 12 5 2 13 11 26 2 3 14 21 17 28 27 1 4 8 14 26 3 14 19 19 4 2 15 16 23 14 18 23 16 13 7 28 6 8 10 11 24 24 12 17 23 12 13 5 5 24 15 23 10 6 20 29 4 16 22 10 30 23 4 14 22 19 7 12 8 19 11 12 3 8 1 19 17 13 28 21 18 3 8 28 14 14 24 1 3 12 15 15 9 10 6 2 26 19 17 7 21 2 2 7 17 25 15 16 19 12 13 8 17 29 25 25 7 21 26 17 21 27 3 13 23 22 3 8 9 20 26 10 5 18 8 8 3 17 16 26 27 1 11 25 21 13 29 7 25 25 18 23 5 15 23 21 6 25 23 5 11 19 4 16 30 7 30 27 2 1 29 3 24 11 15 2 7 25 25 15 16 29 4 19 30 11 17 18 23 3 8 22 13 2 5 7 16 9 8 22 15 25 14 1 20 15 21 26 19 23 27 12 27 7 18 29 10 29 16 22 12 13 15 9 5 6 19 3 9 10 17 20 16 26 15 24 7 15 14 30 11 2 30 22 18 24 20 3 18 21 28 14 12 14 18 29 6 12 15 22 9 17 15 29 11 6 13 20 29 27 4 17 19 27 15 10 16 7 19 22 28 14 8 4 5 28 10 26 26 7 8 5 7 23 20 13 16 22 15 13 7 26 27 14 7 10 26 27 10 13 17 5 15 9 21 6 1 10 29 21 16 9 4 15 4 20 22 23 15 23 11 4 29 24 22 12 13 22 22 12 29 19 21 18 7 14 28 22 29 10 4 8 24 30 1 13 18 27 11 23 3 11 5 5 16 14 8 29 7 27 20 2 25 26 28 6 1 1 11 14 3 9 19 3 15 5 19 11 6 13 15 17 10 29 14 1 10 12
1 18 12
184 321 138 451 430 425 415 374 100 111 182 460
1 12 5
499 328 196 257 254
1 9 7
235 392 287 403 20 31 405
1 15 5
445 399 308 39 58
1 19 12
472 429 365 404 454 446 29 80 132 198 384 463
1 16 7
114 128 322 295 424 151 310
1 19 9
236 224 14 243 241 206 258 345 499
1 20 11
238 347 187 223 400 490 344 36 117 147 376
1 3 11
286 293 52 473 121 408 298 320 373 417 456
1 19 13
37 6 377 173 471 493 25 97 112 269 351 392 408
1 9 6
489 309 475 245 149 55
1 16 4
333 342 120 404
1 12 13
79 135 106 311 411 283 299 460 103 192 298 426 433
1 11 10
351 166 219 200 412 306 49 393 271 467
1 20 11
443 101 94 324 2 487 86 71 299 317 390
1 9 7
100 192 102 96 428 18 220
1 15 9
476 21 341 56 194 53 464 32 106
1 10 9
51 67 468 423 90 180 491 79 160
1 4 5
398 113 72 137 164
1 4 3
386 152 13
1 2 9
315 387 368 329 23 280 19 191 473
1 15 10
382 116 210 22 274 497 278 318 240 230
1 16 2
255 31
1 20 5
161 4 108 452 56
1 18 5
337 340 353 264 156
1 12 5
38 417 326 177 312
1 3 9
495 242 414 350 46 178 231 205 465
1 8 12
163 84 371 380 139 427 297 204 179 282 397 407
1 10 6
383 432 147 34 449 174
1 17 10
98 384 115 171 275 39 345 16 201 433
1 1 10
357 125 314 217 170 123 319 273 24 202
1 19 8
269 331 391 410 70 59 189 217
1 15 14
168 268 95 142 279 477 182 369 13 76 64 221 388 455
1 5 5
12 247 334 123 289
1 16 7
150 190 185 209 303 338 92
1 5 7
44 494 463 420 75 379 491
1 16 6
54 148 15 290 350 497
1 12 12
197 492 482 133 228 442 193 20 198 109 131 329
1 20 10
215 261 158 466 43 260 64 244 232 279
1 9 5
250 496 441 288 50
1 20 9
421 159 435 484 363 276 180 251 447
1 7 5
394 144 206 257 498
1 20 9
126 233 73 18 129 256 280 354 438
1 16 9
291 167 310 304 35 339 253 78 208
1 7 6
7 82 458 47 471 488
1 5 6
405 143 378 252 480 81
1 2 8
127 289 418 229 203 176 49 486
1 1 8
63 36 265 355 115 119 215 341
1 18 11
33 104 214 335 45 227 8 65 168 402 428
1 5 12
62 346 439 151 305 259 189 222 356 302 196 362
1 7 12
162 332 216 57 220 157 55 82 211 213 368 466
1 17 6
120 60 89 154 161 400
1 8 5
211 179 77 140 367
1 20 8
395 469 239 85 160 0 264 313
1 1 9
237 191 422 352 307 448 360 124 219
1 1 11
316 5 29 453 381 413 465 102 107 175 286
1 20 12
164 372 1 47 124 28 434 6 23 143 423 439
1 5 8
440 246 61 364 402 155 388 256
1 15 5
359 447 407 336 81
1 20 6
327 389 323 336 431 446
1 5 6
478 251 450 467 130 27
1 4 14
212 226 483 481 249 354 99 263 66 224 301 334 339 415
1 4 13
69 41 474 119 444 385 409 68 105 43 167 307 485
1 7 7
136 11 479 397 24 30 374
1 12 7
110 470 122 37 148 297 396
1 5 5
195 361 292 369 430
1 6 8
294 202 137 488 3 17 77 326
1 11 7
218 199 456 272 277 195 409
1 16 7
145 401 358 42 169 300 470
1 2 7
416 87 207 88 183 86 474
1 13 13
80 262 111 153 26 436 19 375 48 93 94 165 243
1 19 4
325 40 44 122
1 14 6
300 271 221 258 68 315
1 19 2
349 225
1 15 5
65 146 97 84 242
1 17 3
406 266 366
1 7 11
457 112 396 74 141 323 118 301 26 246 410
1 16 5
172 284 75 321 338
1 20 5
498 48 234 455 153
1 9 9
83 366 285 296 431 131 486 157 181
1 6 10
175 317 461 281 419 343 376 134 186 145
1 17 8
156 248 181 209 259 265 266 482
1 18 5
188 10 362 361 448
1 13 7
169 462 485 117 254 184 234
1 8 7
58 9 312 330 91 438 399
1 13 12
367 267 165 93 140 107 390 459 270 16 92 193
1 11 9
208 213 437 133 274 383 403 418 493
1 14 7
205 370 51 346 353 406 435
1 8 7
426 313 282 348 132 247 365
