300 77 465 20
22 29 28 24 8 13 28 18 5 1 12 16 2 10 17 5 1 4 30 19 28 23 3 12 6 28 19 23 14 20 24 2 29 18 8 8 30 28 26 11 23 1 28 11 12 24 9 8 27 17 11 25 6 8 16 23 16 9 19 18 13 19 27 12 30 17 22 18 26 12 20 17 2 29 10 23 17 23 25 25 8 11 19 4 25 5 12 25 20 16 11 20 18 3 14 26 12 1 20 17 21 29 15 27 19 16 25 13 28 3 2 15 12 24 16 11 9 20 8 16 20 29 21 15 17 1 7 2 24 25 4 8 27 27 30 5 23 12 1 30 3 18 28 19 9 22 16 7 12 22 1 21 27 28 3 15 25 4 5 26 27 29 16 27 13 5 19 28 30 9 25 25 22 23 20 20 25 2 28 18 16 16 27 21 22 11 16 16 12 4 2 7 21 15 4 17 13 19 27 20 19 15 27 18 7 22 13 21 22 20 6 19 13 8 8 18 17 17 29 1 28 14 18 23 15 10 15 13 24 8 9 28 13 2 30 28 11 11 11 26 16 3 21 8 22 24 17 26 29 4 1 7 5 30 22 25 19 15 15 19 25 24 14 10 15 15 23 4 15 10 18 19 8 16 5 12 18 10 22 10 12 30 18 15 11 23 5 6 22 22 21 5 14 8 17 10 22 8 6 10
24 2 14 1 12 25 27 26 26 19 27 11 11 26 4 17 22 8 7 16 29 8 11 11 26 10 15 13 23 28 30 10 21 2 19 24 27 8 15 3 3 16 8 18 8 30 13 20 20 24 21 17 7 5 29 22 7 30 23 24 1 21 27 9 1 10 18 23 3 3 23 27 22 13 30 24 13 7 19 25 1 14 17 5 27 1 19 27 22 30 20 15 18 4 8 7 28 6 14 16 1 28 20 7 7 21 7 6 28 12 15 17 3 13 13 5 8 7 27 10 6 11 20 24 20 13 25 26 3 1 22 3 8 27 9 22 14 23 18 27 13 3 2 9 16 3 30 13 9 6 19 26 3 16 12 2 29 23 12 21 1 14 14 12 10 13 24 18 9 9 20 10 3 4 23 24 11 18 23 5 28 7 14 15 22 1 7 6 5 26 9 13 29 14 5 6 12 9 23 11 3 2 8 9 2 14 30 15 9 1 30 14 3 23 7 4 13 2 13 24 27 4 2 3 5 1 16 13 25 7 15 25 21 19 13 14 27 21 25 2 20 12 2 1 3 27 4 6 4 12 22 15 8 16 25 12 7 2 25 3 7 3 9 1 15 24 27 20 12 2 2 14 22 7 26 17 5 12 3 19 2 15 26 22 18 12 28 4 13 3 13 29 13 10 22 14 17 8 13 11
1 6 3
117 263 214
1 20 5
159 279 178 121 261
1 20 10
57 206 10 46 248 123 100 132 203 205
1 3 7
171 188 258 242 239 5 271
1 15 8
233 289 204 61 216 89 93 191
1 6 8
157 165 162 246 164 210 58 63
1 4 4
126 11 288 224
1 9 5
62 203 209 224 118
1 12 6
228 249 109 52 133 226
1 13 5
190 176 198 138 26
1 12 5
148 264 105 236 143
1 2 7
142 284 175 259 71 79 95
1 10 8
240 182 121 20 179 82 17 217
1 2 6
292 37 101 273 15 90
1 4 3
94 78 116
1 4 7
129 267 207 6 103 92 78
1 18 6
134 260 143 75 44 104
1 5 8
59 115 55 77 80 85 103 235
1 13 4
247 152 281 125
1 3 4
213 66 181 258
1 17 5
71 299 221 94 298
1 7 3
158 44 170
1 8 5
200 15 86 162 225
1 4 3
114 294 174
1 4 5
128 69 5 53 289
1 4 4
155 91 19 297
1 9 6
153 106 161 168 191 145
1 7 4
286 177 81 12
1 20 6
50 293 231 163 120 148
1 5 8
278 43 254 65 33 96 161 163
1 12 6
147 130 144 67 173 189
1 11 9
95 68 80 89 197 87 209 252 277
1 19 6
243 256 124 230 232 0
1 13 5
201 64 83 107 101
1 20 4
196 24 160 85
1 20 9
45 283 218 290 86 75 168 179 295
1 7 7
122 113 100 180 241 48 156
1 9 5
27 49 33 57 190
1 18 7
220 110 271 16 277 235 260
1 3 6
154 287 42 77 43 109
1 13 6
257 238 194 183 187 23
1 4 4
184 169 167 32
1 3 4
96 97 8 217
1 6 4
26 4 133 218
1 13 8
9 131 149 237 84 251 139 164
1 5 5
219 227 270 7 257
1 19 3
31 245 116
1 18 5
98 87 54 69 200
1 19 5
291 18 2 39 70
1 13 2
156 74
1 2 7
186 208 280 176 229 232 254
1 9 7
215 137 173 3 72 111 293
1 18 6
135 295 10 72 150 210
1 16 8
63 35 172 285 272 274 88 167
1 20 4
192 139 252 32
1 3 5
276 212 269 12 92
1 5 2
199 14
1 3 3
120 275 213
1 19 5
132 193 45 105 178
1 2 7
250 102 151 93 261 67 141
1 2 5
41 13 25 76 296
1 13 5
268 30 90 225 124
1 8 2
47 79
1 6 5
119 17 141 99 129
1 12 8
88 1 22 23 27 147 256 299
1 2 3
73 262 74
1 14 3
255 185 276
1 10 6
40 166 104 266 68 102
1 9 4
205 195 146 114
1 4 7
127 140 150 244 223 62 155
1 19 7
58 202 56 6 112 222 263
1 11 5
282 211 38 297 130
1 15 6
51 296 111 21 229 131
1 1 6
29 189 34 226 194 243
1 4 4
136 60 234 265
1 8 4
36 70 28 222
1 15 9
145 253 112 298 265 108 122 187 230
