700 89 1085 20
16 14 11 24 29 13 25 13 18 14 30 28 19 4 4 15 5 21 11 6 29 3 9 25 27 25 14 21 16 11 19 29 19 30 25 10 6 17 24 7 29 2 28 2 20 14 30 23 23 6 20 4 7 10 1 14 1 11 14 15 7 29 7 15 8 19 28 11 4 6 4 5 23 21 5 28 10 17 27 2 7 1 24 5 17 2 26 9 5 7 7 15 21 23 29 29 7 14 19 24 2 17 10 24 8 9 28 6 13 23 26 10 30 1 14 26 8 11 7 7 29 12 17 29 8 12 23 13 5 6 23 8 19 26 29 17 11 15 10 30 6 4 10 15 2 22 22 9 23 30 4 18 14 8 24 27 3 26 15 7 16 25 12 27 12 25 10 17 21 2 21 25 16 9 18 18 25 18 11 16 19 7 7 8 13 11 30 30 4 9 30 10 24 1 24 23 24 19 29 13 13 14 19 26 26 29 29 8 9 29 1 25 3 24 20 8 23 21 19 9 1 30 8 2 23 14 4 3 18 3 27 13 24 23 9 11 1 4 14 12 10 7 6 2 22 19 15 20 3 29 9 11 12 8 21 24 11 28 3 29 7 16 3 14 18 21 19 24 6 28 15 10 11 16 8 3 26 12 14 15 17 23 24 7 18 29 9 13 28 9 24 30 4 19 6 17 29 21 24 20 29 30 1 28 18 20 14 3 30 7 25 8 22 28 18 22 30 1 11 9 1 28 24 3 19 26 29 15 27 8 2 14 2 12 19 30 23 7 25 11 21 21 12 30 5 11 18 26 5 30 4 11 28 4 18 27 13 1 25 18 18 20 3 13 25 4 13 14 23 6 21 25 30 16 13 29 10 20 25 13 18 1 18 25 8 27 12 24 19 15 10 28 23 4 25 6 25 29 21 13 21 4 12 21 5 12 13 10 16 25 9 16 5 20 3 6 20 1 18 30 22 7 30 23 25 25 26 12 14 22 12 19 15 26 3 17 19 18 20 25 18 2 2 26 19 15 26 19 17 25 9 11 19 23 21 7 21 18 27 3 26 27 23 16 6 9 21 20 11 22 14 17 14 9 10 8 23 19 11 14 6 18 10 10 24 19 9 4 12 21 23 4 18 20 19 28 14 3 23 10 21 5 6 4 8 12 5 4 12 22 27 17 16 14 9 4 8 3 20 2 22 26 25 30 28 28 1 1 23 30 12 28 9 28 8 25 8 11 14 27 15 22 17 14 4 7 3 3 3 9 5 4 19 13 3 12 21 22 1 30 24 11 8 30 13 8 7 10 26 29 1 27 5 13 15 16 15 25 12 6 12 10 15 25 23 3 6 14 24 2 19 3 1 23 30 8 18 14 13 10 20 20 29 25 23 23 21 30 21 26 19 10 12 4 2 5 9 10 23 16 2 5 10 22 14 8 22 30 16 23 21 29 21 7 20 29 8 22 14 28 24 23 20 18 26 27 15 22 14 15 11 4 14 23 30 5 17 27 5 20 13 25 25 15 29 7 12 9 19 26 3 8 26 29 21 16 8 25 30 19 7 27 5 19 24 2 5 26 25 23 20 4 3 18 8 19 6 16 17 1
22 6 28 8 25 15 8 26 8 18 13 29 8 27 12 21 14 18 24 23 11 27 30 10 20 16 21 13 21 12 21 21 3 21 23 15 16 20 21 4 21 19 21 18 21 10 9 7 24 26 20 18 1 27 10 20 18 8 6 9 25 13 18 5 3 14 19 8 2 15 27 5 20 3 4 6 2 4 11 23 24 3 3 10 26 9 27 7 27 10 27 26 20 16 21 8 29 14 9 13 6 9 6 10 10 3 14 12 19 14 6 21 22 2 13 6 6 23 11 28 7 13 20 7 14 11 17 7 18 10 27 16 2 3 8 14 14 19 28 18 11 27 12 18 10 23 10 8 9 22 14 30 25 17 21 1 30 21 12 9 1 17 29 3 6 21 30 3 10 10 21 20 18 9 21 7 15 16 30 4 14 1 22 9 4 11 13 26 26 13 1 7 29 14 17 9 3 30 11 9 22 14 22 29 9 24 21 14 17 4 28 19 7 16 15 11 14 5 22 12 27 18 15 26 9 19 26 15 24 18 14 6 29 26 3 7 18 22 21 24 4 24 13 9 7 5 4 1 19 8 14 29 3 9 1 11 20 19 27 27 17 14 12 17 19 17 5 11 5 10 27 12 24 20 30 12 10 16 13 7 13 6 29 9 9 18 11 21 7 2 11 2 1 9 22 22 7 22 6 10 17 13 28 9 15 22 18 15 11 18 16 4 5 3 26 18 16 8 3 5 6 30 29 20 17 2 2 16 28 28 23 15 17 21 28 21 10 30 6 27 27 26 24 6 25 26 30 21 15 8 5 4 3 28 1 14 12 7 3 21 15 25 19 4 20 10 3 18 15 15 29 9 14 24 18 23 23 26 1 7 6 15 11 4 30 16 20 30 17 2 5 3 20 6 30 9 4 13 18 9 11 5 5 20 3 10 6 1 23 6 25 15 22 12 25 24 17 4 1 23 23 22 20 22 20 29 3 25 27 27 13 23 3 24 29 18 28 25 4 26 12 25 27 20 24 5 1 16 19 20 15 9 21 4 28 29 24 16 29 10 30 3 5 8 2 28 26 27 15 1 18 14 2 21 19 7 8 20 11 9 15 10 4 10 29 15 18 20 16 11 20 22 21 14 20 8 21 11 16 9 5 26 13 27 22 1 7 15 12 28 21 8 8 10 19 12 18 3 4 24 12 28 5 19 20 24 12 13 28 19 13 22 5 7 1 5 30 11 30 4 6 12 1 8 20 4 27 28 8 7 15 26 12 11 26 27 20 26 21 16 5 10 2 24 8 27 22 17 1 12 4 25 7 4 20 6 27 18 14 17 20 28 11 7 6 29 8 2 16 4 9 18 24 24 23 16 5 18 12 1 14 30 28 12 15 7 14 14 14 30 20 14 8 2 15 29 7 22 8 5 27 3 11 27 21 16 15 4 25 14 10 24 23 17 11 15 16 20 19 16 26 20 18 8 6 29 27 17 20 8 13 27 5 24 28 3 26 8 4 30 3 24 8 10 7 26 5 27 30 1 20 17 17 21 22 9 14 7 6 30 16 4 27 17 25 12 7 12 3 29 18 5 3 22 4 20 7 6 14 17
1 18 16
598 8 635 534 540 19 326 460 650 360 343 56 78 158 370 455
1 3 12
225 53 158 314 658 276 206 239 461 486 557 571
1 6 6
430 551 121 124 140 477
1 5 6
361 575 342 388 311 456
1 9 12
519 66 527 248 375 28 102 418 263 235 7 335
1 16 11
186 383 421 166 376 113 453 373 416 26 173
1 19 9
367 254 124 325 343 352 366 407 484
1 11 13
628 567 60 275 573 327 356 476 43 11 558 419 345
1 9 10
545 174 308 167 682 2 466 280 575 674
1 8 7
207 351 190 262 451 154 517
1 20 13
618 141 615 24 499 333 260 645 552 194 526 642 665
1 2 14
690 39 407 614 699 159 22 596 656 91 599 234 150 303
1 19 7
210 498 368 115 148 363 385
1 2 12
55 29 92 95 238 237 270 1 125 367 562 695
1 11 8
209 636 531 335 86 96 505 223
1 18 14
653 607 200 217 65 464 354 348 436 616 45 427 93 630
1 14 14
68 674 287 424 271 307 525 694 500 643 166 398 405 532
1 3 12
224 303 528 561 621 126 437 536 412 418 421 467
1 20 8
349 450 469 482 264 249 565 396
1 20 4
119 678 184 249
1 2 7
82 494 522 98 206 221 322
1 8 8
358 613 548 695 199 195 218 577
1 1 19
553 633 488 72 338 173 420 435 390 480 403 182 211 17 180 241 332 495 593
1 15 18
423 71 593 538 524 523 90 38 649 215 547 603 49 376 573 656 670 682
1 18 14
79 6 35 306 176 422 667 273 229 293 130 185 297 673
1 4 16
459 108 61 189 312 496 177 130 302 632 622 129 246 133 278 596
1 4 6
76 25 20 181 183 362
1 11 10
304 64 456 94 78 320 208 440 463 649
1 7 6
662 321 366 455 339 627
1 4 13
278 458 279 188 37 689 502 375 434 520 535 550 592
1 17 13
336 222 204 504 178 324 497 391 76 360 411 433 600
1 2 14
608 291 74 104 438 385 131 323 380 266 205 101 620 501
1 4 7
46 581 652 51 62 70 222
1 3 14
675 163 617 587 1 539 406 381 134 252 448 498 522 679
1 1 11
59 377 526 595 571 448 402 261 202 350 648
1 11 10
116 397 118 322 244 250 187 604 34 450
1 9 12
77 144 7 457 473 203 590 169 107 160 200 351
1 17 6
434 255 344 382 286 447
1 20 11
399 676 352 492 123 9 619 673 442 524 528
1 15 9
550 252 294 45 97 101 139 186 317
1 16 15
501 515 330 564 62 110 256 537 42 520 672 0 159 327 680
1 13 11
647 258 417 443 554 371 535 365 22 207 496
1 8 7
239 578 63 97 292 660 446
1 19 12
624 465 562 193 589 41 185 345 219 390 551 697
1 1 17
143 570 379 85 387 40 681 584 441 339 233 133 83 64 189 305 631
1 17 14
50 69 426 591 242 597 12 639 257 478 688 559 634 540
1 13 9
592 226 214 236 0 231 221 604 692
1 1 11
350 44 99 508 666 680 289 241 42 112 340
1 10 13
638 168 52 288 506 511 447 84 225 233 269 285 533
1 17 13
670 259 362 489 471 355 648 340 96 293 485 595 606
1 9 12
140 56 301 192 513 474 414 533 83 131 377 432
1 4 14
282 272 136 353 442 686 654 160 223 331 631 134 611 244
1 15 11
602 251 582 114 281 196 149 346 529 663 284
1 12 13
13 576 394 392 170 220 574 503 27 692 269 410 238
1 4 7
610 491 80 151 232 469 688
1 18 13
446 180 445 3 685 285 32 14 642 228 353 471 584
1 13 13
179 309 212 337 696 560 310 5 468 157 213 518 266
1 9 11
328 265 147 514 378 184 117 429 364 368 507
1 1 14
609 563 659 70 106 646 202 325 145 532 237 250 290 492
1 12 10
605 36 384 172 125 569 530 216 37 369
1 18 9
475 452 398 629 111 557 409 382 383
1 2 6
319 81 2 326 457 641
1 15 12
57 363 153 401 439 472 495 484 198 164 510 341
1 18 10
454 171 623 47 10 657 20 46 231 646
1 19 12
329 677 415 449 509 139 201 683 23 9 155 308
1 1 11
243 132 697 612 579 512 300 600 594 58 428
1 6 11
651 687 297 425 470 268 679 29 38 404 615
1 1 10
432 152 486 625 87 127 572 47 468 668
1 8 10
463 49 671 507 283 316 172 378 625 650
1 4 7
156 280 521 302 620 664 698
1 10 14
181 467 640 247 669 556 120 105 395 31 122 333 481 582
1 3 15
485 318 516 481 267 16 30 668 51 583 405 67 204 521 634
1 16 2
67 544
1 3 14
48 54 137 566 546 408 128 341 601 277 18 298 291 591
1 18 10
389 428 357 404 240 89 255 258 537 666
1 20 8
295 493 33 103 334 183 461 170
1 13 5
150 370 585 92 226
1 3 7
15 230 34 21 329 441 583
1 9 7
665 138 274 555 313 402 622
1 9 7
175 146 121 260 472 519 659
1 2 17
684 586 317 58 253 580 148 290 400 165 606 284 161 142 365 499 686
1 12 12
194 372 541 644 433 664 296 88 626 359 208 555
1 4 7
655 4 100 191 193 242 651
1 15 15
411 542 155 369 693 661 543 142 227 477 487 80 141 214 586
1 15 9
386 347 245 305 84 164 359 462 608
1 7 5
431 637 73 82 330
1 13 13
332 490 109 75 549 691 21 232 568 698 198 470 577
1 7 13
393 588 483 112 630 191 31 48 72 294 316 552 696
1 12 16
93 135 627 162 641 315 444 197 374 462 299 413 479 18 292 636
