700 80 1085 20
1 3 10 11 18 17 11 17 17 9 12 8 13 29 20 29 16 9 18 28 12 2 19 11 8 29 15 1 5 21 7 25 29 29 21 27 23 14 15 9 8 15 21 22 9 12 8 15 2 4 24 27 10 4 7 16 10 27 13 14 7 25 10 13 9 10 29 22 13 28 12 1 10 14 4 14 28 26 20 16 23 19 18 22 23 13 19 16 9 29 17 29 29 24 3 29 19 21 27 21 4 17 18 8 26 14 29 21 27 16 27 23 19 14 18 17 4 10 1 4 23 28 2 30 23 26 16 2 23 4 28 21 19 4 24 12 5 18 11 26 9 6 12 17 12 12 19 27 29 3 9 27 15 7 19 26 24 29 5 17 19 16 24 11 12 27 7 1 24 9 9 9 20 29 5 4 12 18 13 24 24 6 2 11 1 5 14 20 11 26 3 27 26 17 28 9 17 10 28 29 4 30 27 10 4 3 19 15 6 14 21 4 9 26 16 28 18 23 29 12 17 1 6 8 17 22 3 19 8 9 14 14 21 23 1 27 10 20 5 14 8 12 6 22 2 28 8 22 27 16 8 12 24 23 3 6 14 27 18 12 11 4 12 7 30 24 2 4 18 25 27 12 24 17 1 13 12 21 22 30 4 3 28 28 24 26 4 24 5 20 28 1 12 28 5 21 14 5 2 10 11 12 9 10 25 2 25 13 3 29 5 17 10 6 13 29 29 21 15 4 5 1 23 2 30 23 27 13 27 28 1 24 2 19 24 4 5 2 16 12 28 3 29 23 9 16 28 13 8 6 6 27 23 1 15 10 27 25 29 7 9 29 14 24 10 18 19 23 6 23 21 28 18 25 15 15 17 29 28 30 15 19 17 24 4 23 2 23 13 28 17 9 17 10 24 29 14 15 13 4 19 20 13 28 5 21 22 9 29 14 4 7 18 11 28 8 18 8 20 23 20 6 5 7 17 9 2 3 29 5 24 23 26 9 30 27 26 1 1 15 13 22 23 30 6 10 1 8 21 11 1 29 9 18 25 26 9 5 9 28 10 13 8 20 17 9 8 9 28 20 11 15 26 10 18 5 6 23 9 21 21 16 4 17 6 22 21 10 12 21 1 20 14 11 13 22 9 28 7 23 9 30 13 7 14 16 23 17 3 5 28 14 28 2 4 28 7 26 5 17 23 6 4 16 18 19 8 15 18 17 28 11 22 12 3 23 17 14 12 24 11 29 22 22 16 20 9 17 4 24 22 3 3 30 11 26 26 24 8 30 14 12 24 26 17 18 4 5 27 7 20 9 16 5 9 3 17 17 1 8 3 2 26 21 16 15 24 21 23 9 19 18 6 8 13 5 14 18 10 9 20 30 22 26 15 18 14 2 19 12 9 9 3 14 23 23 30 21 13 3 13 8 22 6 7 28 22 12 21 13 8 19 4 23 4 7 25 27 27 21 30 30 18 28 22 23 27 9 26 4 16 9 24 1 21 18 11 28 6 29 22 15 22 19 18 2 9 15 25 5 8 8 23 11 17 16 4 8 23 22 4 28 1 17 15 11 25 11 16 7 30 21 18 17 27 29 16 8 12 14
5 5 13 22 21 5 12 20 23 13 8 7 20 22 6 12 7 12 17 29 15 24 11 14 27 15 29 16 1 12 27 3 20 20 1 6 23 6 27 16 19 18 26 22 10 4 7 14 29 18 24 19 16 3 11 5 6 5 11 21 27 7 26 14 28 30 21 18 7 25 26 24 6 18 16 13 4 8 15 4 21 2 11 19 15 4 9 9 22 6 9 9 13 3 29 19 8 22 23 9 8 13 25 24 5 25 19 12 29 14 5 19 24 4 2 28 4 20 22 9 2 7 12 22 9 5 10 23 29 27 5 10 23 21 6 2 30 7 14 5 22 21 24 15 16 18 16 11 14 24 8 11 17 7 11 3 19 25 15 21 18 16 28 25 11 27 24 29 5 13 7 9 26 11 17 2 14 16 16 20 2 23 8 25 1 9 19 21 1 7 14 14 21 18 6 15 1 4 16 9 13 22 17 19 3 14 10 14 8 28 5 3 16 24 24 7 19 22 9 12 6 17 5 18 7 26 3 3 20 28 30 5 15 11 18 11 27 23 24 13 30 1 16 13 26 11 18 16 12 30 23 21 18 25 6 28 13 13 7 2 23 9 24 13 27 22 2 4 10 30 7 1 23 8 11 28 28 1 11 20 26 20 15 14 17 19 26 20 12 1 10 20 16 22 23 24 7 29 14 7 2 13 23 26 29 3 12 1 5 16 23 21 20 2 12 11 11 11 27 16 2 24 18 12 2 17 1 10 25 14 23 19 22 18 24 30 20 18 12 26 1 18 6 14 17 3 16 10 15 20 13 6 17 15 12 2 1 10 24 14 23 15 2 17 25 2 5 12 16 3 27 5 11 8 24 17 22 3 28 7 25 27 4 16 6 22 29 24 11 4 26 30 18 21 20 10 26 4 30 24 14 15 16 22 23 14 12 10 22 30 23 26 3 21 20 21 12 21 20 28 11 6 8 22 25 5 20 13 1 2 30 5 27 27 28 25 24 9 28 5 22 18 20 5 6 6 6 29 22 2 28 22 9 26 2 24 6 14 15 19 26 15 9 10 13 24 23 5 20 25 21 11 8 2 19 23 14 25 7 3 11 9 11 27 19 23 7 18 7 13 1 11 21 23 13 5 7 8 22 27 3 30 6 3 6 27 26 10 8 9 11 11 20 7 29 6 13 1 11 16 18 5 2 2 5 5 25 24 21 11 22 7 30 10 23 8 23 25 4 28 10 7 16 21 8 16 25 6 24 15 28 10 9 8 11 6 28 25 21 4 5 20 4 5 26 30 6 28 12 6 8 24 29 27 30 17 12 5 27 9 10 8 18 6 18 14 17 4 21 20 15 9 3 6 10 2 15 15 10 28 11 28 30 29 28 6 1 2 21 6 2 3 15 30 10 9 27 14 13 3 27 11 12 5 13 19 20 3 26 7 23 23 17 9 29 27 20 22 27 11 17 15 8 11 28 28 5 12 26 22 13 1 14 18 18 5 17 18 2 23 15 7 8 13 6 9 2 21 21 20 19 10 16 28 4 28 8 5 16 29 25 28 22 29 22 28 21 10 5 27 20 20 27 21 20 7 4 10 19 30
1 16 4
19 656 55 653
1 1 15
327 665 191 667 652 516 507 377 485 275 56 529 546 633 643
1 3 15
545 270 517 449 551 282 64 175 263 275 316 386 390 636 694
1 3 15
373 563 247 592 459 601 591 486 356 568 345 623 9 181 436
1 3 16
114 339 32 221 621 107 49 454 52 197 510 389 502 112 286 363
1 12 11
407 142 491 398 17 305 39 435 44 241 567
1 10 14
353 637 180 378 437 280 178 618 243 246 392 535 552 590
1 6 16
474 194 108 541 685 436 245 554 452 433 103 364 405 422 614 690
1 8 14
140 112 432 9 540 216 525 451 123 309 613 361 566 381
1 11 6
211 396 89 605 10 330
1 20 8
13 533 82 289 595 262 398 442
1 12 11
646 51 248 21 634 483 78 151 134 345 417
1 6 6
426 642 14 147 461 589
1 3 12
579 250 324 653 641 412 521 120 131 366 421 650
1 19 7
693 471 240 99 67 119 446
1 14 5
94 306 125 516 667
1 11 8
664 157 41 555 494 609 658 699
1 9 7
392 329 445 150 165 282 550
1 4 10
255 336 338 606 569 556 514 419 293 395
1 5 8
95 93 319 148 80 137 253 618
1 19 21
696 362 145 422 354 206 26 42 76 677 331 77 575 98 255 313 318 382 448 496 503
1 14 11
214 438 457 186 179 480 590 292 79 494 521
1 20 8
294 23 320 173 415 317 601 659
1 1 10
348 404 77 179 228 304 380 594 631 697
1 11 17
427 91 202 116 697 244 6 699 2 75 357 603 686 158 321 337 404
1 8 15
272 673 45 174 526 674 128 465 150 524 66 624 671 585 94
1 1 15
124 487 557 547 88 274 242 386 543 312 420 379 200 284 607
1 13 11
672 529 165 190 625 193 501 21 459 549 641
1 17 9
113 549 550 0 577 203 204 511 593
1 19 12
43 450 651 16 337 421 196 96 61 609 17 244
1 6 16
58 383 581 363 295 418 589 20 12 374 30 503 576 538 159 306
1 17 12
661 583 86 455 169 655 15 508 191 233 483 563
1 19 9
212 417 694 316 385 224 535 28 66
1 13 17
189 430 125 332 50 643 1 104 278 689 46 301 594 368 132 160 309
1 9 9
571 8 441 402 505 29 139 425 510
1 12 19
199 227 149 175 638 481 314 633 40 479 258 47 537 72 135 319 400 482 548
1 1 12
29 53 453 482 565 143 461 328 614 16 123 626
1 12 14
462 476 467 523 544 163 369 68 390 222 56 463 204 101
1 9 16
631 153 138 548 251 139 65 236 384 670 434 387 288 654 335 367
1 9 16
408 687 582 259 37 69 302 225 518 102 207 530 169 202 264 571
1 1 13
92 469 522 681 62 527 170 239 325 362 539 652 686
1 2 12
253 683 85 232 632 414 587 188 333 53 145 522
1 3 12
83 226 79 144 447 405 254 680 580 335 364 391
1 9 6
168 616 20 152 518 629
1 6 10
371 657 11 444 439 161 91 195 356 394
1 7 13
299 446 572 411 167 177 394 22 531 296 492 493 557
1 16 14
488 261 297 300 104 232 273 326 379 412 447 454 592 656
1 11 16
578 372 695 209 154 442 98 498 698 484 35 106 163 188 534 662
1 5 12
307 266 553 48 110 200 448 343 136 600 262 677
1 13 17
265 59 159 234 546 80 497 155 273 539 195 464 92 213 305 479 570
1 8 6
36 132 1 486 566 578
1 10 12
235 382 166 630 519 428 478 296 187 162 647 504
1 1 15
287 403 570 584 429 109 586 141 622 473 500 171 691 507 515
1 19 16
358 468 607 293 489 313 351 252 347 264 496 321 250 383 519 682
1 12 9
400 593 349 493 181 678 626 225 554
1 2 4
561 658 344 325
1 18 12
645 636 208 172 285 423 60 260 4 511 39 220
1 4 16
395 322 134 560 14 64 612 564 692 318 515 669 315 231 349 435
1 5 18
506 635 458 534 90 323 277 105 156 409 308 291 201 100 5 13 278 531
1 4 11
230 495 5 118 130 311 93 247 420 617 671
1 11 7
71 413 10 153 180 236 451
1 5 15
359 399 303 87 629 269 660 355 192 509 627 168 249 330 402
1 8 17
370 596 619 185 536 176 470 24 263 164 59 207 352 375 627 630 673
1 8 15
218 290 229 256 243 688 648 326 397 663 668 133 659 213 604
1 8 16
460 684 675 350 219 366 513 599 393 203 620 342 602 429 587 595
1 18 8
425 608 401 268 52 219 331 668
1 6 14
122 298 597 532 283 205 220 431 443 610 186 227 289 450
1 17 15
33 598 639 574 679 215 682 276 520 456 57 106 249 564 678
1 15 5
25 472 245 471 685
1 2 13
644 615 81 152 528 74 666 406 512 410 101 475 197
1 13 10
28 54 57 82 105 154 155 205 307 513
1 8 9
184 121 233 246 649 562 324 411 427
1 18 14
231 310 367 38 27 70 504 640 380 55 97 118 439 537
1 12 15
31 279 131 341 440 3 271 662 284 499 466 192 401 438 551
1 20 14
198 127 257 182 588 117 237 137 223 375 158 391 44 75
1 13 12
352 340 676 559 604 628 317 690 573 210 376 365
1 5 20
129 183 135 281 388 126 617 346 552 304 84 416 217 650 143 148 553 568 584 680
1 8 9
63 542 18 111 267 115 147 291 409
1 5 14
360 146 558 34 334 228 490 119 160 73 238 0 279 434
1 15 9
424 492 477 7 286 611 68 161 586
