800 93 1240 18
16 9 13 25 18 23 27 30 22 1 29 10 25 3 1 10 5 3 20 4 4 24 27 22 8 13 1 16 3 8 24 9 13 5 29 17 23 3 23 18 11 19 17 9 7 22 23 1 12 25 24 7 24 15 9 25 9 1 17 26 21 24 30 26 30 20 13 9 23 10 15 5 6 28 5 8 19 11 13 29 3 30 6 19 27 20 4 29 4 1 25 4 29 1 14 29 15 22 17 14 29 29 4 14 7 11 22 6 22 12 28 2 11 10 24 6 28 9 17 14 6 23 28 24 11 4 18 23 29 22 13 22 19 24 25 16 4 22 3 26 12 25 17 27 5 10 7 3 21 30 7 16 13 15 5 5 12 17 26 28 7 13 20 22 14 18 7 28 14 16 27 20 2 16 21 2 23 26 28 7 2 30 2 9 6 27 24 24 9 30 13 24 4 11 7 17 23 22 29 11 25 30 13 8 4 30 3 25 18 17 10 30 14 11 4 1 2 3 11 18 9 30 10 4 13 30 15 9 25 15 29 7 19 19 24 5 11 18 18 20 14 12 22 21 5 18 11 3 28 2 16 18 12 6 10 10 1 27 8 7 30 5 16 30 15 11 1 3 12 9 25 8 3 25 2 10 20 16 20 1 28 13 27 9 24 15 25 10 1 9 6 14 10 1 12 11 19 11 29 3 5 2 24 7 7 8 13 30 4 10 16 8 24 5 29 29 23 17 12 14 20 29 30 23 22 9 26 11 1 5 6 21 3 15 23 24 30 17 11 30 18 28 28 1 10 11 12 17 11 6 23 9 19 12 10 24 6 16 14 15 29 10 20 14 13 26 7 4 4 3 7 15 7 4 2 7 18 11 22 17 26 2 20 6 21 28 13 16 19 21 29 4 13 28 11 5 28 4 17 5 19 1 8 1 5 4 9 19 16 20 21 16 12 7 23 30 12 9 26 15 4 19 12 3 10 13 17 7 18 27 23 26 15 30 9 27 3 5 4 22 24 10 12 9 24 16 26 7 6 12 9 21 29 30 1 2 13 20 8 11 8 12 29 5 26 20 27 1 5 28 12 9 12 8 27 27 7 17 20 13 29 15 18 5 26 29 11 10 5 6 3 16 25 23 26 21 14 6 25 29 8 17 11 9 13 17 23 22 18 21 19 7 2 25 25 18 10 11 12 4 4 25 16 19 21 13 13 19 11 24 14 15 8 27 23 22 21 16 23 16 20 20 22 20 9 7 10 28 6 26 17 7 28 4 20 9 9 5 1 18 17 25 29 2 14 17 2 27 16 27 21 16 23 24 26 16 11 26 17 2 5 2 30 4 26 9 6 18 20 16 3 17 29 6 20 11 13 10 14 25 26 20 15 30 18 1 24 17 6 1 2 3 4 26 26 10 6 29 4 23 16 17 28 28 1 4 12 6 13 13 13 21 17 17 27 5 21 7 27 1 2 27 5 19 11 5 7 18 16 5 25 6 20 19 19 8 24 29 10 10 4 12 1 25 7 28 17 25 4 27 23 14 17 20 15 28 1 13 17 10 26 16 4 9 24 23 14 12 9 28 7 22 8 7 1 5 13 1 9 10 5 1 21 7 23 8 6 14 5 15 6 18 13 20 23 16 30 12 21 25 12 16 4 23 15 6 26 7 22 25 13 24 15 25 6 4 8 5 20 12 29 12 3 4 24 7 22 8 5 5 12 13 16 17 11 25 6 23 29 11 18 7 5 8 30 12 15 9 13 30 13 14 21 29 16 13 20 14 20 5 18 17 1 12 17 19 27 28 13 22 24 2 30 27 15 28 8 10 24 16
20 23 8 30 13 9 7 11 5 18 21 24 25 9 15 18 12 2 22 22 22 29 8 5 11 25 30 17 24 24 19 12 13 6 16 14 12 8 2 8 4 11 28 17 15 28 14 18 23 2 23 15 13 10 16 11 3 15 22 28 12 21 14 11 10 28 9 24 23 6 8 17 22 16 16 9 11 19 10 8 2 16 9 17 13 4 7 22 16 16 1 22 30 14 15 14 3 10 5 22 2 6 22 28 12 15 24 21 16 20 1 27 5 6 20 27 2 30 8 19 26 4 23 17 6 2 3 6 13 3 20 19 26 4 22 27 20 3 20 17 24 16 15 15 17 17 13 13 24 30 20 6 5 16 13 25 25 6 7 18 30 16 6 8 17 6 18 14 26 16 25 3 14 12 24 26 28 23 12 21 4 6 28 26 25 15 14 17 5 25 13 7 2 10 18 29 11 15 17 14 5 9 13 17 16 14 3 10 17 20 16 20 7 30 21 29 22 14 30 17 19 3 18 6 13 27 29 15 29 10 21 26 10 13 25 23 29 6 22 23 29 8 26 17 2 24 14 6 1 5 4 7 3 25 14 5 10 27 18 29 25 18 26 24 19 21 7 18 18 27 1 17 6 4 6 6 4 28 7 4 27 16 9 10 12 24 9 20 5 8 14 4 30 15 2 16 24 20 10 8 26 11 16 25 30 12 10 11 7 23 30 19 13 10 25 26 15 25 4 16 7 19 11 28 17 11 25 30 18 29 12 1 23 16 3 4 18 26 9 10 30 29 15 11 26 1 4 13 4 22 6 3 22 11 29 4 14 6 6 26 13 20 17 15 8 1 14 18 5 16 4 21 20 28 13 3 28 15 19 20 23 26 2 2 6 6 1 26 9 8 23 3 29 8 26 23 29 5 7 12 16 14 28 11 5 3 20 26 1 5 26 12 25 29 3 28 12 24 24 22 29 25 15 19 5 10 21 11 23 30 27 4 14 26 9 15 11 17 20 2 11 7 10 29 1 10 1 15 28 27 3 18 15 22 19 25 21 15 28 19 23 28 6 24 12 23 20 30 30 4 9 8 17 27 22 24 1 21 10 23 22 16 24 11 18 30 30 23 30 19 24 30 1 18 13 29 23 17 16 15 3 24 17 14 28 28 28 4 4 10 11 11 26 1 25 20 20 11 4 14 10 10 17 4 3 28 19 28 17 16 20 12 10 14 17 29 27 25 24 15 2 5 22 14 20 23 24 20 2 5 7 6 22 22 23 10 6 3 25 10 15 8 17 28 13 8 21 22 27 27 19 22 14 5 21 12 9 13 29 28 18 4 10 27 6 8 6 13 20 2 28 11 9 2 2 27 12 28 27 7 9 6 24 18 14 18 18 15 24 19 25 21 7 30 25 16 5 8 25 10 30 30 25 25 15 16 24 10 23 16 7 21 28 6 13 11 25 26 26 24 27 27 21 5 15 24 11 22 17 29 23 6 20 25 1 23 26 29 16 21 25 6 5 11 9 9 6 12 15 9 25 22 29 11 10 18 12 19 19 20 24 22 17 16 8 2 11 4 23 21 5 21 10 26 2 16 16 17 18 15 12 2 18 14 16 28 26 6 21 18 17 3 9 2 24 28 22 21 17 6 7 5 11 4 24 4 20 14 21 10 6 25 19 17 30 29 8 24 13 15 15 4 2 5 30 19 22 19 1 20 4 14 1 8 1 14 1 14 5 24 2 28 11 3 25 3 5 26 18 5 27 8 28 8 7 27 19 4 7 20 12 27 10 15 1 24 11 17 21 27 6 7 19 1 10 1 3 30 8 17
1 14 8
591 372 28 599 414 375 418 537
1 18 18
780 35 337 416 387 306 75 548 382 37 740 45 592 363 90 401 553 649
1 1 14
257 350 631 38 322 728 706 242 478 495 76 410 22 512
1 13 9
431 583 375 670 331 169 193 293 415
1 19 8
277 84 536 793 205 612 278 556
1 3 10
691 123 85 87 148 187 451 457 488 753
1 6 6
135 299 153 239 596 694
1 20 7
403 243 267 39 137 498 781
1 6 7
766 754 142 606 16 209 390
1 18 14
298 185 620 622 448 645 702 460 247 395 575 284 683 741
1 9 13
763 568 95 252 562 799 722 150 259 358 385 432 636
1 2 13
466 290 219 7 759 499 785 411 213 171 577 672 673
1 9 5
361 224 304 69 681
1 15 8
174 2 626 435 680 338 618 736
1 18 4
253 602 663 219
1 2 14
692 231 619 686 712 576 178 98 687 229 294 676 714 788
1 20 14
258 795 673 220 254 229 234 197 142 371 463 469 666 716
1 8 12
455 585 531 747 503 324 665 546 469 761 769 520
1 1 15
3 407 560 776 698 693 704 391 107 36 57 96 298 412 417
1 13 15
610 332 639 10 50 385 709 544 255 682 364 524 160 500 695
1 8 15
423 400 635 771 237 458 312 389 476 494 149 45 568 619 663
1 20 11
118 301 402 132 55 367 395 602 627 653 749
1 12 6
241 537 122 552 525 710
1 2 8
720 208 147 701 772 773 191 245
1 11 11
65 611 662 359 275 355 556 643 695 423 558
1 11 17
392 320 184 351 461 239 383 441 57 48 226 667 31 310 642 662 745
1 8 11
302 321 278 327 549 454 29 94 215 578 585
1 10 19
202 590 43 656 250 379 514 367 445 440 492 308 518 261 496 277 413 548 580
1 14 10
696 192 534 260 134 438 185 416 522 730
1 9 15
733 651 151 453 718 734 93 183 146 66 547 362 190 289 56
1 11 6
497 238 81 569 272 530
1 10 19
474 565 694 502 504 729 251 532 579 535 380 72 365 140 640 84 204 279 342
1 6 20
539 603 263 310 36 779 741 557 541 115 719 139 34 179 206 414 489 492 600 644
1 13 8
113 715 388 399 543 714 574 675
1 18 20
783 627 791 404 228 189 313 336 436 166 707 589 210 159 593 580 83 184 347 613
1 17 6
318 173 6 145 337 525
1 19 14
737 468 170 758 295 99 443 13 353 89 425 465 519 651
1 15 7
721 62 111 461 583 603 762
1 19 20
420 157 16 240 617 505 17 172 70 125 265 194 522 44 0 398 61 485 654 782
1 9 4
236 723 292 76
1 12 19
119 507 80 6 94 405 88 561 23 664 486 206 69 425 100 72 265 509 766
1 2 10
629 230 341 175 110 269 163 195 709 776
1 8 8
374 369 377 78 154 255 484 770
1 7 12
595 112 186 479 421 684 587 564 91 368 70 261
1 2 19
725 347 790 394 755 477 637 456 428 618 748 152 281 101 105 131 170 588 763
1 18 16
634 315 614 510 577 106 131 652 245 330 749 316 187 744 121 342
1 19 10
233 406 498 558 735 559 553 688 555 424
1 19 10
731 463 415 784 303 346 286 133 468 771
1 5 13
533 625 661 285 158 605 349 745 752 18 599 610 657
1 11 11
128 738 654 632 103 82 690 168 199 379 734
1 13 17
566 87 792 653 447 582 508 116 597 163 422 264 366 25 482 494 731
1 20 14
145 433 746 636 309 344 40 225 389 391 444 586 717 743
1 2 14
314 427 509 167 396 373 726 764 586 381 470 108 562 564
1 12 7
679 442 74 52 641 68 60
1 12 22
408 1 526 325 644 573 646 248 781 83 329 574 203 604 471 9 242 285 319 359 539 589
1 4 12
114 685 296 672 659 271 283 178 370 447 697 727
1 9 13
54 649 130 9 390 419 608 613 34 74 380 443 452
1 9 15
334 11 105 708 750 4 188 63 446 97 457 307 44 547 608
1 17 14
756 584 623 788 300 352 789 528 279 418 31 333 29 392
1 10 7
472 180 25 65 273 650 700
1 5 5
117 47 8 201 757
1 2 18
291 669 305 727 274 480 26 596 335 449 633 8 300 477 560 629 726 738
1 16 4
563 360 177 335
1 15 8
212 171 705 67 227 511 527 686
1 12 11
133 760 266 452 89 624 450 269 386 623 732
1 2 5
51 697 273 234 667
1 5 9
124 465 200 272 615 386 149 254 399
1 18 9
27 15 545 630 413 216 554 233 529
1 14 18
774 199 713 473 104 475 739 215 515 270 5 116 221 271 325 419 557 643
1 13 10
143 540 317 376 517 753 340 207 518 735
1 9 14
12 501 724 328 777 294 538 24 141 221 655 203 340 779
1 12 18
520 41 256 551 14 742 500 786 195 529 20 607 462 81 99 110 590 777
1 9 4
542 204 192 435
1 3 10
796 485 21 297 30 63 68 546 774 794
1 14 8
794 137 50 211 284 410 718 740
1 17 16
191 650 198 490 703 370 42 775 550 521 594 56 252 660 698 767
1 12 19
58 127 102 120 581 109 778 196 483 609 339 148 464 770 33 134 280 526 742
1 12 15
681 60 675 439 798 523 677 743 218 736 683 159 524 584 773
1 7 13
211 765 717 716 767 108 323 572 46 52 55 86 117
1 7 20
73 319 246 484 506 249 209 710 177 348 280 616 343 732 75 250 291 406 708 721
1 11 10
222 176 393 182 482 262 155 156 439 472
1 9 21
601 432 787 519 762 571 567 489 429 356 223 488 628 288 136 412 14 256 369 691 747
1 19 13
658 751 444 527 757 426 467 511 22 676 123 182 639
1 15 14
168 164 668 797 293 32 354 49 181 689 647 66 470 756
1 5 9
657 19 578 782 225 23 514 536 661
1 12 15
768 588 417 730 397 598 268 244 513 678 53 111 2 344 587
1 9 9
512 144 570 61 71 141 152 253 311
1 18 9
459 126 64 530 326 92 77 647 688
1 3 14
86 214 516 384 59 345 371 138 700 378 357 101 445 462
1 2 20
699 621 276 78 161 674 232 437 311 217 600 666 491 430 266 345 426 563 685 780
1 8 6
493 165 487 638 481 394
1 3 18
282 648 671 409 162 711 287 434 154 451 79 39 660 642 129 10 552 690
1 13 5
235 96 188 241 795
