500 79 775 33
13 21 18 18 34 39 18 12 23 36 39 33 31 36 30 37 24 27 33 13 22 11 34 11 23 13 28 17 27 31 19 32 24 27 31 23 23 15 31 24 28 38 31 19 31 32 30 38 37 31 17 20 19 19 28 26 35 35 38 32 28 18 35 21 28 36 12 13 35 12 21 35 35 21 36 33 39 28 13 40 31 11 13 25 23 11 12 16 34 30 40 20 39 36 27 17 38 31 35 17 27 28 22 16 35 28 13 12 18 18 19 27 20 20 29 37 13 35 14 11 15 12 38 20 28 37 28 19 18 14 29 40 40 31 27 23 19 23 29 34 24 21 19 30 34 16 33 15 34 11 36 23 36 34 28 17 25 39 28 25 26 18 30 20 18 25 14 37 26 36 18 18 35 12 14 26 24 32 23 17 40 25 31 22 36 33 21 30 20 30 38 13 28 31 11 11 27 14 31 12 28 39 31 35 34 39 11 37 39 24 30 13 15 23 19 38 24 39 20 25 25 11 19 40 30 25 32 14 30 11 18 29 28 15 12 12 27 17 38 37 14 16 39 40 11 30 29 33 11 17 27 11 26 14 13 14 30 34 12 13 22 14 16 34 35 33 29 26 20 40 32 29 16 21 25 14 27 17 11 21 21 34 25 20 39 16 27 23 28 39 39 21 21 35 26 34 38 34 12 18 26 21 29 21 19 11 24 35 12 40 31 21 32 27 13 15 38 20 38 14 28 20 26 23 34 22 28 27 32 34 11 37 14 11 36 14 38 38 11 34 24 35 28 18 29 20 38 31 25 40 20 31 22 35 38 16 24 33 27 33 26 38 17 21 25 21 28 32 21 39 22 22 34 34 19 27 11 14 30 28 16 17 40 23 27 22 28 25 20 14 37 18 38 23 29 25 11 29 19 12 23 23 15 24 29 29 28 35 11 29 30 23 21 20 25 28 22 22 12 13 17 14 20 35 30 11 35 20 16 15 27 35 22 34 20 31 19 31 28 25 20 16 32 14 37 35 17 40 20 22 11 34 35 14 28 20 20 15 39 26 26 24 40 18 24 17 11 24 27 24 39 28 33 12 27 28 39 15 33 29 28 33 34 30 27 39 35 16 16 34 21 35 16 11 34 24 15 11 28 22
3 11 8 8 24 29 8 2 13 26 29 23 21 26 20 27 14 17 23 3 12 1 24 1 13 3 18 7 17 21 9 22 14 17 21 13 13 5 21 14 18 28 21 9 21 22 20 28 27 21 7 10 9 9 18 16 25 25 28 22 18 8 25 11 18 26 2 3 25 2 11 25 25 11 26 23 29 18 3 30 21 1 3 15 13 1 2 6 24 20 30 10 29 26 17 7 28 21 25 7 17 18 12 6 25 18 3 2 8 8 9 17 10 10 19 27 3 25 4 1 5 2 28 10 18 27 18 9 8 4 19 30 30 21 17 13 9 13 19 24 14 11 9 20 24 6 23 5 24 1 26 13 26 24 18 7 15 29 18 15 16 8 20 10 8 15 4 27 16 26 8 8 25 2 4 16 14 22 13 7 30 15 21 12 26 23 11 20 10 20 28 3 18 21 1 1 17 4 21 2 18 29 21 25 24 29 1 27 29 14 20 3 5 13 9 28 14 29 10 15 15 1 9 30 20 15 22 4 20 1 8 19 18 5 2 2 17 7 28 27 4 6 29 30 1 20 19 23 1 7 17 1 16 4 3 4 20 24 2 3 12 4 6 24 25 23 19 16 10 30 22 19 6 11 15 4 17 7 1 11 11 24 15 10 29 6 17 13 18 29 29 11 11 25 16 24 28 24 2 8 16 11 19 11 9 1 14 25 2 30 21 11 22 17 3 5 28 10 28 4 18 10 16 13 24 12 18 17 22 24 1 27 4 1 26 4 28 28 1 24 14 25 18 8 19 10 28 21 15 30 10 21 12 25 28 6 14 23 17 23 16 28 7 11 15 11 18 22 11 29 12 12 24 24 9 17 1 4 20 18 6 7 30 13 17 12 18 15 10 4 27 8 28 13 19 15 1 19 9 2 13 13 5 14 19 19 18 25 1 19 20 13 11 10 15 18 12 12 2 3 7 4 10 25 20 1 25 10 6 5 17 25 12 24 10 21 9 21 18 15 10 6 22 4 27 25 7 30 10 12 1 24 25 4 18 10 10 5 29 16 16 14 30 8 14 7 1 14 17 14 29 18 23 2 17 18 29 5 23 19 18 23 24 20 17 29 25 6 6 24 11 25 6 1 24 14 5 1 18 12
1 18 5
133 282 9 367 418
1 9 9
178 448 334 145 62 242 51 89 194
2 9 14
208 183 148 59 276 418 358 45 101 135 184 277 315 456
3 8 12
23 128 301 442 236 321 119 183 233 330 429 491
1 16 5
60 269 344 385 425
3 17 6
429 132 184 91 75 482
1 10 9
245 238 467 168 367 140 297 487 488
2 9 15
452 325 465 66 444 426 298 391 7 44 113 170 284 300 386
4 11 9
419 447 172 493 414 477 389 324 346
2 8 10
253 254 49 285 115 99 63 189 107 393
2 6 5
173 466 474 116 437
4 13 8
105 411 490 356 336 34 319 43
1 5 20
193 181 164 194 120 41 8 116 292 204 42 146 148 190 250 344 378 392 410 473
1 11 5
272 171 342 290 144
1 26 5
361 339 85 157 318
1 13 10
357 491 58 108 117 195 204 205 428 490
1 6 9
25 20 475 464 258 127 130 153 181
2 6 10
51 333 166 125 396 249 263 377 388 451
1 8 10
461 468 151 225 38 258 366 445 471 493
2 7 11
401 112 37 434 402 140 22 162 164 285 417
2 9 12
69 256 359 454 144 317 440 142 165 191 275 391
1 5 16
283 347 93 398 405 87 84 159 65 415 79 90 119 141 420 452
1 12 7
370 390 202 259 408 465 499
1 8 8
363 294 455 48 221 80 227 303
2 12 3
73 412 39
1 9 8
32 469 210 196 155 339 376 497
2 12 6
50 223 251 137 68 337
5 12 15
329 31 42 109 244 423 123 163 350 35 37 65 74 111 217
5 11 13
369 326 36 450 286 27 449 291 394 479 118 145 469
1 8 9
222 89 197 226 488 92 56 76 256
3 13 8
239 252 451 331 416 5 496 379
2 8 17
315 1 421 114 104 111 386 157 495 15 29 84 187 212 226 291 436
6 15 11
307 201 78 280 308 445 265 11 16 53 219
4 9 15
97 188 322 470 335 214 240 212 330 409 47 193 306 439 466
1 5 13
310 170 320 4 96 453 182 300 77 487 234 342 480
2 15 12
406 304 224 312 3 66 156 240 327 335 411 475
1 5 15
436 482 81 118 167 261 420 17 35 209 27 71 128 203 486
1 12 5
433 85 70 389 461
4 12 10
498 52 211 437 484 74 314 404 438 440
2 16 9
129 392 270 165 150 224 321 345 460
4 15 12
486 100 55 373 142 288 29 41 112 328 340 468
2 13 6
271 61 385 247 49 463
1 19 4
438 187 252 319
1 9 8
328 417 274 255 185 283 336 462
3 13 14
186 346 407 117 106 343 30 122 149 169 242 265 286 356
4 12 8
234 94 348 156 158 141 177 281
2 11 13
323 446 180 161 432 215 372 63 171 172 363 390 457
1 14 13
233 237 284 462 20 133 223 229 320 375 388 395 422
1 6 9
121 82 232 102 295 424 153 143 105
1 15 7
228 250 150 161 271 424 481
4 11 12
227 177 324 169 289 86 287 366 345 149 163 199
1 6 10
219 268 6 110 18 422 130 60 427 458
3 18 10
375 354 190 101 47 297 75 202 387 405
3 12 13
103 277 264 134 352 33 120 152 180 312 349 368 470
2 7 15
3 67 351 95 113 207 316 191 278 26 0 59 82 114 295
4 13 13
481 192 19 360 205 131 492 231 463 30 237 313 444
5 12 13
267 471 176 241 154 14 489 185 71 275 94 245 362
5 10 14
70 279 305 497 427 80 378 12 494 299 34 124 244 432
2 19 5
365 337 483 102 450
1 12 4
380 246 123 435
1 18 6
318 127 134 160 207 347
1 15 6
382 43 243 460 125 365
3 12 15
428 54 456 431 79 439 443 11 64 210 228 255 294 314 317
2 17 5
28 56 260 296 206
6 14 12
397 306 459 476 383 98 160 200 198 387 282 296
2 13 7
0 216 217 368 67 406 430
1 5 9
341 262 7 40 430 393 400 126 92
3 8 11
338 199 83 220 24 179 485 313 174 6 401
1 10 6
124 235 2 5 55 96
1 7 11
206 362 68 458 457 139 399 402 448 459 478
6 12 14
293 413 257 425 441 138 136 281 33 374 16 77 348 399
2 8 16
384 499 90 311 230 162 480 309 203 147 36 39 214 232 247 492
1 3 12
2 473 175 355 303 364 107 213 155 135 100 246
4 14 12
381 248 410 302 353 478 13 44 69 137 197 354
4 15 9
76 349 403 472 57 327 266 229 95
1 7 10
10 195 38 88 408 9 340 359 433 446
1 8 8
64 395 332 218 249 304 352 407
3 11 11
273 371 376 46 152 21 72 22 126 151 341
1 22 5
146 435 48 221 287
