300 78 465 20
12 31 39 21 25 11 14 26 28 13 13 35 22 13 16 40 12 25 31 37 31 15 19 25 31 28 30 32 36 22 16 38 22 28 18 36 33 21 36 28 40 15 22 20 22 35 24 36 20 27 35 32 26 15 39 28 19 26 15 23 12 21 32 29 30 21 16 12 25 13 25 37 22 14 40 27 12 22 22 33 32 23 30 13 25 16 28 18 39 35 14 28 28 40 24 13 37 13 12 29 21 24 20 20 19 38 12 18 29 11 13 20 19 16 35 28 25 33 20 37 22 33 35 40 19 25 24 40 13 24 14 19 39 28 30 14 18 25 31 31 29 32 19 13 14 31 33 11 14 26 33 13 26 12 28 12 38 23 34 11 37 11 30 19 21 40 14 22 17 15 20 13 25 32 20 31 24 12 19 16 14 34 30 17 16 23 11 37 17 22 40 23 27 16 25 39 35 34 28 38 18 37 35 13 13 24 23 36 31 40 36 13 14 21 37 29 16 21 11 14 21 11 34 15 32 15 16 13 34 33 30 27 29 34 30 39 39 11 34 29 34 39 17 23 22 11 29 40 22 20 14 31 37 26 37 21 34 22 26 11 38 13 40 16 20 32 40 32 37 30 12 25 26 31 36 23 21 14 23 24 17 32 22 30 25 16 17 21 17 38 13 40 35 23 28 24 19 32 35 28
2 21 29 11 15 1 4 16 18 3 3 25 12 3 6 30 2 15 21 27 21 5 9 15 21 18 20 22 26 12 6 28 12 18 8 26 23 11 26 18 30 5 12 10 12 25 14 26 10 17 25 22 16 5 29 18 9 16 5 13 2 11 22 19 20 11 6 2 15 3 15 27 12 4 30 17 2 12 12 23 22 13 20 3 15 6 18 8 29 25 4 18 18 30 14 3 27 3 2 19 11 14 10 10 9 28 2 8 19 1 3 10 9 6 25 18 15 23 10 27 12 23 25 30 9 15 14 30 3 14 4 9 29 18 20 4 8 15 21 21 19 22 9 3 4 21 23 1 4 16 23 3 16 2 18 2 28 13 24 1 27 1 20 9 11 30 4 12 7 5 10 3 15 22 10 21 14 2 9 6 4 24 20 7 6 13 1 27 7 12 30 13 17 6 15 29 25 24 18 28 8 27 25 3 3 14 13 26 21 30 26 3 4 11 27 19 6 11 1 4 11 1 24 5 22 5 6 3 24 23 20 17 19 24 20 29 29 1 24 19 24 29 7 13 12 1 19 30 12 10 4 21 27 16 27 11 24 12 16 1 28 3 30 6 10 22 30 22 27 20 2 15 16 21 26 13 11 4 13 14 7 22 12 20 15 6 7 11 7 28 3 30 25 13 18 14 9 22 25 18
2 15 5
38 36 214 210 166
2 15 6
56 47 43 148 165 187
1 15 3
116 284 144
3 8 6
6 72 117 21 245 38
1 9 8
89 272 30 181 137 80 154 197
1 17 5
77 297 28 143 212
3 13 6
131 202 212 242 122 35
1 10 3
255 163 298
2 12 7
262 264 200 218 88 95 113
1 14 9
18 121 191 11 17 54 90 107 129
1 5 7
185 124 169 277 10 86 120
2 13 8
266 142 269 213 250 40 261 292
1 8 6
279 41 108 90 50 93
1 7 8
33 259 274 144 66 177 41 246
1 11 5
226 109 96 85 124
1 12 8
240 120 34 40 66 210 250 260
2 9 10
88 103 76 174 70 23 125 153 205 280
1 24 3
15 239 218
2 14 4
140 87 59 292
2 25 7
54 173 207 19 36 103 117
1 13 8
187 71 60 156 94 155 162 296
3 12 8
241 249 184 197 37 104 170 171
3 14 7
29 68 136 265 233 199 65
2 13 6
135 224 194 83 189 215
1 7 7
261 52 223 34 72 84 109
1 25 4
105 27 61 263
1 9 7
81 271 154 91 111 122 273
1 20 3
25 80 112
4 13 8
101 170 24 282 57 115 108 275
2 10 8
215 22 257 100 93 293 26 128
1 17 4
85 289 238 30
1 14 6
299 113 114 33 175 253
1 8 6
139 290 270 51 75 266
2 18 5
236 20 49 158 209
4 17 8
208 298 112 127 102 230 37 269
1 7 7
7 150 258 253 17 130 230
1 4 5
159 288 158 178 254
3 11 11
119 58 51 97 16 45 47 101 147 204 271
1 15 5
160 209 74 219 224
3 9 7
231 130 48 172 53 240 291
1 5 4
147 118 27 257
2 20 4
252 235 216 137
2 17 7
246 183 254 13 29 42 216
1 7 6
186 134 129 78 50 55
2 8 6
276 287 69 9 138 106
2 23 7
222 31 75 6 12 131 173
2 7 5
4 84 161 5 281
1 6 3
178 211 68
2 9 8
206 44 179 205 70 142 164 237
2 10 9
251 141 106 234 267 95 97 200 284
2 16 7
64 63 201 189 239 243 286
1 14 5
195 275 296 255 299
2 9 9
232 32 155 14 57 82 134 172 186
1 9 7
67 82 168 2 98 150 161
1 7 3
244 204 274
2 23 5
190 278 260 140 236
2 10 8
151 12 192 157 48 67 193 265
3 14 6
132 10 294 86 1 221
1 15 5
217 283 23 169 195
1 12 3
285 133 287
1 11 4
62 171 98 281
2 9 8
188 79 42 83 94 136 145 256
1 10 7
227 198 295 24 132 185 258
1 14 7
167 65 165 49 214 262 270
2 12 5
256 148 203 111 291
1 7 9
248 280 146 182 126 228 43 227 293
4 16 7
28 99 8 164 13 11 166
1 6 14
128 125 0 46 175 110 7 182 192 196 226 229 244 297
4 7 6
225 237 73 263 153 268
1 15 4
61 162 21 138
1 18 2
3 45
2 16 5
2 220 149 145 180
2 16 5
193 176 19 196 52
1 24 6
92 247 0 203 259 294
1 7 6
180 152 143 243 198 228
1 13 4
107 39 18 63
1 26 5
229 123 64 118 183
1 11 6
26 35 273 286 127 208
