500 87 775 33
35 12 25 28 35 35 30 27 17 38 35 26 40 20 40 29 26 25 29 36 36 11 17 21 17 28 11 21 33 17 11 21 34 29 26 24 16 36 37 16 24 33 40 16 36 35 14 24 30 23 27 17 31 12 24 34 25 34 40 27 34 13 30 24 11 40 12 23 29 17 36 12 40 39 35 31 12 15 31 22 32 17 18 28 28 31 17 26 11 37 27 13 24 14 16 38 15 25 34 38 26 27 30 21 31 33 20 30 36 37 11 24 24 20 22 18 36 34 11 21 25 26 28 37 38 40 17 11 29 23 13 18 22 28 33 11 32 39 16 35 26 21 39 22 35 22 19 40 24 23 35 16 32 22 32 32 16 31 32 27 27 12 29 28 31 39 32 38 11 11 14 31 33 16 19 37 25 20 35 38 13 35 36 28 40 28 27 36 32 20 39 37 29 21 38 11 19 14 23 32 36 19 14 12 33 29 18 26 24 12 20 13 36 31 24 13 19 13 17 17 17 19 31 13 35 11 12 30 33 31 26 40 14 21 19 17 17 22 26 37 13 30 19 23 40 14 18 13 37 32 16 40 12 39 26 40 40 29 19 19 14 31 26 21 40 16 35 38 33 20 18 40 18 31 23 33 39 13 31 39 11 26 24 29 33 18 18 23 39 35 18 29 24 13 34 17 27 27 18 36 11 19 23 34 30 27 40 14 31 25 19 27 23 20 34 22 40 39 18 22 22 30 15 28 25 22 37 38 30 23 32 18 14 32 17 14 23 15 20 18 24 26 33 40 26 38 33 14 26 26 13 31 26 30 16 39 38 19 22 36 39 34 28 37 17 33 12 29 26 39 18 39 14 21 23 15 38 24 15 26 25 15 11 33 22 19 32 24 32 16 14 11 32 34 18 34 15 16 14 28 25 25 40 40 12 13 30 11 30 40 24 27 25 15 13 18 27 40 19 34 26 35 13 31 36 22 31 17 32 17 36 33 37 13 34 28 37 39 36 27 13 13 15 31 40 32 39 37 33 14 18 34 32 30 33 13 26 38 33 28 34 14 32 31 40 25 29 20 11 40 11 39 19 20 29 25 11 23 37 31 18 34 35 13 30 29 29 33 24 24 15 12 32 24 16 19 32 36 25 27
25 2 15 18 25 25 20 17 7 28 25 16 30 10 30 19 16 15 19 26 26 1 7 11 7 18 1 11 23 7 1 11 24 19 16 14 6 26 27 6 14 23 30 6 26 25 4 14 20 13 17 7 21 2 14 24 15 24 30 17 24 3 20 14 1 30 2 13 19 7 26 2 30 29 25 21 2 5 21 12 22 7 8 18 18 21 7 16 1 27 17 3 14 4 6 28 5 15 24 28 16 17 20 11 21 23 10 20 26 27 1 14 14 10 12 8 26 24 1 11 15 16 18 27 28 30 7 1 19 13 3 8 12 18 23 1 22 29 6 25 16 11 29 12 25 12 9 30 14 13 25 6 22 12 22 22 6 21 22 17 17 2 19 18 21 29 22 28 1 1 4 21 23 6 9 27 15 10 25 28 3 25 26 18 30 18 17 26 22 10 29 27 19 11 28 1 9 4 13 22 26 9 4 2 23 19 8 16 14 2 10 3 26 21 14 3 9 3 7 7 7 9 21 3 25 1 2 20 23 21 16 30 4 11 9 7 7 12 16 27 3 20 9 13 30 4 8 3 27 22 6 30 2 29 16 30 30 19 9 9 4 21 16 11 30 6 25 28 23 10 8 30 8 21 13 23 29 3 21 29 1 16 14 19 23 8 8 13 29 25 8 19 14 3 24 7 17 17 8 26 1 9 13 24 20 17 30 4 21 15 9 17 13 10 24 12 30 29 8 12 12 20 5 18 15 12 27 28 20 13 22 8 4 22 7 4 13 5 10 8 14 16 23 30 16 28 23 4 16 16 3 21 16 20 6 29 28 9 12 26 29 24 18 27 7 23 2 19 16 29 8 29 4 11 13 5 28 14 5 16 15 5 1 23 12 9 22 14 22 6 4 1 22 24 8 24 5 6 4 18 15 15 30 30 2 3 20 1 20 30 14 17 15 5 3 8 17 30 9 24 16 25 3 21 26 12 21 7 22 7 26 23 27 3 24 18 27 29 26 17 3 3 5 21 30 22 29 27 23 4 8 24 22 20 23 3 16 28 23 18 24 4 22 21 30 15 19 10 1 30 1 29 9 10 19 15 1 13 27 21 8 24 25 3 20 19 19 23 14 14 5 2 22 14 6 9 22 26 15 17
2 19 7
481 257 35 117 221 290 308
1 11 8
76 119 191 227 152 297 374 471
4 13 8
50 96 305 331 192 143 478 7
1 13 3
236 205 368
3 10 12
394 499 3 162 261 489 129 37 46 403 490 496
2 17 11
37 136 65 279 491 45 147 179 201 376 479
4 12 11
469 440 127 154 149 197 79 108 109 344 362
2 19 3
166 82 345
2 13 12
463 242 386 170 9 195 266 300 383 448 478 494
5 13 11
135 300 62 439 249 248 321 193 494 153 349
2 14 8
131 409 73 314 64 72 141 435
1 6 11
271 482 81 240 8 329 411 86 363 443 475
1 22 7
457 296 43 171 278 324 394
2 6 16
459 216 462 172 425 293 158 180 456 173 88 95 106 177 207 387
4 11 9
430 285 374 202 336 404 24 14 484
3 10 10
232 335 4 328 334 243 5 211 424 460
2 12 8
455 30 291 447 17 131 174 426
1 10 6
147 475 121 164 2 8
1 7 15
266 110 29 347 426 209 42 57 90 164 216 265 295 384 455
2 15 7
344 280 424 485 92 185 299
1 7 11
15 348 400 496 324 38 58 252 30 83 280
1 10 10
497 435 239 159 282 65 214 222 333 481
2 17 6
276 124 338 488 3 382
3 10 11
189 93 323 311 109 259 31 129 196 342 351
1 12 6
313 52 9 349 397 469
1 7 10
59 33 54 137 264 211 479 450 251 430
2 7 11
395 238 195 298 223 449 310 357 200 273 487
2 10 7
301 383 467 480 15 172 352
6 13 10
17 352 498 297 255 258 220 340 379 464
4 12 13
97 217 260 20 384 401 406 184 334 340 343 354 429
2 5 8
339 372 398 188 205 298 367 464
5 18 10
437 251 74 206 392 123 326 199 175 301
1 7 8
80 171 342 453 267 11 98 438
1 9 11
153 471 307 414 415 12 63 69 119 365 457
1 13 4
114 493 312 331
1 6 12
235 446 275 104 391 377 174 1 402 107 120 411
1 15 5
303 36 232 337 480
1 17 6
484 40 239 322 428 459
4 13 8
212 273 387 128 472 23 270 489
5 13 16
141 304 306 433 370 218 186 150 343 237 11 70 372 386 420 472
3 12 7
292 183 442 350 116 175 431
2 12 12
361 366 278 477 281 91 133 260 327 332 379 465
1 13 6
360 225 79 168 306 461
1 9 5
470 380 67 32 74
2 24 6
353 417 105 26 316 409
2 18 6
190 365 56 351 180 307
1 8 7
208 71 66 104 261 269 283
1 7 5
320 13 277 85 116
4 14 11
302 466 388 441 436 428 385 156 213 228 474
1 7 7
90 443 25 468 473 234 407
1 10 7
272 445 84 312 75 242 482
4 15 13
393 389 51 283 403 465 6 38 112 182 243 388 396
5 12 15
420 288 85 138 122 241 156 284 286 364 42 87 114 198 230
1 8 13
198 356 309 60 196 250 78 134 158 375 404 417 452
3 16 7
233 134 359 107 483 40 329
4 13 10
354 423 262 228 245 492 16 194 102 149
5 13 19
207 103 39 187 0 113 397 367 452 289 77 82 163 170 310 412 415 416 445
3 15 14
99 69 294 418 157 376 44 2 64 84 115 302 454 462
1 16 6
139 126 143 246 432 476
3 11 17
163 256 378 268 495 106 160 369 95 230 20 27 55 309 338 400 463
5 14 11
178 152 431 185 337 486 315 476 45 206 450
3 10 15
66 168 204 341 408 327 41 48 390 19 113 148 192 272 357
2 9 12
229 19 287 308 176 412 115 89 186 224 314 436
1 10 10
269 75 382 236 252 258 325 335 361 446
1 5 12
28 182 146 221 213 381 333 458 53 355 157 439
2 13 9
55 26 317 155 363 47 126 139 364
6 14 11
21 46 49 474 346 253 203 434 362 62 167
4 11 12
427 181 63 87 140 246 396 146 154 169 317 381
1 11 8
70 318 429 35 223 285 347 423
4 13 9
214 188 18 57 27 422 92 202 370
1 7 8
416 438 371 254 132 405 61 271
2 20 6
460 22 444 276 366 458
4 11 11
210 421 118 222 34 101 117 407 91 41 215
1 15 6
448 330 169 29 237 291
2 20 6
7 6 224 173 187 208
2 9 7
130 263 68 332 100 217 393
1 11 7
142 413 490 61 132 194 488
1 8 6
43 399 375 4 437 477
2 10 12
373 165 5 111 108 410 226 454 254 395 419 486
2 14 10
83 451 94 295 167 12 39 51 71 189
5 15 15
215 89 77 231 10 368 102 125 78 247 191 257 263 345 346
1 8 6
219 299 145 432 487 265
2 17 5
144 112 358 161 422
4 11 8
419 148 325 322 234 319 33 110
1 14 6
177 133 22 136 144 227
4 15 9
151 161 120 316 244 201 128 145 414
3 13 8
184 274 290 461 179 88 54 225
