1000 95 1550 67
25 27 25 35 13 36 27 15 36 16 16 28 13 18 27 21 17 26 31 24 39 38 36 33 27 21 11 11 28 38 33 38 22 17 38 33 23 31 28 22 27 35 14 31 19 32 18 20 12 26 14 35 20 38 40 20 32 14 28 36 31 16 23 18 23 38 12 16 39 28 26 36 27 14 33 39 21 18 37 21 12 11 32 26 14 24 40 22 16 25 38 16 18 28 40 16 36 22 22 34 21 38 35 23 19 24 27 17 14 11 22 28 13 38 36 36 12 14 40 12 30 18 34 35 24 38 12 18 28 36 30 38 13 32 21 19 20 19 20 35 25 24 22 27 28 39 11 20 38 20 17 25 37 22 32 25 12 17 15 14 33 22 13 28 14 19 34 37 12 25 17 23 30 22 37 26 21 32 31 23 13 37 35 17 18 36 36 25 20 35 30 31 18 15 14 12 31 40 17 37 29 32 39 37 34 16 18 17 22 18 11 15 35 26 20 29 40 25 21 35 13 27 20 15 28 32 29 40 17 13 12 37 20 20 25 37 25 18 13 22 18 29 38 13 33 13 29 36 38 24 33 19 26 15 16 34 19 17 15 33 16 19 18 33 36 21 26 27 22 12 37 34 26 21 37 30 24 19 38 34 38 21 33 16 29 38 40 29 17 35 35 11 32 19 12 22 17 17 23 27 22 32 12 39 28 25 32 11 18 36 39 32 21 23 15 22 27 21 35 12 29 40 39 40 14 27 17 34 28 14 30 27 15 11 12 39 17 18 31 15 37 38 27 30 25 17 35 12 28 35 28 20 16 32 17 19 25 22 38 40 22 23 29 24 37 14 29 40 40 29 36 26 22 23 35 34 17 12 18 25 33 12 23 13 40 33 19 36 40 38 31 11 19 13 14 29 38 22 16 32 26 40 11 20 22 12 36 15 28 11 22 25 26 17 27 17 28 35 25 17 36 17 38 26 16 18 39 29 16 29 23 38 14 27 15 13 13 26 24 35 40 33 36 35 14 37 12 28 22 31 40 24 39 33 17 31 40 27 24 11 37 13 31 22 39 40 31 19 17 28 12 24 30 37 28 16 22 22 27 35 27 24 33 38 27 27 31 29 33 32 25 31 27 17 24 31 40 22 39 20 19 37 28 22 11 28 37 34 31 25 14 26 14 37 23 29 11 36 12 13 13 20 15 14 25 14 38 35 28 21 25 11 22 16 23 40 27 37 33 30 30 14 36 35 23 14 25 27 15 40 28 24 25 22 20 21 25 23 34 38 16 29 26 23 31 28 35 33 20 14 37 28 36 13 32 14 13 21 26 26 27 20 25 19 23 36 34 15 38 23 28 28 27 16 32 12 22 33 35 23 30 25 37 26 38 23 30 16 21 31 40 36 35 17 17 14 23 27 38 15 30 18 16 18 39 21 19 37 34 17 22 12 24 11 13 33 28 39 25 19 37 14 32 17 39 11 16 27 19 17 21 15 36 38 34 40 23 33 21 14 32 21 26 12 35 20 20 30 18 25 14 32 15 15 20 31 38 40 39 29 27 19 37 29 30 11 20 27 37 25 31 26 27 17 19 15 35 16 22 19 39 37 38 21 13 31 18 30 24 18 36 25 32 23 27 34 35 33 32 14 31 14 29 32 21 15 40 35 26 18 19 25 25 11 13 35 34 20 22 37 39 30 11 34 19 30 40 23 18 13 36 22 31 30 37 17 17 23 39 13 24 14 25 40 18 37 11 31 19 30 29 32 26 24 37 15 29 34 27 23 29 29 20 32 38 32 25 21 38 25 22 39 14 33 28 27 28 37 12 35 17 16 35 22 27 35 21 21 23 25 36 19 36 36 26 37 14 23 16 21 33 29 12 20 40 17 21 25 17 24 18 36 14 28 38 19 13 22 29 36 36 19 25 32 13 11 33 17 27 37 11 37 15 28 25 34 40 24 20 26 21 23 24 27 19 27 40 20 38 27 16 19 34 38 39 19 12 34 16 16 38 12 19 18 22 21 15 28 12 17 13 40 16 40 37 13 22 20 24 17 27 37 29 38 25 32 26 24 33 19 29 17 26 38 28 16 40 13 16 29 38 28 29 28 13 23 15 11 17 14 34 14 33 37 20 40 28 20 38 21 16 16 19 12 14 13 32 32 20 38 13 25 38 26 24 27 34 14 15 29 34 40 11 38 33 21 40 26 33 32 11 25 38 36 25 13 31 11 19 33 14 33 21 33 22 12 12 28 17 36 12 24 29 39 26 25 22 37 28 36
15 17 15 25 3 26 17 5 26 6 6 18 3 8 17 11 7 16 21 14 29 28 26 23 17 11 1 1 18 28 23 28 12 7 28 23 13 21 18 12 17 25 4 21 9 22 8 10 2 16 4 25 10 28 30 10 22 4 18 26 21 6 13 8 13 28 2 6 29 18 16 26 17 4 23 29 11 8 27 11 2 1 22 16 4 14 30 12 6 15 28 6 8 18 30 6 26 12 12 24 11 28 25 13 9 14 17 7 4 1 12 18 3 28 26 26 2 4 30 2 20 8 24 25 14 28 2 8 18 26 20 28 3 22 11 9 10 9 10 25 15 14 12 17 18 29 1 10 28 10 7 15 27 12 22 15 2 7 5 4 23 12 3 18 4 9 24 27 2 15 7 13 20 12 27 16 11 22 21 13 3 27 25 7 8 26 26 15 10 25 20 21 8 5 4 2 21 30 7 27 19 22 29 27 24 6 8 7 12 8 1 5 25 16 10 19 30 15 11 25 3 17 10 5 18 22 19 30 7 3 2 27 10 10 15 27 15 8 3 12 8 19 28 3 23 3 19 26 28 14 23 9 16 5 6 24 9 7 5 23 6 9 8 23 26 11 16 17 12 2 27 24 16 11 27 20 14 9 28 24 28 11 23 6 19 28 30 19 7 25 25 1 22 9 2 12 7 7 13 17 12 22 2 29 18 15 22 1 8 26 29 22 11 13 5 12 17 11 25 2 19 30 29 30 4 17 7 24 18 4 20 17 5 1 2 29 7 8 21 5 27 28 17 20 15 7 25 2 18 25 18 10 6 22 7 9 15 12 28 30 12 13 19 14 27 4 19 30 30 19 26 16 12 13 25 24 7 2 8 15 23 2 13 3 30 23 9 26 30 28 21 1 9 3 4 19 28 12 6 22 16 30 1 10 12 2 26 5 18 1 12 15 16 7 17 7 18 25 15 7 26 7 28 16 6 8 29 19 6 19 13 28 4 17 5 3 3 16 14 25 30 23 26 25 4 27 2 18 12 21 30 14 29 23 7 21 30 17 14 1 27 3 21 12 29 30 21 9 7 18 2 14 20 27 18 6 12 12 17 25 17 14 23 28 17 17 21 19 23 22 15 21 17 7 14 21 30 12 29 10 9 27 18 12 1 18 27 24 21 15 4 16 4 27 13 19 1 26 2 3 3 10 5 4 15 4 28 25 18 11 15 1 12 6 13 30 17 27 23 20 20 4 26 25 13 4 15 17 5 30 18 14 15 12 10 11 15 13 24 28 6 19 16 13 21 18 25 23 10 4 27 18 26 3 22 4 3 11 16 16 17 10 15 9 13 26 24 5 28 13 18 18 17 6 22 2 12 23 25 13 20 15 27 16 28 13 20 6 11 21 30 26 25 7 7 4 13 17 28 5 20 8 6 8 29 11 9 27 24 7 12 2 14 1 3 23 18 29 15 9 27 4 22 7 29 1 6 17 9 7 11 5 26 28 24 30 13 23 11 4 22 11 16 2 25 10 10 20 8 15 4 22 5 5 10 21 28 30 29 19 17 9 27 19 20 1 10 17 27 15 21 16 17 7 9 5 25 6 12 9 29 27 28 11 3 21 8 20 14 8 26 15 22 13 17 24 25 23 22 4 21 4 19 22 11 5 30 25 16 8 9 15 15 1 3 25 24 10 12 27 29 20 1 24 9 20 30 13 8 3 26 12 21 20 27 7 7 13 29 3 14 4 15 30 8 27 1 21 9 20 19 22 16 14 27 5 19 24 17 13 19 19 10 22 28 22 15 11 28 15 12 29 4 23 18 17 18 27 2 25 7 6 25 12 17 25 11 11 13 15 26 9 26 26 16 27 4 13 6 11 23 19 2 10 30 7 11 15 7 14 8 26 4 18 28 9 3 12 19 26 26 9 15 22 3 1 23 7 17 27 1 27 5 18 15 24 30 14 10 16 11 13 14 17 9 17 30 10 28 17 6 9 24 28 29 9 2 24 6 6 28 2 9 8 12 11 5 18 2 7 3 30 6 30 27 3 12 10 14 7 17 27 19 28 15 22 16 14 23 9 19 7 16 28 18 6 30 3 6 19 28 18 19 18 3 13 5 1 7 4 24 4 23 27 10 30 18 10 28 11 6 6 9 2 4 3 22 22 10 28 3 15 28 16 14 17 24 4 5 19 24 30 1 28 23 11 30 16 23 22 1 15 28 26 15 3 21 1 9 23 4 23 11 23 12 2 2 18 7 26 2 14 19 29 16 15 12 27 18 26
6 14 17
53 754 342 757 243 40 60 841 548 224 409 609 703 734 791 882 962
4 12 19
758 442 948 805 543 564 744 722 641 773 45 128 134 140 281 283 447 525 759
7 11 22
646 12 766 44 287 679 775 266 372 538 739 959 874 926 602 317 42 186 273 562 592 758
1 15 6
604 590 601 138 653 749
3 17 9
87 452 479 154 161 31 650 760 926
2 15 12
131 292 123 962 504 56 102 235 317 441 617 842
5 17 12
155 540 561 559 585 185 745 137 207 397 580 705
9 11 21
645 644 314 226 134 673 110 806 449 687 544 849 328 163 126 734 636 376 498 664 676
2 6 18
792 913 218 572 237 890 233 443 825 715 45 205 905 32 104 554 794 923
8 11 24
359 365 832 399 403 433 280 786 423 875 519 683 308 146 68 69 177 229 421 651 680 733 755 823
2 8 20
374 23 910 937 214 466 930 216 815 122 95 250 337 383 520 642 793 799 837 948
1 3 5
816 347 59 561 821
1 8 15
951 861 58 589 64 92 249 452 491 575 693 774 779 927 982
1 8 11
592 759 408 238 19 118 282 345 629 736 992
1 2 27
964 607 975 925 912 318 80 253 918 802 258 495 708 478 838 684 974 229 19 3 178 432 460 521 549 700 714
2 5 10
510 288 432 43 182 265 724 814 957 998
1 5 20
976 936 370 234 582 102 831 416 398 541 38 83 188 274 340 681 708 713 954 984
7 10 23
35 609 213 2 700 971 961 48 112 147 206 726 719 621 651 596 429 774 0 94 225 806 840
2 5 22
735 355 941 368 324 781 525 618 498 670 550 557 660 305 611 391 749 54 379 710 820 839
1 6 14
896 271 430 7 310 75 558 622 817 124 242 489 697 815
4 13 16
710 851 539 74 929 768 97 402 120 395 482 566 614 807 916 969
2 4 24
463 76 787 580 332 461 435 637 307 770 285 671 813 290 969 26 668 828 725 17 297 339 648 819
1 7 11
444 222 25 114 149 334 476 500 509 811 875
1 5 6
454 928 467 213 302 896
5 12 18
259 857 296 796 764 348 553 798 96 48 61 162 166 333 364 445 471 753
4 6 27
516 771 6 289 605 567 436 392 577 952 223 302 532 837 329 85 818 614 894 15 111 146 194 316 493 644 828
4 7 27
778 661 90 3 204 414 709 587 943 363 25 904 716 965 591 809 87 135 330 449 486 643 654 782 843 877 901
9 14 24
893 250 11 854 667 663 656 578 741 425 791 239 224 692 179 277 393 459 655 777 897 940 944 945
1 5 10
883 631 472 64 249 934 198 308 505 857
4 6 9
230 512 694 958 533 751 209 220 663
6 8 22
38 895 351 207 208 401 210 352 373 680 822 61 954 448 848 190 291 391 423 583 599 864
2 10 15
765 311 914 385 179 380 840 72 156 223 239 424 581 590 747
5 16 12
856 524 1 686 335 135 526 988 269 310 748 781
4 10 21
39 866 566 888 530 846 194 531 70 9 156 588 309 494 497 569 632 803 847 935 994
1 19 12
378 465 193 211 405 484 490 638 735 751 990 997
10 16 18
955 850 34 989 565 640 165 354 174 718 468 189 346 705 769 118 602 677
1 3 24
756 738 322 144 485 333 151 811 245 547 481 464 746 560 750 159 221 522 551 671 711 805 830 878
4 10 18
367 67 383 944 884 173 788 139 84 509 353 18 153 436 446 694 765 809
9 12 22
57 658 760 338 277 116 761 158 197 652 499 235 178 717 789 703 689 972 112 174 472 856
3 7 19
209 257 882 480 105 699 613 990 691 810 107 157 382 615 785 812 836 898 937
2 5 19
897 647 724 688 344 620 581 71 513 187 574 870 901 377 281 23 455 894 919
2 15 9
49 437 159 389 14 84 304 804 833
8 10 22
397 869 865 272 62 868 885 606 191 396 484 148 244 27 415 966 246 808 674 753 201 646
5 13 15
88 293 935 182 800 231 807 141 301 475 784 483 701 876 941
5 7 27
546 523 304 632 922 337 180 33 263 690 518 240 950 635 72 14 8 261 873 212 236 387 388 516 553 574 920
1 16 7
95 152 197 234 381 457 699
4 10 20
968 659 957 496 127 508 267 66 742 103 116 141 414 467 536 658 731 883 938 985
2 14 10
404 845 549 412 70 71 272 623 692 925
7 14 17
242 983 284 836 794 52 69 551 300 83 701 567 611 628 795 796 909
4 11 19
24 755 909 923 228 431 999 424 330 109 763 30 251 375 541 542 578 818 966
5 14 11
902 298 584 920 740 193 633 819 706 778 887
1 11 10
65 150 876 90 279 462 585 670 763 963
6 9 26
195 130 998 203 737 542 73 177 279 393 321 698 514 908 593 30 282 86 451 211 290 468 584 596 874 979
6 10 27
357 629 685 721 727 747 862 51 839 776 824 278 627 381 108 143 752 351 419 546 560 672 698 900 964 968 981
4 6 25
167 29 172 823 82 881 723 413 970 366 326 503 405 706 469 713 79 136 28 119 318 411 633 934 950
4 11 13
232 128 422 903 511 797 394 41 785 595 256 152 600
2 10 9
124 488 711 132 297 307 417 558 987
12 15 24
921 153 379 515 349 624 880 847 598 731 428 573 456 157 743 336 115 225 852 73 125 401 547 586
9 13 21
628 991 933 994 99 665 500 736 669 996 492 863 891 386 878 799 204 404 443 594 656
1 18 7
653 662 199 171 298 873 942
1 3 24
171 973 821 793 681 529 907 675 327 247 490 212 695 260 121 137 143 331 398 659 719 732 912 956
4 6 23
254 829 16 630 426 77 833 634 987 997 169 748 411 522 537 316 568 493 202 21 270 530 612
6 14 15
782 859 160 860 371 22 63 98 201 161 215 593 704 844 862
7 12 17
104 676 655 21 455 192 949 714 106 820 276 221 476 406 181 899 59
2 11 16
291 133 615 502 11 27 37 293 300 320 480 597 608 641 745 869
1 16 10
728 947 445 75 257 319 537 543 850 983
1 6 6
643 369 121 801 192 913
7 15 23
795 473 384 517 418 916 447 625 309 68 345 111 827 79 88 252 427 475 576 616 662 679 880
1 13 12
556 410 230 295 325 342 439 512 564 579 595 895
1 4 18
889 390 963 932 388 361 594 78 682 871 56 339 40 123 190 258 326 434
3 6 26
92 834 623 772 149 482 864 450 264 702 693 830 183 887 251 664 842 269 44 101 228 245 247 684 722 888
4 9 17
804 704 536 145 911 101 940 985 313 619 617 603 136 168 775 829 893
5 9 20
980 610 696 779 4 945 295 872 343 387 583 575 268 956 81 385 504 550 727 911
3 6 24
184 36 457 323 608 599 729 460 992 306 458 91 924 677 438 835 612 31 62 66 322 346 501 939
5 10 17
275 55 562 521 270 858 569 319 188 166 435 479 636 743 783 810 918
1 26 8
489 535 86 328 589 682 771 933
5 11 16
350 273 946 255 879 942 844 672 915 993 63 263 861 908 936 972
8 12 26
486 241 892 164 434 303 219 919 129 441 877 113 94 117 979 138 440 642 927 227 357 362 377 881 929 974
4 11 17
462 506 906 886 648 17 762 898 172 183 303 347 495 668 787 868 943
2 11 7
196 491 639 953 790 202 226
1 15 7
494 299 163 355 511 666 687
1 16 14
867 843 16 93 181 237 261 378 496 712 737 891 971 986
4 10 22
340 803 720 982 360 732 977 853 507 286 142 20 51 130 167 285 492 503 635 761 834 978
1 3 27
733 395 47 446 978 170 362 248 657 356 576 28 981 505 54 960 195 287 314 336 370 450 470 514 539 621 977
2 6 20
320 501 986 554 571 730 315 474 5 50 528 103 127 267 329 412 473 533 618 788
1 7 12
650 220 140 294 855 780 26 276 374 571 757 790
1 18 10
125 13 60 89 160 262 448 652 660 741
3 6 25
483 20 407 312 409 967 43 917 200 236 666 334 120 262 274 37 217 0 133 246 296 519 572 738 879
9 10 27
107 555 89 939 984 198 364 439 420 712 168 586 32 579 186 283 252 42 477 497 82 108 126 199 344 348 931
3 5 29
358 552 175 812 570 649 10 341 545 400 616 470 114 215 938 678 697 459 93 931 49 191 232 238 367 689 716 870 910
4 14 13
382 995 826 777 453 162 36 371 502 673 721 848 863
2 10 11
600 783 427 15 900 421 231 327 442 573 610
1 9 10
597 119 638 534 106 208 545 548 622 728
3 7 17
527 265 563 626 814 707 767 417 471 375 325 520 654 266 373 640 725
4 9 17
18 46 331 376 176 419 487 100 113 200 264 349 433 631 634 801 902
