300 78 465 20
17 23 17 27 14 15 35 31 24 35 25 37 35 25 23 17 33 15 18 39 34 36 27 38 14 37 29 33 35 38 22 36 40 35 22 21 25 20 31 15 22 37 17 35 11 38 12 28 31 16 27 16 13 31 37 36 27 30 37 24 28 25 24 26 23 19 12 24 25 38 31 33 34 27 25 40 36 38 11 36 39 16 35 29 26 22 17 19 37 11 38 21 32 16 14 25 34 22 34 32 16 29 37 36 18 30 27 36 14 32 35 23 18 16 18 12 31 32 21 15 22 11 21 20 12 28 26 13 19 14 29 27 26 20 36 17 22 34 27 38 14 12 35 31 14 27 13 36 32 35 18 23 31 24 38 23 30 36 22 19 39 38 31 23 15 15 35 33 19 40 21 19 35 17 16 24 15 33 17 37 40 39 22 31 22 21 25 29 33 39 14 32 17 34 16 25 12 26 34 38 16 35 37 23 27 39 32 35 34 21 28 23 22 23 17 17 39 22 22 14 34 36 15 13 26 35 24 14 34 37 30 23 36 12 35 36 31 39 35 16 30 22 14 15 17 25 19 32 27 25 26 21 16 38 21 29 25 35 18 28 18 25 15 32 17 25 16 12 31 36 14 25 35 20 16 36 16 40 29 29 38 20 21 40 30 38 36 32 38 24 14 38 17 21 35 15 32 36 27 12
7 13 7 17 4 5 25 21 14 25 15 27 25 15 13 7 23 5 8 29 24 26 17 28 4 27 19 23 25 28 12 26 30 25 12 11 15 10 21 5 12 27 7 25 1 28 2 18 21 6 17 6 3 21 27 26 17 20 27 14 18 15 14 16 13 9 2 14 15 28 21 23 24 17 15 30 26 28 1 26 29 6 25 19 16 12 7 9 27 1 28 11 22 6 4 15 24 12 24 22 6 19 27 26 8 20 17 26 4 22 25 13 8 6 8 2 21 22 11 5 12 1 11 10 2 18 16 3 9 4 19 17 16 10 26 7 12 24 17 28 4 2 25 21 4 17 3 26 22 25 8 13 21 14 28 13 20 26 12 9 29 28 21 13 5 5 25 23 9 30 11 9 25 7 6 14 5 23 7 27 30 29 12 21 12 11 15 19 23 29 4 22 7 24 6 15 2 16 24 28 6 25 27 13 17 29 22 25 24 11 18 13 12 13 7 7 29 12 12 4 24 26 5 3 16 25 14 4 24 27 20 13 26 2 25 26 21 29 25 6 20 12 4 5 7 15 9 22 17 15 16 11 6 28 11 19 15 25 8 18 8 15 5 22 7 15 6 2 21 26 4 15 25 10 6 26 6 30 19 19 28 10 11 30 20 28 26 22 28 14 4 28 7 11 25 5 22 26 17 2
2 16 7
182 69 288 201 238 175 280
1 8 8
51 274 275 289 84 156 202 253
2 16 7
145 107 266 98 0 189 278
1 9 8
214 32 92 189 38 117 246 262
1 24 5
54 247 18 30 299
1 26 5
154 193 63 111 223
4 14 10
165 206 106 215 14 55 101 155 205 282
1 15 4
295 157 89 221
1 8 7
114 258 53 81 100 187 250
1 7 7
133 211 76 120 159 67 270
1 15 5
41 242 21 135 147
2 11 12
99 141 271 105 231 11 24 31 107 171 178 192
2 11 7
161 28 203 8 85 131 245
2 16 7
191 298 58 4 46 165 213
2 14 6
297 243 68 147 230 3
1 10 5
176 217 47 172 284
1 25 4
88 188 133 199
1 29 3
75 285 70
1 11 7
53 46 39 79 191 216 294
2 14 10
197 216 143 291 234 19 16 112 157 290
1 13 7
18 139 264 9 86 183 212
2 14 5
179 213 223 224 281
1 22 5
272 240 72 233 277
2 12 8
89 31 23 156 261 250 7 77
1 14 7
70 268 136 80 87 163 247
1 9 3
270 74 158
3 15 8
236 81 151 80 126 108 160 288
1 14 6
235 204 15 37 127 166
2 14 6
277 286 163 100 67 51
2 18 5
219 283 101 33 168
3 12 6
152 30 185 90 118 233
3 13 6
241 269 226 174 256 204
1 10 2
104 218
2 11 6
36 111 244 41 103 130
3 9 6
273 248 17 153 144 13
1 11 4
21 222 135 84
1 23 7
259 45 57 142 148 182 220
2 14 7
167 138 97 26 109 120 225
2 16 6
142 65 13 15 124 193
2 3 5
44 39 24 146 123
2 11 6
190 130 158 9 36 297
1 7 9
257 186 57 249 115 56 25 69 143
2 7 7
212 128 184 251 119 52 230
3 17 6
82 255 48 194 96 293
1 11 6
73 181 11 71 279 257
1 10 7
253 50 183 127 27 188 272
4 14 8
5 263 164 34 294 284 47 95
1 25 6
20 102 218 240 252 275
2 18 6
207 134 87 109 23 232
1 7 6
276 49 0 103 278 62
1 7 8
192 232 129 254 91 45 207 229
4 20 9
113 228 77 287 198 25 66 151 251
1 16 4
221 86 85 231
1 17 5
187 10 88 258 260
1 21 6
72 60 110 134 215 283
1 8 8
229 166 168 150 61 172 64 96
3 7 8
209 123 178 2 196 154 164 239
1 17 2
260 79
2 13 6
37 175 3 137 44 78
1 8 7
170 162 42 108 179 197 263
1 3 4
121 262 132 146
2 14 6
132 95 1 131 150 227
2 10 8
293 140 7 66 225 245 97 161
1 12 4
210 200 176 241
1 10 7
292 64 92 208 219 259 261
1 18 6
180 110 93 105 203 267
4 10 7
122 177 282 112 35 239 286
1 21 3
199 59 190
1 9 9
205 246 281 22 124 40 93 279 285
2 19 6
280 116 43 220 1 244
1 8 2
40 94
3 14 6
252 208 290 148 125 4
2 26 9
29 160 296 34 54 113 180 201 255
1 13 7
155 169 149 265 6 242 269
1 6 9
171 78 173 12 52 42 98 144 226
1 21 4
63 202 169 209
1 8 7
224 227 267 299 6 16 287
2 21 5
195 83 237 12 249
