1000 88 1550 67
36 18 30 18 22 18 22 30 28 27 31 28 30 19 15 37 36 32 23 32 29 17 18 35 37 34 13 39 15 29 32 40 30 36 35 17 40 16 38 39 29 20 14 30 35 37 11 39 25 33 23 33 23 33 38 16 21 32 22 26 24 20 12 33 16 23 33 30 40 11 24 20 30 39 39 36 35 20 27 32 20 32 14 11 20 39 20 22 38 11 25 31 23 13 17 13 11 12 23 24 28 33 21 31 15 15 19 28 16 32 12 18 24 22 18 31 21 12 30 28 38 40 28 13 24 26 17 25 34 18 19 21 28 15 23 33 34 34 27 18 26 27 30 19 29 29 25 35 11 37 16 40 21 25 31 14 38 12 40 40 38 12 19 40 27 18 36 29 29 20 22 37 13 38 23 34 29 16 22 18 11 11 38 15 20 38 23 28 14 27 14 14 38 38 19 29 38 27 34 31 26 24 38 11 32 30 39 19 35 20 18 12 13 17 25 11 38 15 12 31 14 27 33 40 26 34 17 31 26 11 27 23 35 15 11 40 11 14 16 12 19 13 36 15 14 12 22 40 26 33 16 31 24 24 27 32 40 23 16 35 23 39 24 21 21 38 19 13 38 33 22 33 20 34 25 12 32 16 36 26 40 37 39 37 38 30 33 18 38 28 18 14 38 31 30 15 17 20 22 20 23 14 36 15 23 17 33 26 18 32 30 13 22 21 38 14 24 21 14 16 30 29 16 34 27 25 17 13 22 17 38 11 18 22 24 12 18 31 22 32 36 38 14 38 14 31 38 12 13 31 37 11 16 12 35 12 18 34 28 29 21 30 20 13 27 37 26 18 17 24 38 31 25 38 16 28 28 24 24 21 39 20 29 11 30 32 40 24 25 16 13 27 17 28 19 30 11 24 25 36 17 29 13 20 39 14 23 38 13 13 33 19 38 40 11 20 19 20 34 19 26 38 12 26 28 27 24 30 21 25 11 39 38 34 22 13 23 15 11 24 25 18 37 29 28 38 31 23 40 24 13 29 17 12 23 40 17 28 30 38 20 19 32 21 25 21 27 39 39 27 21 11 37 40 35 27 34 31 21 13 17 38 36 30 23 20 25 34 28 14 13 34 16 22 20 14 36 22 38 17 29 34 36 21 17 34 25 38 23 28 24 34 15 24 13 25 25 37 40 36 28 36 11 30 31 15 28 32 24 37 11 15 13 25 26 14 20 20 20 16 19 21 24 19 36 29 34 20 23 21 16 21 27 18 15 17 36 14 26 23 36 17 28 39 29 25 27 33 32 22 12 11 15 35 27 21 21 32 16 37 15 33 27 19 22 37 25 21 25 14 23 26 23 38 18 26 34 35 31 35 33 17 35 17 35 28 17 28 29 22 27 18 22 18 30 32 13 35 31 33 26 34 35 20 16 24 20 40 16 25 38 22 28 16 17 19 30 24 22 16 28 25 39 29 25 26 26 30 16 23 27 18 39 39 28 30 12 18 33 11 31 35 14 23 12 40 28 34 34 23 18 27 12 20 16 26 32 34 23 34 32 32 33 33 25 31 39 27 19 25 31 24 18 13 36 31 21 28 34 20 33 33 18 11 24 12 23 21 26 35 40 30 34 15 11 11 25 35 33 36 18 33 13 15 27 12 25 39 13 16 15 35 15 18 29 21 20 20 23 20 37 16 20 31 12 17 17 34 34 34 16 26 11 12 40 35 27 37 39 12 15 29 25 17 34 40 19 21 36 33 26 11 12 30 30 26 20 34 30 17 18 14 36 22 11 37 22 28 15 21 17 14 25 15 28 38 33 28 15 16 29 15 20 29 39 25 30 30 35 26 26 39 15 13 30 36 36 15 31 34 40 37 34 33 31 24 33 15 22 23 21 11 25 39 36 25 21 31 37 35 39 33 22 39 22 15 18 31 38 20 33 27 37 33 39 19 24 16 25 14 16 40 19 28 40 29 11 26 38 13 19 13 30 33 34 13 19 33 16 32 28 38 31 29 20 13 38 30 25 14 38 24 14 27 24 22 33 34 23 21 31 30 18 27 16 20 14 32 34 33 23 39 22 21 33 34 35 13 13 38 21 32 19 29 15 14 22 24 11 18 11 38 31 12 37 25 31 29 16 27 33 26 29 20 25 15 14 20 13 35 13 19 23 18 13 40 19 37 13 21 14 27 27 19 12 37 19 34 17 21 29 20 30 28 13 26 29 26 36 36 16 22 27 26 22 30 13 39 13 30 14 21 16 37 40 17 20 33 37 27
26 8 20 8 12 8 12 20 18 17 21 18 20 9 5 27 26 22 13 22 19 7 8 25 27 24 3 29 5 19 22 30 20 26 25 7 30 6 28 29 19 10 4 20 25 27 1 29 15 23 13 23 13 23 28 6 11 22 12 16 14 10 2 23 6 13 23 20 30 1 14 10 20 29 29 26 25 10 17 22 10 22 4 1 10 29 10 12 28 1 15 21 13 3 7 3 1 2 13 14 18 23 11 21 5 5 9 18 6 22 2 8 14 12 8 21 11 2 20 18 28 30 18 3 14 16 7 15 24 8 9 11 18 5 13 23 24 24 17 8 16 17 20 9 19 19 15 25 1 27 6 30 11 15 21 4 28 2 30 30 28 2 9 30 17 8 26 19 19 10 12 27 3 28 13 24 19 6 12 8 1 1 28 5 10 28 13 18 4 17 4 4 28 28 9 19 28 17 24 21 16 14 28 1 22 20 29 9 25 10 8 2 3 7 15 1 28 5 2 21 4 17 23 30 16 24 7 21 16 1 17 13 25 5 1 30 1 4 6 2 9 3 26 5 4 2 12 30 16 23 6 21 14 14 17 22 30 13 6 25 13 29 14 11 11 28 9 3 28 23 12 23 10 24 15 2 22 6 26 16 30 27 29 27 28 20 23 8 28 18 8 4 28 21 20 5 7 10 12 10 13 4 26 5 13 7 23 16 8 22 20 3 12 11 28 4 14 11 4 6 20 19 6 24 17 15 7 3 12 7 28 1 8 12 14 2 8 21 12 22 26 28 4 28 4 21 28 2 3 21 27 1 6 2 25 2 8 24 18 19 11 20 10 3 17 27 16 8 7 14 28 21 15 28 6 18 18 14 14 11 29 10 19 1 20 22 30 14 15 6 3 17 7 18 9 20 1 14 15 26 7 19 3 10 29 4 13 28 3 3 23 9 28 30 1 10 9 10 24 9 16 28 2 16 18 17 14 20 11 15 1 29 28 24 12 3 13 5 1 14 15 8 27 19 18 28 21 13 30 14 3 19 7 2 13 30 7 18 20 28 10 9 22 11 15 11 17 29 29 17 11 1 27 30 25 17 24 21 11 3 7 28 26 20 13 10 15 24 18 4 3 24 6 12 10 4 26 12 28 7 19 24 26 11 7 24 15 28 13 18 14 24 5 14 3 15 15 27 30 26 18 26 1 20 21 5 18 22 14 27 1 5 3 15 16 4 10 10 10 6 9 11 14 9 26 19 24 10 13 11 6 11 17 8 5 7 26 4 16 13 26 7 18 29 19 15 17 23 22 12 2 1 5 25 17 11 11 22 6 27 5 23 17 9 12 27 15 11 15 4 13 16 13 28 8 16 24 25 21 25 23 7 25 7 25 18 7 18 19 12 17 8 12 8 20 22 3 25 21 23 16 24 25 10 6 14 10 30 6 15 28 12 18 6 7 9 20 14 12 6 18 15 29 19 15 16 16 20 6 13 17 8 29 29 18 20 2 8 23 1 21 25 4 13 2 30 18 24 24 13 8 17 2 10 6 16 22 24 13 24 22 22 23 23 15 21 29 17 9 15 21 14 8 3 26 21 11 18 24 10 23 23 8 1 14 2 13 11 16 25 30 20 24 5 1 1 15 25 23 26 8 23 3 5 17 2 15 29 3 6 5 25 5 8 19 11 10 10 13 10 27 6 10 21 2 7 7 24 24 24 6 16 1 2 30 25 17 27 29 2 5 19 15 7 24 30 9 11 26 23 16 1 2 20 20 16 10 24 20 7 8 4 26 12 1 27 12 18 5 11 7 4 15 5 18 28 23 18 5 6 19 5 10 19 29 15 20 20 25 16 16 29 5 3 20 26 26 5 21 24 30 27 24 23 21 14 23 5 12 13 11 1 15 29 26 15 11 21 27 25 29 23 12 29 12 5 8 21 28 10 23 17 27 23 29 9 14 6 15 4 6 30 9 18 30 19 1 16 28 3 9 3 20 23 24 3 9 23 6 22 18 28 21 19 10 3 28 20 15 4 28 14 4 17 14 12 23 24 13 11 21 20 8 17 6 10 4 22 24 23 13 29 12 11 23 24 25 3 3 28 11 22 9 19 5 4 12 14 1 8 1 28 21 2 27 15 21 19 6 17 23 16 19 10 15 5 4 10 3 25 3 9 13 8 3 30 9 27 3 11 4 17 17 9 2 27 9 24 7 11 19 10 20 18 3 16 19 16 26 26 6 12 17 16 12 20 3 29 3 20 4 11 6 27 30 7 10 23 27 17
1 11 7
547 111 505 304 715 755 850
5 9 23
246 681 162 276 201 677 639 168 183 898 437 443 172 12 150 285 420 566 581 720 802 859 946
1 10 11
737 549 685 196 326 370 522 764 862 930 984
4 6 29
439 257 253 788 920 187 794 85 191 818 546 873 21 789 62 791 349 761 562 758 41 161 385 576 646 677 747 912 935
6 12 18
69 769 45 631 753 83 29 222 948 508 273 67 341 549 595 702 823 849
2 17 7
140 440 711 125 191 479 730
7 11 25
230 770 874 671 974 353 126 211 455 815 534 509 981 848 647 778 280 86 389 564 584 596 679 690 944
1 21 8
477 227 4 142 202 386 767 810
8 11 21
204 731 541 153 258 188 987 578 375 777 365 317 853 209 553 957 913 708 490 593 858
7 14 21
104 598 595 307 68 855 309 940 745 427 834 823 78 11 47 201 253 852 899 970 976
9 11 24
759 483 592 100 225 124 707 928 383 461 507 542 676 846 649 144 149 217 337 451 503 558 717 826
3 5 32
444 610 555 447 656 137 488 462 392 19 91 650 445 979 503 170 569 79 500 46 84 100 156 167 210 384 409 632 682 741 825 928
4 7 26
709 703 740 996 142 914 845 579 991 905 329 736 332 451 334 899 151 127 254 509 674 681 684 853 925 954
1 13 10
485 475 105 169 296 465 548 744 929 981
5 8 22
688 195 576 713 565 597 376 563 159 95 43 783 200 131 270 614 380 564 863 16 408 603
1 4 23
161 543 916 871 958 396 229 666 152 453 293 44 241 299 331 407 589 601 661 692 805 894 969
5 14 13
700 13 232 690 999 476 298 926 941 276 482 489 778
2 22 8
506 196 679 85 190 206 425 563
5 11 17
730 128 217 424 103 408 171 300 573 938 155 33 306 452 491 780 782
2 6 17
345 154 992 272 167 294 277 333 426 238 172 376 486 487 750 809 847
3 6 22
199 287 965 971 450 524 862 923 448 748 560 717 228 699 696 702 906 220 280 734 803 904
1 9 18
686 961 924 271 166 858 51 76 181 318 373 494 514 706 806 866 879 918
6 14 21
282 84 108 359 16 6 998 456 919 722 896 126 159 165 218 295 324 555 758 832 940
4 17 16
652 611 458 4 820 436 10 24 32 371 454 470 654 737 754 796
5 8 23
583 313 338 94 404 843 811 77 223 93 548 763 64 662 165 870 254 695 443 532 733 816 937
1 11 9
370 9 612 308 82 113 228 430 499
5 15 19
660 38 283 751 149 169 24 756 801 47 216 200 349 481 508 540 673 842 949
2 4 22
255 805 231 574 219 779 460 296 5 764 829 812 718 89 984 136 123 268 335 358 461 834
3 11 19
510 545 401 638 875 340 540 183 223 339 369 382 414 429 476 516 572 631 792
7 9 28
384 385 720 132 245 269 741 864 98 454 724 224 993 322 205 133 884 391 235 23 48 312 364 393 463 507 511 887
9 13 20
911 682 922 366 324 659 179 423 668 1 289 386 226 39 341 841 297 63 117 290
1 4 10
964 390 267 368 590 3 300 468 821 994
1 5 14
693 936 116 599 762 772 73 582 247 963 227 310 466 639
9 13 27
492 687 704 206 593 932 602 369 315 490 594 459 422 484 466 457 323 70 77 103 130 178 249 328 453 552 697
8 14 23
501 407 526 244 842 550 616 176 976 622 728 796 934 997 19 174 193 211 316 623 694 915 931
1 5 17
411 927 943 775 208 710 872 918 694 351 901 122 168 705 801 854 906
4 8 24
182 995 321 664 886 81 749 819 139 354 87 434 601 160 977 420 71 146 301 582 608 688 772 843
2 6 19
44 361 428 260 379 285 615 398 559 909 405 192 234 256 537 676 703 774 841
1 20 8
795 584 1 221 333 435 500 856
5 8 22
240 850 122 586 698 609 539 97 80 925 88 983 865 186 429 275 348 350 405 431 839 913
10 12 29
950 561 689 185 504 900 733 364 252 286 885 326 134 265 66 242 566 358 5 30 98 154 250 455 458 662 808 907 972
9 10 25
344 641 446 243 588 430 2 435 949 493 147 742 110 802 972 327 502 70 394 474 292 687 753 779 903
5 11 24
27 786 331 754 494 360 537 192 117 119 418 402 861 314 46 272 519 538 544 546 554 556 561 671
3 7 23
644 236 275 55 63 626 604 412 141 933 198 723 487 856 35 114 128 398 471 638 857 945 959
6 11 17
61 174 878 954 771 58 302 416 808 982 366 402 460 693 872 909 962
3 10 9
291 41 463 824 985 663 102 534 891
5 11 13
519 403 480 944 468 637 554 729 799 495 594 648 971
7 10 22
310 464 248 744 893 207 190 816 640 606 33 568 701 755 635 284 670 726 104 135 140 222
8 12 27
840 114 804 725 481 113 373 118 197 830 74 203 337 471 890 18 513 367 317 320 413 497 567 625 714 868 986
12 14 27
888 747 417 654 511 535 734 817 220 959 387 17 857 945 837 978 268 897 25 15 79 129 219 244 314 372 527
4 10 19
145 357 807 532 22 521 101 431 692 393 250 478 111 120 232 235 433 529 889
7 11 21
99 988 48 706 636 780 608 633 34 473 346 605 975 715 877 9 54 286 309 387 885
8 14 25
54 129 921 854 381 767 523 530 413 838 130 496 894 768 96 184 224 322 441 568 586 657 659 711 726
1 6 17
531 465 661 304 833 603 798 827 766 141 187 207 352 459 728 902 956
2 5 26
634 973 266 931 879 883 624 643 589 249 968 449 362 29 50 107 194 340 360 388 456 585 948 951 978 991
1 3 25
810 955 544 512 651 630 962 536 295 515 288 572 125 746 497 881 757 907 118 119 642 663 833 888 967
3 14 13
571 806 628 697 158 115 151 182 189 535 580 668 901
1 7 11
319 452 320 472 72 306 937 137 216 691 828
3 15 15
967 705 14 619 642 727 470 148 162 329 627 634 719 790 830
11 11 29
570 342 935 164 667 525 732 410 989 262 92 792 414 184 318 442 538 908 930 273 419 483 518 557 579 602 875 905 914
7 8 28
835 621 335 867 557 952 784 793 617 849 625 969 237 567 210 580 887 352 882 26 180 265 283 293 353 444 713 848
1 5 15
138 53 665 60 56 739 839 479 372 528 158 432 609 765 835
10 11 25
178 50 902 760 675 193 678 814 148 157 851 311 826 415 35 68 132 237 520 521 592 607 786 798 975
4 11 15
915 15 239 7 956 607 831 587 866 22 96 271 308 346 445
1 3 18
825 750 52 891 212 632 551 860 10 657 246 442 450 547 573 575 667 980
1 19 10
912 482 80 155 185 336 351 380 616 788
8 11 23
691 929 581 214 144 469 363 910 31 303 11 102 328 813 683 251 263 377 473 650 766 957 995
4 8 19
194 75 575 520 486 42 213 765 966 889 26 869 67 176 446 665 696 942 997
3 18 9
653 533 281 115 28 255 510 541 927
4 17 12
627 90 467 680 986 721 181 344 390 484 763 916
8 13 22
215 495 591 371 558 221 406 821 774 336 712 330 618 112 60 186 395 686 704 738 877 955
1 7 8
623 960 204 245 427 605 934 977
2 11 11
994 106 499 3 66 72 426 474 492 630 745
2 14 11
374 620 903 399 52 62 342 355 722 731 923
8 10 20
425 674 218 256 673 421 876 951 109 782 904 822 409 400 32 378 946 947 239 992
3 10 12
522 305 65 655 844 7 274 287 379 718 812 973
2 7 16
419 735 40 278 135 51 121 600 343 377 292 53 147 215 448 626
2 4 30
348 716 917 279 942 552 790 30 836 397 859 585 785 529 939 514 516 189 261 8 28 226 284 517 524 614 636 644 669 680
1 6 9
274 355 847 800 518 645 259 180 597
1 7 11
803 233 797 49 163 177 781 199 260 536 612
2 6 17
832 489 299 828 173 12 105 241 752 107 577 868 515 598 672 896 950
4 9 14
809 312 143 892 356 441 895 517 163 291 397 504 560 759
2 8 10
669 382 20 290 646 71 970 742 775 851
11 13 26
880 684 527 150 773 325 388 852 498 738 953 432 787 438 980 123 0 146 234 38 78 270 424 477 590 939
2 6 19
613 156 263 719 82 36 658 596 433 629 714 37 743 61 251 288 493 539 831
2 14 11
316 120 672 94 533 542 640 675 707 768 921
1 5 11
776 86 389 57 347 990 87 412 422 655 725
2 6 22
8 491 339 59 264 175 648 395 556 202 350 76 301 109 127 319 480 506 523 606 666 892
