700 92 1085 47
16 12 13 34 14 36 11 40 32 13 33 19 36 26 30 21 28 28 35 25 26 29 18 34 29 14 14 39 15 27 23 12 29 24 30 14 19 17 16 18 20 18 17 15 26 18 38 38 13 17 18 31 23 37 35 18 34 20 38 35 36 13 29 32 29 39 31 37 23 14 16 20 22 12 11 29 36 23 32 30 18 22 14 31 35 38 21 14 15 38 15 14 33 39 30 25 34 22 23 24 22 28 28 13 34 20 40 35 32 19 34 34 12 35 14 14 26 12 31 38 11 27 32 34 25 35 21 14 17 19 19 35 16 16 18 21 12 26 27 16 35 22 14 13 30 17 23 31 36 34 25 22 31 27 30 34 19 23 35 22 16 26 37 20 20 11 17 21 39 35 29 23 18 25 29 12 27 26 33 12 30 36 17 30 29 12 36 32 35 34 13 40 37 39 39 15 15 15 31 13 36 26 40 27 34 26 38 34 30 22 15 31 37 38 31 20 18 13 24 16 29 21 13 39 38 30 36 18 23 19 38 15 39 28 20 35 20 15 36 14 24 34 32 12 27 18 32 15 24 12 27 31 22 12 28 11 31 34 19 37 39 32 14 27 18 13 11 37 40 11 29 32 11 39 28 39 35 17 26 27 24 19 22 40 16 25 38 11 28 23 40 33 32 24 36 39 23 35 24 13 38 31 15 11 30 28 17 22 36 32 37 33 13 11 34 16 14 16 30 26 22 25 17 38 29 32 34 37 30 35 24 19 28 36 11 29 22 28 12 28 40 21 17 15 20 35 26 18 24 40 22 27 40 11 36 13 29 39 11 25 34 14 37 17 23 30 27 32 22 14 12 19 28 39 17 20 14 17 13 19 35 25 16 37 29 33 34 24 21 17 19 13 35 36 35 31 16 21 24 17 25 21 31 32 26 15 34 13 24 15 40 32 12 39 25 15 35 35 20 19 11 38 28 40 13 25 36 12 13 17 25 29 23 34 15 35 19 28 26 36 12 29 34 33 26 19 39 11 17 39 32 17 39 13 16 33 14 35 27 40 32 17 40 27 17 33 38 22 36 13 23 26 15 21 30 13 21 30 34 14 26 26 19 32 39 12 31 30 23 13 21 35 18 24 24 20 25 31 16 14 33 20 23 22 19 27 29 22 12 32 16 26 19 16 14 33 38 40 16 40 16 12 29 38 34 35 30 26 39 24 26 21 12 16 39 39 18 40 11 19 31 15 19 32 15 18 37 26 28 23 26 31 35 40 16 28 38 34 15 16 25 26 37 13 33 27 16 19 13 12 12 34 37 38 38 11 11 19 25 19 26 35 33 27 36 25 39 22 14 32 11 20 16 36 34 21 25 39 37 21 33 18 13 29 11 32 23 36 28 29 12 22 23 35 24 30 30 38 22 20 18 21 22 28 36 16 38 28 21 11 32 40 16 36 11 32 14 17 40 15 19 29 27 26 13 33 32 24 31 25 33 16 29 26 37 14 11 37 40 35 11 30 22 34 31 13 30 23 35 14 24 16 27 20 13 19 13 33 39 13 21 21 28 21 33 36 11 13 32 34 37 22 38 27 37 24 13 16 19 27
6 2 3 24 4 26 1 30 22 3 23 9 26 16 20 11 18 18 25 15 16 19 8 24 19 4 4 29 5 17 13 2 19 14 20 4 9 7 6 8 10 8 7 5 16 8 28 28 3 7 8 21 13 27 25 8 24 10 28 25 26 3 19 22 19 29 21 27 13 4 6 10 12 2 1 19 26 13 22 20 8 12 4 21 25 28 11 4 5 28 5 4 23 29 20 15 24 12 13 14 12 18 18 3 24 10 30 25 22 9 24 24 2 25 4 4 16 2 21 28 1 17 22 24 15 25 11 4 7 9 9 25 6 6 8 11 2 16 17 6 25 12 4 3 20 7 13 21 26 24 15 12 21 17 20 24 9 13 25 12 6 16 27 10 10 1 7 11 29 25 19 13 8 15 19 2 17 16 23 2 20 26 7 20 19 2 26 22 25 24 3 30 27 29 29 5 5 5 21 3 26 16 30 17 24 16 28 24 20 12 5 21 27 28 21 10 8 3 14 6 19 11 3 29 28 20 26 8 13 9 28 5 29 18 10 25 10 5 26 4 14 24 22 2 17 8 22 5 14 2 17 21 12 2 18 1 21 24 9 27 29 22 4 17 8 3 1 27 30 1 19 22 1 29 18 29 25 7 16 17 14 9 12 30 6 15 28 1 18 13 30 23 22 14 26 29 13 25 14 3 28 21 5 1 20 18 7 12 26 22 27 23 3 1 24 6 4 6 20 16 12 15 7 28 19 22 24 27 20 25 14 9 18 26 1 19 12 18 2 18 30 11 7 5 10 25 16 8 14 30 12 17 30 1 26 3 19 29 1 15 24 4 27 7 13 20 17 22 12 4 2 9 18 29 7 10 4 7 3 9 25 15 6 27 19 23 24 14 11 7 9 3 25 26 25 21 6 11 14 7 15 11 21 22 16 5 24 3 14 5 30 22 2 29 15 5 25 25 10 9 1 28 18 30 3 15 26 2 3 7 15 19 13 24 5 25 9 18 16 26 2 19 24 23 16 9 29 1 7 29 22 7 29 3 6 23 4 25 17 30 22 7 30 17 7 23 28 12 26 3 13 16 5 11 20 3 11 20 24 4 16 16 9 22 29 2 21 20 13 3 11 25 8 14 14 10 15 21 6 4 23 10 13 12 9 17 19 12 2 22 6 16 9 6 4 23 28 30 6 30 6 2 19 28 24 25 20 16 29 14 16 11 2 6 29 29 8 30 1 9 21 5 9 22 5 8 27 16 18 13 16 21 25 30 6 18 28 24 5 6 15 16 27 3 23 17 6 9 3 2 2 24 27 28 28 1 1 9 15 9 16 25 23 17 26 15 29 12 4 22 1 10 6 26 24 11 15 29 27 11 23 8 3 19 1 22 13 26 18 19 2 12 13 25 14 20 20 28 12 10 8 11 12 18 26 6 28 18 11 1 22 30 6 26 1 22 4 7 30 5 9 19 17 16 3 23 22 14 21 15 23 6 19 16 27 4 1 27 30 25 1 20 12 24 21 3 20 13 25 4 14 6 17 10 3 9 3 23 29 3 11 11 18 11 23 26 1 3 22 24 27 12 28 17 27 14 3 6 9 17
1 2 8
82 179 656 33 435 448 485 504
1 13 6
568 66 144 131 632 656
2 8 14
474 191 589 1 195 374 31 617 35 342 384 405 427 561
2 8 10
384 300 407 258 152 324 145 289 186 627
7 11 21
658 585 461 80 40 381 69 250 446 272 653 509 420 97 149 199 205 239 345 414 624
2 7 15
468 151 316 183 3 515 536 313 553 494 466 121 180 307 457
4 8 16
613 318 649 323 418 171 488 99 284 24 94 140 112 493 374 386
2 12 9
644 462 655 108 136 147 273 556 665
5 12 14
547 218 134 678 360 651 686 292 399 18 124 332 412 633
1 8 10
510 110 406 445 137 276 255 327 616 651
2 10 8
496 217 429 688 647 271 431 568
5 9 16
246 654 514 524 476 301 622 401 105 296 139 135 279 337 441 499
7 13 19
310 356 109 403 608 107 598 197 255 599 344 115 455 24 27 181 210 425 569
5 14 13
663 215 609 577 202 308 346 315 149 443 5 17 184
3 8 12
342 160 387 451 164 579 232 220 277 335 644 681
4 12 10
442 266 358 209 435 507 25 354 547 604
4 12 17
335 392 141 181 389 22 362 379 212 251 127 177 247 394 415 552 659
1 6 7
606 428 472 392 525 555 584
2 8 8
595 128 304 612 165 291 301 312
4 12 12
372 143 523 683 114 311 504 118 185 324 537 646
7 13 17
326 72 495 425 682 394 274 641 373 175 517 467 521 148 275 497 571
6 15 15
113 240 366 673 186 14 438 402 126 13 152 403 413 444 529
7 15 15
241 566 64 320 532 124 395 60 393 498 96 1 209 234 416
6 14 20
593 42 285 111 508 36 223 351 607 123 319 383 10 133 162 368 463 486 563 649
3 9 17
491 531 275 434 650 485 555 102 601 357 273 162 34 80 323 511 694
4 9 20
587 375 505 39 376 174 604 460 611 692 248 633 624 54 107 339 411 474 539 640
2 8 10
339 630 431 590 680 465 287 92 91 524
1 5 7
343 133 81 298 352 544 591
2 10 13
30 101 190 67 535 473 546 592 14 47 390 450 672
5 16 10
404 201 499 685 486 556 46 49 519 635
1 13 8
347 158 361 193 67 198 468 587
4 7 13
265 312 189 364 667 355 513 0 11 88 94 484 578
5 10 18
180 11 254 533 93 448 475 243 691 631 637 235 616 62 369 373 446 657
1 12 7
501 353 238 114 375 473 691
6 10 20
61 277 377 386 322 194 70 675 122 632 224 331 321 72 143 551 610 630 648 660
1 4 13
408 146 349 660 228 586 76 10 657 503 464 237 16
7 10 16
397 199 548 90 192 554 636 4 581 43 341 5 251 268 376 382
1 10 10
314 57 210 516 155 38 308 512 540 566
1 11 7
677 693 338 367 215 447 558
1 4 17
565 681 500 423 187 567 638 207 159 478 661 411 259 53 46 240 550
1 11 5
333 50 88 313 515
2 13 8
256 412 58 9 64 378 507 639
4 10 10
41 648 182 602 260 176 365 2 388 283
2 19 5
672 221 537 100 128
2 9 11
545 424 610 444 51 6 189 326 346 428 663
2 12 8
441 378 278 170 173 437 488 623
2 15 7
643 582 697 178 26 638 661
5 11 18
574 640 440 690 623 665 621 166 635 696 21 37 103 245 287 381 419 475
4 13 11
340 457 646 257 603 125 439 615 127 48 282
1 4 17
97 571 645 396 664 106 549 634 674 520 98 422 74 242 322 466 492
5 16 10
172 283 652 59 63 481 85 437 477 372
3 10 16
596 12 588 161 628 227 226 233 70 231 236 297 445 453 455 599
2 15 3
206 482 620
3 8 15
154 214 371 54 163 269 519 231 23 244 299 263 146 280 594
4 13 10
528 470 196 26 497 348 214 232 574 655
2 6 14
413 100 512 629 236 542 453 253 52 668 447 212 543 597
1 8 10
370 270 572 614 576 385 166 284 432 593
5 13 11
282 433 208 502 544 78 15 62 158 292 498
3 10 12
303 116 458 150 234 689 120 79 92 223 535 542
2 13 9
562 81 580 538 297 206 269 641 675
2 4 21
55 75 427 570 177 156 103 56 430 463 245 37 426 302 59 99 225 270 320 399 420
3 11 16
557 16 229 405 698 242 77 176 260 334 397 417 434 456 583 688
1 9 8
332 575 167 183 208 366 465 606
1 7 7
527 591 529 33 50 105 560
2 12 8
121 239 551 74 131 502 572 697
1 16 10
68 170 172 237 281 347 371 396 460 531
1 9 9
687 559 642 484 205 329 211 293 527
2 17 15
694 483 220 639 66 71 109 145 163 221 258 404 440 586 614
4 15 11
417 200 452 414 27 286 454 84 21 410 436
2 20 6
345 230 421 307 407 592
1 17 10
671 119 141 147 171 175 227 248 389 491
2 10 10
95 469 47 104 71 336 450 116 217 546
5 8 21
138 17 539 290 530 490 298 669 480 91 382 293 550 543 9 20 22 123 229 304 682
1 11 6
492 563 525 61 668 669
2 17 12
416 699 584 87 137 192 201 302 395 470 505 565
1 25 6
188 552 319 328 506 673
1 8 12
306 65 279 89 369 676 390 0 421 454 532 595
2 17 8
398 288 327 291 82 142 238 276
2 17 9
271 695 34 573 122 164 442 494 652
6 12 13
569 561 325 280 659 415 309 456 626 432 540 73 658
2 4 20
489 32 38 219 13 132 410 117 157 666 184 511 129 558 52 263 288 393 495 564
3 7 12
391 142 679 526 281 670 167 126 487 503 520 589
1 12 12
216 118 44 8 23 194 252 265 318 605 620 647
7 11 20
86 618 334 25 605 506 337 363 352 330 130 409 459 350 93 179 188 204 303 361
1 8 13
264 471 267 222 541 564 19 75 77 289 608 621 662
1 10 8
211 153 578 449 368 139 581 674
2 14 4
79 522 247 344
1 4 16
294 583 625 662 268 249 380 627 204 597 305 185 190 438 464 684
1 18 6
684 18 534 294 626 686
6 14 16
262 148 7 359 295 83 594 436 169 560 8 518 249 471 545 590
1 3 18
354 6 203 619 600 261 419 173 29 198 400 213 317 487 49 155 329 602
2 7 15
252 328 19 168 225 28 20 45 479 224 257 259 548 619 690
