700 499 1085 20
26 12 12 11 18 15 39 33 40 11 14 30 37 30 16 21 16 13 17 36 17 16 21 19 29 36 26 39 11 35 23 37 20 23 24 40 13 30 31 36 15 36 38 26 16 35 16 13 34 40 12 40 15 27 18 27 39 25 13 13 32 38 18 40 36 28 40 37 32 17 14 13 31 27 24 38 32 34 34 23 35 18 23 21 38 14 37 40 39 30 24 18 21 18 28 13 29 27 32 12 40 28 33 23 35 22 34 31 20 30 21 37 37 24 34 12 16 12 22 25 36 27 25 36 21 18 22 15 29 36 19 20 14 28 16 30 19 26 32 27 30 23 17 11 25 25 17 19 14 29 24 28 34 25 13 32 23 16 20 32 13 12 34 37 16 15 18 29 25 22 28 26 23 22 31 34 33 22 13 26 12 32 34 38 32 26 37 35 28 33 27 34 27 23 24 39 39 18 34 17 34 15 32 30 40 13 24 32 32 27 24 14 37 24 39 30 34 20 39 40 33 24 38 26 38 11 29 20 27 15 36 30 38 37 24 15 32 39 23 40 34 11 16 35 13 24 31 29 36 22 12 18 23 15 38 28 34 19 27 17 37 23 33 23 30 25 28 18 38 24 24 11 25 27 29 40 40 19 24 13 34 19 23 29 35 24 38 19 15 34 34 18 36 32 21 18 31 18 25 37 19 31 33 12 19 11 28 27 39 36 35 22 36 11 29 23 27 24 18 35 16 20 15 39 35 14 35 26 23 40 34 33 34 15 17 30 14 30 20 20 26 19 39 11 38 14 29 25 13 28 19 12 20 40 32 17 19 32 17 14 39 18 36 31 28 26 38 12 19 15 28 16 25 21 21 11 40 38 13 18 11 23 31 30 25 28 22 26 34 28 22 17 40 26 34 33 12 26 15 19 40 37 22 31 27 19 28 32 20 34 30 18 18 38 14 34 13 33 31 20 40 15 29 20 33 15 31 21 28 32 39 37 17 29 18 25 30 29 20 31 32 29 19 18 35 37 39 14 26 20 31 32 13 13 23 30 16 30 37 16 13 38 30 16 17 18 31 14 36 11 38 25 34 22 12 36 24 15 14 33 26 36 39 18 15 40 15 37 22 37 23 37 17 21 20 20 38 13 35 34 25 36 19 14 16 26 27 28 21 40 38 36 35 18 11 23 27 24 28 39 11 21 25 22 25 14 18 28 23 15 34 19 34 32 36 15 37 27 39 21 19 12 20 39 21 16 15 39 15 15 21 29 28 11 32 31 40 29 40 28 27 32 34 22 40 38 14 32 24 21 37 27 32 16 34 17 34 37 24 33 29 28 25 31 37 28 13 23 38 34 19 22 33 18 11 36 38 30 34 26 33 14 29 25 14 36 14 15 38 31 28 18 15 21 27 28 22 34 27 18 21 30 25 37 25 28 21 24 11 12 24 30 40 31 37 22 31 33 14 19 19 35 38 31 18 24 26 16 23 27 26 14 22 19 18 21 36 22 39 28 15 27 14 40 14 27 36 36 32 35 36 21 27 15 27 39 16 24 25 17 18 35 29 32 39 25 13 27 19 25 25 30 34 32 22 26 30 15 40 13
16 2 2 1 8 5 29 23 30 1 4 20 27 20 6 11 6 3 7 26 7 6 11 9 19 26 16 29 1 25 13 27 10 13 14 30 3 20 21 26 5 26 28 16 6 25 6 3 24 30 2 30 5 17 8 17 29 15 3 3 22 28 8 30 26 18 30 27 22 7 4 3 21 17 14 28 22 24 24 13 25 8 13 11 28 4 27 30 29 20 14 8 11 8 18 3 19 17 22 2 30 18 23 13 25 12 24 21 10 20 11 27 27 14 24 2 6 2 12 15 26 17 15 26 11 8 12 5 19 26 9 10 4 18 6 20 9 16 22 17 20 13 7 1 15 15 7 9 4 19 14 18 24 15 3 22 13 6 10 22 3 2 24 27 6 5 8 19 15 12 18 16 13 12 21 24 23 12 3 16 2 22 24 28 22 16 27 25 18 23 17 24 17 13 14 29 29 8 24 7 24 5 22 20 30 3 14 22 22 17 14 4 27 14 29 20 24 10 29 30 23 14 28 16 28 1 19 10 17 5 26 20 28 27 14 5 22 29 13 30 24 1 6 25 3 14 21 19 26 12 2 8 13 5 28 18 24 9 17 7 27 13 23 13 20 15 18 8 28 14 14 1 15 17 19 30 30 9 14 3 24 9 13 19 25 14 28 9 5 24 24 8 26 22 11 8 21 8 15 27 9 21 23 2 9 1 18 17 29 26 25 12 26 1 19 13 17 14 8 25 6 10 5 29 25 4 25 16 13 30 24 23 24 5 7 20 4 20 10 10 16 9 29 1 28 4 19 15 3 18 9 2 10 30 22 7 9 22 7 4 29 8 26 21 18 16 28 2 9 5 18 6 15 11 11 1 30 28 3 8 1 13 21 20 15 18 12 16 24 18 12 7 30 16 24 23 2 16 5 9 30 27 12 21 17 9 18 22 10 24 20 8 8 28 4 24 3 23 21 10 30 5 19 10 23 5 21 11 18 22 29 27 7 19 8 15 20 19 10 21 22 19 9 8 25 27 29 4 16 10 21 22 3 3 13 20 6 20 27 6 3 28 20 6 7 8 21 4 26 1 28 15 24 12 2 26 14 5 4 23 16 26 29 8 5 30 5 27 12 27 13 27 7 11 10 10 28 3 25 24 15 26 9 4 6 16 17 18 11 30 28 26 25 8 1 13 17 14 18 29 1 11 15 12 15 4 8 18 13 5 24 9 24 22 26 5 27 17 29 11 9 2 10 29 11 6 5 29 5 5 11 19 18 1 22 21 30 19 30 18 17 22 24 12 30 28 4 22 14 11 27 17 22 6 24 7 24 27 14 23 19 18 15 21 27 18 3 13 28 24 9 12 23 8 1 26 28 20 24 16 23 4 19 15 4 26 4 5 28 21 18 8 5 11 17 18 12 24 17 8 11 20 15 27 15 18 11 14 1 2 14 20 30 21 27 12 21 23 4 9 9 25 28 21 8 14 16 6 13 17 16 4 12 9 8 11 26 12 29 18 5 17 4 30 4 17 26 26 22 25 26 11 17 5 17 29 6 14 15 7 8 25 19 22 29 15 3 17 9 15 15 20 24 22 12 16 20 5 30 3
0 6 4
595 347 132 35
0 18 3
378 644 56
0 5 6
64 240 571 320 407 155
0 3 4
284 214 222 369
0 6 1
491
0 5 2
101 453
0 14 2
109 362
0 4 2
448 210
0 17 1
208
0 6 3
630 394 310
0 17 2
157 388
0 1 2
689 515
0 10 1
183
0 10 6
532 336 410 393 276 451
0 12 3
182 667 293
0 9 3
559 94 41
0 15 2
633 156
0 7 3
402 628 460
0 18 3
55 218 61
0 9 5
117 137 439 480 538
0 16 5
381 653 177 699 217
0 16 1
639
0 9 2
367 606
0 18 1
86
0 20 3
141 252 697
0 10 7
605 341 668 558 194 450 500
0 15 5
692 49 420 136 255
0 16 2
643 127
0 3 3
387 292 446
0 17 1
107
0 9 3
178 648 435
0 8 4
377 324 493 592
0 16 2
343 121
0 20 2
404 666
0 17 1
60
0 13 2
579 4
0 17 9
51 447 580 604 659 514 430 634 3
0 9 4
694 497 31 104
0 14 2
354 416
0 16 5
262 197 153 434 246
0 11 5
518 670 556 677 456
0 15 2
570 289
0 20 4
312 472 308 438
0 12 1
305
0 11 1
193
0 15 2
326 576
0 10 4
202 511 601 436
0 3 2
129 79
0 7 5
76 317 484 423 278
0 14 1
599
0 2 2
349 374
0 18 1
413
0 20 3
415 681 527
0 13 5
273 318 171 24 358
0 2 4
303 470 417 87
0 7 1
471
0 19 3
145 608 288
0 6 4
568 516 684 270
0 9 7
577 176 152 294 405 27 11
0 11 2
536 169
0 12 2
298 150
0 20 1
123
0 9 1
650
0 17 1
463
0 8 1
167
0 8 7
154 191 105 238 85 503 164
0 8 1
360
0 7 3
479 498 257
0 8 1
299
0 5 1
664
0 9 1
356
0 16 2
198 338
0 4 6
586 534 54 647 421 188
0 7 3
57 688 20
0 2 3
224 696 199
0 8 6
613 9 543 499 16 469
0 3 1
128
0 18 2
535 261
0 4 2
33 256
0 15 2
245 399
0 2 6
660 581 452 17 663 230
0 6 4
620 449 638 36
0 7 7
612 373 425 181 99 566 523
0 11 3
329 585 372
0 16 2
395 37
0 2 3
301 562 457
0 1 3
698 554 297
0 20 6
614 139 291 42 95 250
0 6 3
588 34 350
0 2 2
466 220
0 20 5
485 678 517 545 629
0 6 1
510
1 25 1
0
1 17 1
1
1 28 1
2
1 30 1
5
1 12 1
6
1 14 1
7
1 29 1
8
1 26 1
10
1 8 2
12 325
1 34 1
13
1 31 1
14
1 22 1
15
1 34 1
18
1 31 1
19
1 29 1
21
1 12 1
22
1 8 1
23
1 11 1
25
1 36 1
26
1 18 1
28
1 15 1
29
1 12 1
30
1 17 1
32
1 14 1
38
1 16 1
39
1 16 1
40
1 15 1
43
1 12 1
44
1 30 1
45
1 30 2
46 674
1 28 2
47 175
1 14 1
48
1 18 1
50
1 38 1
52
1 20 1
53
1 10 1
58
1 19 1
59
1 13 1
62
1 10 1
63
1 27 1
65
1 28 1
66
1 31 1
67
1 36 1
68
1 10 1
69
1 21 1
70
1 17 1
71
1 12 1
72
1 28 1
73
1 19 1
74
1 25 1
75
1 29 1
77
1 27 1
78
1 20 1
80
1 21 1
81
1 26 1
82
1 22 1
83
1 20 1
84
1 36 2
88 134
1 7 2
89 654
1 25 1
90
1 17 1
91
1 23 1
92
1 20 1
93
1 26 1
96
1 32 1
97
1 15 1
98
1 13 1
100
1 25 1
102
1 30 1
103
1 27 1
106
1 21 1
108
1 31 2
110 260
1 15 1
111
1 21 1
112
1 20 1
113
1 33 1
114
1 12 2
115 162
1 8 1
116
1 19 1
118
1 21 1
119
1 19 1
120
1 39 1
122
1 9 1
124
1 25 1
125
1 10 2
126 363
1 33 1
130
1 35 1
131
1 20 1
133
1 16 1
135
1 8 1
138
1 21 1
140
1 29 1
142
1 37 1
143
1 23 1
144
1 9 1
146
1 19 1
147
1 17 1
148
1 14 1
149
1 5 1
151
1 38 1
158
1 17 1
159
1 12 1
160
1 5 1
161
1 23 1
163
1 27 1
165
1 22 1
166
1 27 1
168
1 18 1
170
1 13 2
172 237
1 32 1
173
1 19 1
174
1 13 1
179
1 22 1
180
1 20 1
184
1 21 1
185
1 12 1
186
1 19 1
187
1 25 1
189
1 23 1
190
1 20 1
192
1 24 1
195
1 13 1
196
1 6 1
200
1 19 1
201
1 33 1
203
1 20 1
204
1 33 1
205
1 11 1
206
1 24 1
207
1 13 1
209
1 31 1
211
1 22 1
212
1 23 1
213
1 35 1
215
1 25 1
216
1 35 1
219
1 36 1
221
1 35 1
223
1 15 1
225
1 9 1
226
1 24 1
227
1 19 1
228
1 33 2
229 231
1 9 1
232
1 15 1
233
1 14 1
234
1 22 1
235
1 8 1
236
1 26 1
239
1 22 1
241
1 11 1
242
1 27 1
243
1 22 1
244
1 18 1
247
1 10 1
248
1 25 1
249
1 9 1
251
1 21 1
253
1 27 1
254
1 3 1
258
1 25 1
259
1 28 3
263 281 286
1 29 1
264
1 29 1
265
1 30 1
266
1 26 2
267 432
1 28 1
268
1 40 2
269 433
1 35 1
271
1 7 1
272
1 17 1
274
1 27 1
275
1 14 1
277
1 19 1
279
1 15 1
280
1 22 1
282
1 22 1
283
1 16 1
285
1 24 1
287
1 29 1
290
1 11 1
295
1 25 1
296
1 18 1
300
1 23 1
302
1 14 1
304
1 7 1
306
1 23 1
307
1 24 1
309
1 27 1
311
1 38 1
313
1 33 1
314
1 27 1
315
1 19 1
316
1 8 1
319
1 28 1
321
1 28 1
322
1 37 1
323
1 31 1
327
1 26 1
328
1 19 1
330
1 15 2
331 661
1 12 1
332
1 8 1
333
1 19 1
334
1 21 1
335
1 7 1
337
1 24 1
339
1 10 1
340
1 37 1
342
1 10 1
344
1 10 1
345
1 34 1
346
1 16 1
348
1 7 1
351
1 20 1
352
1 24 1
353
1 23 1
355
1 13 1
357
1 25 1
359
1 6 1
361
1 5 1
364
1 15 1
365
1 22 1
366
1 28 1
368
1 26 1
370
1 36 1
371
1 27 2
375 546
1 30 1
376
1 29 1
379
1 17 1
380
1 20 1
382
1 18 1
383
1 24 1
384
1 9 1
385
1 23 1
386
1 24 1
389
1 22 1
390
1 13 1
391
1 13 1
392
1 10 1
396
1 31 1
397
1 24 1
398
1 29 1
400
1 14 1
401
1 11 1
403
1 34 1
406
1 18 1
408
1 19 1
409
1 32 1
411
1 15 1
412
1 22 1
414
1 32 1
418
1 31 1
419
1 18 1
422
1 8 1
424
1 27 1
426
1 15 1
427
1 12 1
428
1 15 1
429
1 26 1
431
1 12 1
437
1 17 1
440
1 26 1
441
1 23 1
442
1 15 1
443
1 25 1
444
1 10 1
445
1 15 1
454
1 15 1
455
1 23 1
458
1 10 1
459
1 16 1
461
1 19 1
462
1 19 1
464
1 11 1
465
1 38 1
467
1 13 1
468
1 24 1
473
1 11 1
474
1 13 1
475
1 32 1
476
1 25 1
477
1 22 1
478
1 22 1
481
1 23 1
482
1 25 1
483
1 28 1
486
1 12 1
487
1 10 1
488
1 24 1
489
1 22 1
490
1 28 1
492
1 16 1
494
1 34 1
495
1 12 2
496 504
1 18 1
501
1 24 1
502
1 30 1
505
1 36 1
506
1 19 1
507
1 18 1
508
1 11 1
509
1 3 1
512
1 31 1
513
1 19 1
519
1 13 1
520
1 27 1
521
1 17 1
522
1 31 1
524
1 36 1
525
1 30 1
526
1 26 1
528
1 5 2
529 550
1 38 1
530
1 20 1
531
1 34 1
533
1 23 1
537
1 12 1
539
1 11 1
540
1 15 1
541
1 18 1
542
1 20 1
544
1 6 1
547
1 19 1
548
1 34 1
549
1 32 1
551
1 22 1
552
1 21 1
553
1 17 1
555
1 17 1
557
1 29 1
560
1 19 1
561
1 19 1
563
1 23 1
564
1 8 1
565
1 12 1
567
1 25 1
569
1 6 2
572 680
1 21 1
573
1 14 1
574
1 22 1
575
1 16 1
578
1 5 1
582
1 19 1
583
1 18 1
584
1 26 1
587
1 19 1
589
1 11 1
590
1 31 1
591
1 37 1
593
1 23 1
594
1 26 1
596
1 11 1
597
1 33 2
598 687
1 33 1
600
1 28 1
602
1 27 1
603
1 13 1
607
1 27 1
609
1 33 1
610
1 12 1
611
1 22 1
615
1 26 1
616
1 30 1
617
1 26 1
618
1 26 1
619
1 13 1
621
1 27 1
622
1 21 1
623
1 36 1
624
1 22 1
625
1 30 1
626
1 24 1
627
1 24 1
631
1 7 1
632
1 23 1
635
1 31 1
636
1 35 1
637
1 20 1
640
1 18 1
641
1 32 1
642
1 35 1
645
1 37 1
646
1 13 1
649
1 22 1
651
1 16 1
652
1 13 1
655
1 29 1
656
1 11 1
657
1 23 1
658
1 17 1
662
1 24 1
665
1 25 1
669
1 25 1
671
1 17 1
672
1 9 1
673
1 37 1
675
1 13 1
676
1 27 1
679
1 13 1
682
1 22 1
683
1 24 1
685
1 27 1
686
1 20 1
690
1 28 1
691
1 24 1
693
1 33 1
695
