500 359 775 20
11 39 33 16 37 22 38 28 29 26 37 15 16 31 29 29 22 23 30 21 27 29 40 24 40 24 34 11 28 16 17 39 22 27 18 19 11 12 18 27 39 40 17 18 25 29 20 28 19 28 20 39 24 38 21 28 33 25 33 16 37 29 23 37 11 15 33 39 21 22 16 34 36 22 26 12 17 13 24 20 22 34 31 38 37 14 21 11 30 17 38 21 32 26 40 34 23 11 35 27 33 36 32 24 36 11 12 18 15 38 35 27 38 20 28 16 29 37 36 17 30 36 21 30 34 11 36 33 13 38 35 23 20 12 26 35 15 37 25 27 13 33 33 24 28 20 24 38 32 21 16 19 16 17 28 38 36 33 25 34 21 38 12 11 23 30 16 39 31 26 31 28 39 26 12 35 30 26 27 13 22 27 12 32 16 14 28 12 29 13 33 36 40 11 32 26 22 35 23 36 39 19 32 13 38 31 27 23 38 20 35 35 31 33 11 17 11 16 26 38 22 29 34 12 24 39 11 23 21 13 16 25 38 17 19 20 15 20 33 15 33 34 38 32 37 21 33 26 21 34 23 15 16 20 15 28 34 21 31 28 32 40 20 32 17 15 18 20 31 11 17 14 30 15 18 29 29 12 25 27 16 15 40 18 33 16 11 31 33 17 39 28 21 21 11 23 20 21 16 29 13 21 12 20 17 36 26 14 28 18 27 27 38 17 36 15 14 18 15 28 29 39 28 37 21 15 14 30 16 38 37 40 21 35 12 32 33 35 36 35 17 16 11 11 36 36 21 37 27 18 26 19 22 25 25 14 28 28 19 33 24 37 16 21 36 31 17 29 14 24 26 20 18 39 39 31 37 23 37 11 15 39 24 14 31 31 18 14 37 24 38 27 11 17 37 25 34 13 38 16 40 11 23 18 36 23 23 23 25 31 26 40 30 26 37 38 34 24 29 14 20 28 11 38 19 25 26 28 40 12 35 36 39 32 24 36 13 27 29 39 29 28 30 17 32 19 20 12 23 26 33 16 16 40 32 20 27 33 29 18 39 30 30 19 11 23 40 26 20 30 19 33 23 15 16 15 38 33 24 11 23 17 27 16 40 16 37 17 32 27 40 35 30 18 36 29 40 16 11 30
1 29 23 6 27 12 28 18 19 16 27 5 6 21 19 19 12 13 20 11 17 19 30 14 30 14 24 1 18 6 7 29 12 17 8 9 1 2 8 17 29 30 7 8 15 19 10 18 9 18 10 29 14 28 11 18 23 15 23 6 27 19 13 27 1 5 23 29 11 12 6 24 26 12 16 2 7 3 14 10 12 24 21 28 27 4 11 1 20 7 28 11 22 16 30 24 13 1 25 17 23 26 22 14 26 1 2 8 5 28 25 17 28 10 18 6 19 27 26 7 20 26 11 20 24 1 26 23 3 28 25 13 10 2 16 25 5 27 15 17 3 23 23 14 18 10 14 28 22 11 6 9 6 7 18 28 26 23 15 24 11 28 2 1 13 20 6 29 21 16 21 18 29 16 2 25 20 16 17 3 12 17 2 22 6 4 18 2 19 3 23 26 30 1 22 16 12 25 13 26 29 9 22 3 28 21 17 13 28 10 25 25 21 23 1 7 1 6 16 28 12 19 24 2 14 29 1 13 11 3 6 15 28 7 9 10 5 10 23 5 23 24 28 22 27 11 23 16 11 24 13 5 6 10 5 18 24 11 21 18 22 30 10 22 7 5 8 10 21 1 7 4 20 5 8 19 19 2 15 17 6 5 30 8 23 6 1 21 23 7 29 18 11 11 1 13 10 11 6 19 3 11 2 10 7 26 16 4 18 8 17 17 28 7 26 5 4 8 5 18 19 29 18 27 11 5 4 20 6 28 27 30 11 25 2 22 23 25 26 25 7 6 1 1 26 26 11 27 17 8 16 9 12 15 15 4 18 18 9 23 14 27 6 11 26 21 7 19 4 14 16 10 8 29 29 21 27 13 27 1 5 29 14 4 21 21 8 4 27 14 28 17 1 7 27 15 24 3 28 6 30 1 13 8 26 13 13 13 15 21 16 30 20 16 27 28 24 14 19 4 10 18 1 28 9 15 16 18 30 2 25 26 29 22 14 26 3 17 19 29 19 18 20 7 22 9 10 2 13 16 23 6 6 30 22 10 17 23 19 8 29 20 20 9 1 13 30 16 10 20 9 23 13 5 6 5 28 23 14 1 13 7 17 6 30 6 27 7 22 17 30 25 20 8 26 19 30 6 1 20
0 7 2
386 446
0 2 3
341 271 240
0 19 3
395 4 131
0 13 3
294 295 119
0 7 5
189 223 203 82 390
0 10 2
153 128
0 16 2
151 269
0 2 6
469 491 215 488 285 348
0 14 1
444
0 3 4
93 181 25 387
0 4 3
77 94 211
0 9 2
41 398
0 14 3
117 362 443
0 16 1
317
0 6 1
442
0 10 5
239 332 16 394 173
0 9 3
88 175 264
0 9 5
314 431 498 471 129
0 11 2
396 226
0 7 3
32 265 347
0 6 2
411 293
0 20 2
461 401
0 19 2
482 22
0 3 3
69 334 217
0 7 1
45
0 9 1
485
0 1 2
466 59
0 18 1
112
0 2 2
344 80
0 6 2
276 420
0 11 3
301 437 472
0 14 2
355 247
0 2 3
15 72 51
0 16 2
76 165
0 10 2
246 229
0 4 5
399 453 273 270 86
0 3 5
121 382 231 201 149
0 16 3
378 275 464
0 3 2
174 384
0 20 3
418 259 281
0 18 5
300 214 345 410 427
0 19 2
308 493
0 14 1
353
0 7 3
490 67 184
0 14 3
29 89 454
0 15 1
20
0 10 2
248 111
0 8 3
391 311 412
0 7 2
272 122
0 7 4
284 44 441 289
0 10 2
339 383
0 19 2
403 460
0 8 1
245
0 19 5
176 381 389 256 210
0 11 3
278 456 132
0 20 2
282 445
0 10 2
18 185
0 14 3
421 492 320
0 10 3
114 143 90
0 10 3
423 242 199
0 18 5
208 139 474 237 163
0 3 7
369 296 280 483 42 202 71
0 15 1
171
0 3 5
105 438 457 440 236
0 12 2
2 313
0 4 5
216 127 400 468 161
0 18 3
340 79 329
0 15 4
100 447 385 56
0 20 6
487 489 363 414 372 234
1 13 1
0
1 19 1
1
1 27 1
3
1 22 1
5
1 16 1
6
1 32 1
7
1 28 1
8
1 10 1
9
1 11 1
10
1 16 1
11
1 18 1
12
1 38 1
13
1 21 1
14
1 21 1
17
1 21 1
19
1 36 1
21
1 20 1
23
1 13 1
24
1 37 1
26
1 11 1
27
1 31 1
28
1 27 1
30
1 21 1
31
1 23 1
33
1 30 1
34
1 35 1
35
1 28 1
36
1 29 1
37
1 20 1
38
1 14 1
39
1 26 1
40
1 10 1
43
1 24 1
46
1 16 1
47
1 37 1
48
1 25 2
49 402
1 25 1
50
1 18 1
52
1 12 2
53 458
1 34 1
54
1 27 1
55
1 21 1
57
1 15 1
58
1 29 1
60
1 22 1
61
1 16 1
62
1 22 1
63
1 24 1
64
1 32 1
65
1 28 1
66
1 27 1
68
1 17 1
70
1 25 1
73
1 11 1
74
1 28 1
75
1 24 1
78
1 26 1
81
1 28 1
83
1 11 1
84
1 23 1
85
1 11 1
87
1 23 1
91
1 5 1
92
1 25 1
95
1 12 1
96
1 13 1
97
1 23 1
98
1 8 2
99 200
1 15 1
101
1 25 1
102
1 17 1
103
1 30 1
104
1 13 1
106
1 27 1
107
1 21 1
108
1 26 1
109
1 36 1
110
1 24 1
113
1 18 1
115
1 14 1
116
1 30 1
118
1 19 1
120
1 18 1
123
1 30 1
124
1 22 1
125
1 17 1
126
1 21 1
130
1 25 1
133
1 29 1
134
1 21 1
135
1 32 1
136
1 20 1
137
1 25 2
138 346
1 30 1
140
1 20 1
141
1 23 1
142
1 21 2
144 170
1 14 1
145
1 34 1
146
1 12 1
147
1 22 1
148
1 22 1
150
1 15 1
152
1 25 1
154
1 23 1
155
1 31 1
156
1 23 1
157
1 27 1
158
1 13 1
159
1 27 1
160
1 22 1
162
1 37 1
164
1 28 1
166
1 14 1
167
1 32 1
168
1 21 1
169
1 23 1
172
1 15 1
177
1 33 1
178
1 35 1
179
1 35 1
180
1 34 1
182
1 34 1
183
1 21 1
186
1 30 2
187 352
1 16 1
188
1 26 1
190
1 28 1
191
1 28 1
192
1 16 1
193
1 17 1
194
1 16 1
195
1 22 1
196
1 11 1
197
1 24 1
198
1 12 1
204
1 16 2
205 495
1 22 1
206
1 32 1
207
1 28 1
209
1 26 1
212
1 18 1
213
1 19 1
218
1 36 1
219
1 28 1
220
1 30 1
221
1 30 1
222
1 23 1
224
1 26 1
225
1 27 1
227
1 28 1
228
1 34 1
230
1 13 1
232
1 33 1
233
1 24 1
235
1 12 1
238
1 29 1
241
1 17 1
243
1 13 1
244
1 30 1
249
1 11 1
250
1 22 1
251
1 13 1
252
1 18 1
253
1 34 1
254
1 20 1
255
1 21 1
257
1 9 1
258
1 33 1
260
1 33 1
261
1 12 1
262
1 9 2
263 321
1 19 1
266
1 12 1
267
1 18 1
268
1 32 1
274
1 35 1
277
1 22 2
279 291
1 21 1
283
1 15 1
286
1 26 1
287
1 24 1
288
1 18 1
290
1 22 1
292
1 21 1
297
1 22 1
298
1 17 1
299
1 27 1
302
1 26 1
303
1 19 1
304
1 24 1
305
1 21 1
306
1 20 1
307
1 29 1
309
1 20 1
310
1 9 1
312
1 12 1
315
1 38 1
316
1 20 1
318
1 35 1
319
1 26 1
322
1 33 1
323
1 23 1
324
1 12 1
325
1 27 1
326
1 22 1
327
1 23 1
328
1 27 1
330
1 14 1
331
1 29 1
333
1 17 1
335
1 28 1
336
1 16 1
337
1 25 1
338
1 21 1
342
1 13 1
343
1 22 1
349
1 21 2
350 470
1 22 1
351
1 6 1
354
1 6 1
356
1 24 1
357
1 32 1
358
1 19 1
359
1 20 1
360
1 22 1
361
1 17 1
364
1 17 1
365
1 11 1
366
1 21 1
367
1 17 1
368
1 26 1
370
1 6 1
371
1 6 1
373
1 12 1
374
1 32 1
375
1 24 1
376
1 39 2
377 451
1 18 1
379
1 9 1
380
1 34 1
388
1 39 1
392
1 26 1
393
1 9 1
397
1 21 1
404
1 29 1
405
1 31 1
406
1 17 2
407 449
1 22 1
408
1 23 1
409
1 20 1
413
1 18 1
415
1 30 1
416
1 19 1
417
1 20 1
419
1 16 1
422
1 13 1
424
1 25 1
425
1 28 1
426
1 7 1
428
1 17 1
429
1 33 2
430 434
1 18 1
432
1 13 1
433
1 16 1
435
1 27 1
436
1 10 1
439
1 13 1
448
1 16 1
450
1 28 1
452
1 21 1
455
1 10 1
459
1 15 1
462
1 11 1
463
1 19 1
465
1 18 1
467
1 5 1
473
1 14 1
475
1 15 1
476
1 22 1
477
1 20 1
478
1 29 1
479
1 30 1
480
1 26 1
481
1 24 1
484
1 22 1
486
1 10 1
494
1 38 1
496
1 26 1
497
1 10 1
499
