300 238 465 20
35 31 38 40 23 15 34 11 34 11 37 30 18 25 28 17 17 23 22 18 40 16 13 39 30 27 26 40 32 36 35 15 37 20 22 26 24 32 32 29 15 37 18 39 14 12 21 27 20 28 39 14 25 31 21 12 21 35 25 29 33 35 38 23 37 25 30 35 39 21 14 29 17 22 18 21 21 17 36 22 34 27 12 40 38 21 38 37 29 16 40 19 25 23 22 34 18 17 38 40 32 28 34 38 28 37 26 39 28 12 18 11 23 35 29 17 11 38 25 25 33 19 20 25 35 19 34 14 39 23 27 20 32 15 37 26 32 27 21 37 21 33 11 29 19 35 34 30 36 24 32 38 19 40 23 26 28 32 36 15 33 22 32 30 12 32 34 34 15 29 15 17 31 33 39 14 21 31 13 18 16 40 38 20 13 34 40 15 33 21 25 19 28 15 17 24 26 30 39 31 18 16 40 38 12 24 16 40 35 40 16 29 13 21 40 34 33 29 30 22 25 37 16 35 36 29 33 17 23 36 22 33 19 20 24 24 21 22 14 25 37 24 18 35 15 13 32 12 14 37 22 28 29 34 37 14 25 19 25 33 27 35 19 35 32 34 19 11 13 16 39 29 39 20 15 36 21 12 32 24 26 31 32 17 16 15 14 27 14 33 15 39 23 28 11 20 26 39 25 40
25 21 28 30 13 5 24 1 24 1 27 20 8 15 18 7 7 13 12 8 30 6 3 29 20 17 16 30 22 26 25 5 27 10 12 16 14 22 22 19 5 27 8 29 4 2 11 17 10 18 29 4 15 21 11 2 11 25 15 19 23 25 28 13 27 15 20 25 29 11 4 19 7 12 8 11 11 7 26 12 24 17 2 30 28 11 28 27 19 6 30 9 15 13 12 24 8 7 28 30 22 18 24 28 18 27 16 29 18 2 8 1 13 25 19 7 1 28 15 15 23 9 10 15 25 9 24 4 29 13 17 10 22 5 27 16 22 17 11 27 11 23 1 19 9 25 24 20 26 14 22 28 9 30 13 16 18 22 26 5 23 12 22 20 2 22 24 24 5 19 5 7 21 23 29 4 11 21 3 8 6 30 28 10 3 24 30 5 23 11 15 9 18 5 7 14 16 20 29 21 8 6 30 28 2 14 6 30 25 30 6 19 3 11 30 24 23 19 20 12 15 27 6 25 26 19 23 7 13 26 12 23 9 10 14 14 11 12 4 15 27 14 8 25 5 3 22 2 4 27 12 18 19 24 27 4 15 9 15 23 17 25 9 25 22 24 9 1 3 6 29 19 29 10 5 26 11 2 22 14 16 21 22 7 6 5 4 17 4 23 5 29 13 18 1 10 16 29 15 30
0 13 1
281
0 10 1
148
0 6 4
133 299 107 259
0 2 3
228 64 295
0 12 1
186
0 4 1
20
0 6 1
197
0 15 1
258
0 20 2
83 180
0 8 2
235 44
0 16 2
147 103
0 5 1
1
0 18 4
54 75 288 266
0 19 3
49 43 200
0 5 1
41
0 20 2
160 71
0 3 1
253
0 3 1
220
0 18 1
146
0 19 1
198
0 17 2
125 211
0 5 2
262 120
0 3 1
185
0 17 2
234 156
0 8 1
267
0 3 1
260
0 11 2
32 157
0 4 3
72 77 132
0 6 1
122
0 14 2
19 254
0 12 5
283 141 158 226 9
0 9 2
244 65
0 2 2
100 31
0 15 1
265
0 9 1
51
0 20 3
238 201 279
0 18 2
114 7
0 18 2
164 248
0 5 1
123
0 9 1
105
0 16 3
99 177 2
0 6 1
118
0 4 1
271
0 9 1
56
0 15 3
263 119 202
0 9 4
252 171 24 6
1 11 2
116 28
0 19 1
225
0 4 2
227 80
0 7 1
66
0 10 2
29 236
0 14 2
70 230
0 8 3
195 0 76
0 9 2
55 89
0 13 2
121 188
0 3 2
154 13
0 3 1
261
0 13 1
137
0 1 4
104 291 124 88
0 17 5
221 191 150 213 136
0 13 1
174
0 13 3
27 34 161
1 33 1
3
1 27 1
4
1 21 1
5
1 27 1
8
1 24 1
10
1 28 1
11
1 15 1
12
1 22 2
14 61
1 13 1
15
1 21 1
16
1 22 1
17
1 17 1
18
1 29 1
21
1 13 1
22
1 6 1
23
1 21 1
25
1 18 1
26
1 6 1
30
1 37 1
33
1 26 1
35
1 23 2
36 52
1 5 1
37
1 16 1
38
1 16 1
39
1 8 1
40
1 16 1
42
1 30 1
45
1 23 1
46
1 11 1
47
1 27 1
48
1 25 1
50
1 29 1
53
1 20 1
57
1 21 2
58 78
1 31 1
59
1 10 1
60
1 9 1
62
1 8 1
63
1 22 1
67
1 16 2
68 251
1 37 1
69
1 38 1
73
1 23 1
74
1 18 1
79
1 20 1
81
1 27 1
82
1 28 1
84
1 25 1
85
1 17 1
86
1 9 1
87
1 23 1
90
1 14 1
91
1 4 1
92
1 38 1
93
1 26 1
94
1 33 1
95
1 33 1
96
1 19 1
97
1 23 1
98
1 19 1
101
1 9 1
102
1 18 1
106
1 19 1
108
1 20 1
109
1 20 1
110
1 12 1
111
1 25 1
112
1 26 1
113
1 21 1
115
1 13 1
117
1 19 1
126
1 10 1
127
1 17 1
128
1 20 1
129
1 32 1
130
1 9 1
131
1 21 1
134
1 32 1
135
1 13 1
138
1 32 1
139
1 34 1
140
1 23 1
142
1 23 1
143
1 18 1
144
1 26 1
145
1 33 1
149
1 32 1
151
1 8 1
152
1 19 1
153
1 4 1
155
1 27 1
159
1 25 1
162
1 34 1
163
1 25 1
165
1 18 1
166
1 24 1
167
1 19 1
168
1 17 1
169
1 10 1
170
1 10 1
172
1 22 1
173
1 18 1
175
1 39 1
176
1 16 1
178
1 14 1
179
1 9 1
181
1 12 1
182
1 25 1
183
1 18 1
184
1 16 1
187
1 11 1
189
1 22 1
190
1 24 1
192
1 29 2
193 222
1 20 1
194
1 19 1
196
1 15 1
199
1 20 1
203
1 21 1
204
1 21 1
205
1 26 1
206
1 22 1
207
1 7 1
208
1 35 1
209
1 22 1
210
1 33 1
212
1 22 1
214
1 22 1
215
1 20 1
216
1 16 1
217
1 23 1
218
1 8 1
219
1 17 1
223
1 26 1
224
1 18 1
229
1 29 1
231
1 34 1
232
1 18 1
233
1 40 1
237
1 17 1
239
1 18 1
240
1 24 1
241
1 16 2
242 273
1 10 1
243
1 12 1
245
1 12 1
246
1 20 1
247
1 19 1
249
1 19 1
250
1 21 1
255
1 18 1
256
1 35 1
257
1 25 1
264
1 35 1
268
1 22 1
269
1 40 1
270
1 14 1
272
1 11 1
274
1 18 1
275
1 26 1
276
1 18 1
277
1 34 1
278
1 28 1
280
1 20 1
282
1 35 1
284
1 26 1
285
1 15 1
286
1 32 1
287
1 5 1
289
1 12 1
290
1 6 1
292
1 28 1
293
1 15 1
294
1 28 1
296
1 12 1
297
1 4 1
298
