500 365 775 20
18 35 27 16 35 28 28 23 13 32 34 14 39 24 20 22 37 23 17 40 14 31 39 21 11 17 20 15 38 32 21 13 35 37 22 28 18 15 32 29 33 15 16 34 12 31 18 40 19 19 18 24 36 28 39 11 30 40 26 14 28 37 35 14 32 15 12 38 36 35 14 34 13 35 30 24 38 36 35 28 32 24 36 19 22 25 20 19 12 26 37 39 31 12 32 23 34 33 19 22 22 22 12 31 21 24 21 19 33 40 11 34 24 28 33 26 34 20 27 26 37 40 19 25 34 17 33 17 26 35 35 27 18 38 12 28 28 12 21 30 32 33 26 34 15 15 14 14 36 32 40 39 28 16 23 31 38 28 23 19 16 34 11 12 14 36 22 14 30 13 17 17 18 29 17 18 31 24 20 21 18 31 14 24 25 25 14 23 35 19 34 25 28 14 36 37 20 21 14 38 15 13 16 30 30 38 37 27 36 15 30 28 36 22 23 26 21 22 29 15 25 23 35 21 39 21 25 21 24 19 20 22 13 36 12 36 20 21 20 20 39 11 22 39 32 29 14 32 33 39 20 37 38 29 32 12 18 26 26 36 35 35 34 36 27 17 18 37 21 32 19 17 34 16 17 38 40 24 12 24 22 19 19 22 33 16 20 27 19 34 27 31 22 20 27 23 28 37 35 17 18 21 13 34 29 15 36 37 24 15 18 18 39 25 34 14 26 13 24 30 26 28 15 32 28 37 19 24 20 35 15 21 31 13 36 33 20 32 14 12 40 27 20 22 22 21 39 26 40 18 25 11 37 37 30 22 29 35 19 31 38 16 36 22 33 28 13 19 17 18 12 22 13 24 24 12 37 32 11 25 21 30 11 23 19 23 22 38 22 33 37 17 25 34 38 32 36 31 40 25 24 30 31 26 34 32 16 22 20 27 21 36 20 23 11 16 38 36 27 15 40 39 33 11 38 35 13 38 39 26 33 14 34 15 39 33 24 21 27 24 32 39 35 20 25 27 18 16 34 11 19 35 29 38 23 21 11 38 40 14 26 37 16 35 22 33 38 24 30 23 21 32 33 24 36 32 20 38 15 23 30 13 19 13 27 28 30 12 35 19 11 15 11 14 26 33 14 18 40 13
8 25 17 6 25 18 18 13 3 22 24 4 29 14 10 12 27 13 7 30 4 21 29 11 1 7 10 5 28 22 11 3 25 27 12 18 8 5 22 19 23 5 6 24 2 21 8 30 9 9 8 14 26 18 29 1 20 30 16 4 18 27 25 4 22 5 2 28 26 25 4 24 3 25 20 14 28 26 25 18 22 14 26 9 12 15 10 9 2 16 27 29 21 2 22 13 24 23 9 12 12 12 2 21 11 14 11 9 23 30 1 24 14 18 23 16 24 10 17 16 27 30 9 15 24 7 23 7 16 25 25 17 8 28 2 18 18 2 11 20 22 23 16 24 5 5 4 4 26 22 30 29 18 6 13 21 28 18 13 9 6 24 1 2 4 26 12 4 20 3 7 7 8 19 7 8 21 14 10 11 8 21 4 14 15 15 4 13 25 9 24 15 18 4 26 27 10 11 4 28 5 3 6 20 20 28 27 17 26 5 20 18 26 12 13 16 11 12 19 5 15 13 25 11 29 11 15 11 14 9 10 12 3 26 2 26 10 11 10 10 29 1 12 29 22 19 4 22 23 29 10 27 28 19 22 2 8 16 16 26 25 25 24 26 17 7 8 27 11 22 9 7 24 6 7 28 30 14 2 14 12 9 9 12 23 6 10 17 9 24 17 21 12 10 17 13 18 27 25 7 8 11 3 24 19 5 26 27 14 5 8 8 29 15 24 4 16 3 14 20 16 18 5 22 18 27 9 14 10 25 5 11 21 3 26 23 10 22 4 2 30 17 10 12 12 11 29 16 30 8 15 1 27 27 20 12 19 25 9 21 28 6 26 12 23 18 3 9 7 8 2 12 3 14 14 2 27 22 1 15 11 20 1 13 9 13 12 28 12 23 27 7 15 24 28 22 26 21 30 15 14 20 21 16 24 22 6 12 10 17 11 26 10 13 1 6 28 26 17 5 30 29 23 1 28 25 3 28 29 16 23 4 24 5 29 23 14 11 17 14 22 29 25 10 15 17 8 6 24 1 9 25 19 28 13 11 1 28 30 4 16 27 6 25 12 23 28 14 20 13 11 22 23 14 26 22 10 28 5 13 20 3 9 3 17 18 20 2 25 9 1 5 1 4 16 23 4 8 30 3
0 18 3
26 373 136
0 19 5
33 189 354 187 81
0 19 2
149 348
0 20 1
301
0 16 2
84 287
0 19 1
434
0 6 2
419 283
0 9 5
427 114 464 221 317
0 20 2
397 36
0 10 1
188
0 4 2
308 395
0 11 5
107 326 467 453 178
0 18 3
268 422 134
0 15 2
4 353
0 3 4
429 164 440 291
0 4 1
112
0 14 1
313
0 3 2
93 235
0 7 3
182 279 41
0 14 1
285
0 7 2
88 432
0 10 2
368 193
0 6 4
383 271 125 54
0 13 2
478 100
0 5 4
86 161 20 131
0 15 1
450
0 14 2
212 246
0 2 2
64 396
0 16 4
366 304 473 236
0 13 6
457 73 441 102 305 371
0 18 2
213 152
0 9 3
202 452 454
0 5 1
358
0 13 2
176 296
0 15 4
495 264 273 300
0 12 3
59 310 260
0 12 4
145 18 336 345
0 17 2
219 58
0 8 2
140 462
0 15 2
177 372
0 19 3
435 11 227
0 20 2
364 230
0 12 3
475 209 153
0 18 4
168 24 340 111
0 10 2
470 430
0 1 3
65 303 79
0 13 5
181 147 40 252 106
0 13 3
356 94 169
0 3 2
199 289
0 15 3
7 324 116
0 20 4
210 128 95 498
0 10 6
250 339 170 481 275 487
0 7 2
274 69
0 19 2
215 103
0 19 4
414 463 37 261
0 4 2
173 277
0 14 1
104
0 13 1
424
0 8 4
363 83 335 6
0 3 4
380 113 233 239
0 2 2
166 248
0 5 4
38 393 109 425
0 2 3
258 55 208
0 11 3
50 443 90
0 14 2
75 314
0 14 3
428 226 34
0 3 2
142 138
0 9 1
241
0 16 3
322 238 309
0 17 1
232
0 2 4
456 488 126 378
0 1 1
98
0 13 4
137 415 27 408
1 25 1
0
1 26 1
1
1 39 1
2
1 27 1
3
1 26 2
5 262
1 13 1
8
1 34 1
9
1 10 1
10
1 21 1
12
1 27 1
13
1 4 1
14
1 17 1
15
1 6 1
16
1 26 1
17
1 17 2
19 44
1 26 1
21
1 20 1
22
1 32 1
23
1 3 2
25 267
1 22 1
28
1 31 1
29
1 19 1
30
1 34 1
31
1 25 1
32
1 21 1
35
1 28 1
39
1 22 1
42
1 5 1
43
1 19 1
45
1 25 1
46
1 14 1
47
1 22 1
48
1 31 1
49
1 37 1
51
1 32 1
52
1 14 1
53
1 27 1
56
1 25 1
57
1 35 1
60
1 29 1
61
1 31 1
62
1 26 1
63
1 23 2
66 74
1 24 2
67 388
1 25 1
68
1 13 1
70
1 16 1
71
1 32 2
72 423
1 21 1
76
1 21 1
77
1 13 1
78
1 24 1
80
1 9 1
82
1 22 1
85
1 4 1
87
1 35 1
89
1 26 1
91
1 24 1
92
1 25 2
96 151
1 27 1
97
1 31 2
99 130
1 32 1
101
1 23 2
105 135
1 21 1
108
1 29 1
110
1 20 1
115
1 19 2
117 394
1 20 1
118
1 21 1
119
1 25 1
120
1 6 1
121
1 23 1
122
1 27 1
123
1 33 1
124
1 35 1
127
1 29 1
129
1 8 1
132
1 17 1
133
1 16 1
139
1 19 1
141
1 5 1
143
1 22 1
144
1 20 1
146
1 7 1
148
1 38 1
150
1 10 1
154
1 19 1
155
1 5 1
156
1 13 1
157
1 15 1
158
1 28 1
159
1 32 1
160
1 31 1
162
1 27 1
163
1 21 1
165
1 28 2
167 234
1 23 1
171
1 16 1
172
1 23 1
174
1 33 1
175
1 16 1
179
1 18 1
180
1 21 1
183
1 12 1
184
1 33 1
185
1 29 1
186
1 27 1
190
1 19 1
191
1 20 1
192
1 34 1
194
1 11 1
195
1 22 1
196
1 32 1
197
1 33 1
198
1 29 1
200
1 20 1
201
1 23 1
203
1 23 1
204
1 27 1
205
1 31 1
206
1 19 1
207
1 34 1
211
1 23 1
214
1 14 1
216
1 30 1
217
1 21 1
218
1 19 1
220
1 19 1
222
1 30 1
223
1 24 1
224
1 26 1
225
1 22 1
228
1 27 1
229
1 14 1
231
1 22 1
237
1 27 1
240
1 33 1
242
1 17 1
243
1 17 1
244
1 33 1
245
1 31 1
247
1 13 1
249
1 25 1
251
1 34 1
253
1 32 1
254
1 23 1
255
1 35 1
256
1 20 1
257
1 30 1
259
1 29 1
263
1 14 1
265
1 27 1
266
1 30 1
269
1 22 1
270
1 18 1
272
1 18 1
276
1 26 1
278
1 15 1
280
1 9 1
281
1 29 1
282
1 33 1
284
1 23 1
286
1 32 1
288
1 6 1
290
1 21 1
292
1 29 1
293
1 32 1
294
1 20 1
295
1 13 1
297
1 16 1
298
1 35 1
299
1 24 1
302
1 11 1
306
1 32 1
307
1 34 1
311
1 11 2
312 321
1 17 1
315
1 16 1
316
1 13 1
318
1 12 1
319
1 37 1
320
1 25 1
323
1 20 1
325
1 16 1
327
1 15 1
328
1 19 1
329
1 22 1
330
1 10 1
331
1 28 1
332
1 26 1
333
1 29 1
334
1 25 1
337
1 28 1
338
1 33 1
341
1 19 1
342
1 25 1
343
1 21 1
344
1 32 1
346
1 20 1
347
1 28 1
349
1 21 1
350
1 38 1
351
1 38 1
352
1 28 1
355
1 21 1
357
1 15 1
359
1 19 1
360
1 24 1
361
1 12 1
362
1 19 1
365
1 31 1
367
1 30 1
369
1 13 1
370
1 31 1
374
1 33 1
375
1 28 1
376
1 40 1
377
1 27 1
379
1 18 1
381
1 23 1
382
1 28 1
384
1 28 1
385
1 13 2
386 439
1 36 1
387
1 23 1
389
1 32 1
390
1 29 1
391
1 19 1
392
1 21 1
398
1 30 1
399
1 20 1
400
1 13 1
401
1 17 1
402
1 19 1
403
1 22 1
404
1 15 1
405
1 28 1
406
1 14 1
407
1 29 1
409
1 27 1
410
1 28 1
411
1 7 1
412
1 29 1
413
1 22 1
416
1 13 1
417
1 29 1
418
1 27 1
420
1 17 1
421
1 17 1
426
1 22 1
431
1 14 1
433
1 6 1
436
1 35 1
437
1 29 1
438
1 28 1
442
1 16 1
444
1 23 1
445
1 38 1
446
1 25 1
447
1 16 1
448
1 28 1
449
1 24 1
451
1 25 1
455
1 21 1
458
1 27 1
459
1 33 1
460
1 4 1
461
1 21 1
465
1 38 1
466
1 38 1
468
1 39 1
469
1 33 1
471
1 16 1
472
1 32 1
474
1 18 1
476
1 38 1
477
1 26 1
479
1 19 1
480
1 14 1
482
1 28 1
483
1 20 1
484
1 16 1
485
1 16 1
486
1 13 1
489
1 25 1
490
1 17 1
491
1 20 1
492
1 19 1
493
1 12 1
494
1 25 1
496
1 13 1
497
1 33 1
499
