800 521 1240 18
19 32 23 15 15 11 19 15 32 35 16 20 15 31 14 38 16 31 37 39 11 20 32 31 26 37 27 31 36 39 21 18 16 31 14 31 26 19 35 19 17 16 19 30 27 34 19 14 32 35 33 35 17 15 32 21 26 29 26 34 35 30 28 37 24 37 37 35 36 34 36 36 29 16 19 32 23 25 24 21 16 13 38 31 40 38 32 23 28 27 14 20 31 22 31 22 31 28 40 30 28 35 25 40 17 32 16 34 15 20 23 20 27 17 39 19 37 18 22 12 16 38 31 24 24 39 34 20 32 31 40 18 37 20 30 15 33 13 27 39 40 29 29 37 20 11 20 35 19 32 13 24 21 19 12 37 37 22 26 27 31 39 17 34 29 33 19 40 11 27 25 33 27 20 20 19 11 37 26 15 14 16 25 11 31 32 39 11 29 17 14 12 24 28 14 15 24 30 30 37 25 34 13 12 40 35 40 12 11 26 34 21 13 30 35 33 12 33 39 23 35 16 36 18 17 25 40 19 25 24 38 13 20 29 21 20 32 20 24 18 30 18 12 32 40 17 38 11 33 39 36 23 36 39 15 22 29 15 19 21 31 39 38 36 21 26 35 34 28 17 26 29 22 11 36 19 38 15 32 36 21 16 27 39 19 14 35 25 11 11 32 36 12 25 11 14 13 16 35 22 14 12 39 25 33 27 17 27 26 39 29 24 26 36 17 38 13 35 33 33 19 14 17 17 32 21 25 39 12 35 39 32 20 12 32 25 32 33 15 28 29 40 12 13 31 18 17 15 39 21 36 29 36 33 31 35 15 31 25 30 29 34 29 12 17 40 32 17 31 34 30 38 28 23 17 38 16 29 38 34 24 22 23 19 38 26 34 30 19 33 29 31 33 35 18 36 32 30 27 26 19 35 28 33 33 16 16 20 11 30 28 33 20 39 22 31 37 29 36 32 11 33 20 26 33 33 37 11 40 24 29 21 20 33 31 25 27 35 39 20 37 32 32 34 19 14 21 20 30 38 34 24 35 21 23 30 13 31 31 31 39 37 34 19 24 20 34 13 19 31 30 32 15 28 36 37 17 34 23 39 37 35 40 32 40 27 36 29 13 13 19 25 25 28 14 19 29 28 14 38 17 14 32 39 32 25 15 17 33 19 31 38 27 23 25 24 19 11 38 19 13 39 34 19 13 17 26 20 13 40 22 26 37 26 26 11 21 34 18 31 21 35 26 37 16 20 13 19 36 21 14 31 40 19 34 19 16 21 39 11 38 29 26 38 33 40 11 29 17 35 12 29 32 28 32 23 12 39 36 23 36 14 11 11 32 20 38 27 29 22 29 27 24 38 40 21 12 16 19 28 26 30 11 22 38 33 38 15 19 15 26 14 30 33 39 12 17 19 19 11 28 17 31 31 21 20 24 40 17 23 14 19 33 17 25 29 28 36 15 19 25 24 32 36 21 25 36 24 33 40 40 15 16 39 24 12 29 29 35 20 35 35 14 33 13 14 37 33 17 33 29 28 23 26 13 24 39 19 23 19 31 36 23 40 38 34 20 34 28 18 25 24 25 15 30 11 31 29 40 40 12 32 24 14 29 12 19 25 37 20 37 17 11 24 31 15 17 19 30 19 21 37 34 26 22 18 35 18 13 32 39 31 35 23 40 16 19 16 11 27 40 13 11 12 33 24 24 21 37 12 24 35 36 20 37 24 29 38 14 22 17 24 21 19 34 26 31 37 29 25 28 22 36 38 40 26 13 20 40 12 39 36 34 20 31 21 29 26 24 26 31 23 21 17 38 32 32 12 35 30
9 22 13 5 5 1 9 5 22 25 6 10 5 21 4 28 6 21 27 29 1 10 22 21 16 27 17 21 26 29 11 8 6 21 4 21 16 9 25 9 7 6 9 20 17 24 9 4 22 25 23 25 7 5 22 11 16 19 16 24 25 20 18 27 14 27 27 25 26 24 26 26 19 6 9 22 13 15 14 11 6 3 28 21 30 28 22 13 18 17 4 10 21 12 21 12 21 18 30 20 18 25 15 30 7 22 6 24 5 10 13 10 17 7 29 9 27 8 12 2 6 28 21 14 14 29 24 10 22 21 30 8 27 10 20 5 23 3 17 29 30 19 19 27 10 1 10 25 9 22 3 14 11 9 2 27 27 12 16 17 21 29 7 24 19 23 9 30 1 17 15 23 17 10 10 9 1 27 16 5 4 6 15 1 21 22 29 1 19 7 4 2 14 18 4 5 14 20 20 27 15 24 3 2 30 25 30 2 1 16 24 11 3 20 25 23 2 23 29 13 25 6 26 8 7 15 30 9 15 14 28 3 10 19 11 10 22 10 14 8 20 8 2 22 30 7 28 1 23 29 26 13 26 29 5 12 19 5 9 11 21 29 28 26 11 16 25 24 18 7 16 19 12 1 26 9 28 5 22 26 11 6 17 29 9 4 25 15 1 1 22 26 2 15 1 4 3 6 25 12 4 2 29 15 23 17 7 17 16 29 19 14 16 26 7 28 3 25 23 23 9 4 7 7 22 11 15 29 2 25 29 22 10 2 22 15 22 23 5 18 19 30 2 3 21 8 7 5 29 11 26 19 26 23 21 25 5 21 15 20 19 24 19 2 7 30 22 7 21 24 20 28 18 13 7 28 6 19 28 24 14 12 13 9 28 16 24 20 9 23 19 21 23 25 8 26 22 20 17 16 9 25 18 23 23 6 6 10 1 20 18 23 10 29 12 21 27 19 26 22 1 23 10 16 23 23 27 1 30 14 19 11 10 23 21 15 17 25 29 10 27 22 22 24 9 4 11 10 20 28 24 14 25 11 13 20 3 21 21 21 29 27 24 9 14 10 24 3 9 21 20 22 5 18 26 27 7 24 13 29 27 25 30 22 30 17 26 19 3 3 9 15 15 18 4 9 19 18 4 28 7 4 22 29 22 15 5 7 23 9 21 28 17 13 15 14 9 1 28 9 3 29 24 9 3 7 16 10 3 30 12 16 27 16 16 1 11 24 8 21 11 25 16 27 6 10 3 9 26 11 4 21 30 9 24 9 6 11 29 1 28 19 16 28 23 30 1 19 7 25 2 19 22 18 22 13 2 29 26 13 26 4 1 1 22 10 28 17 19 12 19 17 14 28 30 11 2 6 9 18 16 20 1 12 28 23 28 5 9 5 16 4 20 23 29 2 7 9 9 1 18 7 21 21 11 10 14 30 7 13 4 9 23 7 15 19 18 26 5 9 15 14 22 26 11 15 26 14 23 30 30 5 6 29 14 2 19 19 25 10 25 25 4 23 3 4 27 23 7 23 19 18 13 16 3 14 29 9 13 9 21 26 13 30 28 24 10 24 18 8 15 14 15 5 20 1 21 19 30 30 2 22 14 4 19 2 9 15 27 10 27 7 1 14 21 5 7 9 20 9 11 27 24 16 12 8 25 8 3 22 29 21 25 13 30 6 9 6 1 17 30 3 1 2 23 14 14 11 27 2 14 25 26 10 27 14 19 28 4 12 7 14 11 9 24 16 21 27 19 15 18 12 26 28 30 16 3 10 30 2 29 26 24 10 21 11 19 16 14 16 21 13 11 7 28 22 22 2 25 20
0 10 5
169 492 689 263 757
0 4 2
498 395
0 3 3
511 281 493
0 19 3
427 341 108
0 5 1
786
0 13 1
771
0 7 9
733 289 650 180 799 505 510 437 598
0 18 2
481 48
0 9 3
489 128 245
0 15 2
16 660
0 11 9
577 768 308 789 81 574 632 8 300
0 20 3
78 480 379
0 14 4
9 397 714 95
0 3 6
454 207 608 299 83 359
0 10 5
201 559 545 774 575
0 9 5
193 121 87 82 203
0 13 5
366 731 560 25 163
0 2 3
696 211 229
0 2 2
349 369
0 8 6
319 137 712 664 225 458
0 1 8
603 735 514 279 329 338 583 157
0 13 6
709 740 73 503 613 526
0 7 5
719 188 69 502 54
0 16 11
440 566 320 89 518 500 142 295 235 63 391
0 6 5
663 384 423 628 58
0 3 2
389 112
0 18 4
432 447 726 219
0 6 5
442 291 756 649 723
0 10 5
666 294 710 29 350
0 16 1
17
0 3 8
64 372 260 56 49 654 385 403
0 11 5
659 138 626 85 68
0 2 3
380 636 151
0 15 1
357
0 12 5
536 676 527 455 759
0 3 2
41 351
0 11 2
179 305
0 11 1
576
0 19 8
373 236 430 747 412 212 643 563
0 16 4
762 374 682 543
0 19 1
675
0 17 2
540 252
0 8 6
691 790 170 328 164 36
0 1 3
784 387 166
0 11 8
394 544 336 238 429 242 254 257
0 13 1
553
0 10 2
52 704
0 3 6
512 485 296 42 144 591
0 19 6
32 619 705 248 698 535
0 12 1
185
0 16 1
59
0 4 3
324 517 657
0 9 2
646 115
0 8 3
499 446 438
0 18 6
738 620 66 10 80 745
0 2 4
640 189 694 483
0 11 5
314 615 356 345 416
0 10 3
758 122 766
0 11 7
210 401 702 44 271 450 327
0 7 2
522 414
0 7 6
282 461 111 43 478 139
0 3 3
13 61 443
0 20 2
523 156
0 13 3
106 690 105
0 15 3
669 552 270
0 9 3
20 262 648
0 13 6
127 135 209 421 671 794
0 17 8
688 748 627 149 614 33 641 584
0 20 6
398 130 580 556 406 114
0 2 3
361 504 602
0 11 2
778 420
0 15 6
91 27 621 303 569 250
0 13 1
272
0 5 2
453 547
0 1 6
487 549 637 331 298 118
0 16 4
520 596 708 647
0 3 3
34 585 783
0 1 5
335 332 763 223 788
0 17 4
196 215 278 232
0 16 2
79 542
0 11 9
382 23 165 12 376 721 482 19 653
0 7 1
407
0 17 5
699 625 155 204 605
1 33 1
0
1 27 2
1 51
1 27 1
2
1 14 1
3
1 3 1
4
1 22 2
5 18
1 16 1
6
1 24 1
7
1 11 1
11
1 28 1
14
1 26 1
15
1 30 1
21
1 9 1
22
1 23 1
24
1 5 1
26
1 34 1
28
1 4 1
30
1 32 1
31
1 25 1
35
1 30 1
37
1 15 1
38
1 18 1
39
1 30 1
40
1 27 1
45
1 31 1
46
1 14 1
47
1 27 1
50
1 26 2
53 701
1 21 1
55
1 25 1
57
1 18 1
60
1 19 1
62
1 24 1
65
1 16 1
67
1 12 1
70
1 13 1
71
1 13 1
72
1 5 2
74 521
1 26 1
75
1 12 1
76
1 30 1
77
1 28 1
84
1 22 2
86 734
1 21 1
88
1 31 1
90
1 21 1
92
1 27 1
93
1 19 1
94
1 5 1
96
1 17 1
97
1 10 1
98
1 26 1
99
1 33 2
100 192
1 15 2
101 706
1 26 1
102
1 31 1
103
1 13 1
104
1 12 1
107
1 27 1
109
1 18 1
110
1 39 1
113
1 15 1
116
1 24 1
117
1 20 1
119
1 15 1
120
1 19 1
123
1 22 1
124
1 18 1
125
1 18 1
126
1 15 1
129
1 9 1
131
1 25 1
132
1 21 1
133
1 26 1
134
1 20 1
136
1 31 1
140
1 33 1
141
1 39 1
143
1 20 1
145
1 7 1
146
1 15 1
147
1 20 2
148 776
1 18 1
150
1 9 1
152
1 24 1
153
1 22 1
154
1 10 1
158
1 23 1
159
1 29 1
160
1 23 1
161
1 10 1
162
1 20 2
167 624
1 34 1
168
1 39 1
171
1 31 1
172
1 9 1
173
1 12 1
174
1 35 1
175
1 32 2
176 265
1 11 1
177
1 22 1
178
1 3 1
181
1 22 1
182
1 16 1
183
1 35 1
184
1 13 1
186
1 4 1
187
1 23 1
190
1 19 1
191
1 20 1
194
1 15 1
195
1 23 3
197 348 764
1 18 1
198
1 16 1
199
1 27 1
200
1 22 1
202
1 11 1
205
1 31 1
206
1 22 1
208
1 19 1
213
1 20 1
214
1 15 1
216
1 26 1
217
1 4 1
218
1 25 1
220
1 13 2
221 685
1 32 1
222
1 18 1
224
1 17 2
226 795
1 10 1
227
1 20 1
228
1 39 1
230
1 22 1
231
1 22 1
233
1 20 1
234
1 21 1
237
1 30 1
239
1 29 1
240
1 10 1
241
1 5 1
243
1 14 1
244
1 9 1
246
1 16 2
247 715
1 5 2
249 469
1 16 1
251
1 11 1
253
1 19 1
255
1 9 1
256
1 11 1
258
1 34 1
259
1 2 1
261
1 30 1
264
1 27 1
266
1 17 1
267
1 11 1
268
1 32 1
269
1 15 2
273 711
1 22 1
274
1 19 1
275
1 32 1
276
1 8 1
277
1 26 1
280
1 23 1
283
1 26 1
284
1 28 1
285
1 10 1
286
1 17 1
287
1 4 2
288 340
1 24 1
290
1 20 1
292
1 11 1
293
1 12 1
297
1 28 1
301
1 13 1
302
1 12 1
304
1 24 1
306
1 14 1
307
1 21 1
309
1 11 1
310
1 16 1
311
1 23 1
312
1 15 1
313
1 17 1
315
1 30 1
316
1 21 1
317
1 19 1
318
1 14 1
321
1 21 1
322
1 7 1
323
1 29 1
325
1 30 1
326
1 24 1
330
1 16 1
333
1 5 1
334
1 19 1
337
1 21 1
339
1 35 1
342
1 8 1
343
1 22 1
344
1 12 1
346
1 23 1
347
1 6 1
352
1 30 1
353
1 29 1
354
1 13 1
355
1 17 1
358
1 19 1
360
1 10 1
362
1 5 1
363
1 14 1
364
1 14 2
365 470
1 6 1
367
1 34 1
368
1 27 1
370
1 21 1
371
1 37 1
375
1 32 1
377
1 23 2
378 743
1 29 1
381
1 22 1
383
1 27 1
386
1 26 1
388
1 14 1
390
1 17 1
392
1 30 1
393
1 10 1
396
1 19 1
399
1 24 1
400
1 13 1
402
1 29 1
404
1 17 1
405
1 21 1
408
1 26 1
409
1 10 1
410
1 27 1
411
1 16 1
413
1 21 1
415
1 18 1
417
1 23 1
418
1 32 1
419
1 18 1
422
1 25 1
424
1 12 1
425
1 17 1
426
1 30 2
428 672
1 7 1
431
1 24 1
433
1 14 1
434
1 26 1
435
1 23 1
436
1 31 1
439
1 15 1
441
1 27 1
444
1 21 1
445
1 16 1
448
1 17 1
449
1 26 1
451
1 19 1
452
1 27 1
456
1 24 1
457
1 29 1
459
1 12 1
460
1 22 1
462
1 12 1
463
1 18 1
464
1 18 1
465
1 26 2
466 755
1 23 1
467
1 12 1
468
1 12 1
471
1 24 1
472
1 28 1
473
1 25 1
474
1 34 1
475
1 15 1
476
1 26 1
477
1 22 1
479
1 18 1
484
1 27 1
486
1 11 1
488
1 21 1
490
1 16 2
491 751
1 12 1
494
1 20 1
495
1 11 1
496
1 9 1
497
1 28 1
501
1 23 1
506
1 21 1
507
1 17 1
508
1 20 2
509 546
1 7 1
513
1 28 1
515
1 5 1
516
1 10 1
519
1 25 1
524
1 12 1
525
1 15 1
528
1 36 1
529
1 22 1
530
1 17 1
531
1 27 1
532
1 23 1
533
1 21 1
534
1 19 1
537
1 12 1
538
1 18 1
539
1 23 1
541
1 30 1
548
1 39 1
550
1 20 1
551
1 24 1
554
1 27 1
555
1 30 1
557
1 18 1
558
1 12 1
561
1 34 1
562
1 13 1
564
1 31 1
565
1 16 1
567
1 3 1
568
1 22 1
570
1 28 1
571
1 39 1
572
1 19 2
573 586
1 17 1
578
1 14 1
579
1 30 1
581
1 23 1
582
1 38 1
587
1 29 1
588
1 17 1
589
1 20 1
590
1 25 1
592
1 19 1
593
1 26 1
594
1 16 1
595
1 26 1
597
1 3 1
599
1 9 1
600
1 4 1
601
1 26 1
604
1 12 1
606
1 10 1
607
1 12 1
609
1 20 1
610
1 16 1
611
1 12 1
612
1 28 1
616
1 14 1
617
1 28 1
618
1 19 1
622
1 26 1
623
1 6 1
629
1 15 1
630
1 25 1
631
1 17 1
633
1 25 1
634
1 27 1
635
1 39 1
638
1 28 1
639
1 29 1
642
1 17 1
644
1 23 1
645
1 40 1
651
1 5 1
652
1 14 1
655
1 20 1
656
1 10 1
658
1 12 1
661
1 22 1
662
1 30 1
665
1 16 1
667
1 26 2
668 684
1 12 1
670
1 32 1
673
1 11 1
674
1 16 1
677
1 20 1
678
1 19 1
679
1 33 1
680
1 22 1
681
1 18 1
683
1 29 1
686
1 27 1
687
1 33 1
692
1 11 1
693
1 30 1
695
1 21 1
697
1 14 1
700
1 9 1
703
1 18 1
707
1 10 1
713
1 14 1
716
1 31 1
717
1 27 1
718
1 19 2
720 796
1 25 1
722
1 30 1
724
1 25 1
725
1 11 1
727
1 29 1
728
1 23 1
729
1 22 1
730
1 26 1
732
1 21 1
736
1 14 1
737
1 20 1
739
1 27 1
741
1 21 1
742
1 17 1
744
1 18 1
746
1 19 1
749
1 12 1
750
1 21 1
752
1 37 1
753
1 17 1
754
1 10 1
760
1 16 1
761
1 32 1
765
1 4 1
767
1 33 1
769
1 32 1
770
1 27 1
772
1 17 1
773
1 12 1
775
1 20 1
777
1 13 1
779
1 25 1
780
1 17 1
781
1 27 1
782
1 25 1
785
1 34 1
787
1 20 1
791
1 19 1
792
1 18 1
793
1 25 1
797
1 24 1
798
