300 241 465 20
36 12 39 36 12 23 12 28 37 12 31 38 22 28 23 24 19 21 31 20 36 23 35 35 25 28 16 34 33 19 15 24 24 15 33 20 36 29 34 27 29 27 35 27 28 20 18 21 30 17 20 21 33 19 17 21 40 38 39 25 30 15 27 13 30 14 23 11 22 21 22 22 25 16 29 30 11 21 16 17 28 15 39 37 19 39 33 40 17 17 24 21 31 14 28 19 21 29 14 19 33 23 24 28 40 22 32 30 22 17 38 12 14 22 39 28 28 37 26 29 17 12 15 25 37 17 12 38 29 29 28 28 12 30 14 11 25 38 21 19 16 36 30 12 39 33 38 24 23 30 27 24 38 35 34 13 20 28 27 37 25 38 31 32 33 12 16 23 31 22 34 15 23 27 15 24 14 23 21 28 34 31 20 19 33 29 29 22 34 31 29 40 37 32 35 19 22 22 18 40 20 32 13 12 11 20 13 28 14 33 17 16 31 23 15 19 20 37 27 18 30 37 36 21 14 37 30 26 12 22 33 28 37 20 33 38 26 36 22 33 28 34 29 24 28 17 13 17 20 37 31 28 26 24 17 12 28 18 27 29 40 19 29 22 13 12 15 14 29 32 11 19 28 37 27 31 16 13 33 40 31 37 40 22 23 12 21 18 36 28 17 37 32 26 25 17 37 34 28 32
26 2 29 26 2 13 2 18 27 2 21 28 12 18 13 14 9 11 21 10 26 13 25 25 15 18 6 24 23 9 5 14 14 5 23 10 26 19 24 17 19 17 25 17 18 10 8 11 20 7 10 11 23 9 7 11 30 28 29 15 20 5 17 3 20 4 13 1 12 11 12 12 15 6 19 20 1 11 6 7 18 5 29 27 9 29 23 30 7 7 14 11 21 4 18 9 11 19 4 9 23 13 14 18 30 12 22 20 12 7 28 2 4 12 29 18 18 27 16 19 7 2 5 15 27 7 2 28 19 19 18 18 2 20 4 1 15 28 11 9 6 26 20 2 29 23 28 14 13 20 17 14 28 25 24 3 10 18 17 27 15 28 21 22 23 2 6 13 21 12 24 5 13 17 5 14 4 13 11 18 24 21 10 9 23 19 19 12 24 21 19 30 27 22 25 9 12 12 8 30 10 22 3 2 1 10 3 18 4 23 7 6 21 13 5 9 10 27 17 8 20 27 26 11 4 27 20 16 2 12 23 18 27 10 23 28 16 26 12 23 18 24 19 14 18 7 3 7 10 27 21 18 16 14 7 2 18 8 17 19 30 9 19 12 3 2 5 4 19 22 1 9 18 27 17 21 6 3 23 30 21 27 30 12 13 2 11 8 26 18 7 27 22 16 15 7 27 24 18 22
0 12 1
42
0 18 3
95 109 76
0 14 2
240 230
0 9 1
68
0 4 1
170
0 11 2
147 83
0 16 3
286 215 188
0 19 2
262 269
0 12 1
1
0 17 1
296
0 19 2
200 81
0 2 1
191
0 12 1
287
0 3 1
255
0 14 1
43
0 6 1
210
0 16 1
58
0 13 2
243 167
0 18 3
70 283 238
0 18 4
134 15 179 261
0 19 1
135
0 10 2
88 214
0 14 2
178 143
0 7 1
128
0 1 1
136
0 7 3
228 265 19
0 2 1
65
0 9 1
216
0 7 1
257
0 9 3
67 2 253
0 8 2
168 267
0 7 3
41 124 183
0 17 1
97
0 13 3
198 184 236
0 8 1
222
0 3 4
115 298 289 32
0 6 2
151 272
0 4 1
164
0 19 2
73 53
0 2 1
29
0 5 2
282 89
0 8 1
119
0 15 1
249
0 2 2
149 193
0 15 4
52 46 127 280
0 14 2
260 278
0 5 2
63 220
0 6 2
13 117
0 3 2
104 16
0 11 2
77 28
0 11 2
199 150
0 15 4
241 8 11 54
0 5 3
207 0 3
0 4 2
23 277
0 7 1
45
0 8 1
126
0 5 3
21 99 279
0 4 2
175 231
0 10 2
239 275
0 1 3
187 166 60
1 35 1
4
1 29 1
5
1 17 1
6
1 20 2
7 44
1 37 1
9
1 7 1
10
1 17 2
12 209
1 18 1
14
1 20 1
17
1 21 1
18
1 20 1
20
1 23 1
22
1 16 1
24
1 21 1
25
1 17 1
26
1 19 1
27
1 27 1
30
1 6 1
31
1 28 1
33
1 27 1
34
1 22 2
35 266
1 33 1
36
1 15 1
37
1 10 1
38
1 7 2
39 235
1 12 1
40
1 26 1
47
1 22 1
48
1 6 1
49
1 12 1
50
1 12 1
51
1 16 1
55
1 31 1
56
1 30 1
57
1 9 1
59
1 33 1
61
1 5 1
62
1 4 1
64
1 28 1
66
1 9 1
69
1 28 1
71
1 2 1
72
1 34 1
74
1 21 1
75
1 29 1
78
1 8 1
79
1 31 1
80
1 10 1
82
1 18 1
84
1 10 1
85
1 19 1
86
1 29 1
87
1 17 1
90
1 6 1
91
1 23 1
92
1 11 1
93
1 24 1
94
1 13 1
96
1 29 1
98
1 12 1
100
1 31 1
101
1 6 1
102
1 29 1
103
1 13 1
105
1 11 1
106
1 12 1
107
1 16 1
108
1 7 1
110
1 36 1
111
1 19 1
112
1 12 1
113
1 27 1
114
1 11 1
116
1 22 1
118
1 6 1
120
1 21 1
121
1 27 1
122
1 32 1
123
1 27 1
125
1 24 1
129
1 26 1
130
1 23 1
131
1 20 1
132
1 16 1
133
1 11 1
137
1 23 1
138
1 23 2
139 174
1 16 1
140
1 4 1
141
1 17 1
142
1 13 1
144
1 15 1
145
1 32 1
146
1 26 1
148
1 39 1
152
1 28 1
153
1 5 1
154
1 18 1
155
1 14 1
156
1 28 1
157
1 19 1
158
1 18 1
159
1 10 1
160
1 27 1
161
1 37 1
162
1 20 1
163
1 34 1
165
1 12 1
169
1 16 1
171
1 31 1
172
1 24 1
173
1 15 1
176
1 35 1
177
1 15 1
180
1 12 1
181
1 18 1
182
1 27 1
185
1 15 1
186
1 23 2
189 248
1 19 1
190
1 14 1
192
1 16 1
194
1 10 1
195
1 19 1
196
1 13 1
197
1 15 1
201
1 13 1
202
1 11 1
203
1 23 1
204
1 9 1
205
1 25 1
206
1 34 1
208
1 24 1
211
1 20 1
212
1 34 1
213
1 5 1
217
1 20 1
218
1 12 1
219
1 18 1
221
1 18 1
223
1 14 1
224
1 18 1
225
1 9 1
226
1 24 1
227
1 23 1
229
1 16 1
232
1 6 1
233
1 13 1
234
1 24 1
237
1 13 1
242
1 22 1
244
1 17 1
245
1 30 1
246
1 21 1
247
1 22 1
250
1 19 1
251
1 9 1
252
1 11 1
254
1 24 1
256
1 9 1
258
1 20 1
259
1 28 1
263
1 11 1
264
1 13 1
268
1 14 1
270
1 11 1
271
1 18 1
273
1 9 1
274
1 4 1
276
1 22 1
281
1 21 1
284
1 28 1
285
1 21 1
288
1 23 1
290
1 22 1
291
1 5 1
292
1 25 1
293
1 27 1
294
1 32 1
295
1 23 1
297
1 32 1
299
