500 381 775 20
16 18 39 11 12 19 11 36 26 13 21 13 21 37 29 39 16 19 28 23 17 33 36 18 38 29 13 12 30 38 20 18 39 11 17 37 13 29 18 18 37 14 13 13 11 33 16 19 35 13 26 34 21 15 35 35 11 20 14 37 39 12 38 11 30 22 20 20 28 13 19 14 19 39 23 37 30 19 27 15 40 39 17 33 21 33 12 15 26 26 26 25 32 26 13 27 31 38 24 34 21 28 11 16 16 23 13 35 11 17 12 17 11 30 26 17 18 40 14 27 32 12 26 39 25 18 19 39 13 38 32 39 37 11 15 16 30 31 24 12 28 27 22 11 17 39 11 35 40 30 18 36 19 26 16 31 23 26 39 21 17 21 27 12 18 18 16 12 34 17 32 28 16 37 33 11 26 26 38 26 32 30 27 28 40 32 31 24 27 19 31 36 20 36 23 34 31 13 16 39 21 31 33 33 14 26 33 26 27 34 22 14 25 16 20 30 38 19 24 17 34 26 27 37 38 26 34 12 40 18 20 22 14 24 12 34 22 28 34 25 14 38 25 17 21 35 21 38 24 11 11 16 30 28 23 20 11 37 13 40 23 31 29 40 33 31 39 16 15 18 40 17 27 28 34 17 39 14 31 23 17 25 36 11 35 32 23 38 14 38 14 25 28 19 21 20 32 18 23 40 17 36 18 13 11 19 39 36 38 19 33 25 35 18 28 31 27 28 17 27 36 38 13 34 15 38 18 14 15 28 18 13 11 18 19 12 16 38 11 15 26 35 12 31 22 15 26 29 35 39 32 15 19 31 38 24 20 18 20 34 20 34 15 22 19 20 21 12 16 24 37 36 19 35 11 22 37 12 40 27 14 30 37 21 30 27 34 30 17 24 39 27 25 16 11 26 16 27 28 27 13 22 31 37 22 24 28 13 12 18 28 28 14 37 34 15 14 35 13 18 23 18 21 12 30 29 33 13 12 36 18 24 15 32 38 23 38 35 31 28 25 30 15 16 35 24 30 37 22 30 16 40 25 33 32 39 34 16 30 20 22 28 17 33 33 32 32 16 16 15 36 29 24 26 13 15 11 14 33 40 25 20 20 36 27 25 22 26 21 37 25 23 36 19 33 23 27 28 11 14
6 8 29 1 2 9 1 26 16 3 11 3 11 27 19 29 6 9 18 13 7 23 26 8 28 19 3 2 20 28 10 8 29 1 7 27 3 19 8 8 27 4 3 3 1 23 6 9 25 3 16 24 11 5 25 25 1 10 4 27 29 2 28 1 20 12 10 10 18 3 9 4 9 29 13 27 20 9 17 5 30 29 7 23 11 23 2 5 16 16 16 15 22 16 3 17 21 28 14 24 11 18 1 6 6 13 3 25 1 7 2 7 1 20 16 7 8 30 4 17 22 2 16 29 15 8 9 29 3 28 22 29 27 1 5 6 20 21 14 2 18 17 12 1 7 29 1 25 30 20 8 26 9 16 6 21 13 16 29 11 7 11 17 2 8 8 6 2 24 7 22 18 6 27 23 1 16 16 28 16 22 20 17 18 30 22 21 14 17 9 21 26 10 26 13 24 21 3 6 29 11 21 23 23 4 16 23 16 17 24 12 4 15 6 10 20 28 9 14 7 24 16 17 27 28 16 24 2 30 8 10 12 4 14 2 24 12 18 24 15 4 28 15 7 11 25 11 28 14 1 1 6 20 18 13 10 1 27 3 30 13 21 19 30 23 21 29 6 5 8 30 7 17 18 24 7 29 4 21 13 7 15 26 1 25 22 13 28 4 28 4 15 18 9 11 10 22 8 13 30 7 26 8 3 1 9 29 26 28 9 23 15 25 8 18 21 17 18 7 17 26 28 3 24 5 28 8 4 5 18 8 3 1 8 9 2 6 28 1 5 16 25 2 21 12 5 16 19 25 29 22 5 9 21 28 14 10 8 10 24 10 24 5 12 9 10 11 2 6 14 27 26 9 25 1 12 27 2 30 17 4 20 27 11 20 17 24 20 7 14 29 17 15 6 1 16 6 17 18 17 3 12 21 27 12 14 18 3 2 8 18 18 4 27 24 5 4 25 3 8 13 8 11 2 20 19 23 3 2 26 8 14 5 22 28 13 28 25 21 18 15 20 5 6 25 14 20 27 12 20 6 30 15 23 22 29 24 6 20 10 12 18 7 23 23 22 22 6 6 5 26 19 14 16 3 5 1 4 23 30 15 10 10 26 17 15 12 16 11 27 15 13 26 9 23 13 17 18 1 4
0 5 3
286 92 203
0 12 3
302 326 343
0 9 2
389 429
0 19 1
245
0 18 5
31 131 398 227 355
0 11 2
123 17
0 13 1
384
0 3 3
82 478 306
0 14 3
392 187 236
0 9 6
316 179 456 83 487 112
0 4 2
296 441
0 9 5
291 194 396 319 56
0 4 1
329
0 4 1
367
0 5 4
345 118 167 412
0 4 3
337 166 237
0 2 2
425 298
0 5 3
327 362 134
0 6 1
110
0 17 2
129 438
0 18 2
397 330
0 11 4
220 188 360 226
0 3 5
486 107 87 84 161
0 12 5
201 458 189 186 125
0 3 1
350
0 8 2
204 431
0 3 1
461
0 13 3
498 414 287
0 3 3
153 279 205
0 11 3
35 120 356
0 6 1
46
0 1 1
378
0 11 7
253 386 62 476 435 95 408
0 12 1
419
0 4 3
254 76 390
0 18 2
96 379
0 13 2
173 313
0 19 1
281
0 2 2
474 199
0 5 2
103 262
0 3 5
12 65 51 55 272
0 5 4
160 241 9 387
0 10 2
434 312
0 10 2
0 407
0 14 6
447 231 208 106 89 44
0 8 2
411 99
0 9 4
29 207 354 466
0 7 3
108 109 424
0 4 1
197
0 15 3
328 278 224
0 17 2
372 156
0 14 2
339 216
0 19 1
16
0 18 1
154
0 9 4
265 200 259 63
0 17 1
74
0 1 3
472 455 463
0 2 1
8
0 10 4
30 409 308 452
0 20 1
184
0 13 1
400
0 18 1
195
0 2 3
121 242 117
0 10 2
48 459
0 14 2
155 67
0 10 1
369
0 13 2
288 23
0 19 4
52 331 88 418
0 20 2
50 206
0 2 2
192 244
0 13 2
141 289
0 12 2
240 401
0 8 4
32 446 266 402
0 10 1
449
0 7 3
14 235 142
0 18 1
469
1 22 1
1
1 15 1
2
1 16 1
3
1 21 1
4
1 20 1
5
1 11 1
6
1 8 1
7
1 4 1
10
1 26 1
11
1 13 1
13
1 31 1
15
1 20 1
18
1 27 1
19
1 29 1
20
1 11 1
21
1 34 1
22
1 9 2
24 93
1 26 1
25
1 19 1
26
1 19 1
27
1 20 1
28
1 24 1
33
1 25 1
34
1 20 1
36
1 11 1
37
1 10 1
38
1 14 1
39
1 27 1
40
1 22 1
41
1 24 1
42
1 9 1
43
1 30 1
45
1 6 1
47
1 16 1
49
1 23 1
53
1 33 1
54
1 7 3
57 251 257
1 22 1
58
1 31 1
59
1 18 1
60
1 12 1
61
1 15 1
64
1 23 1
66
1 38 1
68
1 22 1
69
1 12 1
70
1 24 1
71
1 13 1
72
1 15 1
73
1 25 1
75
1 18 1
77
1 26 1
78
1 10 1
79
1 16 1
80
1 21 2
81 383
1 31 1
85
1 4 1
86
1 21 1
90
1 28 1
91
1 19 1
94
1 12 1
97
1 22 1
98
1 18 1
100
1 5 1
101
1 6 1
102
1 22 1
104
1 21 1
105
1 15 1
111
1 28 1
113
1 21 1
114
1 32 1
115
1 20 1
116
1 30 1
119
1 5 1
122
1 36 1
124
1 19 1
126
1 25 1
127
1 21 1
128
1 8 1
130
1 21 1
132
1 16 1
133
1 4 1
135
1 19 1
136
1 23 1
137
1 16 1
138
1 13 1
139
1 7 1
140
1 19 1
143
1 9 1
144
1 34 1
145
1 14 1
146
1 17 1
147
1 11 1
148
1 23 1
149
1 7 2
150 351
1 19 1
151
1 19 1
152
1 15 1
157
1 14 1
158
1 11 1
159
1 22 1
162
1 39 1
163
1 11 1
164
1 25 1
165
1 21 1
168
1 10 1
169
1 9 1
170
1 13 1
171
1 21 1
172
1 35 1
174
1 25 1
175
1 36 1
176
1 19 1
177
1 15 1
178
1 28 1
180
1 21 1
181
1 12 1
182
1 12 1
183
1 10 1
185
1 25 1
190
1 20 1
191
1 16 1
193
1 28 1
196
1 10 1
198
1 27 1
202
1 16 1
209
1 26 1
210
1 12 1
211
1 22 1
212
1 28 1
213
1 32 1
214
1 22 1
215
1 14 1
217
1 16 1
218
1 11 1
219
1 18 1
221
1 4 1
222
1 21 1
223
1 28 1
225
1 14 1
228
1 22 1
229
1 22 1
230
1 9 1
232
1 25 1
233
1 11 1
234
1 9 1
238
1 28 1
239
1 18 1
243
1 16 1
246
1 12 2
247 357
1 9 1
248
1 31 1
249
1 23 1
250
1 13 1
252
1 22 1
255
1 17 1
256
1 12 1
258
1 15 1
260
1 14 1
261
1 19 1
263
1 23 1
264
1 24 1
267
1 15 1
268
1 17 1
269
1 27 1
270
1 13 1
271
1 17 1
273
1 30 1
274
1 34 1
275
1 21 1
276
1 21 1
277
1 24 1
280
1 17 1
282
1 21 1
283
1 5 1
284
1 25 1
285
1 28 1
290
1 10 1
292
1 36 1
293
1 24 1
294
1 15 1
295
1 26 1
297
1 24 1
299
1 25 1
300
1 6 1
301
1 31 1
303
1 25 1
304
1 30 1
305
1 18 1
307
1 14 1
309
1 23 1
310
1 22 1
311
1 15 1
314
1 29 1
315
1 20 1
317
1 13 1
318
1 26 1
320
1 19 1
321
1 7 1
322
1 26 1
323
1 26 1
324
1 10 1
325
1 22 1
332
1 11 1
333
1 25 1
334
1 23 1
335
1 16 1
336
1 22 1
338
1 9 1
340
1 26 1
341
1 32 1
342
1 25 1
344
1 17 1
346
1 13 1
347
1 17 1
348
1 7 1
349
1 24 1
352
1 23 1
353
1 17 1
358
1 23 1
359
1 28 1
361
1 23 1
363
1 17 1
364
1 12 1
365
1 7 1
366
1 19 1
368
1 23 1
370
1 18 1
371
1 22 1
373
1 8 1
374
1 14 1
375
1 6 1
376
1 20 1
377
1 23 1
380
1 6 1
381
1 14 1
382
1 13 1
385
1 32 1
388
1 16 1
391
1 24 1
393
1 14 1
394
1 15 1
395
1 23 1
399
1 16 1
403
1 24 1
404
1 20 1
405
1 22 1
406
1 22 1
410
1 20 1
413
1 36 1
415
1 29 1
416
1 30 1
417
1 20 1
420
1 17 1
421
1 22 1
422
1 27 1
423
1 30 1
426
1 31 1
427
1 8 1
428
1 25 1
430
1 28 1
432
1 14 1
433
1 12 1
436
1 36 1
437
1 31 1
439
1 21 1
440
1 20 1
442
1 7 1
443
1 25 1
444
1 28 1
445
1 11 1
448
1 13 1
450
1 20 1
451
1 15 1
453
1 21 1
454
1 10 1
457
1 28 1
460
1 18 1
462
1 15 1
464
1 16 1
465
1 19 1
467
1 22 1
468
1 19 1
470
1 23 1
471
1 31 1
473
1 21 1
475
1 10 1
477
1 18 1
479
1 11 1
480
1 17 1
481
1 27 1
482
1 21 1
483
1 30 1
484
1 29 1
485
1 24 1
488
1 12 1
489
1 36 1
490
1 7 1
491
1 3 1
492
1 26 1
493
1 17 1
494
1 18 1
495
1 17 1
496
1 20 1
497
1 23 1
499
