300 246 465 20
34 15 32 38 32 34 18 26 26 21 16 24 16 23 31 33 20 26 31 11 31 20 36 38 28 25 31 19 19 25 18 38 17 27 19 23 38 15 27 38 36 21 13 39 24 17 35 28 11 20 40 12 39 27 14 31 20 17 38 35 37 22 14 34 25 15 32 30 22 33 14 25 12 30 26 11 11 12 25 24 33 35 23 23 16 40 35 18 25 28 26 13 31 18 13 29 14 22 27 28 27 24 35 33 40 27 27 14 12 38 34 25 37 30 27 16 32 28 34 22 15 39 15 35 29 22 26 25 34 21 25 35 30 24 29 25 39 25 17 17 26 28 40 30 37 34 19 11 17 39 33 33 31 20 34 21 39 14 23 11 35 35 34 39 38 26 22 14 33 20 14 14 29 31 36 29 37 28 15 23 30 23 20 29 30 34 15 36 22 37 30 23 14 31 26 17 27 14 39 19 35 29 14 30 24 23 30 14 18 34 20 11 17 18 38 37 28 26 14 21 26 36 17 26 22 38 39 39 13 20 25 29 16 25 27 20 19 21 18 32 25 36 31 29 35 40 29 21 14 21 14 36 15 30 21 23 36 29 35 31 11 23 16 20 22 30 35 30 21 21 37 38 26 20 15 26 29 34 12 24 29 19 39 35 33 30 20 27 32 38 16 30 19 37 21 18 33 39 30 19
24 5 22 28 22 24 8 16 16 11 6 14 6 13 21 23 10 16 21 1 21 10 26 28 18 15 21 9 9 15 8 28 7 17 9 13 28 5 17 28 26 11 3 29 14 7 25 18 1 10 30 2 29 17 4 21 10 7 28 25 27 12 4 24 15 5 22 20 12 23 4 15 2 20 16 1 1 2 15 14 23 25 13 13 6 30 25 8 15 18 16 3 21 8 3 19 4 12 17 18 17 14 25 23 30 17 17 4 2 28 24 15 27 20 17 6 22 18 24 12 5 29 5 25 19 12 16 15 24 11 15 25 20 14 19 15 29 15 7 7 16 18 30 20 27 24 9 1 7 29 23 23 21 10 24 11 29 4 13 1 25 25 24 29 28 16 12 4 23 10 4 4 19 21 26 19 27 18 5 13 20 13 10 19 20 24 5 26 12 27 20 13 4 21 16 7 17 4 29 9 25 19 4 20 14 13 20 4 8 24 10 1 7 8 28 27 18 16 4 11 16 26 7 16 12 28 29 29 3 10 15 19 6 15 17 10 9 11 8 22 15 26 21 19 25 30 19 11 4 11 4 26 5 20 11 13 26 19 25 21 1 13 6 10 12 20 25 20 11 11 27 28 16 10 5 16 19 24 2 14 19 9 29 25 23 20 10 17 22 28 6 20 9 27 11 8 23 29 20 9
0 19 2
233 249
0 10 1
24
0 13 2
148 128
0 2 1
114
0 9 3
16 95 154
0 6 2
107 116
0 7 1
139
0 10 2
207 262
0 19 1
188
0 18 1
121
0 3 3
182 197 172
0 14 1
174
0 20 1
94
0 12 2
196 200
0 11 1
136
0 7 1
183
0 6 3
147 295 112
0 20 1
237
0 17 1
215
0 7 2
268 126
0 2 1
63
0 13 1
151
0 11 2
111 81
0 12 2
54 166
0 7 4
89 51 201 55
0 16 1
180
0 20 2
68 4
0 13 1
134
0 19 1
43
0 12 3
150 161 33
0 16 2
149 190
0 5 2
252 91
0 4 1
0
0 1 1
9
0 2 1
71
0 5 2
184 214
0 5 2
244 232
0 10 3
110 76 178
0 7 2
280 236
0 7 2
285 62
0 4 1
279
0 20 1
80
0 13 2
117 162
0 3 1
231
0 14 1
104
0 20 2
177 211
0 12 2
88 240
0 8 1
125
0 1 1
15
0 1 1
119
0 8 1
258
0 19 2
219 58
0 18 5
269 21 59 160 31
0 8 1
6
0 13 2
173 11
0 3 2
238 10
0 2 3
213 218 283
0 7 1
52
0 1 1
235
0 3 1
225
0 11 2
290 267
0 5 3
56 191 187
0 11 1
50
0 14 2
159 17
0 13 2
217 41
0 16 4
44 34 53 298
0 8 1
256
1 16 1
1
1 32 1
2
1 12 1
3
1 28 1
5
1 20 1
7
1 19 2
8 133
1 22 1
12
1 24 1
13
1 19 1
14
1 21 1
18
1 14 1
19
1 25 1
20
1 26 1
22
1 9 1
23
1 7 1
25
1 24 1
26
1 7 1
27
1 33 1
28
1 40 1
29
1 27 1
30
1 22 1
32
1 31 1
35
1 5 1
36
1 15 1
37
1 18 1
38
1 17 1
39
1 12 1
40
1 23 1
42
1 24 1
45
1 26 1
46
1 39 1
47
1 15 1
48
1 16 1
49
1 25 1
57
1 23 1
60
1 21 1
61
1 8 1
64
1 32 1
65
1 27 1
66
1 23 1
67
1 25 1
69
1 26 1
70
1 21 1
72
1 33 1
73
1 27 1
74
1 7 1
75
1 22 1
77
1 13 1
78
1 24 1
79
1 24 2
82 209
1 12 1
83
1 24 1
84
1 10 1
85
1 33 1
86
1 28 1
87
1 19 1
90
1 21 1
92
1 20 1
93
1 28 1
96
1 18 1
97
1 10 1
98
1 19 2
99 288
1 6 1
100
1 14 1
101
1 17 1
102
1 8 1
103
1 14 1
105
1 8 1
106
1 27 1
108
1 39 1
109
1 9 1
113
1 40 1
115
1 21 1
118
1 20 1
120
1 26 1
122
1 16 1
123
1 29 1
124
1 11 1
127
1 30 1
129
1 22 1
130
1 24 1
131
1 11 1
132
1 13 1
135
1 17 1
137
1 14 1
138
1 28 1
140
1 26 1
141
1 27 1
142
1 26 1
143
1 10 1
144
1 24 1
145
1 32 1
146
1 9 1
152
1 28 1
153
1 19 2
155 168
1 15 1
156
1 27 1
157
1 25 1
158
1 19 1
163
1 5 1
164
1 24 1
165
1 21 1
167
1 38 1
169
1 4 1
170
1 13 1
171
1 21 1
175
1 4 1
176
1 6 1
179
1 22 1
181
1 9 1
185
1 21 1
186
1 19 1
189
1 22 1
192
1 7 1
193
1 14 1
194
1 17 1
195
1 22 1
198
1 5 1
199
1 15 1
202
1 18 1
203
1 21 1
204
1 21 1
205
1 15 1
206
1 9 1
208
1 20 1
210
1 39 1
212
1 14 1
216
1 24 1
220
1 23 1
221
1 25 1
222
1 10 1
223
1 12 1
224
1 20 1
226
1 32 1
227
1 26 1
228
1 38 1
229
1 10 1
230
1 15 1
234
1 28 1
239
1 17 1
241
1 12 1
242
1 16 1
243
1 29 1
245
1 22 1
246
1 9 1
247
1 31 1
248
1 22 1
250
1 20 1
251
1 29 1
253
1 8 1
254
1 19 2
255 259
1 25 1
257
1 12 1
260
1 30 1
261
1 37 1
263
1 19 1
264
1 14 1
265
1 24 1
266
1 27 1
270
1 10 1
271
1 39 2
272 289
1 29 1
273
1 22 1
274
1 18 1
275
1 27 1
276
1 29 1
277
1 26 1
278
1 27 1
281
1 14 1
282
1 23 1
284
1 13 1
286
1 34 1
287
1 11 1
291
1 15 1
292
1 34 1
293
1 28 1
294
1 20 1
296
1 6 1
297
1 6 1
299
