500 371 775 20
21 33 24 30 13 23 36 20 19 24 35 30 12 11 40 23 40 29 18 24 16 13 32 11 24 39 31 13 22 39 16 11 22 24 15 26 16 26 18 34 14 27 36 35 29 38 38 15 33 19 29 20 19 29 30 13 19 34 20 23 29 33 36 16 24 23 34 12 39 40 38 31 39 11 13 29 38 20 15 39 18 30 28 33 29 25 12 27 22 28 29 11 15 13 38 33 34 33 34 29 12 25 29 31 34 24 28 12 15 27 18 22 22 29 29 16 26 25 26 18 37 35 38 25 23 26 36 22 27 35 15 24 16 34 17 12 20 24 24 14 32 30 39 12 15 13 13 34 28 13 20 24 13 35 26 38 26 32 36 28 33 39 34 15 17 30 24 14 39 36 30 28 27 29 22 36 13 17 24 38 16 19 36 38 40 27 35 28 27 34 14 22 27 26 32 21 28 39 19 32 19 33 15 30 37 30 36 30 34 29 30 33 29 11 17 15 31 39 30 31 14 38 15 36 20 14 25 19 37 31 18 38 37 11 26 32 33 29 38 22 11 18 11 23 26 35 15 21 11 19 22 39 35 18 25 12 25 14 22 14 11 39 18 20 16 15 13 36 15 34 26 27 21 24 20 25 22 36 25 19 20 29 37 38 36 40 37 11 17 25 40 32 36 37 24 20 38 38 21 20 39 24 21 19 31 21 18 35 23 29 25 12 37 37 16 19 23 23 39 38 36 19 30 28 32 14 13 37 28 35 20 20 21 14 15 24 36 33 25 32 28 22 28 31 20 34 34 31 40 24 25 27 38 35 19 21 24 16 25 15 31 29 15 38 30 26 36 20 27 36 22 19 18 36 13 15 23 22 28 29 38 40 33 15 17 31 40 36 26 13 34 33 36 17 29 37 16 35 32 35 32 20 15 22 14 11 12 33 24 14 36 38 26 11 18 39 23 31 19 39 25 32 24 12 30 28 35 12 27 39 33 27 14 34 28 16 20 24 38 11 28 27 39 32 24 39 20 21 33 34 32 11 21 40 34 24 16 29 26 25 34 22 27 14 36 34 11 21 36 25 40 17 12 23 35 38 34 28 34 25 13 18 40 12 35 38 24 19 40 36 13 23 16 37 36 40 19 18 31 14
11 23 14 20 3 13 26 10 9 14 25 20 2 1 30 13 30 19 8 14 6 3 22 1 14 29 21 3 12 29 6 1 12 14 5 16 6 16 8 24 4 17 26 25 19 28 28 5 23 9 19 10 9 19 20 3 9 24 10 13 19 23 26 6 14 13 24 2 29 30 28 21 29 1 3 19 28 10 5 29 8 20 18 23 19 15 2 17 12 18 19 1 5 3 28 23 24 23 24 19 2 15 19 21 24 14 18 2 5 17 8 12 12 19 19 6 16 15 16 8 27 25 28 15 13 16 26 12 17 25 5 14 6 24 7 2 10 14 14 4 22 20 29 2 5 3 3 24 18 3 10 14 3 25 16 28 16 22 26 18 23 29 24 5 7 20 14 4 29 26 20 18 17 19 12 26 3 7 14 28 6 9 26 28 30 17 25 18 17 24 4 12 17 16 22 11 18 29 9 22 9 23 5 20 27 20 26 20 24 19 20 23 19 1 7 5 21 29 20 21 4 28 5 26 10 4 15 9 27 21 8 28 27 1 16 22 23 19 28 12 1 8 1 13 16 25 5 11 1 9 12 29 25 8 15 2 15 4 12 4 1 29 8 10 6 5 3 26 5 24 16 17 11 14 10 15 12 26 15 9 10 19 27 28 26 30 27 1 7 15 30 22 26 27 14 10 28 28 11 10 29 14 11 9 21 11 8 25 13 19 15 2 27 27 6 9 13 13 29 28 26 9 20 18 22 4 3 27 18 25 10 10 11 4 5 14 26 23 15 22 18 12 18 21 10 24 24 21 30 14 15 17 28 25 9 11 14 6 15 5 21 19 5 28 20 16 26 10 17 26 12 9 8 26 3 5 13 12 18 19 28 30 23 5 7 21 30 26 16 3 24 23 26 7 19 27 6 25 22 25 22 10 5 12 4 1 2 23 14 4 26 28 16 1 8 29 13 21 9 29 15 22 14 2 20 18 25 2 17 29 23 17 4 24 18 6 10 14 28 1 18 17 29 22 14 29 10 11 23 24 22 1 11 30 24 14 6 19 16 15 24 12 17 4 26 24 1 11 26 15 30 7 2 13 25 28 24 18 24 15 3 8 30 2 25 28 14 9 30 26 3 13 6 27 26 30 9 8 21 4
0 13 2
202 358
0 2 1
254
0 2 4
420 418 223 431
0 2 3
186 174 18
0 19 1
224
0 1 1
490
0 14 1
347
0 15 2
3 496
0 12 2
309 199
0 15 4
116 14 483 452
0 2 5
79 129 255 304 409
0 13 2
43 235
0 9 3
156 67 134
0 18 2
449 396
0 7 1
197
0 5 3
381 236 140
0 6 5
311 271 57 83 293
0 12 3
360 375 365
0 9 1
482
0 4 5
173 406 410 357 498
0 6 2
214 171
0 20 4
460 160 6 314
0 16 2
488 44
0 18 3
178 434 417
0 14 3
65 128 298
0 8 3
284 205 276
0 12 1
451
0 16 2
479 390
0 1 1
352
0 2 6
121 221 439 220 405 424
0 3 3
201 96 362
0 20 4
481 272 0 164
0 20 3
90 41 332
0 5 3
346 279 367
0 12 2
172 428
0 12 4
36 153 241 32
0 5 4
107 265 1 414
0 4 3
203 176 457
0 14 1
494
0 18 3
372 17 179
0 9 1
198
0 8 1
73
0 18 1
103
0 18 2
321 437
0 4 1
316
0 5 2
251 162
0 3 1
250
0 19 3
86 326 345
0 18 1
395
0 4 6
429 379 209 350 30 215
0 12 4
19 380 54 188
0 12 2
119 438
0 3 2
300 106
0 4 1
477
0 5 4
138 453 303 118
0 17 3
398 38 35
0 6 1
218
0 14 2
472 368
0 6 5
370 340 337 110 476
0 11 1
402
0 13 1
489
0 10 1
415
0 20 1
463
0 4 3
108 141 13
0 6 5
20 230 91 261 419
0 10 2
294 46
0 20 5
11 187 339 421 222
0 16 2
364 282
0 11 3
458 177 63
0 20 4
227 248 487 307
0 1 1
163
0 11 5
492 389 124 288 247
0 18 2
117 465
0 16 1
122
0 11 1
231
0 6 2
291 330
1 36 1
2
1 20 1
4
1 29 1
5
1 7 1
7
1 26 1
8
1 33 1
9
1 13 2
10 151
1 13 1
12
1 28 1
15
1 21 1
16
1 20 1
21
1 19 1
22
1 27 1
23
1 26 1
24
1 32 1
25
1 11 1
26
1 22 1
27
1 24 1
28
1 16 1
29
1 17 1
31
1 23 1
33
1 14 1
34
1 11 1
37
1 28 1
39
1 37 1
40
1 9 1
42
1 26 1
45
1 28 1
47
1 13 2
48 305
1 11 1
49
1 25 1
50
1 24 1
51
1 18 1
52
1 16 1
53
1 21 1
55
1 15 1
56
1 16 1
58
1 9 1
59
1 32 2
60 296
1 10 1
61
1 8 1
62
1 30 2
64 443
1 32 1
66
1 25 1
68
1 21 1
69
1 21 1
70
1 30 1
71
1 23 1
72
1 25 1
74
1 24 1
75
1 25 1
76
1 19 1
77
1 31 1
78
1 11 1
80
1 24 1
81
1 28 2
82 499
1 6 1
84
1 11 1
85
1 26 1
87
1 27 1
88
1 21 1
89
1 13 1
92
1 25 1
93
1 22 1
94
1 22 1
95
1 32 1
97
1 31 1
98
1 26 1
99
1 22 1
100
1 16 1
101
1 10 1
102
1 22 1
104
1 20 1
105
1 15 1
109
1 28 2
111 317
1 22 1
112
1 21 1
113
1 18 1
114
1 11 1
115
1 20 1
120
1 10 1
123
1 24 1
125
1 28 1
126
1 32 1
127
1 22 1
130
1 33 2
131 184
1 28 1
132
1 11 1
133
1 21 1
135
1 20 1
136
1 38 1
137
1 11 1
139
1 23 1
142
1 16 1
143
1 13 1
144
1 24 1
145
1 22 1
146
1 36 1
147
1 31 1
148
1 26 1
149
1 37 1
150
1 26 1
152
1 25 1
154
1 33 1
155
1 26 1
157
1 21 1
158
1 19 1
159
1 23 1
161
1 27 1
165
1 23 1
166
1 28 1
167
1 23 1
168
1 21 1
169
1 14 1
170
1 13 1
175
1 22 1
180
1 26 1
181
1 29 1
182
1 17 1
183
1 25 1
185
1 20 1
189
1 38 2
190 283
1 32 1
191
1 27 1
192
1 13 1
193
1 6 1
194
1 33 1
195
1 7 1
196
1 20 1
200
1 34 1
204
1 5 1
206
1 22 1
207
1 30 1
208
1 20 1
210
1 21 1
211
1 22 1
212
1 18 1
213
1 26 1
216
1 15 2
217 369
1 19 1
219
1 9 1
225
1 17 1
226
1 18 1
228
1 38 1
229
1 8 1
232
1 28 1
233
1 12 1
234
1 20 1
237
1 32 1
238
1 27 1
239
1 38 1
240
1 24 1
242
1 27 1
243
1 26 1
244
1 20 1
245
1 19 1
246
1 20 1
249
1 16 1
252
1 22 1
253
1 28 1
256
1 15 1
257
1 33 1
258
1 21 1
259
1 24 1
260
1 24 1
262
1 21 1
263
1 19 1
264
1 10 1
266
1 22 1
267
1 9 1
268
1 26 1
269
1 20 1
270
1 21 1
273
1 22 1
274
1 29 1
275
1 16 1
277
1 7 1
278
1 17 1
280
1 7 1
281
1 28 1
285
1 10 1
286
1 36 2
287 331
1 15 1
289
1 32 1
290
1 25 1
292
1 17 1
295
1 38 1
297
1 15 1
299
1 8 1
301
1 23 1
302
1 12 1
306
1 30 1
308
1 19 1
310
1 38 1
312
1 15 1
313
1 8 1
315
1 28 1
318
1 26 2
319 469
1 30 1
320
1 27 1
322
1 22 1
323
1 25 1
324
1 10 1
325
1 10 2
327 447
1 14 1
328
1 25 1
329
1 14 1
333
1 20 1
334
1 21 1
335
1 3 1
336
1 26 1
338
1 27 1
341
1 29 1
342
1 23 1
343
1 23 1
344
1 37 1
348
1 21 1
349
1 29 1
351
1 10 1
353
1 34 1
354
1 18 1
355
1 29 1
356
1 24 1
359
1 35 1
361
1 23 2
363 385
1 30 1
366
1 30 1
371
1 20 1
373
1 26 1
374
1 34 1
376
1 15 1
377
1 14 1
378
1 23 1
382
1 32 1
383
1 20 1
384
1 28 1
386
1 33 1
387
1 19 1
388
1 20 1
391
1 19 1
392
1 36 1
393
1 30 1
394
1 10 1
397
1 34 1
399
1 25 1
400
1 23 1
401
1 8 1
403
1 38 1
404
1 20 1
407
1 15 1
408
1 24 1
411
1 25 1
412
1 20 1
413
1 8 1
416
1 14 2
422 430
1 13 1
423
1 30 1
425
1 27 1
426
1 15 1
427
1 16 1
432
1 12 1
433
1 6 1
435
1 19 1
436
1 23 1
440
1 14 1
441
1 36 1
442
1 34 1
444
1 12 1
445
1 15 1
446
1 16 1
448
1 10 1
450
1 39 1
454
1 32 1
455
1 16 1
456
1 18 1
459
1 21 1
461
1 22 1
462
1 14 1
464
1 29 1
466
1 7 1
467
1 26 1
468
1 10 1
470
1 40 1
471
1 4 1
473
1 40 1
474
1 9 1
475
1 24 1
478
1 22 1
480
1 6 1
484
1 31 1
485
1 20 1
486
1 7 1
491
1 6 1
493
1 24 1
495
1 34 1
497
