800 544 1240 18
15 35 38 23 15 30 12 14 24 33 28 15 18 18 28 16 25 27 16 14 26 24 34 18 28 16 14 34 21 24 23 20 27 31 13 29 31 22 25 37 37 14 20 36 20 11 37 34 36 38 28 17 12 13 36 34 14 28 30 20 20 40 35 15 35 17 11 20 17 40 33 27 39 40 22 31 37 20 29 37 14 38 21 33 30 40 14 15 16 39 23 22 27 40 18 19 14 36 22 31 39 28 20 40 29 34 24 36 27 16 22 15 32 11 34 18 23 38 27 19 17 25 33 30 27 19 21 31 25 28 18 13 30 22 24 40 16 38 37 31 35 16 37 22 32 12 27 32 14 25 33 13 20 38 23 36 39 27 40 32 13 24 23 22 21 29 14 37 33 19 22 32 25 17 28 39 11 27 11 39 31 22 25 26 34 33 13 32 39 27 33 39 35 18 13 19 16 27 36 31 35 13 30 28 26 26 26 29 11 16 40 24 36 25 38 15 25 31 19 23 29 38 16 31 18 16 13 20 13 40 32 28 21 27 28 19 30 20 28 13 27 16 21 11 40 30 16 34 20 14 26 19 14 20 38 17 40 40 31 40 18 16 14 34 12 17 34 23 15 17 22 34 34 26 12 33 36 39 39 24 15 30 13 25 32 38 11 40 28 37 18 19 32 19 25 22 23 18 17 36 34 35 14 11 23 40 33 26 37 22 16 15 13 25 36 26 32 37 27 30 37 17 20 34 15 38 33 36 33 19 28 24 18 23 31 15 29 28 31 18 20 33 40 35 32 19 30 31 36 33 37 13 21 32 12 15 12 14 37 29 23 38 18 25 27 30 16 23 26 16 15 23 34 19 40 31 23 19 16 11 37 19 17 18 34 23 27 37 34 15 27 11 12 31 13 32 21 33 26 13 27 33 38 18 38 13 14 21 12 17 35 14 15 12 19 22 26 34 16 31 31 11 37 40 39 24 26 29 25 22 11 22 26 13 26 24 34 30 31 15 15 36 36 29 21 33 28 39 23 17 17 37 39 22 29 12 28 32 22 33 33 38 35 26 30 13 16 24 29 15 21 32 28 34 13 22 34 11 27 30 38 13 22 20 34 17 30 38 34 22 35 34 38 38 27 27 19 36 40 39 38 35 33 18 32 36 31 36 29 23 36 18 28 38 12 40 38 19 21 13 13 37 12 20 11 24 37 22 26 34 15 36 13 11 35 26 33 15 14 14 15 25 24 26 24 39 27 25 32 25 25 13 39 27 15 26 36 33 25 20 19 22 30 25 35 11 35 29 19 28 20 21 29 38 24 30 28 14 20 11 14 37 39 19 14 16 40 31 27 39 28 14 40 29 35 28 27 31 14 23 31 35 33 28 38 13 36 36 33 20 37 19 29 36 12 11 28 14 30 24 34 20 14 12 36 29 35 13 36 11 30 14 25 12 27 28 25 26 39 17 24 17 33 28 21 37 13 36 13 28 36 35 27 27 35 36 18 26 11 26 28 16 38 35 11 18 11 37 29 38 12 23 24 39 14 15 11 28 38 40 32 24 16 14 34 33 23 39 36 35 40 11 15 13 28 31 14 39 26 20 13 31 23 25 17 31 28 35 11 13 25 32 27 27 24 18 30 30 16 13 13 39 32 37 24 38 15 14 32 27 39 32 35 32 32 18 22 25 12 27 27 19 19 15 26 31 17 22 34 20 18 32 26 33 20 17 14 13 38 35 19 22 37 36 22 20 36 26 40 35 26 12 35 19 35 34 11 36 27 19 20 33 35 32 33 25 35 27 32 14 33 40 30 39 28 36 11 19 29 38
5 25 28 13 5 20 2 4 14 23 18 5 8 8 18 6 15 17 6 4 16 14 24 8 18 6 4 24 11 14 13 10 17 21 3 19 21 12 15 27 27 4 10 26 10 1 27 24 26 28 18 7 2 3 26 24 4 18 20 10 10 30 25 5 25 7 1 10 7 30 23 17 29 30 12 21 27 10 19 27 4 28 11 23 20 30 4 5 6 29 13 12 17 30 8 9 4 26 12 21 29 18 10 30 19 24 14 26 17 6 12 5 22 1 24 8 13 28 17 9 7 15 23 20 17 9 11 21 15 18 8 3 20 12 14 30 6 28 27 21 25 6 27 12 22 2 17 22 4 15 23 3 10 28 13 26 29 17 30 22 3 14 13 12 11 19 4 27 23 9 12 22 15 7 18 29 1 17 1 29 21 12 15 16 24 23 3 22 29 17 23 29 25 8 3 9 6 17 26 21 25 3 20 18 16 16 16 19 1 6 30 14 26 15 28 5 15 21 9 13 19 28 6 21 8 6 3 10 3 30 22 18 11 17 18 9 20 10 18 3 17 6 11 1 30 20 6 24 10 4 16 9 4 10 28 7 30 30 21 30 8 6 4 24 2 7 24 13 5 7 12 24 24 16 2 23 26 29 29 14 5 20 3 15 22 28 1 30 18 27 8 9 22 9 15 12 13 8 7 26 24 25 4 1 13 30 23 16 27 12 6 5 3 15 26 16 22 27 17 20 27 7 10 24 5 28 23 26 23 9 18 14 8 13 21 5 19 18 21 8 10 23 30 25 22 9 20 21 26 23 27 3 11 22 2 5 2 4 27 19 13 28 8 15 17 20 6 13 16 6 5 13 24 9 30 21 13 9 6 1 27 9 7 8 24 13 17 27 24 5 17 1 2 21 3 22 11 23 16 3 17 23 28 8 28 3 4 11 2 7 25 4 5 2 9 12 16 24 6 21 21 1 27 30 29 14 16 19 15 12 1 12 16 3 16 14 24 20 21 5 5 26 26 19 11 23 18 29 13 7 7 27 29 12 19 2 18 22 12 23 23 28 25 16 20 3 6 14 19 5 11 22 18 24 3 12 24 1 17 20 28 3 12 10 24 7 20 28 24 12 25 24 28 28 17 17 9 26 30 29 28 25 23 8 22 26 21 26 19 13 26 8 18 28 2 30 28 9 11 3 3 27 2 10 1 14 27 12 16 24 5 26 3 1 25 16 23 5 4 4 5 15 14 16 14 29 17 15 22 15 15 3 29 17 5 16 26 23 15 10 9 12 20 15 25 1 25 19 9 18 10 11 19 28 14 20 18 4 10 1 4 27 29 9 4 6 30 21 17 29 18 4 30 19 25 18 17 21 4 13 21 25 23 18 28 3 26 26 23 10 27 9 19 26 2 1 18 4 20 14 24 10 4 2 26 19 25 3 26 1 20 4 15 2 17 18 15 16 29 7 14 7 23 18 11 27 3 26 3 18 26 25 17 17 25 26 8 16 1 16 18 6 28 25 1 8 1 27 19 28 2 13 14 29 4 5 1 18 28 30 22 14 6 4 24 23 13 29 26 25 30 1 5 3 18 21 4 29 16 10 3 21 13 15 7 21 18 25 1 3 15 22 17 17 14 8 20 20 6 3 3 29 22 27 14 28 5 4 22 17 29 22 25 22 22 8 12 15 2 17 17 9 9 5 16 21 7 12 24 10 8 22 16 23 10 7 4 3 28 25 9 12 27 26 12 10 26 16 30 25 16 2 25 9 25 24 1 26 17 9 10 23 25 22 23 15 25 17 22 4 23 30 20 29 18 26 1 9 19 28
0 15 3
503 189 663
0 11 2
355 711
0 16 4
653 607 203 129
0 5 8
600 10 706 368 551 361 339 750
0 5 2
698 526
0 18 5
636 398 693 498 99
0 5 3
547 6 555
0 15 2
463 181
0 8 4
520 121 742 412
0 11 8
461 624 472 221 288 785 42 533
0 10 3
345 794 286
0 15 2
263 128
0 5 3
257 416 342
0 7 2
96 304
0 18 4
609 195 507 465
0 16 4
613 485 213 64
0 11 3
282 274 714
0 10 3
359 362 171
0 10 4
789 270 705 131
0 15 8
611 491 447 303 561 275 734 475
0 6 1
391
0 15 1
746
0 11 5
247 149 744 185 654
0 7 9
296 25 158 642 510 384 650 541 735
0 5 4
179 166 517 449
0 7 4
75 590 205 137
0 19 5
661 180 499 647 186
0 17 3
747 766 583
0 5 2
17 59
0 10 2
684 736
0 15 2
514 148
0 12 1
639
0 11 1
357
0 12 3
176 534 437
0 6 8
409 239 22 448 285 799 256 738
0 14 3
625 634 420
0 9 6
671 264 24 765 660 72
0 15 4
153 37 666 713
0 16 5
162 675 356 423 36
0 15 6
680 175 690 616 757 165
0 17 3
23 506 771
0 19 1
439
0 1 5
581 80 209 704 641
0 11 2
229 249
0 2 4
543 743 140 473
0 18 3
147 120 308
0 1 3
146 231 289
0 4 4
394 554 191 763
0 6 3
293 574 238
0 11 6
687 482 60 492 479 646
0 6 6
367 196 632 567 691 676
0 2 2
539 553
0 16 1
708
0 5 5
190 772 95 544 320
0 10 6
199 364 788 122 722 443
0 15 5
118 174 537 760 86
0 16 1
608
0 10 1
351
0 12 4
313 154 682 570
0 17 2
132 294
0 9 7
374 618 405 678 269 219 81
0 9 4
664 702 325 640
0 2 5
57 767 586 61 47
0 15 2
796 536
0 5 7
266 644 207 15 1 379 62
0 19 8
762 670 371 435 504 14 791 90
0 20 6
606 299 124 793 455 193
0 13 4
445 389 9 349
0 3 3
251 521 94
0 14 2
21 594
0 17 7
305 82 335 480 579 599 782
0 9 5
400 150 569 487 446
0 20 1
733
0 10 1
253
0 15 3
30 407 468
0 14 1
65
0 14 3
615 177 173
0 3 7
759 496 215 197 172 635 283
0 17 4
595 315 450 605
0 17 5
776 119 408 657 399
0 6 2
753 141
0 14 3
596 67 74
0 3 1
139
0 17 4
558 751 418 474
0 18 2
200 709
1 22 1
0
1 26 2
2 601
1 13 2
3 587
1 19 1
4
1 27 1
5
1 23 1
7
1 22 1
8
1 21 2
11 43
1 24 1
12
1 16 1
13
1 10 1
16
1 27 1
18
1 28 2
19 241
1 21 1
20
1 15 1
26
1 22 1
27
1 24 1
28
1 28 1
29
1 10 1
31
1 14 1
32
1 14 1
33
1 21 1
34
1 24 2
35 471
1 15 1
38
1 37 1
39
1 19 1
40
1 20 1
41
1 25 1
44
1 26 1
45
1 6 1
46
1 24 1
48
1 25 1
49
1 17 1
50
1 19 1
51
1 17 1
52
1 34 1
53
1 18 1
54
1 15 1
55
1 7 1
56
1 14 1
58
1 9 1
63
1 20 1
66
1 25 1
68
1 25 1
69
1 26 1
70
1 16 1
71
1 25 1
73
1 12 1
76
1 8 1
77
1 17 1
78
1 35 2
79 105
1 33 2
83 662
1 18 1
84
1 21 1
85
1 13 1
87
1 22 2
88 699
1 30 1
89
1 31 1
91
1 9 1
92
1 14 2
93 291
1 26 1
97
1 17 1
98
1 23 1
100
1 31 1
101
1 15 1
102
1 7 1
103
1 36 1
104
1 21 1
106
1 19 1
107
1 24 1
108
1 26 1
109
1 28 1
110
1 20 2
111 298
1 24 1
112
1 22 1
113
1 15 1
114
1 30 1
115
1 17 1
116
1 27 1
117
1 25 1
123
1 20 2
125 469
1 23 1
126
1 19 1
127
1 6 1
130
1 18 1
133
1 29 2
134 532
1 24 1
135
1 25 1
136
1 28 1
138
1 28 1
142
1 27 1
143
1 25 1
144
1 27 1
145
1 35 1
151
1 19 1
152
1 32 1
155
1 20 1
156
1 22 1
157
1 15 1
159
1 30 1
160
1 21 1
161
1 17 1
163
1 19 1
164
1 10 1
167
1 18 1
168
1 31 2
169 683
1 34 1
170
1 18 1
178
1 28 1
182
1 24 1
183
1 22 1
184
1 12 1
187
1 24 1
188
1 20 1
192
1 33 1
194
1 21 1
198
1 5 1
201
1 9 1
202
1 24 1
204
1 24 1
206
1 5 1
208
1 17 1
210
1 29 1
211
1 30 1
212
1 11 1
214
1 32 1
216
1 15 1
217
1 29 1
218
1 29 1
220
1 19 1
222
1 18 1
223
1 20 1
224
1 24 1
225
1 9 1
226
1 30 1
227
1 30 1
228
1 18 1
230
1 30 1
232
1 21 1
233
1 22 1
234
1 28 1
235
1 28 1
236
1 16 1
237
1 16 2
240 628
1 37 1
242
1 19 1
243
1 33 1
244
1 22 1
245
1 19 1
246
1 37 1
248
1 14 1
250
1 26 1
252
1 11 1
254
1 16 1
255
1 26 2
258 585
1 24 1
259
1 18 1
260
1 12 2
261 668
1 22 1
262
1 29 2
265 764
1 21 1
267
1 13 1
268
1 21 2
271 784
1 7 1
272
1 14 1
273
1 20 1
276
1 31 1
277
1 32 1
278
1 22 1
279
1 28 1
280
1 17 1
281
1 23 1
284
1 20 1
287
1 15 1
290
1 25 1
292
1 26 1
295
1 21 1
297
1 19 1
300
1 30 1
301
1 15 1
302
1 24 1
306
1 17 1
307
1 11 1
309
1 24 1
310
1 28 1
311
1 31 1
312
1 24 1
314
1 18 1
316
1 13 1
317
1 27 1
318
1 23 1
319
1 29 1
321
1 13 1
322
1 24 1
323
1 35 1
324
1 17 1
326
1 30 1
327
1 18 1
328
1 18 2
329 440
1 22 1
330
1 32 1
331
1 18 1
332
1 15 1
333
1 23 1
334
1 34 1
336
1 37 1
337
1 16 1
338
1 25 1
340
1 19 1
341
1 26 1
343
1 24 1
344
1 15 1
346
1 24 1
347
1 22 1
348
1 33 1
350
1 36 1
352
1 30 2
353 578
1 30 1
354
1 8 1
358
1 34 1
360
1 21 1
363
1 21 1
365
1 21 1
366
1 30 1
369
1 29 1
370
1 14 1
372
1 31 1
373
1 20 1
375
1 22 1
376
1 17 1
377
1 23 1
378
1 9 1
380
1 11 1
381
1 19 1
382
1 15 1
383
1 24 1
385
1 24 1
386
1 28 1
387
1 25 1
388
1 18 1
390
1 25 1
392
1 31 1
393
1 19 1
395
1 31 2
396 481
1 23 1
397
1 24 1
401
1 34 1
402
1 18 1
403
1 24 1
404
1 25 1
406
1 29 1
410
1 26 1
411
1 14 1
413
1 34 1
414
1 21 1
415
1 10 2
417 493
1 24 1
419
1 14 1
421
1 13 1
422
1 25 1
424
1 25 1
425
1 22 1
426
1 7 2
427 486
1 32 1
428
1 28 1
429
1 18 1
430
1 5 1
431
1 22 1
432
1 26 1
433
1 28 1
434
1 20 1
436
1 21 1
438
1 33 1
441
1 18 1
442
1 33 1
444
1 16 1
451
1 12 1
452
1 27 1
453
1 20 1
454
1 22 1
456
1 27 1
457
1 15 1
458
1 26 1
459
1 3 1
460
1 25 1
462
1 21 1
464
1 17 1
466
1 26 1
467
1 31 1
470
1 13 1
476
1 32 1
477
1 14 1
478
1 15 1
483
1 12 1
484
1 23 1
488
1 26 1
489
1 39 1
490
1 16 1
494
1 15 1
495
1 13 1
497
1 17 1
500
1 21 1
501
1 31 1
502
1 21 1
505
1 31 1
508
1 29 1
509
1 18 1
511
1 28 1
512
1 20 1
513
1 29 1
515
1 25 1
516
1 17 1
518
1 34 1
519
1 9 1
522
1 32 1
523
1 14 1
524
1 35 1
525
1 34 1
527
1 22 1
528
1 11 1
529
1 22 1
530
1 25 1
531
1 17 1
535
1 21 1
538
1 21 1
540
1 22 1
542
1 25 1
545
1 26 1
546
1 16 1
548
1 20 1
549
1 28 1
550
1 24 1
552
1 29 1
556
1 29 1
557
1 29 1
559
1 7 1
560
1 24 1
562
1 22 1
563
1 22 1
564
1 24 1
565
1 22 1
566
1 28 1
568
1 26 1
571
1 32 1
572
1 25 1
573
1 12 1
575
1 20 1
576
1 26 1
577
1 35 1
580
1 23 1
582
1 19 1
584
1 28 1
588
1 30 1
589
1 15 1
591
1 27 1
592
1 29 1
593
1 29 1
597
1 22 1
598
1 20 1
602
1 33 1
603
1 21 1
604
1 7 1
610
1 20 1
612
1 35 1
614
1 27 1
617
1 18 1
619
1 33 1
620
1 23 1
621
1 18 1
622
1 11 1
623
1 21 1
626
1 22 1
627
1 32 1
629
1 25 1
630
1 23 1
631
1 10 1
633
1 16 1
637
1 21 1
638
1 24 1
643
1 36 1
645
1 17 2
648 655
1 14 1
649
1 15 1
651
1 25 1
652
1 25 1
656
1 25 1
658
1 25 1
659
1 7 1
665
1 30 1
667
1 19 1
669
1 26 1
672
1 19 1
673
1 29 1
674
1 25 1
677
1 24 1
679
1 23 1
681
1 12 1
685
1 20 1
686
1 20 1
688
1 29 1
689
1 33 1
692
1 35 1
694
1 25 1
695
1 35 1
696
1 26 1
697
1 18 1
700
1 22 1
701
1 25 1
703
1 28 1
707
1 18 1
710
1 28 1
712
1 22 1
715
1 27 1
716
1 12 1
717
1 36 1
718
1 19 1
719
1 33 1
720
1 30 1
721
1 26 1
723
1 24 1
724
1 15 1
725
1 9 1
726
1 21 1
727
1 25 1
728
1 34 1
729
1 13 1
730
1 30 1
731
1 24 1
732
1 15 1
737
1 30 1
739
1 28 1
740
1 27 1
741
1 25 1
745
1 37 1
748
1 10 1
749
1 20 1
752
1 19 1
754
1 16 1
755
1 21 1
756
1 25 1
758
1 22 1
761
1 33 1
768
1 27 1
769
1 34 2
770 774
1 21 1
773
1 33 1
775
1 20 1
777
1 25 1
778
1 16 1
779
1 26 1
780
1 27 1
781
1 25 1
783
1 27 1
786
1 25 1
787
1 17 1
790
1 25 1
792
1 24 1
795
1 21 1
797
1 31 1
798
