500 373 775 20
28 29 38 31 16 12 28 13 23 39 26 18 31 26 21 21 37 28 27 33 34 25 17 27 11 19 16 39 17 15 31 38 14 37 12 34 38 18 34 23 28 25 20 37 33 27 13 16 24 22 23 36 17 40 18 27 40 28 22 24 11 21 34 15 39 36 35 15 32 34 26 36 15 37 13 35 33 21 19 16 13 11 29 27 18 37 35 15 27 20 11 26 26 29 33 33 13 26 26 20 15 21 36 19 25 39 16 33 39 22 29 34 32 35 27 36 37 25 15 19 36 20 19 37 27 25 39 11 19 27 35 14 38 20 33 24 38 17 14 28 14 27 23 17 34 25 20 11 26 24 32 30 34 24 33 23 14 33 15 30 39 37 31 16 27 21 35 24 13 27 11 28 33 32 36 12 11 26 27 28 35 31 34 19 34 21 14 34 33 32 25 28 28 26 33 28 34 23 26 39 28 31 14 32 33 15 27 31 40 35 23 18 25 39 23 17 34 36 21 19 31 34 40 21 22 39 14 17 39 38 32 21 27 18 34 14 20 37 11 28 24 38 35 37 38 12 37 23 40 34 29 15 11 30 20 36 16 28 19 40 35 29 27 17 22 17 33 39 18 28 26 16 35 29 23 13 20 24 20 13 20 39 12 39 39 31 11 22 29 15 21 37 23 26 20 38 17 31 34 14 40 39 14 16 24 12 25 28 34 35 27 13 15 23 40 12 32 39 25 34 12 32 23 20 40 37 20 19 40 32 32 25 30 26 36 19 17 24 18 27 15 28 23 30 31 35 27 13 23 25 36 25 23 18 37 24 29 19 16 16 28 24 24 13 12 15 20 27 38 23 39 15 39 22 35 35 28 37 25 20 31 31 17 13 22 34 16 23 25 20 22 28 13 25 17 40 20 22 15 30 27 36 29 20 25 35 40 15 27 37 34 27 25 35 21 15 18 11 31 33 24 34 16 17 29 38 14 32 17 33 21 17 23 19 20 12 34 32 35 11 20 28 12 13 21 23 23 14 19 27 23 25 38 38 38 36 18 33 20 32 18 13 22 19 27 35 13 16 26 39 20 20 33 11 11 30 21 12 33 11 24 32 38 29 33 13 36 18 32 39 39 22 37 17 15 40 39 15 23 26
18 19 28 21 6 2 18 3 13 29 16 8 21 16 11 11 27 18 17 23 24 15 7 17 1 9 6 29 7 5 21 28 4 27 2 24 28 8 24 13 18 15 10 27 23 17 3 6 14 12 13 26 7 30 8 17 30 18 12 14 1 11 24 5 29 26 25 5 22 24 16 26 5 27 3 25 23 11 9 6 3 1 19 17 8 27 25 5 17 10 1 16 16 19 23 23 3 16 16 10 5 11 26 9 15 29 6 23 29 12 19 24 22 25 17 26 27 15 5 9 26 10 9 27 17 15 29 1 9 17 25 4 28 10 23 14 28 7 4 18 4 17 13 7 24 15 10 1 16 14 22 20 24 14 23 13 4 23 5 20 29 27 21 6 17 11 25 14 3 17 1 18 23 22 26 2 1 16 17 18 25 21 24 9 24 11 4 24 23 22 15 18 18 16 23 18 24 13 16 29 18 21 4 22 23 5 17 21 30 25 13 8 15 29 13 7 24 26 11 9 21 24 30 11 12 29 4 7 29 28 22 11 17 8 24 4 10 27 1 18 14 28 25 27 28 2 27 13 30 24 19 5 1 20 10 26 6 18 9 30 25 19 17 7 12 7 23 29 8 18 16 6 25 19 13 3 10 14 10 3 10 29 2 29 29 21 1 12 19 5 11 27 13 16 10 28 7 21 24 4 30 29 4 6 14 2 15 18 24 25 17 3 5 13 30 2 22 29 15 24 2 22 13 10 30 27 10 9 30 22 22 15 20 16 26 9 7 14 8 17 5 18 13 20 21 25 17 3 13 15 26 15 13 8 27 14 19 9 6 6 18 14 14 3 2 5 10 17 28 13 29 5 29 12 25 25 18 27 15 10 21 21 7 3 12 24 6 13 15 10 12 18 3 15 7 30 10 12 5 20 17 26 19 10 15 25 30 5 17 27 24 17 15 25 11 5 8 1 21 23 14 24 6 7 19 28 4 22 7 23 11 7 13 9 10 2 24 22 25 1 10 18 2 3 11 13 13 4 9 17 13 15 28 28 28 26 8 23 10 22 8 3 12 9 17 25 3 6 16 29 10 10 23 1 1 20 11 2 23 1 14 22 28 19 23 3 26 8 22 29 29 12 27 7 5 30 29 5 13 16
0 20 1
368
0 17 1
7
0 12 2
455 404
0 18 4
11 347 349 147
0 20 6
435 19 220 1 405 429
0 7 4
179 372 230 50
0 15 2
102 217
0 18 2
282 301
0 4 3
95 152 239
0 1 1
304
0 16 1
183
0 16 2
221 55
0 11 2
154 464
0 15 2
85 411
0 5 1
317
0 15 4
414 132 484 477
0 5 2
322 182
0 14 2
292 25
0 2 2
474 207
0 17 2
338 263
0 7 3
119 445 449
0 5 3
82 279 162
0 2 2
110 116
0 4 1
165
0 18 2
412 73
0 19 7
215 461 354 24 66 467 253
0 16 3
323 184 395
0 20 2
80 203
0 16 2
143 336
0 4 2
269 479
0 17 5
488 0 144 63 359
0 9 1
276
0 17 2
295 341
0 16 3
242 130 112
0 6 1
77
0 18 3
22 252 440
0 8 3
396 59 69
0 16 3
398 225 495
0 3 5
497 100 261 265 434
0 3 4
134 34 343 219
0 2 1
400
0 3 3
407 74 259
0 2 4
99 168 135 471
0 10 3
209 318 37
0 4 4
3 428 447 382
0 12 3
486 274 164
0 18 3
218 417 280
0 5 2
293 138
0 6 2
310 410
0 19 2
62 46
0 3 5
16 71 198 465 114
0 14 2
344 81
0 6 1
31
0 4 2
4 330
0 8 4
128 406 106 196
0 11 2
492 26
0 10 3
58 289 89
0 6 4
326 422 448 123
0 12 4
145 61 199 327
0 6 2
427 36
0 12 2
140 65
0 5 2
86 266
0 7 4
475 374 268 424
0 20 4
173 15 79 76
0 2 3
388 496 195
0 15 1
350
0 9 2
121 490
0 12 3
158 172 308
0 15 1
33
0 15 1
437
0 1 4
44 237 91 170
0 15 1
222
0 12 2
364 248
1 16 1
2
1 27 1
5
1 30 1
6
1 6 1
8
1 35 1
9
1 35 1
10
1 25 1
12
1 16 1
13
1 31 1
14
1 4 1
17
1 19 1
18
1 28 1
20
1 23 1
21
1 10 2
23 284
1 29 1
27
1 10 1
28
1 30 1
29
1 28 1
30
1 20 1
32
1 25 1
35
1 24 1
38
1 28 1
39
1 8 1
40
1 22 1
41
1 25 2
42 56
1 24 2
43 101
1 23 1
45
1 26 1
47
1 20 1
48
1 38 1
49
1 26 1
51
1 22 1
52
1 5 1
53
1 21 1
54
1 13 1
57
1 23 2
60 149
1 22 1
64
1 19 1
67
1 31 1
68
1 19 1
70
1 10 1
72
1 12 1
75
1 33 1
78
1 12 1
83
1 7 2
84 271
1 11 1
87
1 13 1
88
1 6 1
90
1 15 1
92
1 19 1
93
1 8 1
94
1 16 1
96
1 9 1
97
1 31 1
98
1 32 1
103
1 23 1
104
1 15 1
105
1 7 1
107
1 15 1
108
1 27 1
109
1 14 1
111
1 27 1
113
1 17 1
115
1 14 1
117
1 20 1
118
1 16 1
120
1 17 1
122
1 20 1
124
1 18 1
125
1 28 1
126
1 25 1
127
1 30 1
129
1 29 1
131
1 36 2
133 270
1 23 1
136
1 21 1
137
1 29 1
139
1 9 1
141
1 27 1
142
1 20 1
146
1 23 1
148
1 23 1
150
1 27 2
151 399
1 32 1
153
1 30 1
155
1 23 1
156
1 32 1
157
1 9 1
159
1 25 1
160
1 22 1
161
1 20 1
163
1 8 1
166
1 30 1
167
1 15 1
169
1 12 1
171
1 21 1
174
1 30 1
175
1 11 1
176
1 30 1
177
1 18 1
178
1 21 1
180
1 22 1
181
1 17 1
185
1 22 1
186
1 21 2
187 213
1 21 1
188
1 19 1
189
1 30 1
190
1 9 1
191
1 33 1
192
1 35 1
193
1 18 1
194
1 29 1
197
1 20 1
200
1 23 1
201
1 33 1
202
1 28 1
204
1 18 1
205
1 27 1
206
1 23 1
208
1 6 1
210
1 40 1
211
1 20 1
212
1 26 1
214
1 13 1
216
1 20 1
223
1 21 1
224
1 10 1
226
1 21 1
227
1 25 1
228
1 25 1
229
1 16 1
231
1 28 1
232
1 22 1
233
1 37 1
234
1 24 1
235
1 31 1
236
1 12 1
238
1 20 2
240 316
1 21 1
241
1 22 1
243
1 35 1
244
1 18 1
245
1 13 1
246
1 13 1
247
1 20 1
249
1 18 1
250
1 27 1
251
1 18 1
254
1 20 1
255
1 16 1
256
1 19 1
257
1 24 1
258
1 24 1
260
1 21 1
262
1 27 1
264
1 25 1
267
1 10 1
272
1 35 1
273
1 11 1
275
1 23 1
277
1 35 2
278 476
1 32 1
281
1 28 1
283
1 12 1
285
1 13 1
286
1 30 1
287
1 31 1
288
1 34 1
290
1 18 1
291
1 16 1
294
1 21 1
296
1 19 1
297
1 20 1
298
1 34 1
299
1 11 1
300
1 17 1
302
1 8 1
303
1 11 1
305
1 31 1
306
1 7 1
307
1 4 1
309
1 20 1
311
1 12 1
312
1 30 1
313
1 16 1
314
1 28 1
315
1 25 1
319
1 33 1
320
1 34 1
321
1 17 1
324
1 20 1
325
1 8 1
328
1 10 1
329
1 20 1
331
1 23 1
332
1 9 1
333
1 21 1
334
1 21 1
335
1 18 1
337
1 28 1
339
1 18 1
340
1 23 1
342
1 8 1
345
1 20 1
346
1 8 1
348
1 35 1
351
1 24 1
352
1 24 1
353
1 17 1
355
1 30 1
356
1 22 1
357
1 26 1
358
1 15 1
360
1 22 1
361
1 11 1
362
1 14 1
363
1 32 1
365
1 15 1
366
1 9 1
367
1 30 1
369
1 38 1
370
1 28 1
371
1 20 1
373
1 26 1
375
1 33 1
376
1 17 1
377
1 7 1
378
1 35 1
379
1 26 1
380
1 21 1
381
1 30 1
383
1 34 1
384
1 19 1
385
1 28 1
386
1 24 1
387
1 17 1
389
1 36 1
390
1 23 1
391
1 23 1
392
1 15 1
393
1 23 2
394 421
1 23 1
397
1 18 1
401
1 36 1
402
1 21 1
403
1 13 1
408
1 31 1
409
1 21 1
413
1 23 1
415
1 19 1
416
1 32 1
418
1 19 1
419
1 18 1
420
1 21 1
423
1 21 1
425
1 29 1
426
1 19 1
430
1 19 1
431
1 19 1
432
1 7 1
433
1 23 1
436
1 25 1
438
1 35 1
439
1 7 1
441
1 33 1
442
1 31 1
443
1 18 1
444
1 28 1
446
1 23 1
450
1 15 1
451
1 20 1
452
1 23 1
453
1 21 1
454
1 19 1
456
1 31 1
457
1 24 1
458
1 9 1
459
1 17 1
460
1 7 1
462
1 26 1
463
1 24 1
466
1 12 1
468
1 17 1
469
1 28 1
470
1 11 1
472
1 21 1
473
1 15 1
478
1 18 1
480
1 23 1
481
1 8 1
482
1 20 1
483
1 15 1
485
1 22 1
487
1 21 1
489
1 22 1
491
1 7 1
493
1 32 1
494
1 33 1
498
1 30 1
499
