700 486 1085 20
23 26 11 38 35 21 39 12 17 39 26 35 23 32 19 22 40 23 16 11 32 34 24 13 32 30 37 27 28 24 17 20 26 18 13 26 23 31 13 31 26 29 36 19 35 28 17 16 14 22 27 15 24 40 11 31 23 11 34 36 32 22 18 23 14 16 39 40 16 31 33 14 36 11 21 28 27 15 37 25 14 21 16 37 11 18 26 14 12 18 24 18 16 11 39 16 27 11 28 28 36 40 28 38 34 32 34 22 38 12 29 33 16 24 15 29 34 34 23 21 36 27 21 19 29 18 26 38 11 27 31 16 20 30 20 30 14 38 24 19 18 40 16 22 20 35 35 13 30 31 33 39 24 33 16 22 39 20 26 38 33 27 20 32 22 30 38 14 22 16 16 21 26 18 27 39 37 35 23 16 35 13 17 12 11 13 29 32 29 34 26 24 37 32 12 37 35 22 22 26 38 17 17 19 24 26 37 35 28 11 34 35 19 16 12 29 24 17 27 22 14 33 21 12 38 13 40 33 33 28 31 33 22 29 34 18 34 35 20 27 22 11 36 12 27 12 36 33 15 28 11 24 26 23 33 30 19 29 30 19 28 38 17 19 37 20 17 38 15 39 16 23 33 26 23 34 13 37 30 15 18 21 12 35 22 17 28 13 24 31 16 20 36 28 33 16 32 40 22 20 19 36 30 29 33 24 18 22 16 15 13 22 28 20 16 16 33 29 38 22 32 34 30 33 33 27 12 25 26 34 11 16 16 33 11 39 36 13 38 21 16 18 33 30 27 38 15 29 23 27 34 27 24 15 40 23 36 32 29 15 26 40 17 18 36 13 20 27 23 38 26 29 30 26 23 33 21 37 16 11 34 29 28 21 25 37 27 20 35 24 32 29 27 23 19 37 27 34 23 39 31 37 16 31 15 36 32 40 33 37 33 34 20 35 28 25 15 31 31 14 32 13 22 17 28 25 25 36 14 26 39 30 16 24 33 26 22 32 23 32 17 37 37 38 40 18 11 24 30 26 26 33 11 25 17 40 18 20 39 17 18 21 21 28 21 38 24 18 28 23 26 37 16 35 22 35 34 32 14 28 11 23 15 18 26 16 24 33 12 13 25 18 33 18 38 24 11 16 34 36 28 31 37 38 11 11 33 16 30 22 19 28 16 22 34 14 24 19 15 39 26 30 18 35 34 38 38 15 25 38 18 12 12 37 26 20 31 18 28 32 39 30 20 31 11 20 31 19 16 24 23 23 22 33 36 11 29 13 29 36 14 40 23 23 25 19 26 38 14 34 14 30 17 14 33 19 32 27 36 39 23 26 33 32 33 35 12 16 25 34 23 12 29 21 19 18 25 24 14 19 11 29 24 11 23 30 21 15 39 21 18 30 32 26 36 15 11 34 34 40 31 32 19 29 13 38 15 25 12 15 34 34 35 31 32 32 12 39 35 34 17 34 18 27 20 25 35 22 20 26 22 18 33 38 38 16 21 30 31 15 24 20 16 37 31 22 33 35 14 36 37 12 19 25 37 40 13 18 29 18 36 14 19 37 15 37 20 40 33 26 21 30 21 27 20 30 19 38 32 28
13 16 1 28 25 11 29 2 7 29 16 25 13 22 9 12 30 13 6 1 22 24 14 3 22 20 27 17 18 14 7 10 16 8 3 16 13 21 3 21 16 19 26 9 25 18 7 6 4 12 17 5 14 30 1 21 13 1 24 26 22 12 8 13 4 6 29 30 6 21 23 4 26 1 11 18 17 5 27 15 4 11 6 27 1 8 16 4 2 8 14 8 6 1 29 6 17 1 18 18 26 30 18 28 24 22 24 12 28 2 19 23 6 14 5 19 24 24 13 11 26 17 11 9 19 8 16 28 1 17 21 6 10 20 10 20 4 28 14 9 8 30 6 12 10 25 25 3 20 21 23 29 14 23 6 12 29 10 16 28 23 17 10 22 12 20 28 4 12 6 6 11 16 8 17 29 27 25 13 6 25 3 7 2 1 3 19 22 19 24 16 14 27 22 2 27 25 12 12 16 28 7 7 9 14 16 27 25 18 1 24 25 9 6 2 19 14 7 17 12 4 23 11 2 28 3 30 23 23 18 21 23 12 19 24 8 24 25 10 17 12 1 26 2 17 2 26 23 5 18 1 14 16 13 23 20 9 19 20 9 18 28 7 9 27 10 7 28 5 29 6 13 23 16 13 24 3 27 20 5 8 11 2 25 12 7 18 3 14 21 6 10 26 18 23 6 22 30 12 10 9 26 20 19 23 14 8 12 6 5 3 12 18 10 6 6 23 19 28 12 22 24 20 23 23 17 2 15 16 24 1 6 6 23 1 29 26 3 28 11 6 8 23 20 17 28 5 19 13 17 24 17 14 5 30 13 26 22 19 5 16 30 7 8 26 3 10 17 13 28 16 19 20 16 13 23 11 27 6 1 24 19 18 11 15 27 17 10 25 14 22 19 17 13 9 27 17 24 13 29 21 27 6 21 5 26 22 30 23 27 23 24 10 25 18 15 5 21 21 4 22 3 12 7 18 15 15 26 4 16 29 20 6 14 23 16 12 22 13 22 7 27 27 28 30 8 1 14 20 16 16 23 1 15 7 30 8 10 29 7 8 11 11 18 11 28 14 8 18 13 16 27 6 25 12 25 24 22 4 18 1 13 5 8 16 6 14 23 2 3 15 8 23 8 28 14 1 6 24 26 18 21 27 28 1 1 23 6 20 12 9 18 6 12 24 4 14 9 5 29 16 20 8 25 24 28 28 5 15 28 8 2 2 27 16 10 21 8 18 22 29 20 10 21 1 10 21 9 6 14 13 13 12 23 26 1 19 3 19 26 4 30 13 13 15 9 16 28 4 24 4 20 7 4 23 9 22 17 26 29 13 16 23 22 23 25 2 6 15 24 13 2 19 11 9 8 15 14 4 9 1 19 14 1 13 20 11 5 29 11 8 20 22 16 26 5 1 24 24 30 21 22 9 19 3 28 5 15 2 5 24 24 25 21 22 22 2 29 25 24 7 24 8 17 10 15 25 12 10 16 12 8 23 28 28 6 11 20 21 5 14 10 6 27 21 12 23 25 4 26 27 2 9 15 27 30 3 8 19 8 26 4 9 27 5 27 10 30 23 16 11 20 11 17 10 20 9 28 22 18
0 4 4
193 186 670 298
0 1 2
682 267
0 15 3
534 69 480
0 4 6
77 165 83 503 593 478
0 16 1
200
0 18 4
119 94 179 587
0 2 3
155 637 629
0 5 3
571 557 117
0 2 3
272 484 364
0 17 2
522 405
0 13 3
483 324 492
0 1 2
134 420
0 13 2
1 320
0 12 9
36 454 564 332 409 70 625 303 548
0 1 3
172 408 236
0 6 6
426 402 511 111 531 25
0 13 8
578 187 168 379 170 518 240 662
0 18 3
18 68 524
0 10 3
544 672 93
0 3 6
100 19 574 136 346 515
0 10 2
580 118
0 20 5
546 366 204 207 573
0 10 7
297 442 327 450 81 103 56
0 3 1
391
0 14 2
285 371
0 20 4
589 88 566 353
0 17 4
607 412 38 340
0 7 3
677 513 509
0 3 8
24 133 62 493 292 390 314 397
0 9 5
698 358 263 251 452
0 20 3
423 203 510
0 17 4
404 572 491 434
0 5 2
579 466
0 9 5
152 153 175 441 2
0 19 6
178 496 189 530 663 57
0 20 2
686 163
0 6 1
14
0 12 4
519 277 502 335
0 5 5
437 467 528 376 585
0 4 2
599 52
0 2 2
312 475
0 13 4
295 537 159 46
0 14 5
413 212 401 375 72
0 17 7
389 395 350 213 633 15 538
0 20 3
84 30 440
0 1 3
602 22 281
0 17 2
425 127
0 2 1
508
0 15 4
105 296 398 326
0 15 2
477 365
0 4 4
283 55 616 229
0 20 3
262 403 301
0 20 1
112
0 18 4
65 166 474 247
0 14 7
643 628 230 313 582 435 577
0 20 1
523
0 15 6
238 601 249 75 129 245
0 11 4
416 406 307 490
0 9 3
311 99 386
0 18 4
699 488 223 42
0 11 4
180 266 583 659
0 8 1
13
0 7 1
632
0 8 3
612 282 674
0 1 1
273
0 6 3
141 444 85
0 2 4
174 254 121 506
0 11 6
622 120 259 104 361 188
0 11 2
661 339
0 20 3
623 354 430
0 7 1
211
0 5 1
555
0 7 5
108 679 543 176 269
0 19 3
195 257 316
0 19 3
51 536 359
1 20 1
0
1 10 1
3
1 7 1
4
1 40 1
5
1 23 1
6
1 7 1
7
1 13 1
8
1 28 1
9
1 35 1
10
1 12 1
11
1 21 1
12
1 10 1
16
1 17 1
17
1 10 1
20
1 15 1
21
1 14 1
23
1 17 1
26
1 21 1
27
1 35 1
28
1 22 1
29
1 24 1
31
1 15 1
32
1 3 1
33
1 21 1
34
1 24 1
35
1 5 1
37
1 22 1
39
1 5 1
40
1 17 1
41
1 33 3
43 505 645
1 9 1
44
1 10 1
45
1 10 1
47
1 10 1
48
1 29 1
49
1 33 1
50
1 38 3
53 383 652
1 29 1
54
1 5 1
58
1 6 2
59 609
1 34 1
60
1 16 1
61
1 3 2
63 79
1 29 1
64
1 35 1
66
1 22 1
67
1 18 1
71
1 37 1
73
1 10 1
74
1 13 1
76
1 31 1
78
1 25 1
80
1 30 1
82
1 21 1
86
1 17 1
87
1 40 1
89
1 12 1
90
1 19 1
91
1 38 1
92
1 21 1
95
1 23 1
96
1 30 1
97
1 18 1
98
1 11 1
101
1 25 1
102
1 40 1
106
1 26 1
107
1 21 1
109
1 27 1
110
1 26 1
113
1 36 1
114
1 14 1
115
1 35 1
116
1 17 1
122
1 20 1
123
1 19 1
124
1 16 1
125
1 3 1
126
1 19 1
128
1 18 1
130
1 7 1
131
1 26 2
132 624
1 31 1
135
1 29 1
137
1 14 1
138
1 9 1
139
1 25 1
140
1 13 1
142
1 11 1
143
1 8 1
144
1 20 1
145
1 39 1
146
1 17 1
147
1 32 1
148
1 9 1
149
1 20 1
150
1 16 1
151
1 19 1
154
1 20 1
156
1 36 1
157
1 18 1
158
1 20 1
160
1 22 1
161
1 22 2
162 638
1 15 1
164
1 23 1
167
1 26 1
169
1 25 1
171
1 31 1
173
1 11 1
177
1 22 1
181
1 20 1
182
1 13 1
183
1 17 1
184
1 2 1
185
1 37 1
190
1 9 1
191
1 22 1
192
1 18 1
194
1 37 1
196
1 21 2
197 400
1 8 1
198
1 12 2
199 603
1 31 1
201
1 31 1
202
1 25 1
205
1 14 1
206
1 5 1
208
1 17 1
209
1 23 1
210
1 8 1
214
1 15 1
215
1 8 1
216
1 25 1
217
1 32 1
218
1 22 1
219
1 15 1
220
1 23 1
221
1 23 1
222
1 19 1
224
1 15 1
225
1 24 1
226
1 31 1
227
1 15 1
228
1 11 1
231
1 26 2
232 459
1 40 1
233
1 21 1
234
1 35 1
235
1 13 1
237
1 23 1
239
1 15 1
241
1 22 1
242
1 34 1
243
1 21 1
244
1 19 1
246
1 34 1
248
1 30 1
250
1 15 1
252
1 25 1
253
1 22 2
255 455
1 18 1
256
1 12 1
258
1 5 1
260
1 30 1
261
1 9 1
264
1 27 2
265 681
1 10 2
268 372
1 26 1
270
1 37 1
271
1 23 1
274
1 10 1
275
1 29 1
276
1 39 1
278
1 20 1
279
1 18 1
280
1 24 2
284 614
1 36 1
286
1 34 1
287
1 14 1
288
1 31 1
289
1 20 1
290
1 38 1
291
1 11 2
293 696
1 33 1
294
1 19 1
299
1 37 1
300
1 21 1
302
1 36 1
304
1 25 1
305
1 28 1
306
1 12 1
308
1 10 1
309
1 16 2
310 581
1 28 1
315
1 27 1
317
1 22 1
318
1 17 1
319
1 21 1
321
1 34 1
322
1 32 1
323
1 21 1
325
1 17 1
328
1 8 1
329
1 28 1
330
1 25 1
331
1 25 1
333
1 19 1
334
1 8 1
336
1 32 1
337
1 30 1
338
1 17 1
341
1 5 1
342
1 31 1
343
1 21 2
344 449
1 30 1
345
1 19 1
347
1 8 2
348 533
1 19 1
349
1 12 1
351
1 22 1
352
1 17 1
355
1 40 1
356
1 29 1
357
1 29 1
360
1 21 1
362
1 12 1
363
1 9 1
367
1 35 2
368 561
1 23 1
369
1 16 1
370
1 14 1
373
1 6 1
374
1 34 1
377
1 25 1
378
1 17 1
380
1 17 1
381
1 20 1
382
1 15 1
384
1 38 1
385
1 12 1
387
1 22 1
388
1 32 1
392
1 25 1
393
1 24 1
394
1 18 1
396
1 21 1
399
1 22 1
407
1 35 1
410
1 19 1
411
1 26 1
414
1 10 1
415
1 25 1
417
1 19 1
418
1 15 1
419
1 14 1
421
1 32 2
422 665
1 30 1
424
1 13 1
427
1 20 1
428
1 13 1
429
1 21 1
431
1 33 1
432
1 31 1
433
1 12 2
436 690
1 19 1
438
1 24 1
439
1 18 1
443
1 28 1
445
1 21 1
446
1 14 1
447
1 30 1
448
1 29 1
451
1 27 1
453
1 16 1
456
1 14 1
457
1 24 1
458
1 37 1
460
1 15 1
461
1 18 1
462
1 19 1
463
1 28 1
464
1 22 1
465
1 7 1
468
1 8 1
469
1 22 1
470
1 23 1
471
1 39 1
472
1 7 1
473
1 16 1
476
1 25 1
479
1 10 1
481
1 26 1
482
1 37 1
485
1 33 1
486
1 27 1
487
1 30 1
489
1 12 1
494
1 29 3
495 570 631
1 34 1
497
1 23 1
498
1 22 1
499
1 26 1
500
1 17 1
501
1 20 1
504
1 20 1
507
1 34 1
512
1 39 1
514
1 12 1
516
1 24 1
517
1 31 1
520
1 33 1
521
1 18 1
525
1 22 1
526
1 8 1
527
1 26 2
529 605
1 9 1
532
1 22 1
535
1 32 1
539
1 15 1
540
1 12 1
541
1 24 1
542
1 19 1
545
1 30 1
547
1 18 1
549
1 9 1
550
1 16 1
551
1 23 1
552
1 13 1
553
1 19 1
554
1 29 1
556
1 29 1
558
1 23 1
559
1 18 1
560
1 25 1
562
1 19 1
563
1 19 1
565
1 20 1
567
1 12 1
568
1 35 1
569
1 20 1
575
1 12 1
576
1 14 2
584 627
1 4 1
586
1 23 1
588
1 22 1
590
1 21 1
591
1 22 1
592
1 26 1
594
1 36 1
595
1 31 1
596
1 13 1
597
1 39 1
598
1 12 1
600
1 22 1
604
1 36 1
606
1 16 1
608
1 10 1
610
1 35 1
611
1 20 1
613
1 23 1
615
1 26 1
617
1 20 1
618
1 4 1
619
1 6 1
620
1 18 1
621
1 8 1
626
1 14 1
630
1 25 1
634
1 13 1
635
1 28 1
636
1 21 2
639 651
1 13 1
640
1 6 1
641
1 20 1
642
1 29 1
644
1 7 1
646
1 12 1
647
1 19 1
648
1 23 1
649
1 15 1
650
1 10 1
653
1 32 1
654
1 40 1
655
1 36 1
656
1 38 1
657
1 12 1
658
1 28 1
660
1 27 1
664
1 35 1
666
1 13 1
667
1 22 1
668
1 19 1
669
1 24 1
671
1 32 1
673
1 16 1
675
1 15 1
676
1 15 1
678
1 8 1
680
1 14 1
683
1 24 1
684
1 13 1
685
1 38 1
687
1 30 1
688
1 7 1
689
1 27 1
691
1 36 1
692
1 33 1
693
1 35 1
694
1 10 1
695
1 28 1
697
