300 246 465 20
25 30 30 25 38 18 21 33 38 13 18 27 22 24 13 27 11 28 16 32 11 27 14 35 14 21 39 35 13 37 19 19 35 40 30 35 16 20 19 12 17 20 20 38 38 25 35 11 34 22 19 39 39 19 17 16 25 25 35 21 40 15 25 38 19 12 25 15 36 37 19 27 23 16 24 12 38 35 34 18 32 37 12 31 37 19 21 19 11 39 23 25 23 22 34 31 12 20 33 11 21 37 37 28 28 24 19 23 36 30 23 24 37 26 40 24 25 22 16 31 24 23 17 22 39 27 17 17 18 22 12 40 25 17 13 20 40 37 37 13 22 31 38 15 14 31 32 16 23 24 33 14 30 20 38 34 30 18 29 36 29 31 36 19 22 34 17 26 25 22 24 20 25 35 13 17 39 22 35 12 35 20 24 21 20 22 28 14 32 27 26 32 34 34 33 40 19 11 16 31 36 39 37 15 38 27 40 30 20 12 21 16 36 18 16 35 12 31 20 11 13 29 11 39 34 36 13 12 19 31 13 30 11 20 11 37 36 29 27 12 11 28 17 28 34 32 33 27 37 31 17 34 24 12 33 29 14 28 35 18 27 13 15 21 34 29 11 12 36 13 39 18 14 28 18 15 28 15 30 11 24 31 19 18 16 14 39 17 27 23 15 11 15 21 37 24 32 32 30 30
15 20 20 15 28 8 11 23 28 3 8 17 12 14 3 17 1 18 6 22 1 17 4 25 4 11 29 25 3 27 9 9 25 30 20 25 6 10 9 2 7 10 10 28 28 15 25 1 24 12 9 29 29 9 7 6 15 15 25 11 30 5 15 28 9 2 15 5 26 27 9 17 13 6 14 2 28 25 24 8 22 27 2 21 27 9 11 9 1 29 13 15 13 12 24 21 2 10 23 1 11 27 27 18 18 14 9 13 26 20 13 14 27 16 30 14 15 12 6 21 14 13 7 12 29 17 7 7 8 12 2 30 15 7 3 10 30 27 27 3 12 21 28 5 4 21 22 6 13 14 23 4 20 10 28 24 20 8 19 26 19 21 26 9 12 24 7 16 15 12 14 10 15 25 3 7 29 12 25 2 25 10 14 11 10 12 18 4 22 17 16 22 24 24 23 30 9 1 6 21 26 29 27 5 28 17 30 20 10 2 11 6 26 8 6 25 2 21 10 1 3 19 1 29 24 26 3 2 9 21 3 20 1 10 1 27 26 19 17 2 1 18 7 18 24 22 23 17 27 21 7 24 14 2 23 19 4 18 25 8 17 3 5 11 24 19 1 2 26 3 29 8 4 18 8 5 18 5 20 1 14 21 9 8 6 4 29 7 17 13 5 1 5 11 27 14 22 22 20 20
0 17 2
225 137
0 13 2
192 234
0 17 3
119 49 50
0 3 1
47
0 9 1
168
0 16 4
270 154 136 152
0 8 2
277 274
0 20 1
125
0 7 1
153
0 12 2
291 292
0 6 2
299 233
0 20 2
82 185
0 7 1
147
0 3 3
148 298 29
0 18 3
230 204 172
0 8 1
104
0 2 2
84 14
0 7 4
241 110 193 171
0 4 2
117 55
0 14 2
97 186
0 16 1
196
0 19 4
244 114 23 128
0 2 1
162
0 4 3
247 83 62
0 14 2
267 281
0 10 1
293
0 11 1
194
0 11 1
126
0 19 4
236 6 164 77
0 10 1
135
0 12 1
198
0 10 1
273
0 7 2
141 90
0 3 3
25 26 250
0 19 1
65
0 19 1
188
0 16 1
11
0 12 1
190
0 10 1
100
0 10 1
212
0 5 2
132 98
0 18 1
238
0 9 1
9
0 15 2
163 166
0 5 1
260
0 20 2
53 105
0 15 2
48 268
0 7 2
107 219
0 8 1
145
0 20 3
63 296 240
0 15 2
27 60
0 10 1
284
0 12 1
92
0 10 2
95 282
0 9 1
16
0 11 2
142 122
0 4 2
263 74
0 17 1
22
0 2 1
134
0 12 4
46 158 243 123
0 19 3
21 67 12
0 17 1
215
0 20 2
177 207
0 9 3
69 91 72
0 20 2
87 39
1 24 1
0
1 33 1
1
1 36 1
2
1 37 2
3 115
1 39 1
4
1 33 1
5
1 8 1
7
1 33 1
8
1 21 1
10
1 31 1
13
1 21 1
15
1 23 1
17
1 22 1
18
1 15 1
19
1 27 1
20
1 30 1
24
1 25 1
28
1 21 1
30
1 40 1
31
1 17 1
32
1 20 1
33
1 24 1
34
1 32 1
35
1 16 1
36
1 17 1
37
1 14 1
38
1 10 1
40
1 36 1
41
1 12 1
42
1 26 1
43
1 19 1
44
1 17 1
45
1 6 1
51
1 16 1
52
1 24 1
54
1 28 1
56
1 14 1
57
1 30 1
58
1 27 1
59
1 33 1
61
1 25 1
64
1 22 1
66
1 21 1
68
1 31 1
70
1 35 1
71
1 28 1
73
1 14 1
75
1 21 1
76
1 39 1
78
1 17 1
79
1 15 1
80
1 33 1
81
1 10 1
85
1 29 1
86
1 16 1
88
1 23 1
89
1 28 1
93
1 17 1
94
1 14 1
96
1 21 1
99
1 10 1
101
1 17 1
102
1 33 1
103
1 24 1
106
1 39 1
108
1 20 1
109
1 22 1
111
1 34 1
112
1 22 1
113
1 7 1
116
1 33 1
118
1 29 1
120
1 16 1
121
1 33 1
124
1 12 1
127
1 20 1
129
1 30 1
130
1 36 1
131
1 12 1
133
1 29 1
138
1 13 1
139
1 35 1
140
1 31 1
143
1 20 1
144
1 39 1
146
1 28 1
149
1 26 1
150
1 30 1
151
1 27 1
155
1 23 1
156
1 22 1
157
1 30 1
159
1 27 1
160
1 37 1
161
1 9 1
165
1 30 1
167
1 14 1
169
1 40 1
170
1 29 1
173
1 19 1
174
1 22 1
175
1 27 1
176
1 20 1
178
1 27 1
179
1 39 1
180
1 18 1
181
1 26 1
182
1 29 1
183
1 11 1
184
1 27 1
187
1 28 1
189
1 26 1
191
1 26 1
195
1 31 1
197
1 16 1
199
1 28 1
200
1 18 1
201
1 35 1
202
1 22 1
203
1 33 1
205
1 22 1
206
1 26 1
208
1 29 1
209
1 28 1
210
1 36 1
211
1 33 1
213
1 10 1
214
1 26 1
216
1 38 1
217
1 17 1
218
1 21 1
220
1 21 1
221
1 25 1
222
1 35 1
223
1 34 1
224
1 27 1
226
1 19 1
227
1 22 1
228
1 34 1
229
1 21 1
231
1 31 1
232
1 27 1
235
1 27 1
237
1 12 1
239
1 27 1
242
1 19 1
245
1 8 1
246
1 34 1
248
1 27 1
249
1 19 1
251
1 22 1
252
1 20 1
253
1 27 1
254
1 36 1
255
1 28 1
256
1 18 1
257
1 29 1
258
1 23 1
259
1 15 1
261
1 22 1
262
1 30 1
264
1 12 1
265
1 27 1
266
1 19 1
269
1 10 1
271
1 36 1
272
1 29 1
275
1 27 1
276
1 23 1
278
1 11 1
279
1 26 1
280
1 23 1
283
1 32 1
285
1 24 1
286
1 37 1
287
1 20 1
288
1 23 1
289
1 32 1
290
1 24 1
294
1 32 1
295
1 13 1
297
