800 517 1240 18
22 17 38 18 39 15 19 35 23 17 29 40 39 30 34 19 19 13 36 25 34 12 37 12 27 37 12 37 33 23 17 11 31 11 11 27 14 38 24 39 38 16 21 20 38 11 32 31 22 20 19 13 28 18 15 17 13 35 40 40 31 21 14 21 24 21 37 30 15 20 34 27 28 32 15 30 33 19 39 25 24 40 31 15 34 31 11 29 15 26 20 35 21 11 33 24 28 38 12 27 11 15 27 25 31 28 40 25 19 27 30 12 24 12 25 18 32 29 30 38 33 37 19 32 26 16 34 38 34 16 23 14 22 14 24 32 22 28 40 35 23 18 29 39 37 25 27 32 29 28 20 30 35 19 26 20 22 30 34 12 26 25 37 35 28 18 37 16 20 11 17 25 25 18 40 19 30 18 39 30 24 12 35 30 11 36 15 32 12 21 31 33 40 30 18 12 11 24 20 18 37 34 38 25 40 16 28 14 33 36 39 11 26 17 31 14 25 12 19 31 28 22 28 37 13 22 35 33 26 26 18 31 35 29 22 19 26 22 28 36 19 16 34 11 25 32 37 17 33 27 12 20 21 26 24 15 21 31 32 14 38 29 17 35 15 17 33 34 14 25 12 31 31 24 35 31 35 16 25 22 23 16 11 27 13 35 18 21 23 37 14 27 34 18 11 16 12 30 30 27 14 39 36 38 13 32 40 37 35 15 38 40 12 24 35 34 23 21 26 37 34 39 37 25 28 26 26 24 18 32 13 22 40 24 39 35 24 38 19 25 28 24 28 28 28 32 19 32 37 18 25 21 38 19 18 27 17 32 11 14 20 14 26 25 19 19 19 39 19 30 16 18 27 24 30 13 30 40 38 15 25 36 29 27 30 25 37 11 29 29 27 38 12 39 37 17 30 11 38 39 31 36 14 34 25 15 27 35 21 16 24 37 11 17 23 35 27 27 16 27 32 12 22 31 32 37 17 18 38 21 17 38 20 15 39 40 35 19 22 11 17 15 22 20 34 14 34 18 38 17 15 19 11 27 26 27 24 36 40 13 37 31 28 13 25 18 27 20 14 20 31 13 32 25 24 18 36 29 38 16 34 18 37 24 17 33 16 32 38 14 34 16 12 23 38 33 22 21 22 23 40 32 34 22 34 38 32 24 18 24 22 31 26 11 36 22 21 25 31 23 38 36 30 35 32 35 11 32 36 16 33 21 25 32 37 32 29 14 22 26 33 13 39 29 20 21 14 28 35 13 25 22 11 19 33 17 23 23 31 40 24 13 16 37 26 31 39 15 24 14 16 36 14 26 40 40 29 20 31 16 38 26 38 33 14 39 16 24 16 40 38 33 17 11 37 37 28 31 24 16 24 13 16 20 21 20 14 15 34 26 29 16 27 26 39 12 23 32 40 31 26 39 24 17 32 22 14 15 22 24 25 28 19 15 40 23 30 23 22 33 23 19 23 37 18 27 15 31 40 16 24 22 36 16 18 28 34 13 27 30 19 29 32 22 39 14 23 27 25 39 22 35 24 28 17 38 20 28 37 16 28 16 37 32 36 18 30 21 21 32 15 33 18 36 20 39 39 24 16 30 40 23 17 13 34 13 19 17 40 34 21 34 11 39 32 17 28 38 11 16 18 17 19 25 20 35 30 24 35 23 19 25 17 15 31 13 31 23 20 11 36 40 13 22 16 25 26 15 23 16 27 23 26 23 25 21 27 15 23 36 31 21 25 39 12 15 17 18 29 28 12 35 30 12 28 34 21 20 33 11 16 37 35 20 15 33 24 21 18 31 40 11 34 27 23 13 23 27 25 11
12 7 28 8 29 5 9 25 13 7 19 30 29 20 24 9 9 3 26 15 24 2 27 2 17 27 2 27 23 13 7 1 21 1 1 17 4 28 14 29 28 6 11 10 28 1 22 21 12 10 9 3 18 8 5 7 3 25 30 30 21 11 4 11 14 11 27 20 5 10 24 17 18 22 5 20 23 9 29 15 14 30 21 5 24 21 1 19 5 16 10 25 11 1 23 14 18 28 2 17 1 5 17 15 21 18 30 15 9 17 20 2 14 2 15 8 22 19 20 28 23 27 9 22 16 6 24 28 24 6 13 4 12 4 14 22 12 18 30 25 13 8 19 29 27 15 17 22 19 18 10 20 25 9 16 10 12 20 24 2 16 15 27 25 18 8 27 6 10 1 7 15 15 8 30 9 20 8 29 20 14 2 25 20 1 26 5 22 2 11 21 23 30 20 8 2 1 14 10 8 27 24 28 15 30 6 18 4 23 26 29 1 16 7 21 4 15 2 9 21 18 12 18 27 3 12 25 23 16 16 8 21 25 19 12 9 16 12 18 26 9 6 24 1 15 22 27 7 23 17 2 10 11 16 14 5 11 21 22 4 28 19 7 25 5 7 23 24 4 15 2 21 21 14 25 21 25 6 15 12 13 6 1 17 3 25 8 11 13 27 4 17 24 8 1 6 2 20 20 17 4 29 26 28 3 22 30 27 25 5 28 30 2 14 25 24 13 11 16 27 24 29 27 15 18 16 16 14 8 22 3 12 30 14 29 25 14 28 9 15 18 14 18 18 18 22 9 22 27 8 15 11 28 9 8 17 7 22 1 4 10 4 16 15 9 9 9 29 9 20 6 8 17 14 20 3 20 30 28 5 15 26 19 17 20 15 27 1 19 19 17 28 2 29 27 7 20 1 28 29 21 26 4 24 15 5 17 25 11 6 14 27 1 7 13 25 17 17 6 17 22 2 12 21 22 27 7 8 28 11 7 28 10 5 29 30 25 9 12 1 7 5 12 10 24 4 24 8 28 7 5 9 1 17 16 17 14 26 30 3 27 21 18 3 15 8 17 10 4 10 21 3 22 15 14 8 26 19 28 6 24 8 27 14 7 23 6 22 28 4 24 6 2 13 28 23 12 11 12 13 30 22 24 12 24 28 22 14 8 14 12 21 16 1 26 12 11 15 21 13 28 26 20 25 22 25 1 22 26 6 23 11 15 22 27 22 19 4 12 16 23 3 29 19 10 11 4 18 25 3 15 12 1 9 23 7 13 13 21 30 14 3 6 27 16 21 29 5 14 4 6 26 4 16 30 30 19 10 21 6 28 16 28 23 4 29 6 14 6 30 28 23 7 1 27 27 18 21 14 6 14 3 6 10 11 10 4 5 24 16 19 6 17 16 29 2 13 22 30 21 16 29 14 7 22 12 4 5 12 14 15 18 9 5 30 13 20 13 12 23 13 9 13 27 8 17 5 21 30 6 14 12 26 6 8 18 24 3 17 20 9 19 22 12 29 4 13 17 15 29 12 25 14 18 7 28 10 18 27 6 18 6 27 22 26 8 20 11 11 22 5 23 8 26 10 29 29 14 6 20 30 13 7 3 24 3 9 7 30 24 11 24 1 29 22 7 18 28 1 6 8 7 9 15 10 25 20 14 25 13 9 15 7 5 21 3 21 13 10 1 26 30 3 12 6 15 16 5 13 6 17 13 16 13 15 11 17 5 13 26 21 11 15 29 2 5 7 8 19 18 2 25 20 2 18 24 11 10 23 1 6 27 25 10 5 23 14 11 8 21 30 1 24 17 13 3 13 17 15 1
0 3 3
387 277 345
0 10 7
408 654 267 288 289 52 231
0 17 3
281 8 81
0 10 5
316 105 606 54 299
0 13 7
743 760 68 147 222 274 31
0 3 3
310 248 330
0 4 9
172 235 773 536 491 483 440 593 798
0 7 4
178 597 771 142
0 11 2
376 196
0 8 6
195 279 284 772 379 45
0 7 8
370 489 236 167 53 496 125 360
0 17 1
429
0 1 2
622 525
0 3 5
182 3 340 220 457
0 15 2
206 223
0 5 3
161 749 619
0 10 1
319
0 16 1
139
0 7 4
190 591 402 524
0 1 2
374 451
0 19 3
706 634 87
0 3 9
404 323 2 611 97 166 675 592 642
0 6 6
353 383 216 243 578 452
0 15 3
635 428 674
0 5 9
655 184 103 176 722 158 569 730 450
0 11 2
70 594
0 3 5
290 403 123 17 61
0 14 5
547 200 464 205 385
0 6 4
528 361 526 614
0 7 3
719 545 552
0 3 2
740 582
0 19 1
88
0 11 5
164 297 465 507 492
0 4 3
138 618 575
0 15 5
169 640 424 209 788
0 16 4
561 129 660 199
0 17 2
430 210
0 6 1
162
0 1 9
201 605 608 438 733 154 688 574 711
0 17 6
598 624 41 50 292 533
0 17 6
724 1 111 240 741 567
0 9 4
448 171 145 568
0 4 10
729 650 98 527 118 425 130 238 604 66
0 18 1
697
0 16 2
283 565
0 4 6
467 86 51 535 126 735
0 14 4
188 373 587 232
0 18 4
355 617 197 539
0 12 3
44 227 691
0 1 1
338
0 16 4
155 337 699 108
0 17 4
341 318 6 595
0 16 5
753 766 421 439 570
0 14 2
332 702
0 12 7
258 327 342 273 708 302 322
0 9 7
562 163 763 233 799 468 485
0 7 2
529 726
0 12 6
60 720 573 478 480 247
0 9 8
515 534 721 431 300 446 746 122
0 18 4
244 670 151 728
0 6 2
325 65
0 15 1
221
0 3 4
694 382 380 312
0 3 4
26 519 687 477
0 19 1
571
0 11 5
616 77 701 304 390
0 1 1
646
0 11 5
609 758 584 518 351
0 10 5
112 627 14 410 723
0 5 4
389 48 633 313
0 9 3
127 368 580
0 18 7
585 296 27 596 207 738 418
0 16 7
755 185 398 128 765 481 793
0 19 10
89 684 282 621 417 264 96 24 639 92
0 12 4
219 257 488 226
0 4 2
43 38
0 3 5
18 189 21 503 9
0 7 3
39 460 647
0 5 4
564 784 789 590
0 17 1
413
1 8 1
0
1 29 1
4
1 22 1
5
1 37 1
7
1 4 1
10
1 10 1
11
1 19 1
12
1 26 1
13
1 35 2
15 531
1 20 1
16
1 28 1
19
1 10 1
20
1 30 1
22
1 24 1
23
1 12 1
25
1 32 1
28
1 17 1
29
1 21 1
30
1 25 1
32
1 17 1
33
1 29 1
34
1 15 1
35
1 25 1
36
1 30 1
37
1 10 2
40 234
1 29 1
42
1 21 1
46
1 21 1
47
1 25 1
49
1 37 1
55
1 27 1
56
1 12 1
57
1 28 2
58 612
1 20 1
59
1 17 1
62
1 24 2
63 682
1 28 1
64
1 10 1
67
1 15 1
69
1 30 3
71 334 463
1 12 1
72
1 8 2
73 472
1 32 1
74
1 7 1
75
1 13 1
76
1 32 1
78
1 21 1
79
1 21 2
80 710
1 14 1
82
1 27 1
83
1 21 1
84
1 34 1
85
1 32 1
90
1 21 1
91
1 31 1
93
1 15 1
94
1 26 1
95
1 14 1
99
1 34 1
100
1 21 1
101
1 30 1
102
1 13 1
104
1 18 1
106
1 9 1
107
1 33 1
109
1 25 1
110
1 18 1
113
1 7 1
114
1 13 1
115
1 26 3
116 560 583
1 13 1
117
1 22 1
119
1 17 1
120
1 19 1
121
1 29 1
124
1 35 1
131
1 15 1
132
1 14 1
133
1 17 1
134
1 4 3
135 295 693
1 33 1
136
1 16 1
137
1 24 1
140
1 21 1
141
1 24 1
143
1 17 1
144
1 28 2
146 762
1 17 1
148
1 18 1
149
1 20 1
150
1 24 1
152
1 22 1
153
1 35 1
156
1 9 2
157 367
1 21 1
159
1 23 1
160
1 28 1
165
1 26 1
168
1 21 1
170
1 27 1
173
1 36 1
174
1 16 1
175
1 16 1
177
1 6 1
179
1 23 1
180
1 27 1
181
1 29 1
183
1 25 1
186
1 17 1
187
1 14 2
191 632
1 15 1
192
1 26 1
193
1 13 1
194
1 26 1
198
1 17 1
202
1 21 1
203
1 35 1
204
1 10 1
208
1 13 1
211
1 24 1
212
1 13 1
213
1 16 1
214
1 13 1
215
1 30 1
217
1 26 1
218
1 18 1
224
1 20 1
225
1 32 1
228
1 24 1
229
1 33 1
230
1 16 1
237
1 25 1
239
1 12 1
241
1 36 1
242
1 22 1
245
1 23 1
246
1 34 1
249
1 15 1
250
1 19 1
251
1 31 1
252
1 17 1
253
1 36 1
254
1 24 2
255 411
1 5 1
256
1 21 1
259
1 33 1
260
1 30 1
261
1 18 1
262
1 21 1
263
1 17 1
265
1 22 1
266
1 33 1
268
1 17 1
269
1 15 1
270
1 4 1
271
1 9 1
272
1 12 1
275
1 10 1
276
1 19 1
278
1 24 1
280
1 15 1
285
1 17 1
286
1 25 1
287
1 8 1
291
1 11 1
293
1 19 1
294
1 20 1
298
1 36 1
301
1 17 1
303
1 26 1
305
1 21 2
306 661
1 11 1
307
1 28 1
308
1 22 1
309
1 23 1
311
1 32 1
314
1 29 1
315
1 19 1
317
1 26 1
320
1 8 1
321
1 18 1
324
1 31 1
326
1 14 1
328
1 10 2
329 521
1 26 1
331
1 27 1
333
1 25 1
335
1 14 1
336
1 26 2
339 523
1 14 2
343 628
1 10 1
344
1 21 1
346
1 12 1
347
1 19 1
348
1 7 1
349
1 19 1
350
1 21 1
352
1 31 1
354
1 24 2
356 362
1 25 1
357
1 25 2
358 681
1 17 1
359
1 15 1
363
1 16 1
364
1 18 1
365
1 24 1
366
1 21 1
369
1 11 1
371
1 20 1
372
1 30 1
375
1 21 1
377
1 34 1
378
1 24 1
381
1 34 1
384
1 21 1
386
1 18 1
388
1 32 1
391
1 23 1
392
1 13 1
393
1 21 1
394
1 10 1
395
1 28 2
396 471
1 9 1
397
1 24 1
399
1 36 1
400
1 26 1
401
1 22 1
405
1 17 1
406
1 9 1
407
1 19 1
409
1 9 1
412
1 9 1
414
1 26 3
415 447 676
1 24 1
416
1 33 1
419
1 17 1
420
1 16 1
422
1 17 1
423
1 7 1
426
1 19 1
427
1 24 1
432
1 11 1
433
1 26 1
434
1 24 1
435
1 14 1
436
1 26 1
437
1 18 1
441
1 25 1
442
1 11 1
443
1 11 1
444
1 15 1
445
1 28 1
449
1 34 1
453
1 21 1
454
1 33 1
455
1 11 1
456
1 16 1
458
1 17 1
459
1 30 1
461
1 21 1
462
1 11 1
466
1 26 1
469
1 13 1
470
1 34 1
473
1 26 1
474
1 30 1
475
1 12 1
476
1 10 1
479
1 29 1
482
1 15 1
484
1 24 1
486
1 31 1
487
1 25 1
490
1 21 1
493
1 27 1
494
1 14 1
495
1 10 1
497
1 21 1
498
1 26 1
499
1 17 1
500
1 36 2
501 512
1 14 1
502
1 6 1
504
1 16 1
505
1 25 1
506
1 7 1
508
1 9 1
509
1 26 2
510 557
1 22 1
511
1 16 1
513
1 9 1
514
1 24 1
516
1 13 1
517
1 17 1
520
1 21 1
522
1 33 1
530
1 16 1
532
1 20 1
537
1 35 1
538
1 27 1
540
1 33 1
541
1 21 1
542
1 10 1
543
1 24 1
544
1 30 1
546
1 31 1
548
1 23 1
549
1 29 1
550
1 28 1
551
1 7 1
553
1 25 1
554
1 19 1
555
1 20 1
556
1 19 1
558
1 8 1
559
1 10 1
563
1 2 1
566
1 20 1
572
1 24 1
576
1 27 1
577
1 22 1
579
1 15 2
581 588
1 35 1
586
1 20 1
589
1 26 1
599
1 29 1
600
1 20 1
601
1 18 1
602
1 29 1
603
1 26 1
607
1 19 1
610
1 36 1
613
1 21 1
615
1 13 1
620
1 11 1
623
1 24 1
625
1 22 1
626
1 20 1
629
1 30 1
630
1 16 1
631
1 19 1
636
1 16 1
637
1 27 1
638
1 16 1
641
1 30 1
643
1 21 2
644 683
1 10 1
645
1 20 1
648
1 29 1
649
1 19 1
651
1 12 1
652
1 33 1
653
1 19 1
656
1 16 1
657
1 14 1
658
1 27 1
659
1 21 1
662
1 24 1
663
1 22 1
664
1 26 1
665
1 20 1
666
1 35 1
667
1 16 2
668 776
1 16 1
669
1 9 1
671
1 21 1
672
1 26 1
673
1 30 1
677
1 11 1
678
1 20 1
679
1 24 1
680
1 32 1
685
1 24 1
686
1 12 1
689
1 17 1
690
1 18 1
692
1 24 1
695
1 29 1
696
1 25 1
698
1 16 1
700
1 10 1
703
1 19 1
704
1 33 1
705
1 16 1
707
1 34 1
709
1 19 1
712
1 4 1
713
1 8 1
714
1 32 1
715
1 13 1
716
1 32 1
717
1 9 1
718
1 22 1
725
1 23 1
727
1 17 1
731
1 22 1
732
1 30 1
734
1 19 1
736
1 19 1
737
1 30 1
739
1 18 1
742
1 4 1
744
1 32 1
745
1 22 1
747
1 36 1
748
1 20 1
750
1 20 1
751
1 19 1
752
1 17 1
754
1 15 1
756
1 12 1
757
1 36 1
759
1 30 1
761
1 30 1
764
1 27 1
767
1 9 1
768
1 21 1
769
1 29 1
770
1 9 1
774
1 18 1
775
1 12 1
777
1 32 1
778
1 36 1
779
1 24 1
780
1 32 1
781
1 8 1
782
1 14 1
783
1 20 1
785
1 17 1
786
1 27 1
787
1 16 1
790
1 13 1
791
1 24 1
792
1 26 1
794
1 32 1
795
1 21 1
796
1 36 1
797
