800 523 1240 18
32 14 31 37 14 34 23 22 36 25 25 33 11 15 15 19 25 20 21 22 21 33 22 17 40 23 17 17 31 20 23 28 27 30 18 14 16 28 23 18 13 37 29 22 27 12 27 27 32 33 26 31 33 22 12 40 23 39 22 32 18 27 38 33 20 31 11 38 25 22 27 14 16 34 22 31 28 40 15 21 31 31 16 15 32 39 28 15 34 17 34 34 15 36 27 17 16 34 28 27 19 31 28 34 15 20 24 31 24 36 40 36 21 23 16 33 38 15 24 20 33 29 36 24 13 38 17 19 17 18 39 16 20 23 19 11 14 32 27 26 24 39 27 24 18 35 13 22 36 29 28 21 20 27 16 23 24 37 39 24 33 38 25 34 11 26 33 27 16 32 25 40 36 19 29 28 11 26 26 11 32 22 22 26 19 32 30 31 18 24 20 39 27 36 24 27 40 29 16 24 16 39 11 21 35 30 16 38 14 19 17 19 14 26 35 24 34 37 21 34 38 14 35 25 36 31 29 29 36 16 19 21 39 18 17 14 18 12 13 24 12 18 16 14 34 19 32 31 34 23 28 22 21 17 31 18 17 35 16 32 18 23 32 13 15 12 28 38 21 36 34 20 32 26 20 19 12 32 13 25 31 28 11 32 31 24 23 34 18 33 35 33 31 39 19 23 19 12 16 36 29 31 23 35 34 19 34 25 31 25 14 26 34 14 32 35 28 35 14 15 27 25 20 26 30 12 29 18 11 24 37 39 27 34 13 29 35 13 36 25 26 27 36 40 27 16 37 33 34 13 40 22 25 19 30 29 16 26 24 30 35 15 35 16 13 17 32 33 40 35 24 24 26 20 18 33 38 33 16 33 13 37 25 26 40 28 27 21 20 26 31 24 36 29 11 37 16 29 31 32 16 13 13 27 24 35 36 25 11 38 24 36 35 28 16 27 33 11 39 34 17 39 21 13 29 18 25 32 24 35 29 13 14 30 29 32 17 12 24 11 12 17 31 12 36 33 27 35 34 35 32 18 12 40 34 18 38 13 14 27 11 37 30 32 38 40 25 19 32 12 35 22 14 32 36 36 32 22 33 31 40 13 15 22 15 37 13 26 35 30 19 20 23 23 32 38 16 12 27 24 23 38 36 40 14 34 12 15 25 18 30 24 22 40 19 27 31 27 15 39 38 17 32 24 13 30 19 33 25 17 22 27 28 13 19 21 17 31 38 39 29 37 37 20 35 25 29 37 17 21 22 12 11 29 27 25 35 19 18 15 14 20 36 18 22 13 13 12 18 33 24 34 11 15 13 39 37 14 37 14 39 12 30 35 16 11 22 34 17 15 30 17 22 23 36 24 35 20 38 16 21 40 25 24 17 20 33 17 35 29 38 36 15 12 19 29 39 26 28 30 36 38 38 19 30 24 31 15 18 40 33 35 17 24 34 38 29 32 34 27 37 38 25 21 20 15 14 38 13 26 15 29 12 25 22 17 23 38 14 24 40 40 40 22 12 23 20 16 36 26 37 11 28 37 18 20 23 26 32 36 23 20 25 18 29 39 20 28 24 16 25 14 33 12 25 13 27 30 26 22 12 25 32 25 24 31 26 28 11 11 14 22 24 20 12 37 28 17 22 12 38 34 28 22 23 13 30 28 27 33 30 33 17 20 13 22 40 38 24 15 17 35 12 25 29 20 18 12 15 22 30 20 30 40 39 30 35 40 39 12 30 12 25 29 24 26 31 39 12 21 24 19 20 23 31 13 23 21 18 17 31 14 39 33 29 27 13 20 17 11 32 36 37 23 21 15 14 23 18 11
22 4 21 27 4 24 13 12 26 15 15 23 1 5 5 9 15 10 11 12 11 23 12 7 30 13 7 7 21 10 13 18 17 20 8 4 6 18 13 8 3 27 19 12 17 2 17 17 22 23 16 21 23 12 2 30 13 29 12 22 8 17 28 23 10 21 1 28 15 12 17 4 6 24 12 21 18 30 5 11 21 21 6 5 22 29 18 5 24 7 24 24 5 26 17 7 6 24 18 17 9 21 18 24 5 10 14 21 14 26 30 26 11 13 6 23 28 5 14 10 23 19 26 14 3 28 7 9 7 8 29 6 10 13 9 1 4 22 17 16 14 29 17 14 8 25 3 12 26 19 18 11 10 17 6 13 14 27 29 14 23 28 15 24 1 16 23 17 6 22 15 30 26 9 19 18 1 16 16 1 22 12 12 16 9 22 20 21 8 14 10 29 17 26 14 17 30 19 6 14 6 29 1 11 25 20 6 28 4 9 7 9 4 16 25 14 24 27 11 24 28 4 25 15 26 21 19 19 26 6 9 11 29 8 7 4 8 2 3 14 2 8 6 4 24 9 22 21 24 13 18 12 11 7 21 8 7 25 6 22 8 13 22 3 5 2 18 28 11 26 24 10 22 16 10 9 2 22 3 15 21 18 1 22 21 14 13 24 8 23 25 23 21 29 9 13 9 2 6 26 19 21 13 25 24 9 24 15 21 15 4 16 24 4 22 25 18 25 4 5 17 15 10 16 20 2 19 8 1 14 27 29 17 24 3 19 25 3 26 15 16 17 26 30 17 6 27 23 24 3 30 12 15 9 20 19 6 16 14 20 25 5 25 6 3 7 22 23 30 25 14 14 16 10 8 23 28 23 6 23 3 27 15 16 30 18 17 11 10 16 21 14 26 19 1 27 6 19 21 22 6 3 3 17 14 25 26 15 1 28 14 26 25 18 6 17 23 1 29 24 7 29 11 3 19 8 15 22 14 25 19 3 4 20 19 22 7 2 14 1 2 7 21 2 26 23 17 25 24 25 22 8 2 30 24 8 28 3 4 17 1 27 20 22 28 30 15 9 22 2 25 12 4 22 26 26 22 12 23 21 30 3 5 12 5 27 3 16 25 20 9 10 13 13 22 28 6 2 17 14 13 28 26 30 4 24 2 5 15 8 20 14 12 30 9 17 21 17 5 29 28 7 22 14 3 20 9 23 15 7 12 17 18 3 9 11 7 21 28 29 19 27 27 10 25 15 19 27 7 11 12 2 1 19 17 15 25 9 8 5 4 10 26 8 12 3 3 2 8 23 14 24 1 5 3 29 27 4 27 4 29 2 20 25 6 1 12 24 7 5 20 7 12 13 26 14 25 10 28 6 11 30 15 14 7 10 23 7 25 19 28 26 5 2 9 19 29 16 18 20 26 28 28 9 20 14 21 5 8 30 23 25 7 14 24 28 19 22 24 17 27 28 15 11 10 5 4 28 3 16 5 19 2 15 12 7 13 28 4 14 30 30 30 12 2 13 10 6 26 16 27 1 18 27 8 10 13 16 22 26 13 10 15 8 19 29 10 18 14 6 15 4 23 2 15 3 17 20 16 12 2 15 22 15 14 21 16 18 1 1 4 12 14 10 2 27 18 7 12 2 28 24 18 12 13 3 20 18 17 23 20 23 7 10 3 12 30 28 14 5 7 25 2 15 19 10 8 2 5 12 20 10 20 30 29 20 25 30 29 2 20 2 15 19 14 16 21 29 2 11 14 9 10 13 21 3 13 11 8 7 21 4 29 23 19 17 3 10 7 1 22 26 27 13 11 5 4 13 8 1
0 9 3
230 715 389
0 14 5
683 369 378 379 43
0 13 4
552 455 432 501
0 8 4
202 366 224 723
0 15 1
447
0 19 8
655 226 722 271 285 100 711 500
0 13 3
295 520 199
0 2 1
578
0 8 3
233 743 56
0 8 5
497 490 437 307 260
0 11 2
603 348
0 10 2
752 506
0 16 5
2 422 696 116 662
0 11 4
130 731 243 152
0 15 4
368 406 308 120
0 3 1
180
0 11 2
118 354
0 11 3
250 148 729
0 9 7
241 104 12 54 648 24 737
0 12 6
659 794 527 219 485 135
0 13 6
115 625 177 384 346 616
0 14 5
757 452 265 561 626
0 18 5
633 730 726 217 398
0 2 3
320 122 536
0 7 3
666 663 321
0 2 5
516 338 94 283 293
0 3 8
30 372 650 242 529 303 236 355
0 1 5
694 63 612 159 5
0 16 5
298 750 701 103 651
0 12 7
790 410 333 791 40 532 579
0 8 8
562 453 376 705 36 788 375 568
0 9 4
634 798 610 736
0 7 3
693 777 489
0 17 6
176 153 194 349 544 142
0 15 4
67 69 759 50
0 19 1
172
0 20 1
53
0 10 4
381 604 621 580
0 20 7
515 691 109 182 129 594 58
0 17 4
336 359 157 587
0 17 4
766 388 344 390
0 12 3
613 521 105
0 19 9
14 149 797 86 44 261 471 123 614
0 3 6
79 287 392 640 434 297
0 20 3
560 274 545
0 3 8
71 48 772 339 407 155 173 328
0 4 9
60 718 475 377 617 566 674 222 232
0 13 4
679 528 10 305
0 4 4
312 150 787 193
0 15 4
734 178 507 249
0 5 6
382 99 145 361 476 448
0 2 6
174 311 218 353 618 51
0 7 5
780 254 535 771 680
0 14 1
144
0 2 6
687 450 52 102 360 252
0 17 1
62
0 5 2
480 459
0 7 1
628
0 10 3
647 428 33
0 19 1
49
0 7 1
356
0 4 2
673 370
0 4 4
281 231 282 335
0 8 7
396 244 493 117 678 431 169
0 9 4
667 38 195 684
0 15 4
300 72 201 273
0 14 4
253 210 769 652
0 13 2
181 203
0 13 6
323 799 16 605 519 793
0 3 5
357 215 670 183 31
0 10 2
161 491
0 12 1
677
0 7 1
530
0 3 4
66 237 504 327
0 18 3
742 449 671
0 3 8
770 592 114 785 570 151 635 268
0 16 5
584 478 697 462 363
0 20 6
492 495 324 564 0 26
0 2 3
107 200 37
0 14 1
762
0 10 5
738 571 3 143 98
0 7 1
531
1 22 1
1
1 21 1
4
1 31 1
6
1 8 1
7
1 24 1
8
1 27 2
9 247
1 23 1
11
1 22 1
13
1 25 1
15
1 15 1
17
1 24 1
18
1 25 1
19
1 23 1
20
1 19 1
21
1 18 1
22
1 10 1
23
1 20 1
25
1 12 1
27
1 18 1
28
1 22 1
29
1 33 1
32
1 26 1
34
1 15 1
35
1 19 1
39
1 18 1
41
1 12 1
42
1 28 1
45
1 18 1
46
1 15 1
47
1 25 1
55
1 13 1
57
1 5 1
59
1 32 1
61
1 26 1
64
1 11 1
65
1 27 1
68
1 11 1
70
1 36 1
73
1 34 1
74
1 21 1
75
1 18 1
76
1 36 1
77
1 18 1
78
1 10 1
80
1 19 1
81
1 17 1
82
1 19 2
83 97
1 8 1
84
1 16 1
85
1 18 1
87
1 30 1
88
1 21 1
89
1 18 1
90
1 28 1
91
1 37 1
92
1 7 1
93
1 18 1
95
1 37 1
96
1 26 1
101
1 12 1
106
1 11 1
108
1 21 2
110 481
1 29 1
111
1 12 1
112
1 29 1
113
1 21 2
119 188
1 17 1
121
1 40 1
124
1 17 1
125
1 21 1
126
1 33 1
127
1 17 1
128
1 36 1
131
1 15 1
132
1 18 1
133
1 19 1
134
1 8 1
136
1 20 1
137
1 27 1
138
1 31 1
139
1 8 1
140
1 18 1
141
1 19 1
146
1 16 1
147
1 23 1
154
1 15 1
156
1 20 1
158
1 17 1
160
1 28 1
162
1 10 1
163
1 13 2
164 522
1 33 1
165
1 28 1
166
1 35 1
167
1 27 1
168
1 27 2
170 636
1 12 2
171 591
1 24 1
175
1 7 1
179
1 32 1
184
1 25 1
185
1 29 1
186
1 30 1
187
1 18 1
189
1 18 2
190 669
1 27 1
191
1 35 1
192
1 17 1
196
1 31 1
197
1 24 1
198
1 20 1
204
1 22 1
205
1 22 1
206
1 16 1
207
1 17 2
208 246
1 8 1
209
1 22 1
211
1 12 1
212
1 7 1
213
1 13 1
214
1 29 1
216
1 34 1
220
1 16 1
221
1 16 1
223
1 20 1
225
1 27 1
227
1 32 1
228
1 12 1
229
1 29 1
234
1 23 1
235
1 18 1
238
1 28 1
239
1 10 1
240
1 27 1
245
1 23 2
248 325
1 22 1
251
1 22 1
255
1 27 1
256
1 7 1
257
1 17 1
258
1 12 1
259
1 28 1
262
1 29 1
263
1 21 1
264
1 21 1
266
1 13 1
267
1 20 1
269
1 29 1
270
1 15 1
272
1 24 1
275
1 25 1
276
1 28 1
277
1 26 1
278
1 28 1
279
1 13 1
280
1 23 1
284
1 9 1
286
1 20 1
288
1 5 1
289
1 22 1
290
1 11 1
291
1 6 1
292
1 25 1
294
1 16 1
296
1 10 1
299
1 17 1
301
1 18 1
302
1 26 1
304
1 17 1
306
1 19 2
309 557
1 29 1
310
1 5 1
313
1 9 1
314
1 33 1
315
1 11 1
316
1 12 1
317
1 34 1
318
1 23 1
319
1 13 1
322
1 15 1
326
1 6 1
329
1 39 1
330
1 31 1
331
1 17 1
332
1 11 1
334
1 15 1
337
1 7 1
340
1 7 1
341
1 23 1
342
1 13 1
343
1 30 1
345
1 9 2
347 645
1 25 1
350
1 33 1
351
1 34 1
352
1 24 1
358
1 18 1
362
1 15 1
364
1 23 1
365
1 15 1
367
1 28 1
371
1 14 1
373
1 9 1
374
1 16 2
380 641
1 20 1
383
1 23 1
385
1 19 1
386
1 35 1
387
1 20 1
391
1 12 1
393
1 20 1
394
1 22 1
395
1 16 1
397
1 6 1
399
1 8 1
400
1 20 1
401
1 19 1
402
1 13 1
403
1 30 1
404
1 25 1
405
1 35 1
408
1 21 1
409
1 34 1
411
1 25 1
412
1 21 1
413
1 25 1
414
1 22 1
415
1 11 1
416
1 32 1
417
1 13 1
418
1 4 1
419
1 28 1
420
1 29 1
421
1 29 1
423
1 21 1
424
1 17 1
425
1 20 1
426
1 22 1
427
1 17 1
429
1 7 1
430
1 26 1
433
1 22 2
435 609
1 13 1
436
1 10 1
438
1 27 1
439
1 9 1
440
1 14 1
441
1 23 1
442
1 14 1
443
1 15 1
444
1 7 1
445
1 32 1
446
1 28 1
451
1 21 2
454 654
1 5 1
456
1 33 1
457
1 13 1
458
1 15 1
460
1 18 2
461 477
1 26 1
463
1 21 1
464
1 23 1
465
1 12 1
466
1 9 1
467
1 19 1
468
1 33 1
469
1 15 1
470
1 15 1
472
1 15 1
473
1 21 1
474
1 21 2
479 707
1 18 1
482
1 18 2
483 649
1 32 1
484
1 30 1
486
1 23 1
487
1 16 1
488
1 10 1
494
1 7 3
496 499 622
1 27 1
498
1 15 2
502 717
1 21 1
503
1 36 1
505
1 16 1
508
1 28 1
509
1 19 1
510
1 27 1
511
1 17 1
512
1 9 1
513
1 28 1
514
1 20 1
517
1 37 1
518
1 23 1
523
1 6 1
524
1 17 1
525
1 35 2
526 559
1 18 1
533
1 19 1
534
1 24 1
537
1 21 1
538
1 26 1
539
1 16 1
540
1 15 1
541
1 21 1
542
1 34 1
543
1 11 1
546
1 21 1
547
1 23 2
548 611
1 16 1
549
1 28 1
550
1 26 1
551
1 27 1
553
1 17 1
554
1 31 1
555
1 16 1
556
1 10 1
558
1 22 1
563
1 9 1
565
1 20 1
567
1 25 1
569
1 24 1
572
1 27 1
573
1 22 2
574 700
1 21 1
575
1 19 1
576
1 24 1
577
1 15 1
581
1 31 1
582
1 18 1
583
1 28 1
585
1 22 1
586
1 28 1
588
1 28 1
589
1 14 1
590
1 26 1
593
1 17 1
595
1 7 1
596
1 13 1
597
1 24 1
598
1 23 1
599
1 29 1
600
1 12 1
601
1 10 1
602
1 21 1
606
1 25 1
607
1 37 1
608
1 19 1
615
1 34 1
619
1 21 1
620
1 28 1
623
1 32 1
624
1 13 2
627 686
1 25 1
629
1 16 1
630
1 12 1
631
1 23 1
632
1 18 1
637
1 21 1
638
1 6 1
639
1 18 1
642
1 15 1
643
1 12 1
644
1 24 1
646
1 20 1
653
1 34 1
656
1 10 1
657
1 17 1
658
1 33 1
660
1 13 1
661
1 17 1
664
1 17 1
665
1 13 1
668
1 30 1
672
1 34 1
675
1 10 1
676
1 26 1
681
1 28 1
682
1 19 1
685
1 17 1
688
1 14 1
689
1 29 1
690
1 17 1
692
1 23 1
695
1 13 1
698
1 21 1
699
1 5 1
702
1 16 1
703
1 22 1
704
1 8 1
706
1 14 1
708
1 5 1
709
1 26 1
710
1 26 1
712
1 22 1
713
1 23 1
714
1 29 1
716
1 35 1
719
1 22 1
720
1 6 1
721
1 19 1
724
1 27 1
725
1 10 1
727
1 28 1
728
1 11 1
732
1 13 1
733
1 23 1
735
1 17 1
739
1 19 1
740
1 24 2
741 789
1 20 1
744
1 25 1
745
1 11 1
746
1 25 1
747
1 21 1
748
1 6 1
749
1 12 1
751
1 26 1
753
1 28 1
754
1 8 1
755
1 25 1
756
1 12 1
758
1 36 1
760
1 26 1
761
1 26 1
763
1 15 1
764
1 29 1
765
1 25 1
767
1 26 2
768 778
1 16 1
773
1 25 1
774
1 18 1
775
1 15 1
776
1 34 1
779
1 14 1
781
1 14 1
782
1 29 1
783
1 22 1
784
1 30 1
786
1 24 1
792
1 16 1
795
1 35 1
796
