300 243 465 20
35 14 28 18 22 28 21 37 24 35 23 19 26 28 38 28 23 13 19 17 27 40 17 34 31 24 13 34 23 30 14 22 39 12 14 29 15 27 24 28 19 25 40 24 39 20 31 25 29 11 31 14 36 11 30 37 15 29 30 14 34 21 24 40 21 13 17 17 27 13 24 20 30 18 23 30 39 31 30 19 17 16 16 19 19 31 30 31 38 26 15 22 15 18 26 16 25 15 35 17 38 15 18 18 19 33 37 30 27 16 30 18 16 34 34 31 40 30 32 12 29 21 24 13 22 17 32 38 39 15 33 38 38 13 20 18 15 37 26 14 20 37 31 27 11 35 27 13 27 30 32 39 21 27 21 18 17 26 28 11 18 36 23 27 28 38 40 35 11 12 28 16 16 31 30 27 29 21 27 29 32 33 36 14 30 28 26 24 25 23 20 15 23 39 29 17 23 11 17 13 28 25 18 21 29 31 16 29 13 18 25 16 40 20 11 26 40 22 24 35 24 37 35 35 38 31 21 29 18 26 18 22 22 31 16 25 37 28 39 31 40 37 35 19 24 15 32 28 37 31 26 30 29 40 12 26 31 29 18 15 29 11 14 28 25 28 30 38 22 23 28 26 37 23 12 35 11 33 35 31 32 18 36 27 27 18 30 35 15 12 19 27 33 18 39 20 22 21 14 21
25 4 18 8 12 18 11 27 14 25 13 9 16 18 28 18 13 3 9 7 17 30 7 24 21 14 3 24 13 20 4 12 29 2 4 19 5 17 14 18 9 15 30 14 29 10 21 15 19 1 21 4 26 1 20 27 5 19 20 4 24 11 14 30 11 3 7 7 17 3 14 10 20 8 13 20 29 21 20 9 7 6 6 9 9 21 20 21 28 16 5 12 5 8 16 6 15 5 25 7 28 5 8 8 9 23 27 20 17 6 20 8 6 24 24 21 30 20 22 2 19 11 14 3 12 7 22 28 29 5 23 28 28 3 10 8 5 27 16 4 10 27 21 17 1 25 17 3 17 20 22 29 11 17 11 8 7 16 18 1 8 26 13 17 18 28 30 25 1 2 18 6 6 21 20 17 19 11 17 19 22 23 26 4 20 18 16 14 15 13 10 5 13 29 19 7 13 1 7 3 18 15 8 11 19 21 6 19 3 8 15 6 30 10 1 16 30 12 14 25 14 27 25 25 28 21 11 19 8 16 8 12 12 21 6 15 27 18 29 21 30 27 25 9 14 5 22 18 27 21 16 20 19 30 2 16 21 19 8 5 19 1 4 18 15 18 20 28 12 13 18 16 27 13 2 25 1 23 25 21 22 8 26 17 17 8 20 25 5 2 9 17 23 8 29 10 12 11 4 11
0 14 2
192 20
0 13 2
139 250
0 4 3
37 126 97
0 7 3
11 171 150
0 7 1
88
0 18 2
222 167
0 7 3
46 23 220
0 20 1
115
0 20 1
75
0 13 2
2 134
0 19 1
274
0 15 1
165
0 9 2
153 130
0 6 2
106 275
0 9 1
96
0 15 1
26
0 16 2
218 173
0 19 1
231
0 12 1
71
0 12 2
117 53
0 19 1
85
0 17 3
209 44 102
0 2 3
138 104 259
0 14 2
43 237
0 1 3
48 257 129
0 3 4
107 15 137 160
0 12 2
295 77
0 14 2
229 91
0 11 3
174 243 157
0 5 1
17
0 2 1
299
0 1 2
142 95
0 13 1
261
0 2 2
78 121
0 17 1
294
0 12 2
266 118
0 10 1
58
0 16 1
252
0 8 1
254
0 8 3
112 205 28
0 10 3
72 186 74
0 15 2
147 210
0 8 2
278 40
0 5 1
178
0 6 1
190
0 16 1
84
0 20 2
18 140
0 3 1
10
0 4 2
249 73
0 8 1
227
0 15 2
166 242
0 11 2
170 200
0 16 3
67 22 282
0 15 2
201 99
0 2 3
60 32 61
0 1 1
161
0 1 3
148 217 66
0 8 2
57 24
0 13 1
204
0 2 2
25 80
0 16 2
0 128
0 13 1
182
0 17 2
199 219
1 35 1
1
1 33 1
3
1 36 1
4
1 18 1
5
1 12 1
6
1 11 1
7
1 19 1
8
1 28 1
9
1 7 1
12
1 31 1
13
1 16 1
14
1 26 1
16
1 28 1
19
1 2 1
21
1 7 1
27
1 13 1
29
1 20 1
30
1 26 1
31
1 16 1
33
1 30 1
34
1 19 1
35
1 26 1
36
1 22 1
38
1 33 1
39
1 18 1
41
1 17 1
42
1 14 2
45 116
1 13 2
47 289
1 24 1
49
1 22 1
50
1 10 1
51
1 25 1
52
1 27 1
54
1 27 1
55
1 27 1
56
1 17 1
59
1 10 1
62
1 33 1
63
1 31 1
64
1 25 1
65
1 16 1
68
1 13 1
69
1 31 1
70
1 25 1
76
1 6 1
79
1 23 1
81
1 8 1
82
1 10 1
83
1 17 1
86
1 21 1
87
1 15 1
89
1 34 1
90
1 38 1
92
1 15 1
93
1 33 1
94
1 39 1
98
1 22 1
100
1 24 1
101
1 31 1
103
1 32 1
105
1 6 1
108
1 12 1
109
1 27 2
110 241
1 26 1
111
1 20 1
113
1 17 1
114
1 15 2
119 198
1 13 1
120
1 33 1
122
1 8 1
123
1 29 1
124
1 35 1
125
1 18 1
127
1 21 1
131
1 19 1
132
1 32 1
133
1 17 1
135
1 25 1
136
1 37 1
141
1 28 1
143
1 20 1
144
1 31 1
145
1 35 1
146
1 27 1
149
1 8 1
151
1 27 1
152
1 11 1
154
1 24 1
155
1 30 1
156
1 24 1
158
1 24 1
159
1 29 1
162
1 10 1
163
1 31 1
164
1 25 1
168
1 31 1
169
1 25 1
172
1 32 1
175
1 19 1
176
1 34 1
177
1 28 1
179
1 28 1
180
1 22 1
181
1 20 1
183
1 23 1
184
1 28 1
185
1 16 1
187
1 16 1
188
1 15 1
189
1 18 1
191
1 24 1
193
1 16 1
194
1 19 1
195
1 19 1
196
1 14 1
197
1 15 1
202
1 31 1
203
1 39 1
206
1 23 1
207
1 24 1
208
1 19 1
211
1 30 1
212
1 15 1
213
1 11 1
214
1 39 1
215
1 15 1
216
1 27 1
221
1 23 1
223
1 16 1
224
1 32 1
225
1 6 1
226
1 21 1
228
1 22 1
230
1 18 1
232
1 23 1
233
1 25 1
234
1 20 1
235
1 24 1
236
1 3 1
238
1 25 1
239
1 21 1
240
1 17 1
244
1 16 1
245
1 17 1
246
1 19 1
247
1 10 1
248
1 3 1
251
1 20 1
253
1 11 1
255
1 26 1
256
1 32 1
258
1 35 1
260
1 23 1
262
1 27 1
263
1 20 1
264
1 30 1
265
1 9 2
267 280
1 5 1
268
1 7 1
269
1 35 1
270
1 31 1
271
1 15 1
272
1 32 1
273
1 37 1
276
1 34 1
277
1 27 1
279
1 17 1
281
1 11 1
283
1 30 1
284
1 16 1
285
1 27 1
286
1 33 1
287
1 26 1
288
1 25 1
290
1 20 1
291
1 36 1
292
1 12 1
293
1 29 1
296
1 16 1
297
1 20 1
298
