500 356 775 20
35 25 27 36 13 19 25 31 39 15 29 39 12 12 12 33 19 23 15 19 36 29 18 32 28 34 40 33 34 38 19 29 28 38 12 25 17 14 15 13 13 34 40 33 23 21 27 28 31 37 29 26 27 18 27 16 33 26 13 36 18 22 36 14 20 15 19 38 23 32 19 25 16 38 20 20 19 38 16 24 25 18 23 29 32 24 26 26 36 16 27 33 24 24 15 26 37 36 22 26 30 16 27 15 23 22 17 34 11 18 24 13 11 11 31 40 35 36 33 25 15 39 22 30 11 11 11 27 31 40 28 32 21 40 28 24 12 33 26 16 18 31 32 11 19 37 38 18 12 33 18 26 11 38 29 30 18 19 15 23 38 11 40 30 30 14 21 39 38 37 25 13 11 39 18 33 15 38 32 38 23 35 35 39 19 37 32 18 26 11 31 12 18 39 25 23 27 17 27 22 36 15 33 38 14 18 13 34 11 38 18 25 20 21 19 13 35 11 12 32 32 26 13 11 33 17 25 25 22 20 17 17 24 16 20 38 34 27 35 14 16 20 38 34 20 32 15 22 33 30 21 12 11 29 14 37 13 16 25 12 32 39 30 31 16 35 14 16 20 22 30 18 13 30 29 16 30 29 35 34 19 34 29 22 26 15 28 20 17 22 18 34 26 30 32 16 18 40 14 25 25 17 17 40 30 21 31 26 22 22 28 16 39 11 11 34 18 33 36 38 12 11 37 37 18 32 39 29 16 15 26 39 15 24 27 12 15 26 31 16 24 32 12 32 12 18 34 18 26 24 26 19 23 30 27 18 38 12 15 33 30 21 23 35 34 14 26 35 28 15 18 17 35 16 28 12 22 36 11 32 31 24 17 11 33 16 13 38 31 13 18 27 39 36 17 31 16 12 30 28 33 22 12 24 29 23 16 18 33 37 14 39 39 25 15 33 17 32 18 18 14 14 35 22 12 33 19 23 25 40 26 12 37 12 17 21 37 28 25 29 31 25 13 23 39 36 33 17 21 13 37 35 33 18 18 31 26 23 23 25 39 22 14 34 11 12 37 21 14 35 26 33 27 15 13 24 16 12 17 33 17 36 21 32 35 25 32 38 36 13 17 17 30 17 38 21 29 20 18 15
25 15 17 26 3 9 15 21 29 5 19 29 2 2 2 23 9 13 5 9 26 19 8 22 18 24 30 23 24 28 9 19 18 28 2 15 7 4 5 3 3 24 30 23 13 11 17 18 21 27 19 16 17 8 17 6 23 16 3 26 8 12 26 4 10 5 9 28 13 22 9 15 6 28 10 10 9 28 6 14 15 8 13 19 22 14 16 16 26 6 17 23 14 14 5 16 27 26 12 16 20 6 17 5 13 12 7 24 1 8 14 3 1 1 21 30 25 26 23 15 5 29 12 20 1 1 1 17 21 30 18 22 11 30 18 14 2 23 16 6 8 21 22 1 9 27 28 8 2 23 8 16 1 28 19 20 8 9 5 13 28 1 30 20 20 4 11 29 28 27 15 3 1 29 8 23 5 28 22 28 13 25 25 29 9 27 22 8 16 1 21 2 8 29 15 13 17 7 17 12 26 5 23 28 4 8 3 24 1 28 8 15 10 11 9 3 25 1 2 22 22 16 3 1 23 7 15 15 12 10 7 7 14 6 10 28 24 17 25 4 6 10 28 24 10 22 5 12 23 20 11 2 1 19 4 27 3 6 15 2 22 29 20 21 6 25 4 6 10 12 20 8 3 20 19 6 20 19 25 24 9 24 19 12 16 5 18 10 7 12 8 24 16 20 22 6 8 30 4 15 15 7 7 30 20 11 21 16 12 12 18 6 29 1 1 24 8 23 26 28 2 1 27 27 8 22 29 19 6 5 16 29 5 14 17 2 5 16 21 6 14 22 2 22 2 8 24 8 16 14 16 9 13 20 17 8 28 2 5 23 20 11 13 25 24 4 16 25 18 5 8 7 25 6 18 2 12 26 1 22 21 14 7 1 23 6 3 28 21 3 8 17 29 26 7 21 6 2 20 18 23 12 2 14 19 13 6 8 23 27 4 29 29 15 5 23 7 22 8 8 4 4 25 12 2 23 9 13 15 30 16 2 27 2 7 11 27 18 15 19 21 15 3 13 29 26 23 7 11 3 27 25 23 8 8 21 16 13 13 15 29 12 4 24 1 2 27 11 4 25 16 23 17 5 3 14 6 2 7 23 7 26 11 22 25 15 22 28 26 3 7 7 20 7 28 11 19 10 8 5
0 15 4
247 115 132 244
0 2 4
326 219 253 7
0 20 2
154 164
0 8 1
329
0 17 3
311 93 409
0 5 3
404 155 252
0 1 2
268 412
0 16 3
232 334 153
0 18 4
428 187 452 449
0 10 1
278
0 8 4
304 54 28 216
0 16 1
17
0 17 3
160 309 415
0 9 4
182 446 107 423
0 16 3
13 215 157
0 3 2
485 451
0 3 2
291 144
0 18 2
263 94
0 9 1
297
0 14 4
78 224 73 391
0 11 1
436
0 17 2
337 131
0 9 2
480 240
0 13 4
408 269 191 90
0 3 1
499
0 2 4
313 420 277 222
0 2 7
69 209 484 331 159 26 483
0 5 3
30 190 249
0 10 2
142 201
0 14 1
262
0 8 3
135 184 49
0 11 3
411 156 358
0 9 5
136 29 330 324 356
0 18 3
162 308 333
0 1 5
194 370 357 315 256
0 20 2
170 489
0 12 2
193 106
0 19 1
282
0 8 4
302 469 435 102
0 9 2
281 393
0 9 2
211 192
0 3 1
32
0 16 5
58 289 419 16 165
0 8 2
89 470
0 6 5
79 237 199 139 422
0 6 4
442 150 80 476
0 10 1
498
0 16 3
286 376 122
0 11 4
88 270 427 208
0 19 3
367 55 77
0 16 2
416 455
0 20 4
310 306 85 290
0 17 5
292 283 260 248 19
0 17 2
21 175
0 12 2
36 177
0 10 2
447 266
0 10 2
236 207
0 9 1
340
0 18 4
364 133 325 198
0 18 2
390 22
0 8 1
332
0 3 3
205 432 287
0 17 2
202 285
0 13 3
429 322 473
0 3 4
167 417 464 284
0 13 4
254 0 245 206
0 20 1
312
0 16 1
171
0 11 2
265 468
0 13 3
493 336 305
0 10 2
104 354
0 6 1
274
0 20 2
443 359
0 19 3
143 1 235
0 7 1
445
0 14 3
261 259 64
0 12 2
386 231
0 3 4
181 349 414 238
1 32 1
2
1 18 1
3
1 21 1
4
1 22 1
5
1 25 1
6
1 21 1
8
1 27 1
9
1 34 1
10
1 26 1
11
1 13 1
12
1 21 1
14
1 35 1
15
1 20 1
18
1 20 1
20
1 31 1
23
1 22 1
24
1 19 1
25
1 24 1
27
1 21 3
31 43 384
1 24 1
33
1 28 1
34
1 26 1
35
1 22 1
37
1 25 1
38
1 12 1
39
1 27 1
40
1 26 1
41
1 30 2
42 430
1 29 1
44
1 29 1
45
1 12 1
46
1 19 1
47
1 19 2
48 68
1 29 1
50
1 21 1
51
1 11 1
52
1 21 2
53 86
1 22 1
56
1 28 1
57
1 17 1
59
1 4 1
60
1 38 1
61
1 13 1
62
1 25 1
63
1 22 1
65
1 30 1
66
1 26 1
67
1 17 1
70
1 25 1
71
1 25 1
72
1 24 1
74
1 22 1
75
1 16 1
76
1 17 1
81
1 12 1
82
1 13 1
83
1 22 1
84
1 11 1
87
1 19 1
91
1 18 1
92
1 27 1
95
1 25 1
96
1 17 1
97
1 32 1
98
1 17 1
99
1 18 1
100
1 13 1
101
1 19 1
103
1 28 1
105
1 20 1
108
1 12 1
109
1 28 1
110
1 25 1
111
1 30 1
112
1 11 1
113
1 23 1
114
1 37 1
116
1 19 1
117
1 20 1
118
1 30 1
119
1 18 1
120
1 24 1
121
1 32 1
123
1 14 1
124
1 27 1
125
1 17 1
126
1 19 1
127
1 28 2
128 280
1 21 1
129
1 31 1
130
1 13 1
134
1 21 1
137
1 17 1
138
1 26 1
140
1 30 2
141 200
1 20 1
145
1 34 1
146
1 23 1
147
1 30 1
148
1 32 1
149
1 21 1
151
1 15 1
152
1 34 2
158 434
1 18 1
161
1 33 2
163 228
1 12 1
166
1 26 1
168
1 23 1
169
1 34 1
172
1 32 1
173
1 20 1
174
1 20 1
176
1 23 1
178
1 27 1
179
1 23 1
180
1 21 1
183
1 12 1
185
1 11 2
186 243
1 21 1
188
1 29 1
189
1 17 1
195
1 24 1
196
1 8 1
197
1 33 1
203
1 18 1
204
1 19 1
210
1 30 1
212
1 19 1
213
1 29 1
214
1 14 1
217
1 22 1
218
1 29 1
220
1 16 1
221
1 34 1
223
1 30 1
225
1 30 1
226
1 28 1
227
1 23 1
229
1 18 1
230
1 23 1
233
1 23 1
234
1 19 1
239
1 29 2
241 307
1 35 1
242
1 6 1
246
1 37 1
250
1 35 1
251
1 26 1
255
1 27 1
257
1 28 1
258
1 34 1
264
1 20 1
267
1 28 1
271
1 27 1
272
1 33 1
273
1 32 1
275
1 29 1
276
1 35 1
279
1 22 1
288
1 13 1
293
1 31 1
294
1 18 1
295
1 30 1
296
1 14 1
298
1 39 1
299
1 18 1
300
1 16 1
301
1 26 1
303
1 22 1
314
1 14 1
316
1 19 1
317
1 17 1
318
1 32 1
319
1 33 1
320
1 25 1
321
1 22 1
323
1 29 1
327
1 20 1
328
1 35 1
335
1 29 1
338
1 36 2
339 371
1 20 1
341
1 29 1
342
1 20 1
343
1 25 1
344
1 19 1
345
1 6 1
346
1 23 1
347
1 27 1
348
1 28 1
350
1 22 1
351
1 22 1
352
1 22 1
353
1 33 1
355
1 17 1
360
1 33 1
361
1 24 1
362
1 4 1
363
1 21 1
365
1 22 1
366
1 24 1
368
1 32 1
369
1 32 1
372
1 25 1
373
1 30 1
374
1 33 1
375
1 18 1
377
1 27 1
378
1 18 1
379
1 36 1
380
1 16 1
381
1 28 1
382
1 17 1
383
1 17 1
385
1 36 1
387
1 17 1
388
1 11 1
389
1 10 1
392
1 26 1
394
1 32 1
395
1 37 1
396
1 27 1
397
1 19 1
398
1 26 1
399
1 19 1
400
1 30 1
401
1 27 1
402
1 26 1
403
1 14 1
405
1 25 1
406
1 11 1
407
1 25 1
410
1 14 1
413
1 15 1
418
1 33 1
421
1 24 1
424
1 29 1
425
1 37 1
426
1 7 1
431
1 27 2
433 482
1 26 2
437 475
1 20 1
438
1 26 1
439
1 4 1
440
1 25 1
441
1 23 1
444
1 22 1
448
1 11 1
450
1 19 1
453
1 35 1
454
1 14 1
456
1 16 1
457
1 18 1
458
1 16 1
459
1 20 1
460
1 29 1
461
1 25 1
462
1 11 1
463
1 31 1
465
1 31 1
466
1 18 1
467
1 3 1
471
1 26 1
472
1 18 1
474
1 18 1
477
1 29 1
478
1 21 1
479
1 24 1
481
1 21 1
486
1 26 1
487
1 9 1
488
1 33 1
490
1 34 1
491
1 17 1
492
1 18 1
494
1 29 1
495
1 15 1
496
1 24 1
497
