1000 295 1550 6
4 11 23 14 16 24 19 2 25 5 20 4 1 17 28 14 11 24 15 14 16 21 1 4 24 23 15 1 25 12 13 25 17 6 8 17 11 3 7 5 26 14 16 24 2 21 25 5 3 29 6 18 17 21 20 1 4 8 30 18 5 21 13 28 16 1 20 4 13 17 26 11 24 21 10 15 27 11 17 16 3 16 30 21 17 3 30 12 12 26 18 5 2 13 26 30 15 25 14 24 3 28 5 16 19 14 11 3 7 20 13 28 1 18 18 17 11 27 25 30 24 2 3 3 30 25 14 5 26 16 26 18 5 29 7 4 25 19 19 6 5 11 22 23 12 27 15 23 30 18 2 7 8 6 14 20 20 6 14 3 9 30 23 9 12 7 4 12 8 23 21 14 14 7 30 23 14 24 15 25 21 11 9 9 21 19 9 15 15 28 27 17 6 30 24 10 21 11 25 18 7 25 25 1 24 13 6 12 10 18 12 19 29 24 16 24 25 21 25 12 6 16 20 30 24 17 18 8 22 14 8 20 15 29 17 12 21 19 28 12 23 6 12 14 3 24 14 18 6 18 18 3 23 24 9 25 23 13 17 22 19 4 11 21 23 8 8 30 14 24 9 24 6 22 2 29 26 7 20 25 24 2 30 8 29 13 14 11 23 6 19 22 18 28 16 3 14 3 30 7 4 16 17 24 5 22 8 17 9 10 25 7 19 27 16 28 13 30 5 26 22 2 6 20 28 12 30 26 20 29 6 2 27 9 11 17 20 26 3 13 11 12 23 15 14 17 7 5 2 25 6 1 6 12 25 3 18 22 30 17 11 20 18 21 8 8 29 29 23 10 14 14 29 8 11 24 5 4 10 17 11 8 3 25 23 23 10 18 16 1 17 2 9 27 17 14 29 1 21 26 21 20 21 6 5 4 9 24 29 18 13 13 14 14 25 3 6 10 15 3 13 5 5 13 19 29 28 26 21 1 17 23 21 30 30 22 26 7 16 13 17 3 19 24 28 10 12 2 12 21 28 21 15 24 8 20 1 25 19 19 7 19 22 2 29 3 28 28 7 11 11 12 28 29 29 18 29 15 5 9 8 29 1 30 1 19 12 15 22 9 2 28 26 20 20 15 12 22 7 22 29 8 11 29 18 8 29 23 19 27 2 29 10 25 27 6 27 27 17 17 8 24 2 9 27 1 21 1 9 28 23 29 8 5 2 19 21 3 1 20 17 20 3 22 12 15 25 23 1 5 21 6 27 16 8 27 16 2 14 24 2 10 23 22 30 29 18 6 22 18 21 26 19 22 21 22 12 1 26 24 24 14 8 21 17 21 21 3 29 7 7 25 13 20 11 2 9 13 27 17 4 7 11 6 18 13 19 19 30 8 11 19 4 20 10 12 21 7 15 11 30 7 9 16 16 29 20 25 19 21 14 10 23 2 4 18 19 15 29 22 17 10 15 10 5 7 14 16 7 7 3 3 29 21 5 14 15 3 11 10 22 23 4 25 5 26 5 25 23 30 28 14 13 11 14 20 13 29 8 20 20 10 27 10 2 11 3 15 17 6 14 7 26 15 2 5 21 15 15 15 12 15 5 13 3 6 21 18 2 11 9 19 30 13 20 3 15 27 21 19 6 15 4 7 22 18 6 5 30 26 23 21 6 9 27 7 12 25 25 22 23 19 29 25 4 20 13 9 4 6 5 20 1 18 5 16 9 14 1 20 22 14 10 7 2 13 8 2 8 10 26 1 22 1 28 22 8 18 3 18 30 30 7 24 4 19 14 1 28 20 23 5 11 21 14 8 19 29 15 14 7 24 2 2 25 19 2 6 20 22 17 25 6 8 10 3 3 16 27 7 30 25 8 5 10 18 4 26 27 24 19 15 14 19 3 16 1 25 14 20 27 19 10 18 2 7 24 18 6 4 18 7 20 1 15 25 12 17 15 4 18 27 1 24 17 3 28 20 16 8 24 7 24 27 10 22 17 9 9 18 18 2 22 4 3 9 5 8 27 10 10 25 24 25 3 10 24 24 18 5 16 14 15 17 8 4 5 27 30 30 17 20 12 21 11 18 5 18 6 29 21 1 21 16 25 28 4 26 25 1 30 16 29 15 17 16 15 11 19 18 25 29 1 28 19 21 20 20 7 20 1 29 14 2 17 13 8 23 27 14 8 27 4 18 5 23 15 14 2 22 13 18 29 9 8 11 6 20 21 4 20 7 20 7 27 15 9 28 21 20 5 23 9 21 6 5 8 11 19 3
11 28 25 29 15 19 26 25 21 16 2 6 9 12 22 2 13 11 28 8 8 25 10 20 24 29 16 17 11 27 20 15 13 1 19 2 6 10 1 2 29 29 25 28 4 28 28 30 24 5 6 7 20 27 3 7 28 22 10 12 14 17 4 15 4 2 17 3 21 30 4 23 9 30 22 10 9 4 6 24 29 25 13 15 19 28 25 29 6 5 8 23 18 30 17 28 23 5 26 25 10 27 19 15 5 8 29 6 29 21 15 21 4 25 7 6 12 7 1 16 22 7 28 15 17 12 9 4 12 22 11 3 10 15 20 23 11 4 8 6 9 13 5 25 28 6 6 23 18 28 15 28 11 25 26 29 20 23 14 6 14 20 19 3 8 19 1 1 3 1 18 14 12 9 4 2 8 7 14 26 10 16 23 2 2 30 26 10 28 15 29 11 30 8 13 12 6 7 29 27 13 10 4 8 6 10 9 24 4 12 12 28 15 14 3 20 6 9 16 5 22 10 17 21 22 22 10 15 19 17 25 2 11 29 17 10 17 14 11 18 14 25 12 27 14 11 11 19 27 26 23 19 29 16 4 13 8 24 17 12 13 16 12 28 15 20 4 16 6 12 13 29 10 8 20 10 6 29 15 28 3 28 7 20 27 20 27 29 28 22 18 9 30 8 26 26 4 23 19 28 12 24 24 24 19 28 10 16 6 13 25 23 19 19 2 20 9 14 15 1 9 25 4 22 19 23 22 1 5 9 4 17 12 27 1 10 6 4 10 26 2 21 2 1 24 28 28 9 22 29 14 4 16 26 14 14 4 25 30 8 26 8 8 8 25 16 20 17 14 17 8 9 5 7 30 24 9 22 29 24 16 7 29 29 23 9 18 18 27 6 21 5 18 12 3 21 10 10 26 19 3 16 6 12 1 4 23 6 6 18 25 11 20 3 16 26 17 4 15 10 3 27 20 12 24 8 2 7 27 30 1 11 27 22 28 6 29 5 13 20 16 10 13 22 7 4 25 2 7 4 23 8 19 14 28 10 7 29 6 14 3 23 26 30 19 26 13 4 14 2 26 23 30 27 21 24 19 2 2 23 22 18 13 2 30 12 13 1 4 29 8 13 19 10 1 12 7 26 23 20 3 17 18 23 13 30 22 5 25 3 18 18 29 12 18 8 30 16 14 22 10 24 12 16 28 29 18 11 28 25 12 15 22 20 9 6 19 24 27 16 26 15 3 23 16 5 7 17 27 14 21 6 19 18 13 10 22 22 7 3 25 10 28 29 20 7 16 11 25 2 19 29 4 24 10 19 16 13 3 25 15 19 4 28 30 11 1 21 9 15 26 29 23 30 15 27 16 6 1 15 6 27 8 29 30 24 8 13 8 29 24 24 8 9 6 26 5 22 16 23 23 11 14 8 3 26 18 28 26 19 12 19 8 16 14 21 3 21 14 16 15 19 19 14 24 29 18 17 9 24 8 4 6 17 28 14 13 5 27 18 30 3 6 29 11 12 9 4 4 3 17 28 14 6 30 18 10 1 18 6 8 7 8 27 9 30 10 3 22 27 26 11 11 7 6 28 7 20 25 17 23 29 19 24 26 25 16 1 20 25 30 22 27 22 21 30 6 21 6 3 4 4 21 8 5 4 22 18 24 20 20 15 7 17 19 3 18 20 3 9 18 18 1 14 27 22 4 16 7 26 18 1 11 4 9 8 21 12 11 30 7 1 6 24 3 16 25 1 20 29 15 21 19 9 16 8 28 22 28 14 10 17 8 5 18 5 29 6 23 10 24 23 14 8 27 7 1 4 12 4 8 23 29 17 29 29 1 16 4 25 15 3 3 1 2 28 13 11 28 17 28 13 1 9 20 29 13 20 1 28 7 27 16 10 20 13 12 15 28 26 28 6 14 14 3 29 1 5 24 30 12 19 29 30 25 28 2 4 13 12 26 10 12 13 27 24 19 6 14 10 27 7 29 15 3 13 7 22 5 5 10 21 10 15 13 2 8 13 9 5 22 2 5 2 11 16 17 12 23 29 5 5 16 8 7 29 5 3 9 16 8 22 26 28 16 29 1 19 19 15 4 22 20 18 21 16 22 25 12 29 4 11 4 8 4 17 1 19 2 12 25 23 9 11 22 18 26 29 3 16 6 8 15 18 13 4 8 23 15 2 8 3 9 24 8 1 10 30 28 17 16 4 19 30 10 25 1 3 5 1 28 14 6 25 16 3 25 4 5 26 7 12 11 10 9 5 19 8 13 22
2 17 5
746 88 113 147 232
1 10 5
129 137 110 536 960
3 17 17
806 778 253 58 810 355 419 562 558 629 772 284 424 832 985 538 494
5 7 12
268 546 913 801 671 908 374 151 290 91 595 130
0 13 13
758 393 902 978 149 630 722 289 10 789 929 956 2
3 8 13
703 935 828 804 5 670 799 600 364 474 887 911 592
4 10 10
136 273 491 572 962 851 926 721 567 52
1 2 11
809 709 909 54 7 914 117 879 406 969 824
5 8 10
608 694 668 26 400 384 818 862 369 686
3 19 11
524 767 453 727 387 609 80 761 983 603 540
6 4 12
527 11 780 836 169 323 417 342 219 74 340 533
0 8 9
884 160 543 27 413 272 3 633 185
3 7 10
285 736 490 581 199 235 103 351 954 636
0 7 17
623 677 797 143 593 227 932 886 821 658 31 416 517 646 510 748 207
1 7 3
998 373 293
6 11 12
343 231 861 469 604 437 874 928 59 704 467 918
4 17 10
731 280 60 680 19 288 666 738 743 964
4 6 14
152 846 822 354 454 747 766 922 336 176 106 202 96 903
8 13 16
718 240 183 318 626 653 980 719 204 50 463 100 792 427 398 139
1 11 7
596 312 77 597 968 332 823
7 9 14
68 371 344 650 590 112 363 57 191 441 425 598 559 733
6 11 12
888 518 881 154 43 682 831 319 66 542 477 588
1 6 4
452 394 116 274
1 19 3
320 741 411
0 8 9
511 640 291 815 269 119 197 763 812
6 4 14
657 168 638 431 488 739 213 144 449 839 339 388 651 687
1 20 10
943 271 148 223 757 876 486 84 749 523
5 10 10
492 39 949 418 575 28 892 777 894 182
0 4 3
40 885 689
0 8 14
195 98 69 953 835 307 516 181 858 866 644 615 25 678
1 19 10
712 333 769 786 47 987 159 38 958 61
0 6 2
779 436
0 8 11
755 563 509 123 798 264 246 422 22 840 485
5 12 15
410 211 656 782 946 126 337 258 569 357 311 234 261 996 438
3 5 10
868 504 278 938 135 785 109 399 173 849
1 6 6
478 396 282 442 591 166
0 11 1
99
2 7 12
330 927 796 865 495 997 877 634 298 952 548 863
2 9 7
361 834 621 614 267 13 415
1 14 14
675 937 468 917 696 300 187 627 771 508 760 554 974 708
1 10 6
203 685 15 111 484 331
3 17 7
896 17 999 214 482 860 382
1 20 8
826 907 0 24 931 102 742 81
5 18 15
775 85 800 520 345 556 893 873 55 995 192 346 735 643 676
3 20 10
732 690 720 833 594 250 845 659 378 23
8 17 16
107 502 115 356 599 315 242 728 146 859 683 864 163 20 783 201
3 13 8
128 304 101 29 734 582 557 460
0 15 2
237 193
1 17 4
206 601 724 309
5 8 10
924 976 587 521 955 781 838 89 904 439
5 5 10
295 65 4 326 245 370 225 499 745 70
0 8 12
34 528 301 802 327 500 564 479 674 63 283 616
1 13 6
641 121 403 936 205 961
7 9 13
16 86 919 360 247 966 664 706 560 819 287 553 699
0 17 1
984
3 9 9
194 470 979 830 405 79 188 263 901
4 6 17
174 161 820 827 196 764 82 610 756 6 429 529 90 586 122 566 83
2 15 6
645 296 496 53 816 379
4 6 15
209 444 275 445 238 915 872 759 92 505 451 64 67 754 46
6 19 14
198 684 78 157 817 256 265 854 14 933 635 989 891 814
6 3 11
662 730 589 262 277 981 648 794 443 455 259
0 13 7
847 637 186 912 461 744 51
2 13 4
679 324 480 255
8 18 15
652 667 114 423 426 512 971 882 665 770 348 218 681 632 294
1 19 5
180 420 325 132 21
0 11 13
383 750 897 883 994 549 380 905 217 934 310 723 338
0 18 6
535 991 402 428 93 993
4 9 8
850 407 807 190 813 434 843 784
0 18 3
977 220 281
1 1 5
624 618 321 829 507
1 15 10
534 945 35 844 127 120 551 421 162 493
0 20 7
793 305 134 440 358 73 539
2 2 12
249 878 36 347 647 72 125 481 433 386 230 409
3 1 9
519 366 414 432 297 642 916 158 430
1 17 7
717 697 171 257 448 179 900
0 8 3
663 153 947
2 14 7
568 131 177 655 208 458 140
1 15 3
899 852 526
0 2 4
45 279 988 583
0 12 1
164
2 19 7
940 210 9 49 155 462 611
2 2 5
532 710 942 397 473
2 15 10
939 959 713 71 260 471 466 856 606 385
5 12 15
95 133 930 142 368 483 503 698 552 906 530 472 692 8 316
5 17 11
292 172 788 44 701 372 353 808 497 498 537
3 2 9
853 141 322 841 795 18 236 617 303
2 17 1
1
2 24 1
12
4 23 1
30
1 30 1
32
6 16 1
33
6 21 1
37
2 32 1
41
3 17 1
42
6 37 1
48
7 15 1
56
1 15 1
62
3 15 2
75 857
2 18 1
76
4 16 1
87
1 30 1
94
1 21 2
97 375
2 34 1
104
8 24 1
105
2 20 1
108
1 17 1
118
1 19 1
124
2 19 1
138
2 19 1
145
2 36 1
150
7 25 1
156
2 30 1
165
3 32 1
167
1 30 1
170
1 22 1
175
4 7 2
178 992
6 23 1
184
2 20 1
189
6 13 1
200
1 28 1
212
1 17 1
215
7 19 1
216
1 14 1
221
1 26 1
222
8 27 1
224
3 22 1
226
2 29 1
228
1 11 1
229
1 15 1
233
4 8 1
239
6 19 1
241
1 10 1
243
1 26 1
244
2 30 1
248
6 14 1
251
1 14 1
252
1 26 1
254
2 13 1
266
1 24 1
270
2 26 1
276
6 13 1
286
2 20 1
299
5 38 1
302
1 13 1
306
6 21 1
308
5 22 1
313
6 23 1
314
2 20 1
317
5 19 1
328
1 19 1
329
1 16 1
334
1 38 2
335 391
3 14 1
341
6 33 1
349
3 40 1
350
6 18 1
352
1 15 1
359
1 10 1
362
1 14 2
365 367
4 4 1
376
7 19 1
377
1 24 1
381
2 14 1
389
6 12 1
390
2 13 1
392
9 34 1
395
9 20 1
401
3 14 1
404
2 29 1
408
5 22 1
412
1 27 1
435
2 16 1
446
2 10 1
447
1 20 1
450
2 25 1
456
2 21 1
457
3 29 1
459
6 19 1
464
4 26 1
465
8 37 1
475
1 27 1
476
1 16 1
487
1 10 1
489
1 26 1
501
1 18 1
506
2 18 1
513
1 18 1
514
2 24 1
515
1 30 1
522
9 32 1
525
3 21 1
531
5 6 1
541
2 32 1
544
1 29 1
545
3 17 1
547
4 23 1
550
2 32 1
555
4 17 1
561
2 23 1
565
3 23 1
570
2 27 1
571
1 10 1
573
4 19 1
574
3 25 1
576
3 27 1
577
4 26 1
578
1 25 1
579
3 19 1
580
2 29 1
584
5 13 1
585
2 26 1
602
4 25 1
605
5 22 1
607
3 9 1
612
2 18 1
613
2 32 1
619
1 17 1
620
5 26 1
622
3 21 1
625
1 15 1
628
1 32 1
631
1 16 1
639
2 24 1
649
2 21 1
654
2 19 1
660
3 14 1
661
5 10 1
669
5 26 1
672
2 19 1
673
3 12 1
688
7 18 1
691
2 22 1
693
1 14 1
695
2 24 2
700 895
8 16 1
702
2 24 1
705
2 7 1
707
2 21 1
711
3 26 1
714
2 35 1
715
1 12 1
716
2 39 1
725
1 21 1
726
6 16 1
729
1 18 1
737
7 19 1
740
4 19 1
751
3 15 1
752
1 9 1
753
6 26 1
762
2 24 1
765
1 25 1
768
1 21 1
773
1 15 1
774
3 11 1
776
5 23 1
787
4 14 1
790
1 23 1
791
3 23 1
803
1 14 1
805
3 24 1
811
7 11 1
825
1 16 1
837
3 27 1
842
5 25 2
848 986
1 25 1
855
3 12 1
867
4 21 1
869
5 35 1
870
1 19 1
871
4 18 1
875
2 38 1
880
2 30 1
889
5 15 1
890
3 28 1
898
5 8 1
910
9 36 1
920
2 19 1
921
2 24 1
923
2 20 1
925
2 30 1
941
6 28 1
944
4 33 1
948
1 8 1
950
11 17 1
951
1 23 1
957
2 31 1
963
1 25 1
965
1 27 1
967
5 13 1
970
5 7 1
972
2 27 1
973
1 14 1
975
2 17 1
982
4 12 1
990
