800 257 1240 5
16 9 13 25 18 23 27 30 22 1 29 10 25 3 1 10 5 3 20 4 4 24 27 22 8 13 1 16 3 8 24 9 13 5 29 17 23 3 23 18 11 19 17 9 7 22 23 1 12 25 24 7 24 15 9 25 9 1 17 26 21 24 30 26 30 20 13 9 23 10 15 5 6 28 5 8 19 11 13 29 3 30 6 19 27 20 4 29 4 1 25 4 29 1 14 29 15 22 17 14 29 29 4 14 7 11 22 6 22 12 28 2 11 10 24 6 28 9 17 14 6 23 28 24 11 4 18 23 29 22 13 22 19 24 25 16 4 22 3 26 12 25 17 27 5 10 7 3 21 30 7 16 13 15 5 5 12 17 26 28 7 13 20 22 14 18 7 28 14 16 27 20 2 16 21 2 23 26 28 7 2 30 2 9 6 27 24 24 9 30 13 24 4 11 7 17 23 22 29 11 25 30 13 8 4 30 3 25 18 17 10 30 14 11 4 1 2 3 11 18 9 30 10 4 13 30 15 9 25 15 29 7 19 19 24 5 11 18 18 20 14 12 22 21 5 18 11 3 28 2 16 18 12 6 10 10 1 27 8 7 30 5 16 30 15 11 1 3 12 9 25 8 3 25 2 10 20 16 20 1 28 13 27 9 24 15 25 10 1 9 6 14 10 1 12 11 19 11 29 3 5 2 24 7 7 8 13 30 4 10 16 8 24 5 29 29 23 17 12 14 20 29 30 23 22 9 26 11 1 5 6 21 3 15 23 24 30 17 11 30 18 28 28 1 10 11 12 17 11 6 23 9 19 12 10 24 6 16 14 15 29 10 20 14 13 26 7 4 4 3 7 15 7 4 2 7 18 11 22 17 26 2 20 6 21 28 13 16 19 21 29 4 13 28 11 5 28 4 17 5 19 1 8 1 5 4 9 19 16 20 21 16 12 7 23 30 12 9 26 15 4 19 12 3 10 13 17 7 18 27 23 26 15 30 9 27 3 5 4 22 24 10 12 9 24 16 26 7 6 12 9 21 29 30 1 2 13 20 8 11 8 12 29 5 26 20 27 1 5 28 12 9 12 8 27 27 7 17 20 13 29 15 18 5 26 29 11 10 5 6 3 16 25 23 26 21 14 6 25 29 8 17 11 9 13 17 23 22 18 21 19 7 2 25 25 18 10 11 12 4 4 25 16 19 21 13 13 19 11 24 14 15 8 27 23 22 21 16 23 16 20 20 22 20 9 7 10 28 6 26 17 7 28 4 20 9 9 5 1 18 17 25 29 2 14 17 2 27 16 27 21 16 23 24 26 16 11 26 17 2 5 2 30 4 26 9 6 18 20 16 3 17 29 6 20 11 13 10 14 25 26 20 15 30 18 1 24 17 6 1 2 3 4 26 26 10 6 29 4 23 16 17 28 28 1 4 12 6 13 13 13 21 17 17 27 5 21 7 27 1 2 27 5 19 11 5 7 18 16 5 25 6 20 19 19 8 24 29 10 10 4 12 1 25 7 28 17 25 4 27 23 14 17 20 15 28 1 13 17 10 26 16 4 9 24 23 14 12 9 28 7 22 8 7 1 5 13 1 9 10 5 1 21 7 23 8 6 14 5 15 6 18 13 20 23 16 30 12 21 25 12 16 4 23 15 6 26 7 22 25 13 24 15 25 6 4 8 5 20 12 29 12 3 4 24 7 22 8 5 5 12 13 16 17 11 25 6 23 29 11 18 7 5 8 30 12 15 9 13 30 13 14 21 29 16 13 20 14 20 5 18 17 1 12 17 19 27 28 13 22 24 2 30 27 15 28 8 10 24 16
20 23 8 30 13 9 7 11 5 18 21 24 25 9 15 18 12 2 22 22 22 29 8 5 11 25 30 17 24 24 19 12 13 6 16 14 12 8 2 8 4 11 28 17 15 28 14 18 23 2 23 15 13 10 16 11 3 15 22 28 12 21 14 11 10 28 9 24 23 6 8 17 22 16 16 9 11 19 10 8 2 16 9 17 13 4 7 22 16 16 1 22 30 14 15 14 3 10 5 22 2 6 22 28 12 15 24 21 16 20 1 27 5 6 20 27 2 30 8 19 26 4 23 17 6 2 3 6 13 3 20 19 26 4 22 27 20 3 20 17 24 16 15 15 17 17 13 13 24 30 20 6 5 16 13 25 25 6 7 18 30 16 6 8 17 6 18 14 26 16 25 3 14 12 24 26 28 23 12 21 4 6 28 26 25 15 14 17 5 25 13 7 2 10 18 29 11 15 17 14 5 9 13 17 16 14 3 10 17 20 16 20 7 30 21 29 22 14 30 17 19 3 18 6 13 27 29 15 29 10 21 26 10 13 25 23 29 6 22 23 29 8 26 17 2 24 14 6 1 5 4 7 3 25 14 5 10 27 18 29 25 18 26 24 19 21 7 18 18 27 1 17 6 4 6 6 4 28 7 4 27 16 9 10 12 24 9 20 5 8 14 4 30 15 2 16 24 20 10 8 26 11 16 25 30 12 10 11 7 23 30 19 13 10 25 26 15 25 4 16 7 19 11 28 17 11 25 30 18 29 12 1 23 16 3 4 18 26 9 10 30 29 15 11 26 1 4 13 4 22 6 3 22 11 29 4 14 6 6 26 13 20 17 15 8 1 14 18 5 16 4 21 20 28 13 3 28 15 19 20 23 26 2 2 6 6 1 26 9 8 23 3 29 8 26 23 29 5 7 12 16 14 28 11 5 3 20 26 1 5 26 12 25 29 3 28 12 24 24 22 29 25 15 19 5 10 21 11 23 30 27 4 14 26 9 15 11 17 20 2 11 7 10 29 1 10 1 15 28 27 3 18 15 22 19 25 21 15 28 19 23 28 6 24 12 23 20 30 30 4 9 8 17 27 22 24 1 21 10 23 22 16 24 11 18 30 30 23 30 19 24 30 1 18 13 29 23 17 16 15 3 24 17 14 28 28 28 4 4 10 11 11 26 1 25 20 20 11 4 14 10 10 17 4 3 28 19 28 17 16 20 12 10 14 17 29 27 25 24 15 2 5 22 14 20 23 24 20 2 5 7 6 22 22 23 10 6 3 25 10 15 8 17 28 13 8 21 22 27 27 19 22 14 5 21 12 9 13 29 28 18 4 10 27 6 8 6 13 20 2 28 11 9 2 2 27 12 28 27 7 9 6 24 18 14 18 18 15 24 19 25 21 7 30 25 16 5 8 25 10 30 30 25 25 15 16 24 10 23 16 7 21 28 6 13 11 25 26 26 24 27 27 21 5 15 24 11 22 17 29 23 6 20 25 1 23 26 29 16 21 25 6 5 11 9 9 6 12 15 9 25 22 29 11 10 18 12 19 19 20 24 22 17 16 8 2 11 4 23 21 5 21 10 26 2 16 16 17 18 15 12 2 18 14 16 28 26 6 21 18 17 3 9 2 24 28 22 21 17 6 7 5 11 4 24 4 20 14 21 10 6 25 19 17 30 29 8 24 13 15 15 4 2 5 30 19 22 19 1 20 4 14 1 8 1 14 1 14 5 24 2 28 11 3 25 3 5 26 18 5 27 8 28 8 7 27 19 4 7 20 12 27 10 15 1 24 11 17 21 27 6 7 19 1 10 1 3 30 8 17
0 18 2
599 414
0 13 12
780 337 387 306 75 37 740 45 592 363 90 401
5 3 10
257 631 38 322 728 706 242 478 495 410
0 20 4
431 375 331 169
0 18 4
277 536 793 612
0 2 2
691 123
0 15 3
135 299 153
1 2 3
403 243 267
1 8 4
766 754 142 606
0 13 10
298 185 620 622 448 645 702 247 395 575
2 20 9
763 568 95 252 799 722 150 259 358
2 2 8
466 290 219 7 759 785 411 213
0 11 1
224
1 10 6
174 2 626 435 680 338
1 9 3
253 602 663
3 10 9
692 231 619 686 712 576 178 98 687
1 13 6
795 673 220 254 229 197
5 17 11
455 585 531 747 503 324 665 546 469 761 769
4 15 8
407 560 776 698 693 704 391 107
5 9 10
332 639 10 50 385 709 544 682 364 160
4 2 11
423 400 635 771 237 458 312 389 476 494 149
0 7 2
118 301
0 18 3
537 122 525
2 19 4
720 208 701 772
0 11 5
65 359 275 355 556
4 20 10
392 320 351 461 239 383 441 57 48 667
0 12 5
302 321 327 549 454
3 4 10
590 656 250 379 514 445 440 492 518 496
1 9 6
696 192 534 260 134 438
5 10 10
733 651 453 718 93 183 146 66 362 56
0 2 4
497 238 81 569
5 15 12
474 565 694 502 504 251 579 380 72 365 140 640
3 2 9
603 310 36 779 115 719 139 34 179
0 18 4
113 399 543 714
4 13 12
783 791 404 189 313 336 436 589 210 159 593 580
0 9 2
318 173
2 9 7
737 468 170 758 295 99 353
0 3 2
721 62
6 17 14
420 157 16 240 617 17 172 70 125 194 522 44 0 398
1 12 3
236 723 292
2 7 10
80 6 405 88 561 23 206 69 425 100
1 9 5
629 230 341 110 269
1 15 3
374 369 377
1 12 7
112 186 479 421 684 587 564
2 18 11
725 347 790 477 637 456 428 618 748 152 281
1 2 13
634 315 614 510 106 131 330 749 316 187 744 121 342
1 3 5
233 558 735 688 424
2 20 6
731 463 415 784 303 346
1 12 7
533 661 605 349 745 752 18
1 10 5
128 738 103 82 690
5 5 10
566 87 792 653 582 508 116 597 163 422
1 12 7
145 433 746 636 309 344 40
1 12 7
427 509 396 373 586 381 470
1 14 6
679 442 74 52 641 68
6 20 11
408 1 325 644 573 248 329 574 203 604 471
0 16 6
114 685 296 672 271 283
3 6 7
54 649 130 9 390 419 608
0 15 9
105 708 750 4 188 63 97 457 307
2 8 12
756 584 623 788 300 352 789 528 279 418 31 333
1 18 3
472 180 25
1 6 4
117 47 8 201
2 20 9
291 669 305 274 480 596 335 449 633
0 17 2
563 360
0 8 5
212 171 705 67 227
4 18 7
133 760 266 452 89 624 450
1 7 2
697 273
0 3 5
124 465 200 272 386
0 4 6
27 15 630 413 216 554
1 15 7
774 713 473 104 475 739 515
1 16 6
143 540 376 517 753 340
0 3 9
501 724 328 777 294 538 141 221 655
2 12 12
520 256 551 14 742 500 786 195 529 20 607 462
0 8 2
542 204
1 11 3
796 297 30
0 14 2
794 137
1 6 9
191 650 198 703 370 42 775 550 594
1 19 11
58 127 102 120 109 609 339 148 464 770 33
2 2 7
681 60 675 439 798 523 683
0 19 7
765 717 716 767 108 323 46
1 4 9
319 246 506 209 177 348 280 616 343
1 12 6
222 176 393 182 482 155
1 15 13
601 432 787 519 762 567 489 429 356 488 628 288 136
3 18 8
751 444 527 757 426 467 511 22
3 20 10
168 164 668 797 293 354 49 181 689 647
1 13 5
657 19 578 782 225
4 10 10
768 588 417 730 397 598 268 244 513 111
2 10 4
512 144 570 61
1 8 7
459 126 64 530 326 92 77
5 1 10
86 214 516 384 59 345 371 138 378 357
5 1 11
621 276 161 674 232 437 311 217 600 666 430
1 18 5
493 165 487 638 481
4 5 8
282 671 409 162 711 434 154 129
0 3 2
235 96
6 16 1
3
2 33 1
5
1 25 1
11
1 8 1
12
4 10 1
13
3 31 1
21
1 17 1
24
1 37 1
26
2 28 1
28
1 10 1
29
2 27 1
32
1 19 1
35
6 9 1
39
1 15 1
41
2 15 1
43
2 17 1
51
1 27 2
53 678
1 19 1
55
2 17 1
71
1 21 1
73
2 18 1
76
4 3 1
78
9 25 1
79
2 28 1
83
2 27 1
84
1 11 1
85
2 21 1
91
1 20 1
94
2 30 1
101
4 22 1
119
1 23 1
132
2 38 1
147
1 13 1
151
2 18 1
156
2 24 1
158
1 21 1
166
2 32 1
167
1 24 1
175
1 23 1
184
6 12 1
190
2 29 1
193
1 22 1
196
1 23 1
199
1 19 1
202
2 30 1
205
1 35 1
207
1 27 1
211
1 17 1
215
2 8 1
218
2 25 1
223
4 27 1
226
4 15 1
228
2 29 1
234
1 22 1
241
2 5 1
245
3 14 1
249
2 11 1
255
2 18 1
258
6 21 1
261
2 26 1
262
2 11 1
263
4 12 1
264
3 20 1
265
1 24 1
270
1 25 1
278
1 31 2
284 552
2 24 1
285
1 23 1
286
6 25 1
287
6 14 1
289
1 27 1
304
6 6 1
308
1 16 1
314
3 25 1
317
1 34 1
334
3 15 1
350
2 31 1
361
4 25 2
366 447
1 18 1
367
1 15 1
368
2 26 1
372
1 15 1
382
1 36 1
388
4 22 1
394
2 24 1
402
2 23 1
406
2 18 1
412
1 29 1
416
1 12 1
443
1 24 1
446
3 16 1
451
1 23 1
460
2 39 1
483
3 14 1
484
3 26 1
485
1 25 1
486
1 8 1
490
2 19 1
491
2 11 1
498
1 18 1
499
6 27 1
505
4 20 1
507
2 8 1
521
6 19 1
524
7 33 1
526
7 16 1
532
8 35 1
535
2 20 1
539
2 13 1
541
1 21 1
545
2 18 1
547
1 23 1
548
2 5 1
553
1 18 1
555
1 4 1
557
2 9 1
559
3 32 1
562
2 17 1
571
1 31 1
572
2 12 1
577
2 26 1
581
2 38 1
583
2 30 1
591
2 22 1
595
2 11 1
610
2 29 1
611
4 24 1
613
1 6 1
615
1 20 1
625
3 24 1
627
3 22 1
632
8 20 1
642
2 20 1
643
3 29 1
646
3 9 1
648
1 6 1
652
3 16 1
654
5 23 1
658
1 34 1
659
2 23 1
660
2 24 1
662
2 25 1
664
1 38 1
670
1 32 1
676
4 7 1
677
1 14 1
695
2 14 1
699
2 14 1
700
7 22 1
707
3 6 1
710
1 30 1
715
3 24 1
726
1 38 1
727
2 24 1
729
3 13 1
732
3 21 1
734
2 16 1
736
2 20 1
741
2 21 1
743
2 33 1
755
1 30 1
764
4 21 1
773
2 39 1
778
3 40 1
781
