500 168 775 33
6 27 24 26 18 6 19 7 22 12 8 5 20 25 30 17 1 13 3 27 14 16 9 15 9 18 28 22 18 4 10 19 1 25 18 17 7 9 6 28 19 3 1 13 10 23 6 20 13 7 29 29 16 27 28 11 14 13 29 15 8 22 3 1 19 27 21 13 25 5 17 19 6 13 16 26 26 15 4 17 3 23 12 3 6 12 28 20 17 21 26 2 3 6 18 10 20 28 5 5 25 12 12 12 19 28 4 21 23 21 29 23 29 3 11 26 4 13 13 25 21 11 5 7 27 19 18 8 15 15 19 28 1 19 3 11 18 5 23 18 21 10 7 5 8 21 3 18 1 7 9 27 18 8 23 13 30 11 16 28 13 28 21 15 4 22 16 4 22 28 10 12 10 5 11 23 3 16 29 7 15 20 8 28 5 10 16 5 12 29 7 7 9 19 4 25 25 8 15 1 5 17 24 28 17 8 2 13 28 7 25 13 16 30 18 8 19 29 14 24 30 29 26 21 6 20 15 20 14 18 20 12 3 6 25 19 28 4 11 8 14 10 8 5 23 11 3 12 22 22 4 19 18 7 4 19 9 28 21 1 17 18 21 1 7 18 7 16 21 30 24 4 22 21 9 17 17 1 7 15 26 21 11 18 7 18 19 11 2 28 1 2 2 15 13 26 26 23 5 13 21 10 1 15 26 5 25 7 21 12 1 15 7 10 2 9 24 25 28 14 14 29 28 5 20 8 10 29 4 10 10 22 30 3 12 10 18 6 30 5 9 5 22 21 4 28 22 2 11 7 8 3 8 21 18 8 21 1 14 22 10 14 1 29 7 28 19 21 6 8 26 7 20 9 28 13 2 4 15 17 20 15 7 22 22 17 5 12 14 25 1 9 8 23 20 26 23 20 27 9 24 10 11 18 18 26 21 14 9 1 10 16 1 17 27 23 5 17 7 26 4 28 29 10 14 24 10 14 2 8 11 10 30 23 20 24 10 29 29 26 11 12 24 4 23 30 8 15 18 9 25 9 5 4 18 17 2 7 2 23 23 1 8 16 26 8 18 25 21 27 7 23 20 29 5 25 30 22 9 24 26 4 11 12 9 25 24 4 15 8 16 27 23 24 11 25 11 13 22 28
12 13 14 2 6 17 19 13 7 15 26 22 3 27 20 10 18 28 19 28 23 8 2 2 1 13 2 9 14 13 4 22 6 6 10 29 3 21 5 5 5 10 28 27 14 9 23 3 23 29 16 21 25 2 4 19 21 9 26 26 1 25 22 26 7 10 20 22 25 6 6 23 15 6 29 1 24 1 15 15 3 25 15 1 4 29 6 2 7 15 19 9 5 20 25 21 26 30 9 11 1 21 17 25 2 13 5 2 4 11 3 24 19 26 1 28 17 8 5 18 23 7 13 16 24 17 24 20 22 19 27 14 23 19 19 25 17 8 1 20 21 10 18 30 5 25 22 12 11 18 7 4 18 3 28 3 12 5 1 22 28 30 18 29 5 25 16 13 22 28 28 11 19 15 6 5 5 25 11 7 23 19 6 25 19 10 29 28 1 8 10 25 4 15 27 20 15 12 11 16 21 21 30 25 21 29 21 14 12 8 13 4 2 18 12 11 14 5 24 29 19 17 19 6 5 7 15 29 28 29 3 21 26 4 29 2 17 17 25 3 6 17 21 5 2 18 10 25 18 30 14 21 6 19 2 23 15 30 18 10 5 27 19 6 5 25 6 9 13 15 23 22 16 20 14 28 23 24 24 12 14 20 16 17 22 14 5 12 15 12 23 17 20 21 15 6 24 7 27 27 9 4 21 6 8 23 9 28 4 24 24 11 12 1 7 19 23 9 22 27 13 3 21 19 6 19 13 10 30 28 20 11 4 22 11 17 10 7 2 11 21 5 24 7 26 6 18 16 28 29 7 2 17 3 11 29 12 26 14 29 10 8 10 10 6 1 6 1 22 27 3 16 6 4 1 5 15 13 3 24 22 17 14 24 1 20 19 16 27 5 1 25 10 22 7 1 15 24 28 22 14 19 12 26 22 6 15 8 24 21 28 11 14 30 16 14 30 17 8 3 4 21 14 13 12 4 11 5 28 26 15 6 26 24 30 11 19 20 15 6 27 29 15 13 9 18 9 22 22 1 14 13 3 9 26 30 11 5 1 13 12 7 12 20 27 29 8 5 20 1 22 18 18 26 5 14 20 5 30 9 11 8 13 11 19 27 27 10 20 30 21 22 5 1 27 30 7 3 14 29
0 8 6
245 186 481 241 393 312
0 1 3
396 124 177
1 7 7
172 192 12 71 234 380 349
2 11 6
223 482 121 332 345 304
2 17 7
414 120 399 244 54 254 367
3 5 6
409 326 354 390 72 379
2 2 6
440 451 454 225 221 44
2 11 9
467 273 212 327 164 122 437 388 75
1 4 4
139 456 215 153
1 1 6
170 384 397 412 487 265
0 6 6
129 371 65 479 290 360
2 20 4
268 394 319 227
1 10 8
114 282 316 159 416 447 357 438
2 11 6
60 375 156 80 383 381
3 12 7
406 202 420 493 236 311 94
0 14 4
22 395 485 66
0 7 2
249 135
0 10 2
276 372
2 18 5
216 143 435 343 51
1 15 5
20 272 299 189 27
0 7 1
50
0 12 1
344
3 20 8
15 200 410 173 251 226 196 335
1 10 8
70 497 178 0 346 123 422 495
1 18 9
318 231 134 431 48 40 243 389 105
4 2 9
285 302 23 286 404 198 98 199 138
1 18 6
361 378 233 169 374 336
0 15 6
88 294 109 86 158 307
2 7 7
457 195 130 64 2 486 248
0 5 2
498 218
0 14 4
421 161 125 264
1 8 3
427 76 446
4 5 8
107 475 194 351 205 325 73 473
1 1 5
55 415 364 41 426
1 14 2
328 278
1 3 8
425 334 11 258 368 470 306 391
1 15 4
492 131 183 458
0 16 3
62 387 329
2 10 4
53 476 464 450
0 7 8
240 436 365 52 115 83 85 341
1 13 4
267 261 418 317
1 5 6
36 432 144 363 275 443
1 6 2
185 26
3 12 7
228 468 78 428 355 235 453
1 7 10
310 17 429 477 118 480 203 58 253 163
2 9 6
348 67 490 434 81 95
2 12 5
87 180 179 232 320
1 7 3
230 45 132
0 11 2
59 106
0 13 4
489 295 444 247
1 12 3
250 147 49
0 19 1
496
2 3 7
242 386 419 471 382 472 8
0 15 6
39 168 99 13 338 358
4 19 8
463 108 280 133 424 63 206 47
3 10 9
217 181 208 266 148 100 38 68 293
1 4 4
102 104 207 154
2 3 5
439 246 77 222 33
0 19 3
29 127 146
0 13 2
262 255
0 12 3
309 151 82
0 20 4
466 190 445 46
0 13 5
210 322 174 150 61
3 1 7
93 182 392 377 19 260 79
1 2 10
18 441 56 110 14 16 398 474 10 140
3 3 7
214 400 126 201 417 459 452
2 9 4
313 433 315 224
0 8 2
484 469
3 16 7
277 340 239 96 353 31 333
4 15 8
116 237 171 291 213 152 97 478
1 2 4
145 220 488 141
3 9 5
297 101 449 157 103
0 4 3
402 289 5
0 7 4
187 238 43 137
2 20 4
270 259 442 401
0 19 6
204 430 252 298 175 119
1 7 7
405 403 166 112 296 197 308
0 16 5
211 6 184 460 455
0 15 1
376
1 13 3
411 369 92
1 19 1
1
2 10 1
3
2 14 1
4
2 19 1
7
1 20 1
9
1 27 1
21
1 24 1
24
2 26 1
25
1 26 1
28
1 18 1
30
1 8 1
32
1 10 1
34
1 11 1
35
2 31 2
37 413
1 17 1
42
1 26 1
57
2 23 1
69
1 34 1
74
1 17 1
84
1 11 1
89
1 15 1
90
1 13 1
91
1 19 1
111
1 24 1
113
1 28 1
117
3 31 1
128
1 20 1
136
1 22 1
142
4 29 1
149
3 22 1
155
1 25 1
160
2 23 1
162
1 12 1
165
1 23 1
167
2 14 1
176
1 22 1
188
1 39 1
191
2 8 1
193
3 34 1
209
1 39 1
219
2 23 1
229
4 25 1
256
1 23 1
257
2 27 1
263
1 13 1
269
1 28 1
271
2 10 1
274
1 6 1
279
1 26 1
281
1 17 1
283
1 26 1
284
1 33 1
287
1 8 1
288
2 16 1
292
1 36 1
300
2 16 1
301
2 9 1
303
3 19 1
305
2 5 1
314
2 20 1
321
1 14 1
323
2 15 1
324
1 36 1
330
2 21 1
331
2 5 1
337
5 33 1
339
1 28 1
342
1 23 1
347
2 27 1
350
1 17 1
352
1 16 1
356
1 26 1
359
1 26 1
362
1 30 1
366
5 28 1
370
1 15 1
373
1 18 1
385
1 33 1
407
1 31 1
408
1 22 1
423
2 17 1
448
3 28 1
461
1 19 1
462
1 19 1
465
1 18 1
483
1 28 1
491
1 35 1
494
1 25 1
499
