500 183 775 3
23 23 4 26 5 9 29 21 4 11 9 14 27 14 25 2 16 20 7 4 9 21 18 22 21 4 3 28 22 22 22 2 24 28 19 13 28 20 8 12 3 21 17 5 30 14 26 12 9 13 29 26 6 12 8 20 7 16 8 2 6 27 27 2 18 22 21 22 27 13 15 6 2 19 8 26 21 6 30 24 25 10 7 9 16 30 2 27 2 7 13 25 12 15 26 24 5 15 8 14 2 24 28 25 11 17 27 5 25 27 4 2 30 26 13 23 27 25 22 6 6 29 1 28 28 8 28 30 23 3 9 16 27 5 14 9 7 13 26 15 28 10 23 8 10 7 4 14 30 13 16 2 13 8 27 30 6 15 7 6 7 7 9 2 24 21 15 22 8 7 23 18 17 6 2 23 11 3 23 18 12 22 12 26 29 9 22 19 17 6 8 22 30 10 27 21 22 25 7 9 17 14 3 12 25 16 3 8 12 29 27 28 14 8 24 4 8 25 30 5 17 23 11 12 3 23 26 15 29 24 6 1 14 30 20 16 13 21 15 16 11 2 3 5 29 30 6 8 6 7 17 27 21 28 18 15 3 13 15 29 11 10 2 15 17 1 15 13 5 3 29 16 22 18 2 14 28 19 27 20 20 13 14 15 11 1 19 21 18 21 5 17 26 14 6 13 28 13 18 10 22 1 10 20 14 4 25 15 21 4 25 23 20 16 29 10 12 5 8 28 4 28 2 17 30 26 9 26 25 7 30 22 12 20 23 14 4 24 21 9 29 11 18 2 21 3 17 19 5 18 7 19 1 10 15 9 8 19 27 7 29 17 7 11 20 10 25 21 30 12 23 16 3 15 30 16 14 23 6 28 23 30 26 27 2 4 14 27 23 8 5 18 29 18 26 28 25 27 2 17 1 16 30 18 19 6 30 17 6 9 1 22 4 9 27 7 10 8 28 5 23 16 11 23 2 29 23 24 26 5 1 26 7 8 13 15 20 11 9 5 20 16 25 24 3 23 7 27 29 29 27 18 8 30 1 16 12 14 12 6 26 19 7 11 7 18 28 2 30 7 8 20 7 28 20 19 18 5 9 28 15 20 9 8 10 30 3 17 26 16 30 29 11 3 12 15 16 12 20 22
2 10 27 15 22 7 28 5 22 19 19 27 23 6 30 26 6 1 1 27 26 2 7 23 30 2 30 4 11 23 10 30 4 22 12 19 3 27 2 13 23 2 11 9 1 10 1 26 29 23 10 11 23 10 9 5 5 25 16 23 9 1 21 15 2 18 12 16 10 25 12 16 13 13 8 5 25 28 19 17 29 2 28 15 19 30 23 22 10 16 23 30 11 27 12 2 4 2 24 3 22 27 13 12 5 29 11 20 1 24 26 17 3 19 29 30 30 9 7 21 24 2 3 18 27 27 22 18 26 16 5 8 9 6 30 5 5 10 16 17 18 10 9 21 1 16 17 22 17 25 9 16 18 12 13 20 10 25 19 23 17 1 28 5 27 19 25 5 18 29 3 1 5 8 29 15 25 20 28 5 21 25 6 19 7 15 4 8 17 18 7 7 12 7 5 18 12 3 30 22 25 17 26 9 10 7 18 20 15 19 23 19 27 20 29 4 7 17 23 27 22 9 30 10 12 1 4 2 13 30 6 30 7 27 21 15 27 10 30 21 21 24 5 29 14 11 23 20 1 12 10 24 1 24 28 30 18 17 9 1 20 23 12 3 29 21 5 19 24 24 14 28 24 7 1 13 29 6 5 18 22 28 13 20 27 10 26 4 2 29 13 7 19 11 22 23 8 1 11 17 13 29 21 10 7 3 12 19 15 16 23 7 12 22 1 27 24 8 20 19 13 20 18 23 27 9 10 11 30 5 4 25 3 23 12 4 23 13 19 21 4 16 25 30 10 12 6 30 16 30 19 1 24 15 4 9 7 16 8 22 23 1 14 3 6 6 27 10 30 24 1 10 26 8 16 23 4 6 1 9 29 9 16 24 5 21 30 28 21 1 5 21 24 18 13 5 8 28 18 16 8 25 19 20 4 4 5 1 15 24 23 17 10 22 25 29 10 11 24 9 2 5 2 5 10 21 17 1 18 7 12 3 25 12 5 19 30 9 20 9 7 27 4 22 28 11 17 24 25 16 17 26 28 27 1 7 25 2 15 5 20 25 4 5 25 10 25 3 24 9 8 27 21 7 17 21 13 26 26 1 20 3 18 27 13 5 10 4 4 12 11 7 23 16 20 29 17 21 26 17
1 13 8
402 405 368 261 499 428 429 82
2 13 6
148 342 104 100 153 58
1 12 5
54 92 57 192 108
0 10 5
55 83 121 328 219
1 13 5
296 280 268 463 371
2 10 4
143 406 4 348
0 10 3
316 288 441
1 17 3
228 129 369
1 19 3
407 189 374
0 13 2
236 183
1 6 9
270 234 169 13 56 36 33 450 465
1 12 6
213 102 453 416 209 239
0 4 3
294 399 484
2 10 3
420 150 488
3 19 7
182 376 78 197 154 433 292
1 3 6
480 59 358 299 178 173
0 18 3
373 298 231
3 4 6
386 486 217 29 431 284
1 19 4
455 53 179 423
2 9 3
422 116 473
1 13 7
176 375 2 295 208 62 111
0 11 9
313 43 400 211 105 275 225 332 350
1 15 2
146 210
1 16 3
22 91 352
0 4 1
216
0 12 2
337 86
2 17 7
344 181 163 30 35 487 379
3 19 7
471 206 132 331 233 97 305
1 1 4
47 133 224 152
1 6 7
336 377 177 115 180 198 171
1 17 6
318 263 151 142 258 51
2 2 7
94 147 251 320 321 39 396
0 15 2
124 262
0 13 2
85 415
0 14 3
32 444 430
1 13 9
238 435 461 202 458 137 220 149 60
0 10 8
10 243 199 418 322 45 214 495
1 11 4
289 426 249 112
1 4 5
71 81 123 23 474
1 16 4
392 394 300 165
1 16 7
456 120 88 326 158 1 297
1 9 6
349 200 131 324 451 310
3 3 6
293 403 257 99 384 3
2 2 5
493 466 494 241 410
1 16 6
254 452 424 41 367 448
0 4 4
136 138 279 5
0 9 6
454 381 421 370 24 38
0 13 3
168 260 437
1 20 4
227 175 269 64
3 17 6
446 98 52 319 309 48
2 14 4
140 84 266 204
3 2 5
356 68 14 232 497
0 7 7
325 469 11 69 188 335 323
1 4 7
443 144 390 276 130 273 12
1 17 6
145 438 122 272 250 489
3 9 7
125 436 364 18 126 27 235
1 12 6
118 80 425 203 248 339
2 14 5
283 329 277 114 432
1 4 2
128 470
0 12 5
247 106 417 79 119
1 12 5
388 16 46 404 491
0 13 7
244 42 498 464 382 72 411
1 15 6
242 271 31 89 472 166
1 6 4
44 413 77 73
1 7 5
186 365 393 468 385
2 10 5
360 141 34 278 8
0 16 6
63 378 184 490 7 343
0 20 2
107 387
1 13 4
380 427 229 462
2 4 3
155 265 135
1 5 2
67 351
1 2 8
222 459 286 191 201 40 447 398
2 9 4
290 401 434 274
4 6 8
477 253 347 481 478 442 93 317
0 13 1
282
2 8 5
193 109 218 205 196
0 20 1
467
3 17 7
9 20 6 170 162 308 307
3 4 6
301 304 259 237 264 256
1 17 7
414 37 75 230 96 187 412
1 18 2
157 353
2 37 1
0
2 20 1
15
2 10 1
17
1 28 1
19
2 18 1
21
1 22 1
25
3 20 1
26
3 17 1
28
1 16 1
49
2 29 1
50
1 20 1
61
1 32 1
65
2 26 1
66
1 17 1
70
1 24 1
74
2 33 1
76
1 32 1
87
1 12 1
90
1 13 1
95
2 19 1
101
2 17 1
103
3 16 1
110
2 25 1
113
1 27 1
117
1 24 1
127
3 32 1
134
1 34 1
139
1 28 1
156
3 15 1
159
1 14 1
160
1 30 1
161
1 25 1
164
1 39 1
167
2 14 1
172
1 26 1
174
2 34 1
185
1 17 1
190
2 23 1
194
1 23 1
195
2 30 1
207
3 22 1
212
3 15 1
215
2 16 1
221
1 28 1
223
2 16 1
226
1 22 1
240
1 13 1
245
1 10 1
246
2 19 1
252
2 19 1
255
1 8 1
267
2 35 1
281
1 24 1
285
3 36 1
287
1 12 1
291
2 29 1
302
1 15 1
303
2 32 1
306
1 14 1
311
1 17 1
312
3 27 1
314
1 10 1
315
2 30 1
327
2 27 1
330
1 17 1
333
2 31 1
334
1 29 1
338
2 28 1
340
2 18 1
341
3 21 1
345
1 19 1
346
2 26 1
354
1 14 1
355
1 17 1
357
2 36 1
359
1 15 1
361
2 32 1
362
1 21 1
363
1 15 1
366
3 21 1
372
2 26 1
383
2 15 1
389
3 14 1
391
2 35 1
395
2 31 1
397
1 21 1
408
2 33 1
409
1 12 1
419
2 32 1
439
1 6 1
440
2 30 1
445
1 18 1
449
2 29 1
457
1 17 1
460
1 30 1
475
2 30 1
476
2 32 1
479
1 23 1
482
2 21 1
483
1 22 1
485
2 20 1
492
2 17 1
496
