700 239 1085 4
16 14 11 24 29 13 25 13 18 14 30 28 19 4 4 15 5 21 11 6 29 3 9 25 27 25 14 21 16 11 19 29 19 30 25 10 6 17 24 7 29 2 28 2 20 14 30 23 23 6 20 4 7 10 1 14 1 11 14 15 7 29 7 15 8 19 28 11 4 6 4 5 23 21 5 28 10 17 27 2 7 1 24 5 17 2 26 9 5 7 7 15 21 23 29 29 7 14 19 24 2 17 10 24 8 9 28 6 13 23 26 10 30 1 14 26 8 11 7 7 29 12 17 29 8 12 23 13 5 6 23 8 19 26 29 17 11 15 10 30 6 4 10 15 2 22 22 9 23 30 4 18 14 8 24 27 3 26 15 7 16 25 12 27 12 25 10 17 21 2 21 25 16 9 18 18 25 18 11 16 19 7 7 8 13 11 30 30 4 9 30 10 24 1 24 23 24 19 29 13 13 14 19 26 26 29 29 8 9 29 1 25 3 24 20 8 23 21 19 9 1 30 8 2 23 14 4 3 18 3 27 13 24 23 9 11 1 4 14 12 10 7 6 2 22 19 15 20 3 29 9 11 12 8 21 24 11 28 3 29 7 16 3 14 18 21 19 24 6 28 15 10 11 16 8 3 26 12 14 15 17 23 24 7 18 29 9 13 28 9 24 30 4 19 6 17 29 21 24 20 29 30 1 28 18 20 14 3 30 7 25 8 22 28 18 22 30 1 11 9 1 28 24 3 19 26 29 15 27 8 2 14 2 12 19 30 23 7 25 11 21 21 12 30 5 11 18 26 5 30 4 11 28 4 18 27 13 1 25 18 18 20 3 13 25 4 13 14 23 6 21 25 30 16 13 29 10 20 25 13 18 1 18 25 8 27 12 24 19 15 10 28 23 4 25 6 25 29 21 13 21 4 12 21 5 12 13 10 16 25 9 16 5 20 3 6 20 1 18 30 22 7 30 23 25 25 26 12 14 22 12 19 15 26 3 17 19 18 20 25 18 2 2 26 19 15 26 19 17 25 9 11 19 23 21 7 21 18 27 3 26 27 23 16 6 9 21 20 11 22 14 17 14 9 10 8 23 19 11 14 6 18 10 10 24 19 9 4 12 21 23 4 18 20 19 28 14 3 23 10 21 5 6 4 8 12 5 4 12 22 27 17 16 14 9 4 8 3 20 2 22 26 25 30 28 28 1 1 23 30 12 28 9 28 8 25 8 11 14 27 15 22 17 14 4 7 3 3 3 9 5 4 19 13 3 12 21 22 1 30 24 11 8 30 13 8 7 10 26 29 1 27 5 13 15 16 15 25 12 6 12 10 15 25 23 3 6 14 24 2 19 3 1 23 30 8 18 14 13 10 20 20 29 25 23 23 21 30 21 26 19 10 12 4 2 5 9 10 23 16 2 5 10 22 14 8 22 30 16 23 21 29 21 7 20 29 8 22 14 28 24 23 20 18 26 27 15 22 14 15 11 4 14 23 30 5 17 27 5 20 13 25 25 15 29 7 12 9 19 26 3 8 26 29 21 16 8 25 30 19 7 27 5 19 24 2 5 26 25 23 20 4 3 18 8 19 6 16 17 1
22 6 28 8 25 15 8 26 8 18 13 29 8 27 12 21 14 18 24 23 11 27 30 10 20 16 21 13 21 12 21 21 3 21 23 15 16 20 21 4 21 19 21 18 21 10 9 7 24 26 20 18 1 27 10 20 18 8 6 9 25 13 18 5 3 14 19 8 2 15 27 5 20 3 4 6 2 4 11 23 24 3 3 10 26 9 27 7 27 10 27 26 20 16 21 8 29 14 9 13 6 9 6 10 10 3 14 12 19 14 6 21 22 2 13 6 6 23 11 28 7 13 20 7 14 11 17 7 18 10 27 16 2 3 8 14 14 19 28 18 11 27 12 18 10 23 10 8 9 22 14 30 25 17 21 1 30 21 12 9 1 17 29 3 6 21 30 3 10 10 21 20 18 9 21 7 15 16 30 4 14 1 22 9 4 11 13 26 26 13 1 7 29 14 17 9 3 30 11 9 22 14 22 29 9 24 21 14 17 4 28 19 7 16 15 11 14 5 22 12 27 18 15 26 9 19 26 15 24 18 14 6 29 26 3 7 18 22 21 24 4 24 13 9 7 5 4 1 19 8 14 29 3 9 1 11 20 19 27 27 17 14 12 17 19 17 5 11 5 10 27 12 24 20 30 12 10 16 13 7 13 6 29 9 9 18 11 21 7 2 11 2 1 9 22 22 7 22 6 10 17 13 28 9 15 22 18 15 11 18 16 4 5 3 26 18 16 8 3 5 6 30 29 20 17 2 2 16 28 28 23 15 17 21 28 21 10 30 6 27 27 26 24 6 25 26 30 21 15 8 5 4 3 28 1 14 12 7 3 21 15 25 19 4 20 10 3 18 15 15 29 9 14 24 18 23 23 26 1 7 6 15 11 4 30 16 20 30 17 2 5 3 20 6 30 9 4 13 18 9 11 5 5 20 3 10 6 1 23 6 25 15 22 12 25 24 17 4 1 23 23 22 20 22 20 29 3 25 27 27 13 23 3 24 29 18 28 25 4 26 12 25 27 20 24 5 1 16 19 20 15 9 21 4 28 29 24 16 29 10 30 3 5 8 2 28 26 27 15 1 18 14 2 21 19 7 8 20 11 9 15 10 4 10 29 15 18 20 16 11 20 22 21 14 20 8 21 11 16 9 5 26 13 27 22 1 7 15 12 28 21 8 8 10 19 12 18 3 4 24 12 28 5 19 20 24 12 13 28 19 13 22 5 7 1 5 30 11 30 4 6 12 1 8 20 4 27 28 8 7 15 26 12 11 26 27 20 26 21 16 5 10 2 24 8 27 22 17 1 12 4 25 7 4 20 6 27 18 14 17 20 28 11 7 6 29 8 2 16 4 9 18 24 24 23 16 5 18 12 1 14 30 28 12 15 7 14 14 14 30 20 14 8 2 15 29 7 22 8 5 27 3 11 27 21 16 15 4 25 14 10 24 23 17 11 15 16 20 19 16 26 20 18 8 6 29 27 17 20 8 13 27 5 24 28 3 26 8 4 30 3 24 8 10 7 26 5 27 30 1 20 17 17 21 22 9 14 7 6 30 16 4 27 17 25 12 7 12 3 29 18 5 3 22 4 20 7 6 14 17
5 3 10
598 8 635 534 540 326 460 650 360 343
1 5 6
225 53 158 314 658 276
0 9 2
430 551
2 19 4
361 342 388 311
2 9 7
66 527 375 28 102 263 235
2 20 9
186 383 166 376 113 453 373 416 26
0 19 2
254 124
0 11 10
628 60 275 573 327 356 476 11 558 419
2 14 5
174 308 167 2 466
0 20 5
207 351 451 154 517
3 2 6
618 24 499 333 645 552
3 1 12
690 39 407 614 699 159 22 596 656 91 599 234
1 18 3
210 498 115
0 4 7
55 29 92 95 238 237 270
2 7 6
209 636 531 86 96 505
1 17 7
607 200 217 464 354 45 427
0 4 8
674 287 424 271 307 525 694 500
0 1 6
224 303 561 126 536 412
2 9 7
349 450 469 482 264 249 565
0 17 2
119 678
2 15 5
82 494 522 206 221
2 13 7
358 613 548 695 199 195 218
3 19 13
553 633 488 72 338 173 420 435 390 480 182 211 17
0 17 8
423 593 524 523 38 649 547 603
3 1 8
79 306 176 422 667 273 229 293
1 17 7
459 108 61 312 177 302 622
0 9 2
76 25
0 15 7
304 456 94 78 320 208 440
1 4 4
662 321 366 455
3 13 6
278 458 188 37 689 502
1 1 5
336 222 324 497 391
3 18 11
291 74 104 438 385 131 323 380 266 101 620
0 15 3
46 581 652
2 19 7
675 617 587 1 539 406 381
0 6 7
377 526 595 571 448 402 261
0 8 5
116 118 244 187 604
1 10 6
77 144 7 473 590 169
0 16 5
434 255 344 382 286
0 18 6
399 676 492 9 619 673
1 13 3
550 252 294
0 9 10
501 515 330 564 62 110 537 42 520 672
1 2 5
647 258 417 554 371
1 4 4
239 97 292 660
3 15 8
624 465 562 193 589 41 345 219
2 13 11
143 570 85 387 40 681 441 339 233 133 83
1 12 10
50 69 426 591 242 597 257 688 559 634
1 12 4
226 214 236 0
0 7 8
350 44 99 508 666 680 289 241
1 14 7
168 52 288 506 511 447 84
1 1 6
670 259 489 355 648 340
0 18 4
56 192 513 474
3 17 11
282 272 136 442 686 654 160 223 331 631 134
2 7 8
602 582 114 281 196 149 529 663
1 12 8
394 392 220 574 27 692 269 410
1 9 3
491 80 151
4 9 9
446 445 3 685 285 32 14 642 228
3 10 10
179 309 337 696 560 310 5 468 213 518
3 10 7
265 147 514 378 184 429 364
2 1 8
563 659 70 106 646 202 145 532
2 15 7
605 36 172 125 569 530 216
0 8 5
452 398 111 557 409
0 4 2
319 81
5 1 10
57 363 153 401 439 472 495 484 198 510
2 7 4
623 10 657 20
0 8 8
329 415 449 509 139 201 683 23
4 4 6
132 697 612 579 300 600
0 15 4
297 425 268 679
1 16 5
152 486 625 127 572
1 6 4
463 507 283 316
0 7 1
280
0 16 8
181 640 247 669 556 120 395 31
0 13 10
485 318 481 267 16 30 668 51 583 405
0 1 1
544
6 20 10
48 54 137 566 546 408 128 341 277 18
2 10 6
389 428 357 404 240 89
0 9 4
493 33 334 183
0 19 1
150
0 15 2
15 230
1 9 4
665 274 555 313
0 5 2
175 121
0 13 8
684 586 317 580 148 400 606 161
2 10 9
194 372 541 433 664 296 88 626 359
0 5 1
4
1 7 10
411 542 155 369 693 661 543 227 477 487
0 20 3
386 347 305
1 8 3
431 637 73
1 11 6
332 75 549 691 21 698
0 19 2
393 588
1 17 12
93 135 627 162 641 315 444 374 462 299 413 479
2 2 1
6
3 29 1
12
2 31 1
13
2 8 1
19
1 33 1
34
1 10 1
35
1 24 1
43
4 24 1
47
1 10 1
49
1 22 1
58
1 15 1
59
3 19 1
63
1 16 1
64
2 18 1
65
1 16 1
67
1 23 1
68
1 21 1
71
2 26 1
87
1 18 1
90
3 34 2
98 630
2 11 1
100
1 10 1
103
1 26 1
105
1 30 1
107
2 18 1
109
3 36 1
112
3 19 1
117
1 31 1
122
1 35 1
123
1 34 1
129
1 32 1
130
1 22 1
138
2 27 1
140
5 21 1
141
2 19 2
142 639
1 7 1
146
2 19 1
156
4 23 1
157
1 27 1
163
2 13 1
164
1 20 1
165
2 22 1
170
1 16 1
171
3 10 1
178
5 19 1
180
1 26 1
185
1 23 1
189
1 28 1
190
3 21 1
191
2 31 1
197
2 13 1
203
2 8 1
204
1 29 1
205
3 22 1
212
1 27 1
215
1 21 1
231
1 22 1
232
1 5 1
243
1 31 1
245
3 36 1
246
3 22 1
248
1 21 1
250
1 22 1
251
1 22 1
253
1 28 1
256
6 12 1
260
1 27 1
262
4 16 1
279
1 15 1
284
1 32 1
290
1 25 1
295
1 29 1
298
1 37 1
301
1 12 1
322
4 16 1
325
1 11 1
328
2 11 1
335
3 27 1
346
2 34 1
348
1 22 1
352
3 24 1
353
2 16 1
362
1 6 1
365
1 27 1
367
1 33 1
368
1 30 1
370
2 31 1
379
2 32 1
384
3 15 1
396
1 16 1
397
2 37 1
403
2 33 1
414
4 26 1
418
2 30 1
421
2 23 1
432
2 35 1
436
1 2 1
437
1 17 1
443
1 15 1
454
2 25 1
457
1 16 1
461
1 35 1
467
1 16 1
470
1 17 1
471
1 9 1
475
1 29 1
478
1 23 1
483
1 28 1
490
2 35 1
496
2 19 1
503
1 7 1
504
4 5 1
512
1 30 1
516
1 10 1
519
1 22 1
521
1 15 1
528
1 24 1
533
3 9 1
535
1 24 1
538
1 18 1
545
1 21 1
567
2 30 1
568
3 20 1
575
2 13 1
576
4 22 1
577
3 16 1
578
1 31 1
584
1 39 1
585
1 27 1
592
2 20 1
594
2 27 1
601
2 36 1
608
2 12 1
609
1 18 1
610
1 21 1
611
1 11 1
615
2 29 1
616
1 14 1
621
1 9 1
629
1 21 1
632
2 29 1
638
1 18 1
643
1 19 1
644
1 22 1
651
1 30 1
653
2 9 1
655
2 23 1
671
1 25 1
677
3 26 1
682
1 34 1
687
