700 229 1085 47
3 17 30 23 18 19 27 22 15 18 16 28 29 8 6 26 24 7 11 24 1 29 9 26 4 29 26 8 4 15 10 16 25 18 2 10 13 27 25 12 20 14 12 3 18 8 10 15 24 30 19 29 29 21 20 23 16 19 1 28 30 15 12 16 24 30 7 9 15 25 17 1 18 19 10 18 15 26 7 11 1 4 28 11 24 7 10 17 6 24 29 4 14 4 23 19 8 29 30 30 8 14 25 11 22 7 17 12 15 21 18 22 5 1 2 24 13 21 18 20 29 18 23 8 13 24 30 9 12 24 14 3 6 21 21 20 30 28 10 27 25 6 3 4 11 10 28 19 18 12 29 13 30 24 8 8 27 12 6 1 10 7 11 11 19 21 6 26 2 3 23 19 2 24 30 6 20 24 23 6 5 9 20 21 22 24 17 8 20 8 17 18 29 13 13 15 13 14 5 16 15 23 9 4 28 16 30 15 9 19 24 14 10 26 7 11 11 25 6 12 27 27 8 18 3 30 3 24 17 24 25 8 27 18 23 24 13 13 20 12 22 8 2 20 8 21 14 12 9 16 16 6 1 7 19 29 25 14 20 20 30 18 19 19 4 29 13 3 6 21 28 17 30 4 19 13 26 14 21 8 25 21 1 26 8 11 25 27 3 11 30 15 20 29 25 29 4 13 13 8 17 12 28 24 15 1 3 10 11 3 15 13 17 6 1 7 5 6 24 14 30 22 21 15 21 3 25 18 21 8 12 11 2 30 19 9 10 7 9 7 12 28 3 3 17 3 5 30 17 30 28 16 3 13 26 16 1 25 19 24 15 17 9 19 26 27 7 8 6 1 21 25 26 20 13 15 14 3 18 18 27 13 1 7 1 27 27 2 11 27 8 22 13 14 3 19 7 2 11 25 9 8 3 3 26 4 21 21 6 29 6 1 4 12 28 7 2 27 14 21 23 23 23 24 4 26 24 23 27 25 30 29 22 26 11 30 23 12 24 8 16 5 7 22 24 16 2 29 14 17 13 12 15 19 1 30 14 14 23 5 7 6 20 25 5 8 24 10 12 21 3 30 2 25 18 15 5 4 21 6 6 10 1 5 26 21 8 7 12 13 19 30 10 23 20 3 17 20 11 27 19 3 23 18 19 9 29 27 12 3 14 4 30 9 23 25 23 16 6 11 19 9 3 13 7 2 15 25 11 16 9 17 19 22 1 30 10 27 4 28 26 16 17 18 12 21 1 11 4 29 19 27 19 8 22 6 7 7 22 26 22 12 13 6 22 12 28 7 14 4 2 1 3 7 2 19 1 16 8 28 17 16 9 28 16 15 10 5 10 18 28 10 26 14 12 7 8 21 28 28 28 10 20 12 28 25 5 20 4 7 5 16 25 18 29 21 27 23 3 10 5 13 4 19 23 16 19 13 1 25 3 9 25 25 27 13 4 2 18 6 29 30 3 17 29 26 3 22 28 28 16 24 20 11 29 26 21 29 18 30 16 5 17 3 24 6 29 23 19 3 14 10 29 15 28 28 22 7 16 28 4 17 28 13 9 8 20 11 22 12 5 13 29 1 7 5 18 9 1 29
2 5 21 15 25 13 6 22 19 17 24 9 19 13 24 5 28 29 11 2 7 6 2 20 22 11 26 10 28 26 11 5 28 8 19 4 29 28 3 29 3 20 8 19 29 8 17 5 16 13 8 10 29 16 10 8 2 11 2 19 28 20 7 2 13 20 22 1 7 9 2 29 17 26 11 16 28 27 15 21 27 16 7 25 5 15 18 23 19 1 15 19 5 23 1 16 25 18 3 21 3 11 18 7 13 8 10 19 8 28 3 30 9 23 20 2 12 5 9 6 27 16 14 1 14 30 7 16 17 10 28 13 20 18 28 14 9 17 11 20 2 26 15 23 17 23 8 12 6 12 26 14 13 30 18 7 10 29 5 21 18 18 20 18 10 23 9 7 11 19 25 8 23 6 30 7 16 27 24 30 14 19 25 8 13 6 21 2 10 20 22 15 20 19 7 14 9 29 30 4 15 8 22 17 15 29 23 22 16 17 29 30 28 10 18 26 13 10 14 17 21 27 24 3 4 18 28 21 19 13 9 12 30 12 5 9 5 9 13 25 11 28 24 25 1 26 19 26 20 18 7 7 24 30 23 13 16 4 22 25 10 16 11 22 13 17 14 10 25 23 27 5 9 15 1 26 8 28 27 8 8 6 1 19 24 1 11 7 13 8 14 16 24 17 23 18 17 20 5 3 15 8 8 22 16 27 7 15 26 2 4 28 5 15 12 6 22 24 13 4 21 22 16 9 10 30 14 19 6 8 14 9 15 25 7 24 8 14 1 29 9 24 26 2 16 17 9 8 6 9 14 16 26 11 4 1 23 2 1 22 21 2 5 30 1 6 16 20 14 11 15 3 18 11 28 18 22 28 24 14 9 13 18 10 16 4 23 6 16 13 20 1 25 24 13 20 2 27 16 17 2 3 11 10 16 28 11 29 4 10 5 24 12 19 19 2 16 29 9 19 22 20 20 17 25 7 18 21 21 13 14 5 4 14 24 29 4 27 18 17 25 16 22 13 28 18 4 4 8 22 26 5 15 11 29 10 19 18 8 5 18 21 4 21 10 10 7 13 25 25 29 1 11 5 26 16 8 22 21 27 16 1 5 13 23 13 16 20 1 18 19 19 15 24 19 28 27 21 30 6 28 3 30 14 17 10 5 7 23 23 5 17 19 28 7 27 8 23 19 24 18 1 4 24 9 14 1 23 1 1 22 24 8 9 17 19 9 10 25 29 11 29 27 26 5 10 22 18 19 21 29 22 6 29 29 28 3 13 21 4 15 18 10 26 24 14 12 2 7 30 12 12 29 13 12 19 20 5 7 23 7 4 19 6 21 28 15 11 30 25 14 13 3 9 29 2 22 29 3 25 7 14 3 24 14 5 25 22 22 16 26 9 9 8 5 10 14 11 20 9 17 19 29 25 8 25 3 13 8 27 20 30 28 24 21 16 10 18 26 7 16 4 7 10 4 11 23 23 3 24 23 24 13 26 12 26 4 13 30 21 28 17 16 7 27 16 14 21 21 27 1 23 23 4 19 16 27 30 24 11 18 15 10 25 16 5 20 18 1 21 20 11 27 14 20 7 30 21 6 22
1 4 11
85 525 321 490 594 26 344 118 247 22 232
0 15 7
131 135 348 386 666 506 431
1 15 7
260 417 470 39 678 107 253
2 11 7
10 104 571 48 615 568 292
2 10 10
103 285 512 24 158 213 102 184 498 560
2 19 11
644 660 209 341 592 186 156 483 368 524 539
2 20 5
665 171 517 320 77
2 16 5
408 586 224 637 555
5 20 10
397 268 63 496 465 448 473 36 373 345
1 14 5
304 363 639 366 59
4 1 10
164 72 599 314 699 537 202 90 279 454
0 12 2
70 91
0 2 3
246 412 149
1 12 6
469 629 170 237 354 176
0 6 10
590 608 610 18 302 614 108 511 504 43
2 11 7
360 544 143 241 17 655 316
2 11 6
405 152 584 398 535 446
1 12 3
361 88 416
2 13 6
659 165 689 569 129 631
0 8 6
435 481 309 676 100 522
2 1 6
670 428 407 272 25 263
0 11 2
277 495
2 10 6
282 698 500 73 95 520
2 13 6
343 227 663 160 622 576
0 19 1
688
1 3 7
556 280 369 273 191 612 675
6 7 10
94 583 332 477 293 328 214 362 96 49
1 7 8
262 81 46 548 154 553 422 327
1 12 4
427 34 464 288
2 15 6
230 600 466 145 538 680
1 18 7
215 311 459 687 126 225 480
2 20 6
76 243 379 609 342 289
1 6 9
286 38 283 55 2 261 29 234 161
2 10 4
9 424 133 381
1 4 3
564 64 178
1 19 3
346 137 695
2 18 10
187 374 98 617 192 650 266 645 313 606
5 2 10
619 195 589 53 326 40 392 451 474 325
1 20 6
297 694 509 605 239 359
5 2 9
561 248 441 115 693 458 549 551 484
0 9 9
303 62 130 654 204 291 628 13 132
0 12 6
124 529 329 298 69 353
1 4 11
336 534 174 169 212 67 278 331 41 296 690
0 18 1
580
5 9 8
71 120 66 259 23 530 488 630
2 10 4
426 334 647 355
4 15 9
579 185 257 339 256 295 503 11 365
0 12 2
335 679
1 15 8
242 205 92 409 697 14 638 515
3 17 6
45 294 429 683 393 532
0 6 4
461 642 28 251
0 4 9
400 35 438 410 0 668 301 542 210
0 5 5
61 231 604 27 684
1 19 6
233 671 686 382 255 60
1 6 7
507 168 219 275 87 117 643
5 14 10
414 533 578 439 667 682 572 162 5 493
1 17 8
264 238 82 68 367 673 523 308
4 2 11
482 491 462 460 172 203 497 627 281 385 84
3 4 11
221 570 300 80 315 235 413 585 457 404 200
0 9 6
536 479 245 229 406 110
0 8 6
290 565 505 492 487 74
1 5 2
677 453
4 20 8
554 691 375 557 157 217 419 587
1 19 6
433 182 167 44 310 624
2 8 4
138 322 672 420
0 9 6
56 6 674 558 113 358
0 10 8
198 244 653 181 550 527 383 125
0 16 5
501 476 399 357 226
0 8 2
128 372
2 20 5
692 51 472 189 475
4 4 11
267 434 287 662 471 657 173 15 276 613 597
2 19 9
101 596 21 140 601 196 111 330 625
0 15 9
150 658 12 139 444 418 269 588 183
2 5 11
240 99 216 338 254 620 121 478 510 447 521
3 20 8
317 194 323 567 86 563 148 681
3 18 7
621 153 3 65 649 387 16
0 17 7
201 632 623 1 577 646 193
0 10 7
494 516 380 636 394 430 370
3 11 6
8 142 352 305 540 222
2 9 5
547 371 159 602 635
1 10 2
423 485
0 20 7
7 52 284 581 552 54 432
1 10 4
502 79 324 340
1 11 5
50 116 566 455 37
1 16 1
4
5 39 1
19
2 20 2
20 582
3 16 1
30
2 10 1
31
4 22 1
32
2 22 1
33
2 32 1
42
1 29 1
47
1 11 1
57
4 40 1
58
1 32 1
75
1 22 1
78
5 21 1
83
6 21 1
89
1 30 1
93
1 27 1
97
3 19 1
105
1 10 1
106
1 23 1
109
1 23 1
112
2 15 1
114
1 15 1
119
2 8 1
122
1 31 1
123
3 22 1
127
2 22 1
134
3 36 1
136
3 20 1
141
1 20 1
144
1 33 1
146
1 14 1
147
2 31 1
151
2 25 1
155
2 30 1
163
6 16 1
166
1 35 1
175
3 37 1
177
4 12 1
179
1 21 1
180
1 40 1
188
1 31 1
190
1 23 1
197
4 31 1
199
2 23 1
206
1 28 1
207
2 19 1
208
1 19 1
211
1 23 1
218
2 20 1
220
1 19 2
223 575
3 14 1
228
3 39 1
236
2 19 1
249
1 26 2
250 388
1 17 2
252 641
1 25 1
258
2 29 1
265
1 31 1
270
1 39 1
271
5 26 1
274
1 13 1
299
1 18 1
306
4 24 1
307
1 18 1
312
2 24 1
318
3 37 1
319
1 22 1
333
2 26 1
337
2 30 1
347
2 8 1
349
2 23 1
350
1 26 1
351
3 23 1
356
2 34 1
364
4 31 1
376
5 31 1
377
1 28 1
378
5 31 1
384
1 10 1
389
1 22 1
390
2 22 1
391
1 13 1
395
1 19 1
396
1 16 1
401
1 21 1
402
3 35 1
403
1 27 1
411
2 12 1
415
1 19 1
421
2 26 1
425
1 37 1
436
1 20 1
437
1 28 1
440
2 35 1
442
1 15 1
443
1 34 1
445
2 37 1
449
5 28 1
450
1 16 1
452
3 24 1
456
5 39 1
463
1 12 1
467
4 11 1
468
2 30 1
486
1 11 1
489
2 16 1
499
4 17 1
508
3 29 1
513
3 5 1
514
3 16 1
518
2 30 1
519
1 23 1
526
1 14 1
528
4 15 1
531
1 20 1
541
5 33 1
543
2 39 1
545
2 31 1
546
3 19 1
559
2 38 1
562
2 13 1
573
4 12 1
574
1 23 1
591
6 31 1
593
1 18 1
595
2 27 1
598
2 32 1
603
1 15 1
607
4 29 1
611
3 30 1
616
2 17 1
618
2 19 1
626
1 17 1
633
2 32 1
634
1 20 1
640
1 17 1
648
2 16 1
651
4 29 1
652
4 16 1
656
3 5 1
661
1 30 1
664
3 18 1
669
2 20 1
685
1 13 1
696
