1000 303 1550 67
28 6 28 22 18 23 24 19 23 13 13 16 2 2 6 11 30 17 6 6 20 18 5 2 13 4 10 6 16 12 12 10 9 26 26 24 19 2 20 7 18 14 7 28 14 21 3 19 11 29 16 29 24 24 17 8 17 26 11 25 10 13 18 11 11 3 14 1 21 25 4 12 10 4 17 21 29 18 4 19 8 25 5 26 3 9 8 19 26 6 22 18 1 15 18 11 9 15 26 19 23 18 21 13 17 30 6 16 1 9 23 5 13 21 26 18 10 23 15 11 4 28 14 3 11 30 28 15 29 1 11 11 20 29 30 4 8 24 20 2 19 4 2 13 20 25 28 29 5 18 18 30 17 26 6 16 4 8 12 28 12 20 24 30 30 12 14 19 3 17 2 24 1 3 14 26 27 12 18 24 21 9 26 18 12 16 29 2 17 7 10 30 9 30 6 29 2 29 1 28 22 15 27 17 3 14 14 30 21 30 10 3 16 29 16 29 9 1 4 25 6 28 26 5 21 30 9 14 29 26 12 3 30 25 17 8 7 28 1 6 30 2 27 8 21 21 19 3 8 30 28 6 29 9 21 29 15 17 6 1 6 30 7 29 6 30 20 16 21 22 19 14 30 24 15 20 4 26 8 24 24 15 2 16 14 11 16 14 9 29 7 27 22 2 23 2 6 14 20 20 16 12 11 29 6 17 15 12 23 1 18 22 9 26 12 21 28 19 29 6 10 3 26 14 14 4 6 14 29 6 12 21 17 8 5 24 5 3 27 25 28 5 5 15 28 7 21 27 10 12 3 30 17 9 24 2 19 17 27 14 2 20 18 19 26 28 2 20 8 18 20 9 5 3 16 9 28 3 28 6 21 27 17 30 2 27 27 8 10 11 12 3 26 26 26 18 13 23 3 21 20 12 22 14 28 11 18 14 26 9 1 1 15 7 25 13 24 16 3 9 9 29 24 18 8 28 30 25 10 2 4 6 11 14 13 14 22 21 9 14 3 18 7 5 12 16 29 23 12 6 25 22 23 29 1 21 1 25 8 12 5 1 12 29 4 30 11 5 24 4 12 5 25 3 1 2 25 10 26 13 3 11 17 28 27 22 13 29 23 8 19 7 23 19 26 5 9 6 13 12 11 19 8 12 5 13 26 19 1 6 21 13 2 16 20 21 25 4 7 7 27 24 3 24 4 24 26 25 20 24 15 3 8 17 2 14 10 6 20 28 8 7 17 17 27 11 2 2 22 24 5 17 24 2 17 22 9 7 8 28 6 5 21 19 29 6 23 22 21 5 6 27 8 23 17 2 20 23 12 2 5 3 14 23 24 20 5 5 4 28 25 16 25 5 18 27 29 29 16 23 12 24 23 1 21 24 28 15 4 29 29 10 20 9 22 27 5 27 1 27 2 30 30 8 9 16 30 9 28 24 9 3 27 9 26 6 17 8 16 12 30 21 30 22 3 2 4 6 1 9 12 29 18 29 7 26 13 10 8 6 9 2 10 30 20 23 23 17 9 21 20 27 16 3 6 5 8 18 20 8 18 26 11 5 10 13 4 23 18 28 24 24 5 13 29 3 18 10 8 17 26 21 13 11 1 20 3 17 7 13 25 15 27 19 30 17 5 23 11 5 20 20 1 9 29 3 25 17 3 28 29 6 5 5 3 14 7 6 26 6 16 11 8 23 25 26 1 5 26 11 13 21 24 27 1 16 10 8 4 30 28 22 19 11 1 30 21 14 2 5 9 22 30 29 2 1 19 6 17 16 15 14 1 15 19 9 9 19 30 21 28 13 27 9 27 18 24 17 20 6 27 25 13 5 12 23 24 22 3 26 11 10 12 29 30 19 4 16 25 10 4 23 25 18 26 5 11 15 12 11 20 28 16 26 18 2 27 9 25 21 2 2 18 25 4 24 4 8 1 21 18 17 9 10 17 16 25 15 22 8 14 19 27 3 21 25 27 27 21 27 28 29 17 13 11 4 2 4 28 6 28 22 13 26 2 13 5 18 25 11 19 19 18 26 6 11 5 13 10 4 25 8 15 11 5 6 26 15 8 12 21 24 20 6 14 21 9 12 19 1 16 8 1 6 18 10 18 24 8 25 17 20 23 16 21 19 19 23 11 24 19 10 7 17 10 28 15 6 14 29 22 18 30 1 21 22 8 18 15 6 10 27 28 17 21 29 7 6 15 17 7 6 18 18 1 29 17 24 28 21 21 13 15 8 18 22 21 11 26 5 9 10 30 10 13 9 20 12 18 2
13 2 21 23 11 5 17 24 25 5 3 8 1 25 14 15 26 2 9 19 13 12 8 29 17 2 14 20 1 19 24 19 23 1 1 24 4 9 24 23 2 23 3 29 6 29 18 7 20 15 27 3 29 28 2 25 17 3 25 7 25 16 22 2 13 12 2 4 17 19 25 28 13 8 20 2 24 20 5 10 22 24 17 3 21 22 8 24 5 21 17 13 30 25 24 25 7 16 21 12 23 22 8 5 7 16 7 12 20 25 18 16 17 17 26 6 7 10 17 12 14 26 17 27 27 24 13 5 11 27 1 17 29 27 4 6 12 1 8 14 12 5 5 3 28 27 24 17 30 15 10 17 3 5 17 4 16 21 26 20 22 17 9 3 2 17 6 20 1 11 30 9 23 6 29 10 14 8 11 13 26 15 2 22 14 26 7 9 21 15 11 29 24 6 5 16 13 19 27 21 17 6 28 24 27 3 26 1 25 9 28 29 4 5 10 6 27 25 27 5 15 16 8 9 17 1 11 20 20 19 4 18 14 23 5 18 7 23 6 28 23 1 6 29 12 3 22 14 26 1 20 1 23 30 7 21 14 21 23 16 20 1 9 5 11 15 14 1 4 4 13 11 16 5 27 5 10 16 8 28 29 27 13 5 8 3 12 17 5 25 18 4 1 5 29 28 30 26 6 19 5 15 25 6 25 5 13 28 4 2 23 13 5 30 5 23 18 15 8 19 2 14 15 25 5 18 15 20 16 11 21 1 29 8 18 2 1 14 24 5 21 17 13 23 20 18 5 30 2 16 7 24 2 16 5 18 6 20 21 11 4 17 24 22 9 4 22 30 12 19 3 6 1 9 5 27 8 12 29 16 5 5 22 15 10 22 6 11 25 27 16 29 20 15 27 25 6 8 6 5 17 13 4 4 25 13 22 4 9 6 19 22 4 20 2 18 13 19 30 3 7 24 19 6 19 8 24 26 15 30 24 6 10 16 6 29 22 26 27 21 5 8 30 9 23 15 14 26 23 28 19 8 6 20 5 29 25 15 23 7 26 19 24 28 3 25 9 18 5 2 16 9 28 6 23 4 11 17 11 24 1 28 1 19 21 8 6 24 10 4 9 1 28 21 19 4 12 12 23 17 13 10 13 27 24 23 16 29 24 25 2 6 11 1 12 22 11 13 8 17 22 22 25 23 13 20 30 4 2 25 23 15 17 1 17 28 15 3 11 10 17 29 12 5 22 25 5 30 24 24 23 2 1 24 6 6 23 29 10 17 16 3 12 1 21 18 29 14 22 24 6 27 24 23 9 26 23 10 15 9 21 26 29 1 29 28 5 23 22 2 18 18 5 22 19 11 19 4 10 21 19 7 27 10 22 14 28 29 5 30 23 2 19 28 7 25 20 12 10 12 18 27 25 16 26 10 17 3 6 25 30 15 16 1 7 9 30 10 28 11 17 2 21 15 27 2 17 16 25 16 17 27 28 28 24 23 14 6 21 10 12 12 10 19 9 24 24 4 14 28 12 17 25 2 4 12 4 27 6 2 20 20 4 13 3 6 23 12 9 17 12 13 11 24 5 26 5 8 14 22 13 3 13 7 15 6 22 30 30 26 11 7 16 8 21 27 5 5 19 14 10 20 1 11 29 5 28 14 21 28 29 23 21 2 19 17 26 18 10 30 29 2 4 21 29 16 24 7 4 2 22 27 7 18 27 30 27 6 23 18 23 24 20 11 21 3 9 25 6 28 4 17 26 2 29 15 10 22 15 5 6 22 6 23 20 26 1 9 23 18 16 3 18 25 19 5 4 6 15 5 20 1 17 27 13 17 15 7 11 8 25 10 12 18 21 16 30 3 20 9 2 20 28 19 29 5 14 5 4 7 25 1 8 11 17 25 25 4 27 6 3 10 7 24 14 9 7 15 5 16 12 2 17 7 20 18 25 4 8 18 23 1 16 23 13 5 20 12 29 22 23 7 26 10 12 26 17 8 24 6 27 12 25 12 13 25 28 8 17 7 3 1 7 11 24 28 13 28 9 20 11 30 6 14 16 10 21 11 19 8 2 26 15 9 25 11 9 19 5 5 6 5 24 14 5 13 9 26 20 22 18 18 9 25 18 17 10 16 6 22 15 6 17 24 7 13 1 4 25 28 28 25 9 10 23 13 23 10 7 20 21 22 5 24 26 26 28 14 20 13 25 15 12 27 18 11 18 29 9 23 17 12 30 13 17 28 20 6 22 19 24 11 10 7 13 6 17 6 18 27
8 7 15
923 33 10 641 906 99 810 580 703 902 368 463 76 759 145
0 8 5
676 396 229 808 577
0 7 10
890 358 206 721 343 274 698 372 91 931
0 16 4
426 881 185 821
6 5 16
272 176 247 452 420 221 437 287 309 632 415 562 610 655 805 574
0 5 12
124 214 820 908 431 615 567 829 98 734 8 935
0 11 5
646 864 212 667 936
7 2 12
289 967 201 147 718 112 794 444 584 366 410 471
4 20 9
998 65 405 188 266 213 756 918 978
2 7 5
417 714 742 984 117
3 4 9
239 253 727 852 811 153 321 473 203
0 4 1
62
7 6 15
947 434 903 847 645 172 915 819 28 675 142 856 95 736 133
8 17 14
318 619 709 481 21 508 883 682 414 511 648 792 134 36
4 10 16
600 799 14 332 963 342 730 795 312 680 920 199 421 855 369 362
5 8 14
231 845 168 523 173 61 597 39 861 788 776 292 492 733
3 18 6
532 950 651 402 350 391
1 11 15
100 880 566 418 27 717 534 111 495 846 103 114 370 232 101
3 5 7
555 997 462 159 432 557 60
1 5 6
769 422 457 771 240 449
1 12 4
267 781 780 719
0 1 2
952 121
2 10 13
75 248 413 68 681 406 82 30 506 331 583 836 525
2 9 13
839 773 758 26 19 679 602 992 630 400 933 294 86
1 8 3
284 385 696
2 20 4
715 323 115 445
0 14 2
833 166
3 1 14
664 196 613 125 11 877 755 374 466 626 951 105 813 568
1 10 4
536 929 518 322
1 20 9
160 700 146 395 429 241 876 220 563
0 16 2
122 141
1 5 8
428 77 705 181 522 53 50 866
2 20 14
119 594 909 879 67 453 692 814 672 974 710 257 458 224
1 14 6
300 278 762 661 171 636
4 17 11
110 982 262 995 972 245 339 488 356 447 895
0 7 3
3 382 922
1 8 5
921 859 550 138 169
1 5 3
561 507 760
3 15 12
513 570 571 271 484 971 470 999 605 38 964 627
0 13 13
770 765 183 35 673 956 851 244 135 729 775 313 898
0 9 12
357 748 910 913 514 281 450 802 238 47 543 327
3 4 15
191 251 958 515 394 349 503 994 298 489 107 78 237 126 381
6 11 16
317 749 886 411 747 486 669 29 81 892 824 335 189 750 137 969
2 17 7
425 732 763 49 938 275 723
1 17 4
990 491 386 73
2 20 10
376 739 575 631 889 498 401 177 590 699
4 13 13
416 900 685 884 509 966 246 825 934 822 337 379 72
4 12 11
996 228 767 109 930 787 965 658 842 474 544
2 3 4
804 764 916 654
3 7 12
299 397 706 430 905 904 724 344 871 671 614 256
4 19 11
647 106 891 464 547 427 599 591 701 403 136
7 17 13
782 1 649 702 874 857 924 928 243 740 490 475 363
3 6 16
690 835 559 373 955 80 926 907 70 22 170 540 192 236 609 316
2 6 5
639 197 308 830 441
0 10 4
200 140 64 741
2 9 14
132 674 143 44 582 90 144 283 607 250 553 887 329 419
1 2 6
943 738 548 151 735 404
7 19 15
878 108 233 333 945 793 707 285 315 868 617 638 927 15 293
4 9 12
96 131 280 286 384 854 541 193 291 629 303 31
3 7 9
693 371 87 165 853 896 941 578 539
2 14 10
377 757 443 351 784 623 210 249 152 625
1 8 16
380 465 653 652 324 451 552 448 618 746 800 389 127 460 744 423
4 11 14
296 424 554 320 330 949 4 558 18 156 545 885 932 311
0 11 15
480 677 624 305 940 865 149 211 355 354 163 295 817 326 961
4 2 13
454 288 635 981 235 48 983 979 516 336 659 611 207
4 6 12
314 604 254 712 438 478 519 944 737 268 469 869
1 10 6
953 778 310 911 668 435
8 7 14
468 387 691 621 807 9 678 576 276 174 528 976 683 408
0 8 2
643 640
5 9 15
535 258 587 809 622 255 565 398 25 531 598 592 694 215 227
0 1 5
970 650 279 925 505
1 12 11
831 687 37 306 297 616 367 549 818 546 689
2 17 8
472 485 786 722 190 849 527 497
1 13 14
844 7 148 823 595 102 798 499 439 24 325 252 186 63
2 6 6
657 791 872 348 388 848
1 13 4
85 530 261 195
6 12 12
586 194 277 123 338 986 520 129 551 16 914 304
9 14 14
182 526 993 901 620 634 959 873 644 991 113 524 838 223
1 2 3
58 987 12
0 7 3
977 840 593
3 17 8
157 17 589 23 94 628 269 826
2 5 6
412 743 957 803 783 204
1 14 5
695 985 179 863 834
0 13 5
150 222 104 84 347
2 4 7
55 569 290 837 572 790 579
6 24 1
0
3 15 1
2
4 20 1
5
1 22 1
6
1 11 1
13
3 19 1
20
4 22 1
32
3 20 1
34
7 32 1
40
1 19 1
41
1 25 1
42
4 24 1
43
5 23 1
45
6 17 1
46
2 22 1
51
2 12 1
52
1 13 1
54
8 12 1
56
6 32 1
57
5 23 1
59
2 19 1
66
2 26 1
69
10 16 1
71
6 25 1
74
7 17 1
79
3 17 1
83
6 18 1
88
1 13 1
89
1 10 1
92
2 20 1
93
5 35 1
97
1 17 1
116
1 22 1
118
2 8 1
120
5 12 1
128
3 21 1
130
1 23 1
139
4 26 1
154
4 27 1
155
2 23 1
158
4 9 1
161
5 17 1
162
1 10 1
164
1 19 1
167
1 33 1
175
3 11 1
178
6 7 1
180
1 20 1
184
7 21 1
187
3 18 1
198
4 13 1
202
7 24 1
205
1 22 1
208
3 16 1
209
6 21 1
216
4 29 1
217
1 11 1
218
1 21 1
219
2 23 2
225 517
2 21 1
226
3 24 1
230
6 16 1
234
2 18 1
242
6 12 1
259
3 10 1
260
3 12 1
263
3 22 1
264
1 30 1
265
4 36 1
270
1 13 1
273
1 13 1
282
2 22 1
301
5 10 1
302
2 13 1
307
2 16 1
319
2 19 1
328
1 17 1
334
4 20 1
340
1 20 1
341
3 18 1
345
4 17 1
346
3 23 1
352
4 30 1
353
10 15 1
359
1 16 1
360
1 13 1
361
1 27 1
364
4 32 1
365
1 27 1
375
1 22 1
378
5 16 1
383
3 19 1
390
1 19 1
392
4 28 1
393
3 25 1
399
2 7 1
407
2 11 1
409
1 11 1
433
1 19 1
436
6 18 1
440
3 24 1
442
3 6 1
446
7 30 2
455 858
3 22 1
456
1 18 1
459
1 15 1
461
5 14 1
467
1 18 1
476
1 23 1
477
2 6 1
479
3 12 1
482
3 16 1
483
6 13 1
487
3 12 1
493
6 13 1
494
5 19 1
496
4 39 1
500
1 8 1
501
2 25 1
502
1 20 1
504
3 28 1
510
5 14 1
512
6 15 1
521
2 23 1
529
2 19 1
533
1 20 1
537
1 22 1
538
4 8 1
542
4 26 1
556
3 23 1
560
2 17 1
564
4 29 1
573
3 26 1
581
1 13 1
585
2 15 1
588
3 7 1
596
5 18 1
601
1 15 1
603
7 13 1
606
2 12 1
608
1 26 1
612
5 7 1
633
3 20 1
637
3 9 1
642
4 24 1
656
8 11 1
660
1 27 1
662
2 17 1
663
4 15 1
665
2 26 1
666
4 18 1
670
3 18 1
684
5 13 1
686
3 29 1
688
4 17 1
697
3 17 1
704
1 23 1
708
3 19 1
711
3 21 1
713
2 33 1
716
1 30 1
720
2 15 1
725
1 14 1
726
4 21 1
728
2 9 1
731
2 31 1
745
4 24 1
751
2 20 1
752
3 19 2
753 939
1 20 2
754 806
1 16 1
761
6 12 1
766
1 25 1
768
1 17 1
772
4 12 1
774
3 27 1
777
2 27 1
779
6 27 1
785
1 14 1
789
5 28 1
796
1 22 1
797
8 10 1
801
1 14 1
812
2 12 1
815
1 23 1
816
1 25 1
827
3 26 1
828
3 11 1
832
2 19 1
841
4 37 1
843
2 19 1
850
10 24 1
860
2 26 1
862
1 21 1
867
6 20 1
870
6 20 1
875
2 24 1
882
5 12 1
888
1 5 1
893
4 13 1
894
1 31 1
897
3 21 1
899
2 33 1
912
4 38 1
917
6 15 1
919
8 12 1
937
2 13 1
942
1 19 1
946
6 15 1
948
4 27 1
954
1 15 1
960
4 14 1
962
3 27 1
968
6 14 1
973
1 14 1
975
2 39 1
980
3 27 1
988
1 33 1
989
