700 239 1085 4
23 22 15 30 25 19 20 22 26 2 5 2 25 2 14 23 9 28 25 8 30 8 3 18 3 25 12 3 28 30 9 5 19 25 10 10 2 24 21 14 1 3 8 3 11 28 15 11 26 18 17 5 30 21 2 4 1 2 23 30 7 19 11 19 2 14 24 19 25 21 28 10 26 25 24 19 8 10 28 28 19 27 2 27 1 17 24 2 4 1 2 13 5 1 30 10 15 27 12 7 26 5 4 15 7 7 29 16 5 26 2 9 7 3 6 30 27 12 29 16 14 1 29 26 11 4 19 15 9 30 27 11 17 26 2 13 9 9 11 16 20 17 17 5 25 24 2 29 4 20 27 30 5 6 27 10 15 10 6 18 30 15 17 20 21 10 20 26 2 11 6 3 7 30 23 18 22 15 19 30 23 16 28 5 7 3 6 20 23 14 10 22 24 15 13 21 7 16 26 27 15 28 25 8 1 29 27 7 23 2 20 24 21 29 28 30 27 5 16 30 23 5 25 19 21 19 8 10 11 11 11 9 22 10 11 8 10 2 28 30 30 9 7 1 30 29 12 1 1 4 9 20 9 26 5 20 18 22 23 21 14 23 19 2 13 20 30 2 1 17 27 25 18 3 28 4 5 8 13 7 11 9 27 19 14 3 24 23 18 9 29 2 9 18 22 23 24 19 4 21 28 15 18 12 12 4 12 8 16 3 12 10 1 22 20 29 11 22 21 20 6 23 11 7 7 14 14 2 15 14 26 8 17 21 25 9 26 27 29 30 13 10 5 26 11 21 16 17 2 16 1 26 1 4 12 6 27 26 27 5 12 21 16 9 24 3 30 6 5 29 8 18 24 24 23 7 7 8 23 10 10 25 3 17 8 16 9 4 14 20 14 25 3 5 15 9 24 20 1 4 10 14 3 1 22 7 8 28 7 28 24 22 9 5 25 15 28 19 26 29 5 12 22 16 30 29 18 11 30 11 15 30 18 15 10 10 9 26 23 22 29 6 9 30 27 13 25 3 28 8 16 21 1 15 10 10 13 7 5 27 20 28 29 13 16 8 6 26 7 9 12 12 14 6 5 24 19 7 23 25 6 2 26 30 17 8 14 23 23 24 8 27 17 6 17 23 25 28 28 17 29 4 10 3 30 6 11 6 10 5 5 19 11 10 20 30 29 27 26 16 13 5 30 21 27 19 29 22 16 12 5 21 7 14 16 20 6 8 20 15 22 15 11 27 18 1 23 18 10 17 15 24 10 17 22 26 6 14 29 25 28 8 7 8 21 20 19 8 15 9 12 28 11 6 30 26 24 27 10 27 4 6 19 24 17 24 24 7 7 14 2 9 28 10 17 24 26 26 9 29 14 25 9 2 8 27 10 19 13 1 5 6 18 11 20 7 18 20 12 9 5 16 4 19 7 28 11 6 7 24 23 14 14 29 17 27 9 28 18 13 26 8 30 16 28 2 19 21 2 4 24 29 1 20 30 27 20 15 28 11 11 27 6 29 20 22 3 19 4 12 7 22 21 22 11 22 11 25 27 10 29 16 9 11 2 30 23 12 30 10 12 21 3 13 5 12 14 22 28 15
27 29 5 17 3 9 18 16 28 28 20 17 19 22 14 12 2 8 27 9 28 28 26 30 18 24 24 5 28 6 2 16 25 29 25 11 18 18 17 30 3 5 28 14 12 26 10 4 7 11 24 10 9 16 6 10 15 18 6 24 10 13 15 14 9 6 28 5 5 13 15 3 5 20 17 20 9 26 5 3 6 29 28 3 22 9 24 27 20 1 16 2 29 9 9 12 17 10 18 11 9 13 28 20 30 5 2 1 4 3 8 8 2 1 9 15 21 2 7 2 28 6 11 19 1 24 10 21 11 19 26 27 10 23 20 5 6 7 17 27 25 1 5 16 27 1 2 11 26 28 22 12 6 3 16 24 30 13 2 6 23 22 13 28 19 22 23 18 3 2 14 8 12 12 26 25 13 2 3 7 11 9 21 10 16 20 4 4 6 19 3 20 15 11 12 10 28 11 22 15 20 3 13 18 17 29 29 10 17 8 11 12 30 2 12 18 5 9 1 28 12 25 5 7 9 18 16 5 16 6 15 26 12 30 29 12 22 3 8 27 26 26 11 4 23 28 24 26 28 3 18 7 25 20 14 12 18 16 20 10 4 5 7 26 24 15 23 27 18 22 25 24 23 9 1 8 15 16 20 18 7 24 28 19 1 30 18 20 5 5 29 25 29 4 23 7 17 29 7 17 30 3 22 5 27 16 17 9 13 18 4 18 2 6 5 6 23 22 5 29 25 16 5 9 20 16 2 10 24 6 14 6 20 25 25 9 22 11 27 8 15 8 3 29 22 23 15 5 11 17 15 16 28 27 22 24 28 30 12 12 22 11 3 12 21 20 29 13 7 17 22 5 18 12 7 8 28 8 12 1 24 22 19 19 14 27 28 22 27 19 10 19 16 28 23 10 26 8 26 19 2 16 5 25 25 29 5 13 24 25 14 10 28 2 11 30 18 10 11 22 15 13 1 20 17 7 17 9 21 21 28 16 27 4 3 15 24 26 9 25 7 13 27 5 24 22 14 26 21 23 8 11 4 15 24 16 21 6 9 6 20 2 22 24 22 15 7 4 22 28 30 25 11 13 28 4 24 20 26 28 20 28 3 11 23 20 5 16 27 9 5 9 11 13 2 2 3 5 24 29 29 26 9 19 27 10 30 25 23 17 19 25 4 12 1 28 2 8 3 27 5 28 3 5 27 21 18 5 8 4 6 15 20 26 5 15 6 11 15 15 17 15 24 20 19 1 19 7 10 17 11 8 24 17 27 22 11 27 23 3 8 22 7 21 9 22 15 26 14 10 9 24 15 9 6 17 25 11 2 16 22 3 11 25 15 8 27 7 2 9 26 20 17 14 21 10 12 18 27 19 12 26 17 27 17 4 6 30 15 23 16 3 22 30 2 16 24 30 12 22 19 1 14 23 1 7 26 6 21 30 30 7 17 16 24 19 10 3 14 27 3 15 28 13 7 16 2 5 11 4 14 7 16 20 7 17 10 1 10 4 26 13 29 11 30 8 3 5 2 22 1 6 4 24 6 30 14 28 10 17 30 11 3 5 8 11 25 23 22 19 27 17 2 22 1 17 6 16 26 19
1 8 4
273 557 493 387
0 2 2
417 400
1 11 4
422 328 214 184
1 8 2
289 284
0 4 1
185
0 1 5
629 104 551 177 10
3 10 7
283 96 149 563 278 248 269
2 18 9
319 178 88 9 202 105 50 435 175
1 9 3
606 174 305
2 3 6
172 363 170 599 649 541
2 11 7
19 553 605 77 656 584 287
2 16 5
473 371 671 509 133
4 7 10
58 457 586 100 486 290 593 43 112 340
2 6 10
362 12 108 84 65 458 345 310 685 282
1 1 3
699 339 169
3 14 6
429 646 564 45 107 213
0 20 4
492 91 80 638
0 20 6
382 689 549 116 180 411
1 6 2
229 134
3 13 13
60 223 215 620 27 209 336 511 268 165 675 67 613
0 1 1
630
2 10 10
270 219 318 383 499 546 588 140 434 79
4 17 9
292 8 377 522 227 71 39 2 657
0 9 11
623 28 543 176 194 644 635 53 302 361 250
3 11 6
311 669 296 439 508 294
1 1 3
210 456 148
1 15 13
621 426 285 450 446 616 20 173 114 589 179 615 420
1 7 4
548 410 136 664
0 20 4
280 353 279 441
1 12 10
156 113 518 93 359 124 403 414 666 155
1 5 3
490 303 102
1 6 6
451 409 78 242 34 320
2 16 10
534 233 106 237 556 583 235 612 697 634
1 2 7
679 618 150 514 692 601 276
4 7 10
121 247 189 97 144 158 334 6 645 559
3 18 8
211 539 162 224 30 500 480 139
0 7 3
132 696 370
0 19 4
454 482 358 533
0 4 4
16 512 74 11
2 5 8
274 375 542 291 690 354 659 397
1 8 3
531 157 464
0 19 1
75
2 4 4
401 425 596 59
5 15 9
297 332 663 341 637 384 101 641 437
1 10 7
49 459 485 263 254 513 423
0 4 3
123 191 275
0 1 2
471 466
0 17 3
300 402 0
1 3 4
540 639 122 125
2 6 8
472 527 658 23 17 316 315 521
0 1 5
418 609 330 519 580
4 8 7
193 419 476 516 445 24 506
0 11 5
42 351 364 676 98
0 1 1
249
0 11 2
199 266
0 18 2
357 591
1 9 3
667 231 498
2 9 9
547 443 497 462 550 433 395 111 145
1 4 3
117 643 530
2 19 11
590 143 529 416 190 167 444 118 255 582 578
3 7 6
568 186 244 293 258 488
0 12 2
188 374
1 5 5
569 326 688 228 153
4 9 11
661 526 38 57 322 251 651 356 674 81 187
0 13 6
491 261 253 562 277 120
1 16 6
577 467 257 368 218 225
1 2 5
698 267 415 346 260
4 8 10
438 70 538 29 301 565 595 56 64 262
0 5 9
672 614 575 677 321 181 570 404 693
1 7 5
448 230 503 537 558
2 2 4
222 376 21 313
1 16 8
631 82 95 47 611 83 647 678
1 1 10
350 436 381 212 407 487 625 85 505 327
2 13 4
1 306 654 7
3 11 9
610 455 18 94 265 391 640 421 349
0 8 1
430
5 17 10
183 648 523 406 581 48 632 510 502 571
1 9 5
36 304 271 642 337
2 14 7
154 572 33 682 200 379 665
0 8 2
496 226
1 10 5
90 220 579 560 494
4 12 10
608 324 633 51 325 259 246 463 469 52
2 13 8
393 655 495 367 166 137 147 394
1 1 4
489 197 207 239
3 12 9
413 216 55 372 528 272 256 298 408
1 15 5
597 5 452 504 545
2 16 8
338 164 163 241 329 479 554 25
4 19 13
171 585 160 126 343 691 576 206 587 138 412 99 115
0 12 4
87 309 205 131
0 3 6
432 243 544 652 525 72
3 15 9
236 31 380 428 119 128 333 405 628
0 10 2
536 524
0 16 6
683 392 161 146 478 477
1 25 1
3
1 5 1
4
3 27 1
13
1 6 1
14
2 33 1
15
3 15 1
22
1 27 1
26
6 17 1
32
1 18 1
35
1 30 1
37
3 18 1
40
2 17 1
41
1 28 1
44
3 29 1
46
1 25 1
54
2 23 1
61
1 24 1
62
2 18 1
63
3 35 1
66
1 20 1
68
4 34 1
69
3 23 1
73
2 13 1
76
7 34 1
86
1 20 1
89
1 11 1
92
3 17 1
103
1 28 2
109 323
1 20 1
110
1 18 1
127
3 15 1
129
2 3 1
130
1 28 1
135
3 17 1
141
3 9 1
142
1 2 1
151
1 14 1
152
3 20 1
159
5 29 1
168
1 38 1
182
2 25 1
192
3 16 1
195
2 8 1
196
1 14 1
198
3 18 1
201
1 19 1
203
3 31 1
204
3 10 1
208
2 17 1
217
1 33 1
221
3 28 1
232
1 6 1
234
1 12 1
238
1 14 1
240
6 14 1
245
2 23 1
252
3 20 1
264
1 11 1
281
3 26 1
286
1 25 1
288
1 17 2
295 673
2 14 1
299
1 17 1
307
1 36 1
308
1 9 1
312
1 35 1
314
2 23 1
317
2 19 1
331
1 16 1
335
1 19 1
342
2 26 1
344
3 19 1
347
2 21 1
348
1 6 1
352
3 21 1
355
1 3 1
360
1 18 1
365
2 20 1
366
1 8 1
369
2 5 1
373
2 22 1
378
2 12 1
385
4 23 1
386
1 15 1
388
1 4 1
389
1 2 1
390
1 10 1
396
1 28 2
398 449
2 9 1
399
1 30 1
424
2 18 1
427
1 27 1
431
1 26 2
440 520
4 20 1
442
1 18 1
447
3 17 1
453
3 17 1
460
1 21 1
461
5 29 1
465
1 17 1
468
1 8 1
470
4 14 1
474
1 7 1
475
2 16 1
481
1 21 1
483
2 17 1
484
1 25 1
501
1 4 1
507
3 15 1
515
1 36 1
517
2 13 1
532
1 24 1
535
1 25 1
552
2 12 1
555
1 24 1
561
4 18 1
566
1 17 1
567
1 18 1
573
1 31 1
574
1 15 1
592
3 9 1
594
2 26 1
598
3 17 1
600
1 33 1
602
2 12 1
603
4 21 1
604
1 21 1
607
2 29 1
617
1 11 1
619
1 20 1
622
4 14 1
624
4 20 1
626
2 12 1
627
2 10 1
636
1 19 1
650
4 28 2
653 684
1 17 1
660
1 5 1
662
4 20 1
668
3 16 1
670
4 20 1
680
2 25 1
681
4 21 1
686
1 31 1
687
5 30 1
694
3 25 1
695
