300 139 465 2
2 15 1 13 20 11 23 23 11 23 17 2 26 29 1 18 10 30 15 28 28 4 30 18 6 20 14 13 13 3 13 18 24 15 11 1 2 22 2 5 1 27 24 1 18 6 9 18 24 15 27 25 16 14 16 16 12 4 10 15 22 11 12 20 14 28 9 24 30 5 6 22 13 21 12 5 20 22 28 23 2 1 23 3 8 4 28 17 20 19 17 24 12 18 24 22 6 18 9 8 12 12 20 12 7 19 30 13 2 26 8 16 21 10 30 13 6 25 18 12 18 30 10 10 1 16 25 19 6 30 20 15 12 28 13 26 22 22 27 4 30 9 22 3 15 14 23 28 1 3 20 3 2 22 23 11 17 5 6 30 2 17 22 9 30 29 20 1 8 10 8 8 22 7 4 19 11 29 22 6 1 23 4 30 29 19 7 24 15 4 8 29 11 18 2 6 3 5 13 23 3 10 13 15 4 5 30 19 27 16 13 8 20 26 19 13 20 8 16 6 23 4 2 16 22 2 5 29 25 26 7 22 5 17 12 22 29 22 2 14 21 25 2 23 2 10 16 22 21 3 12 28 22 12 5 9 20 18 25 22 27 18 24 12 27 13 7 12 13 18 17 27 5 8 7 2 12 24 10 19 2 13 10 18 6 21 15 22 22 28 18 12 21 25 25 17 1 13 17 5
1 28 13 3 5 10 23 19 29 5 6 30 3 22 15 17 22 16 28 18 19 12 13 16 15 13 27 7 7 15 22 5 18 7 11 21 7 21 7 9 3 17 27 20 28 19 28 29 23 10 28 25 6 20 29 9 17 3 27 23 25 5 8 2 26 3 3 29 4 7 12 10 6 19 29 26 10 14 30 29 1 16 13 30 13 29 9 22 13 28 21 6 13 15 4 16 8 18 10 15 22 20 13 5 29 28 26 23 2 9 30 30 20 1 15 9 5 22 4 12 13 7 10 10 18 24 28 27 5 7 3 1 23 12 12 30 28 13 10 3 26 7 4 25 13 8 28 17 2 21 22 3 23 1 3 27 19 7 6 28 27 3 12 20 7 14 29 20 18 3 11 5 16 28 16 7 19 20 30 5 9 21 25 29 7 3 21 8 26 7 1 18 14 12 18 22 16 14 23 23 20 2 9 5 1 23 14 2 14 24 26 16 2 30 8 21 29 28 23 29 20 27 22 13 4 16 14 1 24 6 3 9 23 14 4 15 6 1 16 7 5 22 30 21 10 3 21 20 25 12 9 19 21 26 29 28 5 23 5 24 6 29 21 8 25 25 19 3 24 3 1 1 14 1 23 13 23 27 22 24 27 16 24 4 5 3 18 5 16 8 29 9 10 4 21 2 2 3 14 1
0 15 2
40 122
2 8 4
92 127 251 268
0 1 4
286 208 17 191
0 16 3
172 46 290
0 19 2
87 153
0 2 4
207 80 82 287
1 5 2
28 169
0 16 3
54 256 180
1 15 2
38 160
0 12 2
102 67
1 9 4
99 271 154 103
2 19 5
27 298 66 105 114
0 13 3
95 130 3
1 1 3
225 299 60
0 1 2
238 112
0 5 3
106 239 156
0 17 2
237 98
0 3 2
12 141
1 4 3
295 62 138
0 18 5
25 165 86 116 73
0 11 4
184 204 274 212
0 4 2
77 183
0 13 1
177
3 13 5
13 19 269 140 163
0 4 3
64 48 254
1 3 5
253 158 216 219 83
1 3 2
270 5
2 6 4
61 57 242 10
2 17 5
79 118 9 88 185
0 11 2
43 220
0 10 2
120 157
0 12 3
21 134 236
1 10 3
1 213 210
0 17 2
42 166
2 15 4
6 18 4 113
1 9 2
221 144
0 7 3
272 196 241
1 15 3
96 243 132
3 18 5
78 252 69 94 266
2 2 5
231 168 58 143 128
1 6 2
197 275
1 17 2
267 16
1 2 3
209 139 108
0 20 1
124
0 10 2
288 202
1 12 2
89 137
0 5 1
232
2 15 4
292 33 193 186
0 17 4
201 23 129 20
1 13 4
152 155 91 245
2 1 4
75 85 284 293
0 20 3
72 194 258
1 10 6
90 263 179 101 81 145
0 13 4
36 107 148 70
0 11 2
29 264
0 11 1
32
1 2 4
187 294 296 195
1 6 3
151 214 285
1 20 2
126 260
0 16 1
71
0 1 4
110 55 149 182
1 4 2
297 49
1 6 5
200 199 265 100 215
0 15 2
53 133
2 17 6
59 222 115 63 14 277
0 6 5
44 211 250 136 35
1 20 2
52 175
0 7 3
189 24 273
0 11 2
51 135
1 17 3
150 203 104
0 10 1
93
0 8 3
50 289 227
1 13 6
56 84 235 41 246 8
3 9 6
279 147 74 162 142 281
1 3 4
159 121 247 109
1 14 2
198 174
1 21 1
0
1 25 1
2
1 34 1
7
1 12 1
11
1 28 1
15
1 24 1
22
1 11 1
26
1 21 1
30
1 12 1
31
1 13 1
34
2 4 1
37
1 22 2
39 119
2 12 1
45
1 19 1
47
1 19 1
65
1 13 1
68
2 20 1
76
1 9 1
97
1 27 1
111
1 12 1
117
1 21 1
123
1 28 1
125
1 10 1
131
1 19 1
146
1 17 1
161
1 24 1
164
1 21 1
167
1 7 1
170
1 8 1
171
2 11 1
173
2 14 1
176
1 20 1
178
1 30 1
181
1 16 1
188
1 21 1
190
1 31 1
192
1 20 1
205
1 14 1
206
1 27 1
217
1 7 1
218
1 24 1
223
1 21 1
224
1 30 1
226
1 25 1
228
1 26 1
229
1 21 1
230
1 29 1
233
1 17 1
234
3 10 1
240
2 19 1
244
1 23 1
248
1 29 1
249
1 23 1
255
1 17 1
257
1 22 1
259
1 20 1
261
2 30 1
262
1 24 1
276
1 16 1
278
1 8 1
280
1 13 1
282
2 29 1
283
1 28 1
291
