1000 285 1550 6
6 28 4 4 12 10 8 24 26 7 9 10 6 2 20 23 17 21 14 28 28 4 10 12 25 18 26 19 21 2 14 15 22 17 30 29 4 4 23 11 17 8 8 17 29 21 11 8 18 21 11 18 14 11 18 1 21 28 15 22 15 1 11 16 27 5 1 14 20 28 11 9 18 16 27 24 5 29 24 2 17 1 24 13 30 25 17 8 9 4 6 7 17 3 3 28 10 13 20 25 27 5 26 6 29 27 26 6 10 13 18 24 20 23 23 20 16 5 5 29 18 17 27 6 29 12 27 24 27 15 15 20 19 1 26 22 29 21 1 9 21 5 2 15 5 20 26 17 11 25 9 22 9 3 12 11 22 6 13 7 9 26 9 14 1 12 1 20 22 13 25 11 13 14 24 4 17 13 21 10 11 14 13 5 3 22 25 21 8 5 22 30 3 27 9 30 6 5 16 20 10 16 13 1 18 25 17 1 17 20 8 17 11 25 7 4 25 3 5 5 25 14 11 7 4 14 20 23 20 24 5 16 17 16 1 6 10 17 21 10 19 12 29 15 12 29 21 18 3 25 29 1 7 10 10 26 6 14 20 24 16 10 7 2 7 30 24 3 27 17 23 22 27 7 11 27 8 6 1 28 23 25 8 8 18 12 14 4 14 25 21 13 8 13 18 1 11 1 1 22 30 17 19 28 19 2 11 14 16 8 9 25 17 25 19 3 28 12 4 9 9 2 22 22 29 16 20 29 22 3 22 1 1 5 5 15 22 27 13 22 24 28 6 12 27 11 17 4 7 1 16 25 29 17 25 25 23 30 4 20 16 10 10 15 22 23 1 19 16 18 20 27 7 24 14 17 6 4 16 24 19 22 26 27 6 13 24 20 5 16 5 2 21 23 4 4 19 26 9 18 23 21 4 9 24 7 19 22 23 4 24 30 12 23 10 25 1 25 2 15 26 12 6 16 9 22 4 5 11 23 29 5 20 26 28 26 1 6 7 2 7 14 17 21 20 7 21 13 23 12 19 10 14 18 3 3 24 6 27 19 1 5 2 20 22 29 18 7 1 16 25 23 15 29 9 8 10 15 17 25 16 18 29 9 30 19 14 17 9 16 30 7 6 12 6 17 12 27 20 25 13 12 23 6 27 14 28 28 18 13 21 26 2 25 27 13 1 19 2 4 11 1 20 17 20 12 18 1 10 30 6 18 14 22 24 22 1 2 29 1 15 10 14 30 9 29 14 21 25 16 17 5 14 12 12 17 9 19 28 17 6 26 5 16 27 2 16 18 22 8 11 16 3 3 26 23 1 13 7 25 23 16 3 5 10 30 5 21 16 21 7 27 21 16 6 2 29 28 4 12 4 12 25 1 12 28 8 30 26 13 14 13 15 20 7 29 27 24 7 2 24 21 28 23 24 11 30 11 2 13 3 10 19 3 3 12 12 13 10 30 10 25 26 29 13 7 27 10 23 12 10 15 14 2 7 22 14 30 21 29 28 10 17 6 29 7 8 17 20 29 25 30 10 1 3 18 24 22 30 19 29 23 27 25 22 12 7 19 5 16 18 24 22 1 16 10 26 26 16 20 16 5 12 9 25 27 26 18 15 17 30 11 21 23 22 16 5 11 17 2 5 22 21 30 9 1 28 7 11 12 16 5 21 24 26 10 9 23 23 30 23 23 24 6 1 11 3 28 16 20 6 6 22 19 30 24 27 17 8 6 8 26 2 12 27 18 6 8 22 18 3 22 4 2 15 13 26 1 5 6 23 29 7 12 11 20 17 14 22 7 11 28 30 19 12 27 19 18 15 19 24 12 9 24 25 6 26 29 16 22 27 10 16 19 22 12 20 14 8 24 18 21 30 10 7 14 26 12 24 9 20 23 3 22 2 24 16 12 16 27 24 30 25 19 19 27 23 7 12 15 18 7 2 23 14 17 9 28 29 26 10 6 29 28 15 30 14 12 17 20 8 23 24 25 8 9 12 16 14 29 28 4 16 18 3 10 29 21 20 16 14 3 12 16 18 10 1 3 26 25 10 19 7 13 14 10 6 21 13 11 16 23 4 13 23 2 28 28 10 9 24 24 21 26 15 2 5 3 14 1 22 6 26 8 2 8 29 25 17 26 3 26 29 13 8 13 26 5 5 27 8 16 21 30 26 15 20 21 20 15 23 2 8 26 10 1 4 26 19 15 7 30 12 13 16 20 9 22 17 7 1 23 28 16 14 11 8 9 25 28 2 16 13 24 17 2 13 22 23 30
1 30 26 5 3 22 12 14 29 4 10 30 28 21 12 25 5 30 12 11 15 9 27 13 15 22 27 19 4 20 13 16 20 15 13 14 2 2 13 17 7 16 12 19 27 19 29 30 19 8 8 7 13 21 17 6 12 11 2 18 25 16 24 27 1 8 14 11 28 30 29 2 17 8 14 23 27 5 4 21 29 21 18 26 24 17 9 8 24 29 26 22 17 25 5 24 27 26 9 22 13 12 22 19 22 4 30 8 2 3 26 9 11 15 4 3 24 19 8 28 26 24 11 1 9 23 16 28 21 29 22 17 28 4 23 20 15 1 19 16 30 19 18 10 1 19 23 18 10 3 4 19 5 1 3 29 2 25 26 20 1 19 30 6 29 11 10 17 14 29 29 16 1 20 3 14 27 4 2 3 21 26 22 13 29 4 5 26 7 20 29 28 14 20 3 12 20 4 11 17 4 22 8 25 20 7 28 29 2 8 21 4 22 7 20 11 29 21 21 13 7 2 10 26 9 3 4 16 12 4 14 15 10 19 11 22 9 6 18 15 12 5 15 13 3 30 20 30 4 27 6 25 27 13 18 6 13 17 13 2 24 9 4 29 23 16 16 10 5 23 19 3 16 1 16 16 20 17 1 14 1 18 20 2 12 4 3 1 19 17 4 6 20 18 5 7 24 7 8 5 21 10 21 7 24 12 16 24 5 10 6 11 13 12 13 24 27 25 26 25 28 1 16 12 3 8 22 28 20 11 20 3 26 23 11 19 2 27 11 13 24 8 26 5 10 14 11 1 4 27 25 4 20 13 25 6 1 5 7 2 2 22 12 28 20 3 8 9 17 23 29 12 7 18 27 26 21 21 23 17 17 5 26 24 23 8 30 12 20 29 13 20 28 26 3 7 23 6 5 15 17 2 10 10 26 11 26 10 17 8 11 22 6 24 22 17 12 7 21 25 11 25 11 11 3 14 14 19 1 29 19 6 13 26 22 22 20 14 26 4 6 18 25 10 19 8 22 8 8 8 23 14 24 26 5 3 19 5 12 1 9 14 15 24 11 3 21 9 30 10 24 18 5 1 9 4 28 27 8 2 8 13 2 5 25 7 4 5 3 21 2 20 3 19 9 9 15 6 9 30 18 17 6 8 27 21 12 1 30 21 28 11 20 26 26 9 28 7 26 2 19 11 1 30 20 29 6 20 27 26 17 11 13 25 17 20 7 27 9 20 30 25 5 20 27 22 14 1 5 6 4 29 11 2 13 21 12 13 17 9 14 23 22 30 17 17 6 17 17 9 19 30 14 7 2 14 4 5 4 9 26 2 6 2 27 19 24 19 13 12 9 19 23 23 1 14 3 28 10 4 28 26 11 8 24 21 14 24 22 8 5 15 16 27 5 25 7 14 26 15 17 1 9 22 17 20 24 25 12 12 13 18 23 28 21 24 15 10 23 18 2 24 10 9 20 16 6 10 2 10 12 27 9 20 27 14 7 8 11 16 22 28 13 23 24 28 27 20 24 4 17 1 15 8 20 20 18 22 23 17 26 14 23 27 17 21 8 6 24 4 8 14 6 16 7 7 18 21 5 13 17 14 19 8 25 4 19 20 8 27 28 2 7 2 13 9 26 2 20 25 26 11 5 27 9 28 3 10 16 17 5 27 4 9 9 11 4 24 21 23 10 19 22 13 6 1 23 14 16 23 8 18 22 25 21 18 18 21 23 8 9 4 5 21 21 12 20 25 30 30 28 27 21 9 10 14 15 26 25 19 24 8 24 29 14 18 10 20 19 8 11 15 6 11 6 30 15 14 29 7 21 21 2 22 25 16 1 28 12 11 28 4 27 24 19 30 8 9 12 21 13 14 5 17 16 10 24 12 7 9 10 17 27 30 28 25 1 15 11 22 6 13 22 12 25 22 18 24 12 9 24 14 13 11 14 19 27 19 16 10 19 9 27 17 20 13 10 30 21 6 12 21 23 23 15 10 29 21 28 25 22 5 29 29 3 13 25 20 4 24 24 26 24 22 25 23 17 4 9 3 12 16 12 16 26 6 16 29 25 25 20 3 6 7 10 30 26 14 28 9 27 16 12 1 13 23 7 5 13 26 11 29 5 30 13 10 12 25 9 14 30 22 11 24 15 15 12 28 3 13 29 10 4 22 10 17 9 25 5 27 5 13 11 9 10 9 12 4 21 26 11 8 18 18 8 2 6 15 11 8 27 11 11 16 2 15 12 17 6 7 6 15 5 19 19 7 5 1 1 1
1 9 4
968 499 63 165
0 5 2
301 846
1 4 8
185 84 621 214 521 177 149 688
0 13 17
646 237 947 9 143 755 774 518 347 958 87 532 615 67 609 311 342
2 9 5
650 401 187 631 917
3 1 12
790 139 325 166 480 558 880 442 280 296 193 579
2 2 4
798 962 557 970
4 1 7
544 884 802 748 993 474 45
4 1 12
799 364 606 15 146 931 806 488 703 604 367 507
1 3 3
971 461 417
4 8 12
849 372 640 172 901 700 749 156 448 107 796 12
0 2 2
100 395
0 13 6
750 242 672 73 944 269
3 13 11
229 476 538 26 910 369 966 375 423 584 406
1 6 7
341 858 547 258 363 986 752
1 19 5
886 246 393 98 102
2 10 10
436 335 614 743 965 926 927 276 23 145
2 1 6
952 812 275 259 801 99
3 5 16
605 891 255 906 455 333 982 789 56 312 764 328 203 673 261 22
2 2 5
522 607 389 462 282
0 6 15
402 623 175 994 345 72 144 150 813 613 677 2 519 888 91
1 13 7
581 887 514 429 823 110 510
0 16 15
129 332 206 10 41 707 391 629 4 987 159 904 451 775 872
6 5 16
123 96 310 954 235 897 610 407 967 528 685 996 641 250 25 336
2 10 14
868 895 626 484 225 304 848 761 34 173 362 219 553 763
0 9 16
195 892 975 473 679 305 230 862 705 696 226 693 490 950 814 314
3 2 16
744 945 648 241 561 257 279 103 374 949 445 386 889 95 855 664
0 7 1
675
1 19 10
306 126 575 657 426 77 447 31 932 573
2 11 7
154 546 633 194 153 865 399
5 11 16
495 218 831 322 687 200 574 773 708 20 388 353 911 43 215 424
0 16 8
137 346 266 554 795 866 104 916
5 19 13
786 739 251 205 284 569 439 912 955 88 134 511 913
5 12 17
1 549 811 273 639 37 400 131 572 537 714 740 240 593 845 415 323
1 18 3
339 90 768
1 20 19
792 777 32 596 535 112 690 682 741 864 921 810 525 331 710 50 594 291 977
0 6 15
552 909 918 619 161 516 536 936 551 928 435 509 368 383 578
2 19 7
571 117 879 469 974 527 668
2 17 12
747 885 989 669 712 787 857 800 805 827 221 782
1 6 9
680 59 999 403 76 881 294 419 125
1 7 5
176 19 983 603 262
0 5 2
828 357
6 11 12
438 189 973 840 933 17 252 666 260 142 180 340
1 9 7
213 630 919 272 871 622 186
0 14 2
116 157
2 17 5
416 308 138 111 313
0 5 1
288
8 17 15
36 998 344 437 567 373 472 338 83 550 128 404 689 963 877
0 10 2
565 628
2 5 5
592 361 637 608 627
7 1 13
934 735 450 924 192 701 53 405 791 337 443 295 834
2 2 6
307 478 486 670 540 824
7 6 15
197 58 960 737 702 158 496 568 716 616 642 890 776 542 254
3 18 8
466 900 181 470 24 940 449 227
1 12 4
481 324 136 101
2 11 8
239 980 0 249 676 302 33 530
1 8 12
482 86 863 725 580 263 838 454 167 577 223 843
0 17 3
160 556 808
4 14 10
684 683 524 560 995 71 118 52 704 732
4 15 9
212 961 720 844 929 196 661 321 130
0 17 3
471 256 385
4 4 10
920 431 409 35 459 430 505 758 825 299
1 8 11
297 988 589 534 163 5 874 972 21 751 769
4 3 8
127 600 7 779 232 289 298 379
3 6 15
804 65 861 851 699 75 422 717 320 397 723 876 713 283 597
3 19 10
583 491 253 182 97 867 948 660 531 990
0 19 12
3 446 334 201 211 517 943 651 715 287 290 706
1 8 5
772 300 659 997 655
0 10 2
612 908
6 5 12
602 40 853 428 121 14 873 48 636 69 625 905
0 19 14
816 793 620 330 271 380 632 228 729 766 268 27 315 11
6 5 15
120 348 883 526 833 199 738 956 819 730 174 765 711 427 731
6 9 11
477 384 494 178 953 788 957 285 586 847 520
1 9 8
822 781 671 170 16 946 860 309
4 8 11
396 656 51 210 493 784 817 759 318 562 830
0 14 2
267 726
5 13 12
351 756 238 984 81 8 582 109 243 896 457 350
5 12 16
105 64 411 969 590 303 94 727 220 617 692 869 878 108 681 942
3 5 11
859 382 74 587 545 355 938 412 767 354 654
1 12 3
503 360 479
3 6 9
68 421 807 183 745 207 352 464 497
3 2 9
135 60 757 930 82 894 979 939 539
0 20 3
152 162 513
6 12 18
327 6 667 566 506 93 270 147 114 778 115 694 618 529 803 89 898 467
3 20 6
504 460 498 647 674 653
0 20 4
141 376 49 79
1 14 5
601 915 432 274 978
0 6 5
591 140 925 414 286
8 8 16
216 122 29 55 870 46 733 410 686 785 923 501 746 543 783 317
0 9 1
456
1 25 1
13
2 7 1
18
1 26 1
28
1 21 1
30
1 24 1
38
1 25 1
39
1 32 1
42
6 31 1
44
1 14 1
47
2 37 1
54
1 18 2
57 236
2 13 1
61
2 23 1
62
1 14 1
66
4 12 1
70
1 15 1
78
2 26 1
80
2 17 1
85
2 32 1
92
2 18 1
106
1 23 1
113
2 13 1
119
3 24 1
124
1 32 1
132
5 16 1
133
2 28 1
148
1 17 1
151
2 15 2
155 458
1 19 1
164
6 13 1
168
1 15 1
169
2 16 1
171
4 14 1
179
3 18 1
184
3 22 1
188
1 32 1
190
4 23 1
191
2 25 1
198
1 26 1
202
4 31 1
204
1 13 1
208
1 13 1
209
1 13 1
217
1 25 1
222
9 25 1
224
1 38 1
231
1 24 1
233
1 12 1
234
2 15 1
244
4 11 1
245
2 10 1
247
2 23 1
248
2 14 1
264
6 24 1
265
5 17 1
277
4 19 2
278 854
3 15 1
281
1 7 1
292
2 24 1
293
1 25 1
316
1 27 1
319
1 17 1
326
6 20 1
329
4 7 1
343
1 16 1
349
4 8 1
356
1 23 1
358
1 36 1
359
1 19 1
365
2 17 1
366
1 18 1
370
4 10 1
371
2 16 1
377
2 14 1
378
1 14 1
381
2 26 1
387
2 26 1
390
2 9 1
392
7 8 1
394
1 33 1
398
6 12 1
408
8 6 1
413
1 17 1
418
1 25 1
420
4 10 1
425
3 13 1
433
2 13 1
434
1 26 1
440
5 12 1
441
1 16 1
444
5 8 1
452
9 14 1
453
1 11 1
463
6 27 1
465
5 3 1
468
3 29 1
475
4 22 1
483
1 26 1
485
1 21 1
487
2 16 1
489
1 19 1
492
2 21 1
500
1 15 1
502
5 17 1
508
4 15 1
512
1 25 1
515
2 22 1
523
3 16 1
533
2 22 1
541
2 25 1
548
2 25 1
555
4 19 1
559
1 16 1
563
1 14 1
564
5 17 2
570 837
1 33 1
576
2 15 1
585
1 17 1
588
1 18 1
595
3 22 1
598
1 15 1
599
1 21 1
611
7 20 1
624
1 19 1
634
1 4 1
635
5 3 1
638
4 22 1
643
1 19 1
644
1 23 1
645
5 12 1
649
5 6 1
652
8 26 1
658
5 19 1
662
1 23 1
663
6 30 1
665
3 32 1
678
1 35 1
691
1 28 1
695
1 24 1
697
2 23 1
698
1 24 1
709
1 23 1
718
2 21 1
719
1 19 1
721
2 14 1
722
2 20 1
724
8 13 1
728
1 32 1
734
1 17 1
736
1 21 1
742
1 33 1
753
1 33 1
754
2 18 1
760
1 7 1
762
7 23 1
770
2 25 1
771
1 18 1
780
2 10 1
794
5 21 1
797
1 22 1
809
9 16 1
815
4 19 1
818
3 32 1
820
7 24 1
821
7 22 1
826
2 28 1
829
1 30 1
832
3 18 1
835
2 12 1
836
2 22 1
839
9 9 1
841
6 32 1
842
1 20 1
850
1 14 1
852
4 10 1
856
1 25 1
875
1 28 1
882
2 23 1
893
1 36 1
899
9 19 1
902
2 20 1
903
6 31 1
907
3 19 1
914
1 24 1
922
5 18 1
935
3 15 1
937
9 18 1
941
4 17 1
951
2 12 1
959
4 8 1
964
2 15 1
976
10 9 1
981
3 19 1
985
1 11 1
991
3 10 1
992
