700 222 1085 47
16 12 3 29 15 28 11 13 2 23 2 2 21 21 25 2 20 1 30 4 15 4 1 30 5 22 21 8 11 20 21 11 7 20 26 28 5 17 28 7 7 28 15 13 14 24 30 20 21 28 30 25 10 20 15 30 20 29 1 12 22 8 21 24 8 29 9 28 7 13 19 24 25 20 18 16 27 14 16 27 16 18 19 19 11 24 10 27 29 12 29 19 6 14 5 24 5 25 20 24 17 27 25 3 13 10 3 16 18 14 23 6 10 12 7 21 19 1 17 15 20 17 29 10 17 28 24 14 7 6 19 25 19 21 4 20 14 5 24 15 28 18 20 29 18 3 19 21 27 6 14 30 17 14 10 5 16 5 4 23 25 10 13 12 2 17 11 21 24 15 11 15 6 20 7 13 11 19 23 5 16 26 17 1 2 8 5 16 26 23 26 4 17 19 21 15 24 13 8 15 28 21 6 11 4 18 25 15 26 5 16 28 3 9 17 10 15 27 2 3 5 29 24 9 10 22 20 10 20 22 8 5 2 13 21 6 25 24 2 30 29 25 20 18 26 11 5 29 11 1 12 1 11 28 24 4 24 4 24 15 17 18 29 7 21 22 4 20 2 5 15 20 28 22 3 14 29 12 3 20 27 29 21 30 11 15 10 6 4 11 18 27 25 26 13 7 6 16 7 30 9 18 22 6 22 23 21 10 7 4 2 8 9 17 22 19 6 20 24 20 14 7 13 29 30 23 24 14 6 23 3 29 19 16 26 4 12 25 23 18 21 7 8 20 10 4 21 12 13 1 2 8 6 14 7 14 21 5 22 4 27 25 11 12 6 21 11 17 15 29 16 11 20 6 22 22 21 7 14 3 18 9 15 22 13 19 29 4 28 22 11 15 16 8 11 25 4 26 2 1 25 3 1 5 11 24 16 25 8 18 20 18 21 15 16 28 21 7 21 6 30 26 25 28 21 11 12 27 13 22 27 10 15 10 11 1 30 6 13 18 30 1 23 20 10 12 13 6 4 28 29 21 21 26 28 23 26 15 23 7 10 21 24 7 1 13 7 22 18 6 15 13 3 29 11 16 10 4 19 15 19 4 22 8 25 6 15 16 23 28 30 26 5 25 7 21 17 21 3 16 17 23 5 15 21 12 22 2 12 20 28 8 1 10 14 17 12 27 11 4 24 8 11 23 9 2 14 20 21 21 16 27 29 9 17 10 16 26 1 2 21 28 13 13 18 29 5 10 7 6 2 30 28 4 22 11 15 19 4 29 17 3 25 27 19 26 27 23 14 12 1 1 1 27 27 10 13 17 28 15 6 26 8 29 5 28 5 5 2 3 28 19 29 21 5 22 28 26 23 30 20 12 12 24 22 18 28 19 16 26 18 17 6 2 17 24 18 23 29 11 15 29 23 23 12 22 23 29 24 13 25 17 5 19 27 7 10 20 30 25 5 7 19 25 3 2 20 29 10 24 1 14 1 6 5 4 23 17 12 19 29 5 1 23 16 7 15 7 15 22 30 4 23 19 5 9 12 11 13 4 16 21 22 29 3 7 21 23 4 23 3 2 26 28 26 9 26 30 4 15
22 23 30 13 30 14 25 24 4 9 29 22 2 22 19 14 27 29 21 19 13 30 19 27 17 3 25 23 8 14 20 12 11 22 9 18 24 13 15 5 22 17 11 22 13 23 1 12 2 16 8 5 4 1 26 3 10 1 26 15 25 19 11 11 11 18 11 8 10 29 20 6 12 11 6 28 19 21 23 23 21 13 5 23 11 28 10 21 26 10 8 15 7 10 15 20 2 27 13 29 6 19 21 14 16 14 29 6 10 22 19 4 6 30 13 8 24 5 9 17 28 19 23 8 25 8 16 20 30 24 25 18 28 27 21 2 3 7 19 24 3 7 19 19 13 30 6 30 1 25 30 22 10 26 15 17 10 5 25 13 14 28 7 24 8 16 11 14 29 24 16 26 16 9 25 17 4 21 3 22 21 9 23 15 7 27 15 26 25 28 28 20 5 22 27 3 4 23 12 2 17 25 9 4 22 19 25 8 18 10 25 2 17 17 19 17 11 9 3 9 19 17 11 6 8 30 11 30 13 20 20 17 26 21 18 13 27 11 17 27 24 10 20 24 22 23 21 19 12 9 29 23 10 29 1 21 22 13 8 3 7 7 13 6 13 9 17 23 9 4 21 5 25 16 26 10 19 5 3 14 7 15 30 15 30 19 14 20 16 26 30 7 25 20 15 25 27 19 17 3 23 21 21 19 2 6 7 30 13 11 7 16 25 9 22 24 12 26 15 19 2 3 7 16 19 21 12 26 14 19 21 21 15 30 4 20 23 13 22 2 26 21 11 16 28 9 24 3 10 11 30 11 3 28 2 18 3 3 28 12 8 27 6 17 24 15 20 23 3 8 25 15 22 18 9 18 5 30 18 15 20 11 7 26 9 13 17 14 11 26 15 14 5 1 21 24 4 1 8 6 23 13 14 3 24 24 16 26 20 14 27 2 14 21 26 9 12 15 9 1 20 19 25 10 19 30 20 28 6 7 4 26 10 6 2 24 14 5 6 1 28 3 1 13 24 1 2 11 22 7 16 5 28 23 10 14 27 9 13 27 19 29 2 10 28 15 28 20 23 25 8 11 11 15 4 1 27 24 28 30 9 26 20 7 28 5 17 20 16 26 2 13 30 6 19 19 5 1 24 2 25 25 5 14 15 12 9 1 25 27 20 5 4 20 23 18 11 6 24 7 3 26 13 5 13 2 11 18 17 25 6 8 24 2 9 25 7 11 1 13 22 13 1 22 2 17 12 3 18 16 5 17 3 7 19 22 18 16 9 12 9 18 21 7 26 17 27 26 15 27 9 20 15 23 14 2 25 4 28 29 4 19 4 13 29 29 30 25 15 11 3 21 3 22 10 27 21 12 27 1 13 7 30 11 17 14 25 12 24 22 7 11 20 1 13 23 29 22 13 9 26 29 9 5 13 30 11 19 24 27 23 23 12 7 23 7 3 30 16 13 23 8 4 8 23 16 22 18 21 23 30 6 11 13 6 13 12 25 11 12 17 10 27 5 18 18 30 17 2 3 5 4 25 28 24 14 21 4 3 9 20 1 25 25 16 27 16 15 9 15 26 2 23 7 29 20 14 15 21 9
1 3 5
456 601 191 40 157
1 14 6
152 584 518 664 413 62
1 12 3
120 598 225
0 1 9
612 366 116 244 330 396 138 454 386
3 11 11
468 673 287 321 119 171 169 463 222 97 655
1 12 10
74 212 444 567 544 224 297 442 146 350
4 10 10
254 182 332 394 648 369 311 633 404 629
0 20 3
472 336 339
1 3 7
375 341 183 142 75 542 217
3 17 6
239 161 121 473 684 87
0 17 4
354 231 670 378
4 11 10
94 352 39 174 393 5 11 176 432 679
1 19 5
594 652 270 397 214
1 14 4
372 564 469 345
2 2 6
192 216 592 585 519 595
2 3 10
507 253 179 514 494 98 512 520 591 308
1 18 6
88 71 488 578 526 25
0 9 6
441 419 305 162 123 391
0 16 7
329 458 568 538 127 284 529
2 11 11
337 168 265 111 540 44 672 602 197 99 238
3 7 5
410 124 208 380 266
1 4 6
93 668 527 347 159 316
0 6 2
53 381
2 10 6
532 232 665 177 219 640
2 17 7
631 618 245 513 23 198 118
1 4 11
536 248 213 318 220 460 390 107 281 147 302
1 16 6
15 12 525 17 589 497
1 6 6
56 133 348 626 223 307
2 19 7
14 233 653 145 692 211 299
3 19 9
428 408 687 556 691 573 570 406 95
0 17 3
143 466 614
0 4 4
335 575 553 597
1 5 3
427 448 405
1 9 11
373 82 464 524 603 430 462 207 41 625 91
0 9 11
470 58 688 461 365 194 114 353 693 20 479
1 2 12
416 333 582 561 322 117 334 19 264 275 59 359
1 13 3
193 105 10
1 8 7
636 644 686 263 6 576 465
3 15 7
283 312 66 210 599 611 482
2 3 7
77 445 436 383 104 658 674
1 19 9
106 28 356 678 202 243 1 234 506
3 10 10
546 474 357 42 440 148 690 73 452 412
0 7 5
502 300 51 204 196
1 7 6
50 3 483 610 557 435
1 2 4
8 685 659 80
1 17 2
267 280
1 18 6
351 301 32 449 140 325
1 8 3
184 399 662
0 13 2
303 423
2 17 7
621 549 541 671 48 166 328
4 11 10
141 24 230 209 26 331 55 649 558 415
0 19 13
206 173 227 517 218 379 630 255 241 258 367 65 306
2 6 6
580 320 552 150 411 160
3 14 7
273 417 569 566 52 84 663
1 7 9
313 289 135 623 624 261 137 403 286
3 11 8
680 450 491 70 45 495 252 499
2 18 6
113 676 600 439 259 574
5 13 12
651 510 100 314 429 96 493 579 695 236 421 190
0 8 3
548 136 628
2 2 10
2 63 504 669 268 285 370 203 92 534
4 19 13
523 531 424 503 46 33 425 0 635 246 4 588 642
1 5 4
613 617 277 459
0 15 4
476 47 16 21
2 6 4
683 565 551 360
0 14 1
149
2 5 12
508 554 323 315 420 660 271 200 402 89 309 509
1 17 7
165 155 571 471 486 205 294
0 8 7
67 400 60 682 276 414 407
0 12 5
57 296 295 368 274
1 20 7
22 139 326 250 64 132 547
1 15 5
409 455 583 620 349
1 13 2
433 189
2 9 5
304 511 34 115 382
0 15 2
54 609
0 13 5
489 515 102 539 112
3 14 6
31 426 90 61 696 37
0 19 2
178 643
1 13 3
110 605 18
0 18 5
69 453 364 151 292
0 8 3
522 490 262
1 19 6
164 385 272 666 487 500
2 17 10
158 422 163 288 317 535 85 293 49 109
0 18 8
447 587 689 260 530 533 186 431
0 8 4
338 167 249 215
3 6 11
627 543 581 596 477 229 451 68 242 201 172
2 20 6
343 358 86 319 72 590
5 17 1
7
3 14 2
9 593
3 33 1
13
2 23 1
27
3 23 1
29
3 27 1
30
2 39 1
35
2 14 1
36
2 26 1
38
2 26 2
43 619
2 21 1
76
1 33 1
78
3 8 1
79
2 36 1
81
4 14 1
83
1 23 1
101
1 34 1
103
3 30 1
108
1 9 1
122
1 20 1
125
2 32 1
126
1 28 1
128
2 30 1
129
3 23 1
130
1 35 1
131
2 23 1
134
4 8 1
144
1 21 1
153
1 16 1
154
1 17 1
156
3 20 2
170 562
1 31 1
175
3 14 1
180
1 22 1
181
3 17 1
185
3 16 1
187
1 17 1
188
1 25 1
195
1 20 1
199
2 14 1
221
1 20 1
226
2 24 2
228 389
3 29 1
235
1 17 1
237
4 25 1
240
3 21 1
247
1 25 1
251
2 25 1
256
4 12 1
257
2 35 1
269
2 7 1
278
2 32 1
279
2 20 1
282
1 14 1
290
1 21 1
291
1 10 1
298
1 20 1
310
2 29 1
324
5 20 1
327
3 21 1
340
2 39 1
342
3 21 2
344 484
3 32 1
346
1 22 1
355
2 28 1
361
2 6 1
362
1 18 1
363
1 9 1
371
1 34 1
374
1 26 1
376
2 32 2
377 457
2 23 1
384
1 28 1
387
2 21 1
388
1 22 1
392
1 14 1
395
4 9 1
398
2 26 1
401
2 18 1
418
1 21 1
434
4 28 1
437
1 26 1
438
2 36 1
443
2 22 1
446
1 33 1
467
1 23 1
475
3 28 1
478
2 20 1
480
2 24 1
481
1 28 1
485
1 12 1
492
2 34 2
496 606
3 27 1
498
1 37 1
501
1 39 1
505
3 25 1
516
3 27 1
521
1 18 1
528
1 36 1
537
2 28 1
545
2 26 1
550
3 23 1
555
1 6 1
559
3 31 1
560
2 22 1
563
1 17 1
572
1 28 1
577
2 17 1
586
2 24 1
604
2 36 1
607
1 29 1
608
2 20 1
615
2 28 1
616
1 35 1
622
3 32 1
632
2 19 1
634
1 19 1
637
3 23 1
638
3 22 1
639
3 16 1
641
5 8 1
645
1 17 1
646
1 29 1
647
1 22 1
650
2 22 1
654
1 27 1
656
2 23 1
657
4 13 1
661
4 14 1
667
1 13 1
675
2 15 1
677
1 11 1
681
2 32 1
694
3 11 1
697
2 32 1
698
2 26 1
699
