800 219 1240 53
17 10 13 12 28 5 30 23 30 6 15 8 18 24 23 28 11 20 18 1 26 7 18 29 14 16 28 21 7 9 8 19 28 30 28 18 25 21 18 21 18 23 29 27 26 18 12 12 18 16 6 20 29 24 2 12 26 29 29 14 3 12 9 19 23 8 27 7 5 29 26 16 27 23 28 15 22 28 18 23 25 21 22 24 29 3 21 22 6 15 15 8 6 27 26 2 22 29 11 17 8 5 8 4 3 8 3 16 14 22 10 19 12 23 6 30 2 18 25 13 29 29 20 11 28 23 20 3 24 6 28 2 22 15 19 3 18 20 28 13 30 28 15 20 2 28 12 16 2 10 6 21 29 19 20 6 3 6 28 26 2 6 6 12 24 24 8 27 4 23 25 4 5 20 21 15 30 10 12 8 21 13 23 5 24 12 11 27 16 23 10 30 25 4 27 22 4 30 17 9 23 14 23 3 13 3 9 25 9 4 27 27 10 22 21 21 13 25 17 22 14 10 11 16 19 22 24 23 14 25 15 27 12 21 6 28 4 29 4 7 21 14 13 5 24 19 6 24 21 24 22 13 3 5 7 20 7 12 15 4 1 3 14 15 15 8 24 11 2 10 27 2 13 7 20 7 8 25 22 4 18 12 17 15 15 7 22 21 19 20 2 30 4 12 1 7 1 30 11 24 25 8 5 8 4 7 1 25 25 25 12 8 7 25 8 16 17 15 22 28 7 25 9 18 11 12 26 20 13 21 8 27 7 16 29 1 29 22 14 4 28 25 11 8 11 7 14 17 16 2 11 23 29 22 26 25 28 30 5 14 25 26 30 8 26 30 3 9 17 18 1 25 25 1 30 22 22 12 18 27 15 16 2 6 21 8 11 20 22 22 18 12 4 1 13 14 9 6 1 25 18 13 4 4 28 22 26 4 9 1 27 19 9 8 10 18 15 29 2 10 11 5 29 12 17 10 24 29 1 26 15 1 11 19 3 23 9 26 21 2 15 4 12 19 9 15 9 12 18 7 23 19 30 11 8 20 29 30 6 21 23 6 19 26 18 13 5 14 27 29 1 26 26 17 1 11 22 30 12 21 3 16 1 1 15 10 21 28 23 4 23 10 5 25 2 15 8 28 18 22 6 13 30 6 9 18 18 29 17 27 5 18 16 1 13 24 29 11 8 15 15 22 27 14 24 3 30 25 21 2 8 24 26 25 17 6 16 27 20 1 5 22 15 10 5 9 17 16 5 20 18 5 28 5 22 3 20 3 18 16 23 10 16 9 30 17 3 25 7 16 11 26 17 16 2 7 29 6 27 11 30 19 16 25 18 25 23 28 14 22 13 27 15 7 21 20 27 29 8 11 3 6 24 29 1 11 30 8 19 9 24 10 1 5 3 2 1 5 9 12 15 25 16 18 1 10 17 15 27 10 28 9 28 27 2 27 15 12 12 14 7 10 22 8 22 26 2 27 13 2 14 3 21 25 13 19 2 3 5 25 13 29 19 28 5 30 28 5 26 5 24 6 28 28 19 19 7 1 11 17 11 30 14 15 4 6 13 9 30 1 19 7 18 10 1 23 15 5 9 2 9 17 15 18 21 30 3 26 16 30 26 27 16 21 25 28 9 6 14 30 21 16 28 2 12 9 8 10 23 19 16 24 28 3 17 25 3 29 16 12 7 29 1 21 20 29 28 20 29 16 18 14 4 19 5 19 10 10 16 4 27 3 2 20 13 30 13 22 23 19 3 7 16 28 13 21 18 3 18 5 22 5 5 8 27 2 28 2 1 19 9 30 29 4 1 24 25 24 3 26
21 20 17 11 6 26 3 22 18 25 1 19 9 4 23 27 19 29 4 17 28 1 26 27 15 19 4 22 14 7 30 13 13 14 16 1 30 24 10 16 29 21 19 30 27 25 16 6 7 27 24 24 25 21 16 9 30 27 3 2 6 25 11 25 24 6 25 2 4 11 30 29 22 30 21 28 19 21 25 10 2 2 13 23 22 14 2 30 23 28 3 30 10 23 10 12 10 28 17 14 20 28 29 7 4 9 30 1 29 13 13 14 30 24 5 5 6 18 3 19 13 8 7 26 13 14 11 26 11 7 4 14 30 24 16 5 16 20 10 4 12 18 19 7 13 11 13 5 17 21 8 1 30 3 12 17 10 7 19 28 28 13 18 11 26 22 10 15 6 14 8 13 14 22 1 2 8 22 18 13 1 3 6 6 5 23 17 22 22 20 27 21 29 17 11 27 26 15 10 3 17 1 1 17 23 15 6 19 19 1 20 12 25 20 19 4 12 20 4 10 6 26 6 2 19 24 21 23 26 24 4 20 11 14 4 23 5 3 14 12 24 13 18 29 2 11 26 25 11 16 6 14 2 14 21 15 26 22 22 19 6 27 2 3 5 22 11 26 14 29 21 22 21 3 16 6 16 7 7 23 11 11 2 20 10 10 12 23 11 20 2 3 10 22 29 19 28 19 12 11 28 22 29 7 16 12 13 29 8 21 12 24 23 8 8 11 18 19 28 23 14 28 14 15 4 7 4 6 27 10 21 21 19 13 24 22 4 13 18 10 22 29 28 12 10 8 4 4 1 24 3 13 13 24 21 7 16 1 25 10 1 8 2 3 23 24 2 23 20 7 17 16 2 6 9 25 1 9 4 13 28 25 18 23 16 25 16 18 17 15 13 25 21 7 15 18 16 6 8 23 5 26 4 10 30 7 15 18 25 21 8 14 21 13 27 2 20 27 2 24 6 1 20 13 6 9 21 6 30 18 3 5 12 4 2 20 9 8 21 21 27 19 20 29 1 7 19 6 6 27 3 24 23 12 24 16 24 5 8 25 7 22 20 27 10 20 13 17 11 13 27 10 15 22 5 15 7 25 15 27 23 10 1 1 29 8 2 1 25 7 6 8 3 4 30 18 18 18 27 25 21 20 4 27 28 14 3 30 23 21 5 17 2 8 17 3 27 9 16 3 27 29 16 12 26 3 8 29 3 22 6 3 15 11 27 22 4 7 27 28 29 21 25 12 6 8 12 15 27 19 21 27 22 17 15 26 7 2 27 20 11 2 27 4 20 15 2 6 14 28 22 10 21 6 28 5 17 5 23 11 28 11 4 1 26 26 6 17 20 16 8 26 8 15 17 21 8 13 30 12 3 8 12 8 29 4 3 13 15 30 7 5 23 3 14 9 7 7 10 3 28 17 19 18 17 26 29 8 2 10 19 1 19 7 12 18 9 18 14 10 8 24 14 2 21 4 1 30 14 29 28 17 30 6 12 8 13 1 27 18 29 11 17 20 18 17 25 7 17 18 18 22 4 29 17 15 26 21 10 5 17 19 27 5 6 28 15 22 29 12 5 7 28 25 12 14 4 23 9 19 23 29 8 1 24 11 15 5 21 9 13 16 7 19 6 29 1 28 17 22 25 30 30 17 27 2 17 20 2 18 18 24 2 1 10 19 24 10 13 22 20 18 9 2 4 11 21 5 7 6 21 9 3 6 9 3 22 26 21 26 9 2 14 5 17 20 27 8 6 6 15 14 30 4 30 19 11 26 3 18 24 21 23 14 20 24 4 22 24 24 28 11 7 20 22 11 2 3 4 21
0 16 4
125 733 325 239
0 1 3
117 586 776
2 14 12
324 648 308 376 471 674 563 601 142 83 318 462
0 18 10
170 657 466 620 598 0 261 437 611 236
0 3 1
449
1 15 5
391 251 212 415 16
3 9 11
9 183 42 165 751 792 11 673 651 188 197
5 11 11
546 621 149 118 625 68 230 243 461 109 613
6 8 12
345 538 442 143 499 558 74 667 632 445 33 274
2 5 9
772 510 794 614 630 505 575 608 737
0 8 2
544 54
5 19 10
84 432 446 353 392 184 257 206 487 560
0 3 2
340 423
1 11 8
351 132 691 246 160 490 218 63
0 16 9
676 291 67 549 653 90 798 62 569
1 18 3
6 756 554
1 4 6
271 599 363 264 378 216
2 9 7
422 97 169 488 342 628 163
1 13 2
31 159
4 12 8
626 389 519 284 136 162 196 714
1 17 7
761 294 436 211 452 689 286
2 8 8
401 333 80 253 763 479 629 137
1 18 4
671 327 25 89
1 1 6
661 448 688 511 126 690
4 17 13
529 280 36 615 296 728 82 489 37 567 687 387 414
2 4 4
276 77 320 247
1 11 4
577 775 517 167
1 14 14
305 70 146 397 222 307 706 270 565 767 618 375 330 101
0 15 4
347 18 514 496
1 20 2
209 357
0 19 9
582 285 426 64 624 258 365 103 782
0 17 9
193 473 773 609 214 497 24 244 468
0 7 1
659
1 7 12
700 259 743 202 594 175 341 672 339 540 730 104
1 8 10
647 641 121 78 710 520 3 298 204 515
3 1 10
268 450 716 704 20 572 332 754 95 711
6 10 12
240 221 470 384 178 344 588 602 226 55 219 484
0 2 11
217 237 759 646 12 35 644 480 725 128 129
0 18 1
210
0 9 3
713 679 501
1 11 5
790 354 739 283 537
0 3 1
419
1 3 12
326 670 313 147 29 312 705 533 578 750 427 154
4 20 11
417 65 293 474 654 542 785 472 503 701 526
1 5 2
329 173
0 2 6
723 619 17 358 39 440
2 12 6
86 478 562 669 720 388
2 2 13
367 486 686 409 309 131 182 684 796 224 476 106 223
3 18 12
107 71 642 604 735 400 57 638 521 456 207 232
2 8 6
407 508 639 453 707 124
4 9 6
213 698 91 287 144 301
0 14 4
281 81 155 100
2 10 7
266 535 443 4 157 585 186
0 9 3
435 780 199
3 7 10
105 579 784 693 362 561 27 233 636 51
5 12 10
587 650 553 335 557 525 696 38 663 566
5 20 13
576 485 372 227 606 355 430 786 8 527 783 506 652
0 8 12
369 584 40 122 390 249 433 793 98 102 321 256
2 2 9
110 643 140 747 96 349 605 593 531
0 4 4
465 382 315 498
0 19 10
682 729 745 26 777 658 741 467 338 778
1 9 4
279 504 492 195
1 4 15
483 516 119 168 459 536 177 683 752 250 148 787 52 23 447
1 13 13
765 278 88 502 571 411 429 774 93 44 343 675 418
1 8 4
570 114 386 289
3 1 9
306 288 47 758 717 377 273 545 166
1 15 11
139 7 231 203 738 368 655 398 319 297 158
3 4 9
431 722 697 61 523 302 381 556 425
0 5 10
702 201 410 724 322 637 1 248 736 610
0 3 6
530 622 190 69 631 656
2 11 5
451 766 113 590 668
0 15 13
715 156 112 73 612 192 753 14 282 731 292 623 189
3 11 9
99 150 580 662 764 385 583 135 370
3 3 6
94 30 116 555 727 692
1 19 13
215 797 87 732 799 616 92 760 46 328 552 779 334
5 4 13
299 220 272 781 726 539 469 438 331 13 405 757 265
3 13 7
348 108 43 75 238 695 660
7 17 13
300 151 665 41 304 532 383 494 245 441 421 518 677
1 3 5
573 534 744 194 424
0 5 1
528
5 12 13
495 225 111 49 768 252 771 464 361 740 5 399 592
0 10 2
746 762
1 15 2
564 262
1 20 3
234 350 60
6 3 12
712 509 522 127 152 709 434 153 303 277 708 58
1 13 8
460 2 550 34 145 607 635 789
3 14 14
120 649 600 551 617 548 439 241 374 263 770 597 455 568
1 19 3
395 559 634
1 36 1
10
1 24 1
15
2 21 1
19
2 12 1
21
4 20 1
22
1 18 1
28
3 15 1
32
2 15 1
45
2 18 1
48
2 20 1
50
1 29 1
53
1 29 1
56
2 21 1
59
3 20 2
66 323
6 4 2
72 457
1 34 1
76
3 39 1
79
1 9 1
85
2 14 1
115
2 38 1
123
4 20 1
130
4 14 1
133
1 38 2
134 603
1 24 1
138
1 26 1
141
3 3 1
161
3 25 1
164
1 30 1
171
1 17 1
172
1 10 1
174
2 11 1
176
3 19 1
179
3 15 1
180
1 26 1
181
1 18 1
185
1 20 1
187
1 4 1
191
3 31 1
198
2 19 1
200
1 31 1
205
2 20 1
208
2 18 1
228
1 9 1
229
1 17 2
235 413
2 36 1
242
2 24 1
254
1 14 1
255
3 6 1
260
3 29 1
267
1 23 1
269
1 36 1
275
2 6 1
290
1 10 1
295
3 29 1
310
3 23 1
311
1 12 1
314
5 26 1
316
1 19 1
317
2 23 1
336
2 10 1
337
2 12 1
346
5 33 1
352
1 20 1
356
1 30 1
359
1 19 1
360
3 22 1
364
2 8 1
366
2 32 1
371
3 15 1
373
1 22 1
379
3 14 1
380
2 37 1
393
1 33 1
394
1 22 1
396
2 12 1
402
1 30 1
403
2 15 1
404
1 28 1
406
3 7 1
408
2 25 1
412
1 17 1
416
1 9 1
420
3 20 1
428
1 25 1
444
1 16 1
454
2 12 1
458
1 23 1
463
4 13 1
475
2 23 2
477 749
3 31 1
481
2 19 1
482
1 17 1
491
1 26 1
493
1 9 1
500
3 37 1
507
1 17 1
512
2 33 1
513
1 13 1
524
1 11 1
541
1 20 1
543
1 31 1
547
2 27 1
574
2 26 1
581
3 15 1
589
1 16 1
591
2 12 1
595
1 11 1
596
1 14 1
627
1 7 1
633
2 19 1
640
1 11 1
645
5 26 1
664
3 20 1
666
1 36 1
678
1 19 1
680
1 5 1
681
2 17 1
685
3 28 1
694
5 17 1
699
3 25 1
703
2 7 1
718
1 22 1
719
1 27 1
721
3 13 1
734
1 12 1
742
1 27 1
748
6 29 1
755
2 15 1
769
8 27 1
788
1 18 1
791
1 19 1
795
