700 217 1085 4
1 3 10 11 18 17 11 17 17 9 12 8 13 29 20 29 16 9 18 28 12 2 19 11 8 29 15 1 5 21 7 25 29 29 21 27 23 14 15 9 8 15 21 22 9 12 8 15 2 4 24 27 10 4 7 16 10 27 13 14 7 25 10 13 9 10 29 22 13 28 12 1 10 14 4 14 28 26 20 16 23 19 18 22 23 13 19 16 9 29 17 29 29 24 3 29 19 21 27 21 4 17 18 8 26 14 29 21 27 16 27 23 19 14 18 17 4 10 1 4 23 28 2 30 23 26 16 2 23 4 28 21 19 4 24 12 5 18 11 26 9 6 12 17 12 12 19 27 29 3 9 27 15 7 19 26 24 29 5 17 19 16 24 11 12 27 7 1 24 9 9 9 20 29 5 4 12 18 13 24 24 6 2 11 1 5 14 20 11 26 3 27 26 17 28 9 17 10 28 29 4 30 27 10 4 3 19 15 6 14 21 4 9 26 16 28 18 23 29 12 17 1 6 8 17 22 3 19 8 9 14 14 21 23 1 27 10 20 5 14 8 12 6 22 2 28 8 22 27 16 8 12 24 23 3 6 14 27 18 12 11 4 12 7 30 24 2 4 18 25 27 12 24 17 1 13 12 21 22 30 4 3 28 28 24 26 4 24 5 20 28 1 12 28 5 21 14 5 2 10 11 12 9 10 25 2 25 13 3 29 5 17 10 6 13 29 29 21 15 4 5 1 23 2 30 23 27 13 27 28 1 24 2 19 24 4 5 2 16 12 28 3 29 23 9 16 28 13 8 6 6 27 23 1 15 10 27 25 29 7 9 29 14 24 10 18 19 23 6 23 21 28 18 25 15 15 17 29 28 30 15 19 17 24 4 23 2 23 13 28 17 9 17 10 24 29 14 15 13 4 19 20 13 28 5 21 22 9 29 14 4 7 18 11 28 8 18 8 20 23 20 6 5 7 17 9 2 3 29 5 24 23 26 9 30 27 26 1 1 15 13 22 23 30 6 10 1 8 21 11 1 29 9 18 25 26 9 5 9 28 10 13 8 20 17 9 8 9 28 20 11 15 26 10 18 5 6 23 9 21 21 16 4 17 6 22 21 10 12 21 1 20 14 11 13 22 9 28 7 23 9 30 13 7 14 16 23 17 3 5 28 14 28 2 4 28 7 26 5 17 23 6 4 16 18 19 8 15 18 17 28 11 22 12 3 23 17 14 12 24 11 29 22 22 16 20 9 17 4 24 22 3 3 30 11 26 26 24 8 30 14 12 24 26 17 18 4 5 27 7 20 9 16 5 9 3 17 17 1 8 3 2 26 21 16 15 24 21 23 9 19 18 6 8 13 5 14 18 10 9 20 30 22 26 15 18 14 2 19 12 9 9 3 14 23 23 30 21 13 3 13 8 22 6 7 28 22 12 21 13 8 19 4 23 4 7 25 27 27 21 30 30 18 28 22 23 27 9 26 4 16 9 24 1 21 18 11 28 6 29 22 15 22 19 18 2 9 15 25 5 8 8 23 11 17 16 4 8 23 22 4 28 1 17 15 11 25 11 16 7 30 21 18 17 27 29 16 8 12 14
5 5 13 22 21 5 12 20 23 13 8 7 20 22 6 12 7 12 17 29 15 24 11 14 27 15 29 16 1 12 27 3 20 20 1 6 23 6 27 16 19 18 26 22 10 4 7 14 29 18 24 19 16 3 11 5 6 5 11 21 27 7 26 14 28 30 21 18 7 25 26 24 6 18 16 13 4 8 15 4 21 2 11 19 15 4 9 9 22 6 9 9 13 3 29 19 8 22 23 9 8 13 25 24 5 25 19 12 29 14 5 19 24 4 2 28 4 20 22 9 2 7 12 22 9 5 10 23 29 27 5 10 23 21 6 2 30 7 14 5 22 21 24 15 16 18 16 11 14 24 8 11 17 7 11 3 19 25 15 21 18 16 28 25 11 27 24 29 5 13 7 9 26 11 17 2 14 16 16 20 2 23 8 25 1 9 19 21 1 7 14 14 21 18 6 15 1 4 16 9 13 22 17 19 3 14 10 14 8 28 5 3 16 24 24 7 19 22 9 12 6 17 5 18 7 26 3 3 20 28 30 5 15 11 18 11 27 23 24 13 30 1 16 13 26 11 18 16 12 30 23 21 18 25 6 28 13 13 7 2 23 9 24 13 27 22 2 4 10 30 7 1 23 8 11 28 28 1 11 20 26 20 15 14 17 19 26 20 12 1 10 20 16 22 23 24 7 29 14 7 2 13 23 26 29 3 12 1 5 16 23 21 20 2 12 11 11 11 27 16 2 24 18 12 2 17 1 10 25 14 23 19 22 18 24 30 20 18 12 26 1 18 6 14 17 3 16 10 15 20 13 6 17 15 12 2 1 10 24 14 23 15 2 17 25 2 5 12 16 3 27 5 11 8 24 17 22 3 28 7 25 27 4 16 6 22 29 24 11 4 26 30 18 21 20 10 26 4 30 24 14 15 16 22 23 14 12 10 22 30 23 26 3 21 20 21 12 21 20 28 11 6 8 22 25 5 20 13 1 2 30 5 27 27 28 25 24 9 28 5 22 18 20 5 6 6 6 29 22 2 28 22 9 26 2 24 6 14 15 19 26 15 9 10 13 24 23 5 20 25 21 11 8 2 19 23 14 25 7 3 11 9 11 27 19 23 7 18 7 13 1 11 21 23 13 5 7 8 22 27 3 30 6 3 6 27 26 10 8 9 11 11 20 7 29 6 13 1 11 16 18 5 2 2 5 5 25 24 21 11 22 7 30 10 23 8 23 25 4 28 10 7 16 21 8 16 25 6 24 15 28 10 9 8 11 6 28 25 21 4 5 20 4 5 26 30 6 28 12 6 8 24 29 27 30 17 12 5 27 9 10 8 18 6 18 14 17 4 21 20 15 9 3 6 10 2 15 15 10 28 11 28 30 29 28 6 1 2 21 6 2 3 15 30 10 9 27 14 13 3 27 11 12 5 13 19 20 3 26 7 23 23 17 9 29 27 20 22 27 11 17 15 8 11 28 28 5 12 26 22 13 1 14 18 18 5 17 18 2 23 15 7 8 13 6 9 2 21 21 20 19 10 16 28 4 28 8 5 16 29 25 28 22 29 22 28 21 10 5 27 20 20 27 21 20 7 4 10 19 30
0 16 1
19
0 3 10
327 665 191 667 652 516 507 377 485 275
0 3 5
270 517 449 551 282
4 10 11
373 563 247 592 459 601 591 486 568 345 623
2 8 11
114 339 32 621 107 49 454 52 510 389 502
3 20 10
407 142 491 17 305 39 435 44 241 567
2 6 8
353 637 180 378 437 280 178 618
0 19 10
194 108 541 685 436 245 554 452 433 103
6 11 12
140 112 432 9 540 525 451 123 309 613 361 566
0 4 4
211 396 605 10
0 19 5
13 533 82 289 262
3 20 8
646 51 248 21 634 483 78 151
0 1 1
642
1 8 7
579 250 324 653 641 521 120
0 13 2
471 240
1 17 2
94 306
2 6 4
157 41 555 494
0 19 2
392 329
2 9 5
336 606 569 514 419
1 1 4
95 93 319 148
3 9 11
696 362 145 422 354 26 42 677 331 77 575
1 1 6
214 438 457 179 590 292
0 3 5
294 23 320 173 415
0 9 2
348 404
2 7 12
91 202 116 697 244 6 699 2 75 357 603 686
3 11 8
272 174 674 465 524 66 671 585
1 13 8
124 557 547 88 242 386 543 379
1 10 6
672 529 165 190 625 501
0 19 5
113 549 550 0 577
3 2 9
43 450 651 16 337 421 96 61 609
7 4 13
383 581 363 295 418 589 20 12 374 30 503 576 538
1 4 6
583 86 455 169 15 508
2 5 7
212 417 694 316 385 224 535
2 8 10
430 332 50 643 1 104 278 46 594 368
1 18 4
571 8 441 505
1 17 9
199 149 175 638 314 633 40 479 47
3 2 8
53 453 482 565 143 461 328 614
3 8 8
462 476 523 544 163 369 56 204
4 12 10
631 153 548 139 236 670 434 387 288 654
4 13 8
408 582 259 69 302 225 518 207
1 8 7
92 469 522 681 62 170 239
1 15 7
253 85 232 632 587 188 333
4 4 9
83 226 79 144 447 405 254 680 580
0 12 2
168 616
1 10 5
371 657 11 439 161
0 5 8
299 446 572 411 167 177 394 22
0 4 2
261 300
1 16 7
695 209 154 98 498 484 35
0 9 7
307 48 110 200 448 343 136
7 17 11
265 59 159 234 546 80 155 273 539 195 464
0 6 2
36 132
2 1 7
235 382 630 428 478 187 647
1 5 9
403 570 584 429 109 586 141 473 500
5 11 11
358 468 607 293 489 313 351 252 347 264 496
2 3 5
400 593 349 493 181
0 1 2
344 325
1 9 5
636 208 285 60 4
1 19 11
395 322 134 14 64 612 564 318 515 669 315
4 8 12
506 635 458 534 90 323 277 105 156 308 291 201
0 7 4
495 5 130 311
0 1 2
71 413
1 5 8
359 399 303 87 629 660 355 627
2 2 8
370 596 619 185 536 176 470 24
5 16 10
218 290 229 256 688 326 397 668 133 213
3 9 9
460 675 366 513 599 203 620 342 602
0 3 4
425 608 401 268
1 5 8
298 597 532 283 205 220 443 610
2 20 12
33 598 639 574 679 215 682 276 520 456 57 249
0 10 1
25
3 15 9
644 615 81 528 74 666 512 410 101
0 2 2
28 54
0 19 5
184 121 233 246 649
0 19 10
231 367 38 27 70 504 640 380 55 97
4 4 7
279 131 440 3 271 284 499
3 20 10
127 257 182 588 117 137 223 375 158 391
3 10 11
340 676 559 604 628 317 690 573 210 376 365
7 14 13
129 183 135 388 126 617 346 552 304 84 416 217 650
0 9 5
63 542 18 267 147
5 12 10
360 146 558 334 228 490 119 160 73 238
1 18 5
424 492 477 7 286
3 7 1
29
7 16 1
31
2 16 1
34
1 17 1
37
3 21 1
45
6 12 1
58
3 32 1
65
1 15 1
67
2 13 1
68
3 24 1
72
5 17 1
76
2 9 1
89
1 30 1
99
2 27 1
100
7 17 1
102
3 29 1
106
1 26 2
111 115
1 26 1
118
1 6 1
122
2 16 1
125
1 24 1
128
1 15 1
138
2 15 1
150
3 23 1
152
5 13 1
162
2 3 1
164
3 8 1
166
2 10 1
171
1 12 1
172
1 2 1
186
4 21 1
189
2 23 1
192
1 22 1
193
4 17 1
196
3 16 1
197
1 33 1
198
5 29 1
206
4 19 1
216
2 14 2
219 393
1 17 1
221
5 18 1
222
1 18 1
227
1 19 1
230
3 38 1
237
2 24 1
243
2 31 1
251
1 22 1
255
2 22 1
258
4 17 1
260
4 11 1
263
1 12 1
266
3 13 2
269 412
2 33 1
274
1 23 1
281
1 9 1
287
1 14 1
296
1 22 1
297
1 11 1
301
1 39 1
310
2 15 1
312
1 14 1
321
2 17 1
330
4 24 1
335
2 28 1
338
1 23 1
341
2 28 1
350
2 20 1
352
3 16 1
356
2 23 1
364
2 35 1
372
5 21 1
381
3 13 1
384
1 24 1
390
1 25 1
398
1 21 1
402
1 24 1
406
5 10 1
409
2 20 1
414
2 27 1
420
3 26 2
423 481
1 14 1
426
1 8 1
427
1 8 1
431
3 25 1
442
2 14 1
444
2 27 1
445
2 16 1
463
1 13 1
466
4 28 1
467
1 11 1
472
1 34 1
474
1 17 1
475
3 12 1
480
2 18 1
487
1 5 1
488
2 18 1
497
3 11 1
509
2 13 1
511
2 20 1
519
1 14 1
526
2 16 1
527
1 19 1
530
1 23 1
531
3 19 1
537
1 22 1
545
1 13 1
553
2 13 1
556
2 29 1
560
2 21 1
561
2 34 1
562
1 19 1
578
1 20 1
595
1 24 1
600
3 28 1
611
2 14 1
622
1 30 1
624
4 4 1
626
4 21 1
645
1 29 1
648
2 8 1
655
1 35 1
656
2 16 1
658
3 21 1
659
2 15 1
661
2 9 1
662
1 25 1
663
1 15 1
664
7 24 1
673
3 13 1
678
2 27 1
683
5 13 1
684
7 28 1
687
1 27 1
689
2 15 1
691
2 27 1
692
1 25 1
693
3 32 1
698
