500 175 775 33
11 20 8 10 23 8 21 27 26 1 26 7 7 10 29 8 17 28 22 15 23 30 29 13 25 19 4 2 3 11 19 19 21 30 7 8 29 25 9 6 30 20 18 21 3 8 24 17 9 18 1 12 4 5 15 17 10 28 27 16 10 2 7 13 5 12 23 29 20 22 25 9 17 7 20 15 7 1 13 2 13 26 13 30 10 3 21 27 6 27 15 12 24 9 15 20 10 21 29 1 8 17 24 7 4 14 11 29 14 17 25 10 17 13 25 27 29 21 12 24 7 16 19 20 1 2 13 6 17 19 9 25 25 20 27 9 5 29 30 13 8 7 10 19 26 28 17 21 15 28 20 11 18 15 18 9 21 9 28 30 6 30 24 2 25 27 13 8 16 20 8 1 3 15 25 24 28 25 26 29 23 18 2 22 28 1 22 5 6 21 6 18 21 6 5 12 20 1 6 23 6 22 4 27 1 16 26 4 30 11 1 28 15 7 6 20 5 27 10 17 11 30 19 30 24 17 18 12 4 2 19 11 25 21 30 22 26 17 20 28 28 17 21 3 6 9 10 17 7 6 4 26 11 18 22 10 22 8 9 15 10 10 14 18 11 12 29 16 20 1 18 12 9 11 21 2 2 14 14 5 26 5 19 19 20 5 17 20 17 2 29 22 14 20 23 24 12 28 27 8 19 7 3 7 9 20 11 16 5 5 16 8 8 9 26 24 8 30 26 1 27 24 19 18 16 29 2 30 27 15 12 4 22 24 8 4 13 24 8 6 9 8 2 27 8 7 28 17 8 14 20 11 14 26 25 27 24 14 13 2 21 2 29 7 23 18 3 11 11 7 22 19 7 30 19 19 23 14 8 25 22 29 27 20 15 22 20 19 24 27 4 27 13 10 13 24 24 26 14 14 29 8 2 26 11 1 26 21 20 7 10 28 10 21 8 22 14 3 30 18 8 28 15 29 13 17 13 20 12 2 21 6 6 1 23 24 14 2 28 21 29 4 8 22 8 23 14 17 13 11 16 26 21 19 22 26 26 23 6 22 28 2 23 28 8 3 24 28 10 3 21 12 15 18 9 4 4 16 26 19 14 22 22 22 3 16 18 11 20 20 17 7 19 2 4 10 22 24 2 27
25 29 17 4 8 17 21 18 4 26 12 9 28 19 3 18 7 21 29 29 27 1 5 3 10 22 22 20 13 19 21 20 1 10 3 29 11 10 22 23 22 8 2 2 11 9 27 13 3 7 29 9 27 26 4 28 20 5 11 10 23 29 8 15 13 18 7 12 2 24 20 15 16 6 12 26 26 14 3 26 2 19 24 7 8 1 2 21 22 29 28 30 2 12 26 16 11 12 1 11 21 4 11 2 24 17 29 24 1 8 15 7 10 2 10 26 4 24 12 8 1 28 5 10 13 15 20 14 29 3 22 7 3 4 25 3 19 29 21 15 8 26 16 17 9 28 2 23 4 27 21 3 6 15 7 23 6 25 18 7 7 2 26 21 12 12 24 11 5 18 21 16 30 2 13 11 7 13 5 14 8 20 16 22 8 21 23 3 17 28 21 20 22 21 2 25 29 1 26 6 20 2 1 22 28 12 19 10 21 2 12 28 20 29 23 16 26 28 6 7 15 15 3 27 15 12 15 25 23 7 13 3 1 30 5 20 17 7 19 7 7 8 24 11 16 21 20 19 10 11 26 17 7 14 8 6 6 26 16 1 12 8 9 17 19 24 22 7 19 4 8 10 27 18 25 9 14 23 24 20 16 22 7 23 1 29 18 25 16 3 13 19 29 27 19 2 8 11 23 3 19 28 27 14 29 15 19 28 30 12 27 6 5 21 18 17 29 2 20 21 15 7 5 30 21 26 4 27 15 29 19 1 12 10 13 22 15 2 15 10 5 30 25 30 27 21 22 15 26 11 8 29 14 17 15 26 25 29 13 13 22 27 25 1 16 19 28 28 20 18 1 23 17 5 9 13 28 19 4 19 12 10 28 14 2 8 18 8 21 9 14 24 28 26 24 7 19 16 19 6 19 8 14 5 17 28 12 5 10 22 12 28 24 18 29 17 30 22 30 13 28 15 3 10 13 9 24 11 26 23 25 25 29 15 30 12 9 28 4 23 16 25 19 17 21 21 9 25 18 29 16 18 6 15 1 26 1 24 14 18 11 22 9 8 15 21 14 17 24 27 23 25 8 9 12 15 23 29 10 7 10 27 19 3 13 14 23 7 24 14 15 18 1 3 15 18 26 19 22 13
0 2 8
375 223 443 299 230 96 220 460
2 17 4
320 351 297 74
1 7 7
388 101 459 439 451 335 215
1 12 3
358 63 307
1 8 4
432 488 424 311
1 18 8
226 293 368 173 411 389 247 276
0 12 7
186 184 444 380 272 167 116
2 14 4
246 43 445 385
0 3 3
392 122 422
2 17 8
476 35 357 331 229 498 283 2
0 9 5
328 316 394 138 65
0 12 1
413
0 9 5
485 383 233 199 412
0 1 3
249 290 161
0 9 7
265 353 256 321 1 303 313
4 18 7
4 491 28 210 79 165 270
0 18 2
171 437
0 9 6
378 149 364 360 142 441
1 18 6
236 259 285 365 103 140
5 6 9
266 56 204 427 286 339 153 487 454
0 1 3
367 0 118
0 2 2
442 158
3 1 8
228 36 263 44 258 298 399 381
2 4 9
405 347 141 97 275 11 464 252 440
3 15 8
323 257 61 73 408 244 150 407
1 8 3
112 235 341
0 14 2
47 46
1 11 2
282 312
4 15 8
227 12 53 325 363 395 354 346
0 4 6
289 146 50 113 17 69
0 12 8
54 135 179 145 470 343 472 301
1 8 6
415 404 143 433 418 219
2 7 8
176 318 478 13 147 356 486 187
2 3 5
22 134 490 209 152
0 7 10
211 314 83 29 296 67 49 182 241 64
0 5 5
169 99 148 155 115
2 9 5
453 429 400 75 80
2 12 4
455 19 449 386
1 1 5
129 374 88 162 59
1 20 5
267 302 305 410 81
2 13 5
319 333 25 315 483
0 8 2
474 86
2 19 7
435 467 401 330 403 185 458
1 12 8
91 492 151 48 355 361 366 45
1 1 6
436 376 479 9 231 225
2 11 4
94 232 40 393
0 20 2
402 322
0 7 2
70 480
0 12 4
281 420 409 471
0 15 5
253 93 55 452 468
2 17 5
370 66 217 419 309
2 20 5
190 269 177 41 85
2 8 5
462 450 277 130 114
4 9 8
373 218 461 87 78 198 156 446
2 3 9
38 192 384 159 350 477 213 52 82
3 4 9
493 124 15 193 234 317 77 123 163
3 6 6
469 371 221 245 456 183
0 14 5
352 31 212 268 304
0 1 4
340 23 121 359
2 4 4
284 237 24 463
1 16 4
191 3 362 222
3 12 6
120 205 117 181 300 262
2 3 6
416 125 132 110 188 288
2 11 5
473 33 391 264 157
1 15 7
349 428 481 32 466 175 216
0 11 4
238 21 34 20
1 13 4
423 51 166 58
0 16 1
279
2 10 5
102 242 168 430 377
0 19 2
224 239
0 7 7
457 425 448 10 499 164 200
0 4 3
332 495 26
0 4 8
174 18 57 417 154 271 344 497
3 5 9
431 260 195 295 90 398 60 484 42
0 9 4
16 178 104 71
1 15 1
5
3 20 1
6
1 21 1
7
1 8 1
8
1 31 1
14
1 16 1
27
1 17 1
30
1 30 1
37
1 19 1
39
2 14 1
62
1 33 1
68
1 26 1
72
1 19 1
76
1 11 1
84
2 28 1
89
4 16 1
92
1 27 1
95
2 24 1
98
2 16 1
100
1 16 1
105
1 23 1
106
4 13 1
107
1 2 1
108
2 25 1
109
1 32 1
111
2 28 1
119
1 2 1
126
1 27 1
127
1 15 1
128
1 13 1
131
1 18 1
133
2 31 1
136
2 17 1
137
2 19 1
139
1 25 1
144
2 23 1
160
3 25 1
170
1 7 1
172
2 15 1
180
3 12 1
189
1 30 1
194
3 10 1
196
2 30 1
197
1 13 1
201
1 27 1
202
2 38 2
203 345
4 20 1
206
1 30 1
207
1 22 1
208
1 11 1
214
1 12 1
240
1 23 1
243
4 10 1
248
1 18 1
250
2 32 1
251
1 22 1
254
1 16 1
255
2 23 1
261
2 11 1
273
2 28 1
274
2 24 1
278
2 22 1
280
2 19 1
287
3 12 1
291
1 26 1
292
2 18 1
294
2 18 1
306
1 14 1
308
1 4 1
310
1 29 1
324
1 14 1
326
1 12 1
327
3 27 1
329
1 17 1
334
1 17 1
336
1 16 1
337
1 10 1
338
3 22 1
342
5 19 1
348
2 22 1
369
2 13 1
372
1 18 1
379
2 19 1
382
1 32 1
387
1 22 1
390
1 5 1
396
1 16 1
397
1 19 1
406
4 15 1
414
1 18 1
421
4 18 1
426
1 34 1
434
1 18 1
438
2 24 1
447
1 32 1
465
2 9 1
475
1 35 1
482
1 4 1
489
4 32 1
494
1 35 1
496
