1000 252 1550 67
27 5 3 22 4 7 30 8 27 26 12 29 22 15 10 18 23 14 4 7 16 2 4 6 10 8 22 21 10 10 23 3 22 19 29 11 6 29 5 12 10 18 15 23 11 24 15 7 19 17 17 7 30 12 11 6 28 9 20 18 5 14 29 24 8 23 2 22 18 29 16 9 30 28 24 19 17 21 20 27 3 10 17 21 24 15 12 29 3 30 2 1 17 3 6 27 20 27 3 5 22 29 13 5 26 4 29 25 21 6 6 3 15 17 27 1 22 15 11 22 11 7 20 4 2 28 28 24 26 7 5 8 10 1 18 13 11 10 22 3 6 27 7 15 14 21 4 26 9 25 25 10 5 20 26 14 20 16 11 11 16 23 27 3 5 13 16 19 15 14 3 28 24 3 4 2 19 6 2 21 29 8 28 3 29 24 10 30 29 7 18 21 6 14 10 5 15 6 11 23 14 3 22 3 5 10 24 9 10 2 23 7 23 28 7 14 15 30 6 12 19 18 13 11 23 29 29 7 14 16 22 17 29 12 17 27 21 15 26 9 22 25 25 26 11 6 19 20 12 1 28 6 13 1 18 7 7 30 2 18 20 28 17 7 21 9 19 9 23 1 28 5 10 14 28 28 2 14 29 29 12 12 6 6 28 3 11 20 16 8 23 19 22 17 19 30 6 15 2 22 11 5 7 26 9 18 14 3 23 26 19 5 16 21 17 17 7 30 19 29 4 27 15 9 17 3 26 30 14 14 23 11 4 10 25 22 3 10 18 11 13 18 23 12 11 16 22 2 1 1 5 3 25 14 1 13 2 14 15 21 3 15 11 20 22 23 24 19 14 20 4 14 22 22 28 23 24 14 3 29 28 19 27 25 15 22 12 20 15 15 4 17 30 25 18 3 5 19 3 16 25 23 18 25 21 4 10 11 22 8 27 25 13 17 22 8 6 3 23 20 20 7 4 20 2 2 15 21 30 2 2 2 21 14 12 27 4 6 16 22 3 20 2 17 3 13 11 21 17 5 25 19 6 21 4 14 24 6 9 4 24 19 3 2 8 2 11 12 1 16 3 22 6 22 7 27 28 27 20 5 9 21 13 13 25 26 30 28 29 1 8 4 7 26 26 26 8 26 10 12 16 3 25 16 29 3 23 15 17 12 17 4 28 14 28 2 9 24 1 22 12 30 10 20 10 22 9 12 12 7 3 11 21 20 8 29 8 17 22 18 28 15 4 29 1 24 22 1 11 2 7 13 28 19 26 9 28 16 3 15 26 13 4 20 24 11 15 29 28 12 11 6 25 13 19 11 20 14 12 28 21 1 26 10 5 11 22 6 29 25 23 15 17 23 20 1 23 23 18 2 20 10 29 29 27 1 10 17 27 12 27 4 23 7 19 24 1 5 2 25 20 21 12 5 26 24 18 11 8 8 16 20 27 6 8 20 18 12 25 23 27 12 4 13 11 21 16 21 3 13 5 9 20 16 17 30 15 23 8 30 18 9 27 22 19 14 17 15 27 18 2 28 13 11 4 9 12 19 25 9 19 2 30 22 22 26 28 27 6 21 14 17 30 22 26 11 30 14 6 5 13 4 25 23 14 18 26 19 4 30 29 12 3 27 11 7 6 4 12 21 27 5 3 16 5 30 27 15 26 11 2 28 6 19 5 17 23 8 12 23 25 23 1 7 12 6 15 30 8 28 11 24 4 6 18 17 7 19 24 18 21 20 18 9 24 14 22 25 10 3 1 7 12 26 12 25 20 17 29 27 22 10 28 14 24 30 28 24 11 10 6 8 1 14 26 20 18 13 9 25 28 7 15 9 25 1 6 2 13 20 29 13 20 11 15 2 4 9 30 4 30 16 8 10 22 2 1 3 18 22 16 5 13 5 14 28 19 24 6 26 7 27 29 8 22 2 21 2 3 2 5 21 28 30 30 17 4 6 16 8 20 21 8 1 20 2 19 20 22 14 1 19 8 9 12 3 8 27 17 17 8 23 8 5 19 2 25 12 30 5 15 6 11 6 1 13 7 24 19 14 4 7 29 26 11 23 30 18 26 17 8 28 19 25 24 18 9 20 24 20 25 8 18 8 26 10 26 1 19 26 4 2 26 17 28 30 12 30 27 25 3 8 19 18 5 20 12 30 8 1 29 6 13 4 28 11 24 4 24 15 20 4 10 1 23 2 18 7 6 25 14 20 26 12 16 24 19 20 8 20 29 26 13 28 22 23 25 19 8 18 12 16 4 16 16 17 7 28 29 11
28 10 4 27 1 11 7 13 4 3 1 1 6 21 2 24 6 2 7 14 18 1 24 30 4 10 23 15 22 17 19 24 28 4 28 15 25 3 15 26 5 11 22 14 4 4 23 8 3 4 6 12 6 24 25 23 15 19 18 22 15 19 30 29 22 13 6 17 5 18 1 18 13 9 10 14 28 6 11 19 25 26 6 27 24 9 9 18 3 26 13 4 12 19 27 22 5 10 27 15 14 29 18 9 11 16 6 24 27 5 17 13 5 8 17 8 15 25 7 11 5 16 13 3 10 26 24 20 30 8 25 24 9 9 26 24 17 10 15 28 24 9 27 14 27 5 30 30 1 24 29 30 23 30 13 4 21 22 2 11 3 22 10 14 9 14 1 29 22 3 30 3 19 18 23 11 12 16 5 24 15 4 9 30 7 3 10 24 21 14 16 29 6 6 1 8 17 20 12 17 20 8 17 17 2 18 13 2 1 18 7 3 29 9 28 2 30 3 21 11 24 21 19 10 28 14 18 6 16 12 19 12 9 30 25 21 9 17 3 4 23 2 22 26 28 5 22 23 27 15 17 23 14 8 22 9 28 19 10 24 30 26 25 19 1 9 8 7 5 3 7 28 12 27 15 21 13 8 10 28 16 3 10 14 9 24 28 6 17 4 3 24 16 11 6 7 2 5 24 19 17 1 15 24 11 23 23 14 8 5 24 26 14 21 15 23 24 7 16 7 10 21 4 24 5 3 14 27 14 8 4 11 26 13 8 29 20 26 3 23 13 29 21 23 27 30 7 28 29 29 25 21 21 22 26 1 2 23 15 3 20 22 26 26 5 6 5 14 24 22 22 1 16 1 10 24 21 3 30 28 11 1 3 8 30 30 24 25 23 28 17 18 1 7 3 28 17 24 14 24 27 28 17 21 13 8 15 27 4 25 12 12 18 22 15 10 25 21 25 18 25 5 5 28 20 7 25 29 28 1 30 25 29 5 18 14 27 22 4 28 25 20 7 23 3 23 17 26 29 30 13 7 22 6 30 16 18 27 4 27 11 17 9 14 29 26 14 18 23 8 7 3 12 8 24 14 1 8 3 16 5 2 27 9 27 4 3 23 2 20 11 7 17 13 16 18 1 2 29 20 10 14 17 28 22 2 7 4 8 12 23 11 26 12 21 22 28 12 4 25 19 9 3 24 10 18 9 15 25 7 13 8 19 4 6 2 29 30 9 1 27 18 12 3 1 25 23 20 24 27 27 30 20 9 24 21 19 25 5 1 19 13 8 5 24 28 1 14 19 26 28 21 24 24 20 1 9 26 29 14 18 15 4 28 14 20 10 17 14 17 17 11 21 30 21 11 5 22 14 10 16 12 13 1 30 29 20 14 3 26 14 13 4 3 1 30 17 26 23 16 8 13 8 8 20 24 8 9 25 3 23 18 29 26 22 21 9 19 11 9 17 27 15 4 8 3 22 15 3 24 30 21 11 15 10 30 28 7 8 19 5 6 3 2 24 8 14 23 27 29 16 18 3 18 19 20 19 2 15 12 14 12 17 11 10 30 4 4 24 17 16 14 6 13 3 12 11 19 4 5 18 6 12 29 20 5 21 9 20 9 24 25 4 27 2 15 3 23 23 27 1 4 23 21 24 23 29 20 1 18 19 14 30 29 6 11 6 22 25 14 18 11 26 7 23 1 7 22 15 4 17 30 15 15 9 2 13 6 28 1 25 11 19 23 7 2 10 27 23 6 19 4 14 16 24 11 11 29 5 9 4 27 23 9 10 16 30 4 1 6 5 2 1 17 3 11 22 27 4 6 12 20 10 28 29 14 23 8 19 21 26 25 13 11 3 26 13 8 9 30 10 2 8 16 25 12 12 17 17 22 22 20 5 4 22 7 19 28 16 16 12 26 1 23 2 27 16 4 28 23 24 5 7 1 12 4 10 14 2 11 9 24 19 17 20 30 27 22 30 23 13 24 12 19 16 9 29 9 2 15 2 13 7 29 6 27 17 27 10 20 21 12 3 8 22 12 28 8 23 26 9 21 8 26 12 30 27 7 28 11 8 19 11 17 30 21 28 8 19 6 16 17 11 25 5 28 3 21 19 20 14 14 28 5 20 30 24 4 8 9 4 28 4 14 21 23 23 30 9 30 6 16 18 29 3 26 28 1 19 7 27 30 5 29 13 1 23 18 30 23 4 11 30 17 11 5 19 7 3 24 21 14 27 7 11 1 28 9 4 7 12 14 9 4 29 28 5 7 25 9
0 5 2
144 757
1 7 10
81 134 838 708 525 50 207 254 714 90
6 16 15
48 316 397 204 369 237 691 575 355 389 128 167 927 49 196
1 13 3
839 385 923
0 17 5
688 630 532 227 285
1 15 15
601 906 659 130 483 470 806 739 409 678 704 657 662 513 748
2 14 6
764 543 21 411 953 280
5 14 13
147 939 392 801 362 108 377 991 359 15 29 627 127
8 7 15
952 919 625 16 604 887 405 38 561 456 683 770 383 31 171
3 2 11
786 836 815 772 191 647 914 303 933 246 873
1 19 17
521 670 646 540 160 684 340 452 327 308 165 137 567 421 508 407 61
2 12 12
264 32 499 216 378 291 455 811 951 115 42 891
4 15 9
155 387 835 911 11 912 334 495 974
8 9 14
841 672 425 23 636 844 736 550 299 754 97 273 777 526
6 19 14
314 233 448 434 215 633 563 656 711 752 271 687 256 319
9 5 18
135 566 810 845 733 502 622 813 528 645 37 940 245 413 693 905 350 975
1 14 6
486 467 897 145 826 250
4 8 15
251 961 109 307 200 976 893 685 258 329 349 665 530 244 560
0 13 2
460 84
4 17 10
332 52 468 761 797 715 360 827 20 825
2 10 6
934 463 92 59 626 852
2 14 7
963 570 937 156 45 64 781
2 3 13
313 623 94 412 437 539 734 472 436 263 537 506 80
0 17 2
987 824
7 13 14
77 161 462 176 922 600 669 850 25 326 429 571 473 235
3 5 11
860 958 338 232 361 949 705 699 968 249 814
3 16 9
223 756 427 404 182 743 323 148 727
2 7 12
848 692 157 372 363 302 47 505 257 536 603 886
2 13 7
320 352 880 78 240 807 482
8 9 12
180 98 56 936 582 649 894 966 501 172 677 650
0 19 14
901 221 105 446 79 890 189 62 445 368 584 13 735 593
6 18 12
442 443 878 262 962 255 188 986 861 517 818 898
1 9 11
554 36 226 765 624 597 535 780 712 519 869
3 18 11
177 424 118 661 67 330 579 812 290 399 12
4 5 11
821 902 614 265 219 576 680 660 753 997 904
1 7 2
611 853
1 13 4
0 274 864 356
5 11 15
312 179 674 269 432 568 857 802 8 877 17 192 33 782 917
2 14 10
696 335 441 703 276 589 842 564 996 450
0 8 4
587 618 578 202
0 10 2
730 175
0 15 9
635 533 916 706 920 524 158 872 18
0 19 3
983 415 531
9 19 15
343 700 3 324 306 136 224 829 973 654 367 384 337 141 768
5 13 9
451 965 190 924 547 125 648 591 790
0 19 7
723 941 193 776 929 85 351
7 19 14
420 590 243 301 375 41 289 948 728 242 444 865 14 253
8 12 15
676 694 689 583 503 984 767 573 201 236 151 944 673 747 823
0 11 1
831
0 15 5
565 741 512 658 544
3 10 7
577 414 509 211 197 381 458
6 7 16
69 112 617 610 817 74 643 382 592 86 720 840 804 785 994 106
2 13 17
400 964 820 637 529 270 184 574 416 892 511 718 702 247 68 586 474
3 2 16
690 871 294 183 336 928 763 639 854 478 992 795 146 609 697 181
0 5 2
488 874
1 17 6
131 438 309 168 317 969
3 7 7
935 800 794 370 55 667 745
1 17 10
686 681 272 304 629 796 562 642 208 153
3 3 9
913 724 998 169 484 228 110 71 490
0 6 14
695 956 418 947 558 53 466 123 99 214 380 464 341 100
7 7 14
799 139 548 2 858 833 116 101 278 114 731 546 557 66
5 5 11
395 132 325 286 279 585 882 977 980 345 885
2 16 14
396 6 252 487 203 792 899 580 551 492 716 607 54 504
1 8 2
401 522
5 16 13
266 159 606 612 651 602 931 259 866 10 884 26 808
2 1 10
298 331 58 423 82 365 875 234 322 619
3 1 20
449 569 107 926 620 194 497 1 479 675 588 485 932 206 393 76 542 457 217 881
2 1 6
398 321 809 83 364 698
0 18 1
596
1 17 4
493 261 910 374
0 11 1
863
5 1 11
476 552 60 346 847 995 855 366 834 507 779
0 20 2
653 719
5 16 14
469 126 851 88 760 883 581 433 732 663 816 640 373 342
7 3 18
717 454 784 766 985 867 305 95 789 354 655 638 419 403 938 480 729 238
4 6 9
93 972 993 339 284 475 358 595 422
0 4 5
430 679 990 608 5
0 1 2
634 957
1 6 4
534 379 908 710
3 19 10
133 805 231 439 822 275 122 39 140 34
0 4 6
19 417 333 888 73 267
0 17 6
91 668 406 410 746 113
1 6 17
218 541 344 819 870 516 828 559 453 849 65 510 277 142 394 981 239
7 16 18
119 895 967 664 788 666 803 556 775 707 129 402 598 348 830 150 846 713
5 2 10
644 152 149 742 205 701 859 447 930 545
0 14 7
918 496 769 856 43 213 909
2 14 8
124 295 117 970 260 925 28 162
2 2 5
494 518 943 740 876
1 19 1
4
1 13 1
7
1 34 2
9 758
5 13 1
22
2 24 1
24
1 36 1
27
3 19 1
30
3 21 1
35
1 22 1
40
3 33 1
44
5 19 1
46
1 9 1
51
2 26 1
57
2 11 1
63
1 7 1
70
2 21 1
72
8 22 1
75
1 29 1
87
1 24 1
89
2 29 1
96
1 30 1
102
6 18 1
103
3 14 1
104
1 33 1
111
1 32 1
120
5 32 1
121
8 19 1
138
7 17 1
143
8 12 2
154 390
2 27 1
163
1 10 1
164
2 31 1
166
1 19 1
170
2 22 1
173
3 22 1
174
2 28 1
178
2 24 1
185
5 21 1
186
2 16 1
187
4 10 1
195
8 29 1
198
3 16 1
199
1 30 1
209
3 20 1
210
1 22 1
212
3 4 1
220
6 8 1
222
1 38 1
225
1 25 1
229
3 22 1
230
2 25 1
241
1 27 1
248
1 28 1
268
1 30 1
281
1 16 1
282
1 18 1
283
2 22 1
287
1 34 1
288
1 21 1
292
7 24 1
293
2 25 1
296
3 33 1
297
6 33 1
300
2 35 1
310
1 29 1
311
1 24 1
315
8 11 2
318 615
5 7 1
328
2 31 1
347
5 9 1
353
5 22 1
357
7 10 1
371
4 23 1
376
1 34 1
386
1 27 1
388
3 22 1
391
4 14 1
408
2 21 1
426
4 27 1
428
1 28 1
431
2 26 1
435
8 12 1
440
8 26 1
459
6 27 1
461
5 21 1
465
1 23 1
471
3 27 1
477
1 36 1
481
1 34 1
489
2 14 1
491
8 18 1
498
1 33 1
500
1 33 1
514
5 19 1
515
3 12 1
520
3 13 1
523
2 30 1
527
5 32 1
538
1 23 1
549
1 16 1
553
1 11 1
555
1 18 1
572
3 15 1
594
1 35 1
599
1 20 1
605
1 22 1
613
3 29 1
616
8 22 1
621
3 18 1
628
8 21 1
631
8 21 1
632
8 23 1
641
4 3 1
652
9 35 1
671
5 12 1
682
1 19 1
709
4 12 1
721
3 18 1
722
8 23 1
725
2 26 1
726
3 24 1
737
1 20 1
738
9 21 1
744
4 9 2
749 868
8 21 1
750
1 21 1
751
2 16 1
755
5 21 1
759
2 24 1
762
2 7 1
771
2 26 1
773
2 9 1
774
1 27 1
778
5 18 2
783 896
2 22 1
787
3 16 1
791
3 16 1
793
1 15 1
798
2 22 1
832
1 11 1
837
1 19 1
843
2 22 1
862
3 15 1
879
2 25 1
889
1 24 1
900
3 24 1
903
3 28 1
907
2 29 1
915
4 21 1
921
8 7 1
942
5 24 1
945
5 10 1
946
1 38 1
950
1 27 1
954
1 26 1
955
1 17 1
959
3 16 1
960
1 35 1
971
3 33 1
978
3 17 1
979
5 32 1
982
2 15 1
988
1 32 1
989
2 11 1
999
