500 191 775 3
13 18 2 5 16 11 17 30 29 6 24 26 10 6 13 15 1 11 24 21 3 7 2 23 21 29 10 11 27 12 22 27 6 24 18 18 27 15 4 18 6 17 17 15 17 5 4 11 10 20 14 28 30 6 13 29 20 1 3 22 11 10 11 6 7 5 30 16 21 29 13 17 26 17 18 27 6 15 15 24 17 2 8 21 9 30 25 23 19 30 20 5 16 3 5 14 22 2 30 21 9 15 22 6 14 9 22 18 29 13 2 7 23 14 7 26 27 2 29 1 7 8 5 3 8 17 26 7 30 9 3 30 17 10 11 13 6 8 25 12 26 19 27 3 17 3 20 27 18 9 12 28 10 14 9 9 22 17 16 1 10 26 22 15 25 29 29 6 13 4 20 18 16 9 1 27 28 15 21 20 25 11 27 24 7 26 17 8 2 13 9 20 4 10 30 13 24 23 1 16 24 8 30 27 12 30 13 7 27 27 10 12 6 16 7 21 3 24 22 15 28 4 16 29 3 16 16 22 17 10 20 5 3 11 14 30 26 29 16 19 8 6 22 26 20 1 2 9 23 5 17 20 12 6 6 3 28 23 2 22 28 26 25 11 26 24 21 7 21 17 2 2 20 6 4 28 20 11 24 8 12 14 30 10 14 21 28 12 10 24 7 20 16 22 7 15 18 24 1 21 5 23 8 11 7 26 9 6 30 10 17 20 29 11 21 30 27 9 23 19 29 16 10 1 10 21 24 6 8 2 19 7 17 19 16 8 17 23 22 29 27 11 13 7 6 29 25 18 28 5 3 16 16 27 4 3 6 4 18 18 7 10 11 3 7 1 10 10 23 5 27 7 16 27 17 7 28 25 28 14 17 18 23 24 8 18 17 30 14 19 28 14 22 22 11 11 13 13 1 1 5 18 14 8 4 2 10 23 6 13 28 24 26 26 17 21 30 2 11 28 22 20 1 6 1 29 5 18 17 9 8 15 9 17 30 15 14 5 11 7 22 8 27 9 28 3 29 22 6 20 21 17 25 19 30 27 13 7 16 26 5 28 22 29 12 6 12 19 24 24 15 5 16 24 2 23 16 11 2 8 8 9 10 14 16 5 30 23 25 2 20 21 11 18 9 11 18 21 10 23
11 10 26 26 14 21 6 30 10 18 1 17 4 6 23 1 18 5 12 4 20 21 20 1 29 20 8 24 13 4 2 1 3 10 3 24 9 21 29 9 5 10 8 2 20 2 19 19 3 22 23 11 18 3 24 27 8 18 17 12 26 4 20 10 14 8 3 20 21 7 28 3 18 17 5 6 30 26 7 21 21 2 25 26 5 25 10 14 4 25 18 8 9 1 17 29 3 4 25 27 6 11 23 11 12 5 2 13 11 26 2 3 14 21 17 28 27 1 4 8 14 26 3 14 19 19 4 2 15 16 23 14 18 23 16 13 7 28 6 8 10 11 24 24 12 17 23 12 13 5 5 24 15 23 10 6 20 29 4 16 22 10 30 23 4 14 22 19 7 12 8 19 11 12 3 8 1 19 17 13 28 21 18 3 8 28 14 14 24 1 3 12 15 15 9 10 6 2 26 19 17 7 21 2 2 7 17 25 15 16 19 12 13 8 17 29 25 25 7 21 26 17 21 27 3 13 23 22 3 8 9 20 26 10 5 18 8 8 3 17 16 26 27 1 11 25 21 13 29 7 25 25 18 23 5 15 23 21 6 25 23 5 11 19 4 16 30 7 30 27 2 1 29 3 24 11 15 2 7 25 25 15 16 29 4 19 30 11 17 18 23 3 8 22 13 2 5 7 16 9 8 22 15 25 14 1 20 15 21 26 19 23 27 12 27 7 18 29 10 29 16 22 12 13 15 9 5 6 19 3 9 10 17 20 16 26 15 24 7 15 14 30 11 2 30 22 18 24 20 3 18 21 28 14 12 14 18 29 6 12 15 22 9 17 15 29 11 6 13 20 29 27 4 17 19 27 15 10 16 7 19 22 28 14 8 4 5 28 10 26 26 7 8 5 7 23 20 13 16 22 15 13 7 26 27 14 7 10 26 27 10 13 17 5 15 9 21 6 1 10 29 21 16 9 4 15 4 20 22 23 15 23 11 4 29 24 22 12 13 22 22 12 29 19 21 18 7 14 28 22 29 10 4 8 24 30 1 13 18 27 11 23 3 11 5 5 16 14 8 29 7 27 20 2 25 26 28 6 1 1 11 14 3 9 19 3 15 5 19 11 6 13 15 17 10 29 14 1 10 12
3 12 7
184 321 138 451 425 415 374
0 15 2
328 196
1 16 3
235 287 403
1 20 3
445 399 308
0 19 5
472 429 404 454 446
1 16 4
114 128 295 424
1 11 4
224 14 243 241
3 9 6
238 347 223 400 490 344
3 10 8
286 293 52 121 408 298 320 373
0 4 5
37 377 173 471 25
0 15 4
489 309 475 245
1 16 2
333 342
3 18 6
79 135 311 283 460 103
2 3 7
351 166 219 200 412 49 393
1 10 5
101 2 487 86 71
2 1 5
100 192 102 96 428
4 15 7
476 21 56 194 53 464 32
0 16 6
51 67 468 423 180 491
1 16 3
398 113 72
1 12 2
386 152
2 9 5
315 368 329 23 280
3 7 6
382 210 22 274 497 240
0 20 2
255 31
1 7 2
161 4
1 2 4
337 340 353 264
1 18 4
38 417 326 177
0 7 5
495 414 350 178 231
2 8 6
84 371 380 139 427 204
2 1 5
383 147 34 449 174
0 20 8
98 384 115 171 39 345 201 433
1 15 5
125 314 170 123 273
2 5 5
269 331 391 410 59
0 4 6
168 95 477 182 369 76
0 12 2
247 334
0 6 5
185 209 303 338 92
2 16 5
44 494 463 75 379
0 13 2
148 290
4 14 8
197 492 133 228 442 193 20 198
4 15 7
215 261 466 260 64 244 232
2 7 5
250 496 441 288 50
2 20 3
421 435 484
0 6 2
144 206
1 18 3
126 233 73
2 8 7
167 310 304 35 339 253 78
1 11 3
7 82 458
1 8 5
405 143 252 480 81
0 18 6
127 289 418 229 203 176
1 20 3
63 265 355
0 2 5
33 104 214 335 45
3 19 8
62 346 439 305 259 189 222 302
1 5 4
162 332 220 55
1 17 3
120 89 154
0 5 2
211 179
0 7 5
395 469 239 85 0
2 14 5
237 191 352 307 360
3 17 7
316 5 29 453 381 413 465
1 7 6
164 372 1 47 124 28
2 8 6
440 246 402 155 388 256
1 13 4
359 447 407 336
0 16 2
327 389
1 2 5
478 251 450 467 130
2 16 6
212 226 483 249 354 263
3 13 7
69 41 474 444 385 409 105
1 15 5
136 479 397 24 30
0 19 2
110 122
0 9 3
195 361 292
1 18 4
294 488 3 17
1 3 5
218 199 456 272 277
0 11 4
145 401 358 42
1 10 4
416 87 88 183
3 12 6
262 111 26 436 19 375
0 11 2
325 40
0 6 2
300 221
0 19 1
225
1 17 3
65 146 97
0 6 2
406 266
0 11 6
457 396 74 141 118 301
1 1 2
172 284
0 10 3
498 48 234
2 12 5
83 296 431 131 486
1 9 7
175 461 281 419 343 376 134
0 19 2
156 248
0 18 1
188
0 13 4
169 462 117 254
0 14 6
58 9 312 330 91 438
5 17 9
367 267 165 93 140 107 390 459 270
0 10 3
208 213 437
1 5 2
205 370
1 17 5
426 313 282 348 132
1 14 1
6
1 11 1
8
2 21 1
10
2 23 1
11
1 23 1
12
1 14 1
13
1 21 1
15
1 28 1
16
3 30 1
18
1 17 1
27
2 40 1
36
1 29 1
43
1 24 1
46
1 30 1
54
2 12 1
57
1 35 1
60
1 14 1
61
1 22 1
66
5 20 1
68
4 13 1
70
2 25 1
77
4 25 1
80
1 26 1
90
1 15 1
94
3 23 1
99
3 23 1
106
2 17 1
108
2 34 1
109
1 13 1
112
2 24 1
116
2 15 1
119
3 32 1
129
1 24 1
137
1 5 1
142
1 22 1
149
1 17 1
150
4 36 1
151
2 15 1
153
2 15 1
157
4 20 1
158
4 28 1
159
1 14 1
160
1 26 1
163
1 33 1
181
2 25 1
186
3 17 1
187
1 16 1
190
3 26 1
202
1 12 1
207
1 10 1
216
2 32 2
217 357
1 21 1
227
5 17 1
230
1 26 1
236
1 19 1
242
1 33 1
257
1 17 1
258
1 16 2
268 366
2 26 1
271
1 32 1
275
1 39 1
276
6 25 1
278
1 15 1
279
1 25 1
285
4 24 1
291
4 16 1
297
5 31 1
299
3 12 1
306
1 13 1
317
4 15 1
318
2 31 1
319
2 33 1
322
1 18 1
323
2 18 1
324
1 25 1
341
1 35 1
349
2 30 1
356
1 38 1
362
4 35 1
363
3 26 1
364
1 20 1
365
1 18 1
378
3 27 1
387
1 22 1
392
1 10 1
394
1 25 1
411
1 36 1
420
3 19 1
422
4 28 1
430
4 6 1
432
1 23 1
434
1 20 1
443
2 24 1
448
2 25 1
452
1 18 1
455
1 20 1
470
1 30 1
473
1 23 1
481
5 24 1
482
1 15 1
485
1 10 1
493
1 23 1
499
