800 225 1240 53
19 19 12 5 14 5 11 15 30 30 22 25 24 1 6 19 24 19 25 6 28 24 20 3 2 28 6 6 2 30 17 9 15 28 24 5 15 18 8 24 4 26 6 10 20 24 29 5 18 28 25 7 19 9 20 18 24 27 13 8 24 18 20 4 24 7 3 7 23 11 9 14 3 16 10 19 19 27 17 3 29 21 19 16 19 12 7 6 3 25 3 9 27 11 11 11 29 21 15 11 6 13 3 21 24 12 26 18 27 6 11 6 3 25 18 18 14 22 15 23 7 11 13 30 13 1 5 9 27 20 21 28 21 3 25 22 14 4 8 17 15 2 28 28 6 6 6 24 22 8 8 22 21 17 20 19 5 4 15 3 27 27 24 30 13 6 6 4 13 28 6 28 16 2 1 16 27 2 15 27 3 28 19 19 8 22 19 1 20 4 30 20 9 17 5 23 14 30 12 19 13 3 5 4 2 22 21 21 24 16 7 18 29 16 22 21 28 12 11 23 6 9 17 8 27 26 1 10 14 20 16 29 6 10 8 23 18 26 1 13 13 12 25 9 7 26 22 10 5 29 25 21 3 24 17 12 11 1 13 15 29 26 13 21 24 5 18 6 25 16 13 21 14 23 4 24 21 17 14 6 10 22 9 2 26 7 4 18 13 14 12 28 25 19 11 23 11 13 13 4 4 23 25 19 5 18 27 29 28 30 16 24 28 12 8 10 10 29 14 24 8 8 16 18 25 19 11 18 12 10 16 16 16 30 23 12 27 30 28 15 16 24 8 2 17 26 1 13 8 16 17 20 4 9 19 25 29 4 20 9 23 30 22 23 9 7 13 5 22 7 26 6 11 12 5 11 30 2 1 3 16 10 12 20 30 10 15 12 27 26 20 3 22 16 20 3 4 23 17 20 9 13 16 19 4 5 18 6 10 13 11 5 17 9 14 29 28 25 21 5 16 2 21 4 27 7 26 24 1 24 18 1 22 10 28 12 18 4 21 16 1 14 8 6 25 1 25 20 19 21 22 15 14 2 24 23 26 15 2 7 2 17 19 12 17 2 20 21 26 16 12 12 12 16 23 3 10 10 25 29 10 3 6 9 30 27 9 17 24 17 8 8 7 11 26 19 24 6 22 22 11 27 17 1 15 29 18 11 16 25 21 27 24 6 28 10 11 20 11 16 2 19 5 15 29 2 7 9 23 21 12 13 6 30 9 5 21 17 20 16 8 8 28 23 2 20 19 26 30 5 7 14 5 26 29 21 27 27 13 1 4 8 18 12 26 23 21 1 12 12 23 10 14 30 29 6 7 14 11 24 29 30 21 18 20 13 12 13 1 22 13 5 23 1 13 4 19 23 12 7 16 3 23 25 18 15 15 21 10 3 18 18 17 4 16 3 9 6 5 11 21 25 27 25 18 12 2 10 2 2 13 17 23 18 2 3 5 30 19 25 17 8 18 9 23 3 4 1 1 7 19 20 29 13 11 3 6 21 23 19 6 19 21 19 28 9 15 15 30 10 22 18 13 13 7 13 28 3 7 5 22 12 20 1 21 29 19 20 10 20 13 4 5 14 20 12 20 18 16 28 28 22 28 1 26 28 6 10 3 29 22 19 5 15 2 28 1 2 9 27 14 20 3 13 4 13 6 16 6 3 16 24 26 21 18 7 5 13 16 30 27 23 27 16 24 22 12 12 29 22 30 6 1 2 19 13 15 27 25 21 16 10 25 1 22 21 3 5 29 23 4 27 24 25 9 9 23 4 6 25 29 6 23 16 9 25 17 3 30 21 8 9 26 21 19 18 3 4 19 11
3 7 24 18 12 19 30 19 3 20 26 17 25 22 9 25 9 28 14 25 29 2 2 14 17 3 13 14 8 19 22 23 27 25 27 15 5 3 18 4 11 19 22 13 6 26 26 16 2 10 1 24 8 15 28 23 16 25 13 1 18 7 3 15 18 18 21 18 1 28 22 4 18 13 24 15 19 3 15 12 26 16 8 12 8 13 25 27 22 24 22 30 23 6 7 14 9 28 22 28 29 28 26 21 6 29 29 15 24 29 10 15 14 27 22 27 20 17 28 23 17 30 2 9 17 24 13 21 16 15 29 14 10 9 1 1 27 15 17 6 23 4 4 28 18 22 8 27 7 27 27 29 9 11 26 27 28 21 20 29 9 30 28 26 15 3 9 1 8 15 27 10 4 24 17 10 22 15 10 19 14 23 8 19 16 11 3 23 14 29 2 27 22 22 16 5 3 26 5 18 22 30 26 2 25 23 13 12 7 1 7 25 20 13 22 8 1 5 15 29 14 17 3 5 22 11 9 23 13 8 30 15 17 26 5 25 23 1 22 24 16 14 2 6 11 16 8 21 9 20 19 5 11 20 26 3 20 21 23 15 14 3 27 26 4 6 13 9 5 28 25 26 3 15 11 11 25 27 19 16 21 27 30 21 26 26 15 15 8 29 25 6 20 14 24 19 7 29 8 12 19 17 30 28 26 18 4 14 30 9 24 24 10 25 13 4 13 10 1 8 26 8 28 5 4 8 6 10 12 12 30 5 20 10 17 11 29 1 25 2 9 16 3 22 20 4 13 13 1 29 21 4 23 15 7 14 18 28 15 19 14 28 20 26 2 23 10 27 11 24 23 22 8 24 18 23 13 19 2 2 11 17 30 26 30 11 18 25 1 8 17 22 12 2 3 26 14 6 17 26 7 17 12 15 13 8 1 7 14 18 9 11 27 15 6 17 28 9 5 9 23 11 12 21 23 17 1 20 26 27 13 7 29 3 3 11 15 20 22 26 18 10 16 15 4 16 28 26 29 5 27 16 21 13 19 25 15 12 17 9 2 21 19 21 16 15 1 6 30 17 1 25 4 24 27 10 30 6 10 17 12 29 11 24 23 16 25 4 5 6 5 24 6 6 23 25 25 8 6 8 4 25 3 29 3 9 13 16 18 6 25 19 23 22 13 3 30 7 9 10 7 26 9 25 17 20 19 5 13 25 3 21 23 24 24 8 17 2 3 27 4 24 14 24 10 23 8 16 12 14 24 18 8 3 11 20 23 17 9 1 16 23 12 13 3 28 14 29 2 26 22 30 26 1 30 1 28 7 4 7 19 19 5 16 6 3 29 30 12 10 9 23 16 5 14 18 8 18 27 24 2 14 4 10 22 8 15 4 22 9 9 6 15 2 8 11 9 2 13 9 23 20 8 26 9 30 21 22 2 30 7 21 3 18 18 29 28 27 8 12 29 15 17 17 13 19 17 1 16 18 16 23 8 24 28 13 15 14 4 16 6 1 1 20 26 5 27 10 12 14 28 28 1 21 8 9 17 24 29 7 14 13 17 22 23 3 7 13 25 25 11 9 30 21 2 25 2 27 2 21 14 6 15 27 21 11 16 9 25 26 5 18 28 20 20 22 22 8 6 26 23 1 7 30 27 23 12 20 9 12 27 17 23 9 13 21 3 9 11 19 6 14 10 12 14 20 3 21 12 17 17 16 23 17 22 6 25 6 12 4 25 6 30 16 24 8 2 28 16 25 27 7 22 4 4 27 13 1 11 24 25 15 15 4 13 1 1 8 14 1 19 8 22 15 4 15 11 13 8 27
1 11 8
533 667 549 423 483 638 675 760
1 1 11
482 382 795 463 532 97 499 196 181 0 163
0 8 15
563 20 230 617 101 512 70 53 734 357 632 326 316 568 610
0 13 6
373 178 354 454 149 245
2 20 7
133 148 580 360 272 500 733
4 9 8
708 682 402 781 663 165 6 267
0 13 7
318 86 188 154 221 255 558
1 19 7
102 232 54 748 730 461 104
1 17 7
180 554 746 37 299 662 593
5 5 10
602 293 18 229 139 439 574 168 40 5
1 10 10
681 508 48 547 578 758 212 598 268 175
0 20 9
307 545 28 224 695 166 330 71 492
0 6 7
202 738 370 208 364 631 776
3 3 7
788 447 173 717 541 273 745
0 13 12
195 35 606 231 343 670 626 522 239 315 685 657
5 18 13
296 595 68 409 538 405 30 88 15 219 665 690 206
1 19 4
671 737 358 686
4 4 11
674 678 418 546 443 735 44 197 731 766 404
1 17 6
548 609 611 371 305 603
1 2 10
126 424 76 389 635 415 712 732 75 295
0 4 2
642 93
0 3 2
151 792
1 11 5
60 362 29 240 252
1 6 4
775 575 584 437
6 19 13
36 569 131 218 769 622 771 715 162 544 270 392 176
3 16 7
49 31 661 743 497 233 513
3 17 12
351 215 676 263 65 393 249 146 372 177 646 453
0 13 2
182 236
0 19 3
579 217 381
1 14 13
456 601 459 50 666 7 527 565 42 103 238 98 720
2 7 5
772 639 412 485 25
0 16 12
247 525 590 649 537 679 207 659 724 95 63 297
0 11 2
528 169
6 13 10
164 361 750 130 756 457 113 633 516 495
5 12 12
9 78 669 251 167 58 624 491 798 283 22 416
2 5 11
107 192 67 698 406 774 697 132 688 340 185
2 5 3
518 706 556
1 17 13
478 110 92 621 353 155 120 430 327 736 170 414 467
1 4 10
83 359 783 14 550 475 645 156 716 797
2 9 5
526 477 435 511 91
2 3 8
420 4 472 793 288 555 51 306
2 1 5
620 375 605 320 17
1 2 13
61 763 342 577 105 374 789 739 213 13 505 124 309
0 3 4
329 333 314 761
1 20 2
742 451
0 16 4
90 432 458 189
1 7 5
466 116 277 613 729
0 20 11
561 498 59 585 300 160 680 241 612 222 303
2 19 6
796 427 486 136 493 616
0 20 3
269 112 260
6 12 13
517 73 390 711 476 689 767 111 630 785 388 89 460
2 19 7
754 636 403 677 553 198 650
2 6 4
509 285 448 128
1 2 3
399 536 87
6 2 11
473 64 479 194 653 587 641 225 637 719 431
1 12 8
72 45 367 287 628 501 152 692
4 11 8
449 32 369 727 787 172 471 530
1 9 4
234 684 487 489
1 10 6
264 223 321 319 376 257
4 16 10
325 751 704 722 608 408 701 693 401 552
0 2 2
331 484
2 6 7
747 625 378 336 47 137 211
2 18 14
290 291 753 184 108 709 308 470 440 256 400 259 377 411
0 3 4
607 94 85 317
2 2 7
496 142 201 560 96 39 417
1 17 12
284 216 261 33 118 16 446 799 119 153 147 596
0 17 6
344 462 347 765 289 334
2 5 9
204 506 19 282 474 286 235 123 694
1 20 14
244 410 144 523 209 386 352 702 313 346 441 171 304 248
0 17 4
275 504 99 723
3 7 7
328 254 764 515 1 428 524
0 12 4
699 559 394 193
2 8 6
38 757 322 226 114 623
1 15 4
770 383 56 535
3 17 15
419 183 583 145 640 705 228 778 298 23 647 199 438 687 721
1 12 3
644 502 564
1 11 7
710 654 159 205 791 740 323
1 3 9
100 728 422 673 243 80 589 82 186
6 3 14
345 384 691 379 27 140 266 779 714 762 43 444 396 158
0 11 1
551
2 1 7
220 276 227 562 395 604 355
0 9 5
542 445 652 55 599
6 12 15
281 115 157 582 592 658 250 786 46 174 567 365 480 510 237
2 13 6
465 203 368 348 74 442
1 6 3
627 455 539
0 11 5
190 312 135 66 52
3 4 9
380 534 246 150 271 790 109 12 311
2 4 5
660 338 191 521 69
1 12 2
21 570
1 20 1
2
3 24 1
3
2 14 1
8
1 31 1
10
5 18 2
11 520
1 28 1
24
1 28 1
26
1 39 1
34
2 12 1
41
1 25 1
57
1 9 1
62
1 13 1
77
4 15 1
79
1 24 1
81
3 15 2
84 576
1 34 1
106
3 31 1
117
3 14 1
121
1 33 1
122
2 21 1
125
1 15 1
127
1 7 1
129
1 30 1
134
2 6 1
138
3 16 1
141
1 33 1
143
1 11 1
161
1 14 1
179
1 3 1
187
3 38 1
200
1 37 1
210
1 11 1
214
7 31 1
242
2 25 1
253
1 30 1
258
4 10 1
262
2 2 1
265
1 23 1
274
2 12 1
278
2 21 1
279
1 21 1
280
4 9 1
292
7 30 1
294
1 16 1
301
2 13 1
302
2 30 1
310
3 9 1
324
1 23 1
332
4 4 1
335
2 24 1
337
2 12 1
339
1 14 1
341
1 29 1
349
1 4 1
350
2 6 1
356
1 37 1
363
1 23 1
366
1 25 1
385
2 12 1
387
3 36 1
391
1 32 1
397
3 22 1
398
1 28 1
407
3 28 1
413
3 27 1
421
1 16 1
425
2 18 1
426
2 13 1
429
2 23 1
433
1 10 1
434
3 5 1
436
2 21 1
450
1 26 1
452
2 15 1
464
5 19 1
468
2 13 1
469
1 23 1
481
5 8 1
488
1 20 1
490
5 9 1
494
1 22 1
503
1 20 1
507
2 10 1
514
1 18 1
519
1 26 1
529
1 21 1
531
3 8 1
540
1 29 1
543
1 16 1
557
1 14 1
566
1 32 1
571
2 33 1
572
3 26 1
573
2 13 1
581
2 3 1
586
2 37 1
588
1 8 1
591
2 16 1
594
4 20 1
597
2 34 1
600
5 18 1
614
2 15 1
615
4 5 1
618
3 32 1
619
1 18 1
629
1 17 1
634
1 10 1
643
1 36 1
648
5 18 1
651
1 16 1
655
1 22 1
656
2 30 1
664
1 19 1
668
1 22 1
672
2 16 1
683
1 20 1
696
1 31 1
700
3 20 1
703
1 14 1
707
1 36 1
713
5 7 1
718
1 28 1
725
2 2 1
726
5 11 1
741
2 17 1
744
2 12 1
749
2 20 1
752
2 30 1
755
1 20 1
759
2 19 1
768
3 24 1
773
1 13 1
777
1 17 1
780
3 30 1
782
4 21 1
784
1 27 1
794
