300 39 465 20
36 12 39 36 12 23 12 28 37 12 31 38 22 28 23 24 19 21 31 20 36 23 35 35 25 28 16 34 33 19 15 24 24 15 33 20 36 29 34 27 29 27 35 27 28 20 18 21 30 17 20 21 33 19 17 21 40 38 39 25 30 15 27 13 30 14 23 11 22 21 22 22 25 16 29 30 11 21 16 17 28 15 39 37 19 39 33 40 17 17 24 21 31 14 28 19 21 29 14 19 33 23 24 28 40 22 32 30 22 17 38 12 14 22 39 28 28 37 26 29 17 12 15 25 37 17 12 38 29 29 28 28 12 30 14 11 25 38 21 19 16 36 30 12 39 33 38 24 23 30 27 24 38 35 34 13 20 28 27 37 25 38 31 32 33 12 16 23 31 22 34 15 23 27 15 24 14 23 21 28 34 31 20 19 33 29 29 22 34 31 29 40 37 32 35 19 22 22 18 40 20 32 13 12 11 20 13 28 14 33 17 16 31 23 15 19 20 37 27 18 30 37 36 21 14 37 30 26 12 22 33 28 37 20 33 38 26 36 22 33 28 34 29 24 28 17 13 17 20 37 31 28 26 24 17 12 28 18 27 29 40 19 29 22 13 12 15 14 29 32 11 19 28 37 27 31 16 13 33 40 31 37 40 22 23 12 21 18 36 28 17 37 32 26 25 17 37 34 28 32
26 2 29 26 2 13 2 18 27 2 21 28 12 18 13 14 9 11 21 10 26 13 25 25 15 18 6 24 23 9 5 14 14 5 23 10 26 19 24 17 19 17 25 17 18 10 8 11 20 7 10 11 23 9 7 11 30 28 29 15 20 5 17 3 20 4 13 1 12 11 12 12 15 6 19 20 1 11 6 7 18 5 29 27 9 29 23 30 7 7 14 11 21 4 18 9 11 19 4 9 23 13 14 18 30 12 22 20 12 7 28 2 4 12 29 18 18 27 16 19 7 2 5 15 27 7 2 28 19 19 18 18 2 20 4 1 15 28 11 9 6 26 20 2 29 23 28 14 13 20 17 14 28 25 24 3 10 18 17 27 15 28 21 22 23 2 6 13 21 12 24 5 13 17 5 14 4 13 11 18 24 21 10 9 23 19 19 12 24 21 19 30 27 22 25 9 12 12 8 30 10 22 3 2 1 10 3 18 4 23 7 6 21 13 5 9 10 27 17 8 20 27 26 11 4 27 20 16 2 12 23 18 27 10 23 28 16 26 12 23 18 24 19 14 18 7 3 7 10 27 21 18 16 14 7 2 18 8 17 19 30 9 19 12 3 2 5 4 19 22 1 9 18 27 17 21 6 3 23 30 21 27 30 12 13 2 11 8 26 18 7 27 22 16 15 7 27 24 18 22
3 5 16
206 218 144 42 80 95 109 111 121 9 17 73 99 190 201 269
8 2 18
76 171 240 230 132 139 174 17 244 162 172 153 229 213 38 45 202 288
3 12 8
281 33 137 68 223 76 206 240
3 10 19
250 141 271 252 79 91 170 147 83 186 133 297 221 286 215 1 16 251 268
2 11 24
188 245 262 208 148 269 196 1 62 254 296 177 14 152 200 27 89 204 215 226 227 274 275 290
2 17 14
165 81 299 36 71 118 159 191 287 9 22 42 125 220
2 3 5
122 176 224 56 283
1 18 12
51 255 125 225 61 43 27 295 242 207 250 253
3 20 19
38 210 293 226 131 31 58 66 30 98 243 167 49 105 197 247 249 285 292
6 8 15
201 70 44 7 283 238 134 15 284 179 261 156 235 263 277
2 15 18
101 135 100 88 214 145 169 8 58 93 104 138 141 179 225 260 278 295
1 7 4
178 143 50 222
1 7 8
247 140 5 46 60 171 193 230
3 7 11
128 93 235 136 180 10 228 61 133 147 233
2 17 15
265 205 173 19 85 270 163 192 65 263 216 116 33 238 243
1 2 10
227 47 50 12 257 36 51 84 189 217
1 9 6
55 67 92 134 140 259
2 19 5
2 157 253 107 186
1 17 14
138 168 267 41 69 124 183 4 97 78 153 187 191 245
3 16 15
22 198 184 48 212 86 236 259 222 115 298 289 32 120 149
2 5 8
203 248 151 189 41 142 192 232
1 12 11
272 57 3 69 118 126 132 157 164 280 284
4 14 10
34 246 102 233 26 164 10 19 48 185
4 19 12
190 219 294 56 142 146 73 68 115 223 256 264
3 3 8
53 130 29 274 156 268 59 25
2 11 17
96 282 89 181 20 119 6 249 185 114 211 59 95 131 176 214 255
5 19 13
285 291 113 106 74 182 251 149 64 108 80 122 183
1 12 8
193 120 11 24 103 135 208 281
1 17 15
288 24 52 46 127 280 260 90 278 237 63 220 20 74 244
2 14 9
49 13 92 25 83 172 203 211 293
1 12 15
194 39 117 104 37 16 112 35 6 23 108 109 162 224 279
1 14 10
266 78 234 77 12 34 87 88 101 137
1 6 8
28 273 158 256 47 111 181 228
2 16 19
199 107 150 241 8 11 129 94 54 123 87 18 84 40 43 44 86 174 254
4 18 11
155 110 82 72 276 207 0 258 3 145 291
1 18 7
217 23 21 52 160 209 276
10 10 20
277 40 154 197 264 45 161 105 75 290 126 160 21 99 279 112 150 200 216 248
6 7 20
292 175 231 195 204 202 103 239 275 5 209 187 166 18 63 77 91 165 196 199
1 1 5
232 60 39 124 128
