800 35 1240 53
32 14 31 37 14 34 23 22 36 25 25 33 11 15 15 19 25 20 21 22 21 33 22 17 40 23 17 17 31 20 23 28 27 30 18 14 16 28 23 18 13 37 29 22 27 12 27 27 32 33 26 31 33 22 12 40 23 39 22 32 18 27 38 33 20 31 11 38 25 22 27 14 16 34 22 31 28 40 15 21 31 31 16 15 32 39 28 15 34 17 34 34 15 36 27 17 16 34 28 27 19 31 28 34 15 20 24 31 24 36 40 36 21 23 16 33 38 15 24 20 33 29 36 24 13 38 17 19 17 18 39 16 20 23 19 11 14 32 27 26 24 39 27 24 18 35 13 22 36 29 28 21 20 27 16 23 24 37 39 24 33 38 25 34 11 26 33 27 16 32 25 40 36 19 29 28 11 26 26 11 32 22 22 26 19 32 30 31 18 24 20 39 27 36 24 27 40 29 16 24 16 39 11 21 35 30 16 38 14 19 17 19 14 26 35 24 34 37 21 34 38 14 35 25 36 31 29 29 36 16 19 21 39 18 17 14 18 12 13 24 12 18 16 14 34 19 32 31 34 23 28 22 21 17 31 18 17 35 16 32 18 23 32 13 15 12 28 38 21 36 34 20 32 26 20 19 12 32 13 25 31 28 11 32 31 24 23 34 18 33 35 33 31 39 19 23 19 12 16 36 29 31 23 35 34 19 34 25 31 25 14 26 34 14 32 35 28 35 14 15 27 25 20 26 30 12 29 18 11 24 37 39 27 34 13 29 35 13 36 25 26 27 36 40 27 16 37 33 34 13 40 22 25 19 30 29 16 26 24 30 35 15 35 16 13 17 32 33 40 35 24 24 26 20 18 33 38 33 16 33 13 37 25 26 40 28 27 21 20 26 31 24 36 29 11 37 16 29 31 32 16 13 13 27 24 35 36 25 11 38 24 36 35 28 16 27 33 11 39 34 17 39 21 13 29 18 25 32 24 35 29 13 14 30 29 32 17 12 24 11 12 17 31 12 36 33 27 35 34 35 32 18 12 40 34 18 38 13 14 27 11 37 30 32 38 40 25 19 32 12 35 22 14 32 36 36 32 22 33 31 40 13 15 22 15 37 13 26 35 30 19 20 23 23 32 38 16 12 27 24 23 38 36 40 14 34 12 15 25 18 30 24 22 40 19 27 31 27 15 39 38 17 32 24 13 30 19 33 25 17 22 27 28 13 19 21 17 31 38 39 29 37 37 20 35 25 29 37 17 21 22 12 11 29 27 25 35 19 18 15 14 20 36 18 22 13 13 12 18 33 24 34 11 15 13 39 37 14 37 14 39 12 30 35 16 11 22 34 17 15 30 17 22 23 36 24 35 20 38 16 21 40 25 24 17 20 33 17 35 29 38 36 15 12 19 29 39 26 28 30 36 38 38 19 30 24 31 15 18 40 33 35 17 24 34 38 29 32 34 27 37 38 25 21 20 15 14 38 13 26 15 29 12 25 22 17 23 38 14 24 40 40 40 22 12 23 20 16 36 26 37 11 28 37 18 20 23 26 32 36 23 20 25 18 29 39 20 28 24 16 25 14 33 12 25 13 27 30 26 22 12 25 32 25 24 31 26 28 11 11 14 22 24 20 12 37 28 17 22 12 38 34 28 22 23 13 30 28 27 33 30 33 17 20 13 22 40 38 24 15 17 35 12 25 29 20 18 12 15 22 30 20 30 40 39 30 35 40 39 12 30 12 25 29 24 26 31 39 12 21 24 19 20 23 31 13 23 21 18 17 31 14 39 33 29 27 13 20 17 11 32 36 37 23 21 15 14 23 18 11
22 4 21 27 4 24 13 12 26 15 15 23 1 5 5 9 15 10 11 12 11 23 12 7 30 13 7 7 21 10 13 18 17 20 8 4 6 18 13 8 3 27 19 12 17 2 17 17 22 23 16 21 23 12 2 30 13 29 12 22 8 17 28 23 10 21 1 28 15 12 17 4 6 24 12 21 18 30 5 11 21 21 6 5 22 29 18 5 24 7 24 24 5 26 17 7 6 24 18 17 9 21 18 24 5 10 14 21 14 26 30 26 11 13 6 23 28 5 14 10 23 19 26 14 3 28 7 9 7 8 29 6 10 13 9 1 4 22 17 16 14 29 17 14 8 25 3 12 26 19 18 11 10 17 6 13 14 27 29 14 23 28 15 24 1 16 23 17 6 22 15 30 26 9 19 18 1 16 16 1 22 12 12 16 9 22 20 21 8 14 10 29 17 26 14 17 30 19 6 14 6 29 1 11 25 20 6 28 4 9 7 9 4 16 25 14 24 27 11 24 28 4 25 15 26 21 19 19 26 6 9 11 29 8 7 4 8 2 3 14 2 8 6 4 24 9 22 21 24 13 18 12 11 7 21 8 7 25 6 22 8 13 22 3 5 2 18 28 11 26 24 10 22 16 10 9 2 22 3 15 21 18 1 22 21 14 13 24 8 23 25 23 21 29 9 13 9 2 6 26 19 21 13 25 24 9 24 15 21 15 4 16 24 4 22 25 18 25 4 5 17 15 10 16 20 2 19 8 1 14 27 29 17 24 3 19 25 3 26 15 16 17 26 30 17 6 27 23 24 3 30 12 15 9 20 19 6 16 14 20 25 5 25 6 3 7 22 23 30 25 14 14 16 10 8 23 28 23 6 23 3 27 15 16 30 18 17 11 10 16 21 14 26 19 1 27 6 19 21 22 6 3 3 17 14 25 26 15 1 28 14 26 25 18 6 17 23 1 29 24 7 29 11 3 19 8 15 22 14 25 19 3 4 20 19 22 7 2 14 1 2 7 21 2 26 23 17 25 24 25 22 8 2 30 24 8 28 3 4 17 1 27 20 22 28 30 15 9 22 2 25 12 4 22 26 26 22 12 23 21 30 3 5 12 5 27 3 16 25 20 9 10 13 13 22 28 6 2 17 14 13 28 26 30 4 24 2 5 15 8 20 14 12 30 9 17 21 17 5 29 28 7 22 14 3 20 9 23 15 7 12 17 18 3 9 11 7 21 28 29 19 27 27 10 25 15 19 27 7 11 12 2 1 19 17 15 25 9 8 5 4 10 26 8 12 3 3 2 8 23 14 24 1 5 3 29 27 4 27 4 29 2 20 25 6 1 12 24 7 5 20 7 12 13 26 14 25 10 28 6 11 30 15 14 7 10 23 7 25 19 28 26 5 2 9 19 29 16 18 20 26 28 28 9 20 14 21 5 8 30 23 25 7 14 24 28 19 22 24 17 27 28 15 11 10 5 4 28 3 16 5 19 2 15 12 7 13 28 4 14 30 30 30 12 2 13 10 6 26 16 27 1 18 27 8 10 13 16 22 26 13 10 15 8 19 29 10 18 14 6 15 4 23 2 15 3 17 20 16 12 2 15 22 15 14 21 16 18 1 1 4 12 14 10 2 27 18 7 12 2 28 24 18 12 13 3 20 18 17 23 20 23 7 10 3 12 30 28 14 5 7 25 2 15 19 10 8 2 5 12 20 10 20 30 29 20 25 30 29 2 20 2 15 19 14 16 21 29 2 11 14 9 10 13 21 3 13 11 8 7 21 4 29 23 19 17 3 10 7 1 22 26 27 13 11 5 4 13 8 1
8 13 36
230 229 276 275 715 389 781 256 391 23 91 451 683 369 378 68 379 4 609 160 573 43 331 304 552 548 170 455 550 0 44 74 405 439 524 751
1 15 38
228 636 427 432 474 25 501 611 235 202 435 366 97 565 224 723 745 509 447 290 655 226 722 559 582 2 139 154 240 242 307 362 385 412 546 654 683 774
19 1 45
754 271 285 100 600 526 711 167 500 295 520 199 106 59 39 578 494 574 156 551 637 233 601 166 743 56 394 497 490 258 207 437 76 658 86 104 105 159 164 172 345 430 571 579 693
4 9 38
307 470 260 546 603 436 348 752 553 585 458 506 656 165 81 131 2 422 41 113 783 135 141 322 361 370 411 421 483 507 539 541 545 601 665 733 748 770
1 20 16
696 116 73 16 62 83 106 207 238 283 289 313 438 508 592 660
8 17 52
45 523 662 589 130 238 731 599 243 152 714 767 682 486 517 368 406 405 205 308 784 190 646 120 719 42 676 795 163 704 180 534 749 709 567 631 403 28 89 107 136 193 258 276 302 343 402 492 515 603 768 792
1 19 9
775 345 792 64 118 17 186 324 652
6 6 27
763 354 83 572 269 250 148 729 463 774 482 59 94 108 112 167 215 369 387 442 453 575 644 671 716 788 798
7 6 36
591 171 241 342 104 12 54 648 24 737 539 484 659 794 527 688 219 508 319 485 21 41 57 198 206 252 315 379 388 452 481 493 504 513 535 672
18 11 46
414 135 184 115 32 625 569 433 177 425 695 384 460 132 346 616 420 757 13 452 477 540 265 554 446 786 561 89 26 68 169 192 269 330 364 419 434 496 525 548 559 580 649 692 705 769
3 8 27
626 61 192 633 730 54 73 81 87 124 270 338 352 360 372 399 436 472 509 523 532 550 557 562 595 700 740
6 1 22
726 217 77 126 251 398 320 122 374 231 265 279 397 440 505 544 561 627 630 651 662 797
5 5 51
65 259 724 536 380 21 666 221 663 291 321 402 316 516 313 397 338 748 727 94 283 293 581 30 418 703 524 372 650 764 242 529 108 303 236 563 399 255 36 158 203 224 228 309 310 576 582 610 632 633 648
4 6 29
355 329 419 694 209 63 409 612 159 306 5 138 216 779 298 750 60 150 178 221 297 318 414 416 429 443 607 722 739
2 7 22
411 701 760 103 651 790 410 333 791 40 13 37 163 204 259 262 305 490 510 552 688 715
1 19 40
206 532 579 439 562 393 453 364 376 705 367 36 288 788 375 664 568 732 522 634 266 623 798 128 620 102 212 275 301 400 424 445 583 608 614 709 710 752 772 796
13 20 42
627 82 610 736 598 29 657 525 137 693 602 777 134 314 547 503 299 240 489 350 690 176 139 153 194 23 25 90 128 277 296 365 426 466 588 604 609 684 728 729 775 781
13 13 37
699 19 349 544 142 67 69 759 421 133 512 50 325 330 415 172 423 351 278 248 725 761 365 53 404 22 138 175 182 187 201 239 246 264 475 522 581
1 20 30
692 277 789 381 741 385 708 604 429 621 32 64 66 75 97 166 189 196 230 271 286 319 323 337 363 401 427 495 606 634
18 11 42
580 225 408 92 515 691 124 352 127 109 96 182 518 129 594 58 751 296 336 653 359 157 587 588 796 766 388 543 344 38 113 200 219 278 346 368 618 645 650 667 754 799
3 2 41
753 390 613 681 521 105 606 247 728 14 284 149 9 797 86 44 261 675 471 123 614 262 417 576 597 776 72 88 101 103 227 237 294 342 353 378 454 598 673 725 749
14 3 52
70 7 80 79 644 287 392 556 362 640 643 558 340 445 434 214 297 560 274 111 545 619 264 121 441 326 71 267 48 772 339 407 337 155 173 698 328 10 134 249 288 373 380 403 433 469 521 574 620 655 661 718
15 15 39
400 60 638 718 475 468 377 617 566 461 332 674 222 232 442 679 528 10 305 312 141 150 787 175 193 686 301 416 734 178 152 194 202 234 503 596 760 764 794
14 9 37
514 507 249 498 382 466 99 145 361 46 140 84 17 744 665 476 755 448 15 47 645 174 117 153 161 222 290 320 335 394 398 409 447 451 474 573 698
3 15 38
347 311 218 467 353 618 51 440 780 254 535 771 136 35 575 110 768 386 680 4 39 76 77 111 170 195 210 341 348 355 390 479 487 498 506 569 637 737
2 9 27
533 144 481 700 6 615 487 687 424 450 52 334 75 102 360 289 49 79 95 185 317 384 446 537 726 773 779
12 13 34
782 280 549 252 179 196 387 62 358 480 223 459 628 720 541 383 286 186 756 647 428 542 33 632 318 778 156 211 291 339 529 679 763 766
10 15 58
49 34 310 555 212 472 356 513 189 8 706 154 673 370 11 426 55 773 473 272 661 622 281 341 510 499 746 231 164 282 18 335 396 244 438 595 488 371 493 1 99 125 179 208 250 455 457 471 531 565 594 629 663 691 717 732 741 756
13 13 28
117 279 678 431 593 158 169 112 667 317 689 322 245 38 195 343 413 208 263 246 188 716 155 232 332 476 549 640
2 8 36
684 300 239 72 607 302 74 577 270 201 273 185 234 78 227 253 87 197 210 769 395 457 85 538 652 29 91 235 241 263 266 458 482 563 694 724
5 11 35
181 629 203 323 147 707 799 502 712 294 16 605 519 793 660 717 479 765 469 24 47 65 84 93 118 127 226 273 406 477 547 622 669 696 697
11 16 48
357 496 654 443 215 292 454 670 93 95 596 183 31 213 702 668 735 649 161 491 733 747 483 710 672 677 590 119 401 90 530 669 66 98 123 140 197 344 349 413 462 488 517 567 714 762 776 786
10 18 39
237 583 22 758 639 740 504 327 742 449 671 770 592 114 785 257 27 570 456 151 373 635 268 584 101 478 697 146 5 70 116 168 435 450 459 628 674 711 721
18 3 52
462 537 511 642 363 204 412 162 315 586 492 465 624 187 495 324 191 564 505 0 26 220 608 713 107 309 721 200 430 37 557 28 762 20 630 88 641 15 188 248 253 280 306 357 422 428 584 639 735 743 745 795
6 11 31
211 168 198 738 571 739 444 3 685 143 57 98 464 531 1 125 35 69 126 229 314 347 423 461 465 558 577 613 656 755 761
