300 32 465 20
34 15 32 38 32 34 18 26 26 21 16 24 16 23 31 33 20 26 31 11 31 20 36 38 28 25 31 19 19 25 18 38 17 27 19 23 38 15 27 38 36 21 13 39 24 17 35 28 11 20 40 12 39 27 14 31 20 17 38 35 37 22 14 34 25 15 32 30 22 33 14 25 12 30 26 11 11 12 25 24 33 35 23 23 16 40 35 18 25 28 26 13 31 18 13 29 14 22 27 28 27 24 35 33 40 27 27 14 12 38 34 25 37 30 27 16 32 28 34 22 15 39 15 35 29 22 26 25 34 21 25 35 30 24 29 25 39 25 17 17 26 28 40 30 37 34 19 11 17 39 33 33 31 20 34 21 39 14 23 11 35 35 34 39 38 26 22 14 33 20 14 14 29 31 36 29 37 28 15 23 30 23 20 29 30 34 15 36 22 37 30 23 14 31 26 17 27 14 39 19 35 29 14 30 24 23 30 14 18 34 20 11 17 18 38 37 28 26 14 21 26 36 17 26 22 38 39 39 13 20 25 29 16 25 27 20 19 21 18 32 25 36 31 29 35 40 29 21 14 21 14 36 15 30 21 23 36 29 35 31 11 23 16 20 22 30 35 30 21 21 37 38 26 20 15 26 29 34 12 24 29 19 39 35 33 30 20 27 32 38 16 30 19 37 21 18 33 39 30 19
24 5 22 28 22 24 8 16 16 11 6 14 6 13 21 23 10 16 21 1 21 10 26 28 18 15 21 9 9 15 8 28 7 17 9 13 28 5 17 28 26 11 3 29 14 7 25 18 1 10 30 2 29 17 4 21 10 7 28 25 27 12 4 24 15 5 22 20 12 23 4 15 2 20 16 1 1 2 15 14 23 25 13 13 6 30 25 8 15 18 16 3 21 8 3 19 4 12 17 18 17 14 25 23 30 17 17 4 2 28 24 15 27 20 17 6 22 18 24 12 5 29 5 25 19 12 16 15 24 11 15 25 20 14 19 15 29 15 7 7 16 18 30 20 27 24 9 1 7 29 23 23 21 10 24 11 29 4 13 1 25 25 24 29 28 16 12 4 23 10 4 4 19 21 26 19 27 18 5 13 20 13 10 19 20 24 5 26 12 27 20 13 4 21 16 7 17 4 29 9 25 19 4 20 14 13 20 4 8 24 10 1 7 8 28 27 18 16 4 11 16 26 7 16 12 28 29 29 3 10 15 19 6 15 17 10 9 11 8 22 15 26 21 19 25 30 19 11 4 11 4 26 5 20 11 13 26 19 25 21 1 13 6 10 12 20 25 20 11 11 27 28 16 10 5 16 19 24 2 14 19 9 29 25 23 20 10 17 22 28 6 20 9 27 11 8 23 29 20 9
5 5 18
233 226 22 249 47 171 291 155 24 239 148 128 32 57 118 157 175 217
2 2 17
209 82 265 138 135 23 114 36 168 16 95 25 48 80 91 158 214
3 6 24
154 107 116 208 101 251 139 207 124 262 253 28 188 143 121 6 11 30 66 71 129 205 263 296
4 9 14
229 182 197 179 292 193 172 281 118 26 121 161 202 288
3 19 19
227 108 174 142 30 94 120 196 200 15 24 119 163 186 226 228 248 257 264
3 5 10
210 194 129 136 216 104 195 227 277 280
4 5 10
144 296 276 183 146 289 9 88 106 240
1 15 13
25 147 295 112 19 49 89 102 142 181 196 247 278
2 4 14
153 237 165 272 60 192 7 63 69 99 136 254 279 283
3 11 13
261 215 263 268 64 126 247 5 37 112 177 192 270
6 18 22
7 242 254 260 72 63 151 65 204 228 158 57 259 277 8 28 53 54 139 176 201 246
1 1 20
102 111 81 273 54 198 96 205 166 294 89 51 133 201 123 160 162 183 230 291
1 16 6
55 130 113 120 184 284
1 19 16
287 180 241 68 109 293 4 86 134 87 42 65 135 159 243 294
2 8 10
45 246 43 122 27 167 170 174 189 281
2 19 17
257 150 49 161 33 145 149 67 114 180 213 253 256 260 271 274 286
1 4 10
92 190 252 31 98 132 156 276 293 295
4 10 19
91 38 0 234 275 222 100 9 175 84 127 266 2 128 191 211 232 239 298
8 15 20
297 103 271 199 71 184 137 181 214 48 123 131 284 224 70 155 221 222 252 275
2 9 10
203 244 274 232 189 110 18 67 188 233
6 19 16
76 140 178 78 77 280 236 221 152 74 163 98 285 82 100 116
6 19 12
62 202 279 26 80 73 61 117 20 92 262 268
4 13 19
278 162 230 176 231 90 97 104 177 115 29 211 212 73 77 111 225 235 249
1 9 23
8 39 88 240 255 250 125 99 12 206 93 83 106 286 15 16 36 105 126 179 193 194 215
3 7 17
119 299 85 258 219 220 141 66 58 70 13 269 21 59 197 229 251
4 19 20
160 169 31 156 185 6 173 264 11 238 10 37 12 22 76 108 171 187 190 258
6 3 15
213 218 113 75 283 195 105 52 5 81 110 124 166 168 282
5 20 18
270 235 132 40 282 225 223 164 32 290 23 39 86 107 147 234 237 287
1 12 6
69 267 14 35 95 125
5 7 16
288 248 56 191 14 187 3 35 1 50 159 243 83 97 289 297
4 6 9
186 17 217 41 2 79 33 131 244
6 17 11
18 44 46 245 34 53 298 157 256 19 79
