500 37 775 33
21 33 24 30 13 23 36 20 19 24 35 30 12 11 40 23 40 29 18 24 16 13 32 11 24 39 31 13 22 39 16 11 22 24 15 26 16 26 18 34 14 27 36 35 29 38 38 15 33 19 29 20 19 29 30 13 19 34 20 23 29 33 36 16 24 23 34 12 39 40 38 31 39 11 13 29 38 20 15 39 18 30 28 33 29 25 12 27 22 28 29 11 15 13 38 33 34 33 34 29 12 25 29 31 34 24 28 12 15 27 18 22 22 29 29 16 26 25 26 18 37 35 38 25 23 26 36 22 27 35 15 24 16 34 17 12 20 24 24 14 32 30 39 12 15 13 13 34 28 13 20 24 13 35 26 38 26 32 36 28 33 39 34 15 17 30 24 14 39 36 30 28 27 29 22 36 13 17 24 38 16 19 36 38 40 27 35 28 27 34 14 22 27 26 32 21 28 39 19 32 19 33 15 30 37 30 36 30 34 29 30 33 29 11 17 15 31 39 30 31 14 38 15 36 20 14 25 19 37 31 18 38 37 11 26 32 33 29 38 22 11 18 11 23 26 35 15 21 11 19 22 39 35 18 25 12 25 14 22 14 11 39 18 20 16 15 13 36 15 34 26 27 21 24 20 25 22 36 25 19 20 29 37 38 36 40 37 11 17 25 40 32 36 37 24 20 38 38 21 20 39 24 21 19 31 21 18 35 23 29 25 12 37 37 16 19 23 23 39 38 36 19 30 28 32 14 13 37 28 35 20 20 21 14 15 24 36 33 25 32 28 22 28 31 20 34 34 31 40 24 25 27 38 35 19 21 24 16 25 15 31 29 15 38 30 26 36 20 27 36 22 19 18 36 13 15 23 22 28 29 38 40 33 15 17 31 40 36 26 13 34 33 36 17 29 37 16 35 32 35 32 20 15 22 14 11 12 33 24 14 36 38 26 11 18 39 23 31 19 39 25 32 24 12 30 28 35 12 27 39 33 27 14 34 28 16 20 24 38 11 28 27 39 32 24 39 20 21 33 34 32 11 21 40 34 24 16 29 26 25 34 22 27 14 36 34 11 21 36 25 40 17 12 23 35 38 34 28 34 25 13 18 40 12 35 38 24 19 40 36 13 23 16 37 36 40 19 18 31 14
11 23 14 20 3 13 26 10 9 14 25 20 2 1 30 13 30 19 8 14 6 3 22 1 14 29 21 3 12 29 6 1 12 14 5 16 6 16 8 24 4 17 26 25 19 28 28 5 23 9 19 10 9 19 20 3 9 24 10 13 19 23 26 6 14 13 24 2 29 30 28 21 29 1 3 19 28 10 5 29 8 20 18 23 19 15 2 17 12 18 19 1 5 3 28 23 24 23 24 19 2 15 19 21 24 14 18 2 5 17 8 12 12 19 19 6 16 15 16 8 27 25 28 15 13 16 26 12 17 25 5 14 6 24 7 2 10 14 14 4 22 20 29 2 5 3 3 24 18 3 10 14 3 25 16 28 16 22 26 18 23 29 24 5 7 20 14 4 29 26 20 18 17 19 12 26 3 7 14 28 6 9 26 28 30 17 25 18 17 24 4 12 17 16 22 11 18 29 9 22 9 23 5 20 27 20 26 20 24 19 20 23 19 1 7 5 21 29 20 21 4 28 5 26 10 4 15 9 27 21 8 28 27 1 16 22 23 19 28 12 1 8 1 13 16 25 5 11 1 9 12 29 25 8 15 2 15 4 12 4 1 29 8 10 6 5 3 26 5 24 16 17 11 14 10 15 12 26 15 9 10 19 27 28 26 30 27 1 7 15 30 22 26 27 14 10 28 28 11 10 29 14 11 9 21 11 8 25 13 19 15 2 27 27 6 9 13 13 29 28 26 9 20 18 22 4 3 27 18 25 10 10 11 4 5 14 26 23 15 22 18 12 18 21 10 24 24 21 30 14 15 17 28 25 9 11 14 6 15 5 21 19 5 28 20 16 26 10 17 26 12 9 8 26 3 5 13 12 18 19 28 30 23 5 7 21 30 26 16 3 24 23 26 7 19 27 6 25 22 25 22 10 5 12 4 1 2 23 14 4 26 28 16 1 8 29 13 21 9 29 15 22 14 2 20 18 25 2 17 29 23 17 4 24 18 6 10 14 28 1 18 17 29 22 14 29 10 11 23 24 22 1 11 30 24 14 6 19 16 15 24 12 17 4 26 24 1 11 26 15 30 7 2 13 25 28 24 18 24 15 3 8 30 2 25 28 14 9 30 26 3 13 6 27 26 30 9 8 21 4
1 19 13
202 23 358 329 254 183 305 102 420 147 169 266 414
3 2 13
418 323 473 328 325 223 431 281 53 83 237 358 435
12 14 30
407 186 174 18 378 399 243 386 224 55 348 490 194 266 493 310 401 320 27 347 387 3 496 295 144 250 257 309 439 458
5 3 10
309 165 159 244 355 199 152 246 104 110
1 7 12
317 116 148 344 14 483 106 211 293 318 434 469
3 2 13
452 273 170 79 129 255 93 180 192 225 234 281 443
1 11 19
304 58 409 43 70 400 74 9 277 140 198 201 204 219 276 365 466 472 477
7 9 21
235 37 156 289 216 67 249 134 449 396 105 39 66 123 210 297 353 368 400 411 437
2 18 9
349 115 197 125 200 394 402 413 418
5 13 27
267 475 381 286 236 140 311 109 49 271 57 181 83 293 360 299 375 365 343 16 61 70 207 290 412 457 484
8 7 32
342 482 144 68 433 435 173 406 392 410 357 498 61 87 459 214 104 62 171 460 160 182 6 11 30 159 183 223 230 284 306 480
7 11 24
314 356 180 488 44 178 442 404 258 434 417 65 426 146 219 128 46 172 175 205 218 307 383 441
2 17 23
47 318 298 239 284 193 382 205 75 276 451 8 208 413 15 486 48 60 145 233 259 329 446
10 17 27
191 497 479 135 390 470 495 302 397 491 446 84 7 89 352 12 336 6 25 94 142 188 195 213 369 382 454
7 2 19
213 169 121 221 439 220 225 405 143 424 21 1 65 71 167 214 242 388 422
2 9 18
94 388 461 201 206 31 96 362 99 287 481 13 28 275 324 455 459 483
4 18 23
25 290 354 272 0 164 471 18 43 100 103 146 221 240 251 270 303 313 357 375 403 432 462
1 13 31
149 90 41 332 97 436 268 346 279 367 72 101 172 428 125 130 92 245 36 108 111 128 139 162 285 316 330 360 377 427 447
4 11 19
153 185 256 241 32 154 313 285 42 75 109 155 164 226 263 359 361 387 390
6 4 23
114 107 467 265 123 1 414 361 40 203 49 120 131 138 148 163 174 236 298 339 410 449 468
10 13 26
432 26 484 95 450 176 457 440 443 384 377 60 494 64 372 240 275 260 137 185 206 228 299 351 476 485
2 12 21
17 270 393 338 179 445 126 198 73 448 103 2 112 478 297 88 19 247 264 396 464
4 1 17
168 351 321 145 437 456 316 251 162 133 301 68 112 154 326 389 487
4 2 12
166 250 333 315 184 86 326 359 345 431 456 490
1 2 17
150 93 142 454 204 296 371 395 312 429 379 209 232 350 2 24 193
9 19 28
327 422 30 215 322 19 380 113 264 54 71 188 455 308 119 438 462 53 210 52 107 141 166 239 344 392 395 473
1 14 27
353 167 4 132 269 45 300 416 106 161 196 226 477 228 335 252 84 190 203 209 305 314 336 385 391 399 488
3 12 12
138 42 453 303 136 118 411 40 245 327 352 423
8 2 26
499 82 412 398 38 35 403 480 218 472 238 391 217 366 131 122 187 249 287 335 367 373 381 463 465 496
3 9 13
368 369 341 370 340 85 189 41 50 90 304 312 401
15 7 37
337 110 50 464 476 28 29 408 402 363 374 34 212 385 211 98 489 195 111 192 485 280 33 415 12 39 92 102 116 143 191 222 261 271 334 393 416
4 6 32
81 383 463 147 233 108 141 51 263 13 59 234 447 319 20 230 91 139 261 419 52 175 274 294 430 47 85 101 189 282 407 433
6 9 23
46 257 77 441 69 56 11 187 339 127 474 421 222 200 364 34 62 89 254 294 315 356 440
3 6 32
22 444 253 158 282 331 458 423 324 427 177 63 227 242 24 248 487 16 468 307 469 78 163 9 23 55 127 137 243 296 428 486
8 16 22
80 278 492 389 124 76 288 247 157 394 306 466 5 235 241 262 331 343 347 350 475 491
9 14 21
117 283 190 229 465 425 100 10 334 5 122 120 207 237 155 59 63 124 231 265 384
3 12 23
376 48 373 262 231 259 151 292 291 330 72 98 105 114 150 171 238 289 317 342 404 405 438
