300 73 465 20
2 5 18 6 2 20 11 2 30 12 25 30 5 5 11 21 4 3 25 22 24 2 20 11 8 23 11 20 20 4 25 26 8 9 21 13 20 21 5 5 5 10 18 25 26 13 10 18 3 4 15 6 30 15 2 30 4 23 5 18 24 27 20 10 23 20 17 14 28 8 23 26 25 30 12 22 30 5 10 1 3 4 17 3 5 5 26 1 20 2 17 21 22 2 18 17 1 17 11 11 25 19 28 2 3 2 24 1 4 20 14 2 1 24 8 13 26 17 24 9 4 18 16 3 2 4 29 16 4 30 23 4 19 16 30 14 13 20 3 3 14 21 14 13 23 27 8 16 13 19 8 14 3 23 17 23 26 29 9 16 17 8 7 12 1 19 6 13 15 17 2 21 20 2 19 5 19 29 22 14 12 27 15 22 23 2 24 4 15 12 22 13 1 9 5 30 1 3 15 27 25 29 28 4 28 17 8 13 23 11 29 7 22 1 29 22 1 27 15 4 6 15 16 21 4 3 3 29 18 18 7 22 16 26 17 25 7 1 23 13 15 29 25 18 24 18 13 16 27 8 25 21 27 4 3 9 26 18 14 8 4 13 8 19 24 30 2 24 7 7 13 6 3 2 30 30 28 14 22 8 28 3 24 8 10 8 27 24 7 25 22 6 19 12 18 12 20 7 11 1
11 11 13 5 19 8 25 9 14 11 2 2 15 13 30 27 14 2 12 4 18 11 25 21 27 9 21 22 30 30 8 5 12 28 27 8 10 1 24 6 7 14 3 29 1 5 10 8 2 24 8 8 22 22 6 21 10 23 10 22 8 25 5 9 23 30 13 22 30 18 15 26 27 15 18 27 10 9 14 2 11 17 12 9 15 16 10 30 12 24 8 25 21 21 5 3 1 18 8 30 6 18 23 24 1 25 9 29 4 24 19 8 30 27 13 25 16 21 6 27 22 17 4 5 12 1 2 16 13 3 11 9 5 14 12 8 24 7 16 1 11 13 7 26 3 11 13 20 6 6 29 26 22 14 8 23 3 4 6 10 7 7 26 29 20 1 10 3 7 21 8 6 6 18 26 12 4 1 3 18 27 24 24 21 17 18 25 26 10 28 2 15 18 16 25 15 28 16 18 29 23 28 28 19 25 25 21 4 5 19 1 1 21 26 1 29 20 26 25 10 18 30 15 4 15 26 26 28 7 9 13 8 2 6 17 9 28 19 24 7 22 18 24 7 20 25 17 26 16 16 6 12 15 22 2 10 26 20 12 28 25 16 27 12 10 17 17 1 10 18 15 15 1 8 14 26 17 26 16 11 11 17 20 22 16 3 5 10 28 18 26 29 22 27 23 11 19 8 13 7
4 4 6
12 158 170 236 219 245
1 2 4
143 213 198 247
3 8 6
60 97 227 62 157 137
4 12 7
65 122 129 184 108 34 76
2 19 5
179 95 237 11 284
3 4 6
5 4 61 116 40 23
1 6 3
53 16 109
1 9 5
76 280 38 214 145
1 12 3
79 238 98
1 18 5
297 142 259 240 58
2 17 4
252 212 160 286
1 20 4
222 260 299 88
2 9 4
256 296 104 197
1 9 4
249 178 146 132
1 9 6
180 33 106 22 144 265
2 7 4
67 221 69 266
1 6 4
13 73 9 190
2 16 6
86 172 85 218 11 261
1 6 2
71 210
2 19 7
248 199 262 196 188 272 27
1 6 5
115 8 32 51 47
1 4 2
25 56
1 3 9
215 47 92 117 136 294 13 126 298
1 17 5
269 241 43 83 144
1 15 2
284 185
4 14 8
292 225 121 14 87 63 16 39
1 20 2
17 102
4 7 6
159 234 282 169 257 289
3 15 6
150 78 250 101 128 100
2 18 5
81 154 285 232 55
3 1 6
281 23 84 26 211 71
2 2 5
58 274 6 183 255
2 12 8
36 195 119 271 173 41 84 89
1 8 6
177 295 206 77 223 235
1 18 3
135 2 210
1 8 3
42 205 160
1 16 2
54 39
1 6 5
216 57 59 3 202
1 3 3
209 171 15
3 11 6
165 112 70 293 186 279
1 4 3
223 264 178
1 18 5
0 114 137 278 118
4 18 6
175 253 44 74 217 9
2 3 6
251 189 21 140 91 94
3 15 6
152 82 126 49 18 291
1 12 5
258 243 263 131 175
2 19 4
156 268 29 270
2 15 8
120 162 134 116 180 204 213 266
3 10 7
31 161 139 193 283 275 35
1 1 2
194 30
2 10 3
48 113 270
1 12 4
124 125 267 107
1 7 2
228 220
1 19 4
298 164 203 147
2 10 6
98 1 72 202 45 230
2 14 6
127 3 277 24 154 192
3 3 6
246 288 149 182 123 227
3 9 5
68 201 191 239 235
2 16 7
176 64 28 242 7 96 191
1 2 4
290 19 273 233
1 9 6
52 20 66 89 254 221
1 13 2
80 105
3 6 5
231 168 255 166 35
2 18 5
37 207 93 27 62
2 2 5
167 226 151 46 200
2 16 6
208 100 10 117 122 267
1 13 6
90 198 187 190 276 127
2 7 5
103 50 174 181 245
4 4 6
111 133 244 163 75 287
3 10 6
229 130 110 148 192 70
1 16 4
224 99 53 139
4 19 6
230 15 138 141 247 155
1 13 2
204 153
