300 78 465 20
29 19 16 1 6 19 22 25 11 19 27 7 11 13 28 9 6 28 4 6 26 19 10 24 17 25 8 21 26 1 20 3 23 25 11 16 8 25 13 19 3 5 19 13 29 19 22 23 18 5 7 22 28 29 19 30 6 14 14 2 7 14 7 15 5 1 9 17 4 23 15 26 19 30 2 8 19 13 5 20 6 16 28 11 11 28 21 10 20 17 13 21 1 2 22 10 7 1 27 4 5 18 6 19 6 16 18 4 9 15 17 6 18 6 12 3 18 22 22 24 22 15 1 23 12 1 6 2 29 20 23 18 26 23 4 13 24 29 4 2 14 9 27 18 25 27 7 10 9 29 13 2 29 3 12 25 2 9 13 6 5 28 22 26 13 29 4 23 8 5 20 11 10 13 22 3 3 3 10 1 22 9 17 9 7 6 29 3 29 4 4 11 23 26 4 27 13 20 8 15 20 5 5 9 3 16 5 14 29 7 11 25 17 18 2 15 13 2 25 10 20 9 23 10 20 6 28 9 14 8 11 5 13 25 23 15 1 16 28 17 22 3 4 24 5 2 13 15 8 1 23 30 24 30 20 28 28 4 12 23 12 20 17 1 3 4 17 11 17 11 19 17 2 8 29 29 2 30 16 10 22 9 13 1 9 8 2 10 26 23 6 20 29 25 15 2 7 13 2 7
16 26 7 19 3 13 14 7 23 13 6 21 25 19 5 7 15 16 14 4 28 15 22 16 12 22 13 5 15 8 8 5 10 25 25 20 4 10 14 18 12 22 20 4 15 24 3 9 10 9 5 7 10 15 11 2 23 5 18 14 21 17 27 6 20 9 24 29 19 27 30 10 8 26 15 24 22 5 29 23 19 30 16 7 12 19 23 5 30 29 24 25 30 1 6 15 1 19 15 21 4 2 18 28 13 25 20 14 30 11 6 19 20 27 23 15 12 8 2 20 7 18 8 7 7 11 6 27 7 24 12 20 8 16 10 30 4 25 17 26 6 21 4 30 22 4 14 15 7 13 29 19 6 22 28 28 17 12 24 7 24 7 24 8 10 29 5 17 9 23 6 30 20 20 3 23 2 13 8 3 12 14 6 25 16 26 8 29 13 26 28 1 27 14 8 5 13 15 21 20 4 6 5 4 25 23 21 17 6 24 14 3 15 20 20 11 3 3 20 30 3 28 12 4 10 15 23 19 25 29 13 8 25 10 20 27 14 4 8 6 24 29 23 1 15 10 11 5 23 6 14 12 28 24 18 4 20 12 4 20 2 9 18 16 30 19 30 3 15 13 11 24 30 5 16 2 22 27 23 23 4 14 9 7 20 23 16 14 29 2 9 4 27 27 26 25 9 7 8 21
2 20 3
32 153 51
2 7 4
281 243 91 161
1 9 3
205 151 228
1 2 2
10 79
3 10 6
60 163 3 139 293 210
4 15 8
191 167 220 55 228 166 137 216
1 10 3
25 105 30
2 5 4
64 15 65 53
1 8 3
285 52 192
2 8 3
212 152 145
4 10 8
170 239 270 193 34 204 130 284
1 16 3
258 187 68
4 2 6
241 53 242 116 50 214
1 9 3
71 181 110
2 14 6
6 14 230 124 24 74
3 13 5
235 292 43 96 137
1 14 4
253 21 93 138
1 9 5
178 295 197 123 56
1 6 2
93 83
1 4 2
252 146
3 18 7
127 160 75 188 162 186 164
2 15 3
266 257 109
2 18 6
88 108 199 11 265 82
2 7 4
195 297 282 217
2 20 3
98 296 207
1 18 5
279 289 114 70 167
2 10 3
278 122 18
1 10 4
267 42 177 231
1 2 6
180 154 211 171 208 101
1 12 9
28 76 48 62 102 34 204 206 286
1 16 3
155 131 154
1 3 5
66 121 99 224 281
2 19 4
97 274 134 246
1 18 4
194 80 9 40
2 4 4
69 254 248 125
1 4 3
87 135 264
2 7 5
175 290 78 47 197
2 14 4
126 133 233 13
1 15 2
144 45
2 16 6
271 157 165 8 58 67
2 1 5
287 268 159 2 65
1 2 3
7 16 215
3 8 5
12 132 27 263 249
1 18 2
251 172
1 9 5
47 111 67 255 169
2 16 4
148 112 142 223
4 17 6
237 41 299 261 84 156
1 5 3
39 198 234
1 3 3
92 23 100
1 13 3
74 35 286
1 13 2
33 158
3 16 7
240 202 185 229 161 250 123
2 15 5
149 90 113 173 211
3 13 7
19 5 196 269 136 81 195
3 7 6
46 95 85 36 222 94
1 8 3
37 192 245
4 3 7
275 184 147 217 143 1 159
2 1 5
103 262 260 17 180
1 8 8
100 138 150 223 120 107 280 289
1 5 2
291 13
1 10 3
68 129 218
1 19 2
73 183
1 10 3
174 219 275
2 10 6
59 54 22 209 63 38
3 17 6
72 276 89 288 169 247
2 4 5
4 104 106 216 257
3 12 6
189 58 30 77 238 91
1 5 2
140 61
1 3 3
57 117 115
4 1 6
49 119 190 206 26 0
1 5 5
236 225 182 44 201
2 6 4
277 273 294 20
4 3 7
176 259 70 130 213 232 262
1 13 6
141 280 283 168 164 272
2 13 4
203 115 244 226
1 16 3
227 128 298
2 13 6
256 179 221 29 200 284
2 18 4
118 31 86 40
