300 145 465 20
11 35 27 26 24 29 32 31 29 34 39 35 37 14 16 21 30 31 16 20 34 26 15 24 26 24 13 38 36 27 35 24 15 34 34 28 22 17 26 33 25 38 13 25 33 38 22 25 31 20 15 19 14 33 40 38 40 40 24 31 14 36 24 19 32 25 38 37 17 16 40 27 29 36 33 36 11 16 23 32 32 18 33 31 29 39 29 24 25 14 23 33 20 18 20 38 23 18 23 40 18 12 39 38 39 22 22 39 35 14 23 32 39 18 13 35 21 19 35 31 23 34 32 28 31 11 21 20 14 24 15 15 38 37 17 13 24 14 20 11 26 18 37 32 22 11 25 24 20 16 39 40 18 28 38 20 18 18 18 23 26 25 14 29 39 32 12 13 20 24 15 30 28 21 24 24 28 13 38 20 11 17 25 34 28 11 23 39 38 15 23 40 20 18 23 37 33 16 31 14 36 26 16 35 25 34 11 16 24 28 32 34 35 15 11 29 13 16 30 34 18 33 38 19 32 20 35 15 36 21 16 25 15 31 40 39 22 26 27 21 33 37 20 24 37 12 24 11 20 26 24 12 14 16 40 11 30 31 32 22 30 17 24 21 13 34 39 40 31 26 16 30 25 25 37 35 38 19 17 37 39 12 35 19 34 13 23 33 27 26 18 14 31 22 14 34 20 23 17 33
1 25 17 16 14 19 22 21 19 24 29 25 27 4 6 11 20 21 6 10 24 16 5 14 16 14 3 28 26 17 25 14 5 24 24 18 12 7 16 23 15 28 3 15 23 28 12 15 21 10 5 9 4 23 30 28 30 30 14 21 4 26 14 9 22 15 28 27 7 6 30 17 19 26 23 26 1 6 13 22 22 8 23 21 19 29 19 14 15 4 13 23 10 8 10 28 13 8 13 30 8 2 29 28 29 12 12 29 25 4 13 22 29 8 3 25 11 9 25 21 13 24 22 18 21 1 11 10 4 14 5 5 28 27 7 3 14 4 10 1 16 8 27 22 12 1 15 14 10 6 29 30 8 18 28 10 8 8 8 13 16 15 4 19 29 22 2 3 10 14 5 20 18 11 14 14 18 3 28 10 1 7 15 24 18 1 13 29 28 5 13 30 10 8 13 27 23 6 21 4 26 16 6 25 15 24 1 6 14 18 22 24 25 5 1 19 3 6 20 24 8 23 28 9 22 10 25 5 26 11 6 15 5 21 30 29 12 16 17 11 23 27 10 14 27 2 14 1 10 16 14 2 4 6 30 1 20 21 22 12 20 7 14 11 3 24 29 30 21 16 6 20 15 15 27 25 28 9 7 27 29 2 25 9 24 3 13 23 17 16 8 4 21 12 4 24 10 13 7 23
0 14 1
38
1 12 4
266 190 93 18
0 7 4
233 17 22 158
0 11 3
177 7 216
3 13 6
217 274 16 19 125 90
2 16 7
231 262 28 171 234 148 111
0 9 4
241 104 290 196
1 10 6
195 78 282 223 56 120
0 14 3
70 1 35
0 20 2
172 80
0 9 1
94
4 18 7
218 27 66 209 187 198 202
1 6 5
34 286 36 113 208
0 5 3
201 160 48
0 5 9
239 220 133 128 55 277 85 65 270
1 9 6
242 299 162 204 59 140
0 11 2
155 40
3 12 9
91 32 179 215 188 50 232 294 20
2 13 6
163 122 267 265 228 58
0 5 8
235 87 0 12 11 77 97 238
4 13 9
123 149 115 81 273 278 54 24 72
0 6 4
96 23 57 246
0 13 2
211 268
0 7 5
227 84 108 106 134
0 10 3
245 25 99
1 14 3
46 284 79
1 9 7
248 224 256 161 26 95 107
0 4 1
193
0 3 9
296 292 8 244 293 136 210 206 126
2 8 10
144 49 138 88 124 264 47 182 183 156
1 12 5
166 180 154 243 170
2 13 5
225 251 257 167 44
0 21 1
67
1 10 5
159 6 42 15 289
0 9 4
135 74 14 203
1 12 7
43 151 62 222 226 71 152
0 14 2
75 153
0 11 2
86 13
3 22 1
2
1 19 1
3
4 25 2
4 237
2 31 2
5 98
3 21 1
9
4 22 1
10
1 23 1
21
3 28 1
29
3 22 1
30
1 20 1
31
3 19 1
33
1 19 1
37
1 20 1
39
1 15 2
41 229
1 12 1
45
1 21 2
51 173
2 16 1
52
3 16 1
53
1 16 2
60 186
1 23 1
61
1 23 1
63
3 19 2
64 68
1 10 1
69
3 21 1
73
1 12 2
76 185
1 23 1
82
1 17 1
83
3 25 2
89 145
1 19 1
92
1 15 2
100 259
1 19 1
101
1 25 1
102
2 23 1
103
2 41 1
105
1 9 1
109
1 21 1
110
1 27 1
112
3 22 1
114
1 22 1
116
1 22 1
117
1 21 1
118
4 26 1
119
3 22 1
121
2 17 1
127
2 34 1
129
1 17 1
130
2 30 1
131
2 26 2
132 236
1 20 1
137
3 22 1
139
3 22 1
141
3 26 1
142
2 30 1
143
1 19 1
146
1 15 1
147
1 20 1
150
1 13 1
157
3 21 1
164
1 21 1
165
1 22 1
168
3 21 1
169
5 20 1
174
4 25 1
175
2 29 1
176
3 23 1
178
1 17 1
181
5 21 1
184
1 17 2
189 295
4 22 1
191
2 30 1
192
1 17 1
194
1 19 2
197 288
2 29 1
199
2 35 1
200
3 20 1
205
3 23 1
207
3 21 1
212
1 27 1
213
2 15 2
214 281
1 21 1
219
1 18 1
221
1 19 1
230
3 16 1
240
1 15 1
247
1 25 1
249
2 30 1
250
1 24 1
252
3 18 1
253
1 27 1
254
1 21 1
255
1 16 1
258
2 23 1
260
1 15 1
261
1 14 1
263
1 21 1
269
1 31 1
271
1 16 1
272
1 15 1
275
5 22 1
276
1 23 1
279
2 20 1
280
1 29 1
283
1 24 1
285
1 14 1
287
1 19 1
291
1 18 1
297
1 22 1
298
