800 303 1240 53
24 11 39 30 15 28 38 38 32 19 30 40 22 22 33 19 35 18 34 27 29 23 13 16 19 19 13 36 22 11 32 39 21 29 39 17 12 21 27 12 29 30 22 30 19 24 19 25 26 36 38 30 39 15 24 35 18 26 12 27 15 35 17 27 25 22 29 23 23 15 21 15 17 14 11 17 22 15 21 23 39 30 40 28 24 38 17 18 32 21 34 32 33 34 11 28 11 40 13 24 34 38 18 19 27 17 36 37 14 31 27 24 25 26 27 23 29 24 25 17 25 11 32 40 11 21 29 30 26 17 16 25 17 26 21 18 20 11 23 27 38 15 27 22 32 15 12 36 38 20 14 29 33 19 39 33 35 35 18 35 15 25 36 36 22 26 33 29 28 15 35 39 23 40 40 37 33 26 30 38 26 32 28 27 34 22 14 40 17 14 27 20 24 21 12 18 21 20 24 24 34 21 14 25 33 37 15 38 38 19 11 22 21 37 32 21 38 37 20 21 18 14 25 23 30 35 30 29 12 12 29 24 35 18 36 31 34 26 31 24 38 28 39 32 30 38 17 12 18 13 19 14 37 29 16 37 39 14 36 27 31 17 29 40 15 29 23 17 39 14 14 38 20 18 24 21 15 38 34 31 15 37 20 18 39 18 26 28 21 25 12 14 26 34 18 39 13 27 25 15 25 35 38 22 28 15 25 24 20 30 12 34 21 31 19 18 40 30 40 27 28 25 39 32 28 17 39 16 35 22 34 29 24 24 34 27 24 33 28 24 27 11 37 15 15 39 34 23 30 25 38 36 13 16 20 23 11 20 25 11 30 37 15 25 18 34 20 28 28 37 16 14 23 22 35 18 35 20 37 29 29 31 16 21 35 28 16 34 25 40 20 31 28 37 30 12 11 25 15 37 35 11 37 29 21 38 36 33 38 14 31 22 15 21 21 15 33 25 32 27 24 36 13 35 38 35 11 11 16 32 33 38 27 34 17 11 30 18 40 15 18 30 31 20 38 40 26 23 29 31 24 37 19 39 25 32 15 19 21 21 34 17 24 40 14 21 17 36 36 11 30 14 37 37 19 39 17 37 22 23 34 17 35 12 19 32 29 31 37 32 12 29 39 21 27 14 33 14 22 23 32 34 32 39 37 13 12 17 31 37 25 28 15 38 35 19 13 37 31 19 36 32 19 39 37 17 36 21 35 40 33 34 32 15 33 24 34 19 13 22 15 28 20 22 13 22 29 31 33 36 12 19 35 20 26 13 19 26 37 15 39 23 26 16 26 38 13 19 31 37 33 29 14 40 11 34 13 24 26 39 25 28 31 19 19 35 36 35 25 20 39 38 14 36 12 17 12 36 33 20 13 19 28 19 20 38 36 39 39 15 12 27 30 29 17 31 17 28 13 11 26 13 37 36 18 34 34 21 14 13 39 22 29 17 13 40 28 37 23 23 28 21 22 16 11 11 34 29 35 13 38 32 21 35 18 11 21 31 23 20 40 28 19 34 39 22 24 29 23 29 40 38 21 17 16 25 12 35 31 36 29 31 20 16 26 17 29 29 12 21 16 25 31 22 30 25 23 39 26 23 29 12 32 30 27 23 16 12 29 12 11 15 18 33 20 22 13 39 40 24 17 37 30 40 12 30 23 39 23 23 27 35 13 18 23 17 31 36 25 15 22 19 28 14 18 28 40 18 32 19 40 38 27 37 11 36 36 24 40 23 17 32 22 15 21 28 40 28 31 25 31 19 21 25 36 13 33 30 17 26 23 22 17 17 35 19 22 24 24 32 26 17 32 40 35 28 19 33 27 13
14 1 29 20 5 18 28 28 22 9 20 30 12 12 23 9 25 8 24 17 19 13 3 6 9 9 3 26 12 1 22 29 11 19 29 7 2 11 17 2 19 20 12 20 9 14 9 15 16 26 28 20 29 5 14 25 8 16 2 17 5 25 7 17 15 12 19 13 13 5 11 5 7 4 1 7 12 5 11 13 29 20 30 18 14 28 7 8 22 11 24 22 23 24 1 18 1 30 3 14 24 28 8 9 17 7 26 27 4 21 17 14 15 16 17 13 19 14 15 7 15 1 22 30 1 11 19 20 16 7 6 15 7 16 11 8 10 1 13 17 28 5 17 12 22 5 2 26 28 10 4 19 23 9 29 23 25 25 8 25 5 15 26 26 12 16 23 19 18 5 25 29 13 30 30 27 23 16 20 28 16 22 18 17 24 12 4 30 7 4 17 10 14 11 2 8 11 10 14 14 24 11 4 15 23 27 5 28 28 9 1 12 11 27 22 11 28 27 10 11 8 4 15 13 20 25 20 19 2 2 19 14 25 8 26 21 24 16 21 14 28 18 29 22 20 28 7 2 8 3 9 4 27 19 6 27 29 4 26 17 21 7 19 30 5 19 13 7 29 4 4 28 10 8 14 11 5 28 24 21 5 27 10 8 29 8 16 18 11 15 2 4 16 24 8 29 3 17 15 5 15 25 28 12 18 5 15 14 10 20 2 24 11 21 9 8 30 20 30 17 18 15 29 22 18 7 29 6 25 12 24 19 14 14 24 17 14 23 18 14 17 1 27 5 5 29 24 13 20 15 28 26 3 6 10 13 1 10 15 1 20 27 5 15 8 24 10 18 18 27 6 4 13 12 25 8 25 10 27 19 19 21 6 11 25 18 6 24 15 30 10 21 18 27 20 2 1 15 5 27 25 1 27 19 11 28 26 23 28 4 21 12 5 11 11 5 23 15 22 17 14 26 3 25 28 25 1 1 6 22 23 28 17 24 7 1 20 8 30 5 8 20 21 10 28 30 16 13 19 21 14 27 9 29 15 22 5 9 11 11 24 7 14 30 4 11 7 26 26 1 20 4 27 27 9 29 7 27 12 13 24 7 25 2 9 22 19 21 27 22 2 19 29 11 17 4 23 4 12 13 22 24 22 29 27 3 2 7 21 27 15 18 5 28 25 9 3 27 21 9 26 22 9 29 27 7 26 11 25 30 23 24 22 5 23 14 24 9 3 12 5 18 10 12 3 12 19 21 23 26 2 9 25 10 16 3 9 16 27 5 29 13 16 6 16 28 3 9 21 27 23 19 4 30 1 24 3 14 16 29 15 18 21 9 9 25 26 25 15 10 29 28 4 26 2 7 2 26 23 10 3 9 18 9 10 28 26 29 29 5 2 17 20 19 7 21 7 18 3 1 16 3 27 26 8 24 24 11 4 3 29 12 19 7 3 30 18 27 13 13 18 11 12 6 1 1 24 19 25 3 28 22 11 25 8 1 11 21 13 10 30 18 9 24 29 12 14 19 13 19 30 28 11 7 6 15 2 25 21 26 19 21 10 6 16 7 19 19 2 11 6 15 21 12 20 15 13 29 16 13 19 2 22 20 17 13 6 2 19 2 1 5 8 23 10 12 3 29 30 14 7 27 20 30 2 20 13 29 13 13 17 25 3 8 13 7 21 26 15 5 12 9 18 4 8 18 30 8 22 9 30 28 17 27 1 26 26 14 30 13 7 22 12 5 11 18 30 18 21 15 21 9 11 15 26 3 23 20 7 16 13 12 7 7 25 9 12 14 14 22 16 7 22 30 25 18 9 23 17 3
0 7 1
542
7 8 23
715 377 586 502 172 41 763 458 631 624 429 749 311 300 103 137 25 713 261 511 379 355 97
3 7 18
581 634 367 587 138 720 464 40 570 23 395 762 295 415 98 384 697 790
0 4 10
298 575 407 217 292 686 65 714 768 266
4 13 13
310 120 50 307 163 322 682 406 315 572 571 126 741
4 12 12
127 476 18 438 130 722 113 213 695 737 510 553
1 6 14
112 716 488 469 353 628 11 299 91 190 538 170 677 776
0 4 11
286 637 388 764 513 205 254 772 460 606 123
2 8 13
660 509 568 565 613 16 136 446 725 280 326 471 505
2 5 20
470 601 101 481 179 539 400 420 214 620 667 431 78 473 563 99 426 578 250 554
4 7 18
338 29 625 125 290 363 500 546 696 81 658 331 582 19 139 630 12 497
1 9 5
66 359 592 169 39
0 2 11
289 719 133 515 44 263 416 789 643 53 533
0 9 5
335 221 754 523 608
1 12 5
698 530 336 548 531
1 10 5
647 434 378 258 148
3 13 11
585 26 436 597 8 184 603 649 323 183 186
0 19 2
669 632
2 8 11
187 135 425 559 291 712 166 30 683 96 392
5 14 14
710 750 245 615 636 159 461 428 452 82 253 604 357 655
2 8 12
284 487 216 791 779 188 640 242 95 27 128 507
0 4 9
241 368 635 418 240 154 641 56 212
10 12 22
702 366 36 663 687 192 269 410 782 745 503 579 701 10 302 792 638 786 730 301 759 757
2 5 18
524 49 534 386 77 465 569 149 206 255 152 220 770 24 122 709 519 111
2 8 10
450 499 146 105 607 92 7 273 443 199
0 10 4
182 797 611 389
0 17 2
704 541
8 14 17
673 671 758 540 381 121 529 79 94 354 356 589 134 557 411 618 268
11 10 26
549 390 457 646 432 602 609 46 195 365 440 657 485 75 512 738 86 793 67 87 708 200 219 439 73 435
0 18 1
718
2 6 16
622 6 740 588 153 773 218 194 558 272 408 282 107 17 480 743
7 13 17
445 447 670 504 150 477 508 318 385 84 659 711 305 167 380 798 493
1 9 10
294 784 306 595 456 21 767 236 573 399
7 13 17
256 116 52 765 229 422 627 297 453 771 479 556 156 238 560 496 230
1 9 8
140 727 761 693 576 599 744 285
10 11 23
155 283 349 303 783 181 347 90 594 459 129 401 728 394 64 526 114 522 191 362 486 690 769
1 4 15
215 373 528 562 777 785 239 668 746 419 644 203 251 736 158
0 9 3
32 633 204
3 4 24
330 654 28 705 226 275 498 441 332 552 520 393 231 185 665 5 466 0 243 131 651 308 178 224
2 13 10
555 684 189 162 68 252 237 124 455 593
1 8 1
1
1 19 2
2 780
12 25 2
3 397
8 27 1
4
12 20 1
9
4 15 2
13 472
9 23 1
14
4 14 1
15
2 16 1
20
3 11 3
22 157 433
5 22 1
31
1 17 2
33 293
1 18 1
34
1 22 3
35 482 752
1 26 1
37
4 17 1
38
8 22 2
42 197
2 23 2
43 748
8 21 3
45 270 351
6 12 1
47
1 10 1
48
3 23 1
51
5 15 1
54
3 18 2
55 766
5 13 1
57
3 14 1
58
4 16 1
59
6 19 1
60
6 19 2
61 478
1 11 2
62 264
3 13 1
63
1 15 1
69
6 16 1
70
8 19 2
71 799
5 18 1
72
5 15 2
74 361
2 9 1
76
9 25 1
80
3 12 1
83
3 14 1
85
6 18 2
88 747
5 11 1
89
9 27 1
93
5 21 1
100
1 16 2
102 257
5 22 1
104
1 13 1
106
5 18 1
108
1 6 1
109
2 11 1
110
5 18 1
115
8 20 2
117 119
1 17 1
118
1 22 1
132
8 21 2
141 405
1 8 1
142
1 8 1
143
2 15 1
144
5 17 1
145
1 17 2
147 344
1 30 2
151 413
1 11 1
160
1 32 1
161
5 15 1
164
2 17 1
165
2 18 1
168
19 24 1
171
4 17 1
173
5 13 1
174
3 16 1
175
1 19 1
176
8 20 1
177
5 15 2
180 755
6 18 2
193 494
13 21 1
196
5 12 3
198 448 700
5 17 1
201
3 20 1
202
8 26 1
207
6 18 1
208
1 14 1
209
1 12 1
210
1 15 1
211
2 17 1
222
1 14 2
223 518
8 21 1
225
4 17 1
227
1 32 1
228
8 26 1
232
5 21 2
233 339
12 22 1
234
3 14 3
235 449 707
5 22 2
244 583
11 20 3
246 287 666
2 11 1
247
1 15 1
248
2 16 1
249
1 14 1
259
2 14 3
260 265 342
8 16 1
262
1 15 1
267
1 15 1
271
3 22 1
274
11 21 2
276 726
4 23 1
277
12 27 1
278
2 21 1
279
2 10 2
281 760
6 16 1
288
3 18 1
296
8 25 2
304 427
1 20 1
309
5 17 2
312 574
2 17 1
313
3 13 2
314 567
1 33 1
316
6 19 1
317
2 14 1
319
8 26 2
320 391
5 10 1
321
12 24 1
324
1 20 1
325
13 21 1
327
3 16 1
328
6 19 1
329
2 19 1
333
2 12 1
334
3 20 1
337
5 19 1
340
4 21 1
341
1 18 1
343
8 21 1
345
1 25 1
346
1 26 1
348
3 19 1
350
1 24 1
352
6 17 1
358
1 10 1
360
2 22 1
364
1 9 2
369 462
13 19 1
370
3 15 1
371
3 23 1
372
11 15 1
374
1 13 2
375 661
4 21 1
376
12 23 1
382
8 20 1
383
1 27 1
387
1 28 1
396
8 20 1
398
5 13 1
402
1 23 1
403
6 18 2
404 605
1 29 1
409
11 20 1
412
8 23 1
414
1 14 2
417 774
5 17 1
421
3 21 2
423 545
1 12 1
424
11 19 2
430 645
8 20 1
437
1 16 1
442
1 12 1
444
8 21 2
451 612
5 21 1
454
1 16 1
463
5 22 1
467
3 23 1
468
4 22 1
474
5 22 1
475
1 25 1
483
3 19 1
484
1 16 1
489
1 32 1
490
2 17 1
491
2 22 1
492
6 12 1
495
3 21 1
501
3 16 1
506
3 21 1
514
12 26 1
516
1 32 1
517
1 9 1
521
6 18 1
525
5 14 1
527
6 18 1
532
9 26 1
535
2 15 1
536
1 15 1
537
4 16 1
543
1 17 1
544
1 23 1
547
13 20 1
550
1 16 1
551
3 18 1
561
6 17 1
564
3 17 1
566
3 24 1
577
2 16 1
580
4 21 2
584 742
3 23 1
590
16 24 1
591
1 32 1
596
1 23 1
598
1 13 1
600
3 17 1
610
2 8 1
614
1 14 1
616
1 15 1
617
5 14 1
619
8 20 1
621
1 18 1
623
18 27 1
626
12 25 1
629
1 20 1
639
1 30 1
642
1 15 1
648
5 13 1
650
5 16 1
652
1 7 1
653
12 27 1
656
1 31 1
662
1 11 1
664
5 20 1
672
3 12 1
674
2 17 1
675
5 15 1
676
8 21 1
678
2 9 1
679
18 26 1
680
3 17 1
681
6 13 1
685
2 16 2
688 729
4 21 1
689
1 8 1
691
1 17 1
692
3 13 1
694
2 15 1
699
12 28 1
703
3 24 1
706
5 15 1
717
4 23 1
721
9 25 1
723
6 20 1
724
1 31 1
731
1 9 1
732
1 28 1
733
5 12 1
734
5 14 1
735
2 18 1
739
5 12 1
751
1 27 1
753
2 14 1
756
2 12 1
775
1 11 1
778
2 14 1
781
5 19 1
787
5 22 1
788
3 17 1
794
8 19 1
795
4 21 1
796
