300 144 465 20
33 31 31 40 23 11 35 27 21 25 16 39 27 40 31 39 15 28 29 13 32 11 19 38 27 14 31 14 29 16 30 29 37 37 24 31 17 36 18 16 26 33 22 23 13 19 37 29 25 18 25 18 17 15 35 27 37 35 26 17 27 28 11 22 32 28 27 18 24 12 29 25 23 16 34 27 30 21 37 26 16 18 37 39 38 25 17 21 14 32 21 25 15 23 15 13 32 38 29 30 36 33 19 40 29 32 34 39 16 14 30 36 16 31 39 11 13 28 21 23 38 29 38 14 32 16 31 19 30 36 37 15 23 25 27 23 38 40 39 19 33 20 35 24 17 35 38 14 40 36 17 17 39 34 29 30 31 36 23 29 26 25 13 30 40 17 38 22 13 22 39 37 22 17 38 24 21 29 22 11 29 18 35 22 31 17 13 13 12 29 30 21 37 36 35 17 20 32 33 29 37 31 30 37 19 38 15 33 35 36 19 40 24 39 37 38 22 27 14 27 17 14 32 18 33 33 36 11 17 29 31 32 31 31 36 14 19 21 24 15 33 30 40 34 17 20 13 34 16 24 34 20 32 24 30 35 25 33 17 39 30 32 40 33 26 30 29 12 18 36 37 16 13 12 12 39 36 22 32 36 15 14 29 34 27 15 17 28 36 13 20 22 24 15 19 22 22 31 39 26
23 21 21 30 13 1 25 17 11 15 6 29 17 30 21 29 5 18 19 3 22 1 9 28 17 4 21 4 19 6 20 19 27 27 14 21 7 26 8 6 16 23 12 13 3 9 27 19 15 8 15 8 7 5 25 17 27 25 16 7 17 18 1 12 22 18 17 8 14 2 19 15 13 6 24 17 20 11 27 16 6 8 27 29 28 15 7 11 4 22 11 15 5 13 5 3 22 28 19 20 26 23 9 30 19 22 24 29 6 4 20 26 6 21 29 1 3 18 11 13 28 19 28 4 22 6 21 9 20 26 27 5 13 15 17 13 28 30 29 9 23 10 25 14 7 25 28 4 30 26 7 7 29 24 19 20 21 26 13 19 16 15 3 20 30 7 28 12 3 12 29 27 12 7 28 14 11 19 12 1 19 8 25 12 21 7 3 3 2 19 20 11 27 26 25 7 10 22 23 19 27 21 20 27 9 28 5 23 25 26 9 30 14 29 27 28 12 17 4 17 7 4 22 8 23 23 26 1 7 19 21 22 21 21 26 4 9 11 14 5 23 20 30 24 7 10 3 24 6 14 24 10 22 14 20 25 15 23 7 29 20 22 30 23 16 20 19 2 8 26 27 6 3 2 2 29 26 12 22 26 5 4 19 24 17 5 7 18 26 3 10 12 14 5 9 12 12 21 29 16
0 9 2
104 199
3 14 7
266 71 171 217 256 38 149
1 7 8
278 276 73 53 240 259 175 99
1 12 6
247 113 213 223 293 30
3 11 13
202 111 137 163 24 118 194 96 288 33 267 297 102
1 5 10
236 6 245 105 205 227 200 182 87 233
0 16 2
138 119
0 14 1
108
0 9 2
169 221
2 12 6
160 279 123 13 26 65
0 11 3
188 229 208
0 10 2
36 277
1 7 8
162 290 115 41 22 142 132 201
5 16 11
219 241 254 159 136 181 299 100 193 257 146
1 9 6
294 19 86 285 151 147
0 10 4
157 143 239 228
2 14 7
114 129 170 10 92 93 34
2 14 7
165 244 70 15 27 237 122
0 15 1
0
0 7 5
215 197 209 54 166
0 10 3
18 216 153
0 10 3
97 88 80
1 8 8
40 74 56 198 57 9 232 66
1 6 8
174 183 167 21 289 251 8 268
3 12 8
187 2 63 274 16 68 196 51
2 8 8
124 179 150 48 112 168 128 214
0 6 4
231 226 90 110
1 8 5
101 14 4 46 155
0 11 3
49 139 184
1 10 5
32 37 272 135 107
0 7 5
287 180 44 173 148
2 21 1
1
2 17 2
3 281
3 23 1
5
2 17 1
7
1 21 1
11
2 16 1
12
2 19 1
17
5 26 1
20
1 20 2
23 286
3 14 1
25
3 23 1
28
1 17 2
29 195
2 22 1
31
1 18 1
35
1 24 1
39
4 22 3
42 72 263
2 17 1
43
2 14 1
45
2 26 1
47
1 13 1
50
2 21 1
52
3 15 1
55
1 31 1
58
2 17 2
59 296
3 24 1
60
4 19 1
61
5 20 1
62
2 20 1
64
2 21 1
67
2 22 2
69 177
3 21 2
75 269
2 20 2
76 158
5 23 1
77
2 17 1
78
2 23 1
79
5 25 1
81
4 24 1
82
2 21 2
83 145
5 23 1
84
3 19 1
85
2 16 2
89 120
1 27 1
91
5 28 1
94
2 12 1
95
3 25 1
98
2 24 1
103
2 16 2
106 271
2 21 1
109
1 13 1
116
5 20 1
117
2 15 1
121
2 14 1
125
3 19 1
126
4 21 1
127
1 24 1
130
1 20 1
131
1 26 1
133
3 17 1
134
2 14 1
140
2 18 1
141
2 19 1
144
2 26 1
152
2 18 1
154
4 19 1
156
2 19 1
161
2 25 1
164
3 19 1
172
2 22 1
176
1 18 1
178
1 16 1
185
2 20 1
186
1 23 1
189
2 15 1
190
2 18 1
191
2 17 1
192
2 23 1
203
5 17 1
204
1 23 2
206 207
4 21 1
210
3 17 1
211
3 15 1
212
5 21 1
218
1 16 1
220
5 22 1
222
5 21 2
224 234
2 21 1
225
2 21 1
230
2 25 1
235
2 17 1
238
3 18 2
242 283
1 29 1
243
1 13 1
246
2 18 1
248
3 21 1
249
2 20 1
250
2 20 1
252
2 18 1
253
3 19 1
255
1 26 1
258
2 19 1
260
2 15 1
261
1 16 1
262
6 28 1
264
2 22 1
265
6 26 1
270
3 18 1
273
3 21 1
275
1 23 2
280 295
1 26 1
282
2 21 1
284
2 13 1
291
1 19 1
292
2 20 1
298
