800 293 1240 53
39 15 36 16 16 11 13 25 35 31 17 18 13 34 13 40 33 16 19 39 21 31 29 25 18 38 13 23 22 26 39 27 40 28 40 14 18 17 35 25 30 27 19 27 40 14 21 30 16 28 14 28 12 24 24 12 11 40 28 16 19 12 31 39 28 35 28 18 34 12 25 22 31 34 28 29 19 29 20 28 26 32 36 34 37 20 14 20 28 16 30 11 31 17 33 19 13 26 30 14 23 14 27 30 14 33 33 39 32 26 35 32 25 12 17 30 14 35 20 35 30 14 24 29 27 13 14 13 26 23 30 28 39 31 27 27 19 29 30 40 16 39 33 15 14 19 23 29 33 11 35 22 27 18 23 38 20 12 25 13 23 21 11 37 19 13 32 19 20 11 24 11 30 22 38 29 39 12 23 26 11 14 16 19 13 38 30 14 33 23 38 29 31 11 30 14 38 28 15 25 31 23 34 32 17 34 33 11 13 29 32 36 12 40 11 30 19 29 34 25 12 23 36 13 25 30 14 15 26 21 15 18 33 25 31 28 38 24 26 31 20 22 13 16 31 38 13 31 15 28 13 16 15 21 23 23 15 33 28 16 15 35 20 28 22 16 38 34 18 20 30 30 39 40 21 11 19 12 40 33 36 23 12 35 13 18 29 39 19 21 36 36 35 27 32 20 25 21 32 24 14 16 25 39 33 25 17 36 15 28 18 24 24 28 22 26 14 23 20 37 26 34 36 25 18 11 26 39 35 27 30 27 20 31 22 29 16 31 38 33 29 24 36 35 16 16 35 39 23 18 32 25 19 24 14 29 31 38 35 15 36 25 27 34 16 13 14 39 12 22 21 26 17 12 11 40 22 14 27 29 14 39 38 19 17 13 14 13 29 11 40 20 13 34 32 30 21 34 12 12 12 16 27 15 11 12 29 39 38 12 25 36 28 25 27 15 36 39 31 12 11 20 12 27 15 24 34 35 11 24 20 21 26 36 15 12 27 37 13 34 38 22 28 29 32 35 13 36 28 16 21 37 24 25 32 26 29 32 28 29 12 26 32 32 17 23 22 13 18 33 19 19 16 23 20 19 13 30 31 11 22 15 32 35 21 15 11 13 19 40 15 13 17 20 29 23 32 33 31 12 21 21 21 35 23 23 20 31 26 38 14 38 25 14 28 21 40 37 31 26 28 11 21 12 19 20 17 16 29 22 18 13 22 30 29 15 34 16 12 12 32 34 12 38 28 39 35 27 30 30 24 23 22 39 28 11 38 29 36 25 35 15 24 39 12 12 31 24 25 40 11 22 14 29 15 40 33 13 28 31 18 20 39 28 26 24 37 14 12 16 34 25 22 34 17 26 40 16 35 30 26 12 20 18 18 16 23 27 24 25 30 34 14 35 27 36 30 17 33 37 28 12 40 31 28 16 39 31 37 27 12 38 28 26 19 12 39 29 17 21 30 16 11 36 21 24 22 33 31 18 36 12 15 18 31 18 38 40 21 24 32 29 38 40 19 12 16 26 38 34 27 27 28 23 12 18 36 26 24 23 12 30 22 29 37 29 30 14 35 19 31 32 17 18 38 21 20 17 38 28 16 36 39 28 17 18 14 27 28 25 40 27 35 39 33 12 35 12 28 17 16 19 24 30 30 29 28 33 17 11 21 19 25 35 18 38 29 36 29 16 24 28 23 26 33 35 27 23 16 17 35 22 21 15 27 30 13 14 37 38 27 26 14 39 13 14 37 12 35 35 36 29 14 32 14 39 18 32 31 37 32 28 35 12 38 17 21 25 13 23 31 26 29 36 12 12 14 24 28 17
29 5 26 6 6 1 3 15 25 21 7 8 3 24 3 30 23 6 9 29 11 21 19 15 8 28 3 13 12 16 29 17 30 18 30 4 8 7 25 15 20 17 9 17 30 4 11 20 6 18 4 18 2 14 14 2 1 30 18 6 9 2 21 29 18 25 18 8 24 2 15 12 21 24 18 19 9 19 10 18 16 22 26 24 27 10 4 10 18 6 20 1 21 7 23 9 3 16 20 4 13 4 17 20 4 23 23 29 22 16 25 22 15 2 7 20 4 25 10 25 20 4 14 19 17 3 4 3 16 13 20 18 29 21 17 17 9 19 20 30 6 29 23 5 4 9 13 19 23 1 25 12 17 8 13 28 10 2 15 3 13 11 1 27 9 3 22 9 10 1 14 1 20 12 28 19 29 2 13 16 1 4 6 9 3 28 20 4 23 13 28 19 21 1 20 4 28 18 5 15 21 13 24 22 7 24 23 1 3 19 22 26 2 30 1 20 9 19 24 15 2 13 26 3 15 20 4 5 16 11 5 8 23 15 21 18 28 14 16 21 10 12 3 6 21 28 3 21 5 18 3 6 5 11 13 13 5 23 18 6 5 25 10 18 12 6 28 24 8 10 20 20 29 30 11 1 9 2 30 23 26 13 2 25 3 8 19 29 9 11 26 26 25 17 22 10 15 11 22 14 4 6 15 29 23 15 7 26 5 18 8 14 14 18 12 16 4 13 10 27 16 24 26 15 8 1 16 29 25 17 20 17 10 21 12 19 6 21 28 23 19 14 26 25 6 6 25 29 13 8 22 15 9 14 4 19 21 28 25 5 26 15 17 24 6 3 4 29 2 12 11 16 7 2 1 30 12 4 17 19 4 29 28 9 7 3 4 3 19 1 30 10 3 24 22 20 11 24 2 2 2 6 17 5 1 2 19 29 28 2 15 26 18 15 17 5 26 29 21 2 1 10 2 17 5 14 24 25 1 14 10 11 16 26 5 2 17 27 3 24 28 12 18 19 22 25 3 26 18 6 11 27 14 15 22 16 19 22 18 19 2 16 22 22 7 13 12 3 8 23 9 9 6 13 10 9 3 20 21 1 12 5 22 25 11 5 1 3 9 30 5 3 7 10 19 13 22 23 21 2 11 11 11 25 13 13 10 21 16 28 4 28 15 4 18 11 30 27 21 16 18 1 11 2 9 10 7 6 19 12 8 3 12 20 19 5 24 6 2 2 22 24 2 28 18 29 25 17 20 20 14 13 12 29 18 1 28 19 26 15 25 5 14 29 2 2 21 14 15 30 1 12 4 19 5 30 23 3 18 21 8 10 29 18 16 14 27 4 2 6 24 15 12 24 7 16 30 6 25 20 16 2 10 8 8 6 13 17 14 15 20 24 4 25 17 26 20 7 23 27 18 2 30 21 18 6 29 21 27 17 2 28 18 16 9 2 29 19 7 11 20 6 1 26 11 14 12 23 21 8 26 2 5 8 21 8 28 30 11 14 22 19 28 30 9 2 6 16 28 24 17 17 18 13 2 8 26 16 14 13 2 20 12 19 27 19 20 4 25 9 21 22 7 8 28 11 10 7 28 18 6 26 29 18 7 8 4 17 18 15 30 17 25 29 23 2 25 2 18 7 6 9 14 20 20 19 18 23 7 1 11 9 15 25 8 28 19 26 19 6 14 18 13 16 23 25 17 13 6 7 25 12 11 5 17 20 3 4 27 28 17 16 4 29 3 4 27 2 25 25 26 19 4 22 4 29 8 22 21 27 22 18 25 2 28 7 11 15 3 13 21 16 19 26 2 2 4 14 18 7
2 11 11
633 126 27 691 727 116 466 101 713 514 129
0 15 2
61 791
0 11 1
286
3 10 11
654 671 615 461 301 134 729 321 561 77 322
1 10 6
590 788 795 449 219 165
10 13 20
269 625 565 177 103 445 531 130 277 495 669 63 57 662 377 150 569 530 522 151
2 6 12
537 558 296 751 527 405 534 539 118 340 197 535
1 4 14
652 358 761 703 71 316 395 688 299 686 712 478 473 186
0 20 2
305 636
7 11 17
236 689 195 304 511 460 706 695 187 184 732 471 433 347 598 492 17
11 13 21
482 694 98 608 33 292 693 548 25 717 426 472 692 13 363 421 52 651 661 785 115
1 13 6
267 266 216 734 49 559
3 6 18
235 431 762 111 775 185 342 723 254 784 667 258 726 217 397 306 97 21
0 13 2
580 159
4 7 18
501 444 581 334 18 642 330 237 196 146 43 401 324 721 243 778 724 140
4 9 18
391 453 664 346 747 210 550 8 553 418 45 665 575 740 335 265 361 504
1 4 17
349 428 506 72 792 523 124 621 15 387 234 666 674 369 323 574 510
5 11 16
434 255 161 540 748 280 154 660 147 201 707 731 281 490 233 746
2 5 20
89 738 106 362 326 231 284 341 687 557 282 48 120 487 336 620 64 562 3 403
4 8 16
107 1 601 798 307 389 135 39 544 99 767 67 230 132 332 408
7 9 23
650 422 588 259 183 144 385 378 112 371 373 200 429 467 619 51 456 245 138 736 528 587 14
0 7 2
542 764
0 6 4
131 773 294 634
7 12 15
616 276 766 673 624 26 754 617 743 672 157 579 253 313 737
3 4 30
645 515 12 203 125 240 272 76 262 497 427 564 160 631 733 82 711 779 270 113 139 260 437 697 793 172 171 462 384 629
2 7 9
776 659 753 781 730 458 87 414 152
0 16 4
675 206 796 496
0 18 1
554
1 14 6
398 417 630 507 543 198
8 12 17
69 443 250 613 94 327 366 136 483 643 30 512 463 455 86 679 568
2 4 16
164 627 786 708 333 595 718 214 739 765 355 357 96 53 54 704
4 9 16
311 302 682 599 524 353 354 23 381 249 442 205 505 605 614 232
1 10 7
7 34 582 757 382 252 503
0 4 9
225 238 725 770 465 566 16 491 85
1 7 13
699 2 300 227 618 246 256 628 538 655 541 572 221
11 11 28
122 447 133 536 343 570 244 410 383 441 285 603 202 368 143 104 167 768 592 312 6 293 95 476 509 685 626 264
12 14 23
469 268 436 379 470 68 239 199 413 632 783 331 10 359 494 84 42 641 416 772 758 109 348
0 8 2
399 419
6 15 1
0
5 24 1
4
8 16 1
5
1 18 1
9
4 17 3
11 35 339
3 27 2
19 794
2 19 2
20 637
1 16 1
22
2 18 1
24
1 11 1
28
5 20 1
29
8 20 1
31
6 20 2
32 192
7 21 1
36
6 10 2
37 315
5 11 2
38 92
16 22 1
40
1 12 1
41
5 9 2
44 799
5 19 1
46
16 23 1
47
1 15 1
50
6 24 1
55
6 11 3
56 79 715
6 15 1
58
8 16 3
59 393 552
4 8 1
60
1 17 1
62
1 14 1
65
4 24 1
66
7 15 1
70
5 21 2
73 380
7 20 1
74
16 20 2
75 137
2 24 2
78 677
16 20 1
80
16 24 2
81 386
1 18 1
83
6 21 2
88 520
10 23 1
90
4 15 2
91 102
3 20 1
93
9 18 2
100 251
1 23 2
105 223
4 15 1
108
1 18 1
110
5 13 1
114
2 12 1
117
6 16 2
119 585
13 18 1
121
1 11 1
123
9 20 1
127
8 20 2
128 532
6 14 2
141 242
8 15 1
142
10 21 1
145
5 16 1
148
2 17 1
149
1 12 1
153
3 20 1
155
6 22 2
156 769
6 19 1
158
3 25 1
162
5 16 2
163 329
2 15 1
166
1 16 1
168
5 28 1
169
9 18 3
170 400 710
1 20 1
173
1 21 1
174
1 18 2
175 261
2 10 1
176
5 20 1
178
4 22 1
179
1 19 1
180
5 13 1
181
1 20 1
182
1 14 2
188 344
9 19 2
189 529
6 19 1
190
6 23 1
191
5 17 2
193 610
6 14 2
194 702
2 16 1
204
18 23 1
207
5 13 2
208 705
1 20 1
209
7 23 2
211 464
1 26 1
212
2 13 2
213 425
4 18 2
215 698
1 17 1
218
2 26 1
220
4 15 2
222 591
4 13 1
224
1 13 1
226
6 21 1
228
1 25 1
229
6 18 2
241 420
10 19 2
247 719
5 23 1
248
20 23 1
257
1 17 2
263 404
1 19 1
271
2 19 1
273
1 17 2
274 432
1 8 2
275 622
5 18 1
278
10 24 1
279
7 24 2
283 500
2 26 3
287 325 525
5 27 1
288
6 16 1
289
5 23 1
290
4 15 2
291 760
2 20 2
295 716
4 8 1
297
1 31 1
298
5 21 1
303
2 10 1
308
6 14 1
309
7 18 1
310
13 20 2
314 573
18 24 1
317
3 27 1
318
2 21 3
319 517 609
5 16 2
320 602
1 20 1
328
15 23 1
337
10 19 1
338
4 10 1
345
6 17 1
350
1 18 1
351
5 18 2
352 593
3 22 2
356 728
4 22 1
360
6 16 1
364
7 17 1
365
5 25 3
367 533 546
6 19 1
370
4 15 2
372 583
1 19 3
374 440 611
2 29 1
375
2 13 1
376
4 14 1
388
6 19 1
390
1 29 1
392
18 25 1
394
9 20 1
396
5 15 1
402
5 18 1
406
2 22 1
407
10 21 1
409
5 15 1
411
5 16 2
412 560
9 23 1
415
2 28 1
423
5 16 2
424 741
4 27 1
430
16 21 1
435
2 21 1
438
2 10 1
439
3 21 1
446
5 15 2
448 683
5 16 1
450
2 20 1
451
2 30 1
452
1 12 1
454
4 22 1
457
1 30 1
459
4 18 1
468
4 9 3
474 635 714
6 13 1
475
7 24 1
477
8 19 1
479
7 18 1
480
1 23 1
481
7 20 2
484 646
3 24 1
485
1 15 1
486
4 15 1
488
1 11 1
489
4 16 1
493
2 27 1
498
2 23 2
499 551
4 15 1
502
1 22 1
508
2 19 1
513
6 15 1
516
2 15 1
518
6 19 1
519
7 20 2
521 735
16 25 1
526
4 22 2
545 555
1 14 1
547
6 13 1
549
4 11 1
556
1 22 2
563 576
3 29 2
567 663
1 22 1
571
13 22 1
577
4 20 1
578
4 18 2
584 759
7 20 1
586
1 29 2
589 597
5 17 1
594
4 18 1
596
2 26 1
600
1 29 1
604
2 25 1
606
2 27 1
607
10 23 1
612
2 30 1
623
7 19 1
638
1 8 1
639
4 23 1
640
4 16 1
644
4 13 1
647
4 16 1
648
6 16 1
649
5 16 1
653
1 28 1
656
6 16 1
657
4 11 1
658
2 29 1
668
5 18 1
670
1 22 1
676
5 20 1
678
15 22 1
680
9 22 1
681
2 17 1
684
9 20 1
690
9 21 1
696
20 25 1
700
15 25 2
701 763
3 20 1
709
1 11 1
720
16 22 1
722
6 16 1
742
2 12 1
744
1 12 1
745
6 15 1
749
4 22 1
750
15 22 1
752
6 13 1
755
4 14 1
756
1 15 1
771
3 26 1
774
4 24 1
777
6 11 1
780
5 17 1
782
5 16 1
787
1 15 1
789
6 18 1
790
1 24 1
797
