500 215 775 33
35 12 25 28 35 35 30 27 17 38 35 26 40 20 40 29 26 25 29 36 36 11 17 21 17 28 11 21 33 17 11 21 34 29 26 24 16 36 37 16 24 33 40 16 36 35 14 24 30 23 27 17 31 12 24 34 25 34 40 27 34 13 30 24 11 40 12 23 29 17 36 12 40 39 35 31 12 15 31 22 32 17 18 28 28 31 17 26 11 37 27 13 24 14 16 38 15 25 34 38 26 27 30 21 31 33 20 30 36 37 11 24 24 20 22 18 36 34 11 21 25 26 28 37 38 40 17 11 29 23 13 18 22 28 33 11 32 39 16 35 26 21 39 22 35 22 19 40 24 23 35 16 32 22 32 32 16 31 32 27 27 12 29 28 31 39 32 38 11 11 14 31 33 16 19 37 25 20 35 38 13 35 36 28 40 28 27 36 32 20 39 37 29 21 38 11 19 14 23 32 36 19 14 12 33 29 18 26 24 12 20 13 36 31 24 13 19 13 17 17 17 19 31 13 35 11 12 30 33 31 26 40 14 21 19 17 17 22 26 37 13 30 19 23 40 14 18 13 37 32 16 40 12 39 26 40 40 29 19 19 14 31 26 21 40 16 35 38 33 20 18 40 18 31 23 33 39 13 31 39 11 26 24 29 33 18 18 23 39 35 18 29 24 13 34 17 27 27 18 36 11 19 23 34 30 27 40 14 31 25 19 27 23 20 34 22 40 39 18 22 22 30 15 28 25 22 37 38 30 23 32 18 14 32 17 14 23 15 20 18 24 26 33 40 26 38 33 14 26 26 13 31 26 30 16 39 38 19 22 36 39 34 28 37 17 33 12 29 26 39 18 39 14 21 23 15 38 24 15 26 25 15 11 33 22 19 32 24 32 16 14 11 32 34 18 34 15 16 14 28 25 25 40 40 12 13 30 11 30 40 24 27 25 15 13 18 27 40 19 34 26 35 13 31 36 22 31 17 32 17 36 33 37 13 34 28 37 39 36 27 13 13 15 31 40 32 39 37 33 14 18 34 32 30 33 13 26 38 33 28 34 14 32 31 40 25 29 20 11 40 11 39 19 20 29 25 11 23 37 31 18 34 35 13 30 29 29 33 24 24 15 12 32 24 16 19 32 36 25 27
25 2 15 18 25 25 20 17 7 28 25 16 30 10 30 19 16 15 19 26 26 1 7 11 7 18 1 11 23 7 1 11 24 19 16 14 6 26 27 6 14 23 30 6 26 25 4 14 20 13 17 7 21 2 14 24 15 24 30 17 24 3 20 14 1 30 2 13 19 7 26 2 30 29 25 21 2 5 21 12 22 7 8 18 18 21 7 16 1 27 17 3 14 4 6 28 5 15 24 28 16 17 20 11 21 23 10 20 26 27 1 14 14 10 12 8 26 24 1 11 15 16 18 27 28 30 7 1 19 13 3 8 12 18 23 1 22 29 6 25 16 11 29 12 25 12 9 30 14 13 25 6 22 12 22 22 6 21 22 17 17 2 19 18 21 29 22 28 1 1 4 21 23 6 9 27 15 10 25 28 3 25 26 18 30 18 17 26 22 10 29 27 19 11 28 1 9 4 13 22 26 9 4 2 23 19 8 16 14 2 10 3 26 21 14 3 9 3 7 7 7 9 21 3 25 1 2 20 23 21 16 30 4 11 9 7 7 12 16 27 3 20 9 13 30 4 8 3 27 22 6 30 2 29 16 30 30 19 9 9 4 21 16 11 30 6 25 28 23 10 8 30 8 21 13 23 29 3 21 29 1 16 14 19 23 8 8 13 29 25 8 19 14 3 24 7 17 17 8 26 1 9 13 24 20 17 30 4 21 15 9 17 13 10 24 12 30 29 8 12 12 20 5 18 15 12 27 28 20 13 22 8 4 22 7 4 13 5 10 8 14 16 23 30 16 28 23 4 16 16 3 21 16 20 6 29 28 9 12 26 29 24 18 27 7 23 2 19 16 29 8 29 4 11 13 5 28 14 5 16 15 5 1 23 12 9 22 14 22 6 4 1 22 24 8 24 5 6 4 18 15 15 30 30 2 3 20 1 20 30 14 17 15 5 3 8 17 30 9 24 16 25 3 21 26 12 21 7 22 7 26 23 27 3 24 18 27 29 26 17 3 3 5 21 30 22 29 27 23 4 8 24 22 20 23 3 16 28 23 18 24 4 22 21 30 15 19 10 1 30 1 29 9 10 19 15 1 13 27 21 8 24 25 3 20 19 19 23 14 14 5 2 22 14 6 9 22 26 15 17
0 10 3
481 257 35
1 9 7
191 227 50 96 331 192 143
0 5 9
478 236 205 394 499 129 136 279 469
0 8 2
127 154
1 6 10
197 345 463 386 135 300 439 249 248 193
1 10 8
494 131 409 73 314 271 81 240
0 3 9
8 411 86 457 459 462 172 293 158
0 10 1
180
0 9 3
336 404 24
2 8 9
4 334 243 447 147 2 266 29 347
1 8 11
42 344 280 424 485 15 348 400 496 38 58
2 9 9
239 159 124 189 323 109 259 31 52
0 16 1
349
7 12 15
33 137 211 479 395 238 223 310 357 200 301 480 17 352 498
2 9 7
220 464 384 339 372 398 437
2 9 10
74 206 392 123 80 171 453 267 11 98
1 12 4
471 307 415 114
2 15 6
235 104 377 1 402 303
3 9 10
36 40 212 128 23 270 141 433 370 186
0 7 3
150 442 350
5 15 11
278 477 360 225 380 67 32 353 105 365 56
2 12 7
351 208 13 466 388 441 436
1 13 4
443 25 468 272
3 10 11
84 393 51 283 403 85 138 122 241 284 286
0 7 3
356 309 196
7 13 15
134 359 483 354 228 245 492 16 194 207 103 39 187 0 113
2 10 9
367 452 69 294 418 139 268 495 160
2 18 5
95 178 185 337 486
4 10 13
315 45 66 204 390 19 412 115 269 382 28 182 146
1 5 10
213 381 333 458 55 26 155 47 21 46
0 15 2
253 434
4 10 15
427 181 87 396 70 318 429 214 18 57 27 422 92 438 371
0 4 12
132 460 22 444 210 421 222 34 101 407 91 448
3 11 9
330 169 130 263 68 142 413 490 43
1 4 16
165 5 108 410 226 454 83 94 295 167 215 77 10 368 102 125
0 11 1
299
0 16 1
487
1 4 11
265 144 419 322 234 319 177 133 151 161 120
1 13 5
201 184 290 179 88
2 9 2
3 325
6 26 1
6
8 21 1
7
4 18 1
9
4 21 1
12
3 21 1
14
1 20 2
20 217
6 18 1
30
1 21 1
37
2 14 2
41 176
7 21 1
44
3 19 1
48
2 20 2
49 391
2 13 1
53
12 27 1
54
1 25 1
59
1 22 1
60
2 14 2
61 118
1 15 1
62
6 18 2
63 335
3 23 1
64
2 11 1
65
2 16 3
71 111 451
3 16 1
72
4 22 1
75
1 22 1
76
1 21 1
78
7 24 1
79
3 18 1
82
2 14 1
89
2 17 1
90
2 14 1
93
6 18 1
97
7 22 1
99
3 20 1
100
2 15 2
106 289
6 22 1
107
6 18 2
110 378
2 17 1
112
1 20 1
116
1 14 1
117
3 22 2
119 274
1 18 1
121
3 16 2
126 170
1 26 1
140
1 29 1
145
2 19 1
148
1 17 1
149
6 27 1
152
4 27 2
153 281
7 20 2
156 465
6 28 1
157
2 15 1
162
7 25 1
163
6 19 1
164
2 10 1
166
4 23 1
168
1 16 1
173
3 25 1
174
3 15 1
175
1 17 1
183
7 22 1
188
1 31 2
190 366
10 22 3
195 341 450
1 17 1
198
4 22 1
199
3 17 1
202
1 31 1
203
3 19 2
209 332
1 16 2
216 423
3 18 1
218
1 21 1
219
2 15 1
221
7 21 1
224
3 19 2
229 408
3 26 1
230
2 17 1
231
1 19 1
232
10 23 1
233
1 17 1
237
3 16 2
242 362
4 25 2
244 414
3 19 1
246
1 24 1
247
1 11 1
250
2 13 2
251 260
1 18 1
252
1 20 1
254
3 17 1
255
4 19 1
256
6 17 1
258
2 9 1
261
7 22 1
262
6 21 3
264 282 435
2 13 1
273
6 27 1
275
6 24 2
276 338
1 19 1
277
3 24 1
285
1 21 1
287
3 18 1
288
1 24 1
291
1 18 1
292
1 13 1
296
1 18 1
297
1 28 1
298
3 22 1
302
1 17 1
304
3 22 1
305
4 22 1
306
1 20 1
308
2 13 1
311
1 17 1
312
6 19 1
313
2 9 2
316 363
1 12 1
317
4 24 1
320
2 21 1
321
3 18 1
324
4 20 1
326
1 26 1
327
2 12 1
328
1 13 1
329
6 24 1
340
4 21 1
342
1 17 1
343
2 19 1
346
2 17 1
355
2 16 1
358
3 23 1
361
1 11 1
364
6 26 1
369
1 24 1
373
1 12 1
374
1 16 1
375
7 22 1
376
4 22 1
379
3 22 1
383
3 21 1
385
7 19 1
387
3 19 1
389
6 19 1
397
1 18 1
399
4 18 1
401
2 13 1
405
1 25 1
406
3 19 1
416
1 31 1
417
3 19 1
420
1 8 1
425
2 13 1
426
2 18 1
428
1 25 1
430
2 22 1
431
1 25 1
432
1 17 1
440
6 31 1
445
6 28 1
446
2 16 1
449
6 18 1
455
1 14 1
456
1 22 1
461
6 20 1
467
6 33 1
470
7 19 1
472
3 22 1
473
2 24 1
474
1 18 1
475
7 20 1
476
3 23 1
482
6 24 1
484
3 18 1
488
2 9 1
489
1 15 1
491
1 21 1
493
1 19 1
497
