1000 349 1550 67
39 19 24 17 35 34 11 26 23 39 25 34 11 34 26 24 14 16 34 11 38 13 20 28 34 11 17 19 16 15 28 14 16 40 29 21 20 29 37 13 26 19 39 15 14 21 35 22 21 24 14 30 39 19 23 33 17 30 39 19 40 39 23 15 16 29 18 33 17 19 17 18 32 26 27 36 37 39 16 23 24 29 34 21 15 15 29 36 30 31 27 14 20 40 29 20 27 33 17 11 20 20 32 20 39 15 28 16 17 32 11 37 34 15 20 25 29 30 27 24 22 13 38 38 35 26 14 39 24 33 19 36 15 24 40 39 26 12 20 28 36 23 27 18 40 11 21 19 32 21 38 31 34 39 27 31 38 19 31 13 12 16 30 12 30 40 19 31 31 31 34 38 40 26 14 26 37 24 15 22 37 35 15 32 39 31 17 13 39 18 32 37 17 27 27 16 15 13 17 19 16 18 20 31 18 31 31 17 12 32 30 29 23 31 14 15 35 13 32 37 36 25 32 38 39 40 32 18 34 18 34 19 23 27 20 17 40 34 30 31 21 14 31 12 27 18 35 26 36 18 35 18 15 31 32 14 22 29 13 32 38 14 20 23 13 18 21 27 32 12 27 21 20 18 18 31 38 31 17 23 14 40 20 17 23 34 18 29 37 19 15 26 36 33 36 35 26 38 34 17 29 19 13 30 37 18 35 27 32 39 28 12 27 17 16 37 17 15 24 24 36 14 39 25 12 23 28 11 36 16 27 25 13 36 39 39 13 25 14 18 28 24 36 37 13 11 25 39 27 15 39 40 38 14 23 34 18 27 12 21 28 15 30 16 25 27 27 24 25 34 20 35 33 20 13 22 16 38 11 18 39 18 22 17 24 27 11 13 38 35 13 26 20 29 17 18 16 28 34 39 26 34 21 18 15 21 28 32 31 38 20 14 23 27 13 21 36 15 12 13 17 11 36 32 33 29 36 20 20 34 29 18 24 11 37 39 36 27 22 11 32 31 31 16 33 11 28 19 11 32 38 15 22 13 11 25 30 37 12 21 11 15 25 27 33 16 25 39 23 32 37 35 29 19 21 13 27 30 15 30 13 16 38 24 32 32 23 14 15 36 19 21 31 34 38 24 12 20 30 17 24 36 23 30 11 28 14 14 24 13 31 26 26 11 35 37 19 12 33 16 16 37 36 39 12 26 12 17 11 29 15 13 17 16 11 23 27 33 29 34 28 13 15 33 21 35 34 29 36 25 20 32 33 29 18 37 13 21 28 25 18 34 30 14 12 34 13 32 37 28 37 38 24 15 35 31 34 15 26 13 20 29 20 14 18 35 33 40 27 23 31 21 39 15 38 35 28 22 25 26 23 24 15 20 15 16 32 17 12 14 13 13 12 18 21 13 11 39 33 14 15 24 16 40 20 15 14 23 13 36 17 19 28 27 13 11 38 28 14 35 40 19 21 16 13 21 28 15 24 38 31 13 26 33 14 39 17 21 17 30 22 21 20 32 37 17 14 13 13 33 18 24 14 15 16 38 20 25 37 28 11 17 29 14 38 34 38 30 15 32 15 36 13 16 18 28 27 21 38 11 35 38 36 39 32 13 36 22 29 32 29 12 31 16 25 22 39 19 21 26 28 32 23 40 13 32 29 36 30 37 12 26 33 38 19 39 39 12 32 13 39 19 13 37 38 27 17 19 28 20 23 16 18 29 11 14 32 24 19 29 31 32 12 30 11 24 25 40 36 13 30 21 32 26 20 18 17 16 18 40 26 30 11 38 22 20 16 33 32 23 32 15 36 34 36 13 15 35 18 33 40 21 33 20 29 28 16 37 40 26 19 20 37 12 27 35 33 38 23 20 29 36 21 36 11 23 27 34 39 21 22 18 23 33 40 32 35 27 24 32 11 21 22 28 27 17 26 23 11 35 24 24 30 38 31 29 22 11 23 33 23 25 22 30 21 37 15 16 36 26 33 11 14 15 36 23 22 40 16 15 26 40 31 35 15 19 16 21 12 24 32 40 16 23 38 31 12 18 14 40 27 21 34 16 34 35 32 32 34 18 36 37 33 17 23 33 23 30 25 29 31 37 28 17 17 40 17 26 13 37 20 34 38 21 40 28 19 20 12 18 16 14 38 25 37 39 31 21 37 30 35 37 25 13 11 17 24 31 23 13 39 30 28 15 38 40 35 34 37 32 32 18 13 23 38 26 36 15 20 32 12 29 29 32 31 31 33 33 26 22 11 32 26 23 26 27 11 16 22 17
29 9 14 7 25 24 1 16 13 29 15 24 1 24 16 14 4 6 24 1 28 3 10 18 24 1 7 9 6 5 18 4 6 30 19 11 10 19 27 3 16 9 29 5 4 11 25 12 11 14 4 20 29 9 13 23 7 20 29 9 30 29 13 5 6 19 8 23 7 9 7 8 22 16 17 26 27 29 6 13 14 19 24 11 5 5 19 26 20 21 17 4 10 30 19 10 17 23 7 1 10 10 22 10 29 5 18 6 7 22 1 27 24 5 10 15 19 20 17 14 12 3 28 28 25 16 4 29 14 23 9 26 5 14 30 29 16 2 10 18 26 13 17 8 30 1 11 9 22 11 28 21 24 29 17 21 28 9 21 3 2 6 20 2 20 30 9 21 21 21 24 28 30 16 4 16 27 14 5 12 27 25 5 22 29 21 7 3 29 8 22 27 7 17 17 6 5 3 7 9 6 8 10 21 8 21 21 7 2 22 20 19 13 21 4 5 25 3 22 27 26 15 22 28 29 30 22 8 24 8 24 9 13 17 10 7 30 24 20 21 11 4 21 2 17 8 25 16 26 8 25 8 5 21 22 4 12 19 3 22 28 4 10 13 3 8 11 17 22 2 17 11 10 8 8 21 28 21 7 13 4 30 10 7 13 24 8 19 27 9 5 16 26 23 26 25 16 28 24 7 19 9 3 20 27 8 25 17 22 29 18 2 17 7 6 27 7 5 14 14 26 4 29 15 2 13 18 1 26 6 17 15 3 26 29 29 3 15 4 8 18 14 26 27 3 1 15 29 17 5 29 30 28 4 13 24 8 17 2 11 18 5 20 6 15 17 17 14 15 24 10 25 23 10 3 12 6 28 1 8 29 8 12 7 14 17 1 3 28 25 3 16 10 19 7 8 6 18 24 29 16 24 11 8 5 11 18 22 21 28 10 4 13 17 3 11 26 5 2 3 7 1 26 22 23 19 26 10 10 24 19 8 14 1 27 29 26 17 12 1 22 21 21 6 23 1 18 9 1 22 28 5 12 3 1 15 20 27 2 11 1 5 15 17 23 6 15 29 13 22 27 25 19 9 11 3 17 20 5 20 3 6 28 14 22 22 13 4 5 26 9 11 21 24 28 14 2 10 20 7 14 26 13 20 1 18 4 4 14 3 21 16 16 1 25 27 9 2 23 6 6 27 26 29 2 16 2 7 1 19 5 3 7 6 1 13 17 23 19 24 18 3 5 23 11 25 24 19 26 15 10 22 23 19 8 27 3 11 18 15 8 24 20 4 2 24 3 22 27 18 27 28 14 5 25 21 24 5 16 3 10 19 10 4 8 25 23 30 17 13 21 11 29 5 28 25 18 12 15 16 13 14 5 10 5 6 22 7 2 4 3 3 2 8 11 3 1 29 23 4 5 14 6 30 10 5 4 13 3 26 7 9 18 17 3 1 28 18 4 25 30 9 11 6 3 11 18 5 14 28 21 3 16 23 4 29 7 11 7 20 12 11 10 22 27 7 4 3 3 23 8 14 4 5 6 28 10 15 27 18 1 7 19 4 28 24 28 20 5 22 5 26 3 6 8 18 17 11 28 1 25 28 26 29 22 3 26 12 19 22 19 2 21 6 15 12 29 9 11 16 18 22 13 30 3 22 19 26 20 27 2 16 23 28 9 29 29 2 22 3 29 9 3 27 28 17 7 9 18 10 13 6 8 19 1 4 22 14 9 19 21 22 2 20 1 14 15 30 26 3 20 11 22 16 10 8 7 6 8 30 16 20 1 28 12 10 6 23 22 13 22 5 26 24 26 3 5 25 8 23 30 11 23 10 19 18 6 27 30 16 9 10 27 2 17 25 23 28 13 10 19 26 11 26 1 13 17 24 29 11 12 8 13 23 30 22 25 17 14 22 1 11 12 18 17 7 16 13 1 25 14 14 20 28 21 19 12 1 13 23 13 15 12 20 11 27 5 6 26 16 23 1 4 5 26 13 12 30 6 5 16 30 21 25 5 9 6 11 2 14 22 30 6 13 28 21 2 8 4 30 17 11 24 6 24 25 22 22 24 8 26 27 23 7 13 23 13 20 15 19 21 27 18 7 7 30 7 16 3 27 10 24 28 11 30 18 9 10 2 8 6 4 28 15 27 29 21 11 27 20 25 27 15 3 1 7 14 21 13 3 29 20 18 5 28 30 25 24 27 22 22 8 3 13 28 16 26 5 10 22 2 19 19 22 21 21 23 23 16 12 1 22 16 13 16 17 1 6 12 7
1 7 8
53 867 219 522 100 838 60 432
0 26 1
675
5 9 18
566 971 726 395 234 636 94 133 321 695 684 927 572 759 6 495 591 456
4 7 18
221 3 430 479 86 461 819 108 1 794 454 117 561 426 346 240 954 520
0 7 5
38 638 421 375 470
12 13 25
524 512 97 45 107 340 186 449 418 445 793 301 379 586 847 868 913 9 770 798 278 716 844 972 964
2 7 15
173 660 327 843 312 436 979 676 185 405 862 959 528 458 532
2 4 19
474 735 201 639 538 523 334 852 826 309 903 501 555 162 61 190 218 739 43
0 11 3
700 742 554
7 12 16
723 142 756 237 370 305 738 297 396 473 273 858 48 980 557 706
1 10 7
229 298 828 353 530 357 47
3 3 27
146 241 178 741 621 419 976 49 594 995 292 894 472 707 634 665 876 701 987 937 268 983 329 817 205 985 734
3 8 11
593 36 791 762 788 471 427 124 130 880 208
3 8 17
169 51 777 74 422 865 810 547 895 40 95 943 41 928 611 961 767
5 11 17
91 5 781 280 832 933 592 136 521 368 845 682 376 628 122 242 911
2 6 16
446 407 921 575 342 335 217 227 252 619 424 102 651 71 571 982
2 8 13
813 315 725 389 360 350 790 300 179 54 401 885 76
1 7 11
720 577 66 299 67 391 351 919 816 287 517
1 3 27
367 783 497 842 825 157 390 891 934 494 999 58 358 757 780 30 951 257 10 881 922 702 245 569 90 962 599
3 13 11
745 336 831 886 514 388 602 914 149 500 615
3 11 8
503 666 989 459 680 295 769 944
2 7 17
380 598 412 805 482 144 202 394 24 437 663 383 238 923 939 62 212
8 13 20
109 683 986 197 32 963 559 649 877 672 792 640 261 604 997 795 733 277 820 644
7 8 30
200 618 140 893 215 786 693 293 678 139 231 393 406 223 409 775 222 966 93 722 138 210 371 465 147 381 25 670 896 160
9 9 28
515 601 8 509 382 588 874 174 620 104 856 224 579 320 480 525 935 441 929 658 326 841 763 317 128 518 392 510
0 10 1
650
1 8 11
13 98 920 416 863 677 214 782 167 918 260
8 8 29
415 34 359 92 574 946 787 814 915 958 797 743 567 77 534 635 548 285 296 189 516 956 691 428 802 502 31 669 279
13 10 33
70 236 81 659 492 761 668 681 85 56 118 475 23 643 55 536 364 365 730 115 752 853 824 209 624 883 311 141 605 451 79 758 220
3 12 9
286 158 747 904 625 239 671 39 568
0 4 7
897 469 121 864 608 184 88
14 13 27
938 818 960 192 804 808 267 696 341 442 73 265 374 505 225 673 386 596 580 854 168 849 63 589 612 82 909
4 14 9
965 413 631 323 760 17 443 377 463
6 12 18
253 402 687 957 709 704 785 467 627 304 931 765 800 860 12 511 848 308
1 5 10
629 616 303 331 137 773 645 578 587 977
0 8 3
15 840 981
3 15 6
653 833 740 879 945 744
0 4 7
318 22 211 610 564 207 111
0 16 1
103
12 11 29
736 324 585 570 183 403 978 275 78 477 235 607 276 269 950 397 228 193 259 411 263 718 288 188 755 35 692 354 871
0 5 10
20 439 156 28 27 0 7 822 878 851
2 9 11
216 888 438 135 134 582 255 779 400 552 519
5 19 1
2
6 15 4
4 343 776 984
11 24 2
11 834
1 14 1
14
1 7 1
16
5 18 1
18
11 22 2
19 363
2 18 2
21 485
9 21 1
26
2 13 2
29 274
5 18 2
33 622
2 15 2
37 447
2 20 2
42 551
6 19 1
44
6 20 1
46
4 15 1
50
5 15 1
52
2 13 1
57
2 15 1
59
9 23 2
64 339
5 18 3
65 84 460
10 23 1
68
6 13 1
69
5 16 1
72
1 7 1
75
4 15 1
80
5 17 1
83
4 20 1
87
4 7 3
89 857 882
4 16 1
96
4 15 1
99
5 14 1
101
2 15 1
105
4 14 2
106 153
1 17 1
110
5 17 2
112 910
5 16 2
113 600
5 19 4
114 504 562 573
6 14 1
116
5 16 1
119
1 29 1
120
4 16 3
123 322 345
6 16 2
125 414
11 19 1
126
9 18 1
127
1 27 1
129
1 24 1
131
15 19 2
132 333
6 12 2
143 431
1 31 1
145
6 15 2
148 626
2 13 2
150 907
2 12 2
151 875
2 21 2
152 513
2 12 1
154
7 25 1
155
4 16 1
159
9 19 1
161
2 15 1
163
9 17 2
164 344
18 22 2
165 560
4 20 1
166
10 23 1
170
16 20 1
171
3 16 1
172
1 13 1
175
1 11 1
176
5 19 1
177
6 16 1
180
1 14 2
181 641
4 20 1
182
1 17 1
187
4 11 1
191
16 18 3
194 316 679
16 17 2
195 535
2 15 1
196
5 13 1
198
1 16 3
199 348 859
6 18 1
203
2 12 1
204
4 11 1
206
5 17 1
213
2 18 1
226
15 25 1
230
3 18 2
232 385
5 11 3
233 490 967
1 24 2
243 347
1 26 1
244
9 20 1
246
6 15 1
247
6 20 1
248
5 14 1
249
1 35 3
250 632 899
4 16 1
251
6 19 1
254
3 20 1
256
16 19 3
258 289 468
6 19 2
262 546
1 27 1
264
4 10 1
266
4 13 1
270
2 13 1
271
10 19 2
272 889
5 16 1
281
7 23 2
282 550
5 15 2
283 750
2 7 2
284 462
15 20 1
290
6 11 2
291 898
9 15 1
294
6 21 1
302
5 16 2
306 737
11 23 1
307
11 18 1
310
4 20 1
313
9 18 1
314
4 11 2
319 809
10 24 1
325
9 18 1
328
15 22 1
330
1 24 1
332
4 12 1
337
1 26 1
338
4 19 1
349
6 13 1
352
4 18 1
355
2 10 1
356
7 20 1
361
5 12 2
362 941
10 26 2
366 806
10 25 1
369
4 14 1
372
9 21 1
373
5 16 2
378 476
4 22 1
384
4 17 1
387
4 17 2
398 491
6 22 1
399
2 17 1
404
2 14 1
408
1 10 1
410
1 12 2
417 774
5 11 2
420 545
15 23 1
423
19 23 1
425
9 28 1
429
10 24 1
433
9 17 2
434 861
1 21 1
435
1 39 1
440
1 24 1
444
3 12 1
448
15 21 1
450
6 14 1
452
15 24 2
453 873
5 17 2
455 900
6 20 1
457
1 19 1
464
2 12 1
466
10 24 1
478
6 15 2
481 930
1 32 1
483
15 22 2
484 855
6 15 1
486
6 22 1
487
4 15 1
488
2 18 1
489
18 20 1
493
12 23 1
496
3 19 1
498
6 18 1
499
4 16 1
506
2 13 1
507
2 17 1
508
9 19 2
526 905
5 10 1
527
4 20 2
529 719
18 25 1
531
9 28 1
533
6 12 1
537
6 20 1
539
1 8 1
540
3 14 1
541
4 17 1
542
2 16 1
543
18 21 2
544 652
2 14 1
549
1 19 1
553
2 18 2
556 803
4 16 1
558
4 21 1
563
4 13 1
565
4 21 1
576
2 15 1
581
1 36 1
583
2 11 1
584
1 23 1
590
4 11 3
595 827 968
5 13 1
597
9 20 1
603
4 11 2
606 892
23 24 1
609
6 11 1
613
1 39 1
614
1 38 1
617
15 21 1
623
3 15 2
630 807
2 21 1
633
12 25 1
637
6 16 1
642
3 11 1
646
19 26 2
647 661
5 18 1
648
9 17 1
654
18 25 1
655
7 15 1
656
1 37 1
657
6 18 1
662
6 17 1
664
2 14 1
667
2 16 1
674
1 22 2
685 926
6 14 1
686
2 18 1
688
2 14 2
689 753
4 16 1
690
10 27 1
694
5 12 1
697
7 24 1
698
2 13 1
699
1 22 1
703
1 20 1
705
15 21 3
708 839 996
3 14 1
710
4 6 3
711 721 993
4 11 1
712
15 21 1
713
1 33 1
714
2 11 2
715 749
6 18 1
717
11 21 1
724
1 15 1
727
9 21 1
728
2 24 1
729
2 12 1
731
7 20 1
732
1 25 1
746
1 33 1
748
3 19 1
751
1 20 1
754
1 29 1
764
4 18 1
766
9 18 1
768
1 30 1
771
2 23 1
772
6 17 1
778
10 26 1
784
4 10 1
789
2 14 1
796
4 17 1
799
1 15 1
801
1 29 1
811
6 15 1
812
1 34 1
815
1 19 1
821
6 20 2
823 850
12 22 1
829
7 21 1
830
15 20 1
835
6 14 1
836
6 16 1
837
2 18 1
846
1 18 1
866
1 15 1
869
4 21 1
870
6 20 1
872
6 19 2
884 955
1 18 1
887
7 21 1
890
6 9 1
901
1 12 1
902
1 34 1
906
5 19 1
908
1 19 1
912
1 14 1
916
3 15 1
917
6 21 1
924
2 19 1
925
1 35 1
932
2 13 1
936
6 15 1
940
6 15 2
942 969
2 19 1
947
15 18 1
948
6 14 1
949
2 7 1
952
9 16 1
953
1 24 1
970
1 26 1
973
6 15 1
974
12 20 1
975
4 10 1
988
7 20 1
990
16 21 1
991
2 17 1
992
1 30 1
994
1 8 1
998
