700 268 1085 47
19 13 12 29 22 11 18 39 26 20 30 12 14 33 33 32 35 11 16 34 34 32 35 23 22 12 32 17 23 36 11 21 14 23 26 32 36 37 12 22 27 39 24 40 14 13 31 12 30 40 22 34 17 29 28 22 40 11 35 24 27 39 17 25 35 21 35 36 36 34 29 32 14 40 22 18 38 19 38 26 37 25 39 13 21 39 33 11 37 39 35 35 32 16 15 19 40 30 40 11 38 20 19 17 25 31 35 29 36 13 39 35 25 34 31 26 28 35 13 14 14 22 27 32 37 32 21 11 33 30 13 36 12 30 27 16 23 38 15 12 11 39 39 39 24 29 27 23 40 21 31 36 32 34 21 24 38 23 13 12 27 34 28 29 29 22 32 21 14 19 11 36 11 32 31 26 13 30 35 26 12 31 24 27 35 32 36 40 19 33 32 34 38 26 12 20 39 34 32 27 38 14 17 37 32 25 15 40 19 13 40 23 19 28 26 15 21 29 30 14 30 29 21 32 26 13 11 25 14 30 26 27 35 40 18 17 29 28 11 33 20 37 36 40 16 36 39 24 37 13 11 20 22 17 18 15 33 36 19 29 15 33 32 12 22 36 29 28 14 21 37 36 25 13 27 30 19 38 27 23 21 21 40 14 13 13 24 38 25 32 12 18 28 37 19 35 20 31 37 12 21 33 11 35 18 27 26 18 22 38 33 13 27 17 29 35 17 18 21 22 18 27 27 14 29 38 24 16 11 31 36 29 15 24 26 25 39 17 39 16 31 31 40 28 17 35 29 18 18 25 40 21 23 24 31 25 37 23 17 26 30 28 12 18 21 24 28 36 11 20 36 15 32 13 23 21 32 33 39 12 32 38 18 34 18 38 40 28 31 38 12 28 18 28 36 22 11 20 13 26 30 36 34 29 34 34 38 27 36 12 23 21 16 20 18 26 37 26 27 18 13 15 21 17 13 16 11 17 27 15 30 27 31 27 16 21 34 36 31 18 32 18 12 28 26 25 30 14 23 40 34 21 33 26 28 35 34 32 14 12 13 17 27 25 30 31 23 31 26 32 19 36 18 24 34 24 20 18 18 36 18 31 39 20 36 26 19 32 36 40 29 21 28 14 19 30 24 12 36 21 12 17 23 28 17 11 32 40 19 29 35 38 34 21 17 22 32 37 18 35 14 32 34 39 13 36 29 31 39 34 28 15 36 40 38 24 13 24 39 16 40 37 25 35 11 31 25 39 26 31 26 20 24 11 14 40 15 26 28 30 16 35 24 18 15 36 18 39 34 16 17 15 11 31 13 40 11 12 39 20 22 27 33 34 26 11 15 36 20 12 11 22 26 26 13 39 25 16 15 34 35 28 23 19 39 11 35 19 38 12 36 34 38 17 26 40 26 27 19 14 32 14 39 17 28 32 30 24 37 15 11 36 15 35 25 29 28 24 15 12 14 19 27 38 19 11 29 26 36 14 35 26 37 16 25 22 17 34 17 22 16 19 22 27 36 11 22 33 19 35 34 24 11 35 40 33 34 37 36 29 14 16 25 20 13 38 11 22 18 20 23 32 23 30 21 29 12 37 28 24
9 3 2 19 12 1 8 29 16 10 20 2 4 23 23 22 25 1 6 24 24 22 25 13 12 2 22 7 13 26 1 11 4 13 16 22 26 27 2 12 17 29 14 30 4 3 21 2 20 30 12 24 7 19 18 12 30 1 25 14 17 29 7 15 25 11 25 26 26 24 19 22 4 30 12 8 28 9 28 16 27 15 29 3 11 29 23 1 27 29 25 25 22 6 5 9 30 20 30 1 28 10 9 7 15 21 25 19 26 3 29 25 15 24 21 16 18 25 3 4 4 12 17 22 27 22 11 1 23 20 3 26 2 20 17 6 13 28 5 2 1 29 29 29 14 19 17 13 30 11 21 26 22 24 11 14 28 13 3 2 17 24 18 19 19 12 22 11 4 9 1 26 1 22 21 16 3 20 25 16 2 21 14 17 25 22 26 30 9 23 22 24 28 16 2 10 29 24 22 17 28 4 7 27 22 15 5 30 9 3 30 13 9 18 16 5 11 19 20 4 20 19 11 22 16 3 1 15 4 20 16 17 25 30 8 7 19 18 1 23 10 27 26 30 6 26 29 14 27 3 1 10 12 7 8 5 23 26 9 19 5 23 22 2 12 26 19 18 4 11 27 26 15 3 17 20 9 28 17 13 11 11 30 4 3 3 14 28 15 22 2 8 18 27 9 25 10 21 27 2 11 23 1 25 8 17 16 8 12 28 23 3 17 7 19 25 7 8 11 12 8 17 17 4 19 28 14 6 1 21 26 19 5 14 16 15 29 7 29 6 21 21 30 18 7 25 19 8 8 15 30 11 13 14 21 15 27 13 7 16 20 18 2 8 11 14 18 26 1 10 26 5 22 3 13 11 22 23 29 2 22 28 8 24 8 28 30 18 21 28 2 18 8 18 26 12 1 10 3 16 20 26 24 19 24 24 28 17 26 2 13 11 6 10 8 16 27 16 17 8 3 5 11 7 3 6 1 7 17 5 20 17 21 17 6 11 24 26 21 8 22 8 2 18 16 15 20 4 13 30 24 11 23 16 18 25 24 22 4 2 3 7 17 15 20 21 13 21 16 22 9 26 8 14 24 14 10 8 8 26 8 21 29 10 26 16 9 22 26 30 19 11 18 4 9 20 14 2 26 11 2 7 13 18 7 1 22 30 9 19 25 28 24 11 7 12 22 27 8 25 4 22 24 29 3 26 19 21 29 24 18 5 26 30 28 14 3 14 29 6 30 27 15 25 1 21 15 29 16 21 16 10 14 1 4 30 5 16 18 20 6 25 14 8 5 26 8 29 24 6 7 5 1 21 3 30 1 2 29 10 12 17 23 24 16 1 5 26 10 2 1 12 16 16 3 29 15 6 5 24 25 18 13 9 29 1 25 9 28 2 26 24 28 7 16 30 16 17 9 4 22 4 29 7 18 22 20 14 27 5 1 26 5 25 15 19 18 14 5 2 4 9 17 28 9 1 19 16 26 4 25 16 27 6 15 12 7 24 7 12 6 9 12 17 26 1 12 23 9 25 24 14 1 25 30 23 24 27 26 19 4 6 15 10 3 28 1 12 8 10 13 22 13 20 11 19 2 27 18 14
0 8 1
446
0 11 4
670 186 270 643
0 11 4
663 162 330 135
1 8 9
34 8 76 236 259 684 64 92 621
7 13 14
545 459 511 208 563 367 194 142 302 146 568 101 383 134
2 8 14
297 152 227 201 591 410 52 38 652 624 625 468 184 132
1 5 16
57 547 143 458 556 74 282 587 526 274 291 306 690 642 90 473
0 1 19
437 593 124 427 382 278 605 96 228 520 682 359 604 538 403 515 654 225 173
5 14 12
637 482 662 425 691 683 91 117 518 43 462 562
0 5 6
449 46 354 13 50 79
6 12 12
487 168 512 555 647 25 309 290 439 390 94 147
5 8 23
68 422 490 10 628 622 231 584 148 499 429 407 533 380 351 509 300 352 331 248 665 466 116
6 10 21
103 489 612 39 479 362 237 649 423 125 345 307 418 692 80 262 212 22 181 198 171
2 8 10
275 529 48 579 374 260 242 150 87 614
0 11 4
344 232 83 219
1 12 8
414 460 100 661 192 45 210 485
2 4 20
373 493 131 471 215 77 477 480 110 448 537 70 289 514 205 668 119 95 650 361
6 11 19
221 298 581 495 510 189 122 296 636 453 544 463 638 104 145 243 27 67 187
0 5 4
170 6 60 254
1 13 6
239 364 123 4 610 494
2 5 22
98 32 685 271 696 365 318 314 450 19 283 218 58 21 623 113 158 540 528 664 319 251
2 7 17
536 433 517 61 107 263 326 185 575 293 428 394 159 694 250 233 508
1 15 4
141 687 230 193
4 13 10
589 133 252 474 443 0 412 441 695 5
0 27 2
522 56
3 8 13
81 82 105 268 59 693 102 583 180 454 376 114 659
0 9 1
392
0 18 3
108 456 128
0 14 2
190 121
0 10 3
258 677 53
1 6 12
353 246 492 93 445 470 303 78 640 357 346 311
0 4 9
196 507 413 656 36 504 483 447 436
0 2 15
396 576 561 542 235 42 277 395 501 55 646 44 574 213 229
0 2 14
223 430 17 607 175 401 126 578 596 285 435 323 411 378
2 11 9
417 15 461 31 370 699 570 534 176
7 13 15
280 674 182 475 549 653 371 399 660 476 550 16 590 558 129
3 6 20
524 322 72 195 151 266 572 626 554 577 281 639 334 26 272 595 33 559 321 267
0 4 7
209 332 244 404 238 169 645
1 10 6
23 379 51 601 552 609
5 18 2
1 598
10 21 1
2
6 15 1
3
9 18 1
7
2 12 1
9
1 10 2
11 257
4 21 2
12 381
1 16 2
14 130
3 21 1
18
4 10 1
20
4 23 1
24
6 15 1
28
2 6 2
29 174
1 16 1
30
1 3 1
35
1 9 4
37 599 603 669
3 15 1
40
1 10 1
41
3 15 2
47 342
12 23 1
49
1 18 1
54
3 18 1
62
6 21 1
63
3 13 1
65
6 18 3
66 348 358
1 12 1
69
4 20 2
71 440
1 15 1
73
6 17 1
75
1 18 1
84
1 9 1
85
4 17 1
86
4 19 1
88
4 25 1
89
2 22 2
97 506
2 16 1
99
7 19 1
106
2 35 1
109
1 27 1
111
1 7 3
112 308 486
9 19 2
115 689
1 11 2
118 634
4 18 1
120
1 13 2
127 519
1 7 2
136 324
8 24 1
137
8 21 1
138
12 25 1
139
5 16 2
140 294
1 16 2
144 676
4 15 1
149
1 22 1
153
1 10 2
154 397
15 24 2
155 164
4 15 1
156
8 22 1
157
2 7 1
160
1 15 2
161 220
2 13 2
163 165
4 24 3
166 402 565
3 25 1
167
5 28 1
172
1 15 1
177
1 15 1
178
4 12 1
179
1 10 3
183 431 541
3 19 1
188
1 17 1
191
1 9 2
197 686
5 12 2
199 284
4 16 1
200
1 14 1
202
2 38 1
203
4 18 2
204 400
4 16 1
206
1 15 1
207
1 7 1
211
3 16 1
214
3 18 2
216 451
6 15 1
217
5 21 2
222 564
1 13 1
224
3 12 2
226 641
2 35 1
234
4 31 1
240
1 18 1
241
1 17 2
245 310
1 11 1
247
4 18 1
249
4 21 1
253
4 14 2
255 600
1 19 1
256
5 18 2
261 681
1 9 1
264
3 10 4
265 366 551 633
1 8 1
269
1 21 1
273
1 8 1
276
6 16 2
279 420
6 20 2
286 478
1 6 2
287 531
1 36 1
288
5 24 1
292
5 22 1
295
4 12 2
299 532
6 16 2
301 546
5 17 1
304
2 24 1
305
4 12 1
312
3 17 1
313
2 10 1
315
1 14 1
316
6 18 1
317
1 3 1
320
4 22 3
325 527 627
9 22 2
327 481
10 21 1
328
9 20 1
329
12 27 1
333
4 20 1
335
1 21 1
336
3 10 1
337
4 29 1
338
1 15 1
339
4 19 1
340
5 28 1
341
1 16 1
343
2 10 1
347
3 13 1
349
6 18 1
350
7 17 1
355
2 7 1
356
2 13 1
360
3 24 1
363
3 18 3
368 398 635
3 20 1
369
2 17 1
372
1 24 1
375
1 12 1
377
5 26 1
384
2 35 1
385
1 6 2
386 569
7 19 1
387
6 16 2
388 672
1 19 1
389
1 16 1
391
2 25 2
393 688
12 26 1
405
1 23 1
406
1 12 2
408 619
6 21 1
409
3 19 1
415
4 22 3
416 566 608
5 20 1
419
5 23 1
421
4 12 1
424
5 11 1
426
7 17 1
432
1 17 1
434
1 22 1
438
6 20 1
442
1 20 1
444
4 26 1
452
1 12 1
455
3 11 1
457
5 18 1
464
8 19 1
465
3 20 1
467
1 19 1
469
4 22 1
472
2 18 1
484
4 29 1
488
1 9 1
491
4 32 1
496
1 13 1
497
4 25 2
498 613
1 22 1
500
6 16 1
502
4 30 1
503
1 22 1
505
9 16 1
513
5 20 1
516
4 23 1
521
3 13 1
523
12 24 1
525
1 13 1
530
1 20 1
535
6 14 1
539
2 29 1
543
12 27 1
548
2 15 1
553
1 15 1
557
3 20 1
560
1 15 1
567
2 8 1
571
1 9 1
573
1 8 1
580
6 14 1
582
1 11 2
585 632
1 24 1
586
1 16 1
588
6 22 1
592
1 16 1
594
3 21 1
597
1 24 1
602
4 10 1
606
4 29 1
611
4 25 1
615
9 21 2
616 648
1 9 1
617
1 9 1
618
4 17 1
620
5 25 1
629
7 14 1
630
5 18 1
631
3 20 1
644
7 16 1
651
4 31 1
655
5 16 1
657
1 11 2
658 675
5 19 1
666
6 21 1
667
2 13 1
671
1 14 1
673
6 16 1
678
7 16 1
679
1 10 1
680
4 12 1
697
1 6 1
698
