300 135 465 20
12 31 39 21 25 11 14 26 28 13 13 35 22 13 16 40 12 25 31 37 31 15 19 25 31 28 30 32 36 22 16 38 22 28 18 36 33 21 36 28 40 15 22 20 22 35 24 36 20 27 35 32 26 15 39 28 19 26 15 23 12 21 32 29 30 21 16 12 25 13 25 37 22 14 40 27 12 22 22 33 32 23 30 13 25 16 28 18 39 35 14 28 28 40 24 13 37 13 12 29 21 24 20 20 19 38 12 18 29 11 13 20 19 16 35 28 25 33 20 37 22 33 35 40 19 25 24 40 13 24 14 19 39 28 30 14 18 25 31 31 29 32 19 13 14 31 33 11 14 26 33 13 26 12 28 12 38 23 34 11 37 11 30 19 21 40 14 22 17 15 20 13 25 32 20 31 24 12 19 16 14 34 30 17 16 23 11 37 17 22 40 23 27 16 25 39 35 34 28 38 18 37 35 13 13 24 23 36 31 40 36 13 14 21 37 29 16 21 11 14 21 11 34 15 32 15 16 13 34 33 30 27 29 34 30 39 39 11 34 29 34 39 17 23 22 11 29 40 22 20 14 31 37 26 37 21 34 22 26 11 38 13 40 16 20 32 40 32 37 30 12 25 26 31 36 23 21 14 23 24 17 32 22 30 25 16 17 21 17 38 13 40 35 23 28 24 19 32 35 28
2 21 29 11 15 1 4 16 18 3 3 25 12 3 6 30 2 15 21 27 21 5 9 15 21 18 20 22 26 12 6 28 12 18 8 26 23 11 26 18 30 5 12 10 12 25 14 26 10 17 25 22 16 5 29 18 9 16 5 13 2 11 22 19 20 11 6 2 15 3 15 27 12 4 30 17 2 12 12 23 22 13 20 3 15 6 18 8 29 25 4 18 18 30 14 3 27 3 2 19 11 14 10 10 9 28 2 8 19 1 3 10 9 6 25 18 15 23 10 27 12 23 25 30 9 15 14 30 3 14 4 9 29 18 20 4 8 15 21 21 19 22 9 3 4 21 23 1 4 16 23 3 16 2 18 2 28 13 24 1 27 1 20 9 11 30 4 12 7 5 10 3 15 22 10 21 14 2 9 6 4 24 20 7 6 13 1 27 7 12 30 13 17 6 15 29 25 24 18 28 8 27 25 3 3 14 13 26 21 30 26 3 4 11 27 19 6 11 1 4 11 1 24 5 22 5 6 3 24 23 20 17 19 24 20 29 29 1 24 19 24 29 7 13 12 1 19 30 12 10 4 21 27 16 27 11 24 12 16 1 28 3 30 6 10 22 30 22 27 20 2 15 16 21 26 13 11 4 13 14 7 22 12 20 15 6 7 11 7 28 3 30 25 13 18 14 9 22 25 18
0 4 6
38 36 214 56 47 43
1 10 5
72 117 21 245 30
0 19 1
181
2 9 8
297 242 122 255 163 262 264 200
1 10 4
18 121 185 266
1 7 6
279 41 90 259 177 226
0 14 2
109 96
1 9 6
240 34 88 103 76 174
1 16 4
70 15 239 140
1 14 4
59 54 207 187
3 8 12
241 249 184 197 37 104 29 68 136 199 135 224
1 10 5
52 105 27 81 271
0 3 9
91 25 101 170 24 57 22 257 100
0 16 3
293 85 238
1 14 3
299 113 139
2 9 10
270 236 49 158 208 298 102 230 7 258
0 10 3
253 17 159
1 12 6
119 51 97 16 209 74
0 5 4
219 231 130 172
0 6 6
147 118 252 235 183 186
1 7 10
134 129 78 50 55 276 287 69 138 222
2 7 9
4 84 178 211 206 44 179 106 234
1 17 3
267 95 64
0 9 4
195 275 296 232
0 7 2
32 155
0 5 6
67 82 168 244 190 278
0 14 2
12 132
3 10 10
10 294 86 1 217 283 133 171 98 188
1 7 8
94 227 295 167 165 256 148 291
0 7 4
280 126 228 28
3 12 6
99 8 164 13 11 128
0 9 2
46 225
2 12 7
237 73 153 268 61 162 3
3 12 8
220 149 193 176 19 92 180 143
2 17 4
107 123 35 273
1 28 1
0
3 19 1
2
3 21 1
5
1 16 1
6
2 21 1
9
1 17 3
14 243 260
1 16 1
20
3 33 1
23
2 33 1
26
3 24 1
31
3 17 2
33 274
1 24 1
39
1 12 1
40
1 17 1
42
3 22 1
45
1 14 1
48
1 10 1
53
3 28 1
58
1 19 1
60
3 17 1
62
2 33 1
63
3 16 1
65
3 21 1
66
3 26 1
71
1 26 1
75
4 23 1
77
1 13 2
79 215
1 9 1
80
3 14 1
83
1 21 1
87
3 24 1
89
2 26 1
93
3 14 1
108
4 18 1
110
3 21 2
111 198
1 18 1
112
3 23 1
114
1 8 1
115
1 13 1
116
2 19 1
120
3 26 2
124 277
1 12 1
125
3 19 1
127
1 16 1
131
1 28 1
137
1 14 1
141
5 22 1
142
3 19 1
144
4 21 1
145
1 26 1
146
3 26 1
150
1 15 1
151
2 28 1
152
1 10 1
154
1 18 1
156
2 23 1
157
3 29 1
160
1 10 1
161
1 18 1
166
1 13 1
169
4 26 1
173
4 18 1
175
1 19 1
182
1 23 1
189
3 20 1
191
1 20 1
192
1 24 1
194
2 21 1
196
2 31 1
201
3 19 1
202
3 16 1
203
1 24 1
204
5 17 1
205
1 11 2
210 284
3 16 1
212
1 19 1
213
1 11 1
216
1 17 1
218
1 19 1
221
3 20 1
223
5 27 1
229
3 24 2
233 265
1 15 1
246
4 21 1
247
1 10 1
248
1 20 1
250
1 12 1
251
1 18 1
254
2 24 1
261
1 21 1
263
1 19 1
269
1 29 1
272
3 17 1
281
1 17 1
282
1 14 1
285
5 27 1
286
3 19 1
288
1 19 1
289
1 21 1
290
3 21 1
292
