700 279 1085 47
12 32 27 33 28 23 13 30 13 34 23 14 36 35 19 24 28 20 29 13 12 18 14 28 35 30 29 40 13 38 32 27 27 22 29 29 34 28 26 25 40 25 18 39 16 20 19 19 20 15 34 16 21 22 27 17 22 33 23 36 38 30 40 39 26 20 20 13 24 20 20 29 12 21 27 30 30 14 11 21 13 21 21 22 29 13 28 36 34 26 27 16 16 20 22 13 24 34 30 11 20 17 30 17 19 21 18 26 16 32 29 37 36 19 12 35 36 34 30 28 33 21 17 36 34 17 37 34 30 38 19 38 30 33 35 14 27 25 35 26 36 16 15 18 33 19 29 35 17 33 24 12 21 25 30 34 34 22 32 33 36 24 12 19 38 11 36 20 21 11 31 28 19 14 12 12 24 28 15 16 27 13 22 21 18 16 33 21 27 18 12 19 21 15 20 18 33 40 31 37 36 17 32 32 24 26 34 19 32 24 14 21 30 24 12 27 39 15 26 11 26 25 22 30 27 35 18 32 32 38 19 25 19 21 13 40 14 16 32 30 22 18 14 14 29 33 25 33 25 20 33 26 26 32 30 39 23 20 21 25 28 17 29 35 16 16 19 34 25 37 13 12 39 31 35 39 18 18 17 26 16 23 33 15 17 14 14 23 32 34 19 21 18 30 16 40 11 21 32 20 35 25 18 28 27 29 22 29 31 32 13 26 19 38 24 16 19 38 37 21 29 31 16 40 11 40 23 29 26 29 34 21 11 17 13 32 20 27 13 30 16 40 26 33 25 11 21 40 17 17 13 32 19 22 16 36 37 30 36 37 12 27 28 37 22 28 25 25 12 34 40 37 19 31 27 22 19 33 11 37 11 18 37 37 24 20 29 19 37 18 12 25 38 11 12 38 29 15 24 32 40 26 15 35 20 38 22 16 15 35 39 26 40 29 21 24 28 24 17 31 13 29 36 31 34 30 12 37 11 30 28 21 40 22 22 31 24 33 21 28 16 16 33 40 23 15 14 12 33 23 11 35 17 15 11 18 28 30 12 28 14 15 37 21 12 13 11 20 19 11 36 25 26 24 39 37 19 37 13 38 27 31 36 21 21 36 25 36 27 18 34 29 23 32 26 40 29 39 21 36 23 30 38 14 28 23 18 30 17 29 27 26 19 21 20 12 16 35 18 25 19 22 14 38 29 19 31 11 21 20 21 12 33 36 19 29 26 30 16 38 14 31 12 30 21 20 14 27 22 13 12 34 32 23 33 17 19 36 38 25 39 14 24 33 24 29 39 20 33 12 39 22 14 31 11 27 20 29 35 25 22 28 34 16 15 31 11 14 25 30 20 38 12 12 22 30 23 30 24 21 28 40 39 28 34 14 11 23 27 19 20 29 40 25 22 38 24 40 18 30 34 32 37 22 16 16 16 25 20 12 39 21 30 21 24 22 39 25 37 28 33 18 39 30 22 37 11 28 25 37 32 32 34 19 17 26 31 14 37 20 22 38 27 36 14 34 37 30 14 12 35 29 22 33 27 24 25 29 37 16 22 27 25 23 21 38 27 35 24 18 13 14 22 19 28 25 14 36 30 12
2 22 17 23 18 13 3 20 3 24 13 4 26 25 9 14 18 10 19 3 2 8 4 18 25 20 19 30 3 28 22 17 17 12 19 19 24 18 16 15 30 15 8 29 6 10 9 9 10 5 24 6 11 12 17 7 12 23 13 26 28 20 30 29 16 10 10 3 14 10 10 19 2 11 17 20 20 4 1 11 3 11 11 12 19 3 18 26 24 16 17 6 6 10 12 3 14 24 20 1 10 7 20 7 9 11 8 16 6 22 19 27 26 9 2 25 26 24 20 18 23 11 7 26 24 7 27 24 20 28 9 28 20 23 25 4 17 15 25 16 26 6 5 8 23 9 19 25 7 23 14 2 11 15 20 24 24 12 22 23 26 14 2 9 28 1 26 10 11 1 21 18 9 4 2 2 14 18 5 6 17 3 12 11 8 6 23 11 17 8 2 9 11 5 10 8 23 30 21 27 26 7 22 22 14 16 24 9 22 14 4 11 20 14 2 17 29 5 16 1 16 15 12 20 17 25 8 22 22 28 9 15 9 11 3 30 4 6 22 20 12 8 4 4 19 23 15 23 15 10 23 16 16 22 20 29 13 10 11 15 18 7 19 25 6 6 9 24 15 27 3 2 29 21 25 29 8 8 7 16 6 13 23 5 7 4 4 13 22 24 9 11 8 20 6 30 1 11 22 10 25 15 8 18 17 19 12 19 21 22 3 16 9 28 14 6 9 28 27 11 19 21 6 30 1 30 13 19 16 19 24 11 1 7 3 22 10 17 3 20 6 30 16 23 15 1 11 30 7 7 3 22 9 12 6 26 27 20 26 27 2 17 18 27 12 18 15 15 2 24 30 27 9 21 17 12 9 23 1 27 1 8 27 27 14 10 19 9 27 8 2 15 28 1 2 28 19 5 14 22 30 16 5 25 10 28 12 6 5 25 29 16 30 19 11 14 18 14 7 21 3 19 26 21 24 20 2 27 1 20 18 11 30 12 12 21 14 23 11 18 6 6 23 30 13 5 4 2 23 13 1 25 7 5 1 8 18 20 2 18 4 5 27 11 2 3 1 10 9 1 26 15 16 14 29 27 9 27 3 28 17 21 26 11 11 26 15 26 17 8 24 19 13 22 16 30 19 29 11 26 13 20 28 4 18 13 8 20 7 19 17 16 9 11 10 2 6 25 8 15 9 12 4 28 19 9 21 1 11 10 11 2 23 26 9 19 16 20 6 28 4 21 2 20 11 10 4 17 12 3 2 24 22 13 23 7 9 26 28 15 29 4 14 23 14 19 29 10 23 2 29 12 4 21 1 17 10 19 25 15 12 18 24 6 5 21 1 4 15 20 10 28 2 2 12 20 13 20 14 11 18 30 29 18 24 4 1 13 17 9 10 19 30 15 12 28 14 30 8 20 24 22 27 12 6 6 6 15 10 2 29 11 20 11 14 12 29 15 27 18 23 8 29 20 12 27 1 18 15 27 22 22 24 9 7 16 21 4 27 10 12 28 17 26 4 24 27 20 4 2 25 19 12 23 17 14 15 19 27 6 12 17 15 13 11 28 17 25 14 8 3 4 12 9 18 15 4 26 20 2
4 7 20
454 381 629 12 623 524 173 552 676 572 559 212 484 503 500 335 633 601 209 543
1 3 15
383 113 685 505 463 318 632 645 435 422 280 444 67 593 242
0 4 9
110 392 394 697 236 284 18 336 303
1 6 5
330 452 340 190 514
0 10 2
349 607
0 2 11
525 14 11 515 307 638 443 694 380 479 551
1 6 11
210 37 589 622 423 611 159 223 161 342 683
0 5 3
221 420 332
6 10 17
605 591 502 51 436 260 314 370 674 248 427 172 354 550 416 299 473
7 11 21
121 88 495 32 144 486 695 548 253 279 478 542 165 256 5 13 233 631 228 264 642
6 12 16
138 547 475 84 156 532 428 661 581 534 684 415 553 321 425 4
1 12 5
102 259 598 2 275
2 13 7
196 85 217 440 568 339 663
8 12 21
366 177 324 145 55 298 308 25 357 588 202 497 677 130 186 680 398 686 305 229 147
7 12 14
292 153 271 72 673 15 306 384 379 691 282 665 270 135
5 8 16
640 482 272 316 580 61 48 289 620 100 33 402 571 447 404 594
0 13 4
413 485 385 621
0 6 5
690 433 127 596 445
1 12 7
213 615 466 143 227 261 399
0 7 4
635 414 469 266
0 15 1
509
0 8 3
230 617 26
0 10 4
554 453 606 507
3 8 9
216 460 374 338 331 458 283 393 73
2 12 8
488 437 106 560 363 150 122 561
0 5 6
513 341 355 149 83 123
1 10 7
107 431 309 405 409 92 569
9 13 17
348 406 58 625 624 562 578 154 692 429 225 646 356 530 218 258 22
5 12 16
36 116 438 185 630 35 208 134 637 300 325 643 555 450 226 64
0 3 13
659 650 288 536 391 175 241 657 696 105 132 40 252
0 6 9
178 529 520 158 424 199 273 361 205
9 11 20
511 666 155 389 522 462 626 417 66 16 455 19 79 390 418 352 344 442 187 20
2 8 14
517 506 146 243 269 373 508 651 649 675 612 29 326 86
1 7 8
60 369 10 87 512 451 474 176
0 3 17
371 564 183 235 111 671 255 670 52 687 93 459 238 563 28 301 180
2 6 11
682 188 689 681 397 693 166 540 573 42 328
8 11 22
313 267 358 359 170 224 214 600 584 276 194 118 182 68 465 108 558 526 117 247 539 302
8 20 1
0
1 13 1
1
5 24 1
3
3 15 3
6 8 234
5 20 2
7 412
6 14 1
9
2 14 1
17
6 15 1
21
1 13 2
23 528
1 16 2
24 468
2 14 1
27
15 24 1
30
3 14 1
31
3 19 1
34
2 13 2
38 323
5 15 1
39
3 22 1
41
5 19 1
43
3 16 2
44 50
8 16 1
45
3 9 2
46 566
5 23 1
47
4 17 2
49 222
5 21 1
53
2 15 2
54 587
1 26 2
56 249
5 19 1
57
2 13 1
59
3 15 2
62 487
2 17 2
63 347
18 23 3
65 163 211
1 7 1
69
9 18 2
70 263
1 12 1
71
2 21 1
74
15 25 1
75
5 20 2
76 634
2 10 1
77
5 15 1
78
2 18 1
80
1 15 1
81
5 23 2
82 137
2 14 1
89
2 21 2
90 251
6 17 2
91 239
1 25 1
94
2 13 1
95
5 18 2
96 98
2 25 1
97
2 18 1
99
6 18 1
101
5 14 1
103
5 25 1
104
15 24 1
109
6 18 1
112
2 16 1
114
2 11 1
115
2 13 2
119 531
2 24 2
120 533
4 21 1
124
2 15 2
125 419
5 13 2
126 426
1 17 1
128
5 23 1
129
1 16 2
131 678
3 14 3
133 244 401
3 15 1
136
3 11 1
139
1 18 1
140
1 11 1
141
5 16 2
142 501
3 12 1
148
1 5 1
151
1 21 2
152 545
2 21 1
157
1 12 1
160
1 12 1
162
1 7 1
164
3 15 2
167 274
1 8 1
168
1 13 1
169
5 19 1
171
3 13 1
174
1 8 1
179
3 17 1
181
3 13 1
184
2 13 1
189
15 23 2
191 206
3 20 1
192
3 18 1
193
1 11 1
195
5 14 1
197
1 12 2
198 577
18 25 2
200 262
1 8 1
201
2 9 2
203 476
2 18 1
204
6 20 1
207
2 9 1
215
2 15 2
219 387
2 14 1
220
1 23 1
231
3 16 1
232
6 19 1
237
4 18 1
240
2 18 1
245
2 10 2
246 698
15 23 2
250 294
4 22 2
254 592
1 11 1
257
3 17 2
265 304
5 26 2
268 382
6 13 1
277
9 17 1
278
15 23 1
281
2 13 1
285
1 23 1
286
3 19 1
287
1 16 2
290 654
13 20 1
291
17 21 2
293 510
1 9 2
295 652
1 12 2
296 407
9 20 1
297
15 22 1
310
1 11 1
311
13 23 2
312 322
2 15 1
315
2 9 1
317
1 8 1
319
1 8 1
320
1 18 1
327
2 9 2
329 658
3 14 1
333
13 24 1
334
2 13 1
337
1 17 1
343
2 15 3
345 618 627
13 21 1
346
2 9 1
350
5 17 1
351
2 18 1
353
3 19 1
360
1 13 1
362
1 13 2
364 537
1 8 2
365 490
3 19 1
367
2 24 1
368
1 13 1
372
5 13 1
375
1 11 1
376
9 19 2
377 439
1 10 1
378
1 18 1
386
1 28 1
388
5 22 1
395
5 18 1
396
5 24 1
400
15 24 1
403
2 19 1
408
2 17 1
410
13 24 2
411 667
1 16 1
421
3 24 1
430
1 5 1
432
3 21 1
434
3 21 1
441
3 14 1
446
1 10 1
448
1 14 1
449
4 17 1
456
2 21 1
457
5 17 1
461
3 13 1
464
3 18 1
467
13 25 2
470 494
2 12 1
471
5 18 1
472
2 9 1
477
6 20 1
480
2 15 1
481
1 17 2
483 608
4 22 1
489
8 19 1
491
2 13 1
492
6 16 2
493 688
1 12 1
496
1 12 1
498
1 20 2
499 556
1 17 1
504
2 10 2
516 583
8 18 1
518
13 23 1
519
6 18 1
521
2 14 1
523
1 12 1
527
3 22 1
535
13 18 1
538
6 19 1
541
22 24 1
544
2 18 1
546
3 18 1
549
5 18 1
557
5 14 1
565
9 19 1
567
2 19 1
570
6 20 1
574
5 24 1
575
8 21 1
576
5 25 1
579
2 17 1
582
2 11 1
585
3 16 1
586
2 16 1
590
2 14 1
595
2 9 1
597
4 18 1
599
2 15 2
602 614
16 23 1
603
4 22 1
604
2 26 1
609
15 23 2
610 613
2 11 1
616
8 19 1
619
1 16 1
628
3 18 1
636
3 13 1
639
5 24 1
641
8 19 1
644
5 19 1
647
15 22 1
648
5 20 1
653
1 7 1
655
3 19 1
656
5 18 1
660
1 15 1
662
2 14 1
664
4 22 1
668
13 19 1
669
13 19 1
672
2 18 1
679
1 22 1
699
