1000 348 1550 67
33 40 25 16 22 18 39 38 13 28 37 15 36 27 19 25 20 31 21 28 17 16 17 31 28 18 40 32 40 35 17 31 26 39 15 36 13 12 29 35 21 20 31 17 29 29 16 36 38 36 16 17 17 30 40 22 15 39 19 28 31 31 29 32 22 13 24 21 11 32 26 33 13 18 28 24 29 15 30 15 15 22 38 24 17 33 33 32 20 32 31 36 31 29 22 20 37 31 26 22 26 37 13 35 27 11 40 23 38 24 26 26 28 37 38 18 16 19 39 27 34 29 24 31 15 33 33 35 22 17 26 29 33 40 25 39 27 12 29 19 39 20 38 12 18 31 20 25 38 17 22 18 38 31 18 30 16 15 18 13 24 22 21 14 39 27 20 12 31 38 34 40 11 19 22 17 12 34 23 20 13 22 21 19 15 36 30 26 17 31 21 13 27 39 29 17 28 36 36 26 12 21 36 27 22 29 40 15 19 20 33 14 27 37 29 37 37 34 31 15 32 25 30 36 19 31 25 24 26 15 40 23 34 29 24 40 37 31 24 39 40 12 31 11 18 34 31 33 28 30 27 39 19 13 18 32 19 24 12 39 20 25 26 11 20 34 30 13 34 35 18 15 29 37 30 36 36 13 22 21 16 22 33 16 13 19 17 20 18 23 39 13 12 34 22 28 22 11 11 39 36 13 32 33 27 14 40 11 17 26 11 18 25 26 36 37 34 34 21 19 35 35 29 13 23 39 38 25 23 23 24 36 33 23 34 12 30 17 20 18 12 36 13 15 26 26 34 21 36 17 19 32 27 15 33 12 29 25 37 17 22 24 23 12 31 36 18 18 37 30 38 23 11 26 11 15 33 31 26 35 15 35 21 17 40 13 15 40 14 14 33 11 38 36 30 40 30 16 38 18 29 32 38 17 17 14 33 13 26 22 19 35 30 14 31 32 28 40 29 35 38 15 18 20 37 20 38 35 11 40 23 34 15 38 37 17 30 37 15 23 33 22 33 22 20 33 37 24 11 34 23 27 13 33 12 19 34 26 11 24 23 32 20 24 34 13 35 35 26 28 14 15 13 14 30 11 29 29 36 26 35 27 20 20 12 36 13 37 20 24 38 21 17 30 40 26 26 39 39 20 13 19 32 30 30 35 17 29 27 40 34 24 22 40 38 31 19 19 33 35 19 38 16 21 31 30 21 11 36 18 23 13 27 32 17 19 30 32 32 39 37 14 30 21 13 31 17 25 39 29 27 24 13 34 19 40 27 28 30 32 25 39 24 14 15 13 29 31 35 28 27 40 20 36 23 33 14 32 11 12 40 32 38 36 12 20 30 31 16 34 14 14 11 32 36 21 12 20 25 39 21 30 36 40 35 16 34 40 34 31 38 14 14 40 18 11 29 27 11 33 31 15 36 23 21 16 20 29 18 18 15 15 39 40 23 28 14 35 35 35 26 32 35 20 13 25 22 31 40 34 40 31 31 28 35 28 19 30 27 30 30 20 29 37 18 36 31 25 11 38 23 30 25 23 18 22 39 29 40 30 36 38 25 27 13 33 29 11 40 30 31 31 37 27 27 37 23 14 18 22 23 26 39 39 14 38 16 36 28 38 40 33 32 17 14 24 36 29 36 27 18 38 36 16 36 17 18 33 15 32 36 36 23 12 18 25 16 35 11 21 33 13 37 21 26 15 33 19 36 13 14 14 35 20 17 11 19 15 31 20 35 16 26 31 18 16 26 30 24 34 18 25 40 19 13 36 37 36 31 25 18 33 16 17 23 14 11 22 17 21 31 27 40 27 30 40 11 19 25 29 27 25 31 21 15 12 36 20 35 35 32 14 30 23 38 21 24 18 15 38 13 34 36 26 13 33 19 23 35 24 28 15 13 16 23 11 20 36 17 11 22 39 33 33 36 35 28 21 34 34 31 39 12 37 38 23 27 14 17 15 36 29 35 19 28 13 23 26 28 15 40 25 34 21 17 30 17 16 21 17 37 19 24 25 21 26 18 11 38 27 30 22 23 28 26 16 40 23 18 28 32 17 27 29 22 28 31 17 26 34 26 25 16 11 14 21 35 32 30 38 24 24 24 25 30 22 13 19 12 19 38 31 33 30 36 19 30 32 14 35 12 16 23 18 15 22 31 19 36 11 39 14 18 11 27 35 32 37 31 39 31 29 17 21 11 31 12 33 11 23 15 36 25 24 12 30 12 28 27 31 16 28 11 40 23 15 20 35 15 27 16 31 24 26 21 22 33 29 39 26
23 30 15 6 12 8 29 28 3 18 27 5 26 17 9 15 10 21 11 18 7 6 7 21 18 8 30 22 30 25 7 21 16 29 5 26 3 2 19 25 11 10 21 7 19 19 6 26 28 26 6 7 7 20 30 12 5 29 9 18 21 21 19 22 12 3 14 11 1 22 16 23 3 8 18 14 19 5 20 5 5 12 28 14 7 23 23 22 10 22 21 26 21 19 12 10 27 21 16 12 16 27 3 25 17 1 30 13 28 14 16 16 18 27 28 8 6 9 29 17 24 19 14 21 5 23 23 25 12 7 16 19 23 30 15 29 17 2 19 9 29 10 28 2 8 21 10 15 28 7 12 8 28 21 8 20 6 5 8 3 14 12 11 4 29 17 10 2 21 28 24 30 1 9 12 7 2 24 13 10 3 12 11 9 5 26 20 16 7 21 11 3 17 29 19 7 18 26 26 16 2 11 26 17 12 19 30 5 9 10 23 4 17 27 19 27 27 24 21 5 22 15 20 26 9 21 15 14 16 5 30 13 24 19 14 30 27 21 14 29 30 2 21 1 8 24 21 23 18 20 17 29 9 3 8 22 9 14 2 29 10 15 16 1 10 24 20 3 24 25 8 5 19 27 20 26 26 3 12 11 6 12 23 6 3 9 7 10 8 13 29 3 2 24 12 18 12 1 1 29 26 3 22 23 17 4 30 1 7 16 1 8 15 16 26 27 24 24 11 9 25 25 19 3 13 29 28 15 13 13 14 26 23 13 24 2 20 7 10 8 2 26 3 5 16 16 24 11 26 7 9 22 17 5 23 2 19 15 27 7 12 14 13 2 21 26 8 8 27 20 28 13 1 16 1 5 23 21 16 25 5 25 11 7 30 3 5 30 4 4 23 1 28 26 20 30 20 6 28 8 19 22 28 7 7 4 23 3 16 12 9 25 20 4 21 22 18 30 19 25 28 5 8 10 27 10 28 25 1 30 13 24 5 28 27 7 20 27 5 13 23 12 23 12 10 23 27 14 1 24 13 17 3 23 2 9 24 16 1 14 13 22 10 14 24 3 25 25 16 18 4 5 3 4 20 1 19 19 26 16 25 17 10 10 2 26 3 27 10 14 28 11 7 20 30 16 16 29 29 10 3 9 22 20 20 25 7 19 17 30 24 14 12 30 28 21 9 9 23 25 9 28 6 11 21 20 11 1 26 8 13 3 17 22 7 9 20 22 22 29 27 4 20 11 3 21 7 15 29 19 17 14 3 24 9 30 17 18 20 22 15 29 14 4 5 3 19 21 25 18 17 30 10 26 13 23 4 22 1 2 30 22 28 26 2 10 20 21 6 24 4 4 1 22 26 11 2 10 15 29 11 20 26 30 25 6 24 30 24 21 28 4 4 30 8 1 19 17 1 23 21 5 26 13 11 6 10 19 8 8 5 5 29 30 13 18 4 25 25 25 16 22 25 10 3 15 12 21 30 24 30 21 21 18 25 18 9 20 17 20 20 10 19 27 8 26 21 15 1 28 13 20 15 13 8 12 29 19 30 20 26 28 15 17 3 23 19 1 30 20 21 21 27 17 17 27 13 4 8 12 13 16 29 29 4 28 6 26 18 28 30 23 22 7 4 14 26 19 26 17 8 28 26 6 26 7 8 23 5 22 26 26 13 2 8 15 6 25 1 11 23 3 27 11 16 5 23 9 26 3 4 4 25 10 7 1 9 5 21 10 25 6 16 21 8 6 16 20 14 24 8 15 30 9 3 26 27 26 21 15 8 23 6 7 13 4 1 12 7 11 21 17 30 17 20 30 1 9 15 19 17 15 21 11 5 2 26 10 25 25 22 4 20 13 28 11 14 8 5 28 3 24 26 16 3 23 9 13 25 14 18 5 3 6 13 1 10 26 7 1 12 29 23 23 26 25 18 11 24 24 21 29 2 27 28 13 17 4 7 5 26 19 25 9 18 3 13 16 18 5 30 15 24 11 7 20 7 6 11 7 27 9 14 15 11 16 8 1 28 17 20 12 13 18 16 6 30 13 8 18 22 7 17 19 12 18 21 7 16 24 16 15 6 1 4 11 25 22 20 28 14 14 14 15 20 12 3 9 2 9 28 21 23 20 26 9 20 22 4 25 2 6 13 8 5 12 21 9 26 1 29 4 8 1 17 25 22 27 21 29 21 19 7 11 1 21 2 23 1 13 5 26 15 14 2 20 2 18 17 21 6 18 1 30 13 5 10 25 5 17 6 21 14 16 11 12 23 19 29 16
0 2 18
728 460 153 352 237 186 627 956 876 982 400 369 702 35 29 109 501 581
1 3 19
204 978 794 347 143 239 772 432 791 839 493 545 218 6 245 695 292 661 941
4 6 24
92 998 130 806 636 585 71 356 749 305 174 33 355 187 578 929 628 20 622 547 600 623 176 616
0 4 11
683 205 900 438 215 710 290 354 580 748 373
3 9 17
472 985 417 132 158 734 319 812 243 78 313 784 689 811 166 379 755
0 14 3
44 625 192
1 13 5
372 546 541 271 429
0 9 2
104 380
3 11 10
491 52 224 902 31 995 851 73 602 765
5 10 20
177 601 714 849 164 901 12 244 23 973 374 670 201 690 1 119 962 289 175 300
7 9 28
162 819 367 406 785 340 730 393 11 37 678 440 163 398 183 261 801 4 653 926 835 212 230 490 641 775 968 195
2 6 18
225 964 321 938 291 553 599 698 679 898 392 703 596 464 232 402 242 677
3 6 19
813 25 38 207 320 499 859 909 754 687 531 301 287 390 223 656 932 395 88
2 6 19
650 259 880 872 332 592 110 471 235 800 240 515 17 483 759 927 128 847 739
1 10 5
18 868 768 944 117
1 2 19
246 343 863 753 423 724 569 767 829 386 220 57 262 105 458 716 715 790 111
2 8 10
991 278 840 770 566 713 131 202 977 567
0 10 4
782 221 82 869
10 12 25
837 346 21 361 539 808 198 475 717 658 335 418 842 80 975 907 171 255 448 273 935 211 825 568 857
6 15 16
893 185 180 279 90 817 136 870 669 548 833 752 445 126 742 442
7 12 20
795 362 853 331 654 874 637 274 50 480 595 624 958 841 947 161 396 786 696 502
1 4 19
269 609 416 606 10 549 348 709 914 996 203 228 108 763 726 621 231 139 543
0 4 6
329 474 918 45 886 776
13 11 27
757 404 506 365 22 208 912 389 512 107 496 604 524 309 467 917 65 338 948 353 657 446 214 756 598 294 190
1 3 24
741 799 632 103 836 931 465 46 345 844 638 137 588 411 816 197 940 561 963 815 803 994 971 904
2 7 11
533 196 746 527 8 482 349 66 640 521 694
8 9 29
542 571 540 699 69 497 711 140 315 660 160 120 945 121 607 424 322 961 454 802 210 536 614 736 643 860 209 99 93
3 11 11
662 167 427 366 807 675 843 526 251 256 439
0 9 3
428 885 986
4 4 28
254 30 36 830 16 831 564 529 668 652 883 43 570 738 135 477 797 832 897 238 489 796 317 751 312 528 731 385
0 13 3
34 127 114
3 3 30
788 908 953 725 626 351 718 79 441 194 946 894 63 988 56 855 750 144 241 85 617 666 189 397 704 943 3 26 337 27
1 12 6
822 388 970 826 884 686
4 14 15
116 513 727 955 377 15 555 378 112 554 216 508 420 850 113
4 7 24
188 170 818 219 49 102 24 41 401 639 408 459 888 455 877 58 913 295 814 387 283 152 824 199
5 8 23
122 486 587 452 284 890 809 436 179 659 867 721 511 281 620 451 619 651 586 344 363 538 552
5 12 16
865 758 178 268 574 664 722 950 68 615 854 642 514 236 979 700
1 8 5
298 94 479 518 323
5 14 14
682 882 593 430 336 774 97 740 591 422 368 142 86 405
9 23 1
0
6 14 2
2 249
2 27 1
5
2 14 1
7
4 15 1
9
1 15 1
13
15 21 1
14
8 22 1
19
4 16 2
28 414
4 11 3
32 124 217
1 12 1
39
3 13 2
40 846
1 20 1
42
4 13 3
47 509 896
2 27 1
48
1 17 2
51 673
5 9 2
53 434
4 13 2
54 213
6 18 1
55
4 10 1
59
1 14 1
60
2 5 3
61 631 875
2 10 2
62 391
2 10 1
64
4 9 2
67 469
2 15 2
70 665
1 23 1
72
4 7 2
74 681
5 15 3
75 556 919
4 14 1
76
2 16 1
77
7 18 1
81
4 17 2
83 845
2 8 1
84
3 21 1
87
6 24 2
89 118
2 18 1
91
2 4 1
95
2 11 1
96
2 7 1
98
6 19 1
100
2 19 2
101 425
5 17 1
106
9 12 1
115
3 11 2
123 260
4 9 1
125
3 20 1
129
3 20 2
133 928
12 22 1
134
9 20 2
138 577
12 24 2
141 603
1 15 2
145 924
6 17 1
146
7 10 1
147
9 15 2
148 823
3 18 2
149 745
9 15 2
150 494
3 19 1
151
8 23 2
154 648
5 11 1
155
2 16 1
156
3 20 1
157
8 20 2
159 647
10 22 2
165 558
1 23 1
168
6 24 2
169 852
9 22 2
172 691
6 20 2
173 737
1 17 1
181
6 24 1
182
6 16 1
184
1 19 1
191
2 8 1
193
9 19 3
200 384 712
6 16 1
206
2 5 2
222 296
4 18 1
226
9 21 1
227
1 25 1
229
4 8 1
233
9 17 3
234 421 684
6 16 1
247
6 10 1
248
4 15 3
250 270 516
6 19 1
252
12 29 2
253 537
2 10 2
257 680
4 14 2
258 370
13 21 1
263
3 12 1
264
2 16 2
265 671
2 22 2
266 358
1 16 1
267
8 18 2
272 565
4 10 1
275
4 14 1
276
9 18 2
277 766
9 26 1
280
2 13 1
282
9 13 1
285
4 10 1
286
2 11 1
288
9 20 1
293
9 16 2
297 960
1 11 1
299
3 15 2
302 838
13 24 2
303 732
2 15 1
304
6 21 1
306
4 17 3
307 498 655
4 15 1
308
1 21 1
310
4 20 2
311 915
3 9 1
314
2 5 1
316
7 16 1
318
2 16 1
324
12 26 1
325
4 18 1
326
2 18 1
327
1 18 1
328
9 20 1
330
2 16 1
333
9 14 1
334
4 17 1
339
2 25 1
341
4 15 1
342
2 13 1
350
8 23 1
357
9 17 3
359 399 535
6 22 1
360
4 13 1
364
4 20 1
371
3 12 1
375
9 14 1
376
2 13 1
381
1 22 1
382
4 17 1
383
13 19 1
394
3 6 1
403
3 23 1
407
1 20 1
409
4 16 1
410
4 12 1
412
8 18 1
413
2 9 1
415
8 27 1
419
9 22 1
426
2 9 1
431
2 12 1
433
4 18 1
435
3 23 1
437
8 21 1
443
2 13 1
444
5 11 1
447
9 16 1
449
4 12 1
450
3 25 1
453
16 27 1
456
2 17 2
457 723
16 26 1
461
8 28 1
462
3 7 2
463 583
1 7 1
466
2 14 1
468
3 12 1
470
13 22 1
473
2 31 2
476 584
3 23 1
478
4 14 1
481
3 15 2
484 957
12 26 1
485
9 18 1
487
6 27 1
488
6 21 1
492
5 9 1
495
9 18 1
500
8 25 1
503
9 17 2
504 805
8 25 1
505
3 14 1
507
1 22 1
510
2 5 1
517
5 9 2
519 921
2 12 1
520
6 21 1
522
4 10 1
523
3 19 1
525
9 26 2
530 871
2 8 2
532 544
1 24 1
534
2 14 1
550
7 15 2
551 976
1 14 1
557
13 19 1
559
2 7 2
560 966
5 15 2
562 729
3 13 1
563
8 24 1
572
2 14 2
573 942
6 20 1
575
2 18 2
576 610
1 26 1
579
1 18 1
582
7 15 2
589 911
9 23 2
590 708
3 26 1
594
4 12 1
597
1 19 1
605
3 18 2
608 939
1 13 1
611
2 15 1
612
2 16 1
613
9 17 1
618
3 18 1
629
10 20 3
630 873 954
6 14 1
633
4 17 1
634
9 23 3
635 879 937
9 18 1
644
2 17 1
645
1 13 1
646
9 20 1
649
2 11 1
663
2 16 1
667
6 21 2
672 693
9 20 1
674
9 16 1
676
9 14 1
685
1 15 1
688
2 21 1
692
9 14 1
697
1 13 1
701
3 15 1
705
6 15 3
706 903 992
3 16 1
707
2 13 1
719
3 18 1
720
9 19 1
733
3 14 1
735
2 10 1
743
2 8 2
744 997
3 12 1
747
2 19 1
760
6 24 1
761
4 14 1
762
8 24 1
764
4 12 1
769
2 26 1
771
3 10 1
773
2 14 1
777
2 23 1
778
4 15 1
779
3 17 1
780
2 12 2
781 969
2 10 1
783
8 15 1
787
2 16 1
789
4 6 1
792
1 10 1
793
2 16 1
798
4 12 1
804
6 25 1
810
9 15 2
820 993
12 23 1
821
2 11 1
827
9 16 1
828
4 20 1
834
3 15 1
848
1 17 1
856
9 17 1
858
9 17 1
861
6 13 1
862
2 5 1
864
2 22 1
866
1 19 1
878
3 11 1
881
13 25 1
887
9 25 1
889
2 18 1
891
4 15 2
892 989
7 13 1
895
9 20 1
899
3 17 1
905
2 12 1
906
1 14 1
910
12 26 1
916
6 20 1
920
1 12 1
922
4 14 1
923
2 30 1
925
2 24 1
930
1 13 1
933
1 13 1
934
3 13 1
936
2 15 1
949
12 23 1
951
2 18 1
952
4 20 1
959
1 15 1
965
9 20 1
967
10 22 2
972 984
1 22 1
974
2 14 1
980
2 20 1
981
6 15 1
983
9 23 1
987
1 12 1
990
12 26 1
999
