500 203 775 33
13 21 18 18 34 39 18 12 23 36 39 33 31 36 30 37 24 27 33 13 22 11 34 11 23 13 28 17 27 31 19 32 24 27 31 23 23 15 31 24 28 38 31 19 31 32 30 38 37 31 17 20 19 19 28 26 35 35 38 32 28 18 35 21 28 36 12 13 35 12 21 35 35 21 36 33 39 28 13 40 31 11 13 25 23 11 12 16 34 30 40 20 39 36 27 17 38 31 35 17 27 28 22 16 35 28 13 12 18 18 19 27 20 20 29 37 13 35 14 11 15 12 38 20 28 37 28 19 18 14 29 40 40 31 27 23 19 23 29 34 24 21 19 30 34 16 33 15 34 11 36 23 36 34 28 17 25 39 28 25 26 18 30 20 18 25 14 37 26 36 18 18 35 12 14 26 24 32 23 17 40 25 31 22 36 33 21 30 20 30 38 13 28 31 11 11 27 14 31 12 28 39 31 35 34 39 11 37 39 24 30 13 15 23 19 38 24 39 20 25 25 11 19 40 30 25 32 14 30 11 18 29 28 15 12 12 27 17 38 37 14 16 39 40 11 30 29 33 11 17 27 11 26 14 13 14 30 34 12 13 22 14 16 34 35 33 29 26 20 40 32 29 16 21 25 14 27 17 11 21 21 34 25 20 39 16 27 23 28 39 39 21 21 35 26 34 38 34 12 18 26 21 29 21 19 11 24 35 12 40 31 21 32 27 13 15 38 20 38 14 28 20 26 23 34 22 28 27 32 34 11 37 14 11 36 14 38 38 11 34 24 35 28 18 29 20 38 31 25 40 20 31 22 35 38 16 24 33 27 33 26 38 17 21 25 21 28 32 21 39 22 22 34 34 19 27 11 14 30 28 16 17 40 23 27 22 28 25 20 14 37 18 38 23 29 25 11 29 19 12 23 23 15 24 29 29 28 35 11 29 30 23 21 20 25 28 22 22 12 13 17 14 20 35 30 11 35 20 16 15 27 35 22 34 20 31 19 31 28 25 20 16 32 14 37 35 17 40 20 22 11 34 35 14 28 20 20 15 39 26 26 24 40 18 24 17 11 24 27 24 39 28 33 12 27 28 39 15 33 29 28 33 34 30 27 39 35 16 16 34 21 35 16 11 34 24 15 11 28 22
3 11 8 8 24 29 8 2 13 26 29 23 21 26 20 27 14 17 23 3 12 1 24 1 13 3 18 7 17 21 9 22 14 17 21 13 13 5 21 14 18 28 21 9 21 22 20 28 27 21 7 10 9 9 18 16 25 25 28 22 18 8 25 11 18 26 2 3 25 2 11 25 25 11 26 23 29 18 3 30 21 1 3 15 13 1 2 6 24 20 30 10 29 26 17 7 28 21 25 7 17 18 12 6 25 18 3 2 8 8 9 17 10 10 19 27 3 25 4 1 5 2 28 10 18 27 18 9 8 4 19 30 30 21 17 13 9 13 19 24 14 11 9 20 24 6 23 5 24 1 26 13 26 24 18 7 15 29 18 15 16 8 20 10 8 15 4 27 16 26 8 8 25 2 4 16 14 22 13 7 30 15 21 12 26 23 11 20 10 20 28 3 18 21 1 1 17 4 21 2 18 29 21 25 24 29 1 27 29 14 20 3 5 13 9 28 14 29 10 15 15 1 9 30 20 15 22 4 20 1 8 19 18 5 2 2 17 7 28 27 4 6 29 30 1 20 19 23 1 7 17 1 16 4 3 4 20 24 2 3 12 4 6 24 25 23 19 16 10 30 22 19 6 11 15 4 17 7 1 11 11 24 15 10 29 6 17 13 18 29 29 11 11 25 16 24 28 24 2 8 16 11 19 11 9 1 14 25 2 30 21 11 22 17 3 5 28 10 28 4 18 10 16 13 24 12 18 17 22 24 1 27 4 1 26 4 28 28 1 24 14 25 18 8 19 10 28 21 15 30 10 21 12 25 28 6 14 23 17 23 16 28 7 11 15 11 18 22 11 29 12 12 24 24 9 17 1 4 20 18 6 7 30 13 17 12 18 15 10 4 27 8 28 13 19 15 1 19 9 2 13 13 5 14 19 19 18 25 1 19 20 13 11 10 15 18 12 12 2 3 7 4 10 25 20 1 25 10 6 5 17 25 12 24 10 21 9 21 18 15 10 6 22 4 27 25 7 30 10 12 1 24 25 4 18 10 10 5 29 16 16 14 30 8 14 7 1 14 17 14 29 18 23 2 17 18 29 5 23 19 18 23 24 20 17 29 25 6 6 24 11 25 6 1 24 14 5 1 18 12
1 8 9
178 334 145 242 183 148 59 418 358
6 15 12
301 236 60 344 132 184 91 75 245 238 168 367
0 3 12
325 465 66 444 426 419 447 172 414 253 254 49
1 10 3
285 115 189
0 7 4
105 490 356 319
2 9 8
181 164 194 41 8 116 204 171
2 8 13
342 339 357 491 58 108 25 475 464 51 333 166 125
0 2 14
388 461 468 151 401 112 37 434 402 140 22 69 256 359
1 6 9
144 317 440 398 84 159 370 202 259
1 12 5
363 294 455 48 221
1 8 8
73 412 39 32 329 31 42 109
4 10 12
244 163 350 326 36 449 291 89 226 92 239 451
0 8 6
416 5 496 1 421 114
0 20 2
104 111
0 6 5
495 15 307 308 445
3 12 7
265 97 188 470 335 240 212
5 10 15
330 409 310 170 320 4 453 300 487 406 482 81 118 261 420
1 10 5
17 35 209 211 437
1 7 10
404 129 392 486 100 55 373 288 29 271
3 13 8
61 438 187 417 274 106 343 30
7 12 15
122 234 348 156 158 323 446 180 161 215 372 284 82 295 424
0 18 3
153 150 177
2 11 6
287 366 268 6 110 18
0 11 2
130 190
0 7 3
101 47 134
0 6 4
3 351 113 207
3 7 15
316 191 278 481 192 19 205 131 231 463 267 241 154 14 489
3 10 11
70 279 305 80 299 365 337 380 246 318 54
1 8 10
456 439 443 28 56 260 296 306 459 476
4 13 9
160 200 198 216 217 368 7 430 393
2 6 14
83 179 485 313 124 206 458 457 399 293 413 257 441 138
5 10 13
136 281 33 311 230 162 309 203 473 355 107 213 155
8 14 19
248 302 353 478 13 44 76 349 472 57 327 266 229 195 38 88 408 64 395
0 4 8
332 218 273 376 152 21 146 435
12 27 1
0
5 19 1
2
1 32 1
9
1 20 1
10
1 23 1
11
10 23 2
12 378
3 20 1
16
2 16 1
20
1 15 1
23
5 15 3
24 272 338
1 13 2
26 492
2 18 1
27
1 18 1
34
1 17 1
40
6 28 1
43
4 26 1
45
1 12 1
46
4 15 1
50
4 18 1
52
8 22 1
53
1 11 1
62
3 20 1
63
3 14 1
65
1 14 1
67
2 13 1
68
2 14 1
71
1 14 1
72
4 13 2
74 314
5 18 1
77
1 19 2
78 255
3 19 2
79 397
1 12 1
85
7 24 2
86 345
2 14 1
87
7 21 2
90 175
4 16 1
93
1 15 2
94 432
1 16 2
95 483
10 20 3
96 167 384
1 19 1
98
2 17 1
99
5 20 2
102 237
1 16 1
103
6 31 3
117 247 328
4 21 1
119
3 17 1
120
1 18 1
121
5 18 1
123
2 21 1
126
3 18 1
127
1 33 2
128 321
1 24 1
133
3 18 1
135
3 18 1
137
5 16 1
139
1 14 2
141 377
1 25 1
142
6 28 1
143
4 17 1
147
1 22 1
149
1 16 1
157
4 21 1
165
6 30 2
169 322
3 20 1
173
1 17 2
174 425
5 15 1
176
2 18 1
182
1 18 1
185
10 27 1
186
2 25 1
193
2 28 2
196 386
5 16 1
197
4 14 2
199 276
1 9 1
201
1 19 2
208 375
1 26 1
210
5 18 2
214 220
7 23 1
219
5 19 2
222 292
5 21 1
223
5 16 1
224
1 14 1
225
5 27 2
227 228
7 23 1
232
3 22 1
233
1 12 1
235
7 21 1
243
5 19 1
249
2 38 1
250
5 19 1
251
5 17 2
252 360
3 16 1
258
3 21 1
262
5 17 1
263
1 18 1
264
1 18 2
269 493
4 22 1
270
10 24 1
275
1 25 1
277
1 12 1
280
1 26 1
282
4 24 1
283
10 20 1
286
3 23 1
289
5 18 1
290
1 17 1
297
1 10 1
298
10 20 3
303 381 494
4 20 1
304
10 20 1
312
2 22 1
315
6 28 1
324
1 11 2
331 477
2 20 1
336
3 26 1
340
1 16 1
341
2 21 2
346 379
2 26 1
347
1 26 1
352
1 15 1
354
5 21 1
361
5 16 1
362
10 23 1
364
1 28 1
369
1 14 1
371
1 13 1
374
10 25 1
382
1 31 1
383
1 31 1
385
1 24 1
387
1 9 1
389
4 15 1
390
1 15 1
391
2 17 1
394
1 11 1
396
12 28 1
400
5 22 1
403
4 13 1
405
1 20 1
407
1 25 1
410
1 13 1
411
4 12 1
415
1 19 1
422
10 22 1
423
10 20 1
427
1 28 1
428
6 33 1
429
1 15 1
431
1 21 1
433
1 28 1
436
1 26 1
442
4 20 1
448
4 16 1
450
10 28 1
452
4 18 1
454
1 14 1
460
10 22 1
462
2 14 1
466
13 29 1
467
3 16 1
469
4 17 1
471
2 15 1
474
1 21 1
479
2 30 1
480
4 17 1
484
10 20 1
488
1 13 1
497
4 28 1
498
4 16 1
499
