1000 332 1550 67
31 39 32 36 15 39 28 17 38 34 24 24 28 17 26 29 11 14 14 38 22 23 34 32 13 13 37 29 24 38 23 14 23 22 12 20 39 11 28 32 39 38 38 28 18 22 28 14 18 34 21 36 36 39 36 25 35 14 11 11 27 17 31 28 34 23 17 33 28 11 30 15 40 26 38 26 16 19 12 25 35 23 22 37 28 25 28 23 22 34 32 29 27 21 12 22 33 15 40 13 28 34 15 18 11 28 19 36 31 20 24 14 30 40 13 33 36 16 39 39 34 25 27 35 20 12 12 32 14 27 12 11 17 11 27 23 20 36 40 32 24 19 18 12 36 14 19 37 11 33 19 28 14 33 21 34 30 40 19 29 20 20 38 35 30 33 24 14 18 28 23 11 39 31 26 24 35 24 18 40 26 35 23 18 37 17 28 40 30 36 27 21 20 27 29 26 21 14 15 17 33 18 36 37 31 22 38 24 22 30 19 34 36 21 37 37 15 37 35 40 27 35 21 29 17 14 26 33 13 37 39 12 34 26 25 22 40 23 17 38 34 29 34 11 22 33 25 22 26 39 33 12 23 23 14 18 19 31 32 26 20 32 15 26 25 22 15 13 17 26 40 19 33 18 18 31 29 29 12 29 34 35 19 19 14 12 32 38 15 35 38 37 25 29 23 26 13 30 29 27 14 22 22 18 34 40 40 20 31 34 14 34 34 25 15 12 33 14 36 17 39 18 30 38 38 13 30 36 18 38 24 27 32 32 40 22 18 21 16 14 30 19 17 20 16 17 23 37 26 12 40 24 26 33 22 30 20 19 35 24 40 39 24 23 40 39 13 17 19 13 25 40 11 13 37 32 24 26 31 35 14 36 40 35 34 18 29 19 39 19 36 20 35 22 28 15 26 12 35 33 23 14 25 22 39 27 13 18 38 31 31 31 12 12 39 37 22 12 22 38 20 32 17 17 12 11 18 34 19 26 35 23 37 35 39 24 38 36 18 34 35 38 27 26 14 27 28 24 12 40 18 11 27 11 20 36 31 30 31 35 15 21 23 22 15 30 16 19 37 23 39 16 39 11 26 25 11 13 12 27 39 36 13 11 14 22 22 29 32 23 15 38 31 20 36 21 18 25 23 17 38 39 25 16 37 11 23 36 37 13 21 29 30 39 16 21 31 40 12 34 36 20 34 17 31 29 17 33 24 20 14 12 24 25 16 20 34 11 12 38 40 23 23 12 37 19 27 32 24 18 29 36 26 24 22 25 40 39 26 20 22 16 21 26 36 14 19 26 21 18 17 37 18 33 24 32 27 23 25 13 18 23 15 20 24 19 14 21 29 35 11 34 26 13 19 11 12 40 18 14 40 23 24 18 11 32 17 23 28 11 30 35 21 34 31 15 31 20 21 17 22 31 31 11 25 13 35 23 39 27 31 38 15 20 19 15 25 24 32 35 22 16 11 39 40 39 12 22 14 26 12 29 15 25 32 21 35 35 11 33 34 20 16 33 15 13 26 39 29 18 25 27 29 33 33 21 38 25 22 31 36 23 24 32 27 16 39 14 26 14 38 21 27 20 24 28 25 32 12 15 40 15 18 20 20 30 27 30 34 37 40 37 36 14 27 16 25 29 15 21 34 14 26 31 40 20 29 24 14 30 15 33 19 38 27 18 37 25 39 12 38 38 19 30 32 21 29 24 16 18 29 11 13 11 18 29 22 40 18 18 28 19 16 21 29 14 20 29 15 25 36 22 16 19 28 38 38 33 33 26 19 19 26 20 40 25 31 21 35 21 37 23 28 23 23 40 38 12 36 27 27 21 14 27 20 32 34 12 22 26 15 39 19 27 34 17 15 25 19 14 13 22 32 15 33 16 13 30 17 20 22 34 27 31 18 34 21 37 36 24 23 35 31 16 24 32 24 34 25 19 37 21 29 19 28 39 35 28 40 17 32 24 37 16 33 21 29 13 24 27 29 13 36 25 37 35 38 20 32 39 25 36 36 31 12 15 40 33 21 14 40 12 29 17 39 17 12 14 31 37 11 38 30 24 37 36 17 24 32 36 21 38 13 12 29 13 12 26 23 35 23 29 12 13 22 14 40 23 28 16 24 14 12 15 17 27 23 20 33 40 18 40 34 28 12 35 16 29 23 16 36 28 25 24 40 30 17 40 23 22 35 21 14 30 18 23 40 37 33 25 31 40 23 27 27 29 14 11 30 19 21 15 22 13 36 14 14 14 33 30 27 21 14 34 24 26 28 20 30 26
21 29 22 26 5 29 18 7 28 24 14 14 18 7 16 19 1 4 4 28 12 13 24 22 3 3 27 19 14 28 13 4 13 12 2 10 29 1 18 22 29 28 28 18 8 12 18 4 8 24 11 26 26 29 26 15 25 4 1 1 17 7 21 18 24 13 7 23 18 1 20 5 30 16 28 16 6 9 2 15 25 13 12 27 18 15 18 13 12 24 22 19 17 11 2 12 23 5 30 3 18 24 5 8 1 18 9 26 21 10 14 4 20 30 3 23 26 6 29 29 24 15 17 25 10 2 2 22 4 17 2 1 7 1 17 13 10 26 30 22 14 9 8 2 26 4 9 27 1 23 9 18 4 23 11 24 20 30 9 19 10 10 28 25 20 23 14 4 8 18 13 1 29 21 16 14 25 14 8 30 16 25 13 8 27 7 18 30 20 26 17 11 10 17 19 16 11 4 5 7 23 8 26 27 21 12 28 14 12 20 9 24 26 11 27 27 5 27 25 30 17 25 11 19 7 4 16 23 3 27 29 2 24 16 15 12 30 13 7 28 24 19 24 1 12 23 15 12 16 29 23 2 13 13 4 8 9 21 22 16 10 22 5 16 15 12 5 3 7 16 30 9 23 8 8 21 19 19 2 19 24 25 9 9 4 2 22 28 5 25 28 27 15 19 13 16 3 20 19 17 4 12 12 8 24 30 30 10 21 24 4 24 24 15 5 2 23 4 26 7 29 8 20 28 28 3 20 26 8 28 14 17 22 22 30 12 8 11 6 4 20 9 7 10 6 7 13 27 16 2 30 14 16 23 12 20 10 9 25 14 30 29 14 13 30 29 3 7 9 3 15 30 1 3 27 22 14 16 21 25 4 26 30 25 24 8 19 9 29 9 26 10 25 12 18 5 16 2 25 23 13 4 15 12 29 17 3 8 28 21 21 21 2 2 29 27 12 2 12 28 10 22 7 7 2 1 8 24 9 16 25 13 27 25 29 14 28 26 8 24 25 28 17 16 4 17 18 14 2 30 8 1 17 1 10 26 21 20 21 25 5 11 13 12 5 20 6 9 27 13 29 6 29 1 16 15 1 3 2 17 29 26 3 1 4 12 12 19 22 13 5 28 21 10 26 11 8 15 13 7 28 29 15 6 27 1 13 26 27 3 11 19 20 29 6 11 21 30 2 24 26 10 24 7 21 19 7 23 14 10 4 2 14 15 6 10 24 1 2 28 30 13 13 2 27 9 17 22 14 8 19 26 16 14 12 15 30 29 16 10 12 6 11 16 26 4 9 16 11 8 7 27 8 23 14 22 17 13 15 3 8 13 5 10 14 9 4 11 19 25 1 24 16 3 9 1 2 30 8 4 30 13 14 8 1 22 7 13 18 1 20 25 11 24 21 5 21 10 11 7 12 21 21 1 15 3 25 13 29 17 21 28 5 10 9 5 15 14 22 25 12 6 1 29 30 29 2 12 4 16 2 19 5 15 22 11 25 25 1 23 24 10 6 23 5 3 16 29 19 8 15 17 19 23 23 11 28 15 12 21 26 13 14 22 17 6 29 4 16 4 28 11 17 10 14 18 15 22 2 5 30 5 8 10 10 20 17 20 24 27 30 27 26 4 17 6 15 19 5 11 24 4 16 21 30 10 19 14 4 20 5 23 9 28 17 8 27 15 29 2 28 28 9 20 22 11 19 14 6 8 19 1 3 1 8 19 12 30 8 8 18 9 6 11 19 4 10 19 5 15 26 12 6 9 18 28 28 23 23 16 9 9 16 10 30 15 21 11 25 11 27 13 18 13 13 30 28 2 26 17 17 11 4 17 10 22 24 2 12 16 5 29 9 17 24 7 5 15 9 4 3 12 22 5 23 6 3 20 7 10 12 24 17 21 8 24 11 27 26 14 13 25 21 6 14 22 14 24 15 9 27 11 19 9 18 29 25 18 30 7 22 14 27 6 23 11 19 3 14 17 19 3 26 15 27 25 28 10 22 29 15 26 26 21 2 5 30 23 11 4 30 2 19 7 29 7 2 4 21 27 1 28 20 14 27 26 7 14 22 26 11 28 3 2 19 3 2 16 13 25 13 19 2 3 12 4 30 13 18 6 14 4 2 5 7 17 13 10 23 30 8 30 24 18 2 25 6 19 13 6 26 18 15 14 30 20 7 30 13 12 25 11 4 20 8 13 30 27 23 15 21 30 13 17 17 19 4 1 20 9 11 5 12 3 26 4 4 4 23 20 17 11 4 24 14 16 18 10 20 16
5 10 18
671 56 228 496 344 580 525 45 900 800 700 103 552 957 606 790 213 428
0 12 2
402 595
6 11 18
81 927 610 186 891 141 276 756 283 736 337 238 404 691 109 20 59 539
8 13 22
919 25 12 38 823 556 368 523 748 798 241 142 574 684 157 170 810 708 60 384 3 219
0 4 8
537 459 666 391 737 296 733 773
0 12 5
501 275 611 786 968
3 7 14
783 422 444 751 858 518 258 357 804 255 745 993 741 586
13 11 32
620 945 791 247 802 855 132 83 331 838 548 545 57 176 393 781 840 291 52 400 926 460 150 442 940 30 474 658 220 135 454 558
1 5 15
448 105 987 640 293 299 716 67 209 48 992 951 18 200 164
12 12 28
327 633 828 463 893 44 394 91 719 735 303 702 918 792 831 811 397 307 216 638 909 550 450 894 198 470 628 102
6 14 14
841 340 271 351 431 227 846 379 516 943 281 149 233 76
0 10 3
184 657 106
0 1 24
346 979 487 674 414 171 801 512 421 403 938 608 113 235 347 859 354 755 680 191 506 774 37 270
7 12 18
468 889 530 366 531 727 682 309 535 280 721 507 766 370 698 407 289 47
5 11 19
316 644 729 88 533 847 997 975 196 612 363 140 377 944 747 614 651 896 571
3 8 19
554 257 739 566 17 711 7 319 22 124 931 634 465 779 398 311 387 4 192
0 3 14
603 206 989 361 273 412 834 567 731 604 165 74 221 619
1 8 8
850 352 187 984 686 77 372 661
10 11 25
214 478 435 224 972 725 526 616 488 375 627 23 174 908 679 924 622 991 635 68 795 341 169 396 880
1 15 5
631 84 69 305 916
1 5 14
111 649 139 980 443 963 990 623 441 947 902 6 503 161
11 11 27
420 664 626 988 249 362 427 570 447 705 92 864 266 562 907 95 302 589 771 696 272 965 829 386 903 167 730
7 12 13
797 438 418 667 534 917 953 267 999 974 318 559 921
10 10 27
73 593 62 541 600 116 205 825 61 158 406 436 359 199 484 9 881 956 615 332 401 969 689 778 472 977 151
1 7 13
742 43 641 843 942 652 868 423 960 505 754 860 717
0 6 9
445 867 699 28 976 430 660 323 955
7 9 21
654 563 2 913 349 136 922 587 764 295 231 995 82 70 542 182 248 970 208 928 884
9 11 25
378 726 820 575 242 130 177 701 65 576 15 390 453 547 194 0 923 513 399 816 392 522 515 885 409
6 13 17
852 967 355 63 495 308 949 330 479 892 760 854 342 162 96 212 129
15 13 28
746 480 788 861 780 901 49 264 278 195 360 520 605 560 796 618 647 904 153 561 126 763 590 226 31 284 50 489
7 9 29
668 446 706 338 886 551 687 1 879 112 146 166 159 71 466 290 572 546 694 203 313 120 364 137 97 844 145 46 688
2 3 30
718 458 629 128 86 757 222 899 690 234 339 683 985 382 936 946 492 217 873 244 849 845 138 827 888 125 94 510 743 768
3 12 10
752 175 66 761 662 714 941 973 500 584
1 5 13
343 210 803 709 592 252 998 817 118 286 429 93 835
0 14 2
424 449
4 16 1
5
18 23 2
8 659
2 15 1
10
3 13 2
11 251
10 19 1
13
5 19 1
14
5 14 3
16 457 744
1 12 1
19
10 19 1
21
3 14 2
24 577
1 15 1
26
16 20 2
27 185
4 13 1
29
4 21 2
32 51
2 10 2
33 695
5 8 3
34 237 642
6 23 1
35
1 23 1
36
20 23 4
39 202 345 498
1 24 1
40
4 20 3
41 42 410
21 23 1
53
1 12 2
54 914
4 19 2
55 373
2 23 2
58 104
1 19 1
64
20 21 5
72 78 374 819 982
2 21 1
75
24 22 2
79 156
11 22 2
80 784
15 21 2
85 806
2 25 1
87
15 22 1
89
5 14 3
90 670 720
2 17 1
98
14 25 2
99 317
7 16 1
100
16 26 1
101
1 6 1
107
2 26 1
108
2 23 4
110 260 365 887
18 22 2
114 538
7 17 2
115 433
26 24 2
117 336
1 12 1
119
1 11 3
121 183 693
1 17 1
122
6 28 1
123
20 24 2
127 710
1 14 2
131 497
5 18 2
133 964
1 13 1
134
2 14 3
143 476 625
1 9 1
144
15 23 2
147 669
22 26 1
148
1 7 2
152 583
4 16 1
154
15 20 1
155
16 25 3
160 636 805
10 20 1
163
5 17 2
168 298
5 11 1
172
6 28 1
173
1 15 2
178 650
21 25 1
179
4 11 2
180 598
17 25 1
181
1 17 2
188 809
11 21 1
189
1 14 1
190
7 17 1
193
11 23 2
197 300
1 9 1
201
2 15 1
204
1 9 2
207 455
8 20 2
211 930
5 14 1
215
1 16 1
218
3 18 3
223 417 837
1 11 1
225
2 8 1
229
14 27 1
230
1 14 1
232
10 17 3
236 527 564
14 26 2
239 822
4 15 2
240 920
6 25 1
243
5 10 1
245
2 23 1
246
22 21 1
250
1 12 4
253 348 380 787
5 14 1
254
2 18 1
256
15 21 1
259
10 21 2
261 862
2 15 1
262
5 16 2
263 932
1 15 1
265
5 13 2
268 621
15 18 2
269 723
6 26 1
274
14 22 1
277
1 22 1
279
5 16 3
282 335 388
15 21 1
285
2 13 1
287
2 22 1
288
1 20 3
292 799 959
17 24 1
294
6 27 3
297 565 882
6 27 1
301
2 28 1
304
16 22 1
306
15 21 1
310
2 24 1
312
16 24 1
314
1 20 2
315 434
8 24 1
320
17 23 1
321
15 20 1
322
4 16 1
324
1 21 1
325
10 20 1
326
16 20 1
328
2 13 1
329
5 18 1
333
15 20 2
334 613
1 26 2
350 966
21 23 1
353
2 16 1
356
6 26 1
358
1 4 3
367 528 585
1 19 1
369
5 21 1
371
10 21 2
376 461
1 8 1
381
2 15 1
383
14 26 2
385 954
5 18 1
389
2 25 1
395
5 17 2
405 648
3 17 3
408 415 865
10 19 1
411
4 15 1
413
1 21 1
416
2 22 2
419 656
16 20 2
425 740
21 23 2
426 866
4 18 1
432
1 10 2
437 794
5 16 2
439 591
22 24 2
440 672
2 26 1
451
5 15 1
452
20 22 1
456
16 27 2
462 712
1 15 1
464
5 12 2
467 473
15 19 1
469
3 14 1
471
7 20 2
475 722
7 18 1
477
2 25 1
481
18 24 1
482
21 25 4
483 509 895 958
5 17 2
485 925
15 20 2
486 499
21 23 1
490
6 25 1
491
1 10 2
493 770
1 8 2
494 789
3 17 1
502
5 15 1
504
2 9 2
508 568
14 24 1
511
4 17 1
514
18 22 2
517 704
2 19 1
519
15 21 2
521 871
6 26 2
524 906
8 25 2
529 540
4 14 1
532
1 25 1
536
2 16 1
543
1 22 1
544
7 15 1
549
2 14 1
553
20 24 1
555
1 23 1
557
11 20 1
569
15 22 1
573
4 17 1
578
4 13 1
579
18 24 1
581
15 23 1
582
5 18 1
588
7 20 2
594 749
3 15 1
596
5 22 1
597
1 24 1
599
1 21 3
601 734 782
7 18 1
602
11 20 1
607
2 10 1
609
4 16 1
617
4 16 2
624 836
3 16 1
630
2 14 1
632
14 23 1
637
8 24 1
639
1 23 1
643
5 16 1
645
1 10 1
646
22 23 1
653
4 18 1
655
5 20 1
663
1 18 1
665
3 19 2
673 851
5 13 1
675
17 23 1
676
5 20 1
677
1 9 1
678
21 22 1
681
21 21 2
685 978
2 16 1
692
8 24 1
697
8 23 1
703
18 22 1
707
2 24 1
713
17 23 1
715
3 16 1
724
1 7 1
728
21 24 1
732
3 12 1
738
1 13 1
750
4 13 1
753
15 20 2
758 939
1 15 1
759
2 26 1
762
5 16 1
765
2 12 1
767
2 9 1
769
24 24 1
772
4 15 1
775
2 23 1
776
15 23 1
777
5 16 1
785
4 18 1
793
4 19 1
807
18 21 1
808
14 22 1
812
7 18 1
813
21 23 1
814
2 17 1
815
1 23 1
818
16 21 1
821
5 18 2
824 839
4 23 1
826
5 16 1
830
5 18 1
832
1 21 1
833
8 23 1
842
1 22 1
848
10 20 2
853 981
2 20 1
856
15 22 1
857
10 19 1
863
1 12 1
869
2 26 1
870
8 22 1
872
5 13 2
874 876
5 20 1
875
5 16 2
877 933
8 23 1
878
2 19 1
883
5 19 1
890
5 17 1
897
2 26 1
898
4 20 2
905 962
7 20 1
910
5 18 1
911
11 22 1
912
2 17 1
915
4 17 1
929
14 24 1
934
1 9 1
935
16 25 1
937
2 14 1
948
2 11 1
950
2 25 1
952
4 17 1
961
21 24 1
971
5 14 1
983
2 23 1
986
16 20 1
994
1 6 1
996
