800 41 1240 18
16 9 13 25 18 23 27 30 22 1 29 10 25 3 1 10 5 3 20 4 4 24 27 22 8 13 1 16 3 8 24 9 13 5 29 17 23 3 23 18 11 19 17 9 7 22 23 1 12 25 24 7 24 15 9 25 9 1 17 26 21 24 30 26 30 20 13 9 23 10 15 5 6 28 5 8 19 11 13 29 3 30 6 19 27 20 4 29 4 1 25 4 29 1 14 29 15 22 17 14 29 29 4 14 7 11 22 6 22 12 28 2 11 10 24 6 28 9 17 14 6 23 28 24 11 4 18 23 29 22 13 22 19 24 25 16 4 22 3 26 12 25 17 27 5 10 7 3 21 30 7 16 13 15 5 5 12 17 26 28 7 13 20 22 14 18 7 28 14 16 27 20 2 16 21 2 23 26 28 7 2 30 2 9 6 27 24 24 9 30 13 24 4 11 7 17 23 22 29 11 25 30 13 8 4 30 3 25 18 17 10 30 14 11 4 1 2 3 11 18 9 30 10 4 13 30 15 9 25 15 29 7 19 19 24 5 11 18 18 20 14 12 22 21 5 18 11 3 28 2 16 18 12 6 10 10 1 27 8 7 30 5 16 30 15 11 1 3 12 9 25 8 3 25 2 10 20 16 20 1 28 13 27 9 24 15 25 10 1 9 6 14 10 1 12 11 19 11 29 3 5 2 24 7 7 8 13 30 4 10 16 8 24 5 29 29 23 17 12 14 20 29 30 23 22 9 26 11 1 5 6 21 3 15 23 24 30 17 11 30 18 28 28 1 10 11 12 17 11 6 23 9 19 12 10 24 6 16 14 15 29 10 20 14 13 26 7 4 4 3 7 15 7 4 2 7 18 11 22 17 26 2 20 6 21 28 13 16 19 21 29 4 13 28 11 5 28 4 17 5 19 1 8 1 5 4 9 19 16 20 21 16 12 7 23 30 12 9 26 15 4 19 12 3 10 13 17 7 18 27 23 26 15 30 9 27 3 5 4 22 24 10 12 9 24 16 26 7 6 12 9 21 29 30 1 2 13 20 8 11 8 12 29 5 26 20 27 1 5 28 12 9 12 8 27 27 7 17 20 13 29 15 18 5 26 29 11 10 5 6 3 16 25 23 26 21 14 6 25 29 8 17 11 9 13 17 23 22 18 21 19 7 2 25 25 18 10 11 12 4 4 25 16 19 21 13 13 19 11 24 14 15 8 27 23 22 21 16 23 16 20 20 22 20 9 7 10 28 6 26 17 7 28 4 20 9 9 5 1 18 17 25 29 2 14 17 2 27 16 27 21 16 23 24 26 16 11 26 17 2 5 2 30 4 26 9 6 18 20 16 3 17 29 6 20 11 13 10 14 25 26 20 15 30 18 1 24 17 6 1 2 3 4 26 26 10 6 29 4 23 16 17 28 28 1 4 12 6 13 13 13 21 17 17 27 5 21 7 27 1 2 27 5 19 11 5 7 18 16 5 25 6 20 19 19 8 24 29 10 10 4 12 1 25 7 28 17 25 4 27 23 14 17 20 15 28 1 13 17 10 26 16 4 9 24 23 14 12 9 28 7 22 8 7 1 5 13 1 9 10 5 1 21 7 23 8 6 14 5 15 6 18 13 20 23 16 30 12 21 25 12 16 4 23 15 6 26 7 22 25 13 24 15 25 6 4 8 5 20 12 29 12 3 4 24 7 22 8 5 5 12 13 16 17 11 25 6 23 29 11 18 7 5 8 30 12 15 9 13 30 13 14 21 29 16 13 20 14 20 5 18 17 1 12 17 19 27 28 13 22 24 2 30 27 15 28 8 10 24 16
20 23 8 30 13 9 7 11 5 18 21 24 25 9 15 18 12 2 22 22 22 29 8 5 11 25 30 17 24 24 19 12 13 6 16 14 12 8 2 8 4 11 28 17 15 28 14 18 23 2 23 15 13 10 16 11 3 15 22 28 12 21 14 11 10 28 9 24 23 6 8 17 22 16 16 9 11 19 10 8 2 16 9 17 13 4 7 22 16 16 1 22 30 14 15 14 3 10 5 22 2 6 22 28 12 15 24 21 16 20 1 27 5 6 20 27 2 30 8 19 26 4 23 17 6 2 3 6 13 3 20 19 26 4 22 27 20 3 20 17 24 16 15 15 17 17 13 13 24 30 20 6 5 16 13 25 25 6 7 18 30 16 6 8 17 6 18 14 26 16 25 3 14 12 24 26 28 23 12 21 4 6 28 26 25 15 14 17 5 25 13 7 2 10 18 29 11 15 17 14 5 9 13 17 16 14 3 10 17 20 16 20 7 30 21 29 22 14 30 17 19 3 18 6 13 27 29 15 29 10 21 26 10 13 25 23 29 6 22 23 29 8 26 17 2 24 14 6 1 5 4 7 3 25 14 5 10 27 18 29 25 18 26 24 19 21 7 18 18 27 1 17 6 4 6 6 4 28 7 4 27 16 9 10 12 24 9 20 5 8 14 4 30 15 2 16 24 20 10 8 26 11 16 25 30 12 10 11 7 23 30 19 13 10 25 26 15 25 4 16 7 19 11 28 17 11 25 30 18 29 12 1 23 16 3 4 18 26 9 10 30 29 15 11 26 1 4 13 4 22 6 3 22 11 29 4 14 6 6 26 13 20 17 15 8 1 14 18 5 16 4 21 20 28 13 3 28 15 19 20 23 26 2 2 6 6 1 26 9 8 23 3 29 8 26 23 29 5 7 12 16 14 28 11 5 3 20 26 1 5 26 12 25 29 3 28 12 24 24 22 29 25 15 19 5 10 21 11 23 30 27 4 14 26 9 15 11 17 20 2 11 7 10 29 1 10 1 15 28 27 3 18 15 22 19 25 21 15 28 19 23 28 6 24 12 23 20 30 30 4 9 8 17 27 22 24 1 21 10 23 22 16 24 11 18 30 30 23 30 19 24 30 1 18 13 29 23 17 16 15 3 24 17 14 28 28 28 4 4 10 11 11 26 1 25 20 20 11 4 14 10 10 17 4 3 28 19 28 17 16 20 12 10 14 17 29 27 25 24 15 2 5 22 14 20 23 24 20 2 5 7 6 22 22 23 10 6 3 25 10 15 8 17 28 13 8 21 22 27 27 19 22 14 5 21 12 9 13 29 28 18 4 10 27 6 8 6 13 20 2 28 11 9 2 2 27 12 28 27 7 9 6 24 18 14 18 18 15 24 19 25 21 7 30 25 16 5 8 25 10 30 30 25 25 15 16 24 10 23 16 7 21 28 6 13 11 25 26 26 24 27 27 21 5 15 24 11 22 17 29 23 6 20 25 1 23 26 29 16 21 25 6 5 11 9 9 6 12 15 9 25 22 29 11 10 18 12 19 19 20 24 22 17 16 8 2 11 4 23 21 5 21 10 26 2 16 16 17 18 15 12 2 18 14 16 28 26 6 21 18 17 3 9 2 24 28 22 21 17 6 7 5 11 4 24 4 20 14 21 10 6 25 19 17 30 29 8 24 13 15 15 4 2 5 30 19 22 19 1 20 4 14 1 8 1 14 1 14 5 24 2 28 11 3 25 3 5 26 18 5 27 8 28 8 7 27 19 4 7 20 12 27 10 15 1 24 11 17 21 27 6 7 19 1 10 1 3 30 8 17
1 6 28
591 372 28 599 414 780 35 337 416 387 306 23 41 48 88 236 351 383 439 455 468 538 561 565 590 593 695 751
1 3 54
75 548 382 37 740 45 592 363 90 401 257 350 631 38 322 728 706 242 478 495 76 410 431 583 375 670 331 169 193 277 84 536 793 205 612 691 123 85 135 299 116 217 225 230 250 260 289 340 542 557 587 636 720 791
1 11 40
153 403 243 267 766 754 142 606 298 185 620 622 448 645 702 460 247 395 575 284 763 568 95 252 562 799 722 150 227 324 420 440 503 539 555 634 656 688 726 739
1 17 29
259 358 466 290 219 7 759 499 785 411 213 361 224 304 174 2 51 52 78 83 112 269 402 413 414 523 545 646 660
1 20 28
626 435 680 338 253 602 663 692 231 619 686 712 576 42 61 179 185 188 207 347 407 442 452 519 571 623 696 717
1 11 23
178 98 687 258 795 673 15 72 91 95 229 267 361 375 444 507 567 601 621 650 745 773 779
1 7 18
220 254 229 234 197 455 77 168 183 186 228 288 428 450 456 511 575 781
1 11 21
585 531 747 503 324 665 145 165 206 215 277 279 342 451 502 611 620 697 707 755 776
1 8 23
546 469 761 769 3 407 560 5 37 111 114 140 193 220 318 368 394 525 540 629 638 669 682
1 16 40
776 698 693 704 391 107 610 332 639 10 50 385 709 544 255 682 364 524 160 423 400 635 771 237 458 312 389 476 494 149 7 34 187 231 266 315 626 689 749 784
1 8 39
118 301 402 132 55 241 537 122 552 525 720 208 147 701 772 773 65 611 662 359 275 355 556 643 28 162 202 252 304 329 356 437 562 563 577 664 677 679 774
1 13 33
695 392 320 184 351 461 239 383 441 57 48 226 667 302 321 278 327 549 454 202 590 43 76 129 232 293 310 433 622 671 704 725 765
1 6 16
656 250 379 514 367 12 221 370 486 530 554 574 595 640 734 782
1 18 24
445 440 492 308 518 261 496 696 192 534 260 134 438 733 210 275 302 403 501 522 633 639 687 710
1 7 19
651 151 453 718 734 93 17 31 70 226 248 287 292 359 379 389 435 457 673
1 10 30
183 146 66 547 362 190 289 56 497 238 81 569 474 565 694 502 504 729 251 532 10 57 80 171 222 243 445 477 521 741
1 14 28
579 535 380 72 365 140 640 539 603 263 310 36 779 741 557 541 115 719 139 55 103 163 203 416 482 512 698 731
1 15 35
34 179 113 715 388 399 543 714 783 627 791 404 228 189 313 336 436 166 707 589 210 159 593 580 318 173 737 32 214 338 371 520 576 597 762
1 2 34
468 170 758 295 99 443 13 353 721 62 420 157 16 240 617 505 17 172 70 125 265 194 40 108 117 151 264 398 429 430 472 504 514 714
1 3 46
522 44 0 398 236 723 292 119 507 80 6 94 405 88 561 23 664 486 206 69 425 100 629 230 341 175 110 269 374 369 377 53 58 157 194 291 295 325 461 556 585 594 604 654 701 752
1 13 36
595 112 186 479 421 684 587 564 91 368 725 347 790 394 755 477 637 456 428 618 748 152 281 101 634 73 119 357 363 513 515 612 615 680 716 769
1 1 29
315 614 510 577 106 131 652 245 330 749 316 85 149 159 167 178 235 238 283 337 410 417 498 527 625 655 692 718 792
1 5 20
187 744 121 342 233 406 498 558 735 559 553 1 158 213 328 397 404 541 686 770
1 8 27
688 555 424 731 463 415 784 303 346 286 533 625 661 285 0 9 123 204 443 454 459 460 643 644 676 694 767
1 3 38
158 605 349 745 752 18 128 738 654 632 103 82 690 566 87 792 653 447 582 508 116 11 79 92 102 109 133 312 346 365 384 401 412 465 470 483 544 743
1 7 42
597 163 422 264 366 145 433 746 636 309 344 40 314 427 509 167 396 373 726 764 586 381 470 679 442 74 52 641 25 115 199 326 352 355 487 491 570 592 728 744 772 778
1 7 24
68 408 1 526 325 644 573 646 248 781 83 329 574 97 121 192 262 334 376 385 446 569 663 675
1 14 48
203 604 471 114 685 296 672 659 271 283 54 649 130 9 390 419 608 613 334 11 105 708 750 4 188 63 446 97 457 307 756 584 623 788 300 352 789 16 24 100 113 144 147 152 246 372 386 763
1 9 22
528 279 418 31 333 29 472 180 25 117 47 8 21 98 242 297 327 400 434 610 627 758
1 13 46
201 291 669 305 727 274 480 26 596 335 449 633 563 360 212 171 705 67 227 133 760 266 452 89 624 450 51 697 273 124 465 200 272 615 386 27 3 47 64 244 254 284 606 713 719 793
1 16 22
15 545 630 413 216 554 774 199 4 60 93 169 173 177 423 462 509 526 578 645 651 727
1 1 46
713 473 104 475 739 215 515 270 5 143 540 317 376 517 753 340 207 12 501 724 328 777 294 538 24 141 221 655 520 41 256 551 14 742 500 786 65 118 128 150 281 331 474 560 678 691
1 6 40
195 529 20 607 462 542 204 796 485 21 297 30 794 137 191 650 198 490 703 370 42 775 550 521 594 58 127 102 120 581 109 778 196 483 609 125 479 598 641 766
1 1 27
339 148 464 770 33 681 60 675 439 798 523 677 743 39 67 87 245 319 332 399 426 438 582 635 733 750 775
1 13 46
218 736 683 211 765 717 716 767 108 323 572 46 73 319 246 484 506 249 209 710 177 348 280 616 343 732 222 176 393 182 482 262 155 156 601 432 787 519 762 571 54 71 251 427 715 799
1 18 21
567 489 81 84 122 138 239 299 301 307 320 408 431 516 547 589 624 652 653 702 788
1 13 33
429 356 223 488 628 288 136 412 658 751 444 527 757 426 467 511 22 676 168 164 668 2 49 89 134 209 211 218 253 362 536 572 581
1 10 16
797 293 32 130 224 255 296 305 381 506 534 552 566 603 723 785
1 17 50
354 49 181 689 647 657 19 578 782 225 768 588 417 730 397 598 268 244 513 678 53 111 512 144 570 61 71 459 126 64 530 326 92 77 86 214 516 384 59 18 66 223 234 257 309 449 579 699 790 797
1 9 13
345 371 138 700 378 26 101 322 369 485 497 551 748
1 20 51
357 699 621 276 78 161 674 232 437 311 217 600 666 491 430 493 165 487 638 481 282 648 671 409 162 711 287 434 154 451 79 39 660 642 129 235 96 13 247 345 364 382 390 531 659 685 706 742 757 759 761
