700 35 1085 20
4 23 23 15 26 13 27 10 5 17 11 15 17 9 5 23 16 27 13 6 20 30 9 29 14 10 4 13 26 3 6 4 26 11 9 16 6 23 20 10 15 4 25 22 22 23 8 18 19 5 20 9 5 28 30 17 29 26 23 18 3 7 25 11 11 29 15 29 27 30 5 2 3 30 12 18 27 11 30 13 11 17 11 17 29 13 2 27 23 3 20 2 9 9 4 13 18 20 19 4 14 26 10 13 24 9 28 8 3 20 17 1 7 27 28 8 4 26 5 26 16 20 30 29 11 16 1 20 24 11 27 8 11 14 17 18 11 8 22 8 20 30 8 20 17 23 9 28 2 15 2 1 23 27 26 3 29 4 26 6 11 7 6 19 9 1 5 13 5 5 24 13 19 30 6 14 1 1 2 24 26 8 23 27 11 16 15 12 8 30 20 16 10 15 11 19 28 28 25 10 15 20 6 18 9 16 1 25 28 22 19 24 6 16 9 3 28 19 2 15 20 20 30 15 7 4 6 20 19 25 22 3 7 1 8 24 6 4 15 6 11 9 22 26 27 29 10 3 10 20 15 15 26 21 28 4 8 13 6 15 16 9 28 16 30 6 14 27 5 24 6 9 25 18 22 6 5 24 4 18 19 20 16 9 10 15 27 24 6 13 25 12 13 25 19 10 17 28 5 21 30 30 10 27 3 13 5 19 14 12 29 19 15 10 6 26 11 5 30 15 13 28 27 9 20 10 29 12 15 7 11 5 17 23 27 24 3 28 6 9 15 30 5 13 6 20 11 1 23 20 22 12 30 23 2 21 16 1 8 18 3 16 22 27 8 25 10 2 11 10 29 23 1 16 24 25 18 7 2 15 18 29 2 23 27 24 2 16 13 26 7 10 3 10 30 12 4 10 5 18 10 4 20 12 25 9 26 5 22 20 12 16 29 9 9 12 12 29 26 28 21 10 18 25 28 25 7 2 26 28 15 18 9 18 22 2 24 22 24 8 27 17 8 8 5 7 3 27 12 21 15 17 4 21 23 16 11 8 24 10 3 25 22 10 9 26 12 20 20 14 29 5 15 10 27 6 28 18 18 21 29 11 24 22 3 11 30 3 15 13 18 28 4 11 20 10 3 1 11 28 6 10 10 25 16 12 7 15 17 7 16 27 12 21 28 9 28 26 28 3 22 19 3 30 3 16 28 25 7 12 1 19 8 28 22 21 7 5 28 18 20 27 12 26 1 16 19 26 15 6 28 26 8 6 26 24 27 2 5 20 10 20 24 3 23 1 3 18 26 17 18 25 18 3 30 26 16 11 14 25 27 10 13 29 13 25 29 20 26 25 24 1 1 27 12 17 16 26 11 7 22 20 18 14 15 19 16 9 2 1 2 25 30 12 15 6 24 24 27 9 6 18 1 12 25 15 28 9 15 15 29 7 20 9 13 18 15 22 18 28 26 13 26 24 25 22 14 24 20 23 23 23 19 9 20 14 24 8 12 19 13 30 20 27 3 26 28 22 3 15 10 17 4 5 14 11 20 30 30 10 14 15 12 17 24 27 7 10 2 9 14 16 27 7 24 17 16 26 22 17
2 15 2 4 27 16 4 2 27 10 13 24 27 25 10 13 23 14 4 20 13 29 5 18 23 1 18 11 2 3 5 1 27 10 20 9 3 20 3 1 20 23 26 28 13 24 16 7 18 16 5 10 9 16 20 20 10 21 22 13 17 26 29 30 4 28 1 30 30 4 20 1 25 12 26 15 16 30 22 22 20 2 7 22 3 19 4 3 21 1 17 4 24 21 8 18 8 11 3 27 8 9 14 3 27 26 9 8 5 1 12 17 18 16 15 13 7 29 24 30 30 25 21 6 5 5 13 23 25 26 19 14 28 22 7 10 16 17 1 20 27 12 12 2 17 15 24 19 27 29 26 5 10 11 16 21 9 10 1 23 10 11 2 5 24 3 2 28 22 30 21 25 22 28 26 14 30 25 6 1 13 2 7 20 30 30 2 9 27 28 29 13 12 12 12 14 30 23 27 15 21 19 9 4 15 26 2 29 5 2 26 11 12 13 25 8 4 3 30 10 25 30 28 18 30 24 29 27 26 4 13 20 1 2 2 27 28 18 7 13 17 24 1 6 19 30 27 20 18 25 13 9 16 3 24 15 22 25 5 28 26 2 20 15 13 18 28 14 20 27 4 28 4 18 19 17 18 14 13 25 28 25 25 17 17 2 27 20 1 19 29 25 24 20 24 9 28 3 5 15 15 14 24 1 13 17 6 17 18 16 9 11 22 17 1 10 19 6 5 5 29 4 18 9 15 16 24 5 28 20 27 17 3 9 24 8 18 27 4 13 19 5 28 30 25 8 30 1 23 27 10 6 11 19 11 17 30 12 27 3 2 3 16 1 29 8 9 7 14 9 5 8 9 9 8 24 22 26 20 12 15 9 8 3 22 12 15 26 22 24 4 9 9 6 28 10 6 28 1 14 20 10 23 13 19 26 19 19 1 20 13 4 14 10 27 28 21 20 24 5 4 20 17 2 26 19 22 27 2 7 22 25 10 5 26 6 18 10 11 17 28 9 23 8 1 1 19 10 11 27 18 14 1 13 22 3 8 27 15 27 8 13 13 18 6 26 1 30 16 2 27 21 17 23 2 1 20 8 28 18 28 24 25 4 23 8 30 15 19 30 19 26 10 17 6 12 19 1 20 13 14 30 2 18 23 24 22 6 20 16 9 4 20 23 14 17 11 29 25 23 3 15 5 17 12 26 7 9 30 4 18 2 25 1 6 3 23 29 8 9 7 24 13 25 28 9 6 25 10 28 16 25 29 4 20 19 14 16 5 16 3 28 8 2 3 9 27 12 2 10 10 21 6 13 27 4 2 20 7 5 24 28 23 4 11 15 30 9 2 5 1 13 8 12 17 20 8 10 24 11 30 20 8 19 19 19 22 27 9 18 26 24 21 13 20 4 19 27 20 28 5 26 15 24 13 14 22 16 7 3 16 12 8 28 22 12 3 19 29 25 28 3 7 20 1 9 17 7 27 23 24 4 23 27 3 15 20 1 21 24 6 14 4 7 6 9 8 11 27 15 19 28 23 5 22 9 30 10 23 26 27 20 12 11 22 16 17 8 11 13 24 29 17 10 23 25 12 21 30 13
1 5 40
202 615 605 99 159 609 351 228 334 555 278 359 437 381 303 32 139 365 147 342 547 424 528 8 58 244 474 460 336 40 1 19 89 143 235 237 343 565 584 586
1 9 44
545 46 263 224 173 486 156 443 553 415 402 200 520 231 238 565 671 538 59 670 446 662 315 404 578 621 591 235 204 366 20 61 62 106 254 261 285 429 513 550 570 628 648 685
1 9 46
465 488 367 548 696 223 514 45 168 395 308 52 208 638 226 494 85 511 272 471 497 296 525 455 652 11 32 42 55 84 158 164 212 217 288 360 421 437 470 476 502 558 604 643 655 691
1 13 35
498 660 371 178 588 546 329 412 385 17 111 587 502 391 10 36 53 5 695 25 117 130 175 191 197 266 269 380 400 402 403 475 508 512 646
1 13 29
193 87 577 561 454 177 148 68 610 400 495 6 463 164 611 677 18 92 105 147 170 320 410 480 489 501 524 530 667
1 7 26
449 154 684 72 0 635 672 322 264 74 567 560 362 653 330 128 22 43 75 165 185 205 242 625 661 679
1 2 42
566 172 450 29 171 295 196 639 353 516 49 3 286 347 629 475 140 121 14 543 378 160 394 327 698 440 97 132 133 265 272 291 310 354 368 374 445 469 484 623 675 686
1 6 46
604 215 682 97 531 15 161 131 549 417 269 21 426 83 648 355 435 627 125 425 253 396 453 664 530 666 319 569 499 157 668 657 341 408 201 35 127 171 183 251 461 551 618 621 649 660
1 4 38
123 580 379 583 221 96 109 410 112 254 165 568 363 564 11 145 361 155 685 206 84 419 692 265 464 693 67 7 93 108 259 334 336 355 497 500 544 674
1 13 22
256 305 267 13 456 318 53 88 99 187 202 206 239 299 338 369 386 389 479 541 595 598
1 5 30
596 406 311 430 34 12 55 399 622 299 533 174 350 574 434 13 38 86 91 148 226 268 284 318 335 339 518 527 629 651
1 4 44
576 189 382 247 393 339 93 134 290 176 332 268 600 146 451 77 314 438 624 522 252 137 42 16 534 691 33 180 592 389 46 71 112 131 167 188 192 213 283 357 414 493 537 670
1 8 22
383 212 656 647 301 333 392 559 0 181 218 244 316 356 436 455 516 522 539 563 692 696
1 19 28
261 283 562 48 298 651 601 54 185 487 182 25 126 607 259 619 43 291 33 90 150 211 300 352 361 417 439 459
1 13 29
694 504 448 418 505 335 205 273 598 608 557 634 620 337 354 641 640 646 38 477 115 10 59 63 95 351 468 535 657
1 14 46
276 523 118 482 258 644 675 550 344 124 409 551 540 674 513 369 679 617 230 328 575 625 661 249 281 108 270 302 506 141 50 223 332 358 405 416 428 434 448 467 520 560 582 608 653 666
1 12 48
445 219 649 81 310 285 69 673 76 88 288 491 405 439 602 352 527 86 119 554 239 132 210 642 37 377 187 234 407 257 345 403 343 16 44 47 94 174 295 308 321 337 382 420 462 472 644 693
1 13 33
637 248 80 519 558 321 676 317 521 129 90 590 380 597 515 18 643 106 4 21 67 78 199 274 290 304 350 363 425 485 548 602 611
1 10 16
689 41 28 390 375 309 680 66 137 362 422 424 431 597 688 699
1 18 40
603 654 686 195 517 360 507 500 357 198 496 452 66 420 541 236 181 571 89 44 103 184 280 593 524 169 56 658 479 595 373 678 9 83 160 166 176 225 309 440
1 11 40
386 650 556 589 292 70 665 101 432 287 433 325 133 526 623 275 9 114 312 151 614 113 503 62 75 24 87 169 279 281 379 391 419 471 498 504 552 588 599 673
1 7 27
572 194 690 581 313 421 398 606 179 645 681 532 243 570 472 233 535 372 183 544 73 77 227 293 430 638 658
1 1 25
251 149 411 508 416 613 91 518 628 209 242 478 98 49 52 116 144 153 154 222 306 353 492 531 575
1 2 30
232 669 225 422 466 346 630 536 632 203 510 95 376 35 490 19 431 492 70 149 328 371 385 412 443 449 491 607 624 681
1 5 20
444 271 250 26 163 23 85 136 234 275 348 370 413 452 466 481 494 536 641 689
1 7 45
447 626 594 277 214 73 222 262 240 266 31 552 217 306 218 94 470 241 461 50 338 122 47 631 468 107 82 563 473 282 64 289 459 374 2 37 113 138 173 186 248 378 383 418 680
1 9 25
441 117 326 135 197 51 127 599 458 579 323 364 23 109 141 198 264 296 311 319 454 506 578 603 683
1 7 39
356 166 245 481 27 2 274 190 105 427 207 655 331 618 102 216 294 297 78 586 30 100 130 573 104 20 485 152 667 480 7 214 220 423 499 505 523 533 594
1 6 32
349 260 144 428 582 467 153 370 188 683 24 539 150 423 324 388 484 699 384 413 114 120 155 297 329 331 367 529 568 585 591 650
1 16 33
57 483 320 293 284 436 211 186 585 401 457 687 397 1 316 633 237 368 246 512 15 28 36 102 152 230 307 344 388 525 549 662 663
1 10 25
300 663 414 60 162 529 120 255 489 14 118 216 219 243 267 303 305 324 384 447 482 488 495 626 640
1 14 28
63 442 138 213 116 158 304 509 697 65 688 542 279 358 612 429 307 227 469 79 215 257 322 372 387 457 580 632
1 20 17
92 340 387 71 45 48 121 134 194 240 381 395 490 510 511 564 590
1 16 32
659 192 39 220 175 79 537 170 636 616 136 462 143 476 199 61 229 348 191 501 493 584 110 159 163 262 302 314 326 327 600 627
1 4 15
167 142 81 135 146 247 250 282 312 333 456 517 543 569 576
