1000 40 1550 18
30 12 27 23 10 9 11 5 8 9 18 30 23 7 7 29 3 5 12 18 16 7 13 4 18 5 26 5 27 27 18 20 29 25 24 28 9 24 9 28 16 16 10 8 11 14 30 3 20 19 12 16 6 10 14 19 9 7 17 20 2 18 28 16 4 9 3 3 20 19 12 7 21 28 7 21 9 24 7 8 24 6 23 20 16 17 9 8 18 11 25 7 2 15 26 21 29 19 25 2 23 10 10 22 13 30 15 3 2 9 13 20 21 28 15 28 17 19 20 3 26 30 16 5 7 20 16 5 25 17 6 22 29 24 20 17 26 26 9 18 4 16 16 5 7 18 21 3 1 11 19 13 24 22 4 10 1 21 11 13 25 9 5 8 28 14 23 5 22 13 9 30 17 10 19 23 18 23 14 21 16 14 22 26 1 12 4 11 18 6 13 2 16 26 9 22 21 10 30 10 10 9 3 10 28 11 19 29 8 4 10 4 16 2 19 25 13 6 20 22 29 9 21 15 13 16 17 6 23 8 27 9 20 27 22 26 30 19 18 26 1 8 6 13 16 4 9 19 1 1 8 27 6 14 10 27 4 27 5 11 23 29 10 22 11 19 30 17 13 20 18 1 22 29 4 16 15 19 7 5 13 7 27 18 18 4 1 28 10 24 15 23 23 21 7 9 22 20 17 17 20 15 21 17 19 29 25 2 12 20 5 6 15 25 29 19 29 18 27 29 17 15 8 24 16 14 14 23 8 27 12 12 12 23 28 26 5 2 27 15 5 11 30 3 1 20 6 24 27 15 26 7 12 23 15 9 17 2 12 14 8 20 16 24 8 8 28 4 21 16 16 4 29 30 4 4 6 6 24 30 30 8 10 1 20 1 24 14 17 4 1 22 1 1 29 23 17 21 27 27 12 16 28 25 12 10 24 20 9 16 26 19 4 26 14 5 27 18 28 29 20 27 29 11 25 2 19 20 15 29 23 18 29 10 6 22 26 9 14 11 16 21 28 21 5 17 22 22 15 1 17 1 15 1 17 8 8 8 17 6 12 13 15 17 21 11 17 17 8 19 25 11 27 28 24 30 11 7 18 17 11 7 23 28 30 9 12 25 22 11 18 11 3 30 13 7 6 27 26 20 14 13 14 9 3 19 4 7 19 15 4 18 26 8 10 19 21 10 10 5 7 13 14 17 10 15 13 20 12 25 12 26 15 8 20 22 24 6 12 29 2 9 1 13 13 15 14 11 20 19 21 9 27 16 6 19 13 29 15 5 10 9 3 26 15 5 21 13 5 15 2 12 30 11 26 21 18 26 7 29 13 29 1 24 20 23 24 22 2 29 17 21 2 9 12 30 29 6 26 30 16 3 1 2 15 29 1 9 2 30 22 5 29 6 9 6 29 18 3 26 14 13 12 2 8 4 20 19 17 18 17 16 5 24 29 4 28 29 29 16 23 6 28 10 29 30 17 27 26 15 27 12 10 7 15 16 7 25 25 7 15 12 11 26 3 4 4 5 23 11 13 16 20 28 13 6 27 4 3 5 24 9 7 20 10 12 24 6 30 19 19 17 18 25 10 28 7 9 23 4 1 30 26 28 1 13 3 29 3 12 27 11 7 29 8 5 12 7 7 5 2 8 27 3 9 28 21 14 8 7 10 3 14 6 13 10 13 29 22 29 25 2 23 22 23 11 21 9 7 6 5 13 20 24 23 25 9 8 23 11 3 1 17 15 16 11 8 4 5 17 29 5 19 9 7 25 21 22 16 26 28 3 7 5 21 10 8 13 26 14 25 29 4 19 30 18 12 9 11 12 20 11 17 26 5 7 30 1 30 5 17 1 11 29 16 29 27 2 6 11 11 27 15 23 22 5 6 28 21 6 29 21 30 5 26 19 25 8 22 11 13 4 3 15 5 18 25 3 1 28 30 30 20 22 28 10 28 8 1 23 23 4 7 28 9 4 22 11 22 13 27 7 5 19 25 16 2 22 30 29 24 29 4 24 11 21 24 2 25 27 17 20 4 6 11 13 22 9 24 4 14 8 25 23 4 28 7 26 23 14 8 15 11 5 24 19 4 9 10 20 17 14 22 19 14 20 18 21 1 20 21 29 2 8 24 19 21 17 30 26 8 28 9 12 23 28 10 19 3 3 18 13 18 13 30 9 19 6 30 10 28 15 28 26 30 24 22 20 5 13 15 23 25 27 10 30 1 20 20 9 10 11 24 8 25 29 15 30 26 25 10 20 6 8 17 23 1 2 21 20
12 9 27 5 3 8 2 8 3 3 13 30 23 14 26 30 9 30 7 15 11 10 14 30 17 26 7 29 9 14 19 2 26 30 13 18 17 10 29 19 3 13 10 12 6 9 1 8 27 9 3 3 26 6 25 1 21 14 5 18 27 7 27 5 16 18 16 15 16 8 8 7 27 11 5 26 26 28 14 16 9 29 16 10 17 17 21 2 18 20 23 19 15 30 9 26 14 1 1 30 24 7 22 7 14 4 3 9 6 13 14 27 19 28 23 30 23 11 24 10 10 24 26 19 12 4 1 27 1 29 28 22 17 16 19 16 24 16 28 29 14 13 9 4 15 22 28 16 6 20 6 6 25 16 29 11 9 18 5 17 26 13 3 26 4 9 19 22 11 11 3 5 14 8 10 26 19 3 12 11 27 13 3 5 2 19 30 3 16 26 30 29 19 6 16 16 25 14 22 24 30 12 17 1 21 14 18 5 16 24 19 4 12 26 26 10 5 12 4 25 3 15 9 14 3 1 28 20 11 19 22 17 23 7 4 29 19 7 19 19 7 3 1 1 15 21 11 25 9 29 3 17 15 16 30 17 13 1 19 11 29 8 22 12 10 10 8 9 11 24 22 25 15 3 5 23 20 23 19 17 20 11 24 16 3 22 3 9 24 24 24 17 21 8 29 15 12 6 1 13 19 3 15 2 14 11 8 9 10 24 27 23 24 29 27 21 17 13 12 19 14 29 21 2 7 30 15 29 27 27 18 6 29 24 17 29 10 30 7 11 13 2 23 24 4 6 9 10 16 29 19 9 28 9 27 21 14 22 24 5 29 24 29 20 16 21 8 9 3 18 13 20 21 2 24 18 4 25 2 4 19 5 8 11 19 1 20 1 6 19 6 10 11 7 23 4 30 24 30 5 5 11 3 27 7 10 11 28 8 21 1 5 15 16 14 27 5 17 12 14 11 16 10 6 23 14 21 21 29 28 5 26 3 15 17 25 6 24 24 1 19 19 11 26 2 16 18 24 4 26 2 21 24 23 20 7 5 21 11 22 26 13 21 14 7 25 7 1 7 24 30 7 4 20 8 23 22 3 20 28 21 20 13 20 20 30 28 23 1 2 21 17 13 8 23 9 18 27 5 12 20 12 11 22 3 24 3 19 19 3 17 11 5 26 3 17 7 26 24 25 11 10 1 15 27 28 22 20 17 14 14 4 6 5 18 19 29 27 28 3 10 5 3 18 26 30 28 15 21 15 30 6 24 11 13 14 25 13 22 8 26 30 5 20 27 26 21 11 3 10 8 1 2 19 25 28 26 10 5 13 7 27 8 23 25 21 28 23 21 27 8 9 16 16 30 7 17 15 13 7 18 5 26 15 11 15 5 15 26 1 4 5 17 11 6 28 22 14 19 22 26 15 18 29 5 8 30 16 14 19 15 13 6 4 15 3 20 26 18 6 7 30 19 3 30 28 2 2 6 23 21 16 4 1 16 12 4 15 9 9 24 28 25 26 18 14 4 21 1 28 17 8 12 12 19 21 4 24 18 30 25 22 28 24 9 11 7 26 20 30 25 24 26 30 25 12 25 25 27 20 11 2 3 15 19 28 20 11 20 29 6 19 11 4 17 8 12 30 29 30 14 14 18 24 19 8 9 5 3 29 23 20 5 3 29 21 26 21 14 7 17 5 26 4 1 21 3 23 4 8 10 12 1 11 8 26 27 4 9 16 24 9 23 9 26 3 15 30 3 29 21 8 22 5 17 23 21 25 29 12 29 9 6 14 18 10 17 9 10 29 26 14 24 27 15 25 13 27 11 6 1 20 9 22 29 20 3 10 14 2 29 12 22 21 15 30 2 27 27 29 23 15 7 6 16 17 24 12 22 22 23 9 22 12 19 23 20 17 21 15 28 1 11 9 10 28 10 18 9 9 3 2 11 6 20 4 11 20 11 1 7 17 18 12 28 24 22 22 10 28 21 21 15 14 11 8 25 8 15 6 12 11 21 24 2 2 29 7 2 26 16 13 22 3 12 13 6 15 25 14 20 18 29 3 23 19 23 8 17 5 6 19 29 3 19 16 15 6 2 2 10 30 10 17 22 18 18 12 16 20 28 24 28 12 1 24 2 4 22 29 1 1 29 5 25 21 1 21 19 7 12 29 2 2 12 29 16 18 20 14 25 2 14 24 1 29 6 11 28 2 30 23 5 27 30 23 25 19 10 23 26 28 30 6 9 3 16 5 17 4 17 10 11 28 1 15 10 4 16 15
1 5 28
521 598 916 402 581 268 372 331 22 184 188 189 223 236 356 374 375 436 464 495 600 603 605 617 619 635 919 981
1 9 61
937 8 559 758 99 422 294 441 12 615 700 145 183 439 374 949 651 350 986 262 684 162 487 752 360 681 228 497 705 281 602 512 283 984 503 835 191 97 33 358 831 948 755 64 15 65 77 131 171 185 224 234 260 344 395 541 624 686 693 771 856
1 11 21
488 612 517 584 154 134 13 9 729 239 781 47 146 321 414 438 507 522 586 658 952
1 7 59
459 88 392 443 63 245 313 270 678 632 594 943 571 446 786 701 853 760 609 931 165 137 686 965 724 969 143 922 467 382 542 996 67 22 6 941 591 925 558 653 539 798 910 321 389 983 945 265 355 37 176 441 714 718 758 873 903 948 977
1 11 64
904 464 690 453 205 737 410 78 159 403 952 200 406 936 253 345 756 168 396 131 449 496 335 847 768 661 527 617 251 640 784 839 466 120 741 173 970 570 431 491 770 975 433 702 34 68 238 250 288 352 383 412 514 556 599 677 712 759 813 818 845 846 866 925
1 10 55
692 872 646 667 15 116 683 218 828 398 719 236 30 411 478 498 757 211 280 824 805 76 421 895 177 158 61 184 353 395 633 710 619 913 397 337 565 432 675 906 706 371 18 788 75 187 265 284 378 384 493 687 735 752 779
1 12 57
420 921 973 792 822 242 123 92 209 461 736 625 393 852 849 793 98 638 39 555 688 0 532 804 657 877 769 953 806 885 469 182 415 749 717 171 524 523 504 51 56 117 228 232 307 431 529 626 729 747 751 888 891 895 958 960 979
1 12 37
291 278 703 954 924 535 417 898 808 306 153 963 747 693 121 414 54 89 165 269 303 410 467 489 510 530 554 604 654 739 757 765 863 865 882 893 968
1 6 49
341 40 818 408 376 194 282 146 377 564 93 988 932 206 652 820 260 732 797 892 34 660 827 666 111 900 299 576 956 349 993 119 761 301 43 112 152 154 157 331 379 447 470 781 851 909 954 983 990
1 15 15
534 456 178 87 102 116 247 253 490 578 585 646 826 897 986
1 9 54
927 238 716 543 739 918 733 70 74 861 538 896 699 221 586 346 968 288 470 677 333 361 780 142 364 869 987 911 982 117 644 582 845 855 249 26 96 113 197 272 298 400 424 451 460 488 574 661 745 764 814 880 884 916
1 8 49
803 217 192 71 754 959 234 607 645 977 850 802 106 548 726 914 452 841 129 971 55 978 180 232 368 656 942 115 45 428 380 745 629 122 62 230 161 367 390 946 929 436 649 61 105 179 512 621 855
1 19 36
962 356 46 151 819 311 815 440 114 596 207 53 134 155 191 304 341 367 394 396 421 481 491 569 591 601 644 645 682 690 720 750 837 838 839 973
1 9 53
271 418 133 135 477 897 728 11 75 957 482 903 23 687 484 451 319 763 577 578 336 875 679 256 10 603 36 999 125 502 698 950 515 196 556 96 314 844 665 891 547 59 86 137 220 338 545 662 689 787 800 894 975
1 5 20
525 47 880 77 530 215 305 94 140 340 348 361 409 527 701 709 717 874 879 965
1 4 34
300 536 473 303 840 546 204 740 54 385 104 359 501 639 1 974 366 91 72 141 144 243 273 286 312 318 430 454 535 628 795 885 901 971
1 5 42
318 463 930 425 670 412 939 923 634 89 37 541 782 537 991 624 104 118 164 190 218 246 252 354 369 382 434 544 639 680 755 802 889 896 905 910 914 921 940 950 957 961
1 3 40
409 505 103 998 426 637 31 56 878 579 647 4 879 992 434 338 322 868 572 170 561 450 71 178 181 182 194 271 425 525 620 622 653 710 756 791 812 849 920 935
1 7 35
66 216 981 605 330 917 25 110 309 669 43 113 985 587 862 553 814 263 139 144 915 72 160 249 266 285 351 461 468 559 570 582 613 773 844
1 11 40
662 866 554 188 430 339 506 95 568 214 427 560 858 455 266 867 882 566 107 42 50 143 195 295 329 355 392 419 458 497 501 537 551 631 637 669 672 782 869 944
1 14 26
323 304 636 2 118 830 413 837 807 495 172 3 8 100 349 484 500 546 596 630 641 700 711 808 832 887
1 2 53
156 731 297 884 557 468 462 994 136 447 920 672 19 328 394 388 186 673 785 475 848 614 316 286 190 520 893 960 102 448 86 874 823 715 655 589 49 248 618 25 88 330 391 399 485 625 640 668 790 850 864 877 915
1 9 17
610 597 24 833 905 519 29 42 691 333 503 587 798 966 974 992 994
1 8 29
795 935 511 138 990 783 857 442 775 816 391 696 401 863 671 748 287 972 23 108 389 476 521 638 754 766 772 890 928
1 8 40
424 854 668 813 734 595 712 787 580 175 522 132 310 83 53 261 155 907 774 514 573 908 725 873 193 275 419 84 200 319 360 385 423 462 482 502 511 593 608 937
1 9 55
574 148 486 663 507 69 400 109 220 551 227 708 964 718 583 308 79 152 179 87 611 457 870 124 277 791 437 771 859 14 226 222 516 494 485 834 147 233 890 11 21 114 122 172 343 429 595 634 675 746 753 825 951 970 996
1 3 23
600 641 654 164 369 821 82 735 416 851 6 41 149 261 561 588 647 673 805 840 883 932 984
1 18 64
352 231 41 130 743 264 648 387 94 344 340 567 550 623 296 528 273 801 375 342 483 334 842 601 320 616 48 790 284 479 772 332 658 480 405 562 370 35 721 871 307 933 44 290 976 16 49 74 106 161 198 199 270 432 563 565 612 664 736 749 774 816 953 962
1 10 30
817 213 202 901 934 489 709 889 126 765 635 17 237 493 499 685 588 458 0 36 168 241 251 283 324 583 602 642 796 963
1 17 43
474 198 252 363 777 899 295 58 16 604 255 599 711 351 454 384 289 750 940 378 315 140 73 631 510 628 347 518 326 928 979 81 246 103 115 204 466 487 558 660 792 859 998
1 18 28
938 460 302 5 292 626 276 744 730 101 445 606 24 33 55 130 226 258 275 299 326 345 415 416 474 699 733 829
1 13 63
28 244 997 529 203 773 285 181 552 229 386 407 526 825 714 697 381 720 689 881 643 258 944 224 201 832 20 325 32 476 682 800 627 149 789 778 894 509 404 812 208 105 429 707 620 435 776 438 10 110 129 280 406 426 499 540 581 649 663 740 769 853 926
1 10 24
169 989 585 492 60 62 64 163 214 444 532 576 651 659 713 727 776 797 848 861 892 900 908 972
1 9 41
951 247 796 531 423 27 811 622 540 742 843 513 127 926 676 465 150 68 865 317 444 379 383 26 82 109 111 123 132 136 282 291 472 548 584 681 731 743 870 886 964
1 19 58
846 883 399 592 902 212 680 563 269 219 856 753 108 51 259 674 762 860 590 569 185 362 508 764 80 723 348 298 7 365 738 84 608 919 549 343 500 174 156 235 244 274 311 347 404 448 471 518 526 655 667 708 784 786 811 815 819 830
1 10 35
128 966 52 746 354 659 167 327 794 57 210 955 279 373 722 312 995 223 357 225 695 593 76 80 139 213 337 435 465 560 666 684 726 936 997
1 18 62
197 90 751 838 826 243 272 240 50 533 176 189 85 38 160 642 947 250 836 799 888 324 163 187 241 199 166 60 909 810 472 967 471 887 912 254 545 3 864 329 961 727 45 97 148 175 233 334 335 365 368 386 422 598 633 715 768 806 807 858 878 956
1 9 19
293 809 141 694 2 18 133 145 290 332 398 413 575 611 618 828 942 946 978
1 6 35
59 704 235 779 767 980 630 65 829 621 100 958 157 112 759 195 664 490 713 20 79 93 95 230 346 446 456 517 542 648 678 719 898 912 976
1 13 29
274 21 544 650 886 267 876 257 613 766 481 575 69 124 153 167 229 381 480 508 515 553 671 775 803 822 833 843 980
