500 39 775 20
6 4 1 29 25 15 3 20 26 10 1 3 21 24 3 27 28 29 25 15 5 2 3 14 2 18 24 5 19 29 21 3 3 13 4 21 16 1 5 19 21 21 4 1 19 6 4 25 1 18 8 7 26 11 17 19 23 26 23 3 17 20 4 11 9 20 24 18 7 10 13 27 16 12 15 16 17 11 16 29 22 17 13 25 10 13 7 19 4 19 29 24 15 20 24 27 19 8 10 9 3 22 30 27 29 6 3 4 28 8 11 30 23 12 1 1 18 24 6 23 11 10 6 23 16 5 19 2 18 30 16 19 13 30 15 23 7 16 19 17 13 10 21 16 22 4 19 14 22 25 15 15 9 30 4 16 8 15 2 15 24 12 28 7 2 21 15 2 25 1 24 26 8 26 13 15 16 16 28 25 13 18 27 8 21 15 17 3 27 1 14 9 11 18 15 8 28 7 12 13 11 23 7 6 1 9 28 3 29 15 19 30 26 18 12 21 21 1 3 24 14 9 18 23 16 10 12 14 25 15 8 19 4 3 18 22 13 7 24 28 21 20 7 27 2 14 11 16 4 21 1 21 22 24 10 17 25 30 29 5 16 24 1 14 22 27 22 6 28 7 1 13 13 19 4 12 1 23 4 29 30 15 16 22 28 19 10 27 28 16 1 26 2 19 9 8 3 3 19 19 28 16 11 23 1 15 3 26 2 6 15 22 3 7 5 23 25 6 22 27 9 8 26 14 30 19 22 11 19 6 20 10 17 20 9 20 19 4 14 4 20 8 12 18 1 10 2 28 4 18 13 19 27 8 11 20 27 16 17 2 1 30 30 19 15 19 23 26 24 11 5 10 12 10 20 1 12 4 26 1 25 28 19 22 6 6 9 18 17 2 27 17 16 29 18 7 19 16 1 19 13 12 16 15 14 12 20 18 7 28 30 4 13 17 2 6 6 13 15 14 14 30 5 22 13 4 13 1 9 30 28 25 17 1 10 18 25 17 15 26 26 28 2 13 17 15 27 30 4 9 24 22 17 9 28 30 12 3 10 8 7 11 1 12 12 27 7 8 4 10 19 8 25 27 14 11 29 23 7 14 18 3 30 9 23 21 10 18 25 17 27 4 12 15 15 8 15 6 13 10
28 1 13 15 3 1 27 19 29 18 6 2 21 18 14 24 23 4 1 16 29 4 16 24 7 19 25 14 26 15 29 26 19 25 23 1 14 15 10 8 16 6 23 9 5 16 20 5 8 30 28 25 27 5 1 15 15 25 2 19 8 17 13 7 30 2 29 11 5 6 15 28 2 15 3 10 14 26 3 21 9 20 16 11 10 8 26 18 27 9 23 14 6 25 25 29 8 7 4 7 16 25 2 20 8 5 4 18 25 22 28 5 2 14 11 17 30 11 26 30 29 26 19 2 6 10 19 29 9 20 1 29 7 17 8 11 15 17 24 7 29 30 18 2 19 15 23 12 20 28 18 14 2 25 30 24 29 17 6 8 10 22 12 13 8 15 14 24 23 17 5 19 3 21 23 3 4 12 29 3 10 16 29 26 4 15 5 5 30 17 14 21 7 2 27 5 16 17 25 28 17 22 15 12 23 3 15 24 8 2 9 15 10 9 30 7 29 23 21 29 19 2 27 7 8 14 15 24 30 17 26 29 20 20 21 22 15 19 5 15 12 14 29 19 16 6 22 26 11 19 13 15 6 14 24 9 26 22 22 26 16 10 9 22 29 11 30 1 27 29 3 1 28 13 22 27 9 30 20 21 26 1 16 15 5 22 2 17 27 18 18 11 21 25 14 3 10 15 27 6 19 22 5 22 6 25 27 17 28 11 6 25 5 22 27 12 6 2 20 25 7 16 21 14 26 22 16 27 17 21 13 22 18 14 30 27 22 2 18 29 13 14 29 13 9 3 9 2 3 1 29 12 27 28 21 8 22 27 27 8 11 25 6 28 23 25 15 6 21 8 2 8 20 11 5 16 19 27 30 9 5 12 7 6 10 15 19 1 26 11 15 25 14 6 22 22 3 29 11 4 30 5 18 6 13 13 6 12 13 11 20 22 15 10 19 13 16 10 25 25 1 27 11 8 9 27 2 29 20 15 26 9 30 5 20 7 25 18 28 25 12 1 25 2 1 16 1 25 1 29 15 8 18 1 11 11 11 20 6 27 4 9 21 8 27 12 4 24 6 23 16 22 29 9 15 2 10 23 15 3 9 16 20 25 6 27 29 15 10 2 15 15 13 23 21 18 24 6 25 14
1 11 29
66 186 449 255 250 29 126 181 139 292 107 239 59 206 18 403 261 234 142 176 122 171 473 493 21 23 322 339 370
1 11 30
60 382 249 202 344 17 423 240 492 218 184 428 172 290 228 268 190 210 73 374 128 312 0 61 119 187 230 307 373 487
1 5 22
20 90 277 499 4 230 326 331 397 264 253 78 248 380 194 43 70 218 353 379 415 432
1 6 35
479 451 418 368 298 0 321 395 310 339 50 216 362 383 241 299 485 396 110 337 433 256 402 237 75 83 91 227 249 280 288 317 327 372 385
1 2 18
398 71 92 157 431 88 361 278 37 72 84 139 308 402 409 459 488 492
1 6 32
354 363 144 384 80 215 309 437 463 57 394 160 24 413 108 39 405 411 141 286 125 347 46 69 98 101 203 240 253 326 378 444
1 6 16
111 72 56 177 457 300 115 135 211 248 333 341 392 414 480 496
1 8 13
359 119 429 348 497 401 480 47 92 93 131 269 295
1 15 23
19 45 350 342 400 81 352 32 464 192 217 13 102 68 133 179 209 260 277 384 395 407 451
1 12 9
328 420 199 67 87 193 241 405 462
1 11 31
132 274 113 40 6 145 242 482 271 364 458 158 35 151 85 435 322 5 220 441 106 417 262 174 8 44 62 201 252 427 463
1 9 23
25 44 360 179 392 390 393 104 97 163 345 130 353 446 13 189 190 342 371 433 438 439 465
1 20 28
279 346 258 422 407 100 338 334 439 16 231 15 438 236 379 222 121 456 103 349 79 159 321 426 434 449 450 457
1 20 11
426 432 454 391 80 223 228 263 275 431 448
1 9 15
7 12 26 191 131 469 128 157 256 311 356 394 425 456 476
1 9 9
452 1 445 16 26 60 121 161 299
1 19 32
30 330 77 475 68 399 196 129 211 476 86 127 455 226 79 489 182 238 302 470 373 447 31 155 296 146 237 268 293 406 428 484
1 11 28
170 38 327 96 367 8 459 272 117 306 183 498 421 404 247 69 468 37 294 83 25 45 66 164 217 245 262 466
1 9 18
267 285 289 474 169 409 453 410 356 385 143 59 132 152 192 365 403 478
1 14 12
94 376 340 46 84 297 12 17 22 247 261 416
1 4 22
133 386 425 41 166 178 173 477 75 484 488 189 187 283 91 471 138 486 375 184 205 319
1 18 15
465 146 291 320 273 152 35 113 222 336 422 436 437 454 475
1 12 11
14 93 208 427 188 154 33 90 312 346 491
1 10 20
318 28 205 460 221 164 372 434 275 301 180 235 4 85 134 142 350 361 363 397
1 9 19
496 282 332 195 419 243 65 366 335 149 197 153 490 15 24 78 155 208 292
1 16 9
27 55 34 106 158 166 231 236 267
1 20 23
257 63 365 98 224 325 323 443 293 245 414 472 461 10 18 19 36 54 216 221 310 396 445
1 13 13
156 424 227 491 77 102 140 186 233 309 354 472 493
1 17 13
209 203 134 308 387 47 260 225 198 105 107 127 270
1 16 33
36 263 212 266 280 317 378 2 161 276 377 481 207 336 370 229 281 23 284 109 430 357 11 94 96 160 178 255 273 332 369 468 470
1 2 11
305 53 114 34 101 287 295 165 48 364 494
1 16 14
43 159 136 175 87 369 151 251 272 418 486 489 495 498
1 6 23
140 389 265 70 112 246 314 388 307 7 71 99 123 138 150 175 298 316 400 412 413 419 453
1 1 34
185 313 448 351 201 64 115 406 223 259 416 150 67 343 135 450 54 193 89 440 61 462 333 30 56 82 97 141 173 238 258 393 455 477
1 14 21
9 82 232 123 466 148 311 233 304 315 269 120 99 219 358 53 174 206 374 387 446
1 20 13
213 483 147 200 33 14 38 116 144 266 281 324 469
1 12 20
303 95 22 254 442 444 137 341 76 381 52 244 88 100 182 219 224 246 318 328
1 3 21
324 270 124 3 319 487 74 355 495 494 371 105 329 436 204 162 5 264 289 338 420
1 15 28
51 116 21 408 251 467 167 288 214 415 168 252 49 62 58 412 478 11 316 42 118 3 48 81 147 235 291 429
