500 37 775 20
23 23 4 26 5 9 29 21 4 11 9 14 27 14 25 2 16 20 7 4 9 21 18 22 21 4 3 28 22 22 22 2 24 28 19 13 28 20 8 12 3 21 17 5 30 14 26 12 9 13 29 26 6 12 8 20 7 16 8 2 6 27 27 2 18 22 21 22 27 13 15 6 2 19 8 26 21 6 30 24 25 10 7 9 16 30 2 27 2 7 13 25 12 15 26 24 5 15 8 14 2 24 28 25 11 17 27 5 25 27 4 2 30 26 13 23 27 25 22 6 6 29 1 28 28 8 28 30 23 3 9 16 27 5 14 9 7 13 26 15 28 10 23 8 10 7 4 14 30 13 16 2 13 8 27 30 6 15 7 6 7 7 9 2 24 21 15 22 8 7 23 18 17 6 2 23 11 3 23 18 12 22 12 26 29 9 22 19 17 6 8 22 30 10 27 21 22 25 7 9 17 14 3 12 25 16 3 8 12 29 27 28 14 8 24 4 8 25 30 5 17 23 11 12 3 23 26 15 29 24 6 1 14 30 20 16 13 21 15 16 11 2 3 5 29 30 6 8 6 7 17 27 21 28 18 15 3 13 15 29 11 10 2 15 17 1 15 13 5 3 29 16 22 18 2 14 28 19 27 20 20 13 14 15 11 1 19 21 18 21 5 17 26 14 6 13 28 13 18 10 22 1 10 20 14 4 25 15 21 4 25 23 20 16 29 10 12 5 8 28 4 28 2 17 30 26 9 26 25 7 30 22 12 20 23 14 4 24 21 9 29 11 18 2 21 3 17 19 5 18 7 19 1 10 15 9 8 19 27 7 29 17 7 11 20 10 25 21 30 12 23 16 3 15 30 16 14 23 6 28 23 30 26 27 2 4 14 27 23 8 5 18 29 18 26 28 25 27 2 17 1 16 30 18 19 6 30 17 6 9 1 22 4 9 27 7 10 8 28 5 23 16 11 23 2 29 23 24 26 5 1 26 7 8 13 15 20 11 9 5 20 16 25 24 3 23 7 27 29 29 27 18 8 30 1 16 12 14 12 6 26 19 7 11 7 18 28 2 30 7 8 20 7 28 20 19 18 5 9 28 15 20 9 8 10 30 3 17 26 16 30 29 11 3 12 15 16 12 20 22
2 10 27 15 22 7 28 5 22 19 19 27 23 6 30 26 6 1 1 27 26 2 7 23 30 2 30 4 11 23 10 30 4 22 12 19 3 27 2 13 23 2 11 9 1 10 1 26 29 23 10 11 23 10 9 5 5 25 16 23 9 1 21 15 2 18 12 16 10 25 12 16 13 13 8 5 25 28 19 17 29 2 28 15 19 30 23 22 10 16 23 30 11 27 12 2 4 2 24 3 22 27 13 12 5 29 11 20 1 24 26 17 3 19 29 30 30 9 7 21 24 2 3 18 27 27 22 18 26 16 5 8 9 6 30 5 5 10 16 17 18 10 9 21 1 16 17 22 17 25 9 16 18 12 13 20 10 25 19 23 17 1 28 5 27 19 25 5 18 29 3 1 5 8 29 15 25 20 28 5 21 25 6 19 7 15 4 8 17 18 7 7 12 7 5 18 12 3 30 22 25 17 26 9 10 7 18 20 15 19 23 19 27 20 29 4 7 17 23 27 22 9 30 10 12 1 4 2 13 30 6 30 7 27 21 15 27 10 30 21 21 24 5 29 14 11 23 20 1 12 10 24 1 24 28 30 18 17 9 1 20 23 12 3 29 21 5 19 24 24 14 28 24 7 1 13 29 6 5 18 22 28 13 20 27 10 26 4 2 29 13 7 19 11 22 23 8 1 11 17 13 29 21 10 7 3 12 19 15 16 23 7 12 22 1 27 24 8 20 19 13 20 18 23 27 9 10 11 30 5 4 25 3 23 12 4 23 13 19 21 4 16 25 30 10 12 6 30 16 30 19 1 24 15 4 9 7 16 8 22 23 1 14 3 6 6 27 10 30 24 1 10 26 8 16 23 4 6 1 9 29 9 16 24 5 21 30 28 21 1 5 21 24 18 13 5 8 28 18 16 8 25 19 20 4 4 5 1 15 24 23 17 10 22 25 29 10 11 24 9 2 5 2 5 10 21 17 1 18 7 12 3 25 12 5 19 30 9 20 9 7 27 4 22 28 11 17 24 25 16 17 26 28 27 1 7 25 2 15 5 20 25 4 5 25 10 25 3 24 9 8 27 21 7 17 21 13 26 26 1 20 3 18 27 13 5 10 4 4 12 11 7 23 16 20 29 17 21 26 17
1 5 32
402 405 368 261 499 428 429 82 482 148 342 104 100 153 58 54 92 21 57 91 152 164 206 210 223 236 273 330 374 395 424 463
1 12 26
192 212 207 108 90 55 408 363 83 121 328 219 195 496 296 280 114 123 200 201 221 238 321 394 429 497
1 8 30
268 463 485 330 371 174 74 143 406 4 348 61 316 288 441 228 129 369 407 3 23 110 120 122 216 232 263 422 454 460
1 12 28
189 374 25 236 65 183 270 234 169 246 13 56 36 33 450 465 213 102 362 453 416 0 158 187 208 344 348 480
1 15 36
391 209 239 457 294 399 366 484 420 150 488 182 376 340 78 197 154 433 359 292 281 480 59 358 30 67 87 205 218 262 280 323 372 375 409 472
1 12 17
299 178 173 373 298 231 386 486 217 29 37 146 204 268 270 278 427
1 17 12
431 110 284 455 53 179 29 153 198 326 474 490
1 14 11
423 302 422 116 203 220 294 383 398 411 462
1 15 19
473 176 375 2 295 312 15 24 73 147 186 211 244 292 311 386 393 484 492
1 14 21
208 306 62 111 313 43 400 211 10 21 98 102 108 119 167 237 239 252 322 361 396
1 10 33
105 275 225 332 350 146 66 210 22 395 91 352 216 315 440 337 86 160 355 344 479 181 163 5 31 231 233 368 369 405 452 457 475
1 9 31
30 35 252 50 487 379 471 206 132 397 331 233 97 305 47 133 224 152 336 377 177 255 61 81 130 165 214 247 320 432 469
1 11 16
115 341 180 198 171 492 318 445 22 116 169 219 367 403 440 447
1 9 13
263 151 142 258 51 94 11 177 195 303 309 337 483
1 7 32
147 251 320 215 321 39 396 334 124 262 85 415 32 444 430 238 435 461 202 458 137 220 149 60 40 151 194 290 291 352 357 376
1 16 22
354 10 243 199 418 322 45 214 495 289 426 249 168 213 295 302 331 350 415 420 455 477
1 18 10
112 71 221 81 70 95 96 340 342 362
1 12 25
123 23 474 392 394 223 300 165 456 120 88 326 158 1 297 15 349 47 51 56 191 228 365 382 442
1 12 26
200 131 324 451 310 95 293 403 257 99 384 159 32 60 93 134 259 366 392 399 401 444 466 468 478 479
1 12 16
3 493 419 466 103 28 17 70 113 176 196 248 301 315 346 380
1 8 32
291 494 241 410 254 452 424 41 367 139 448 333 136 449 138 267 190 279 5 454 381 361 69 188 225 230 264 289 335 387 414 495
1 2 32
421 370 24 245 38 409 327 168 389 260 437 227 175 269 64 383 446 98 52 319 309 48 140 12 59 90 99 235 258 354 453 491
1 11 13
84 266 204 117 65 107 166 181 313 347 389 419 459
1 11 14
356 68 14 232 497 49 325 18 94 115 182 360 461 482
1 16 19
469 11 69 188 346 335 38 101 131 157 245 256 267 284 285 353 418 438 485
1 18 14
323 460 17 443 144 390 276 130 6 44 121 150 161 456
1 8 31
273 12 145 127 438 122 272 250 489 125 436 364 18 126 27 235 118 80 425 203 248 339 113 283 52 241 308 341 413 445 498
1 8 25
329 277 114 432 128 470 247 106 417 79 119 164 388 16 46 172 404 491 27 53 148 183 269 305 310
1 8 14
244 42 357 498 464 382 72 142 202 229 317 363 377 430
1 16 34
411 475 242 271 31 156 89 134 472 476 166 44 413 77 73 194 186 365 393 468 385 360 141 34 278 138 174 227 260 312 334 400 402 416
1 6 26
8 63 240 378 184 19 490 7 161 343 107 387 439 0 101 285 380 28 54 75 180 212 448 449 494 496
1 14 22
427 229 462 226 155 265 135 67 351 303 222 459 286 191 201 40 447 398 372 35 287 487
1 4 13
290 401 434 274 477 253 92 185 217 276 283 298 404
1 4 10
347 481 478 39 135 154 156 253 316 425
1 16 15
442 93 317 311 338 282 14 55 77 109 209 242 356 384 467
1 7 28
193 345 109 218 483 205 196 167 467 87 185 9 20 6 170 314 162 308 307 301 304 259 237 62 84 184 261 441
1 16 22
264 256 414 37 75 230 96 26 187 412 287 76 157 353 58 88 103 125 171 192 319 345
