500 83 775 33
28 29 38 31 16 12 28 13 23 39 26 18 31 26 21 21 37 28 27 33 34 25 17 27 11 19 16 39 17 15 31 38 14 37 12 34 38 18 34 23 28 25 20 37 33 27 13 16 24 22 23 36 17 40 18 27 40 28 22 24 11 21 34 15 39 36 35 15 32 34 26 36 15 37 13 35 33 21 19 16 13 11 29 27 18 37 35 15 27 20 11 26 26 29 33 33 13 26 26 20 15 21 36 19 25 39 16 33 39 22 29 34 32 35 27 36 37 25 15 19 36 20 19 37 27 25 39 11 19 27 35 14 38 20 33 24 38 17 14 28 14 27 23 17 34 25 20 11 26 24 32 30 34 24 33 23 14 33 15 30 39 37 31 16 27 21 35 24 13 27 11 28 33 32 36 12 11 26 27 28 35 31 34 19 34 21 14 34 33 32 25 28 28 26 33 28 34 23 26 39 28 31 14 32 33 15 27 31 40 35 23 18 25 39 23 17 34 36 21 19 31 34 40 21 22 39 14 17 39 38 32 21 27 18 34 14 20 37 11 28 24 38 35 37 38 12 37 23 40 34 29 15 11 30 20 36 16 28 19 40 35 29 27 17 22 17 33 39 18 28 26 16 35 29 23 13 20 24 20 13 20 39 12 39 39 31 11 22 29 15 21 37 23 26 20 38 17 31 34 14 40 39 14 16 24 12 25 28 34 35 27 13 15 23 40 12 32 39 25 34 12 32 23 20 40 37 20 19 40 32 32 25 30 26 36 19 17 24 18 27 15 28 23 30 31 35 27 13 23 25 36 25 23 18 37 24 29 19 16 16 28 24 24 13 12 15 20 27 38 23 39 15 39 22 35 35 28 37 25 20 31 31 17 13 22 34 16 23 25 20 22 28 13 25 17 40 20 22 15 30 27 36 29 20 25 35 40 15 27 37 34 27 25 35 21 15 18 11 31 33 24 34 16 17 29 38 14 32 17 33 21 17 23 19 20 12 34 32 35 11 20 28 12 13 21 23 23 14 19 27 23 25 38 38 38 36 18 33 20 32 18 13 22 19 27 35 13 16 26 39 20 20 33 11 11 30 21 12 33 11 24 32 38 29 33 13 36 18 32 39 39 22 37 17 15 40 39 15 23 26
18 19 28 21 6 2 18 3 13 29 16 8 21 16 11 11 27 18 17 23 24 15 7 17 1 9 6 29 7 5 21 28 4 27 2 24 28 8 24 13 18 15 10 27 23 17 3 6 14 12 13 26 7 30 8 17 30 18 12 14 1 11 24 5 29 26 25 5 22 24 16 26 5 27 3 25 23 11 9 6 3 1 19 17 8 27 25 5 17 10 1 16 16 19 23 23 3 16 16 10 5 11 26 9 15 29 6 23 29 12 19 24 22 25 17 26 27 15 5 9 26 10 9 27 17 15 29 1 9 17 25 4 28 10 23 14 28 7 4 18 4 17 13 7 24 15 10 1 16 14 22 20 24 14 23 13 4 23 5 20 29 27 21 6 17 11 25 14 3 17 1 18 23 22 26 2 1 16 17 18 25 21 24 9 24 11 4 24 23 22 15 18 18 16 23 18 24 13 16 29 18 21 4 22 23 5 17 21 30 25 13 8 15 29 13 7 24 26 11 9 21 24 30 11 12 29 4 7 29 28 22 11 17 8 24 4 10 27 1 18 14 28 25 27 28 2 27 13 30 24 19 5 1 20 10 26 6 18 9 30 25 19 17 7 12 7 23 29 8 18 16 6 25 19 13 3 10 14 10 3 10 29 2 29 29 21 1 12 19 5 11 27 13 16 10 28 7 21 24 4 30 29 4 6 14 2 15 18 24 25 17 3 5 13 30 2 22 29 15 24 2 22 13 10 30 27 10 9 30 22 22 15 20 16 26 9 7 14 8 17 5 18 13 20 21 25 17 3 13 15 26 15 13 8 27 14 19 9 6 6 18 14 14 3 2 5 10 17 28 13 29 5 29 12 25 25 18 27 15 10 21 21 7 3 12 24 6 13 15 10 12 18 3 15 7 30 10 12 5 20 17 26 19 10 15 25 30 5 17 27 24 17 15 25 11 5 8 1 21 23 14 24 6 7 19 28 4 22 7 23 11 7 13 9 10 2 24 22 25 1 10 18 2 3 11 13 13 4 9 17 13 15 28 28 28 26 8 23 10 22 8 3 12 9 17 25 3 6 16 29 10 10 23 1 1 20 11 2 23 1 14 22 28 19 23 3 26 8 22 29 29 12 27 7 5 30 29 5 13 16
2 17 5
375 54 370 368 499
1 12 7
7 113 379 33 138 210 401
1 18 7
136 171 45 74 303 398 483
2 7 7
455 30 404 16 81 405 476
4 16 11
413 365 181 11 347 450 349 147 125 367 448
3 18 13
435 19 220 1 127 405 287 429 9 131 139 185 431
1 1 9
179 372 72 230 228 50 246 306 443
4 16 13
476 236 202 102 41 214 217 42 56 79 267 302 360
2 15 7
321 316 385 351 311 213 379
1 15 7
126 463 249 96 133 394 461
4 5 13
282 42 201 258 301 390 148 489 56 323 346 425 433
2 2 9
95 107 152 239 99 205 218 439 442
1 17 7
304 141 3 13 93 95 128
2 6 7
320 175 124 183 161 64 162
1 2 11
221 273 5 376 288 55 52 54 104 383 419
1 4 3
154 464 176
2 19 11
85 306 416 411 146 231 256 261 297 371 393
4 20 10
303 94 325 472 317 156 331 188 470 471
4 16 13
2 129 21 414 132 484 477 24 65 177 454 462 482
1 17 5
200 499 360 301 339
1 17 5
322 182 307 286 308
4 6 9
281 115 292 131 227 25 60 75 381
2 8 7
373 474 257 207 132 190 490
5 3 15
352 10 291 338 432 399 157 263 35 105 164 271 287 304 331
1 12 11
329 267 362 119 445 449 45 186 216 488 495
1 3 9
284 403 241 238 57 124 193 247 294
1 12 11
82 335 454 279 162 109 173 194 236 316 472
2 18 7
110 18 116 185 408 352 430
1 12 6
247 423 240 393 165 312
6 5 15
270 48 498 133 6 139 412 73 494 181 276 399 458 460 489
2 6 13
215 461 354 24 244 66 467 253 384 37 41 310 435
5 3 17
356 323 299 98 430 184 339 395 31 66 171 217 223 241 258 288 307
2 6 8
278 208 380 150 103 122 250 392
1 8 12
439 80 402 425 47 193 203 102 169 204 291 418
3 10 15
346 143 137 250 336 297 264 78 51 142 260 315 337 446 485
2 12 12
314 23 353 38 302 269 479 256 52 97 72 386
2 12 13
488 0 144 277 27 63 359 126 201 242 293 320 459
2 7 12
187 363 246 276 272 283 213 355 223 254 184 477
1 20 6
295 341 44 136 349 358
1 15 14
242 290 101 442 130 409 112 255 371 19 25 333 369 469
2 12 9
28 453 40 176 84 77 271 410 491
5 15 10
118 386 473 93 22 252 440 70 167 254
1 15 14
396 39 51 43 468 160 59 491 69 23 100 168 186 300
4 12 13
398 194 418 487 443 225 495 315 391 10 112 274 279
1 8 13
497 493 100 191 108 261 480 265 485 434 137 255 384
3 3 13
134 340 34 456 343 333 419 67 219 48 196 209 245
1 5 7
235 149 60 111 251 328 350
1 8 6
401 400 35 127 248 413
4 8 13
13 407 205 367 74 259 345 210 224 108 165 202 466
1 13 12
53 99 168 135 298 471 75 469 156 285 441 450
1 20 7
206 142 466 383 167 172 434
1 3 6
209 377 318 37 151 120
1 2 6
446 369 296 115 238 388
3 20 11
3 428 483 447 387 381 382 12 232 299 317
4 9 13
486 274 169 164 251 105 204 470 313 18 39 78 243
2 10 13
218 146 417 177 280 190 49 36 97 208 457 481 486
2 12 6
189 438 293 138 269 353
2 13 12
328 460 216 342 32 174 87 104 64 144 390 493
1 4 8
324 310 159 410 243 188 444 426
5 13 13
62 155 46 14 234 334 109 415 101 262 268 325 332
3 13 15
378 433 245 16 71 198 8 465 114 275 29 34 118 150 404
2 4 10
344 420 426 81 458 180 457 230 314 338
2 19 11
31 312 482 226 300 17 76 92 233 319 453
1 19 10
4 330 43 69 88 149 163 272 309 361
1 5 9
361 128 406 106 196 292 326 382 436
2 10 14
492 294 117 366 389 26 332 83 11 113 159 180 359 452
4 4 9
58 229 289 286 122 20 89 319 15
2 4 14
212 478 233 326 88 178 422 448 123 9 49 280 322 428
1 3 17
145 197 61 199 260 327 92 5 62 111 116 225 281 334 366 376 432
2 7 11
427 436 462 285 348 36 392 14 96 155 257
1 6 7
337 140 153 65 219 387 417
2 17 6
459 86 266 207 239 265
1 17 12
57 475 374 268 431 424 63 106 175 215 362 480
5 14 11
173 15 358 394 211 79 12 76 421 26 445
3 20 15
388 496 17 163 90 309 166 357 441 195 22 84 117 222 456
1 8 5
350 452 103 278 414
2 20 6
121 490 305 148 277 406
2 1 11
158 481 232 172 451 125 308 174 227 263 389
2 3 7
33 68 192 20 98 154 427
1 4 9
437 262 397 87 151 311 475 479 484
3 4 6
44 237 91 231 170 385
1 8 5
29 222 80 411 497
1 9 5
364 248 86 187 422
