300 79 465 20
25 30 30 25 38 18 21 33 38 13 18 27 22 24 13 27 11 28 16 32 11 27 14 35 14 21 39 35 13 37 19 19 35 40 30 35 16 20 19 12 17 20 20 38 38 25 35 11 34 22 19 39 39 19 17 16 25 25 35 21 40 15 25 38 19 12 25 15 36 37 19 27 23 16 24 12 38 35 34 18 32 37 12 31 37 19 21 19 11 39 23 25 23 22 34 31 12 20 33 11 21 37 37 28 28 24 19 23 36 30 23 24 37 26 40 24 25 22 16 31 24 23 17 22 39 27 17 17 18 22 12 40 25 17 13 20 40 37 37 13 22 31 38 15 14 31 32 16 23 24 33 14 30 20 38 34 30 18 29 36 29 31 36 19 22 34 17 26 25 22 24 20 25 35 13 17 39 22 35 12 35 20 24 21 20 22 28 14 32 27 26 32 34 34 33 40 19 11 16 31 36 39 37 15 38 27 40 30 20 12 21 16 36 18 16 35 12 31 20 11 13 29 11 39 34 36 13 12 19 31 13 30 11 20 11 37 36 29 27 12 11 28 17 28 34 32 33 27 37 31 17 34 24 12 33 29 14 28 35 18 27 13 15 21 34 29 11 12 36 13 39 18 14 28 18 15 28 15 30 11 24 31 19 18 16 14 39 17 27 23 15 11 15 21 37 24 32 32 30 30
15 20 20 15 28 8 11 23 28 3 8 17 12 14 3 17 1 18 6 22 1 17 4 25 4 11 29 25 3 27 9 9 25 30 20 25 6 10 9 2 7 10 10 28 28 15 25 1 24 12 9 29 29 9 7 6 15 15 25 11 30 5 15 28 9 2 15 5 26 27 9 17 13 6 14 2 28 25 24 8 22 27 2 21 27 9 11 9 1 29 13 15 13 12 24 21 2 10 23 1 11 27 27 18 18 14 9 13 26 20 13 14 27 16 30 14 15 12 6 21 14 13 7 12 29 17 7 7 8 12 2 30 15 7 3 10 30 27 27 3 12 21 28 5 4 21 22 6 13 14 23 4 20 10 28 24 20 8 19 26 19 21 26 9 12 24 7 16 15 12 14 10 15 25 3 7 29 12 25 2 25 10 14 11 10 12 18 4 22 17 16 22 24 24 23 30 9 1 6 21 26 29 27 5 28 17 30 20 10 2 11 6 26 8 6 25 2 21 10 1 3 19 1 29 24 26 3 2 9 21 3 20 1 10 1 27 26 19 17 2 1 18 7 18 24 22 23 17 27 21 7 24 14 2 23 19 4 18 25 8 17 3 5 11 24 19 1 2 26 3 29 8 4 18 8 5 18 5 20 1 14 21 9 8 6 4 29 7 17 13 5 1 5 11 27 14 22 22 20 20
3 13 6
131 225 54 287 137 297
2 3 6
103 258 192 234 100 137
2 16 7
118 119 49 33 50 157 211
1 20 6
47 227 101 88 117 256
2 7 7
222 221 168 237 269 167 272
3 6 7
195 270 278 154 136 152 202
4 7 6
32 37 235 277 200 274
1 14 4
89 112 276 125
2 8 6
150 295 99 39 59 258
1 7 7
208 96 156 153 44 288 292
1 2 3
175 291 292
1 14 4
299 233 186 263
4 14 7
254 58 170 82 289 185 281
2 2 6
147 174 252 184 254 290
1 14 8
148 79 298 29 288 57 101 102
2 20 9
231 1 93 183 224 45 126 128 241
2 11 8
223 151 230 204 172 191 206 298
1 19 6
249 104 41 244 261 295
1 12 6
84 116 42 14 257 264
2 16 7
241 271 110 193 171 0 90
1 3 4
117 178 55 184
1 19 3
246 245 96
3 16 8
97 248 20 256 186 134 166 259
2 10 6
191 71 181 196 43 172
2 5 8
43 64 111 229 34 67 118 150
3 9 9
244 146 114 23 128 1 124 130 262
3 6 9
206 199 162 279 169 262 94 115 170
1 20 7
52 247 83 45 62 249 266
2 7 6
267 155 15 281 22 162
1 8 3
293 144 243
1 20 6
2 115 161 3 71 287
2 15 8
68 80 253 194 27 65 177 179
1 10 9
28 138 73 126 187 32 112 131 136
2 10 10
286 236 6 164 77 29 62 252 285 294
1 11 4
135 265 30 223
1 4 4
198 36 181 246
1 17 5
264 273 79 199 227
2 17 5
255 106 285 13 165
1 2 3
141 90 42
4 12 11
25 129 139 165 26 250 68 80 212 216 265
3 17 10
189 65 124 8 41 20 52 142 144 268
1 20 6
18 188 127 145 160 234
2 9 6
11 167 140 120 132 189
2 1 5
190 70 19 64 123
2 3 5
44 182 100 104 235
1 19 4
212 209 17 109
2 10 4
66 132 98 279
1 14 8
294 238 210 159 290 6 38 187
2 9 6
9 259 56 31 91 299
2 10 3
179 163 166
1 9 2
7 113
1 2 3
260 239 278
1 18 10
53 105 81 173 46 49 83 138 151 188
3 10 6
218 157 48 35 268 245
2 3 6
107 266 94 219 185 260
3 9 6
85 220 214 257 145 15
1 12 3
127 133 200
1 10 2
217 272
4 3 7
63 296 240 180 120 203 232
2 15 7
86 24 27 60 82 171 275
1 17 2
102 59
3 1 7
228 283 109 284 297 129 175
1 7 3
92 149 93
1 10 7
95 280 242 282 216 25 231
2 1 6
121 16 251 77 116 289
1 6 6
143 142 122 19 60 69
1 4 7
263 76 74 40 173 233 251
1 9 5
211 232 12 99 273
1 5 8
130 205 0 37 70 86 121 283
2 6 7
275 3 22 87 106 135 229
1 3 4
38 134 51 197
4 10 9
78 108 4 160 31 202 113 125 182
2 20 10
57 46 158 243 261 123 95 176 183 270
3 6 7
21 213 67 12 61 197 139
1 15 7
5 215 26 66 122 203 220
1 10 9
176 177 207 81 88 133 196 208 253
1 14 6
17 201 56 89 163 238
3 12 8
69 91 72 10 75 84 148 168
2 17 3
226 87 39
