1000 89 1550 67
12 34 26 34 15 36 37 26 28 30 12 12 15 24 21 20 29 31 23 23 24 26 37 29 17 33 15 14 21 14 21 18 20 13 15 17 17 20 20 37 20 35 27 17 39 19 39 19 29 14 28 18 11 35 23 39 37 14 39 15 14 29 23 37 26 11 19 31 16 15 39 40 11 17 31 28 25 35 29 16 24 11 28 33 36 26 36 36 29 29 15 22 33 11 34 39 38 28 17 39 23 37 16 36 28 17 11 17 26 24 29 19 31 34 32 28 37 13 33 16 28 16 28 11 11 37 13 19 22 22 31 12 32 33 31 29 13 11 31 23 13 32 19 25 19 31 32 22 27 23 20 32 27 11 23 16 38 36 40 15 28 36 22 16 11 15 27 14 39 38 27 15 15 36 36 16 21 13 24 12 37 38 26 33 11 14 29 18 17 18 23 19 12 19 27 26 40 30 13 33 35 35 23 22 16 23 31 12 31 12 21 23 28 30 18 19 18 16 31 17 11 15 12 17 33 15 28 36 14 13 17 39 22 14 19 34 19 35 13 33 14 25 14 28 21 24 15 23 32 32 34 40 28 34 37 38 17 20 37 11 32 31 27 18 14 40 22 39 24 16 23 25 29 12 23 30 22 38 15 14 35 33 26 25 30 39 23 16 29 32 28 23 18 24 23 16 17 29 23 32 16 35 18 32 31 15 33 24 16 24 33 26 25 22 25 37 33 18 35 40 24 32 19 15 35 20 30 23 29 30 30 27 18 40 11 27 16 24 23 29 13 39 30 37 12 22 26 29 18 32 25 29 13 37 39 28 34 25 28 26 32 13 40 34 40 15 33 22 19 14 24 28 13 26 38 12 19 24 17 22 19 25 17 40 40 35 36 15 40 18 16 15 13 23 17 31 20 11 23 32 39 25 26 30 14 28 23 21 36 25 14 24 28 21 29 38 39 22 35 33 20 39 23 20 37 12 11 12 21 15 21 35 34 31 17 14 30 29 11 15 30 34 34 36 21 17 27 34 12 29 24 30 13 25 15 38 21 20 22 14 40 16 40 36 26 26 26 39 14 24 39 16 15 12 13 20 11 11 32 24 31 40 30 39 32 34 23 27 27 24 32 37 21 26 20 21 35 39 33 38 40 24 39 23 15 31 15 25 25 11 15 38 18 26 23 18 39 11 12 21 12 15 38 37 26 17 14 17 26 37 15 21 18 27 12 18 37 22 21 23 40 30 14 29 21 28 19 34 30 29 28 22 32 33 40 13 29 32 15 29 16 20 11 14 16 19 35 35 19 30 27 34 15 19 16 38 22 22 38 14 33 12 39 24 31 15 40 35 14 25 13 13 23 28 12 13 25 20 11 15 37 37 33 25 14 34 27 16 31 23 25 39 21 12 28 18 11 23 35 38 39 40 25 25 28 24 37 39 16 11 20 24 14 32 20 27 38 16 38 33 28 22 11 20 30 26 35 16 26 13 11 21 18 37 19 11 36 31 30 31 22 37 18 38 15 34 22 31 25 18 37 21 31 18 14 28 18 25 33 15 34 19 33 25 32 31 17 12 17 34 35 15 28 34 11 33 12 19 16 17 22 20 38 26 20 36 28 11 39 18 27 38 11 25 29 22 38 15 30 35 32 30 25 13 17 29 21 16 29 38 26 14 12 13 16 22 15 13 38 37 22 18 29 18 38 25 31 12 29 19 15 29 35 35 35 21 30 12 26 11 35 38 35 28 30 34 25 16 32 11 36 14 30 25 21 32 29 11 27 12 27 12 32 24 34 24 28 22 20 17 36 34 14 33 31 20 31 34 24 24 29 21 15 32 23 36 33 31 22 30 31 21 24 39 25 11 22 20 36 32 31 30 32 20 33 26 22 19 12 26 23 22 15 26 37 40 19 17 26 28 19 15 36 22 12 39 36 11 30 20 29 16 19 28 23 27 32 40 20 15 28 33 36 24 34 29 29 31 15 40 29 12 32 32 21 32 32 40 24 15 36 22 27 23 37 35 19 28 28 37 37 21 35 11 22 40 20 16 36 24 32 12 18 25 36 20 20 14 11 30 22 31 23 19 19 29 21 34 15 32 11 37 29 31 33 34 25 33 37 15 28 33 31 27 16 34 28 31 35 19 28 33 37 11 24 40 24 35 12 34 35 15 30 18 18 27 21 38 40 30 27 26 24 39 20 13 32 27 33 39 19 26 17 35 37 17 37 35 25 20 30 37 26 26 29 26 24 37 21 29 20 16 11 32 23 19 40 39 39 34
2 24 16 24 5 26 27 16 18 20 2 2 5 14 11 10 19 21 13 13 14 16 27 19 7 23 5 4 11 4 11 8 10 3 5 7 7 10 10 27 10 25 17 7 29 9 29 9 19 4 18 8 1 25 13 29 27 4 29 5 4 19 13 27 16 1 9 21 6 5 29 30 1 7 21 18 15 25 19 6 14 1 18 23 26 16 26 26 19 19 5 12 23 1 24 29 28 18 7 29 13 27 6 26 18 7 1 7 16 14 19 9 21 24 22 18 27 3 23 6 18 6 18 1 1 27 3 9 12 12 21 2 22 23 21 19 3 1 21 13 3 22 9 15 9 21 22 12 17 13 10 22 17 1 13 6 28 26 30 5 18 26 12 6 1 5 17 4 29 28 17 5 5 26 26 6 11 3 14 2 27 28 16 23 1 4 19 8 7 8 13 9 2 9 17 16 30 20 3 23 25 25 13 12 6 13 21 2 21 2 11 13 18 20 8 9 8 6 21 7 1 5 2 7 23 5 18 26 4 3 7 29 12 4 9 24 9 25 3 23 4 15 4 18 11 14 5 13 22 22 24 30 18 24 27 28 7 10 27 1 22 21 17 8 4 30 12 29 14 6 13 15 19 2 13 20 12 28 5 4 25 23 16 15 20 29 13 6 19 22 18 13 8 14 13 6 7 19 13 22 6 25 8 22 21 5 23 14 6 14 23 16 15 12 15 27 23 8 25 30 14 22 9 5 25 10 20 13 19 20 20 17 8 30 1 17 6 14 13 19 3 29 20 27 2 12 16 19 8 22 15 19 3 27 29 18 24 15 18 16 22 3 30 24 30 5 23 12 9 4 14 18 3 16 28 2 9 14 7 12 9 15 7 30 30 25 26 5 30 8 6 5 3 13 7 21 10 1 13 22 29 15 16 20 4 18 13 11 26 15 4 14 18 11 19 28 29 12 25 23 10 29 13 10 27 2 1 2 11 5 11 25 24 21 7 4 20 19 1 5 20 24 24 26 11 7 17 24 2 19 14 20 3 15 5 28 11 10 12 4 30 6 30 26 16 16 16 29 4 14 29 6 5 2 3 10 1 1 22 14 21 30 20 29 22 24 13 17 17 14 22 27 11 16 10 11 25 29 23 28 30 14 29 13 5 21 5 15 15 1 5 28 8 16 13 8 29 1 2 11 2 5 28 27 16 7 4 7 16 27 5 11 8 17 2 8 27 12 11 13 30 20 4 19 11 18 9 24 20 19 18 12 22 23 30 3 19 22 5 19 6 10 1 4 6 9 25 25 9 20 17 24 5 9 6 28 12 12 28 4 23 2 29 14 21 5 30 25 4 15 3 3 13 18 2 3 15 10 1 5 27 27 23 15 4 24 17 6 21 13 15 29 11 2 18 8 1 13 25 28 29 30 15 15 18 14 27 29 6 1 10 14 4 22 10 17 28 6 28 23 18 12 1 10 20 16 25 6 16 3 1 11 8 27 9 1 26 21 20 21 12 27 8 28 5 24 12 21 15 8 27 11 21 8 4 18 8 15 23 5 24 9 23 15 22 21 7 2 7 24 25 5 18 24 1 23 2 9 6 7 12 10 28 16 10 26 18 1 29 8 17 28 1 15 19 12 28 5 20 25 22 20 15 3 7 19 11 6 19 28 16 4 2 3 6 12 5 3 28 27 12 8 19 8 28 15 21 2 19 9 5 19 25 25 25 11 20 2 16 1 25 28 25 18 20 24 15 6 22 1 26 4 20 15 11 22 19 1 17 2 17 2 22 14 24 14 18 12 10 7 26 24 4 23 21 10 21 24 14 14 19 11 5 22 13 26 23 21 12 20 21 11 14 29 15 1 12 10 26 22 21 20 22 10 23 16 12 9 2 16 13 12 5 16 27 30 9 7 16 18 9 5 26 12 2 29 26 1 20 10 19 6 9 18 13 17 22 30 10 5 18 23 26 14 24 19 19 21 5 30 19 2 22 22 11 22 22 30 14 5 26 12 17 13 27 25 9 18 18 27 27 11 25 1 12 30 10 6 26 14 22 2 8 15 26 10 10 4 1 20 12 21 13 9 9 19 11 24 5 22 1 27 19 21 23 24 15 23 27 5 18 23 21 17 6 24 18 21 25 9 18 23 27 1 14 30 14 25 2 24 25 5 20 8 8 17 11 28 30 20 17 16 14 29 10 3 22 17 23 29 9 16 7 25 27 7 27 25 15 10 20 27 16 16 19 16 14 27 11 19 10 6 1 22 13 9 30 29 29 24
2 19 12
834 213 397 67 865 125 200 317 592 755 905 941
10 7 25
84 214 802 283 639 912 441 433 77 795 694 680 170 337 686 96 156 213 233 359 567 670 771 773 881
1 8 16
83 362 782 157 416 801 643 314 974 219 267 549 605 738 810 882
7 17 19
90 483 744 175 216 631 374 668 393 791 792 24 379 538 543 553 653 837 895
2 1 22
718 89 809 368 268 187 12 675 297 35 48 426 122 233 969 663 285 335 464 497 752 924
5 16 17
396 363 309 670 618 771 752 667 611 173 3 9 81 225 493 568 679
3 15 12
310 448 580 182 92 462 7 37 83 240 678 715
2 18 13
788 989 864 50 401 624 674 727 826 829 836 880 940
9 4 23
360 69 554 815 323 955 168 134 692 498 18 614 31 909 174 783 573 99 332 733 788 805 891
8 7 27
13 970 208 708 867 920 474 885 319 30 264 127 358 16 589 677 821 762 40 47 175 236 268 299 334 345 799
1 8 25
226 824 895 63 691 273 601 99 302 11 595 345 777 522 837 26 194 230 321 577 764 828 919 926 965
5 6 16
761 679 685 768 728 6 289 401 2 173 188 249 675 819 935 981
2 20 6
244 661 684 568 354 535
5 19 22
457 496 518 966 521 622 125 873 693 207 767 953 332 102 335 683 28 224 396 404 672 782
1 11 16
799 389 542 879 484 25 33 68 192 248 429 512 523 596 739 809
2 2 5
608 22 936 285 443
8 6 22
781 572 195 78 304 1 288 237 866 525 27 902 714 514 723 578 513 800 264 344 823 859
2 2 9
259 144 435 822 438 496 628 714 928
4 13 23
635 186 192 778 896 757 978 487 223 135 66 58 136 750 855 910 146 56 593 610 731 742 956
1 7 17
652 751 164 755 196 921 94 44 167 270 394 539 556 766 779 864 971
6 14 17
545 615 854 906 863 803 197 722 32 463 111 70 240 318 367 420 996
4 14 17
704 265 120 736 829 432 385 583 621 846 52 89 279 353 578 876 949
1 15 31
269 565 719 840 602 420 469 458 891 780 311 502 116 464 359 481 505 455 532 70 134 147 154 235 329 448 607 614 648 673 712
7 17 24
739 528 330 832 488 658 76 296 465 678 235 637 347 986 326 926 8 164 180 246 305 387 447 582
1 17 7
403 198 21 76 105 804 988
5 15 31
983 352 847 204 500 300 669 930 17 613 749 169 328 439 931 671 569 53 230 305 6 135 139 153 176 269 377 498 676 702 843
7 15 21
450 353 647 274 415 263 222 789 110 91 939 379 452 24 30 73 209 312 376 713 747
6 7 25
184 141 975 729 424 765 687 292 875 540 743 106 162 222 227 253 362 415 432 468 470 522 532 789 970
5 19 18
928 842 79 445 607 248 73 770 610 617 85 293 347 375 440 736 878 932
6 20 14
493 88 101 566 716 584 870 742 911 901 38 428 615 765
5 19 16
61 261 715 871 673 947 908 205 244 352 365 511 552 677 682 874
4 6 27
459 612 925 367 145 828 884 275 460 548 249 962 482 510 15 957 702 320 581 543 41 211 281 417 586 686 845
6 4 14
577 429 624 790 476 620 371 725 318 48 183 195 260 709
1 12 14
438 200 224 317 501 115 0 142 212 298 378 388 558 595
3 4 8
308 293 531 254 255 869 890 726
1 11 12
653 151 995 34 65 101 311 436 462 833 865 873
4 5 27
756 107 998 935 932 74 81 527 162 591 539 964 887 405 242 991 178 349 892 252 307 426 456 467 735 947 969
1 17 24
57 676 306 322 706 191 271 468 421 456 364 84 118 148 206 261 372 453 564 626 660 749 841 973
1 19 11
494 575 307 176 19 117 232 601 787 893 950
7 5 25
646 202 709 711 794 574 132 570 410 220 977 786 377 903 504 153 14 286 278 114 166 196 413 636 658
5 6 22
243 623 641 967 650 199 106 291 826 284 398 992 856 155 695 753 748 351 409 435 666 732
3 13 18
823 55 447 916 550 700 451 965 530 341 958 43 283 324 528 656 796 802
1 10 9
699 165 407 133 275 503 505 803 853
6 8 20
301 785 717 814 520 880 313 988 735 841 51 915 382 860 193 878 140 881 165 922
3 19 16
724 972 39 945 333 423 88 276 314 400 402 445 703 862 877 943
1 4 24
629 98 747 807 820 816 616 8 417 245 537 355 924 754 60 184 205 310 547 591 734 790 800 886
4 4 19
759 418 918 557 72 194 23 927 741 51 63 131 158 337 718 760 875 913 972
4 7 13
793 839 232 997 819 985 90 177 187 584 808 921 979
5 19 14
905 344 710 383 150 250 787 555 929 830 111 551 817 890
4 3 15
544 147 904 121 835 961 938 852 210 350 581 629 756 832 834
1 7 23
75 534 949 632 625 515 627 644 49 662 812 46 495 567 26 948 720 954 408 190 444 450 597
1 15 11
234 512 20 96 386 256 410 761 844 920 992
7 19 22
769 221 737 645 428 599 981 606 836 87 343 82 738 431 334 825 619 721 511 107 242 288
4 8 21
370 630 361 922 0 705 827 535 211 436 40 434 278 316 336 397 406 813 912 918 968
3 3 19
849 773 592 859 489 294 831 442 732 271 333 358 425 455 501 758 775 896 977
8 17 25
919 942 152 34 380 100 707 25 563 626 907 471 203 956 217 689 272 466 473 234 408 524 590 728 900
2 6 13
160 848 582 4 79 255 306 418 619 651 780 899 911
2 5 9
303 131 93 180 507 705 751 806 901
2 3 12
356 188 559 746 36 231 683 704 740 838 854 933
3 5 13
80 876 282 47 740 206 181 14 254 351 504 757 908
2 3 16
980 764 123 604 42 190 130 159 257 109 53 266 323 368 441 531
4 8 20
774 419 316 38 411 128 893 375 86 882 556 588 338 44 138 143 424 477 576 769
4 6 28
701 558 682 395 446 594 648 877 541 331 638 381 262 373 941 23 64 92 145 286 287 369 370 398 434 492 856 868
3 11 26
571 387 400 858 994 811 536 154 158 295 97 56 516 758 628 298 479 430 425 804 11 146 319 645 792 848
2 20 16
312 833 124 388 350 251 649 868 657 526 209 41 304 710 770 991
3 5 16
779 853 996 449 427 585 236 327 414 241 220 238 339 348 542 753
2 1 21
52 179 579 392 937 280 50 281 227 784 112 960 239 357 45 262 274 494 525 840 869
5 4 21
872 172 321 126 598 519 440 378 223 237 446 521 560 579 602 644 701 793 907 937 980
1 14 5
596 138 77 649 960
1 3 18
763 497 850 507 156 437 64 551 796 477 303 364 482 587 613 772 958 985
5 15 19
861 993 218 897 990 576 593 499 478 103 247 16 39 300 459 495 583 763 952
13 2 27
369 325 270 266 664 982 394 963 315 340 766 376 346 727 486 413 857 260 560 917 5 163 243 265 566 916 978
1 8 12
776 503 688 365 547 603 797 457 461 662 867 894
3 19 11
586 698 108 402 886 336 171 252 343 475 855
3 19 14
118 674 149 523 851 951 117 562 66 140 179 204 297 962
5 8 18
212 177 843 256 564 509 59 976 163 984 838 87 161 309 322 573 681 807
2 1 14
119 660 772 730 971 731 139 409 524 85 371 465 575 637
6 10 16
538 354 444 19 634 21 129 114 185 533 348 898 406 399 427 993
7 14 19
894 968 412 946 324 775 287 597 913 167 952 215 54 391 35 217 452 857 955
3 7 26
485 143 5 933 690 888 681 65 590 806 506 28 258 45 366 277 72 82 93 191 193 320 479 612 621 634
9 7 21
443 453 105 959 999 655 148 883 467 696 517 183 703 470 246 587 10 124 157 550 925
4 12 18
810 665 219 553 422 7 745 845 290 29 123 128 241 257 302 469 537 835
9 20 24
166 95 339 113 3 10 987 231 654 642 636 609 9 633 71 276 944 549 552 328 604 632 711 866
4 6 23
137 923 238 805 229 399 950 461 697 600 656 55 75 178 218 499 515 534 561 642 668 851 990
10 13 26
253 492 798 899 666 979 329 490 651 659 561 225 844 943 508 37 874 546 384 104 31 207 403 486 554 627
10 3 22
4 712 934 605 734 404 342 672 60 161 62 529 889 760 142 299 900 149 226 466 623 892
1 9 12
33 818 726 228 491 640 475 108 327 416 545 861
1 13 19
733 210 940 189 279 973 914 817 454 201 390 480 68 133 713 267 86 112 228
4 20 17
472 862 808 813 2 171 372 18 308 393 419 562 625 635 767 842 923
