300 75 465 20
25 39 34 33 15 23 23 11 27 26 38 11 29 35 12 24 17 40 29 25 18 25 24 23 12 14 23 15 17 14 16 38 21 17 14 21 26 28 25 32 33 22 27 32 27 21 20 36 40 34 27 25 22 11 27 20 36 13 31 19 28 31 31 13 27 33 17 27 37 34 20 25 21 33 24 36 38 20 24 24 32 15 17 17 22 38 19 31 16 13 20 34 19 33 34 29 36 22 19 37 28 26 28 31 35 25 31 31 30 29 37 16 25 40 36 36 12 40 35 40 20 28 37 13 34 19 26 12 37 28 27 40 32 21 40 37 29 39 32 17 13 20 37 18 17 33 32 19 17 20 32 38 34 19 28 32 39 26 12 35 30 31 12 35 20 23 23 31 26 32 38 33 21 23 32 11 34 15 28 40 21 24 12 11 21 23 18 17 26 22 25 15 24 25 17 23 21 28 27 19 19 27 25 19 19 36 31 33 17 13 29 29 17 39 23 34 24 27 18 25 27 11 30 12 26 26 39 40 24 23 33 20 20 17 29 35 14 11 30 34 18 17 18 21 22 19 40 20 20 24 33 31 30 31 19 33 39 30 35 32 12 18 37 36 30 14 39 12 11 33 29 27 12 34 18 18 37 18 14 17 36 40 15 25 28 40 17 40 12 12 36 12 32 13 13 27 34 31 37 15
15 29 24 23 5 13 13 1 17 16 28 1 19 25 2 14 7 30 19 15 8 15 14 13 2 4 13 5 7 4 6 28 11 7 4 11 16 18 15 22 23 12 17 22 17 11 10 26 30 24 17 15 12 1 17 10 26 3 21 9 18 21 21 3 17 23 7 17 27 24 10 15 11 23 14 26 28 10 14 14 22 5 7 7 12 28 9 21 6 3 10 24 9 23 24 19 26 12 9 27 18 16 18 21 25 15 21 21 20 19 27 6 15 30 26 26 2 30 25 30 10 18 27 3 24 9 16 2 27 18 17 30 22 11 30 27 19 29 22 7 3 10 27 8 7 23 22 9 7 10 22 28 24 9 18 22 29 16 2 25 20 21 2 25 10 13 13 21 16 22 28 23 11 13 22 1 24 5 18 30 11 14 2 1 11 13 8 7 16 12 15 5 14 15 7 13 11 18 17 9 9 17 15 9 9 26 21 23 7 3 19 19 7 29 13 24 14 17 8 15 17 1 20 2 16 16 29 30 14 13 23 10 10 7 19 25 4 1 20 24 8 7 8 11 12 9 30 10 10 14 23 21 20 21 9 23 29 20 25 22 2 8 27 26 20 4 29 2 1 23 19 17 2 24 8 8 27 8 4 7 26 30 5 15 18 30 7 30 2 2 26 2 22 3 3 17 24 21 27 5
2 20 5
59 94 146 23 28
4 4 11
110 210 35 180 224 82 6 12 39 89 200
2 2 7
189 25 245 19 33 252 261
2 1 3
183 55 251
2 11 8
159 93 58 81 141 79 259 278
3 19 8
44 297 285 289 270 127 136 265
1 2 5
76 118 30 212 41
1 8 7
203 33 176 217 30 84 166
3 8 14
46 259 139 188 179 11 57 100 104 123 151 204 214 226
1 17 5
14 0 110 225 230
1 15 5
265 216 181 215 290
2 2 10
298 174 19 155 98 103 130 153 176 271
1 10 5
66 197 9 29 268
1 10 3
113 142 184
1 14 3
192 15 253
1 10 8
134 52 144 230 138 16 105 183
2 12 8
209 222 271 263 26 65 80 276
1 14 5
173 160 63 206 270
1 18 3
96 5 233
1 1 3
190 284 95
1 10 5
133 126 139 165 187
1 5 5
254 48 56 77 220
1 4 4
225 90 9 244
1 1 5
226 199 12 74 70
1 7 5
89 28 86 88 192
1 2 4
121 260 182 252
2 2 6
272 34 51 20 269 36
1 5 3
264 2 117
1 4 5
115 24 60 172 257
1 18 5
276 227 281 114 207
1 15 3
27 194 8
2 5 5
294 237 168 131 116
3 17 8
291 266 104 187 65 108 164 169
1 12 8
42 123 25 162 208 217 255 299
1 6 6
268 258 213 21 15 35
2 19 5
117 177 103 48 127
1 17 3
61 296 201
2 14 5
257 202 150 142 209
3 13 11
158 157 218 169 231 108 101 107 210 289 292
1 18 4
122 39 195 274
2 15 10
75 198 78 68 40 87 92 112 163 233
2 7 7
62 232 178 96 148 155 189
1 10 8
80 64 143 170 171 5 21 243
1 15 7
109 56 100 37 67 18 111
2 20 7
40 106 273 18 75 121 295
1 10 9
125 161 0 37 54 71 78 212 228
3 20 9
286 102 277 248 288 3 17 145 232
1 11 3
256 152 197
1 2 11
88 215 145 164 7 162 109 171 202 272 275
2 20 9
105 13 236 10 8 136 55 157 293
1 17 6
16 22 280 166 90 221
3 8 9
6 238 72 4 208 299 20 32 283
1 15 8
111 186 120 84 29 144 154 239
1 14 8
130 92 50 68 240 251 277 280
1 5 8
119 87 60 283 239 205 14 284
3 15 9
151 79 234 38 3 261 191 254 258
4 4 11
249 267 86 50 200 196 49 93 97 211 260
3 16 10
43 47 195 153 240 69 27 44 53 242
3 9 8
243 184 241 99 204 173 175 266
1 10 5
275 140 250 67 160
2 10 3
53 185 193
2 11 10
73 26 279 107 147 274 120 168 180 288
2 1 4
163 223 211 74
1 20 8
129 165 11 34 125 138 205 236
1 6 6
244 148 97 32 175 278
2 15 7
295 167 36 132 47 122 129
3 18 6
71 255 95 282 83 119
2 15 7
41 128 98 221 290 235 262
1 18 6
45 214 132 234 286 294
1 17 7
31 137 54 228 85 24 147
1 18 9
293 1 229 49 172 57 82 140 263
1 1 7
287 149 112 242 220 292 81
1 5 7
154 77 91 156 2 7 62
3 14 7
246 247 191 124 235 196 213
3 12 8
206 135 101 262 219 17 99 158
