700 91 1085 47
22 19 38 16 27 37 15 32 14 11 20 40 11 20 20 39 23 21 33 32 13 26 29 13 35 16 23 40 23 38 32 34 28 17 20 14 15 22 37 28 17 32 21 16 23 39 28 32 20 17 30 24 32 40 33 39 16 37 20 14 19 24 21 21 40 13 15 21 12 37 19 14 36 30 35 33 18 20 31 13 17 38 35 27 22 35 12 33 26 38 37 15 33 40 14 28 33 31 26 40 28 31 17 27 39 28 39 23 33 40 33 25 17 13 26 28 21 39 37 16 13 36 12 16 12 30 28 33 21 19 17 26 17 36 21 20 31 16 31 13 36 24 17 32 40 27 40 31 29 38 15 26 27 29 33 37 15 22 24 39 33 35 28 21 29 35 23 27 21 37 30 19 28 30 37 15 33 29 30 38 20 19 22 40 30 11 25 36 12 16 33 17 37 27 37 12 35 24 33 11 37 29 36 17 33 21 22 39 37 30 30 14 28 14 18 26 31 36 30 21 12 14 11 20 32 31 36 33 11 33 33 24 38 36 24 14 17 35 16 35 26 27 20 20 17 37 12 12 31 14 26 39 21 36 19 36 15 15 38 32 33 30 18 39 11 13 21 38 31 13 26 17 39 15 18 33 35 20 39 18 11 26 21 20 17 31 24 36 19 38 27 39 25 23 29 30 16 14 12 33 33 40 25 36 27 22 33 30 11 23 37 28 32 31 19 33 26 23 34 30 38 24 35 28 28 12 37 38 15 34 13 20 13 17 22 25 15 25 24 23 39 37 37 29 32 21 14 13 14 17 33 34 26 27 18 17 37 23 26 12 24 31 36 27 22 31 37 11 33 31 34 26 28 25 25 11 25 15 16 16 18 32 28 31 27 30 29 40 15 26 12 18 19 25 34 16 18 26 11 16 24 20 33 20 26 32 35 36 30 40 12 12 24 27 12 23 27 22 29 26 20 38 29 40 31 24 14 20 35 14 13 36 19 19 28 38 40 32 39 20 39 22 25 22 36 34 16 39 29 23 22 26 18 15 39 21 16 30 35 23 32 26 40 33 25 20 33 19 35 19 15 40 39 38 30 12 18 40 24 25 32 29 26 25 30 34 21 26 23 20 14 27 32 21 17 13 32 21 18 22 19 40 12 34 35 37 35 38 37 16 17 16 29 32 23 15 27 20 37 39 32 35 34 12 31 26 24 40 35 17 14 13 29 21 39 19 34 23 36 22 14 34 20 26 39 26 36 28 37 11 37 39 38 15 32 39 11 29 33 39 26 14 12 15 25 22 14 24 18 39 13 15 35 31 40 30 35 25 38 16 25 20 14 36 36 14 30 25 25 39 40 16 32 26 18 23 18 38 13 32 24 40 18 14 16 40 19 39 33 40 25 20 25 13 22 28 37 29 35 13 13 25 17 17 11 20 37 19 36 26 26 20 24 11 31 40 29 29 27 38 26 16 31 20 21 31 17 29 19 18 31 33 11 20 31 40 13 40 22 35 11 11 38 31 40 17 14 36 11 31 20 17 40 11 11 38 16 23 16 22 34 33 19 26 21 37 31 38 29 18 31 12 13 11 28 25 13 27 23 17
12 9 28 6 17 27 5 22 4 1 10 30 1 10 10 29 13 11 23 22 3 16 19 3 25 6 13 30 13 28 22 24 18 7 10 4 5 12 27 18 7 22 11 6 13 29 18 22 10 7 20 14 22 30 23 29 6 27 10 4 9 14 11 11 30 3 5 11 2 27 9 4 26 20 25 23 8 10 21 3 7 28 25 17 12 25 2 23 16 28 27 5 23 30 4 18 23 21 16 30 18 21 7 17 29 18 29 13 23 30 23 15 7 3 16 18 11 29 27 6 3 26 2 6 2 20 18 23 11 9 7 16 7 26 11 10 21 6 21 3 26 14 7 22 30 17 30 21 19 28 5 16 17 19 23 27 5 12 14 29 23 25 18 11 19 25 13 17 11 27 20 9 18 20 27 5 23 19 20 28 10 9 12 30 20 1 15 26 2 6 23 7 27 17 27 2 25 14 23 1 27 19 26 7 23 11 12 29 27 20 20 4 18 4 8 16 21 26 20 11 2 4 1 10 22 21 26 23 1 23 23 14 28 26 14 4 7 25 6 25 16 17 10 10 7 27 2 2 21 4 16 29 11 26 9 26 5 5 28 22 23 20 8 29 1 3 11 28 21 3 16 7 29 5 8 23 25 10 29 8 1 16 11 10 7 21 14 26 9 28 17 29 15 13 19 20 6 4 2 23 23 30 15 26 17 12 23 20 1 13 27 18 22 21 9 23 16 13 24 20 28 14 25 18 18 2 27 28 5 24 3 10 3 7 12 15 5 15 14 13 29 27 27 19 22 11 4 3 4 7 23 24 16 17 8 7 27 13 16 2 14 21 26 17 12 21 27 1 23 21 24 16 18 15 15 1 15 5 6 6 8 22 18 21 17 20 19 30 5 16 2 8 9 15 24 6 8 16 1 6 14 10 23 10 16 22 25 26 20 30 2 2 14 17 2 13 17 12 19 16 10 28 19 30 21 14 4 10 25 4 3 26 9 9 18 28 30 22 29 10 29 12 15 12 26 24 6 29 19 13 12 16 8 5 29 11 6 20 25 13 22 16 30 23 15 10 23 9 25 9 5 30 29 28 20 2 8 30 14 15 22 19 16 15 20 24 11 16 13 10 4 17 22 11 7 3 22 11 8 12 9 30 2 24 25 27 25 28 27 6 7 6 19 22 13 5 17 10 27 29 22 25 24 2 21 16 14 30 25 7 4 3 19 11 29 9 24 13 26 12 4 24 10 16 29 16 26 18 27 1 27 29 28 5 22 29 1 19 23 29 16 4 2 5 15 12 4 14 8 29 3 5 25 21 30 20 25 15 28 6 15 10 4 26 26 4 20 15 15 29 30 6 22 16 8 13 8 28 3 22 14 30 8 4 6 30 9 29 23 30 15 10 15 3 12 18 27 19 25 3 3 15 7 7 1 10 27 9 26 16 16 10 14 1 21 30 19 19 17 28 16 6 21 10 11 21 7 19 9 8 21 23 1 10 21 30 3 30 12 25 1 1 28 21 30 7 4 26 1 21 10 7 30 1 1 28 6 13 6 12 24 23 9 16 11 27 21 28 19 8 21 2 3 1 18 15 3 17 13 7
3 8 7
369 401 107 158 519 405 428
1 1 9
600 643 201 443 83 248 273 423 635
1 19 8
364 358 59 168 299 303 489 557
4 13 10
196 144 137 37 492 685 660 8 485 540
2 11 18
83 246 514 255 10 222 340 615 68 176 408 563 0 113 1 104 187 671
2 2 8
413 279 119 91 214 380 454 498
3 10 11
532 193 632 651 208 633 339 1 198 146 648
1 9 11
31 503 53 180 102 346 143 207 280 378 501
2 6 16
481 138 156 121 432 554 372 258 686 124 193 284 326 383 448 588
6 15 15
507 65 321 120 538 207 461 219 586 366 68 242 359 628 688
1 20 15
254 472 28 38 522 116 234 450 575 484 66 367 554 584 631
3 1 17
674 663 693 327 646 431 35 209 478 110 67 34 185 229 442 534 572
1 8 13
518 678 314 245 248 114 185 90 411 56 108 139 370
3 17 13
398 430 130 611 84 683 561 418 197 417 385 151 310
3 20 16
143 624 39 252 43 328 619 380 150 635 699 260 409 176 198 565
4 17 13
50 64 12 598 227 597 11 78 107 164 251 594 622
3 16 19
9 480 604 300 373 225 55 589 355 356 250 299 92 33 263 323 437 439 669
3 4 18
416 347 403 172 228 63 521 690 191 414 152 54 167 463 577 632 658 693
1 18 9
601 427 392 4 65 233 617 633 686
1 1 8
239 281 183 41 86 491 662 674
5 8 17
57 639 494 665 164 470 537 530 573 226 471 131 309 332 411 443 582
4 17 16
160 319 393 344 553 118 349 216 253 205 23 190 239 297 375 519
4 14 9
379 264 642 512 585 531 177 123 395
1 6 17
509 462 550 429 616 331 236 99 290 293 487 412 647 243 481 512 649
3 1 17
629 580 230 329 71 149 218 74 175 251 116 125 217 341 404 430 698
1 18 6
572 623 100 16 479 621
2 3 7
687 269 657 204 339 539 567
2 17 13
308 559 560 426 603 421 186 26 110 401 537 647 681
2 7 10
335 496 204 283 491 322 622 211 246 302
3 15 9
29 395 292 79 555 206 602 30 112
1 7 9
106 459 593 6 58 494 525 546 613
1 7 9
24 681 73 77 98 360 533 642 683
1 8 4
469 32 2 603
3 12 15
262 614 500 455 363 47 406 463 140 382 617 511 365 538 576
2 10 9
272 415 659 510 688 461 544 560 583
3 20 10
7 438 451 54 360 89 178 291 607 641
1 10 19
286 36 606 482 146 271 303 277 410 436 613 390 38 132 344 406 555 571 672
5 16 17
628 428 362 288 650 468 195 5 525 98 387 405 448 656 413 420 623
2 15 8
473 637 155 648 441 47 410 535
1 3 11
51 658 367 276 636 104 200 96 101 62 527
1 7 8
694 17 80 536 265 468 472 645
5 14 19
249 211 655 544 499 584 87 58 284 664 595 82 547 304 184 292 343 353 356
2 5 9
422 81 136 302 93 155 181 236 522
1 11 4
551 220 508 664
3 14 11
41 449 318 391 33 354 64 419 502 518 547
2 9 5
305 61 502 528 548
4 6 12
452 374 237 60 453 517 19 349 363 366 391 431
1 16 15
437 273 371 187 634 223 57 174 225 238 290 345 390 426 657
1 16 15
123 311 596 567 556 456 46 464 126 396 127 14 42 88 480
1 1 10
337 365 402 377 122 62 40 202 389 615
8 16 15
608 199 361 307 446 166 247 105 434 145 557 108 249 354 415
6 9 14
506 571 238 154 442 34 167 523 404 189 453 499 601 692
1 7 6
267 294 165 287 482 569
1 4 19
477 88 433 359 570 274 25 93 626 641 587 582 301 37 105 362 550 637 646
2 4 6
2 343 170 92 153 266
1 15 5
132 285 27 434 677
4 16 8
76 526 342 588 141 493 202 650
2 13 6
348 653 16 287 308 678
6 3 14
212 357 275 652 640 316 194 476 527 7 154 435 475 545
5 4 16
178 49 326 378 552 543 312 298 224 296 226 279 376 379 452 627
4 10 14
91 444 394 256 475 162 539 21 546 612 8 241 478 643
1 14 13
627 454 168 549 323 215 423 330 70 113 301 597 600
7 18 16
370 540 605 291 697 289 235 244 174 466 535 381 73 458 625 659
2 16 13
261 240 684 558 565 36 101 128 220 348 457 562 581
9 15 16
529 159 467 485 266 213 179 310 351 564 139 691 483 399 89 465
1 8 8
692 599 147 172 388 462 553 624
2 19 15
479 368 400 297 309 425 45 376 607 20 67 90 156 651 696
6 18 13
625 435 295 263 501 278 488 56 270 216 224 317 570
5 14 16
420 232 259 508 181 169 325 86 497 48 533 18 194 355 386 484
3 14 16
662 419 504 26 489 673 668 189 317 313 666 95 320 328 408 536
1 18 6
490 111 99 150 421 676
2 3 18
670 672 350 115 590 75 165 15 667 353 48 158 186 256 311 487 606 684
7 12 14
153 229 66 486 19 333 679 574 242 447 117 59 15 245
8 19 23
103 516 22 528 282 375 40 542 69 610 72 384 257 336 46 163 254 338 387 398 409 450 574
9 7 17
534 231 306 676 131 171 3 203 13 682 124 4 680 505 274 444 497
7 1 19
458 147 577 654 621 618 233 184 148 315 465 581 106 149 182 199 318 495 604
6 8 18
280 338 221 97 569 566 562 440 576 424 649 645 128 140 195 384 394 665
3 11 12
52 324 524 661 594 439 334 638 11 188 135 663
3 10 12
541 644 696 520 161 341 677 129 214 330 372 612
3 2 9
42 630 210 173 631 17 152 283 514
1 7 6
579 407 218 272 433 609
1 10 6
388 498 125 591 392 608
1 6 6
474 671 206 296 350 441
8 8 19
583 94 545 14 345 548 689 332 192 675 6 578 70 151 196 281 381 470 593
1 17 6
134 383 133 114 212 586
1 2 11
389 78 669 77 268 157 513 386 568 145 228
3 4 12
460 620 445 241 698 142 217 118 235 282 320 369
1 10 3
515 182 49
1 5 8
695 352 190 12 127 265 585 629
1 5 15
135 163 44 85 397 457 495 609 18 74 100 267 285 314 561
1 5 8
109 592 61 72 250 293 521 616
