700 102 1085 47
26 12 12 11 18 15 39 33 40 11 14 30 37 30 16 21 16 13 17 36 17 16 21 19 29 36 26 39 11 35 23 37 20 23 24 40 13 30 31 36 15 36 38 26 16 35 16 13 34 40 12 40 15 27 18 27 39 25 13 13 32 38 18 40 36 28 40 37 32 17 14 13 31 27 24 38 32 34 34 23 35 18 23 21 38 14 37 40 39 30 24 18 21 18 28 13 29 27 32 12 40 28 33 23 35 22 34 31 20 30 21 37 37 24 34 12 16 12 22 25 36 27 25 36 21 18 22 15 29 36 19 20 14 28 16 30 19 26 32 27 30 23 17 11 25 25 17 19 14 29 24 28 34 25 13 32 23 16 20 32 13 12 34 37 16 15 18 29 25 22 28 26 23 22 31 34 33 22 13 26 12 32 34 38 32 26 37 35 28 33 27 34 27 23 24 39 39 18 34 17 34 15 32 30 40 13 24 32 32 27 24 14 37 24 39 30 34 20 39 40 33 24 38 26 38 11 29 20 27 15 36 30 38 37 24 15 32 39 23 40 34 11 16 35 13 24 31 29 36 22 12 18 23 15 38 28 34 19 27 17 37 23 33 23 30 25 28 18 38 24 24 11 25 27 29 40 40 19 24 13 34 19 23 29 35 24 38 19 15 34 34 18 36 32 21 18 31 18 25 37 19 31 33 12 19 11 28 27 39 36 35 22 36 11 29 23 27 24 18 35 16 20 15 39 35 14 35 26 23 40 34 33 34 15 17 30 14 30 20 20 26 19 39 11 38 14 29 25 13 28 19 12 20 40 32 17 19 32 17 14 39 18 36 31 28 26 38 12 19 15 28 16 25 21 21 11 40 38 13 18 11 23 31 30 25 28 22 26 34 28 22 17 40 26 34 33 12 26 15 19 40 37 22 31 27 19 28 32 20 34 30 18 18 38 14 34 13 33 31 20 40 15 29 20 33 15 31 21 28 32 39 37 17 29 18 25 30 29 20 31 32 29 19 18 35 37 39 14 26 20 31 32 13 13 23 30 16 30 37 16 13 38 30 16 17 18 31 14 36 11 38 25 34 22 12 36 24 15 14 33 26 36 39 18 15 40 15 37 22 37 23 37 17 21 20 20 38 13 35 34 25 36 19 14 16 26 27 28 21 40 38 36 35 18 11 23 27 24 28 39 11 21 25 22 25 14 18 28 23 15 34 19 34 32 36 15 37 27 39 21 19 12 20 39 21 16 15 39 15 15 21 29 28 11 32 31 40 29 40 28 27 32 34 22 40 38 14 32 24 21 37 27 32 16 34 17 34 37 24 33 29 28 25 31 37 28 13 23 38 34 19 22 33 18 11 36 38 30 34 26 33 14 29 25 14 36 14 15 38 31 28 18 15 21 27 28 22 34 27 18 21 30 25 37 25 28 21 24 11 12 24 30 40 31 37 22 31 33 14 19 19 35 38 31 18 24 26 16 23 27 26 14 22 19 18 21 36 22 39 28 15 27 14 40 14 27 36 36 32 35 36 21 27 15 27 39 16 24 25 17 18 35 29 32 39 25 13 27 19 25 25 30 34 32 22 26 30 15 40 13
16 2 2 1 8 5 29 23 30 1 4 20 27 20 6 11 6 3 7 26 7 6 11 9 19 26 16 29 1 25 13 27 10 13 14 30 3 20 21 26 5 26 28 16 6 25 6 3 24 30 2 30 5 17 8 17 29 15 3 3 22 28 8 30 26 18 30 27 22 7 4 3 21 17 14 28 22 24 24 13 25 8 13 11 28 4 27 30 29 20 14 8 11 8 18 3 19 17 22 2 30 18 23 13 25 12 24 21 10 20 11 27 27 14 24 2 6 2 12 15 26 17 15 26 11 8 12 5 19 26 9 10 4 18 6 20 9 16 22 17 20 13 7 1 15 15 7 9 4 19 14 18 24 15 3 22 13 6 10 22 3 2 24 27 6 5 8 19 15 12 18 16 13 12 21 24 23 12 3 16 2 22 24 28 22 16 27 25 18 23 17 24 17 13 14 29 29 8 24 7 24 5 22 20 30 3 14 22 22 17 14 4 27 14 29 20 24 10 29 30 23 14 28 16 28 1 19 10 17 5 26 20 28 27 14 5 22 29 13 30 24 1 6 25 3 14 21 19 26 12 2 8 13 5 28 18 24 9 17 7 27 13 23 13 20 15 18 8 28 14 14 1 15 17 19 30 30 9 14 3 24 9 13 19 25 14 28 9 5 24 24 8 26 22 11 8 21 8 15 27 9 21 23 2 9 1 18 17 29 26 25 12 26 1 19 13 17 14 8 25 6 10 5 29 25 4 25 16 13 30 24 23 24 5 7 20 4 20 10 10 16 9 29 1 28 4 19 15 3 18 9 2 10 30 22 7 9 22 7 4 29 8 26 21 18 16 28 2 9 5 18 6 15 11 11 1 30 28 3 8 1 13 21 20 15 18 12 16 24 18 12 7 30 16 24 23 2 16 5 9 30 27 12 21 17 9 18 22 10 24 20 8 8 28 4 24 3 23 21 10 30 5 19 10 23 5 21 11 18 22 29 27 7 19 8 15 20 19 10 21 22 19 9 8 25 27 29 4 16 10 21 22 3 3 13 20 6 20 27 6 3 28 20 6 7 8 21 4 26 1 28 15 24 12 2 26 14 5 4 23 16 26 29 8 5 30 5 27 12 27 13 27 7 11 10 10 28 3 25 24 15 26 9 4 6 16 17 18 11 30 28 26 25 8 1 13 17 14 18 29 1 11 15 12 15 4 8 18 13 5 24 9 24 22 26 5 27 17 29 11 9 2 10 29 11 6 5 29 5 5 11 19 18 1 22 21 30 19 30 18 17 22 24 12 30 28 4 22 14 11 27 17 22 6 24 7 24 27 14 23 19 18 15 21 27 18 3 13 28 24 9 12 23 8 1 26 28 20 24 16 23 4 19 15 4 26 4 5 28 21 18 8 5 11 17 18 12 24 17 8 11 20 15 27 15 18 11 14 1 2 14 20 30 21 27 12 21 23 4 9 9 25 28 21 8 14 16 6 13 17 16 4 12 9 8 11 26 12 29 18 5 17 4 30 4 17 26 26 22 25 26 11 17 5 17 29 6 14 15 7 8 25 19 22 29 15 3 17 9 15 15 20 24 22 12 16 20 5 30 3
2 18 12
40 520 595 347 132 35 429 152 263 442 634 666
1 3 12
309 313 378 644 506 56 130 17 138 166 296 347
3 5 16
306 632 64 240 571 138 344 320 242 407 155 673 73 273 314 648
6 4 17
284 214 337 222 332 112 635 161 369 529 228 140 325 115 127 650 658
1 17 4
50 491 399 597
1 8 8
108 101 453 116 293 467 542 683
1 6 12
109 362 27 167 225 383 418 424 551 573 588 613
5 1 11
448 274 210 340 62 330 115 53 177 581 691
3 10 12
231 359 65 208 143 382 229 235 610 454 489 589
1 12 8
454 12 75 341 388 416 443 698
1 15 5
649 48 385 130 402
2 18 11
212 302 630 394 310 401 351 236 265 395 500
3 16 11
157 133 551 687 596 47 658 388 253 366 436
3 9 7
689 512 515 380 69 35 136
3 20 7
557 233 183 655 617 163 487
4 15 17
563 676 532 561 509 336 81 5 410 393 276 451 162 329 422 426 541
4 3 10
652 400 182 667 293 159 426 107 344 476
6 9 12
501 432 8 559 192 280 267 94 41 19 135 165
2 16 10
633 103 156 489 440 97 51 78 157 619
8 17 17
82 124 391 594 546 402 611 75 628 460 187 335 0 254 288 300 553
4 17 13
328 342 589 55 218 353 524 61 50 318 340 486 565
3 14 15
117 137 439 480 227 508 111 682 355 538 234 262 269 321 578
7 11 15
26 526 18 381 653 259 177 598 131 699 217 411 408 79 145
2 20 6
495 573 642 639 38 103
2 11 10
522 367 606 225 300 1 413 555 680 689
2 10 6
368 86 264 211 475 538
1 7 13
141 686 476 122 252 697 21 10 346 7 32 365 411
6 3 17
605 341 160 206 668 282 6 558 194 450 125 500 92 351 431 520 616
4 2 12
591 692 49 223 420 136 464 255 126 197 243 279
2 20 10
203 643 127 88 284 437 497 622 665 697
2 2 9
539 387 292 116 446 86 508 560 568
1 7 5
102 59 107 215 228
2 6 11
494 178 648 435 8 31 82 89 290 651 655
2 11 8
234 377 324 249 493 592 53 346
2 20 10
343 121 397 12 134 242 417 552 576 668
2 17 13
404 45 486 490 666 290 125 239 317 515 546 547 601
2 8 7
60 80 189 205 106 316 392
2 7 11
287 114 579 70 552 414 4 2 305 373 453
4 5 17
51 447 580 669 604 659 514 418 275 430 634 3 323 229 330 562 569
3 16 15
541 694 315 497 119 31 104 170 207 94 304 332 363 382 482
1 7 11
43 419 548 354 416 190 219 469 536 600 644
1 8 14
262 266 90 197 569 153 434 246 389 583 34 195 647 652
1 18 13
656 366 518 670 431 443 556 677 456 67 160 192 274
1 13 9
570 289 204 29 87 159 386 649 678
5 1 13
312 92 472 308 379 645 314 438 371 146 216 435 584
1 6 7
307 305 492 377 415 421 427
1 11 7
175 193 46 62 349 445 494
3 16 13
265 326 14 173 576 513 249 283 464 498 524 527 554
8 2 15
348 202 147 511 239 78 96 601 496 436 468 603 56 99 256
3 1 10
623 129 621 364 79 104 118 178 333 506
6 6 14
607 458 76 317 484 565 84 423 184 278 65 342 513 695
1 20 9
441 625 600 163 258 367 379 461 667
1 6 6
462 422 231 446 485 637
1 4 7
599 113 505 212 309 450 627
2 6 8
148 349 374 61 66 108 370 481
1 1 8
413 636 90 91 153 287 490 614
8 20 16
651 530 415 433 681 626 269 221 527 691 144 77 283 439 532 585
1 2 11
273 318 171 243 24 358 38 575 98 19 466
5 11 15
200 582 303 470 690 590 417 72 550 87 149 37 46 83 129
2 17 7
30 572 58 331 348 405 451
1 12 4
165 471 69 70
3 15 15
674 253 145 263 339 444 608 322 168 286 281 288 80 247 397
6 16 12
568 424 516 564 641 272 684 270 39 403 615 686
1 14 13
584 577 176 473 427 152 294 405 502 27 483 11 308
4 17 17
321 392 609 528 237 110 260 334 536 174 169 461 279 97 140 566 670
2 12 8
298 640 277 66 150 220 580 583
2 20 8
637 123 376 467 150 292 311 479
1 15 7
437 474 179 650 149 259 390
1 8 8
463 631 183 205 394 507 528 571
1 1 11
311 544 167 209 261 345 406 455 517 533 543
2 16 17
154 191 29 105 345 238 135 2 507 71 85 503 164 162 25 63 602
1 16 7
360 285 597 396 323 549 662
2 14 12
479 498 296 257 30 186 203 276 425 448 474 557
3 15 15
268 567 455 32 398 74 365 166 28 299 102 185 459 632 657
1 16 5
664 44 230 250 521
1 20 8
662 356 14 93 206 260 343 539
3 12 12
247 198 624 338 549 44 100 169 590 626 669 673
6 15 18
465 586 534 54 685 428 361 647 421 188 475 488 118 21 359 468 502 610
3 20 12
57 688 20 587 22 390 18 389 488 540 645 674
3 10 12
333 146 224 696 236 199 55 128 187 350 640 642
2 20 19
384 409 120 537 613 9 543 499 16 616 295 469 477 76 158 208 319 582 641
1 2 7
196 93 128 257 385 504 660
2 10 9
695 386 535 261 24 101 447 618 693
3 19 16
248 357 186 627 33 578 256 5 222 227 246 404 531 561 630 663
1 10 6
201 216 64 85 196 574
1 3 7
91 245 271 399 190 202 270
1 11 8
555 547 657 151 175 559 625 699
5 4 16
660 383 487 1 581 452 23 17 663 241 230 83 25 3 123 278
3 16 12
620 449 638 180 553 185 36 43 148 337 577 605
9 6 19
612 226 671 244 373 331 574 425 181 99 566 521 523 661 49 179 354 496 620
1 6 11
67 73 213 329 478 585 372 622 155 460 633
3 17 12
482 560 370 304 142 615 172 428 516 595 629 679
1 5 9
88 395 37 533 15 142 396 523 685
1 17 6
254 679 6 387 556 628
5 13 13
301 562 319 457 15 459 445 172 77 105 214 362 558
1 8 9
211 683 481 693 327 665 618 282 624
5 14 16
698 554 232 654 297 89 100 363 258 126 680 174 213 238 457 522
9 19 18
614 139 593 291 42 95 619 525 602 219 68 52 250 375 122 408 606 682
1 14 13
442 352 251 588 195 34 350 7 120 188 420 544 586
4 20 16
531 542 504 519 466 63 540 672 220 200 221 233 266 654 661 688
4 16 14
158 13 485 678 517 134 675 545 646 629 406 4 147 677
1 13 7
510 412 10 81 171 470 656
