500 83 775 33
16 18 39 11 12 19 11 36 26 13 21 13 21 37 29 39 16 19 28 23 17 33 36 18 38 29 13 12 30 38 20 18 39 11 17 37 13 29 18 18 37 14 13 13 11 33 16 19 35 13 26 34 21 15 35 35 11 20 14 37 39 12 38 11 30 22 20 20 28 13 19 14 19 39 23 37 30 19 27 15 40 39 17 33 21 33 12 15 26 26 26 25 32 26 13 27 31 38 24 34 21 28 11 16 16 23 13 35 11 17 12 17 11 30 26 17 18 40 14 27 32 12 26 39 25 18 19 39 13 38 32 39 37 11 15 16 30 31 24 12 28 27 22 11 17 39 11 35 40 30 18 36 19 26 16 31 23 26 39 21 17 21 27 12 18 18 16 12 34 17 32 28 16 37 33 11 26 26 38 26 32 30 27 28 40 32 31 24 27 19 31 36 20 36 23 34 31 13 16 39 21 31 33 33 14 26 33 26 27 34 22 14 25 16 20 30 38 19 24 17 34 26 27 37 38 26 34 12 40 18 20 22 14 24 12 34 22 28 34 25 14 38 25 17 21 35 21 38 24 11 11 16 30 28 23 20 11 37 13 40 23 31 29 40 33 31 39 16 15 18 40 17 27 28 34 17 39 14 31 23 17 25 36 11 35 32 23 38 14 38 14 25 28 19 21 20 32 18 23 40 17 36 18 13 11 19 39 36 38 19 33 25 35 18 28 31 27 28 17 27 36 38 13 34 15 38 18 14 15 28 18 13 11 18 19 12 16 38 11 15 26 35 12 31 22 15 26 29 35 39 32 15 19 31 38 24 20 18 20 34 20 34 15 22 19 20 21 12 16 24 37 36 19 35 11 22 37 12 40 27 14 30 37 21 30 27 34 30 17 24 39 27 25 16 11 26 16 27 28 27 13 22 31 37 22 24 28 13 12 18 28 28 14 37 34 15 14 35 13 18 23 18 21 12 30 29 33 13 12 36 18 24 15 32 38 23 38 35 31 28 25 30 15 16 35 24 30 37 22 30 16 40 25 33 32 39 34 16 30 20 22 28 17 33 33 32 32 16 16 15 36 29 24 26 13 15 11 14 33 40 25 20 20 36 27 25 22 26 21 37 25 23 36 19 33 23 27 28 11 14
6 8 29 1 2 9 1 26 16 3 11 3 11 27 19 29 6 9 18 13 7 23 26 8 28 19 3 2 20 28 10 8 29 1 7 27 3 19 8 8 27 4 3 3 1 23 6 9 25 3 16 24 11 5 25 25 1 10 4 27 29 2 28 1 20 12 10 10 18 3 9 4 9 29 13 27 20 9 17 5 30 29 7 23 11 23 2 5 16 16 16 15 22 16 3 17 21 28 14 24 11 18 1 6 6 13 3 25 1 7 2 7 1 20 16 7 8 30 4 17 22 2 16 29 15 8 9 29 3 28 22 29 27 1 5 6 20 21 14 2 18 17 12 1 7 29 1 25 30 20 8 26 9 16 6 21 13 16 29 11 7 11 17 2 8 8 6 2 24 7 22 18 6 27 23 1 16 16 28 16 22 20 17 18 30 22 21 14 17 9 21 26 10 26 13 24 21 3 6 29 11 21 23 23 4 16 23 16 17 24 12 4 15 6 10 20 28 9 14 7 24 16 17 27 28 16 24 2 30 8 10 12 4 14 2 24 12 18 24 15 4 28 15 7 11 25 11 28 14 1 1 6 20 18 13 10 1 27 3 30 13 21 19 30 23 21 29 6 5 8 30 7 17 18 24 7 29 4 21 13 7 15 26 1 25 22 13 28 4 28 4 15 18 9 11 10 22 8 13 30 7 26 8 3 1 9 29 26 28 9 23 15 25 8 18 21 17 18 7 17 26 28 3 24 5 28 8 4 5 18 8 3 1 8 9 2 6 28 1 5 16 25 2 21 12 5 16 19 25 29 22 5 9 21 28 14 10 8 10 24 10 24 5 12 9 10 11 2 6 14 27 26 9 25 1 12 27 2 30 17 4 20 27 11 20 17 24 20 7 14 29 17 15 6 1 16 6 17 18 17 3 12 21 27 12 14 18 3 2 8 18 18 4 27 24 5 4 25 3 8 13 8 11 2 20 19 23 3 2 26 8 14 5 22 28 13 28 25 21 18 15 20 5 6 25 14 20 27 12 20 6 30 15 23 22 29 24 6 20 10 12 18 7 23 23 22 22 6 6 5 26 19 14 16 3 5 1 4 23 30 15 10 10 26 17 15 12 16 11 27 15 13 26 9 23 13 17 18 1 4
1 5 10
25 232 170 79 26 162 366 458 468 472
4 9 11
286 43 92 203 436 183 494 246 403 20 487
5 18 10
152 302 326 444 320 451 393 343 307 499
3 13 15
495 309 389 338 225 37 219 429 59 108 211 273 320 465 489
1 14 12
423 437 245 427 214 488 176 0 63 313 358 443
3 4 11
293 31 98 274 131 398 227 355 243 421 436
2 4 6
215 123 4 72 17 483
1 4 8
384 445 154 228 315 360 415 430
2 4 12
114 82 234 351 150 489 36 18 478 306 209 255
1 5 7
358 273 392 187 236 145 330
1 6 10
316 91 179 456 258 83 487 112 371 475
4 18 9
477 381 296 448 441 422 356 423 455
3 3 15
496 291 194 396 465 263 319 56 96 191 233 339 382 402 463
2 3 7
47 329 491 301 282 43 123
1 3 6
230 367 464 348 25 100
3 3 13
345 118 167 191 406 412 182 9 200 258 304 326 408
4 6 14
337 217 102 166 151 365 237 261 453 91 110 269 367 457
1 11 11
122 357 425 247 10 136 298 12 327 381 433
2 4 9
327 362 471 134 54 75 128 305 309
2 13 9
481 185 70 1 71 78 124 439 491
2 2 4
159 110 66 152
1 3 9
129 438 174 37 133 175 222 308 444
1 10 9
137 68 397 490 34 330 42 103 317
3 14 10
454 473 11 460 220 188 360 226 314 185
4 8 12
486 107 87 373 382 84 161 97 102 136 392 403
3 7 13
201 458 75 233 189 186 125 342 221 253 268 288 294
1 15 7
111 49 350 222 138 377 466
4 14 9
204 359 168 431 468 210 21 161 390
1 19 4
461 450 120 471
6 9 13
335 269 341 498 377 414 277 100 287 53 167 248 329
6 17 15
347 198 153 307 252 279 353 256 205 3 145 297 364 379 480
2 1 10
35 178 120 305 356 8 22 157 252 284
1 10 6
144 480 380 46 82 277
2 13 9
366 135 378 371 130 205 235 334 477
6 2 12
253 386 62 476 172 64 435 95 408 196 374 484
1 15 6
297 419 80 128 58 230
3 10 12
133 254 76 390 1 158 24 83 197 296 405 445
2 19 7
417 413 96 379 56 168 328
3 2 11
173 85 313 311 73 89 184 318 343 412 493
2 12 6
281 90 361 16 372 401
1 8 12
376 474 199 349 86 27 492 322 181 271 49 275
3 7 14
395 93 24 103 57 238 262 394 248 257 179 215 451 462
6 2 12
60 12 65 51 55 193 272 21 105 207 286 369
2 1 15
138 160 143 241 268 7 9 387 318 155 195 280 282 340 404
2 15 6
484 434 312 315 173 213
2 10 8
0 196 407 18 61 226 290 355
2 9 15
447 231 208 106 421 89 15 44 35 38 39 178 220 344 434
1 2 9
33 323 126 415 28 353 365 435 486
1 14 13
411 364 61 99 299 479 243 5 165 149 69 279 474
1 14 11
29 139 207 354 467 147 466 187 260 437 452
4 7 13
300 108 177 109 497 169 457 424 79 139 203 336 460
2 20 11
443 197 462 346 428 229 194 295 322 411 459
3 20 9
328 180 54 77 278 22 224 359 420
2 18 6
372 416 156 334 380 424
5 5 14
336 264 339 285 216 59 190 26 404 6 84 325 348 397
1 14 3
16 388 19
2 8 4
115 20 19 154
1 16 15
310 265 499 200 259 332 63 385 162 213 122 202 287 345 370
1 18 7
163 290 50 94 125 267 332
1 6 6
74 81 475 113 383 118
1 12 7
324 53 295 234 261 368 470
4 7 10
276 116 228 472 455 130 463 6 298 422
4 2 9
340 140 483 8 171 251 38 98 218
3 8 10
333 420 280 30 409 344 308 452 45 227
3 20 8
69 212 267 439 184 303 247 414
3 4 11
250 294 370 400 391 440 31 150 153 376 496
1 13 6
195 270 223 333 425 447
1 19 10
164 121 242 405 148 117 5 32 68 385
2 3 11
40 71 485 432 482 218 48 39 459 60 238
1 4 6
78 275 85 171 244 494
3 4 9
202 155 67 209 493 430 3 293 354
2 1 9
283 104 369 470 368 36 81 285 310
1 16 7
288 23 157 2 144 164 251
3 6 13
352 410 52 58 331 88 119 124 363 418 65 134 246
1 9 8
50 206 45 72 107 141 210 352
2 3 7
101 192 374 244 146 93 190
1 14 8
399 141 289 255 116 201 263 292
4 3 10
132 249 240 42 433 442 401 94 198 301
1 4 8
284 260 76 183 206 272 342 488
6 20 16
304 239 32 321 446 266 211 127 402 64 101 216 278 316 406 478
1 7 10
449 175 13 426 140 165 223 306 431 464
2 16 13
14 325 375 317 235 142 292 44 66 132 149 323 362
1 3 8
469 41 46 106 221 281 346 395
