500 87 775 33
17 34 32 21 16 18 13 38 40 27 13 13 37 17 16 36 37 17 32 36 13 12 19 30 32 35 35 32 35 23 40 20 20 37 16 17 31 32 37 14 26 38 27 19 34 32 23 23 23 33 22 14 17 29 33 35 34 29 12 28 15 18 30 32 16 29 32 18 40 34 23 17 28 24 20 31 36 34 20 25 11 37 34 32 29 22 11 31 28 30 25 29 40 14 24 27 16 11 31 29 28 13 32 13 19 13 29 13 31 17 17 34 38 40 11 15 21 27 35 35 34 12 38 12 35 33 21 35 22 24 32 22 21 16 36 20 40 29 35 31 39 28 36 27 16 15 30 21 19 15 28 12 19 11 29 21 26 28 24 14 16 24 40 35 11 34 11 16 24 25 25 37 13 39 22 38 38 39 35 23 31 15 18 36 23 21 28 16 21 38 19 22 32 30 24 18 26 15 36 40 24 34 27 25 23 33 13 23 20 21 39 36 21 22 16 25 18 18 37 13 40 27 22 16 24 37 39 30 33 17 36 16 25 19 23 39 18 27 17 29 37 18 25 37 26 40 28 21 39 20 30 39 20 38 33 31 19 27 29 31 39 20 26 35 34 11 22 39 28 20 14 18 16 32 38 17 40 38 35 16 15 36 32 18 16 28 30 20 14 36 24 12 34 25 14 25 31 39 37 21 36 25 32 29 15 33 28 17 17 38 18 19 12 22 15 36 28 40 22 25 36 29 33 22 35 11 16 25 32 13 20 40 18 23 39 18 32 36 11 36 40 36 15 21 35 23 29 27 38 26 23 39 16 36 35 40 19 24 32 30 33 35 29 27 21 17 11 22 15 26 31 28 27 28 35 40 25 13 25 15 25 37 36 32 22 16 28 23 12 29 21 24 21 21 26 29 30 27 29 11 22 36 35 37 20 32 24 18 38 27 24 28 13 27 13 35 29 20 23 38 34 33 11 17 28 32 32 28 22 25 15 38 20 21 22 17 18 25 15 27 18 38 36 18 31 38 15 31 11 34 35 16 17 39 32 32 29 32 38 28 30 21 12 19 36 36 19 19 38 14 25 25 38 35 14 24 29 14 31 27 34 18 23 28 16 16 24 40 17 13 16 22 25 14 34 27 14 24 36 26
7 24 22 11 6 8 3 28 30 17 3 3 27 7 6 26 27 7 22 26 3 2 9 20 22 25 25 22 25 13 30 10 10 27 6 7 21 22 27 4 16 28 17 9 24 22 13 13 13 23 12 4 7 19 23 25 24 19 2 18 5 8 20 22 6 19 22 8 30 24 13 7 18 14 10 21 26 24 10 15 1 27 24 22 19 12 1 21 18 20 15 19 30 4 14 17 6 1 21 19 18 3 22 3 9 3 19 3 21 7 7 24 28 30 1 5 11 17 25 25 24 2 28 2 25 23 11 25 12 14 22 12 11 6 26 10 30 19 25 21 29 18 26 17 6 5 20 11 9 5 18 2 9 1 19 11 16 18 14 4 6 14 30 25 1 24 1 6 14 15 15 27 3 29 12 28 28 29 25 13 21 5 8 26 13 11 18 6 11 28 9 12 22 20 14 8 16 5 26 30 14 24 17 15 13 23 3 13 10 11 29 26 11 12 6 15 8 8 27 3 30 17 12 6 14 27 29 20 23 7 26 6 15 9 13 29 8 17 7 19 27 8 15 27 16 30 18 11 29 10 20 29 10 28 23 21 9 17 19 21 29 10 16 25 24 1 12 29 18 10 4 8 6 22 28 7 30 28 25 6 5 26 22 8 6 18 20 10 4 26 14 2 24 15 4 15 21 29 27 11 26 15 22 19 5 23 18 7 7 28 8 9 2 12 5 26 18 30 12 15 26 19 23 12 25 1 6 15 22 3 10 30 8 13 29 8 22 26 1 26 30 26 5 11 25 13 19 17 28 16 13 29 6 26 25 30 9 14 22 20 23 25 19 17 11 7 1 12 5 16 21 18 17 18 25 30 15 3 15 5 15 27 26 22 12 6 18 13 2 19 11 14 11 11 16 19 20 17 19 1 12 26 25 27 10 22 14 8 28 17 14 18 3 17 3 25 19 10 13 28 24 23 1 7 18 22 22 18 12 15 5 28 10 11 12 7 8 15 5 17 8 28 26 8 21 28 5 21 1 24 25 6 7 29 22 22 19 22 28 18 20 11 2 9 26 26 9 9 28 4 15 15 28 25 4 14 19 4 21 17 24 8 13 18 6 6 14 30 7 3 6 12 15 4 24 17 4 14 26 16
2 19 5
336 41 263 58 385
1 1 13
473 35 252 88 422 140 155 239 460 90 209 433 444
1 11 10
467 208 145 458 428 217 276 325 354 387
6 3 16
406 130 131 370 182 74 160 465 396 15 57 176 285 311 345 432
3 7 10
223 489 431 250 334 43 103 113 127 308
3 18 12
127 389 209 3 210 301 424 233 320 442 452 457
4 13 13
256 202 261 169 99 338 464 329 33 138 278 388 469
1 9 6
271 14 308 323 492 498
2 15 8
40 395 164 416 328 251 268 281
3 5 7
174 312 229 314 56 53 145
2 15 9
477 466 39 94 217 257 399 424 436
3 5 9
498 369 474 356 17 178 341 20 110
3 17 9
346 89 110 494 248 76 131 313 336
4 12 13
451 364 25 146 311 120 205 80 111 177 193 384 435
1 14 8
21 49 29 410 194 353 27 39
2 5 8
273 363 30 462 259 16 84 358
2 7 9
483 435 207 352 484 265 152 164 448
1 10 8
168 445 295 297 388 155 232 493
5 11 10
148 398 78 225 226 156 438 7 405 295
2 2 8
124 105 450 350 27 115 183 286
5 16 13
421 306 118 159 285 114 165 309 17 101 179 460 499
1 8 6
257 355 2 181 187 273
3 4 12
423 212 482 228 382 73 280 397 34 190 296 451
3 13 6
427 176 4 106 258 263
1 18 13
499 365 236 493 282 413 154 199 9 79 191 216 292
1 10 4
481 63 337 401
6 11 11
55 64 93 81 359 13 230 232 200 376 321
4 10 11
8 116 479 430 372 294 89 122 264 353 470
2 1 12
133 407 191 65 151 170 87 470 37 182 380 394
2 5 8
404 266 443 222 126 137 466 467
1 9 4
317 448 163 315
1 12 10
51 67 59 68 152 172 231 250 459 481
1 18 5
61 142 98 261 379
1 11 6
366 475 99 255 322 441
1 9 6
36 447 93 378 389 440
2 14 8
44 419 16 383 135 357 202 496
4 19 8
85 436 215 198 237 1 248 352
2 16 10
46 276 290 48 60 70 97 239 390 482
1 2 7
6 113 335 461 62 47 318
1 15 6
123 414 129 290 362 491
1 5 9
242 330 300 128 70 73 133 357 364
1 11 11
432 310 444 289 46 52 135 166 244 249 439
4 10 7
411 347 487 241 433 82 458
3 6 12
399 319 186 139 354 327 12 53 81 142 148 258
3 11 12
471 28 246 262 213 141 173 115 452 356 398 408
4 20 13
204 157 75 260 459 15 426 161 316 185 289 395 473
3 9 6
288 219 60 183 380 417
1 16 9
184 368 211 463 283 137 98 333 477
4 4 10
253 379 101 343 103 394 77 359 419 494
1 18 8
307 5 18 167 381 371 199 391
2 9 5
11 400 138 373 45
4 8 14
374 129 221 278 102 384 303 296 235 189 412 413 418 488
1 10 10
287 348 201 94 162 175 213 269 309 431
2 10 7
497 274 31 360 387 331 342
1 2 3
321 34 102
1 15 4
255 166 42 316
4 19 9
20 401 486 57 24 409 343 383 423
1 14 11
197 434 349 496 270 150 214 420 390 48 446
4 5 9
83 367 281 275 299 111 491 24 405
1 4 4
69 264 287 375
1 11 6
91 107 62 139 229 355
2 15 7
476 104 286 318 366 370 471
1 9 7
77 304 147 238 170 282 330
4 17 10
12 342 162 408 320 393 227 292 117 450
5 20 11
412 149 268 108 332 196 245 42 22 109 128
2 10 14
272 143 54 121 269 358 19 326 109 163 6 71 150 251
4 17 11
313 158 172 233 456 0 88 218 238 338 415
5 17 12
240 179 32 192 90 403 345 337 216 224 260 301
1 9 8
492 95 7 82 123 220 252 293
5 6 11
415 429 37 177 92 66 378 218 207 339 475
5 3 10
153 126 277 298 418 33 247 97 226 230
1 17 13
122 244 185 180 293 249 361 100 455 84 254 371 464
2 2 9
324 339 96 119 234 28 67 147 222
1 6 6
437 136 319 386 434 463
1 16 9
302 52 187 442 125 220 120 235 300
2 10 7
325 80 76 159 334 409 476
1 6 8
453 267 377 284 449 30 253 487
6 11 12
71 375 144 472 385 50 134 190 132 5 153 184
4 11 10
243 291 10 440 457 38 105 156 396 456
2 8 7
439 86 495 231 215 271 349
1 1 8
171 425 392 305 478 174 225 236
1 1 6
362 391 188 154 227 381
4 2 13
195 351 480 254 203 322 469 86 91 165 274 304 350
1 13 9
446 206 23 386 340 45 116 197 449
2 4 8
117 488 72 26 279 112 141 224
4 18 12
175 468 441 485 58 454 490 112 32 134 317 400
2 19 6
344 315 402 193 203 368
