300 78 465 20
36 12 39 36 12 23 12 28 37 12 31 38 22 28 23 24 19 21 31 20 36 23 35 35 25 28 16 34 33 19 15 24 24 15 33 20 36 29 34 27 29 27 35 27 28 20 18 21 30 17 20 21 33 19 17 21 40 38 39 25 30 15 27 13 30 14 23 11 22 21 22 22 25 16 29 30 11 21 16 17 28 15 39 37 19 39 33 40 17 17 24 21 31 14 28 19 21 29 14 19 33 23 24 28 40 22 32 30 22 17 38 12 14 22 39 28 28 37 26 29 17 12 15 25 37 17 12 38 29 29 28 28 12 30 14 11 25 38 21 19 16 36 30 12 39 33 38 24 23 30 27 24 38 35 34 13 20 28 27 37 25 38 31 32 33 12 16 23 31 22 34 15 23 27 15 24 14 23 21 28 34 31 20 19 33 29 29 22 34 31 29 40 37 32 35 19 22 22 18 40 20 32 13 12 11 20 13 28 14 33 17 16 31 23 15 19 20 37 27 18 30 37 36 21 14 37 30 26 12 22 33 28 37 20 33 38 26 36 22 33 28 34 29 24 28 17 13 17 20 37 31 28 26 24 17 12 28 18 27 29 40 19 29 22 13 12 15 14 29 32 11 19 28 37 27 31 16 13 33 40 31 37 40 22 23 12 21 18 36 28 17 37 32 26 25 17 37 34 28 32
26 2 29 26 2 13 2 18 27 2 21 28 12 18 13 14 9 11 21 10 26 13 25 25 15 18 6 24 23 9 5 14 14 5 23 10 26 19 24 17 19 17 25 17 18 10 8 11 20 7 10 11 23 9 7 11 30 28 29 15 20 5 17 3 20 4 13 1 12 11 12 12 15 6 19 20 1 11 6 7 18 5 29 27 9 29 23 30 7 7 14 11 21 4 18 9 11 19 4 9 23 13 14 18 30 12 22 20 12 7 28 2 4 12 29 18 18 27 16 19 7 2 5 15 27 7 2 28 19 19 18 18 2 20 4 1 15 28 11 9 6 26 20 2 29 23 28 14 13 20 17 14 28 25 24 3 10 18 17 27 15 28 21 22 23 2 6 13 21 12 24 5 13 17 5 14 4 13 11 18 24 21 10 9 23 19 19 12 24 21 19 30 27 22 25 9 12 12 8 30 10 22 3 2 1 10 3 18 4 23 7 6 21 13 5 9 10 27 17 8 20 27 26 11 4 27 20 16 2 12 23 18 27 10 23 28 16 26 12 23 18 24 19 14 18 7 3 7 10 27 21 18 16 14 7 2 18 8 17 19 30 9 19 12 3 2 5 4 19 22 1 9 18 27 17 21 6 3 23 30 21 27 30 12 13 2 11 8 26 18 7 27 22 16 15 7 27 24 18 22
2 18 6
206 218 144 42 80 60
3 19 8
95 109 111 121 9 76 83 234
2 9 6
171 240 230 165 262 276
1 4 7
132 139 174 17 244 162 191
3 16 9
172 153 229 213 281 33 2 102 192
2 12 7
137 68 223 250 105 126 130
1 2 4
141 271 16 296
2 19 6
252 79 91 170 142 269
2 2 7
147 83 186 133 297 134 176
2 3 7
221 286 215 188 245 127 139
2 8 6
262 208 148 269 17 211
1 6 6
196 1 11 67 91 145
1 4 4
62 254 190 214
2 13 6
296 177 14 8 22 298
3 18 8
152 200 165 81 299 118 171 252
2 10 8
36 71 118 129 160 239 242 259
1 14 3
159 191 140
1 7 3
287 122 289
1 1 4
176 224 51 255
2 2 7
125 225 61 43 27 295 250
1 9 3
242 38 193
1 7 4
210 293 3 202
1 8 7
226 131 31 123 256 257 273
1 17 4
58 66 30 28
2 8 5
98 243 167 201 174
1 6 9
70 44 7 283 238 19 42 147 293
2 4 7
134 15 284 179 261 98 201
1 9 5
101 135 66 153 208
2 19 9
100 88 214 145 169 26 141 195 235
1 2 7
178 143 75 80 194 229 288
1 8 4
247 140 128 93
1 15 4
235 136 31 179
1 9 6
180 10 62 119 261 279
3 2 6
228 265 205 173 19 85
2 14 8
270 163 192 65 154 181 253 272
1 5 6
263 216 37 131 232 245
2 3 15
116 227 47 50 12 257 13 57 96 115 136 212 222 251 280
4 11 6
55 67 2 157 253 138
1 9 4
168 267 93 228
2 15 4
41 69 124 183
2 13 4
4 97 22 100
1 5 8
198 184 48 212 86 236 78 282
1 4 3
259 222 33
1 8 8
115 298 289 32 203 34 215 243
1 4 6
248 151 189 272 185 258
1 1 5
57 34 246 12 18
1 13 5
102 233 26 164 41
1 5 4
190 219 59 249
2 11 5
294 56 142 146 210
2 7 5
73 53 130 47 183
3 17 6
29 274 156 268 59 25
1 11 6
96 282 89 181 20 198
1 1 4
119 6 156 291
1 19 2
249 185
3 2 9
114 211 285 291 113 106 103 104 163
2 13 3
74 182 251
1 8 10
149 64 108 193 120 288 1 175 264 274
3 14 7
24 52 46 127 280 227 270
2 17 3
260 90 278
1 16 6
237 63 220 49 70 265
3 20 7
13 92 194 39 117 52 95
2 6 5
104 37 16 36 187
1 13 8
112 35 266 23 56 68 255 284
2 11 6
78 234 77 28 6 44
1 5 7
273 158 256 74 162 170 238
1 4 5
199 107 150 79 246
3 6 9
241 8 11 129 94 54 20 61 297
1 16 5
123 87 18 24 244
1 7 6
84 155 53 206 226 248
2 2 6
110 82 72 276 5 254
2 15 5
207 0 258 3 164
1 14 7
217 23 277 40 154 197 299
1 18 5
264 45 69 144 152
1 19 8
161 105 75 290 126 160 10 49
2 10 4
21 99 279 4
2 17 5
292 175 231 195 204
3 7 10
202 103 239 275 5 209 25 88 207 237
1 4 5
187 166 232 60 15
