500 214 775 33
6 4 1 29 25 15 3 20 26 10 1 3 21 24 3 27 28 29 25 15 5 2 3 14 2 18 24 5 19 29 21 3 3 13 4 21 16 1 5 19 21 21 4 1 19 6 4 25 1 18 8 7 26 11 17 19 23 26 23 3 17 20 4 11 9 20 24 18 7 10 13 27 16 12 15 16 17 11 16 29 22 17 13 25 10 13 7 19 4 19 29 24 15 20 24 27 19 8 10 9 3 22 30 27 29 6 3 4 28 8 11 30 23 12 1 1 18 24 6 23 11 10 6 23 16 5 19 2 18 30 16 19 13 30 15 23 7 16 19 17 13 10 21 16 22 4 19 14 22 25 15 15 9 30 4 16 8 15 2 15 24 12 28 7 2 21 15 2 25 1 24 26 8 26 13 15 16 16 28 25 13 18 27 8 21 15 17 3 27 1 14 9 11 18 15 8 28 7 12 13 11 23 7 6 1 9 28 3 29 15 19 30 26 18 12 21 21 1 3 24 14 9 18 23 16 10 12 14 25 15 8 19 4 3 18 22 13 7 24 28 21 20 7 27 2 14 11 16 4 21 1 21 22 24 10 17 25 30 29 5 16 24 1 14 22 27 22 6 28 7 1 13 13 19 4 12 1 23 4 29 30 15 16 22 28 19 10 27 28 16 1 26 2 19 9 8 3 3 19 19 28 16 11 23 1 15 3 26 2 6 15 22 3 7 5 23 25 6 22 27 9 8 26 14 30 19 22 11 19 6 20 10 17 20 9 20 19 4 14 4 20 8 12 18 1 10 2 28 4 18 13 19 27 8 11 20 27 16 17 2 1 30 30 19 15 19 23 26 24 11 5 10 12 10 20 1 12 4 26 1 25 28 19 22 6 6 9 18 17 2 27 17 16 29 18 7 19 16 1 19 13 12 16 15 14 12 20 18 7 28 30 4 13 17 2 6 6 13 15 14 14 30 5 22 13 4 13 1 9 30 28 25 17 1 10 18 25 17 15 26 26 28 2 13 17 15 27 30 4 9 24 22 17 9 28 30 12 3 10 8 7 11 1 12 12 27 7 8 4 10 19 8 25 27 14 11 29 23 7 14 18 3 30 9 23 21 10 18 25 17 27 4 12 15 15 8 15 6 13 10
28 1 13 15 3 1 27 19 29 18 6 2 21 18 14 24 23 4 1 16 29 4 16 24 7 19 25 14 26 15 29 26 19 25 23 1 14 15 10 8 16 6 23 9 5 16 20 5 8 30 28 25 27 5 1 15 15 25 2 19 8 17 13 7 30 2 29 11 5 6 15 28 2 15 3 10 14 26 3 21 9 20 16 11 10 8 26 18 27 9 23 14 6 25 25 29 8 7 4 7 16 25 2 20 8 5 4 18 25 22 28 5 2 14 11 17 30 11 26 30 29 26 19 2 6 10 19 29 9 20 1 29 7 17 8 11 15 17 24 7 29 30 18 2 19 15 23 12 20 28 18 14 2 25 30 24 29 17 6 8 10 22 12 13 8 15 14 24 23 17 5 19 3 21 23 3 4 12 29 3 10 16 29 26 4 15 5 5 30 17 14 21 7 2 27 5 16 17 25 28 17 22 15 12 23 3 15 24 8 2 9 15 10 9 30 7 29 23 21 29 19 2 27 7 8 14 15 24 30 17 26 29 20 20 21 22 15 19 5 15 12 14 29 19 16 6 22 26 11 19 13 15 6 14 24 9 26 22 22 26 16 10 9 22 29 11 30 1 27 29 3 1 28 13 22 27 9 30 20 21 26 1 16 15 5 22 2 17 27 18 18 11 21 25 14 3 10 15 27 6 19 22 5 22 6 25 27 17 28 11 6 25 5 22 27 12 6 2 20 25 7 16 21 14 26 22 16 27 17 21 13 22 18 14 30 27 22 2 18 29 13 14 29 13 9 3 9 2 3 1 29 12 27 28 21 8 22 27 27 8 11 25 6 28 23 25 15 6 21 8 2 8 20 11 5 16 19 27 30 9 5 12 7 6 10 15 19 1 26 11 15 25 14 6 22 22 3 29 11 4 30 5 18 6 13 13 6 12 13 11 20 22 15 10 19 13 16 10 25 25 1 27 11 8 9 27 2 29 20 15 26 9 30 5 20 7 25 18 28 25 12 1 25 2 1 16 1 25 1 29 15 8 18 1 11 11 11 20 6 27 4 9 21 8 27 12 4 24 6 23 16 22 29 9 15 2 10 23 15 3 9 16 20 25 6 27 29 15 10 2 15 15 13 23 21 18 24 6 25 14
5 11 18
66 449 255 126 139 292 107 59 206 18 403 261 234 142 176 171 473 493
1 6 11
382 344 240 492 184 428 172 290 268 210 312
0 6 8
90 277 499 230 397 253 78 194
2 8 11
479 451 418 368 310 216 362 241 433 402 237
1 12 6
398 92 157 88 361 278
5 9 18
354 363 144 384 80 309 437 463 57 394 160 24 413 108 405 286 125 347
0 20 2
111 300
0 9 5
119 348 497 401 480
3 11 9
45 350 342 400 81 32 192 217 102
0 14 3
328 420 199
1 18 14
274 40 482 271 364 458 35 151 435 220 441 106 417 174
1 10 7
44 360 393 104 163 130 446
2 16 10
279 346 422 407 100 439 438 236 121 349
0 13 4
426 432 454 391
0 16 2
7 191
0 16 1
452
2 1 17
30 475 399 196 129 127 455 226 79 489 182 238 302 470 31 155 296
5 20 15
170 38 327 367 8 459 272 117 306 183 421 404 468 294 83
0 3 4
474 169 385 143
2 12 6
94 376 340 46 84 297
3 1 14
133 166 173 477 75 484 488 189 187 283 91 471 138 375
0 13 1
273
0 2 3
14 427 154
2 9 10
28 205 460 221 164 372 275 301 180 235
1 16 6
243 65 335 149 153 490
0 1 2
27 55
1 9 10
257 63 98 323 443 293 245 472 461 10
0 20 3
424 227 491
3 14 5
134 387 47 225 198
3 10 13
36 263 266 317 161 377 481 336 370 23 284 430 357
1 10 5
305 53 114 34 295
0 14 5
43 136 175 87 369
1 5 6
140 389 70 112 246 307
5 10 14
313 448 351 201 115 406 259 416 150 450 54 193 61 333
1 8 7
148 304 315 269 99 219 358
0 2 2
483 33
0 1 5
22 442 137 381 52
1 9 11
324 270 124 3 319 355 495 494 371 105 162
2 2 12
408 167 288 168 252 62 58 412 478 11 42 118
4 10 1
0
1 19 1
1
7 19 1
2
1 16 1
4
3 38 2
5 145
3 19 2
6 158
1 22 2
9 233
3 24 1
12
2 24 1
13
4 18 1
15
4 36 1
16
1 12 1
17
6 21 1
19
1 15 1
20
4 22 1
21
3 15 2
25 314
3 21 1
26
2 20 1
29
6 36 1
37
3 14 1
39
5 2 1
41
4 30 1
48
1 8 1
49
4 28 2
50 383
1 16 1
51
3 22 1
56
4 9 1
60
2 19 1
64
4 16 1
67
3 10 1
68
9 31 1
69
3 30 2
71 322
2 29 1
72
4 7 1
73
3 11 1
74
1 13 1
76
4 17 2
77 469
3 18 2
82 345
3 23 1
85
4 3 1
86
4 22 2
89 431
3 14 1
93
1 9 1
95
3 22 1
96
2 19 2
97 359
1 24 1
101
1 17 1
103
3 18 1
109
4 14 2
110 202
2 27 1
113
4 18 1
116
3 14 1
120
1 27 1
122
3 17 1
123
4 17 2
128 249
3 18 1
131
3 34 1
132
1 24 1
135
3 11 1
141
3 33 1
146
3 20 1
147
3 23 1
152
1 34 1
156
1 30 1
159
3 22 1
165
3 22 2
177 213
3 10 1
178
6 30 1
179
7 21 1
181
1 30 1
185
3 13 1
186
1 22 1
188
4 16 1
190
4 17 1
195
3 18 1
197
3 12 1
200
6 34 1
203
2 18 1
204
7 21 1
207
1 16 1
208
4 20 1
209
5 12 2
211 373
3 19 1
212
1 22 1
214
8 20 1
215
2 15 1
218
3 18 1
222
9 21 2
223 343
2 18 1
224
4 26 1
228
3 12 1
229
6 27 1
231
3 20 1
232
4 31 1
239
1 34 1
242
1 15 1
244
4 36 1
247
1 22 1
248
4 17 1
250
1 3 1
251
1 3 1
254
5 18 1
256
5 17 1
258
1 20 1
260
3 29 1
262
1 26 1
264
3 17 1
265
3 5 2
267 409
1 24 1
276
1 24 1
280
1 30 1
281
1 22 1
282
4 19 1
285
3 23 1
287
3 8 1
289
3 29 1
291
2 21 1
298
4 24 1
299
1 10 1
303
6 25 1
308
1 14 2
311 326
4 5 1
316
1 25 1
318
3 31 1
320
5 9 1
321
1 10 1
325
3 19 1
329
4 17 1
330
1 18 1
331
1 32 1
332
6 26 1
334
1 24 1
337
1 30 1
338
1 9 1
339
1 21 1
341
3 13 1
352
3 12 1
353
4 11 2
356 485
2 19 1
365
4 36 1
366
4 7 1
374
3 28 1
378
1 32 1
379
1 15 1
380
3 19 1
386
3 15 1
388
4 13 2
390 453
1 30 1
392
5 9 1
395
3 20 1
396
4 13 1
410
3 22 1
411
2 12 1
414
3 7 1
415
1 30 1
419
1 26 1
423
5 11 1
425
2 25 1
429
3 20 1
434
1 10 1
436
4 26 1
440
1 14 1
444
1 17 2
445 476
5 12 1
447
3 34 1
456
1 34 1
457
4 13 1
462
2 20 1
464
3 25 1
465
2 21 1
466
3 20 1
467
4 4 1
486
3 19 1
487
2 29 1
496
3 22 1
498
