300 147 465 20
22 29 28 24 8 13 28 18 5 1 12 16 2 10 17 5 1 4 30 19 28 23 3 12 6 28 19 23 14 20 24 2 29 18 8 8 30 28 26 11 23 1 28 11 12 24 9 8 27 17 11 25 6 8 16 23 16 9 19 18 13 19 27 12 30 17 22 18 26 12 20 17 2 29 10 23 17 23 25 25 8 11 19 4 25 5 12 25 20 16 11 20 18 3 14 26 12 1 20 17 21 29 15 27 19 16 25 13 28 3 2 15 12 24 16 11 9 20 8 16 20 29 21 15 17 1 7 2 24 25 4 8 27 27 30 5 23 12 1 30 3 18 28 19 9 22 16 7 12 22 1 21 27 28 3 15 25 4 5 26 27 29 16 27 13 5 19 28 30 9 25 25 22 23 20 20 25 2 28 18 16 16 27 21 22 11 16 16 12 4 2 7 21 15 4 17 13 19 27 20 19 15 27 18 7 22 13 21 22 20 6 19 13 8 8 18 17 17 29 1 28 14 18 23 15 10 15 13 24 8 9 28 13 2 30 28 11 11 11 26 16 3 21 8 22 24 17 26 29 4 1 7 5 30 22 25 19 15 15 19 25 24 14 10 15 15 23 4 15 10 18 19 8 16 5 12 18 10 22 10 12 30 18 15 11 23 5 6 22 22 21 5 14 8 17 10 22 8 6 10
24 2 14 1 12 25 27 26 26 19 27 11 11 26 4 17 22 8 7 16 29 8 11 11 26 10 15 13 23 28 30 10 21 2 19 24 27 8 15 3 3 16 8 18 8 30 13 20 20 24 21 17 7 5 29 22 7 30 23 24 1 21 27 9 1 10 18 23 3 3 23 27 22 13 30 24 13 7 19 25 1 14 17 5 27 1 19 27 22 30 20 15 18 4 8 7 28 6 14 16 1 28 20 7 7 21 7 6 28 12 15 17 3 13 13 5 8 7 27 10 6 11 20 24 20 13 25 26 3 1 22 3 8 27 9 22 14 23 18 27 13 3 2 9 16 3 30 13 9 6 19 26 3 16 12 2 29 23 12 21 1 14 14 12 10 13 24 18 9 9 20 10 3 4 23 24 11 18 23 5 28 7 14 15 22 1 7 6 5 26 9 13 29 14 5 6 12 9 23 11 3 2 8 9 2 14 30 15 9 1 30 14 3 23 7 4 13 2 13 24 27 4 2 3 5 1 16 13 25 7 15 25 21 19 13 14 27 21 25 2 20 12 2 1 3 27 4 6 4 12 22 15 8 16 25 12 7 2 25 3 7 3 9 1 15 24 27 20 12 2 2 14 22 7 26 17 5 12 3 19 2 15 26 22 18 12 28 4 13 3 13 29 13 10 22 14 17 8 13 11
0 17 3
263 214 57
0 17 2
206 248
4 18 12
171 258 242 239 233 289 204 61 216 157 165 162
2 11 6
164 210 126 11 224 228
0 18 6
109 52 133 190 138 105
1 1 10
142 284 259 240 182 121 20 179 82 273
0 9 3
94 78 116
0 7 4
207 143 59 115
1 1 5
66 181 71 299 221
1 6 5
200 15 114 128 69
0 1 2
91 153
0 2 4
168 286 50 293
4 11 10
163 278 254 147 130 95 68 80 89 197
2 1 8
243 256 124 230 232 0 201 64
1 5 4
107 196 24 160
0 1 6
45 283 290 122 48 49
1 8 6
33 220 110 271 16 277
1 5 4
154 77 257 238
2 13 7
194 183 187 23 184 167 32
0 7 2
97 8
0 19 3
4 9 149
0 20 2
7 31
0 20 2
87 54
0 15 3
291 39 156
1 4 7
74 208 280 215 137 173 3
0 12 3
72 63 35
1 12 5
172 272 276 269 12
0 10 4
199 132 193 250
0 4 5
102 151 93 261 41
0 18 5
268 30 225 47 79
0 13 3
141 88 1
0 17 6
262 255 104 205 195 146
1 8 8
150 244 223 58 56 297 51 21
0 4 4
229 34 226 60
0 9 5
70 28 222 112 265
1 16 1
2
2 10 1
5
1 20 3
6 17 247
1 23 1
10
1 17 1
13
1 21 1
14
1 22 1
18
1 19 2
19 106
1 21 2
22 99
1 5 1
25
1 9 1
26
1 6 1
27
2 21 1
29
1 22 1
36
1 5 2
37 67
1 10 1
38
1 30 1
40
3 6 1
42
2 20 1
43
5 12 1
44
1 34 1
46
2 21 2
53 155
2 8 2
55 260
4 23 2
62 274
1 15 2
65 144
1 26 2
73 129
2 20 1
75
1 29 1
76
1 19 1
81
4 2 1
83
2 20 1
84
2 14 1
85
1 18 1
86
1 22 1
90
2 24 1
92
1 20 1
96
2 37 1
98
1 12 1
100
2 6 1
101
2 11 1
103
1 13 1
108
1 25 1
111
1 14 1
113
1 26 1
117
2 23 1
118
1 19 1
119
1 15 1
120
3 35 1
123
1 16 1
125
1 21 1
127
2 31 1
131
2 14 1
134
2 13 1
135
2 15 1
136
2 32 1
139
2 15 1
140
1 24 1
145
1 22 3
148 236 249
2 5 1
152
4 2 1
158
1 35 1
159
1 19 2
161 166
1 30 1
169
1 3 1
170
1 24 1
174
1 11 1
175
1 19 2
176 218
1 9 1
177
3 18 1
178
1 21 1
180
1 25 1
185
2 24 1
186
2 25 1
188
1 24 1
189
1 13 1
191
2 16 1
192
1 26 1
198
2 15 1
202
3 28 1
203
1 13 1
209
1 21 1
211
4 13 1
212
3 9 1
213
2 8 1
217
2 32 1
219
2 29 1
227
1 20 1
231
2 5 1
234
1 25 1
235
1 34 1
237
1 10 1
241
1 40 1
245
3 23 1
246
1 37 1
251
4 13 1
252
1 11 1
253
1 27 1
264
1 29 1
266
1 15 1
267
2 21 1
270
1 11 1
275
2 24 1
279
1 5 1
281
4 14 1
282
4 20 1
285
1 22 1
287
4 22 1
288
1 2 1
292
1 21 1
294
2 18 1
295
2 17 1
296
1 26 1
298
