300 151 465 20
29 19 16 1 6 19 22 25 11 19 27 7 11 13 28 9 6 28 4 6 26 19 10 24 17 25 8 21 26 1 20 3 23 25 11 16 8 25 13 19 3 5 19 13 29 19 22 23 18 5 7 22 28 29 19 30 6 14 14 2 7 14 7 15 5 1 9 17 4 23 15 26 19 30 2 8 19 13 5 20 6 16 28 11 11 28 21 10 20 17 13 21 1 2 22 10 7 1 27 4 5 18 6 19 6 16 18 4 9 15 17 6 18 6 12 3 18 22 22 24 22 15 1 23 12 1 6 2 29 20 23 18 26 23 4 13 24 29 4 2 14 9 27 18 25 27 7 10 9 29 13 2 29 3 12 25 2 9 13 6 5 28 22 26 13 29 4 23 8 5 20 11 10 13 22 3 3 3 10 1 22 9 17 9 7 6 29 3 29 4 4 11 23 26 4 27 13 20 8 15 20 5 5 9 3 16 5 14 29 7 11 25 17 18 2 15 13 2 25 10 20 9 23 10 20 6 28 9 14 8 11 5 13 25 23 15 1 16 28 17 22 3 4 24 5 2 13 15 8 1 23 30 24 30 20 28 28 4 12 23 12 20 17 1 3 4 17 11 17 11 19 17 2 8 29 29 2 30 16 10 22 9 13 1 9 8 2 10 26 23 6 20 29 25 15 2 7 13 2 7
16 26 7 19 3 13 14 7 23 13 6 21 25 19 5 7 15 16 14 4 28 15 22 16 12 22 13 5 15 8 8 5 10 25 25 20 4 10 14 18 12 22 20 4 15 24 3 9 10 9 5 7 10 15 11 2 23 5 18 14 21 17 27 6 20 9 24 29 19 27 30 10 8 26 15 24 22 5 29 23 19 30 16 7 12 19 23 5 30 29 24 25 30 1 6 15 1 19 15 21 4 2 18 28 13 25 20 14 30 11 6 19 20 27 23 15 12 8 2 20 7 18 8 7 7 11 6 27 7 24 12 20 8 16 10 30 4 25 17 26 6 21 4 30 22 4 14 15 7 13 29 19 6 22 28 28 17 12 24 7 24 7 24 8 10 29 5 17 9 23 6 30 20 20 3 23 2 13 8 3 12 14 6 25 16 26 8 29 13 26 28 1 27 14 8 5 13 15 21 20 4 6 5 4 25 23 21 17 6 24 14 3 15 20 20 11 3 3 20 30 3 28 12 4 10 15 23 19 25 29 13 8 25 10 20 27 14 4 8 6 24 29 23 1 15 10 11 5 23 6 14 12 28 24 18 4 20 12 4 20 2 9 18 16 30 19 30 3 15 13 11 24 30 5 16 2 22 27 23 23 4 14 9 7 20 23 16 14 29 2 9 4 27 27 26 25 9 7 8 21
0 8 3
32 153 243
0 4 3
91 151 60
0 6 2
139 293
0 6 2
191 167
0 8 7
55 25 105 65 52 212 152
0 18 5
204 241 53 242 116
0 19 1
181
1 5 4
6 14 230 24
0 12 2
235 292
1 2 3
295 197 123
1 2 8
56 83 252 75 186 266 257 109
0 17 1
108
4 11 7
195 296 279 114 278 122 18
1 3 3
267 180 211
0 18 7
171 208 101 62 155 131 66
3 11 9
121 99 224 97 274 134 246 194 69
0 20 2
254 87
3 6 9
135 264 290 78 126 144 45 271 157
0 19 2
165 8
1 20 2
2 7
2 7 10
215 12 132 249 251 172 47 111 67 148
1 2 4
112 142 41 299
3 10 9
84 39 198 92 23 74 35 286 202
3 15 6
185 229 161 250 149 90
0 13 3
5 196 136
0 8 3
46 85 36
0 8 2
245 275
1 10 6
147 217 143 103 262 260
3 17 8
100 223 120 107 291 68 129 218
0 8 6
59 54 209 276 89 288
0 9 1
247
1 14 6
4 104 216 189 58 30
1 13 3
238 57 49
2 6 6
119 206 26 0 236 225
1 6 6
182 44 201 277 294 20
0 15 4
130 232 141 280
1 20 3
283 168 164
1 7 4
115 244 226 227
1 18 6
29 200 284 118 31 40
1 25 1
1
2 14 1
3
2 29 1
9
3 12 2
10 205
2 17 2
11 265
2 35 2
13 174
2 15 1
15
4 17 1
16
1 25 1
17
2 30 2
19 173
1 19 1
21
1 10 3
22 72 253
3 21 1
27
2 25 1
28
5 16 1
33
2 24 1
34
2 27 1
37
1 26 1
38
2 9 1
42
2 25 2
43 140
2 24 1
48
2 28 1
50
2 11 1
51
2 26 1
61
1 28 1
63
1 25 1
64
1 29 1
70
2 25 1
71
3 25 1
73
2 28 1
76
4 30 1
77
2 23 1
79
3 17 1
80
1 27 1
81
2 24 1
82
2 36 1
86
1 27 1
88
2 8 1
93
1 25 1
94
1 28 1
95
2 18 1
96
2 29 1
98
1 27 1
102
2 33 1
106
2 36 1
110
4 28 1
113
1 21 1
117
2 7 1
124
2 39 1
125
1 10 1
127
3 20 1
128
1 14 1
133
2 21 1
137
4 19 1
138
2 14 1
145
2 10 2
146 188
1 32 1
150
2 21 1
154
2 28 1
156
3 30 1
158
2 31 1
159
2 15 1
160
3 8 1
162
3 14 1
163
1 23 1
166
1 17 1
169
2 31 1
170
1 15 1
175
3 23 1
176
3 7 1
177
3 6 1
178
2 30 2
179 256
5 24 1
183
3 24 1
184
2 35 1
187
3 16 1
190
2 10 1
192
2 36 2
193 258
1 26 1
199
3 22 1
203
2 29 1
207
2 11 1
210
1 34 1
213
2 23 1
214
1 28 1
219
2 20 1
220
2 35 1
221
1 13 1
222
2 28 1
228
4 5 1
231
2 12 1
233
3 16 1
234
1 10 1
237
2 25 1
239
3 17 1
240
2 33 1
248
3 9 1
255
1 18 1
259
2 13 1
261
2 25 1
263
2 30 1
268
2 23 1
269
2 26 1
270
3 26 1
272
3 17 1
273
2 20 1
281
6 21 1
282
2 28 1
285
2 39 1
287
3 31 1
289
1 20 1
297
2 28 1
298
