1000 333 1550 67
6 28 4 4 12 10 8 24 26 7 9 10 6 2 20 23 17 21 14 28 28 4 10 12 25 18 26 19 21 2 14 15 22 17 30 29 4 4 23 11 17 8 8 17 29 21 11 8 18 21 11 18 14 11 18 1 21 28 15 22 15 1 11 16 27 5 1 14 20 28 11 9 18 16 27 24 5 29 24 2 17 1 24 13 30 25 17 8 9 4 6 7 17 3 3 28 10 13 20 25 27 5 26 6 29 27 26 6 10 13 18 24 20 23 23 20 16 5 5 29 18 17 27 6 29 12 27 24 27 15 15 20 19 1 26 22 29 21 1 9 21 5 2 15 5 20 26 17 11 25 9 22 9 3 12 11 22 6 13 7 9 26 9 14 1 12 1 20 22 13 25 11 13 14 24 4 17 13 21 10 11 14 13 5 3 22 25 21 8 5 22 30 3 27 9 30 6 5 16 20 10 16 13 1 18 25 17 1 17 20 8 17 11 25 7 4 25 3 5 5 25 14 11 7 4 14 20 23 20 24 5 16 17 16 1 6 10 17 21 10 19 12 29 15 12 29 21 18 3 25 29 1 7 10 10 26 6 14 20 24 16 10 7 2 7 30 24 3 27 17 23 22 27 7 11 27 8 6 1 28 23 25 8 8 18 12 14 4 14 25 21 13 8 13 18 1 11 1 1 22 30 17 19 28 19 2 11 14 16 8 9 25 17 25 19 3 28 12 4 9 9 2 22 22 29 16 20 29 22 3 22 1 1 5 5 15 22 27 13 22 24 28 6 12 27 11 17 4 7 1 16 25 29 17 25 25 23 30 4 20 16 10 10 15 22 23 1 19 16 18 20 27 7 24 14 17 6 4 16 24 19 22 26 27 6 13 24 20 5 16 5 2 21 23 4 4 19 26 9 18 23 21 4 9 24 7 19 22 23 4 24 30 12 23 10 25 1 25 2 15 26 12 6 16 9 22 4 5 11 23 29 5 20 26 28 26 1 6 7 2 7 14 17 21 20 7 21 13 23 12 19 10 14 18 3 3 24 6 27 19 1 5 2 20 22 29 18 7 1 16 25 23 15 29 9 8 10 15 17 25 16 18 29 9 30 19 14 17 9 16 30 7 6 12 6 17 12 27 20 25 13 12 23 6 27 14 28 28 18 13 21 26 2 25 27 13 1 19 2 4 11 1 20 17 20 12 18 1 10 30 6 18 14 22 24 22 1 2 29 1 15 10 14 30 9 29 14 21 25 16 17 5 14 12 12 17 9 19 28 17 6 26 5 16 27 2 16 18 22 8 11 16 3 3 26 23 1 13 7 25 23 16 3 5 10 30 5 21 16 21 7 27 21 16 6 2 29 28 4 12 4 12 25 1 12 28 8 30 26 13 14 13 15 20 7 29 27 24 7 2 24 21 28 23 24 11 30 11 2 13 3 10 19 3 3 12 12 13 10 30 10 25 26 29 13 7 27 10 23 12 10 15 14 2 7 22 14 30 21 29 28 10 17 6 29 7 8 17 20 29 25 30 10 1 3 18 24 22 30 19 29 23 27 25 22 12 7 19 5 16 18 24 22 1 16 10 26 26 16 20 16 5 12 9 25 27 26 18 15 17 30 11 21 23 22 16 5 11 17 2 5 22 21 30 9 1 28 7 11 12 16 5 21 24 26 10 9 23 23 30 23 23 24 6 1 11 3 28 16 20 6 6 22 19 30 24 27 17 8 6 8 26 2 12 27 18 6 8 22 18 3 22 4 2 15 13 26 1 5 6 23 29 7 12 11 20 17 14 22 7 11 28 30 19 12 27 19 18 15 19 24 12 9 24 25 6 26 29 16 22 27 10 16 19 22 12 20 14 8 24 18 21 30 10 7 14 26 12 24 9 20 23 3 22 2 24 16 12 16 27 24 30 25 19 19 27 23 7 12 15 18 7 2 23 14 17 9 28 29 26 10 6 29 28 15 30 14 12 17 20 8 23 24 25 8 9 12 16 14 29 28 4 16 18 3 10 29 21 20 16 14 3 12 16 18 10 1 3 26 25 10 19 7 13 14 10 6 21 13 11 16 23 4 13 23 2 28 28 10 9 24 24 21 26 15 2 5 3 14 1 22 6 26 8 2 8 29 25 17 26 3 26 29 13 8 13 26 5 5 27 8 16 21 30 26 15 20 21 20 15 23 2 8 26 10 1 4 26 19 15 7 30 12 13 16 20 9 22 17 7 1 23 28 16 14 11 8 9 25 28 2 16 13 24 17 2 13 22 23 30
1 30 26 5 3 22 12 14 29 4 10 30 28 21 12 25 5 30 12 11 15 9 27 13 15 22 27 19 4 20 13 16 20 15 13 14 2 2 13 17 7 16 12 19 27 19 29 30 19 8 8 7 13 21 17 6 12 11 2 18 25 16 24 27 1 8 14 11 28 30 29 2 17 8 14 23 27 5 4 21 29 21 18 26 24 17 9 8 24 29 26 22 17 25 5 24 27 26 9 22 13 12 22 19 22 4 30 8 2 3 26 9 11 15 4 3 24 19 8 28 26 24 11 1 9 23 16 28 21 29 22 17 28 4 23 20 15 1 19 16 30 19 18 10 1 19 23 18 10 3 4 19 5 1 3 29 2 25 26 20 1 19 30 6 29 11 10 17 14 29 29 16 1 20 3 14 27 4 2 3 21 26 22 13 29 4 5 26 7 20 29 28 14 20 3 12 20 4 11 17 4 22 8 25 20 7 28 29 2 8 21 4 22 7 20 11 29 21 21 13 7 2 10 26 9 3 4 16 12 4 14 15 10 19 11 22 9 6 18 15 12 5 15 13 3 30 20 30 4 27 6 25 27 13 18 6 13 17 13 2 24 9 4 29 23 16 16 10 5 23 19 3 16 1 16 16 20 17 1 14 1 18 20 2 12 4 3 1 19 17 4 6 20 18 5 7 24 7 8 5 21 10 21 7 24 12 16 24 5 10 6 11 13 12 13 24 27 25 26 25 28 1 16 12 3 8 22 28 20 11 20 3 26 23 11 19 2 27 11 13 24 8 26 5 10 14 11 1 4 27 25 4 20 13 25 6 1 5 7 2 2 22 12 28 20 3 8 9 17 23 29 12 7 18 27 26 21 21 23 17 17 5 26 24 23 8 30 12 20 29 13 20 28 26 3 7 23 6 5 15 17 2 10 10 26 11 26 10 17 8 11 22 6 24 22 17 12 7 21 25 11 25 11 11 3 14 14 19 1 29 19 6 13 26 22 22 20 14 26 4 6 18 25 10 19 8 22 8 8 8 23 14 24 26 5 3 19 5 12 1 9 14 15 24 11 3 21 9 30 10 24 18 5 1 9 4 28 27 8 2 8 13 2 5 25 7 4 5 3 21 2 20 3 19 9 9 15 6 9 30 18 17 6 8 27 21 12 1 30 21 28 11 20 26 26 9 28 7 26 2 19 11 1 30 20 29 6 20 27 26 17 11 13 25 17 20 7 27 9 20 30 25 5 20 27 22 14 1 5 6 4 29 11 2 13 21 12 13 17 9 14 23 22 30 17 17 6 17 17 9 19 30 14 7 2 14 4 5 4 9 26 2 6 2 27 19 24 19 13 12 9 19 23 23 1 14 3 28 10 4 28 26 11 8 24 21 14 24 22 8 5 15 16 27 5 25 7 14 26 15 17 1 9 22 17 20 24 25 12 12 13 18 23 28 21 24 15 10 23 18 2 24 10 9 20 16 6 10 2 10 12 27 9 20 27 14 7 8 11 16 22 28 13 23 24 28 27 20 24 4 17 1 15 8 20 20 18 22 23 17 26 14 23 27 17 21 8 6 24 4 8 14 6 16 7 7 18 21 5 13 17 14 19 8 25 4 19 20 8 27 28 2 7 2 13 9 26 2 20 25 26 11 5 27 9 28 3 10 16 17 5 27 4 9 9 11 4 24 21 23 10 19 22 13 6 1 23 14 16 23 8 18 22 25 21 18 18 21 23 8 9 4 5 21 21 12 20 25 30 30 28 27 21 9 10 14 15 26 25 19 24 8 24 29 14 18 10 20 19 8 11 15 6 11 6 30 15 14 29 7 21 21 2 22 25 16 1 28 12 11 28 4 27 24 19 30 8 9 12 21 13 14 5 17 16 10 24 12 7 9 10 17 27 30 28 25 1 15 11 22 6 13 22 12 25 22 18 24 12 9 24 14 13 11 14 19 27 19 16 10 19 9 27 17 20 13 10 30 21 6 12 21 23 23 15 10 29 21 28 25 22 5 29 29 3 13 25 20 4 24 24 26 24 22 25 23 17 4 9 3 12 16 12 16 26 6 16 29 25 25 20 3 6 7 10 30 26 14 28 9 27 16 12 1 13 23 7 5 13 26 11 29 5 30 13 10 12 25 9 14 30 22 11 24 15 15 12 28 3 13 29 10 4 22 10 17 9 25 5 27 5 13 11 9 10 9 12 4 21 26 11 8 18 18 8 2 6 15 11 8 27 11 11 16 2 15 12 17 6 7 6 15 5 19 19 7 5 1 1 1
4 8 13
499 278 371 179 854 951 165 846 84 959 214 177 237
0 10 2
326 947
1 4 16
721 9 755 518 347 958 532 615 67 609 311 342 650 148 631 790
14 6 29
325 18 480 558 442 193 579 798 557 964 884 802 748 652 474 45 364 606 15 146 931 488 703 604 507 461 724 849 372
0 4 7
901 700 749 448 107 395 644
0 19 21
487 151 242 73 944 269 222 229 476 26 910 369 584 406 217 258 363 752 246 393 335
0 6 8
319 926 927 276 23 145 952 275
2 9 8
259 433 801 605 982 789 673 22
6 10 15
522 607 282 444 175 345 72 144 150 813 613 780 2 888 581
0 9 6
429 823 110 734 839 510
7 2 16
707 391 4 904 39 451 775 123 96 897 610 407 967 528 685 996
0 11 3
868 895 626
0 11 13
484 164 761 173 553 563 195 892 975 230 862 381 705
6 12 19
226 693 950 611 814 314 744 648 133 257 349 279 103 949 445 889 95 855 675
6 11 14
13 126 54 575 77 447 573 546 153 914 399 495 322 687
1 5 6
773 708 20 736 441 353
0 15 15
43 137 346 30 795 695 866 104 754 786 198 251 329 912 955
3 19 11
88 511 826 913 549 643 811 273 400 131 572
8 12 24
240 845 90 768 231 777 690 682 864 921 525 331 710 50 594 291 977 595 909 918 370 161 516 936
0 1 4
209 928 368 383
12 18 30
879 469 974 527 668 885 989 669 541 548 857 827 680 760 59 403 76 881 294 125 176 19 983 603 262 828 378 893 293 438
5 4 17
840 933 17 665 666 265 208 260 508 180 815 340 919 272 871 157 416
5 10 21
111 313 809 288 44 472 899 753 128 404 565 718 628 247 592 361 627 934 450 192 719
1 20 30
53 405 791 337 981 413 834 307 478 486 670 540 635 818 58 453 960 737 702 649 158 496 568 716 616 890 542 254 466 470
4 3 27
24 940 645 227 907 481 324 106 136 236 980 0 249 302 530 86 863 264 580 882 722 119 577 171 843 160 808
6 6 31
524 995 113 512 52 704 212 770 961 844 277 196 661 321 471 920 431 409 463 459 62 299 988 534 163 874 387 972 489 500 21
11 2 26
434 127 234 600 7 452 779 836 458 28 861 794 717 320 876 283 583 491 253 440 97 867 948 842 990 3
0 9 2
446 201
2 7 18
651 715 287 290 706 659 997 612 602 40 853 428 121 728 873 48 69 816
0 1 11
793 330 271 380 632 228 729 766 268 27 515
9 17 28
348 526 555 199 738 956 174 765 731 477 494 66 178 953 788 244 586 847 520 822 671 585 155 16 946 860 309 396
2 11 12
656 61 841 318 726 351 984 85 124 109 243 365
0 18 25
590 303 220 617 869 878 108 942 859 382 74 545 938 412 354 654 47 503 360 479 807 745 352 245 497
1 18 30
135 757 930 894 979 356 939 539 162 513 327 6 667 506 93 598 147 168 115 618 529 467 504 498 647 674 398 204 653 141
0 11 12
79 915 432 985 184 978 281 591 140 292 925 414
0 13 12
286 122 856 870 465 733 410 686 785 923 783 317
8 25 3
1 367 639
5 13 1
5
8 20 2
8 906
11 6 3
10 41 116
1 16 1
11
1 7 1
12
5 17 2
14 91
5 9 1
25
1 31 1
29
14 21 3
31 36 608
3 16 1
32
10 21 2
33 787
1 24 1
34
1 17 1
35
2 38 2
37 672
1 16 2
38 965
1 17 4
42 224 662 739
1 24 1
46
1 23 1
49
8 19 2
51 457
1 23 2
55 677
5 10 3
56 203 764
15 23 2
57 932
3 28 1
60
10 11 1
63
1 24 2
64 587
3 20 2
65 298
1 36 3
68 270 350
1 15 1
70
11 15 1
71
20 4 3
75 182 379
5 7 2
78 280
13 19 3
80 149 185
8 14 2
81 101
3 27 2
82 152
1 25 1
83
3 9 1
87
3 20 1
89
3 21 3
92 663 741
1 38 1
94
2 31 1
98
10 12 1
99
1 22 1
100
2 25 2
102 970
1 19 2
105 464
13 20 1
112
3 19 1
114
18 35 1
117
1 24 2
118 256
2 10 1
120
2 10 2
129 832
12 8 2
130 206
1 33 2
132 694
2 29 1
134
14 28 3
138 357 805
1 10 1
139
2 13 1
142
2 14 1
143
18 17 2
154 194
1 5 1
156
11 11 1
159
2 16 1
166
5 4 2
167 571
3 30 2
169 588
11 21 3
170 408 833
1 24 2
172 295
2 29 1
181
1 20 1
183
11 15 1
186
2 23 1
187
2 18 1
188
5 25 1
189
1 28 1
190
8 21 1
191
4 32 2
197 810
4 25 1
200
4 30 1
202
1 26 1
205
1 29 1
207
8 30 1
210
2 19 1
211
10 7 1
213
1 33 2
215 424
1 20 1
216
4 16 2
218 865
1 23 2
219 241
1 31 1
221
3 21 3
223 566 771
1 22 1
225
13 10 1
232
2 5 1
233
18 13 3
235 641 987
1 22 1
238
2 14 2
239 725
2 21 1
248
4 22 1
250
3 13 1
252
4 29 2
255 634
11 15 2
261 799
4 23 2
263 392
1 35 3
266 359 439
8 21 4
267 402 493 830
1 16 1
274
1 26 3
284 756 817
13 25 2
285 883
21 20 2
289 782
3 24 1
296
3 15 1
297
4 12 1
300
11 17 1
301
1 18 1
304
1 23 3
305 475 698
2 21 1
306
1 23 1
308
5 3 1
310
2 28 1
312
1 14 1
315
1 15 1
316
3 30 1
323
2 18 1
328
1 24 1
332
11 21 3
333 455 740
3 11 1
334
14 12 2
336 872
14 12 3
338 531 689
1 30 2
339 792
2 26 1
341
2 7 1
343
2 29 2
344 877
1 23 1
355
2 29 2
358 462
1 20 1
362
1 24 1
366
1 28 3
373 523 692
11 21 2
374 696
2 30 2
375 483
1 29 1
376
3 15 1
377
17 27 1
384
1 19 1
385
15 24 1
386
4 7 2
388 850
1 21 2
389 887
3 26 1
390
1 13 2
394 848
5 3 2
397 851
3 22 1
401
1 26 3
411 767 821
18 29 2
415 596
15 18 2
417 962
1 28 3
418 456 916
1 33 1
419
1 22 1
420
1 30 2
421 502
4 22 2
422 443
1 34 2
423 886
1 12 1
425
2 20 1
426
4 37 2
427 829
8 25 2
430 537
5 20 1
435
2 20 1
436
1 21 2
437 658
1 14 1
449
2 4 1
454
1 29 1
460
1 17 1
468
1 15 1
473
4 8 1
482
4 39 1
485
4 32 2
490 561
2 31 3
492 664 945
1 19 1
501
11 10 2
505 622
5 9 1
509
2 21 2
514 797
3 10 1
517
10 13 1
519
2 27 2
521 621
5 15 1
533
18 18 2
535 552
8 31 1
536
1 30 1
538
1 23 1
543
2 15 1
544
1 25 1
547
3 19 1
550
1 7 1
551
1 23 1
554
8 22 1
556
11 16 1
559
12 23 1
560
1 29 1
562
5 26 1
564
13 18 1
567
1 20 1
569
1 19 1
570
2 24 1
574
4 27 1
576
2 2 1
578
8 13 1
582
12 17 1
589
12 18 1
593
17 12 1
597
1 21 1
599
1 12 1
601
1 17 1
614
1 27 1
619
2 11 1
620
4 15 1
623
12 18 1
624
5 19 1
625
1 8 1
629
1 15 1
630
3 15 1
633
1 22 2
636 691
14 27 1
637
3 38 2
638 898
1 10 2
640 720
1 33 1
642
1 14 1
646
1 11 1
655
2 30 1
657
2 12 1
660
10 15 2
676 714
2 27 1
678
1 30 1
679
1 29 1
681
1 17 1
683
10 5 1
684
3 12 1
688
1 18 1
697
1 13 1
699
5 11 2
701 742
2 3 1
709
5 18 1
711
3 22 1
712
8 21 1
713
2 13 1
723
1 37 2
727 966
3 21 2
730 781
4 11 1
732
1 16 1
735
1 24 2
743 803
1 14 1
746
4 38 2
747 824
2 25 2
750 903
15 14 2
751 804
5 7 1
758
4 31 1
759
8 17 1
762
1 17 1
763
18 13 1
769
5 13 1
772
1 8 1
774
2 21 1
776
3 27 2
778 935
8 13 1
784
1 13 1
796
2 28 1
800
1 19 1
806
1 16 1
812
1 30 1
819
3 27 2
820 943
12 16 1
825
5 18 1
831
1 21 1
835
1 29 1
837
10 20 1
838
3 19 1
852
2 28 2
858 986
15 14 2
875 954
3 10 1
880
1 27 1
891
2 12 1
896
1 31 1
900
8 28 1
902
1 25 1
905
2 8 1
908
1 11 1
911
1 15 1
917
12 8 1
922
10 13 2
924 998
2 15 1
929
5 11 2
937 994
2 11 1
941
2 36 1
957
3 14 1
963
2 17 1
968
1 28 1
969
17 16 1
971
21 24 1
973
8 29 1
976
2 21 1
991
1 14 1
992
1 17 1
993
15 30 1
999
