500 218 775 33
23 23 4 26 5 9 29 21 4 11 9 14 27 14 25 2 16 20 7 4 9 21 18 22 21 4 3 28 22 22 22 2 24 28 19 13 28 20 8 12 3 21 17 5 30 14 26 12 9 13 29 26 6 12 8 20 7 16 8 2 6 27 27 2 18 22 21 22 27 13 15 6 2 19 8 26 21 6 30 24 25 10 7 9 16 30 2 27 2 7 13 25 12 15 26 24 5 15 8 14 2 24 28 25 11 17 27 5 25 27 4 2 30 26 13 23 27 25 22 6 6 29 1 28 28 8 28 30 23 3 9 16 27 5 14 9 7 13 26 15 28 10 23 8 10 7 4 14 30 13 16 2 13 8 27 30 6 15 7 6 7 7 9 2 24 21 15 22 8 7 23 18 17 6 2 23 11 3 23 18 12 22 12 26 29 9 22 19 17 6 8 22 30 10 27 21 22 25 7 9 17 14 3 12 25 16 3 8 12 29 27 28 14 8 24 4 8 25 30 5 17 23 11 12 3 23 26 15 29 24 6 1 14 30 20 16 13 21 15 16 11 2 3 5 29 30 6 8 6 7 17 27 21 28 18 15 3 13 15 29 11 10 2 15 17 1 15 13 5 3 29 16 22 18 2 14 28 19 27 20 20 13 14 15 11 1 19 21 18 21 5 17 26 14 6 13 28 13 18 10 22 1 10 20 14 4 25 15 21 4 25 23 20 16 29 10 12 5 8 28 4 28 2 17 30 26 9 26 25 7 30 22 12 20 23 14 4 24 21 9 29 11 18 2 21 3 17 19 5 18 7 19 1 10 15 9 8 19 27 7 29 17 7 11 20 10 25 21 30 12 23 16 3 15 30 16 14 23 6 28 23 30 26 27 2 4 14 27 23 8 5 18 29 18 26 28 25 27 2 17 1 16 30 18 19 6 30 17 6 9 1 22 4 9 27 7 10 8 28 5 23 16 11 23 2 29 23 24 26 5 1 26 7 8 13 15 20 11 9 5 20 16 25 24 3 23 7 27 29 29 27 18 8 30 1 16 12 14 12 6 26 19 7 11 7 18 28 2 30 7 8 20 7 28 20 19 18 5 9 28 15 20 9 8 10 30 3 17 26 16 30 29 11 3 12 15 16 12 20 22
2 10 27 15 22 7 28 5 22 19 19 27 23 6 30 26 6 1 1 27 26 2 7 23 30 2 30 4 11 23 10 30 4 22 12 19 3 27 2 13 23 2 11 9 1 10 1 26 29 23 10 11 23 10 9 5 5 25 16 23 9 1 21 15 2 18 12 16 10 25 12 16 13 13 8 5 25 28 19 17 29 2 28 15 19 30 23 22 10 16 23 30 11 27 12 2 4 2 24 3 22 27 13 12 5 29 11 20 1 24 26 17 3 19 29 30 30 9 7 21 24 2 3 18 27 27 22 18 26 16 5 8 9 6 30 5 5 10 16 17 18 10 9 21 1 16 17 22 17 25 9 16 18 12 13 20 10 25 19 23 17 1 28 5 27 19 25 5 18 29 3 1 5 8 29 15 25 20 28 5 21 25 6 19 7 15 4 8 17 18 7 7 12 7 5 18 12 3 30 22 25 17 26 9 10 7 18 20 15 19 23 19 27 20 29 4 7 17 23 27 22 9 30 10 12 1 4 2 13 30 6 30 7 27 21 15 27 10 30 21 21 24 5 29 14 11 23 20 1 12 10 24 1 24 28 30 18 17 9 1 20 23 12 3 29 21 5 19 24 24 14 28 24 7 1 13 29 6 5 18 22 28 13 20 27 10 26 4 2 29 13 7 19 11 22 23 8 1 11 17 13 29 21 10 7 3 12 19 15 16 23 7 12 22 1 27 24 8 20 19 13 20 18 23 27 9 10 11 30 5 4 25 3 23 12 4 23 13 19 21 4 16 25 30 10 12 6 30 16 30 19 1 24 15 4 9 7 16 8 22 23 1 14 3 6 6 27 10 30 24 1 10 26 8 16 23 4 6 1 9 29 9 16 24 5 21 30 28 21 1 5 21 24 18 13 5 8 28 18 16 8 25 19 20 4 4 5 1 15 24 23 17 10 22 25 29 10 11 24 9 2 5 2 5 10 21 17 1 18 7 12 3 25 12 5 19 30 9 20 9 7 27 4 22 28 11 17 24 25 16 17 26 28 27 1 7 25 2 15 5 20 25 4 5 25 10 25 3 24 9 8 27 21 7 17 21 13 26 26 1 20 3 18 27 13 5 10 4 4 12 11 7 23 16 20 29 17 21 26 17
0 12 8
405 368 261 82 482 342 100 21
2 12 11
212 108 90 55 408 363 83 328 219 195 280
3 12 10
330 371 143 4 288 441 228 129 369 407
4 14 12
189 25 65 183 270 234 169 56 465 213 102 416
6 14 18
209 239 457 294 399 420 150 488 182 340 78 197 154 433 292 281 59 358
0 9 6
299 178 173 298 486 29
0 9 2
284 455
0 16 3
302 422 116
1 12 3
176 375 312
1 12 5
208 306 111 43 400
2 2 10
105 332 350 146 210 395 91 440 337 86
1 11 6
30 471 206 397 152 336
1 18 6
341 198 171 492 318 445
0 8 3
263 51 94
3 16 15
147 251 39 396 334 124 85 430 238 435 461 458 137 220 60
1 14 9
354 243 199 418 322 45 495 289 426
0 4 3
71 221 81
3 7 9
474 394 223 88 326 158 1 15 349
1 4 4
200 293 99 384
0 3 2
419 466
6 10 13
494 410 254 452 41 333 136 449 138 279 454 381 361
6 14 14
370 24 38 327 168 389 437 175 64 383 98 52 319 309
0 13 4
84 266 204 117
0 13 4
356 68 497 325
0 12 4
11 69 188 346
0 10 7
323 460 17 443 144 390 276
1 13 12
438 272 489 125 436 364 126 27 118 425 248 283
6 10 12
277 114 432 128 247 106 417 119 16 172 404 491
0 10 3
244 357 464
5 17 13
475 242 271 156 472 166 413 186 365 385 360 34 278
3 19 9
63 378 184 490 7 161 107 439 0
2 13 12
427 462 155 135 67 303 191 201 40 447 398 372
0 6 3
401 274 477
0 4 3
93 317 282
7 10 12
218 483 205 196 167 20 170 307 301 304 259 237
4 19 11
264 256 414 37 230 96 26 187 412 287 353
4 31 1
2
3 21 1
3
4 28 1
5
3 19 1
6
1 29 2
8 498
10 29 1
9
3 28 1
10
1 25 2
12 113
3 26 3
13 36 499
3 25 1
14
2 21 1
18
3 28 1
19
6 16 1
22
9 26 1
23
3 15 1
28
1 33 2
31 476
6 18 1
32
1 18 1
33
1 21 1
35
1 26 1
42
3 29 2
44 194
8 21 1
46
3 25 2
47 214
3 28 1
48
3 31 1
49
7 15 2
50 451
3 21 2
53 54
3 29 1
57
2 20 2
58 148
1 22 2
61 406
1 28 1
62
3 11 1
66
1 14 2
70 112
1 22 2
72 335
12 27 2
73 77
1 16 2
74 463
1 32 1
75
3 31 1
76
9 17 1
79
3 25 1
80
2 16 1
87
10 36 1
89
3 22 1
92
7 23 1
95
4 29 1
97
10 29 1
101
3 10 1
103
3 21 1
104
4 28 2
109 162
3 23 1
110
4 22 1
115
9 21 1
120
4 19 1
121
4 27 2
122 203
3 20 1
123
3 26 1
127
1 23 1
130
1 14 1
131
8 30 2
132 305
1 15 3
133 233 379
3 26 1
134
12 24 2
139 367
12 28 1
140
8 36 2
141 468
2 17 1
142
4 27 1
145
1 26 1
149
2 20 1
151
1 16 1
153
3 28 2
157 373
7 23 1
159
4 14 1
160
1 12 1
163
1 22 1
164
4 25 1
165
7 16 1
174
3 23 1
177
1 19 1
179
1 22 1
180
6 21 2
181 240
3 19 1
185
1 26 1
190
3 25 1
192
4 22 1
193
1 32 2
202 423
4 24 1
207
3 25 1
211
3 19 1
215
1 18 2
216 275
3 18 2
217 231
3 22 1
222
3 23 2
224 402
6 19 1
225
3 25 1
226
3 26 1
227
3 22 1
229
3 26 2
232 459
4 24 1
235
7 30 2
236 444
6 12 1
241
4 26 1
245
4 32 1
246
3 27 1
249
4 17 1
250
8 25 2
252 377
2 19 1
253
3 23 1
255
3 13 2
257 310
2 10 1
258
2 22 1
260
7 27 1
262
4 32 1
265
12 20 1
267
9 26 1
268
1 18 1
269
1 17 1
273
3 31 1
285
3 25 1
286
2 17 1
290
1 20 1
291
3 25 1
295
4 30 1
296
1 11 1
297
9 17 1
300
7 26 1
308
1 21 1
311
3 24 1
313
12 24 2
314 467
4 15 1
315
3 15 1
316
3 25 1
320
7 30 1
321
7 14 1
324
3 23 1
329
8 30 1
331
1 17 1
338
4 29 1
339
4 32 1
343
3 14 1
344
9 22 1
345
1 22 1
347
3 24 2
348 485
4 27 1
351
4 14 2
352 479
4 15 1
355
3 23 2
359 366
1 27 2
362 450
1 24 1
374
2 20 1
376
10 29 1
380
1 14 1
382
1 25 1
386
10 33 1
387
9 22 1
388
12 24 1
391
2 13 1
392
9 29 1
393
4 16 1
403
1 30 1
409
1 21 1
411
7 23 1
415
8 25 1
421
4 22 1
424
3 22 1
428
1 22 1
429
3 21 1
431
1 10 1
434
1 14 1
442
3 26 1
446
3 22 1
448
8 33 1
453
1 19 1
456
1 16 1
469
2 18 1
470
2 18 1
473
1 24 1
478
2 22 1
480
1 14 1
481
1 24 1
484
1 21 1
487
3 13 1
493
3 24 1
496
