800 287 1240 53
15 6 14 30 22 24 21 27 11 23 3 2 7 24 10 28 11 16 12 24 8 15 4 3 17 3 7 28 3 2 15 17 9 1 21 21 8 8 14 21 26 5 1 29 11 13 12 10 26 6 6 27 19 25 2 8 13 30 30 30 7 28 11 10 4 17 6 23 1 8 25 29 8 25 2 15 1 29 18 6 26 10 15 14 5 26 2 5 6 24 19 9 21 18 25 19 29 11 16 1 11 4 16 7 11 21 29 25 17 13 5 18 14 4 4 2 4 11 16 21 15 25 7 7 6 13 9 16 3 20 8 12 10 24 11 13 9 17 8 29 10 23 20 9 13 12 17 23 30 27 17 6 18 16 21 4 28 8 12 20 22 11 17 14 23 30 15 13 5 11 9 5 5 14 22 16 16 22 4 15 8 3 13 27 7 27 4 16 13 4 18 11 27 29 21 8 21 11 8 24 4 19 2 9 23 25 25 17 21 23 9 21 21 9 20 18 17 24 8 8 10 10 27 7 22 5 10 25 21 5 23 24 23 5 12 10 16 11 4 3 17 13 24 1 29 29 19 7 9 12 6 19 4 5 11 17 1 26 28 26 17 28 7 18 4 7 1 21 3 13 15 19 14 25 29 4 25 3 28 17 2 23 6 13 21 27 4 5 1 2 6 19 17 10 8 16 6 6 15 19 5 25 9 21 7 27 27 20 22 2 23 12 30 14 2 24 18 9 25 13 22 17 19 4 14 4 19 1 11 13 3 17 23 12 2 27 7 13 30 12 24 11 17 23 23 18 3 1 15 21 16 19 27 4 17 2 1 19 28 2 21 14 9 2 7 26 24 30 16 16 25 30 2 9 25 27 13 6 13 14 15 16 6 7 2 8 12 14 22 18 29 19 26 16 23 8 1 12 6 15 2 20 26 22 24 5 25 22 6 25 30 22 2 27 13 13 15 24 27 27 28 24 1 13 18 15 12 25 9 19 18 19 27 22 30 10 23 9 28 18 4 23 27 11 29 11 19 14 4 4 1 8 11 16 22 18 26 29 22 30 24 6 1 28 3 8 17 16 28 6 6 25 7 11 16 3 12 12 29 13 1 16 29 30 30 26 9 8 17 12 30 17 13 14 25 12 11 11 14 15 18 27 17 6 13 15 13 30 21 2 15 8 1 6 21 13 10 17 12 3 6 19 10 17 29 25 20 12 14 14 26 14 26 25 1 17 7 11 29 26 28 1 19 3 9 22 26 10 24 26 18 26 5 13 19 5 27 15 10 10 11 4 11 24 28 9 7 3 8 12 18 25 10 29 25 4 14 15 10 18 28 21 11 11 27 5 8 16 29 30 29 16 10 10 27 24 9 17 3 16 2 2 9 2 10 13 18 13 3 28 3 20 17 4 18 19 22 28 5 5 22 15 8 6 24 4 25 27 2 23 12 30 10 23 15 30 12 20 29 7 30 10 16 9 5 13 6 2 24 24 22 21 4 8 6 19 1 10 3 4 5 3 15 27 26 3 1 27 19 25 27 7 7 16 7 6 13 22 25 8 27 9 13 4 27 8 21 29 25 5 26 23 6 5 10 9 5 19 2 30 16 30 21 8 25 6 14 24 5 8 11 18 15 11 1 21 4 8 26 11 5 19 27 13 20 8 23 5 28 7 11 17 8 3 17 5 27 5 2 2 14 7 2 5 16 26 19 29 9 24 18 15 12 27 2 21 13 13 20 18 26 3 17 5 28 2 11 18 14 25 29 23 16 18 25 3 23 24 29 19 26 7 2 26 16 7 16 16 13 23 15 24 20 29 13 15 23 25 10 4
6 3 18 3 13 9 10 10 21 28 25 21 20 16 30 22 2 27 15 8 15 11 5 12 9 11 6 30 18 23 23 1 26 29 4 14 26 23 9 22 28 24 17 17 12 27 13 13 16 20 6 3 1 16 26 13 22 4 26 4 16 12 10 30 24 25 18 6 19 29 9 24 17 5 10 18 21 5 16 4 1 11 20 21 7 15 26 18 17 18 24 14 20 22 10 11 25 23 18 12 7 8 26 14 2 20 22 8 17 1 28 30 15 27 3 29 18 25 4 25 16 16 21 14 1 13 12 30 23 15 5 22 20 24 30 11 16 18 19 17 13 1 3 18 19 7 13 18 2 5 15 28 18 20 18 20 24 20 28 27 21 18 22 25 1 17 18 25 21 12 22 3 3 10 29 14 10 14 14 7 5 20 4 1 16 3 3 28 19 24 26 28 21 8 11 8 1 4 26 15 27 8 20 19 5 16 23 16 21 12 11 3 17 5 20 11 7 26 30 2 29 22 24 22 21 8 3 4 29 20 16 22 13 17 5 11 29 23 30 16 15 3 27 8 27 18 11 24 9 22 30 6 18 12 16 30 28 17 20 19 14 10 19 9 17 18 25 18 6 24 13 4 12 3 30 30 21 11 23 7 16 2 9 28 15 9 18 21 30 14 15 3 29 26 7 21 18 6 19 12 18 13 5 12 4 30 18 26 29 10 28 18 9 23 21 10 7 20 18 26 11 7 29 3 1 18 24 10 20 21 12 24 18 13 17 3 26 10 20 2 29 22 27 12 24 10 20 24 4 9 18 22 5 8 24 13 30 6 12 18 20 20 7 7 19 3 3 5 23 23 7 17 28 24 7 4 24 18 5 16 6 28 11 5 27 16 29 16 4 1 7 2 27 12 3 23 8 9 11 7 29 6 28 9 30 20 13 30 25 8 3 21 28 28 12 8 4 17 29 6 30 20 11 21 12 15 15 17 26 27 12 7 19 16 9 25 15 7 6 28 23 20 2 6 8 16 6 17 14 17 15 19 14 24 21 7 27 24 16 21 15 16 24 26 1 5 29 29 21 8 24 15 3 26 18 16 16 26 7 13 11 7 4 26 3 1 19 2 21 15 12 25 14 28 22 14 16 5 24 28 10 30 21 7 8 24 11 12 11 29 22 11 20 3 18 5 7 5 8 20 10 15 15 11 16 25 26 30 17 23 2 28 26 30 26 8 4 10 19 14 29 11 14 8 17 1 25 12 8 26 17 4 20 4 6 21 11 22 4 21 9 4 17 23 28 2 10 3 26 23 29 12 15 10 19 28 28 16 16 21 8 25 4 14 14 25 25 18 29 26 20 1 7 17 3 15 18 23 29 15 6 19 3 8 9 4 15 24 24 17 15 20 19 5 21 8 21 14 26 16 18 28 8 16 25 16 14 6 29 2 24 26 16 17 25 21 23 18 10 29 28 16 8 15 19 6 4 28 27 29 26 24 12 21 22 17 2 11 16 11 8 4 29 30 3 22 16 28 28 16 17 15 12 25 24 11 11 1 2 5 13 18 20 6 15 14 8 10 24 12 30 14 18 7 2 20 3 6 12 1 14 10 10 22 20 4 28 21 15 7 7 28 27 26 14 2 28 21 16 24 12 17 26 14 7 6 16 27 27 12 26 24 25 19 10 10 2 17 27 4 6 23 7 14 10 1 20 4 17 1 19 23 3 14 11 23 25 14 21 4 26 3 7 21 11 4 4 11 25 17 8 9 24 11 21 1 9 26 13 26 24 23 13 6 2 4 15 6 29 17 8 21 26 12 8 26 6 2 22 5
1 19 12
615 200 652 372 527 722 193 324 745 465 261 541
0 17 4
215 146 736 651
2 1 12
413 605 300 363 225 344 428 707 625 112 643 559
10 2 21
214 270 164 328 147 506 427 714 690 187 353 93 588 218 148 181 508 411 239 365 654
6 8 24
250 497 620 350 638 453 457 330 702 784 88 770 725 338 639 460 730 599 26 167 357 713 66 208
7 5 22
125 102 116 400 641 249 309 656 382 205 390 416 266 412 211 364 595 554 165 607 378 312
1 6 11
1 596 590 505 408 471 234 289 518 368 621
1 11 4
285 663 783 191
1 19 6
462 322 521 717 141 608
1 4 12
726 612 326 233 420 720 78 684 89 689 448 305
1 15 8
231 107 753 454 169 18 294 55
1 7 16
597 650 567 283 445 94 348 80 35 346 511 190 106 735 210 748
2 13 10
406 767 696 83 248 395 531 377 73 49
2 16 14
204 320 591 432 507 449 795 431 32 574 407 277 171 226
0 2 6
138 715 359 520 761 514
0 18 4
523 417 504 598
3 4 21
51 675 321 220 374 562 331 464 676 648 60 418 765 172 488 760 296 86 301 136 145
0 15 5
485 315 734 466 692
4 18 14
740 176 776 716 70 644 792 438 415 318 110 216 755 435
0 14 4
52 698 295 539
0 4 4
381 302 240 360
2 13 17
405 738 393 629 548 156 670 681 502 589 618 84 323 38 101 39 564
2 1 7
282 8 575 549 637 782 547
0 4 4
437 203 468 168
0 17 4
64 793 71 455
1 8 17
68 790 558 486 91 69 325 356 396 430 129 253 375 447 671 122 789
2 20 7
290 553 386 645 345 674 90
1 14 11
662 475 27 361 34 622 127 593 108 751 75
0 8 1
177
13 11 25
487 10 744 611 582 262 546 728 456 20 98 545 198 679 161 81 777 118 14 499 572 194 132 699 628
8 16 28
766 657 339 673 142 764 441 241 422 649 697 524 741 510 263 244 759 557 24 587 340 87 184 279 786 729 235 451
0 10 11
425 376 257 540 15 706 121 522 349 192 370
10 9 19
392 705 228 17 144 47 781 434 246 100 135 739 341 251 494 444 115 280 352
1 2 9
180 513 42 281 287 600 534 11 337
11 3 22
512 606 57 299 683 245 173 237 743 724 41 529 0 794 109 688 238 756 79 476 170 384
4 8 15
769 719 694 635 380 424 631 213 99 128 731 232 516 124 319
2 11 5
404 12 774 30 33
2 3 6
178 113 592 439 780 484
12 2 23
243 183 385 718 773 298 754 668 373 155 3 666 526 442 166 409 327 433 288 276 333 111 469
3 9 16
209 624 314 779 667 362 394 483 31 336 310 222 130 659 6 737
0 9 2
778 509
9 13 20
704 452 67 517 105 97 797 72 581 709 530 254 762 9 481 798 92 749 16 603
1 16 1
2
4 7 2
4 532
1 22 1
5
1 21 1
7
4 16 2
13 503
3 15 2
19 491
3 17 1
21
1 20 1
22
4 17 1
23
9 14 1
25
3 22 1
28
9 13 1
29
10 27 1
36
3 24 2
37 519
3 19 1
40
3 16 2
43 680
4 18 1
44
5 18 1
45
5 15 2
46 223
5 14 2
48 247
2 26 1
50
17 7 2
53 609
9 11 1
54
3 18 1
56
5 31 1
58
3 21 2
59 653
6 6 1
61
7 17 2
62 179
5 26 2
63 695
3 26 1
65
4 20 1
74
3 19 1
76
8 29 2
77 379
8 24 1
82
4 6 1
85
3 25 3
95 292 535
1 17 2
96 175
2 4 2
103 242
6 23 2
104 578
3 8 1
114
1 9 1
117
5 22 1
119
10 20 2
120 594
11 10 2
123 647
2 13 2
126 429
1 19 1
131
1 17 1
133
8 18 1
134
3 28 2
137 664
6 3 1
139
5 29 1
140
10 29 1
143
5 13 1
149
3 12 1
150
3 33 1
151
2 18 1
152
3 11 1
153
9 11 2
154 472
3 30 1
157
6 11 1
158
5 7 2
159 700
4 8 1
160
5 29 1
162
11 13 1
163
4 15 1
174
2 30 2
182 271
2 5 1
185
6 10 1
186
4 13 1
188
1 7 1
189
3 18 1
195
1 23 1
196
4 24 4
197 275 423 586
18 8 2
199 399
16 18 1
201
4 5 2
202 732
1 18 1
206
1 24 2
207 267
2 10 2
212 367
3 25 1
217
1 22 2
219 634
2 23 1
221
3 13 2
224 264
3 22 2
227 256
4 24 1
229
3 27 1
230
4 27 1
236
8 21 1
252
9 11 1
255
7 4 2
258 551
3 30 1
259
3 8 1
260
6 20 1
265
2 28 1
268
2 6 2
269 474
1 25 1
272
3 16 1
273
15 27 1
274
3 7 1
278
3 15 1
284
5 21 2
286 366
3 22 1
291
1 7 1
293
4 30 1
297
3 21 2
303 560
5 14 1
304
7 3 2
306 537
3 17 2
307 538
2 25 1
308
3 9 1
311
2 14 1
313
5 16 3
316 397 576
4 27 1
317
6 4 1
329
3 8 1
332
3 39 1
334
6 27 1
335
2 23 1
342
1 19 1
343
7 9 1
347
6 22 1
351
15 19 1
354
1 17 1
355
3 27 1
358
4 10 2
369 569
4 32 1
371
3 20 1
383
5 16 2
387 642
3 22 1
388
6 2 1
389
2 18 1
391
2 27 1
398
3 30 1
401
3 9 1
402
3 20 1
403
18 16 1
410
9 8 1
414
1 21 1
419
3 15 1
421
2 25 1
426
6 18 1
436
2 19 2
440 461
6 10 1
443
4 6 1
446
6 19 1
450
2 28 1
458
15 29 2
459 799
3 21 1
463
1 23 1
467
17 14 1
470
2 29 1
473
1 25 1
477
2 17 1
478
3 17 1
479
9 24 1
480
3 20 1
482
5 16 1
489
4 28 2
490 533
3 22 2
492 571
3 12 2
493 693
4 12 1
495
1 14 1
496
1 21 1
498
3 30 1
500
4 19 2
501 669
2 21 1
515
3 36 1
525
22 5 1
528
3 16 1
536
1 33 1
542
5 5 1
543
3 26 1
544
3 27 1
550
6 29 1
552
2 34 1
555
1 23 1
556
4 15 1
561
10 23 1
563
22 13 1
565
4 15 1
566
5 12 1
568
3 9 1
570
1 14 1
573
5 15 1
577
1 16 1
579
5 7 1
580
4 37 1
583
5 26 1
584
3 16 1
585
11 11 1
601
6 29 1
602
11 21 1
604
2 20 1
610
4 18 1
613
1 22 1
614
3 25 1
616
1 29 1
617
2 13 1
619
5 19 1
623
2 13 2
626 672
3 21 1
627
6 10 1
630
6 14 1
632
1 5 1
633
2 12 1
636
4 19 1
640
3 8 1
646
3 7 1
655
2 29 1
658
3 8 1
660
5 27 1
661
1 15 1
665
2 19 1
677
2 21 1
678
17 13 1
682
1 19 1
685
3 23 2
686 742
2 35 1
687
18 7 1
691
9 21 1
701
4 28 1
703
17 4 1
708
7 9 1
710
1 20 1
711
5 14 1
712
2 21 1
721
6 25 1
723
2 30 1
727
4 6 1
733
5 17 1
746
4 24 1
747
10 21 1
750
1 29 1
752
2 18 1
757
3 26 1
758
16 15 1
763
9 16 1
768
3 18 1
771
4 7 1
772
1 23 1
775
4 22 1
785
5 13 1
787
2 22 1
788
10 34 1
791
11 17 1
796
