1000 304 1550 67
27 5 3 22 4 7 30 8 27 26 12 29 22 15 10 18 23 14 4 7 16 2 4 6 10 8 22 21 10 10 23 3 22 19 29 11 6 29 5 12 10 18 15 23 11 24 15 7 19 17 17 7 30 12 11 6 28 9 20 18 5 14 29 24 8 23 2 22 18 29 16 9 30 28 24 19 17 21 20 27 3 10 17 21 24 15 12 29 3 30 2 1 17 3 6 27 20 27 3 5 22 29 13 5 26 4 29 25 21 6 6 3 15 17 27 1 22 15 11 22 11 7 20 4 2 28 28 24 26 7 5 8 10 1 18 13 11 10 22 3 6 27 7 15 14 21 4 26 9 25 25 10 5 20 26 14 20 16 11 11 16 23 27 3 5 13 16 19 15 14 3 28 24 3 4 2 19 6 2 21 29 8 28 3 29 24 10 30 29 7 18 21 6 14 10 5 15 6 11 23 14 3 22 3 5 10 24 9 10 2 23 7 23 28 7 14 15 30 6 12 19 18 13 11 23 29 29 7 14 16 22 17 29 12 17 27 21 15 26 9 22 25 25 26 11 6 19 20 12 1 28 6 13 1 18 7 7 30 2 18 20 28 17 7 21 9 19 9 23 1 28 5 10 14 28 28 2 14 29 29 12 12 6 6 28 3 11 20 16 8 23 19 22 17 19 30 6 15 2 22 11 5 7 26 9 18 14 3 23 26 19 5 16 21 17 17 7 30 19 29 4 27 15 9 17 3 26 30 14 14 23 11 4 10 25 22 3 10 18 11 13 18 23 12 11 16 22 2 1 1 5 3 25 14 1 13 2 14 15 21 3 15 11 20 22 23 24 19 14 20 4 14 22 22 28 23 24 14 3 29 28 19 27 25 15 22 12 20 15 15 4 17 30 25 18 3 5 19 3 16 25 23 18 25 21 4 10 11 22 8 27 25 13 17 22 8 6 3 23 20 20 7 4 20 2 2 15 21 30 2 2 2 21 14 12 27 4 6 16 22 3 20 2 17 3 13 11 21 17 5 25 19 6 21 4 14 24 6 9 4 24 19 3 2 8 2 11 12 1 16 3 22 6 22 7 27 28 27 20 5 9 21 13 13 25 26 30 28 29 1 8 4 7 26 26 26 8 26 10 12 16 3 25 16 29 3 23 15 17 12 17 4 28 14 28 2 9 24 1 22 12 30 10 20 10 22 9 12 12 7 3 11 21 20 8 29 8 17 22 18 28 15 4 29 1 24 22 1 11 2 7 13 28 19 26 9 28 16 3 15 26 13 4 20 24 11 15 29 28 12 11 6 25 13 19 11 20 14 12 28 21 1 26 10 5 11 22 6 29 25 23 15 17 23 20 1 23 23 18 2 20 10 29 29 27 1 10 17 27 12 27 4 23 7 19 24 1 5 2 25 20 21 12 5 26 24 18 11 8 8 16 20 27 6 8 20 18 12 25 23 27 12 4 13 11 21 16 21 3 13 5 9 20 16 17 30 15 23 8 30 18 9 27 22 19 14 17 15 27 18 2 28 13 11 4 9 12 19 25 9 19 2 30 22 22 26 28 27 6 21 14 17 30 22 26 11 30 14 6 5 13 4 25 23 14 18 26 19 4 30 29 12 3 27 11 7 6 4 12 21 27 5 3 16 5 30 27 15 26 11 2 28 6 19 5 17 23 8 12 23 25 23 1 7 12 6 15 30 8 28 11 24 4 6 18 17 7 19 24 18 21 20 18 9 24 14 22 25 10 3 1 7 12 26 12 25 20 17 29 27 22 10 28 14 24 30 28 24 11 10 6 8 1 14 26 20 18 13 9 25 28 7 15 9 25 1 6 2 13 20 29 13 20 11 15 2 4 9 30 4 30 16 8 10 22 2 1 3 18 22 16 5 13 5 14 28 19 24 6 26 7 27 29 8 22 2 21 2 3 2 5 21 28 30 30 17 4 6 16 8 20 21 8 1 20 2 19 20 22 14 1 19 8 9 12 3 8 27 17 17 8 23 8 5 19 2 25 12 30 5 15 6 11 6 1 13 7 24 19 14 4 7 29 26 11 23 30 18 26 17 8 28 19 25 24 18 9 20 24 20 25 8 18 8 26 10 26 1 19 26 4 2 26 17 28 30 12 30 27 25 3 8 19 18 5 20 12 30 8 1 29 6 13 4 28 11 24 4 24 15 20 4 10 1 23 2 18 7 6 25 14 20 26 12 16 24 19 20 8 20 29 26 13 28 22 23 25 19 8 18 12 16 4 16 16 17 7 28 29 11
28 10 4 27 1 11 7 13 4 3 1 1 6 21 2 24 6 2 7 14 18 1 24 30 4 10 23 15 22 17 19 24 28 4 28 15 25 3 15 26 5 11 22 14 4 4 23 8 3 4 6 12 6 24 25 23 15 19 18 22 15 19 30 29 22 13 6 17 5 18 1 18 13 9 10 14 28 6 11 19 25 26 6 27 24 9 9 18 3 26 13 4 12 19 27 22 5 10 27 15 14 29 18 9 11 16 6 24 27 5 17 13 5 8 17 8 15 25 7 11 5 16 13 3 10 26 24 20 30 8 25 24 9 9 26 24 17 10 15 28 24 9 27 14 27 5 30 30 1 24 29 30 23 30 13 4 21 22 2 11 3 22 10 14 9 14 1 29 22 3 30 3 19 18 23 11 12 16 5 24 15 4 9 30 7 3 10 24 21 14 16 29 6 6 1 8 17 20 12 17 20 8 17 17 2 18 13 2 1 18 7 3 29 9 28 2 30 3 21 11 24 21 19 10 28 14 18 6 16 12 19 12 9 30 25 21 9 17 3 4 23 2 22 26 28 5 22 23 27 15 17 23 14 8 22 9 28 19 10 24 30 26 25 19 1 9 8 7 5 3 7 28 12 27 15 21 13 8 10 28 16 3 10 14 9 24 28 6 17 4 3 24 16 11 6 7 2 5 24 19 17 1 15 24 11 23 23 14 8 5 24 26 14 21 15 23 24 7 16 7 10 21 4 24 5 3 14 27 14 8 4 11 26 13 8 29 20 26 3 23 13 29 21 23 27 30 7 28 29 29 25 21 21 22 26 1 2 23 15 3 20 22 26 26 5 6 5 14 24 22 22 1 16 1 10 24 21 3 30 28 11 1 3 8 30 30 24 25 23 28 17 18 1 7 3 28 17 24 14 24 27 28 17 21 13 8 15 27 4 25 12 12 18 22 15 10 25 21 25 18 25 5 5 28 20 7 25 29 28 1 30 25 29 5 18 14 27 22 4 28 25 20 7 23 3 23 17 26 29 30 13 7 22 6 30 16 18 27 4 27 11 17 9 14 29 26 14 18 23 8 7 3 12 8 24 14 1 8 3 16 5 2 27 9 27 4 3 23 2 20 11 7 17 13 16 18 1 2 29 20 10 14 17 28 22 2 7 4 8 12 23 11 26 12 21 22 28 12 4 25 19 9 3 24 10 18 9 15 25 7 13 8 19 4 6 2 29 30 9 1 27 18 12 3 1 25 23 20 24 27 27 30 20 9 24 21 19 25 5 1 19 13 8 5 24 28 1 14 19 26 28 21 24 24 20 1 9 26 29 14 18 15 4 28 14 20 10 17 14 17 17 11 21 30 21 11 5 22 14 10 16 12 13 1 30 29 20 14 3 26 14 13 4 3 1 30 17 26 23 16 8 13 8 8 20 24 8 9 25 3 23 18 29 26 22 21 9 19 11 9 17 27 15 4 8 3 22 15 3 24 30 21 11 15 10 30 28 7 8 19 5 6 3 2 24 8 14 23 27 29 16 18 3 18 19 20 19 2 15 12 14 12 17 11 10 30 4 4 24 17 16 14 6 13 3 12 11 19 4 5 18 6 12 29 20 5 21 9 20 9 24 25 4 27 2 15 3 23 23 27 1 4 23 21 24 23 29 20 1 18 19 14 30 29 6 11 6 22 25 14 18 11 26 7 23 1 7 22 15 4 17 30 15 15 9 2 13 6 28 1 25 11 19 23 7 2 10 27 23 6 19 4 14 16 24 11 11 29 5 9 4 27 23 9 10 16 30 4 1 6 5 2 1 17 3 11 22 27 4 6 12 20 10 28 29 14 23 8 19 21 26 25 13 11 3 26 13 8 9 30 10 2 8 16 25 12 12 17 17 22 22 20 5 4 22 7 19 28 16 16 12 26 1 23 2 27 16 4 28 23 24 5 7 1 12 4 10 14 2 11 9 24 19 17 20 30 27 22 30 23 13 24 12 19 16 9 29 9 2 15 2 13 7 29 6 27 17 27 10 20 21 12 3 8 22 12 28 8 23 26 9 21 8 26 12 30 27 7 28 11 8 19 11 17 30 21 28 8 19 6 16 17 11 25 5 28 3 21 19 20 14 14 28 5 20 30 24 4 8 9 4 28 4 14 21 23 23 30 9 30 6 16 18 29 3 26 28 1 19 7 27 30 5 29 13 1 23 18 30 23 4 11 30 17 11 5 19 7 3 24 21 14 27 7 11 1 28 9 4 7 12 14 9 4 29 28 5 7 25 9
0 1 6
144 63 862 757 134 72
0 17 11
838 708 50 207 254 714 397 369 355 632 389
9 3 28
196 839 385 630 532 227 601 906 659 483 739 409 678 173 704 166 978 543 411 939 879 392 801 500 108 377 991 750
0 10 3
359 210 29
0 16 8
127 625 16 7 887 38 561 408
8 10 31
456 683 770 383 171 836 959 292 815 772 4 868 652 647 914 933 771 246 160 778 684 185 452 327 308 137 421 508 407 61 264
3 15 10
499 553 216 378 455 811 951 115 155 835
0 5 28
911 477 495 841 23 636 154 164 844 550 299 754 97 273 390 138 777 314 198 233 448 435 434 215 671 633 656 752
7 17 28
515 135 566 845 733 613 813 528 645 37 940 245 413 693 905 350 486 897 250 103 961 104 307 174 976 893 954 258
15 20 29
665 244 471 773 460 84 468 797 428 715 827 20 463 92 626 963 570 982 111 45 64 781 313 94 437 774 960 734 472
1 7 29
436 263 537 80 987 824 77 176 600 669 326 429 571 235 51 860 232 361 705 699 945 249 814 223 756 427 96 182 148
3 13 19
195 692 372 363 302 47 787 749 257 603 320 352 880 240 180 491 582 649 966
3 16 17
318 677 650 221 105 446 890 189 62 445 89 514 368 735 593 442 878
9 14 26
962 255 188 861 517 87 898 226 535 780 712 519 869 330 599 579 812 12 821 902 614 265 631 576 680 660
10 2 30
753 611 853 274 356 312 674 269 432 721 568 857 877 17 192 33 903 782 917 793 335 907 297 589 564 996 450 578 730 635
18 13 33
916 229 706 872 18 950 983 415 3 324 306 136 829 654 367 384 27 337 315 141 768 451 965 190 924 293 125 648 790 225 723 193 85
2 6 7
351 386 420 590 243 41 728
0 4 34
444 865 14 253 694 583 984 767 573 236 151 673 747 572 741 658 544 22 577 459 283 414 509 211 197 461 381 69 112 617 610 817 643 592
0 13 2
86 994
1 16 18
106 440 400 964 529 184 574 416 892 268 702 68 35 628 586 474 999 690
3 12 8
294 928 763 639 353 795 146 609
1 1 11
488 837 168 317 24 935 55 465 667 230 9
1 12 22
686 304 629 796 562 737 208 724 484 228 110 71 695 956 947 558 53 123 99 464 341 100
5 19 18
2 116 278 114 731 546 557 66 395 325 279 682 980 885 371 203 792 580
7 11 17
716 607 54 504 522 300 612 651 602 931 347 808 331 594 58 82 365
4 9 21
722 234 322 619 449 569 107 926 620 497 1 479 675 588 485 932 393 76 542 217 398
9 14 27
321 809 596 493 527 261 374 863 476 755 552 60 346 847 995 855 366 143 834 779 979 653 719 726 126 851 88
0 5 7
30 663 373 342 717 766 867
3 17 23
305 95 789 638 419 938 729 238 222 93 993 339 284 475 75 358 595 430 5 634 957 379 908
9 13 23
710 805 275 140 288 34 417 333 888 73 91 668 102 410 746 758 113 541 819 870 516 828 453
6 4 20
187 510 142 394 889 981 119 895 967 664 666 803 556 775 707 830 150 152 843 149
6 3 16
742 859 447 930 545 918 769 43 955 209 909 295 117 970 925 162
0 11 2
518 740
4 14 5
0 153 179 214 802
12 22 2
6 494
1 6 1
8
2 22 2
10 492
1 22 2
11 204
1 26 1
13
1 27 1
15
3 18 3
19 122 816
12 22 1
21
3 24 3
25 404 922
3 12 1
26
15 20 2
28 496
3 11 1
31
14 14 3
32 788 915
4 15 3
36 794 969
3 30 2
39 310
3 36 3
40 48 345
7 35 2
42 156
1 7 2
44 260
8 11 1
46
3 26 2
49 881
17 34 1
52
3 14 4
56 81 848 894
3 21 2
57 431
4 32 1
59
4 16 3
65 555 998
16 31 1
67
21 13 1
70
1 21 1
74
9 33 2
78 539
7 31 1
79
9 27 2
83 505
3 29 1
90
9 24 6
98 551 606 725 866 875
7 34 1
101
16 28 1
109
1 20 1
118
8 17 1
120
3 23 1
121
1 9 2
124 701
3 20 1
128
14 18 2
129 849
1 7 1
130
4 14 1
131
12 33 1
132
15 16 1
133
3 20 2
139 286
3 34 2
145 810
3 10 3
147 323 958
9 23 2
157 191
2 24 2
158 920
3 27 2
159 783
3 8 1
161
7 33 1
163
7 26 4
165 303 584 832
3 31 2
167 581
4 25 2
169 267
3 24 1
170
2 32 2
172 604
17 16 1
175
3 30 1
177
8 20 1
178
2 23 1
181
1 18 2
183 799
3 19 4
186 462 490 850
8 23 2
194 818
1 25 1
199
16 37 3
200 251 761
1 17 1
201
1 12 1
202
8 20 1
205
1 22 1
206
1 18 1
212
2 19 1
213
1 19 1
218
21 34 2
219 399
3 27 3
220 426 525
21 27 3
224 524 597
20 26 1
231
3 34 2
237 575
2 20 1
239
1 17 2
241 884
1 16 3
242 512 798
3 29 1
247
3 18 1
248
12 33 1
252
8 23 2
256 826
8 20 1
259
1 18 3
262 424 458
8 28 3
266 423 679
2 27 1
270
16 30 1
271
3 17 1
272
3 19 2
276 927
7 20 1
277
19 5 2
280 587
1 17 2
281 391
2 30 1
282
4 15 2
285 688
8 31 1
287
4 7 1
289
7 29 1
290
1 28 1
291
7 19 2
296 662
20 24 2
298 406
8 8 1
301
4 20 2
309 548
9 16 1
311
3 33 1
316
8 34 1
319
3 11 1
328
9 30 3
329 622 975
23 31 1
332
1 14 1
334
1 22 1
336
3 23 1
338
16 12 1
340
1 19 1
343
1 26 1
344
2 15 1
348
1 27 1
349
8 21 1
354
20 27 1
357
8 37 3
360 480 934
15 6 1
362
3 19 1
364
4 5 1
370
3 11 1
375
9 27 1
376
4 15 1
380
1 20 1
382
7 25 1
387
16 23 1
388
12 21 1
396
14 15 1
401
7 19 1
402
1 22 1
403
2 33 1
405
14 24 1
412
4 26 1
418
8 30 3
422 941 972
1 11 1
425
1 18 1
433
4 4 2
438 709
19 16 2
439 953
21 15 1
441
3 32 1
443
3 12 3
454 641 784
3 16 2
457 473
4 18 1
466
2 28 1
467
17 25 1
469
16 20 2
470 764
7 28 1
478
1 15 2
481 711
2 24 2
482 886
12 39 1
487
2 29 2
489 549
9 16 2
498 846
3 18 1
501
16 19 1
502
1 17 4
503 676 689 988
3 22 1
506
1 24 1
507
3 29 1
511
14 7 1
513
8 31 2
520 698
16 27 1
521
1 25 1
523
1 19 1
526
16 30 1
530
4 14 2
531 547
3 3 2
533 997
1 23 2
534 608
9 26 1
536
3 29 1
538
2 26 1
540
14 18 3
554 644 942
9 25 1
559
7 36 2
560 623
1 12 1
563
1 11 1
565
8 27 1
567
8 28 1
585
2 29 1
591
3 5 1
598
4 18 1
605
1 26 1
615
3 18 1
616
3 18 1
618
23 24 1
621
3 15 1
624
1 11 1
627
3 35 1
637
3 7 1
640
4 29 3
642 738 791
16 24 1
646
3 22 2
655 732
9 15 1
657
17 28 1
661
3 26 1
670
1 24 1
672
1 18 1
681
1 21 1
685
1 30 1
687
3 23 1
691
21 16 1
696
3 29 1
697
3 18 1
700
21 22 3
703 904 937
8 10 1
713
1 29 1
718
1 16 1
720
8 19 1
727
1 21 1
736
3 27 2
743 949
16 21 1
744
3 17 2
745 820
8 9 1
748
3 22 1
751
1 8 1
759
16 24 1
760
4 26 1
762
21 25 1
765
16 30 1
776
1 17 1
785
8 19 1
786
4 13 1
800
1 19 1
804
3 19 1
806
9 26 1
807
7 29 2
822 971
1 10 2
823 944
20 33 2
825 852
1 20 1
831
9 32 2
833 899
1 24 1
840
7 17 1
842
1 25 1
854
1 16 1
856
2 30 1
858
2 13 1
864
3 25 1
871
4 11 1
873
4 13 1
874
1 15 2
876 943
12 30 1
882
3 30 1
883
7 21 1
891
9 26 1
896
15 17 1
900
7 27 1
901
1 27 1
910
1 9 1
912
1 22 2
913 946
2 18 1
919
3 25 1
921
16 13 1
923
1 17 1
929
9 16 1
936
8 20 1
948
2 17 1
952
1 17 1
968
3 14 1
973
1 7 1
974
8 25 1
977
1 10 1
985
19 17 1
986
15 16 1
989
2 33 1
990
4 24 1
992
