800 281 1240 53
15 20 18 26 2 4 27 6 30 25 12 24 27 22 30 6 13 7 26 10 24 2 17 6 5 2 4 12 4 17 19 26 10 19 17 22 21 2 11 27 15 23 12 13 8 7 25 13 1 11 16 8 23 27 10 28 5 7 4 22 5 10 22 27 10 1 22 5 28 26 9 19 1 9 28 6 2 16 7 14 5 15 7 14 3 5 18 30 23 17 25 28 29 11 14 8 30 11 18 22 1 12 3 26 16 20 8 17 2 4 19 28 20 2 3 26 14 7 9 28 1 28 26 22 7 16 15 7 24 25 30 17 14 27 20 16 8 27 24 13 16 30 8 19 16 14 17 7 28 7 14 15 25 11 3 16 12 6 30 22 20 27 5 22 9 8 1 11 12 5 9 5 2 20 27 30 6 14 1 1 23 15 23 26 29 30 10 5 6 7 13 1 21 15 6 19 5 6 8 23 9 16 7 23 21 17 29 4 7 27 14 25 21 24 4 10 20 30 1 23 22 20 11 12 28 16 8 23 13 12 27 22 18 27 7 27 12 21 18 9 7 13 11 27 8 1 9 14 27 28 11 5 7 29 7 2 24 25 24 11 23 12 13 19 22 25 19 21 12 10 13 19 21 1 29 22 9 12 14 26 6 3 29 25 16 27 9 9 15 2 21 15 23 6 10 13 3 12 1 24 25 21 21 17 7 23 29 20 4 29 24 27 7 5 28 11 26 15 19 12 14 5 19 15 5 21 24 30 1 15 25 9 3 14 23 17 26 1 12 15 20 30 21 22 26 4 20 22 28 4 24 22 15 13 12 14 11 3 29 12 3 16 15 7 28 12 25 28 11 17 8 23 24 28 25 7 19 16 2 24 21 18 20 2 8 11 23 27 11 22 30 6 3 2 19 25 24 13 2 22 6 14 4 15 20 29 20 20 15 26 27 4 23 21 6 9 19 4 25 2 15 3 29 15 13 19 8 9 4 19 19 29 15 30 17 4 4 24 1 6 4 20 25 10 19 10 20 24 13 25 25 19 1 18 17 24 16 29 26 19 17 9 25 21 18 18 4 9 26 18 20 13 13 20 9 7 10 27 25 29 30 12 6 6 11 14 11 8 2 28 11 12 19 2 18 27 24 7 19 15 10 12 5 6 1 2 27 26 25 28 30 19 4 5 30 4 8 10 5 19 21 18 12 10 16 10 20 28 20 27 1 21 23 12 21 15 10 24 12 22 16 25 12 8 26 28 23 19 18 29 17 16 8 13 11 3 22 12 12 21 6 7 5 12 3 16 7 11 5 7 29 14 23 10 8 8 11 9 14 30 4 18 13 16 19 5 5 12 5 28 16 18 22 23 9 27 8 10 10 18 22 23 4 1 12 18 28 2 23 21 15 24 17 12 6 8 25 23 18 3 10 27 14 25 8 27 1 3 2 18 18 11 30 4 29 6 13 30 4 7 3 12 21 13 29 10 28 8 18 6 20 12 22 23 8 13 21 26 5 1 8 24 14 9 11 13 11 6 27 21 11 27 11 27 19 27 25 7 15 22 28 3 6 4 16 3 23 22 1 4 19 6 26 10 25 14 17 4 15 12 8 17 30 2 13 9 4 17 17 26 25 22 13 5 23 26 15 19 17 4 3 20 8 19 27 27 10 24 17 28 5 30 19 25 12 11 7 3 13 15 20 1 9 20 21 6 3 1 20 16 27 10 25 4 11 19 3 5 16 25 28 9 24 30 21 26 2 3 18 18 11 6 16 26 10 8 1 9 18 1 20 22 17 6 29 28 16 22 24 19 28 13 10 13 23 19 9 2 20 9
3 20 17 11 2 5 22 27 16 1 14 16 11 13 5 14 29 18 24 6 19 17 10 19 22 7 6 25 6 26 26 3 4 5 21 5 12 27 10 29 20 25 9 27 28 13 30 7 30 18 9 10 5 13 30 5 16 19 18 12 29 5 26 24 26 7 17 8 23 28 30 19 14 10 29 17 26 9 27 26 5 16 12 25 28 22 16 11 25 27 18 22 8 28 9 21 11 18 16 12 17 15 9 8 7 22 10 9 11 28 8 17 11 20 17 4 20 23 30 22 19 27 8 4 20 28 9 17 19 4 13 22 6 5 12 24 5 6 26 12 4 30 19 11 28 23 18 29 11 28 22 8 11 4 4 4 16 26 18 16 1 21 9 15 17 18 9 10 19 6 14 4 29 8 4 7 6 24 13 1 15 18 8 27 18 14 8 6 16 18 26 17 27 12 17 28 5 4 25 28 29 12 2 24 4 17 3 28 26 8 23 15 27 28 17 3 26 13 14 2 18 25 12 23 17 5 5 30 7 26 6 25 30 27 13 20 25 1 22 25 5 8 29 11 7 27 17 27 24 5 24 26 23 25 14 23 11 23 15 18 8 16 4 24 11 4 3 6 7 28 28 19 11 29 17 15 23 30 27 18 8 20 7 10 27 17 1 8 30 9 23 10 26 14 28 24 1 24 4 22 1 12 18 23 21 21 10 8 1 29 20 8 20 4 28 26 13 9 29 28 27 5 25 29 5 1 2 29 15 26 21 23 18 9 14 23 12 8 19 4 2 17 13 18 15 30 21 15 10 27 21 19 28 28 1 3 19 19 16 28 30 20 18 7 25 16 22 15 5 23 14 22 30 5 13 14 19 1 29 23 8 19 19 27 18 20 24 11 19 29 12 2 27 12 8 23 19 27 28 19 26 1 30 9 25 29 18 14 1 25 9 5 8 2 15 13 21 30 7 26 7 23 1 29 17 7 20 17 9 24 12 24 21 5 28 16 15 10 25 2 18 12 22 28 18 15 2 29 14 16 12 1 23 23 21 26 9 24 3 26 8 11 23 12 25 18 29 8 1 11 24 16 2 15 9 16 11 10 7 11 11 11 11 23 17 24 12 6 14 10 12 26 30 21 23 2 25 1 25 12 20 17 29 20 15 25 18 22 13 14 7 10 2 18 22 8 12 25 6 18 20 25 18 16 8 11 6 21 28 6 7 28 8 27 17 17 18 12 14 2 20 26 11 27 25 14 7 24 7 2 14 7 5 7 9 10 19 26 20 7 9 17 18 26 20 24 16 2 24 20 24 10 9 4 7 16 27 15 1 16 14 26 21 23 2 19 1 8 18 23 18 2 18 6 27 2 12 2 16 1 30 18 9 15 12 21 6 23 20 7 10 16 27 19 2 25 17 19 14 19 28 25 17 3 15 3 11 2 22 2 25 13 29 8 8 14 22 16 5 16 4 22 22 11 24 23 17 13 11 18 21 21 16 20 26 28 26 15 5 28 19 30 3 30 19 28 9 2 5 17 30 12 16 18 30 20 18 14 8 3 11 16 27 8 19 12 10 8 14 6 16 29 11 27 12 13 18 10 17 18 1 8 15 11 14 29 7 28 26 23 11 2 22 24 5 16 24 18 30 12 30 11 20 10 6 22 5 8 6 3 23 17 28 25 5 18 3 19 25 16 18 18 17 1 10 22 11 10 3 22 11 9 13 3 3 27 17 7 18 7 1 26 5 1 2 14 17 2 6 30 3 28 8 30 18 18 15 27 3 15 30 2 2 9 28 9 14 7 21 23 12 29 2 14 15 17 25 15 19 15
2 19 23
57 356 462 8 486 188 695 574 316 189 241 237 780 476 234 17 619 782 105 358 570 317 378
6 19 15
554 519 355 595 280 186 297 542 36 115 221 651 172 660 104
0 6 5
477 733 103 111 116
0 6 14
78 76 769 365 514 610 125 621 775 312 244 174 728 764
0 20 8
742 500 666 485 417 516 330 60
7 20 16
567 327 609 488 655 399 577 308 436 767 144 286 275 166 162 331
2 6 9
122 27 397 525 15 265 223 384 626
2 5 14
56 410 662 409 556 629 1 796 465 217 7 730 458 14
1 19 22
102 449 763 118 253 676 249 45 510 380 372 643 31 636 675 184 284 760 673 296 429 267
0 11 3
590 752 423
4 6 18
386 531 547 565 94 203 167 689 706 440 777 498 497 387 236 656 670 615
1 16 7
338 211 389 729 25 59 51
7 1 23
80 451 793 770 790 452 91 558 503 454 21 550 177 227 563 169 100 215 146 657 218 90 238
0 10 2
291 647
9 7 20
206 96 84 220 625 246 481 431 731 482 620 377 551 114 257 48 160 87 495 698
3 10 20
67 674 511 207 787 383 526 0 231 106 608 630 627 552 212 759 196 128 530 347
1 15 16
669 596 119 213 773 564 277 202 34 323 748 532 413 726 49 464
2 5 9
107 307 360 141 342 517 408 491 642
2 14 8
559 190 750 506 644 699 407 508
5 1 18
173 101 322 243 755 71 41 357 665 735 725 732 543 639 513 490 156 43
1 20 7
88 153 79 613 400 448 604
2 5 11
326 616 611 393 120 471 715 340 428 420 35
11 8 24
561 240 289 579 258 325 191 617 210 288 226 719 352 681 130 315 713 113 433 631 70 271 139 361
5 13 24
766 112 632 538 348 536 375 555 299 776 339 696 412 334 233 328 406 75 422 33 700 533 634 18
4 18 20
68 494 783 540 110 85 708 182 65 304 502 109 367 183 145 126 73 684 573 263
6 16 12
261 749 582 374 761 721 677 129 247 437 159 279
4 13 15
26 252 313 64 22 93 373 646 797 457 445 214 150 403 736
0 13 2
541 441
1 16 10
83 6 545 95 305 606 593 37 38 353
0 9 6
520 768 309 460 522 638
5 9 21
354 81 795 697 232 178 473 425 601 151 765 63 117 515 379 668 300 242 385 143 301
2 17 24
489 152 28 39 424 523 432 287 518 364 667 442 792 679 402 678 430 161 618 359 680 366 794 138
1 20 7
195 744 583 136 181 235 192
0 4 10
509 171 266 4 740 653 293 127 283 74
8 20 16
712 332 273 19 652 535 390 654 58 282 746 66 303 401 474 648
3 22 1
2
14 28 1
3
1 15 1
5
7 25 1
9
6 15 2
10 785
5 29 2
11 13
2 20 1
12
3 29 2
16 599
1 25 3
20 198 239
5 25 3
23 479 504
4 39 1
24
5 38 2
29 633
2 23 2
30 720
3 38 3
32 155 612
5 28 1
40
1 15 1
42
7 7 1
44
2 21 2
46 134
6 22 1
47
1 25 1
50
7 28 2
52 444
1 38 2
53 501
5 39 2
54 658
1 27 2
55 507
5 26 3
61 142 527
5 24 2
62 302
2 9 1
69
5 28 1
72
7 11 1
77
3 35 1
82
2 33 2
86 268
6 15 2
89 256
9 29 1
92
6 21 1
97
11 9 1
98
3 32 1
99
3 28 1
108
4 25 1
121
11 33 1
123
13 23 1
124
2 30 2
131 250
7 30 1
132
3 22 2
133 738
4 37 2
135 157
6 13 2
137 743
1 19 1
140
1 26 2
147 447
2 24 1
148
2 32 1
149
5 36 1
154
3 33 2
158 727
5 17 1
163
5 25 2
164 493
3 28 1
165
3 20 1
168
9 26 1
170
2 26 1
175
1 13 2
176 453
5 25 2
179 459
5 21 1
180
1 10 2
185 229
3 23 1
187
2 22 1
193
3 37 2
194 586
2 16 1
197
3 30 3
199 344 350
5 36 1
200
3 7 1
201
2 19 1
204
6 32 2
205 581
5 21 1
208
7 25 1
209
7 24 1
216
1 19 1
219
2 10 1
222
2 29 2
224 598
2 17 1
225
3 24 1
228
5 32 1
230
2 10 1
245
11 29 2
248 382
3 26 1
251
2 27 1
254
4 30 1
255
2 17 3
259 717 788
4 33 2
260 264
2 30 1
262
4 34 1
269
2 17 1
270
3 13 2
272 553
10 17 2
274 463
11 32 3
276 512 664
5 32 1
278
7 11 1
281
2 28 1
285
3 38 1
290
1 26 1
292
5 26 1
294
3 28 2
295 416
11 25 1
298
7 14 1
306
1 39 1
310
3 20 1
311
1 39 1
314
1 16 1
318
3 33 1
319
5 26 1
320
4 31 1
321
5 17 1
324
5 21 1
329
2 16 2
333 467
4 40 2
335 723
7 21 1
336
3 19 1
337
7 25 1
341
3 12 1
343
11 2 1
345
5 35 1
346
2 29 1
349
4 33 1
351
8 26 2
362 649
7 19 2
363 661
3 24 1
368
1 35 1
369
1 33 1
370
1 17 1
371
11 20 1
376
7 13 1
381
1 14 1
388
2 27 2
391 392
7 11 1
394
11 14 2
395 737
9 19 3
396 585 714
1 26 1
398
6 15 1
404
10 16 2
405 414
2 17 1
411
5 36 2
415 549
4 22 1
418
5 29 1
419
2 18 2
421 435
2 19 1
426
7 11 1
427
2 14 1
434
11 7 1
438
5 29 1
439
7 18 2
443 705
4 35 1
446
5 35 1
450
7 26 1
455
6 6 2
456 709
3 39 2
461 576
5 22 1
466
3 39 2
468 475
6 11 1
469
3 34 2
470 685
5 36 2
472 701
4 33 1
478
1 12 1
480
11 14 1
483
3 31 1
484
5 38 1
487
2 30 1
492
2 13 2
496 672
7 23 1
499
3 16 1
505
12 20 1
521
7 23 1
524
4 36 1
528
2 9 2
529 762
1 22 2
534 683
3 33 1
537
2 19 1
539
11 26 2
544 772
4 25 1
546
5 24 1
548
2 24 1
557
7 15 1
560
2 16 1
562
3 39 1
566
6 23 1
568
7 11 2
569 754
1 23 1
571
3 36 2
572 741
7 13 1
575
3 11 1
578
1 32 1
580
2 22 1
584
11 21 1
587
5 21 1
588
3 35 1
589
12 8 3
591 592 774
4 22 1
594
6 10 1
597
3 29 2
600 724
7 7 2
602 650
6 25 1
603
2 20 1
605
6 21 1
607
2 25 1
614
4 37 1
622
10 28 1
623
2 20 1
624
7 13 1
628
3 27 1
635
2 24 1
637
8 25 1
640
3 31 1
641
4 30 1
645
5 32 1
659
5 36 1
663
3 24 1
671
5 21 1
682
7 23 1
686
7 17 1
687
5 37 1
688
7 12 1
690
1 26 1
691
3 40 1
692
8 24 1
693
7 12 1
694
1 24 1
702
10 10 2
703 704
6 14 1
707
7 26 1
710
23 15 1
711
7 12 1
716
3 39 1
718
5 30 1
722
2 18 1
734
9 33 1
739
3 25 1
745
2 21 1
747
6 19 1
751
5 24 2
753 784
11 20 1
756
5 25 2
757 781
8 37 1
758
5 29 1
771
4 37 1
778
5 23 1
779
1 16 1
786
1 25 1
789
2 24 1
791
2 27 1
798
7 6 1
799
