800 310 1240 53
18 20 6 24 4 17 20 9 9 6 12 24 8 21 13 20 29 20 2 4 19 24 24 26 21 30 30 22 16 22 5 9 13 11 15 27 20 6 11 16 26 16 3 29 4 15 5 17 10 28 21 14 16 16 20 18 5 23 10 7 19 3 8 30 2 7 5 2 24 22 2 15 8 23 27 2 21 28 3 23 21 22 6 4 23 8 16 30 14 25 15 21 7 9 6 25 9 29 25 17 26 29 5 19 17 15 2 14 18 4 3 29 2 9 28 19 25 25 24 24 30 23 19 24 4 6 12 23 17 15 28 21 19 25 24 6 3 21 9 10 8 7 20 13 4 20 1 9 4 4 10 18 20 17 23 4 12 19 13 9 20 10 10 11 13 7 28 19 18 15 25 29 14 22 30 22 16 7 15 27 23 4 22 28 26 6 5 14 10 14 27 29 3 12 16 19 1 26 17 22 27 3 13 16 20 15 25 21 7 29 27 8 6 29 21 13 10 9 26 11 14 16 29 20 26 24 3 16 29 9 8 5 27 25 28 10 13 11 30 18 3 9 5 21 6 22 12 7 9 20 15 29 3 21 26 14 30 2 6 16 27 16 16 2 7 26 10 10 28 19 17 21 20 1 29 6 12 26 16 20 1 15 19 16 23 5 2 23 6 7 3 10 13 13 27 16 6 29 26 24 7 20 3 18 13 12 5 6 21 8 28 6 4 3 1 5 25 13 27 3 7 7 9 24 3 27 16 16 21 25 12 3 14 14 9 14 12 23 14 17 20 1 16 19 17 1 11 26 10 6 17 24 23 16 19 23 17 17 29 14 29 16 26 20 20 12 16 12 22 17 7 15 29 14 25 24 10 30 19 9 25 9 23 17 20 20 25 1 9 25 4 23 23 30 9 22 28 12 16 19 24 24 23 28 25 6 7 24 21 6 5 22 24 10 18 23 23 15 1 20 11 3 21 4 3 11 17 6 13 8 15 29 21 23 24 26 15 19 29 14 10 4 4 29 25 16 2 2 10 7 14 22 25 21 8 10 11 15 10 28 21 30 15 24 24 15 6 25 26 14 23 17 19 5 21 23 10 25 9 12 20 12 29 22 4 2 24 5 8 25 5 17 18 23 19 26 3 4 22 25 11 8 22 24 14 9 23 13 24 22 28 15 20 21 25 29 18 16 17 5 17 7 10 3 1 4 5 5 17 23 3 12 16 28 11 4 29 17 16 29 2 23 30 28 1 4 26 15 17 5 14 8 20 26 13 13 16 9 27 22 8 30 27 7 12 24 23 4 1 2 27 7 16 13 11 20 13 3 24 21 12 2 12 4 28 17 28 9 22 18 29 9 12 22 23 16 9 13 28 18 29 25 6 12 13 23 15 5 10 16 11 22 19 25 30 12 16 16 25 29 19 21 23 30 19 29 29 6 3 3 10 7 15 16 17 18 2 4 8 27 25 12 21 2 2 19 7 20 1 4 10 30 6 12 19 19 8 14 12 3 21 6 23 22 10 19 16 17 15 14 29 13 23 3 28 7 27 2 4 16 6 11 9 19 20 9 23 25 30 14 7 1 27 6 20 30 8 12 3 8 7 13 25 29 26 7 9 26 1 27 24 3 8 8 6 6 23 10 20 25 27 3 23 5 23 18 12 13 14 17 21 3 25 9 22 2 27 30 10 15 17 15 26 10 2 26 15 8 26 20 7 23 12 20 5 5 27 22 2 17 30 21 15 7 18 7 7 2 15 5 12 24 5 29 25 3 17 18 7 7 14 29 22 9 10 7 4 26 17 20 27 15 22 7 24 14 21 26 6 30
13 28 16 7 4 10 8 13 8 23 14 10 19 1 9 18 4 21 11 2 18 11 26 22 28 26 7 11 15 10 3 11 23 27 1 29 25 23 24 14 12 25 15 16 17 4 15 3 2 30 5 18 5 14 20 25 27 6 14 8 30 20 3 18 16 4 17 11 9 10 7 26 11 6 29 4 7 27 28 16 15 30 28 7 20 6 11 30 21 4 9 14 16 5 21 14 2 17 29 4 12 5 5 26 8 6 15 24 25 25 15 24 28 3 23 20 13 22 26 25 13 14 5 27 2 2 20 20 23 20 12 14 18 3 16 21 20 12 1 9 7 2 21 4 13 20 22 30 12 1 22 20 18 2 7 29 3 18 9 9 7 19 22 2 16 15 11 10 9 27 6 9 4 14 6 18 19 6 10 5 14 17 18 5 30 18 22 6 1 18 4 27 3 15 22 30 24 20 28 29 11 20 17 29 3 27 29 21 9 21 15 27 13 5 6 28 4 7 16 21 5 8 25 3 13 21 23 29 4 14 28 11 11 25 25 22 13 14 26 13 29 29 11 7 12 6 15 20 5 3 7 18 20 25 12 30 7 12 8 9 23 27 7 6 29 15 19 23 9 7 14 16 15 1 22 30 29 1 11 23 26 30 1 29 22 22 3 15 13 30 26 20 10 14 29 12 21 19 2 10 23 16 19 25 23 3 27 28 2 21 22 22 24 16 1 15 26 12 1 20 15 8 10 24 20 24 17 30 11 15 25 11 5 6 29 27 18 19 16 8 1 25 20 7 25 29 10 20 25 22 10 18 13 28 21 12 22 9 19 13 11 30 10 6 9 16 14 10 1 29 1 29 12 12 4 8 3 18 7 24 12 17 12 9 14 18 25 19 22 6 3 21 2 27 20 26 24 18 29 11 18 24 11 23 16 30 10 10 16 28 10 29 27 7 23 22 16 10 29 15 22 25 24 6 6 5 5 26 18 19 27 3 20 25 25 17 3 7 25 25 2 25 27 2 18 6 22 8 16 7 26 14 6 18 9 23 6 2 22 22 1 21 20 1 17 30 30 9 22 28 22 10 20 25 13 1 23 4 5 8 8 11 10 24 28 2 1 18 17 4 28 30 17 27 28 23 27 17 11 26 19 10 12 14 14 29 11 14 26 26 2 3 30 1 3 27 22 29 18 11 6 2 21 12 2 14 27 20 2 14 4 8 20 21 21 8 11 17 26 20 28 9 25 18 14 23 8 23 15 4 21 7 19 3 29 7 30 24 4 29 15 17 6 2 29 3 17 8 9 21 1 29 9 30 20 26 7 26 24 21 28 28 25 15 3 4 22 18 10 7 8 14 18 18 21 15 9 1 4 9 10 12 15 16 16 28 10 14 21 24 26 14 14 2 24 11 2 14 5 14 26 22 1 13 1 22 30 7 20 5 8 21 13 14 4 17 21 9 25 30 17 20 17 11 22 3 26 24 12 2 20 19 5 27 21 8 13 5 20 1 11 14 21 26 23 24 16 18 7 12 12 1 23 19 17 29 29 16 13 26 17 10 14 28 30 22 22 1 8 7 29 18 29 28 21 11 24 25 14 16 10 24 30 12 17 16 19 21 13 13 14 10 28 29 10 13 11 11 24 6 18 11 28 21 2 24 7 25 10 28 14 14 15 23 11 17 10 13 2 3 12 19 10 21 10 27 13 18 12 28 25 11 19 27 6 11 21 13 3 23 26 14 13 12 17 30 23 16 29 28 28 10 12 13 5 10 17 26 25 9 21 11 30 21 22 8 20 25 30 17 7 23 1 19 10 23 24 3 19 10
6 5 19
319 422 76 258 55 489 703 9 541 19 436 152 313 589 253 18 49 150 612
2 7 21
394 523 434 333 156 308 72 414 10 556 348 491 70 336 404 87 531 665 54 613 646
1 3 5
639 403 659 172 159
3 11 13
215 799 223 526 536 448 31 263 45 640 722 572 286
0 16 6
224 547 103 549 582 23
7 4 20
101 111 74 647 576 260 327 487 206 771 587 655 48 616 786 25 153 214 14 516
3 14 13
292 236 624 551 68 426 27 733 264 86 715 310 577
0 6 1
39
2 6 19
203 498 331 104 420 676 290 609 84 231 579 289 622 154 562 540 244 353 217
2 18 9
4 46 751 467 151 493 456 575 295
4 5 14
108 277 608 332 717 473 183 674 439 162 41 218 544 126
0 5 4
411 114 497 136
1 15 9
517 507 732 515 124 205 595 24 250
1 19 13
660 138 77 341 80 95 67 772 230 391 548 748 302
1 1 11
635 66 779 161 174 718 252 297 469 1 618
1 3 18
328 775 400 666 664 141 271 406 711 83 92 600 512 521 220 173 163 667
5 20 24
581 657 757 777 358 107 317 399 590 269 534 315 368 459 539 168 360 680 30 533 89 720 8 42
0 7 6
238 626 696 60 604 346
2 19 9
79 653 530 398 443 658 574 199 617
2 12 13
580 705 700 686 266 468 359 377 291 412 96 350 240
1 13 11
281 413 433 409 735 233 704 621 721 596 701
6 12 18
296 146 171 520 316 229 631 458 629 502 123 36 702 300 279 546 26 345
3 4 23
102 125 288 479 209 13 334 397 571 698 627 578 642 312 671 5 390 155 347 0 408 169 478
9 20 18
783 763 644 429 322 309 742 758 591 283 193 602 630 11 147 378 32 532
0 10 5
740 131 731 196 710
1 16 11
314 44 598 753 272 518 706 738 752 755 122
0 2 4
566 321 226 480
0 13 2
356 795
1 1 8
135 662 109 568 553 695 186 385
0 20 2
567 278
1 18 10
232 430 364 504 570 619 227 440 178 249
3 14 13
241 425 382 554 481 661 477 190 62 474 323 57 133
9 7 25
330 370 563 56 228 770 615 81 3 301 119 797 191 669 628 311 597 372 513 634 318 69 623 415 142
1 9 5
424 490 687 396 475
2 11 10
552 652 528 675 471 419 650 423 768 43
6 15 17
510 767 189 90 610 282 177 106 461 750 714 120 225 560 82 140 262
1 16 5
304 265 754 762 496
2 10 9
247 343 267 184 274 417 645 405 488
0 19 1
588
2 4 15
306 387 242 535 12 776 375 194 637 373 293 476 690 52 28
1 1 10
305 678 117 564 759 527 444 449 734 211
8 25 1
2
7 27 1
6
5 13 2
7 197
3 17 1
15
3 22 1
16
4 25 1
17
5 12 1
20
3 26 3
21 402 730
5 6 1
22
10 17 1
29
7 15 1
33
12 32 1
34
3 25 1
35
3 13 2
37 421
3 15 1
38
7 22 2
40 737
4 35 2
47 320
3 7 1
50
1 19 1
51
1 25 2
53 285
7 16 1
58
3 31 1
59
6 34 2
61 648
5 13 1
63
1 18 1
64
3 30 2
65 654
3 10 1
71
2 19 1
73
6 26 1
75
3 24 2
78 212
3 26 1
85
4 23 1
88
3 26 1
91
1 8 1
93
3 27 1
94
3 23 2
97 115
1 24 1
98
4 20 1
99
3 39 1
100
8 24 1
105
1 24 1
110
8 21 1
112
8 40 2
113 303
3 16 1
116
3 14 1
118
7 17 2
121 216
3 11 2
127 222
5 7 2
128 148
3 25 1
129
5 21 1
130
3 22 1
132
3 23 1
134
7 31 1
137
7 17 1
139
3 17 1
143
1 33 1
144
3 14 2
145 538
5 2 1
149
6 33 1
157
3 34 2
158 207
3 25 1
160
3 28 1
164
13 20 3
165 679 726
5 5 2
166 170
3 17 1
167
3 21 1
175
3 29 1
176
4 33 3
179 325 355
5 16 1
180
3 27 2
181 276
7 30 1
182
5 14 1
185
3 14 1
187
3 19 1
188
3 18 2
192 693
7 24 1
195
3 20 1
198
11 16 1
200
5 7 1
201
7 30 1
202
4 14 1
204
1 31 1
208
8 18 1
210
5 13 1
213
3 21 1
219
5 26 1
221
2 26 1
234
5 11 1
235
1 24 1
237
3 28 1
239
3 36 1
243
3 15 1
245
3 15 1
246
5 2 1
248
5 22 1
251
3 21 1
254
4 27 1
255
3 24 1
256
3 28 1
257
12 27 1
259
3 35 1
261
7 15 1
268
1 35 1
270
4 18 2
273 386
7 18 1
275
5 21 2
280 790
5 21 1
284
1 21 1
287
3 32 2
294 495
3 23 1
298
3 13 1
299
7 26 1
307
3 38 1
324
1 12 1
326
5 14 1
329
2 12 1
335
4 29 1
337
6 18 1
338
3 32 1
339
5 19 4
340 599 633 727
5 13 1
342
1 26 1
344
7 39 2
349 773
3 14 1
351
7 14 2
352 792
7 16 2
354 442
3 13 2
357 463
7 16 1
361
3 10 2
362 514
4 19 2
363 585
3 6 3
365 584 760
11 18 2
366 464
8 29 1
367
3 8 1
369
1 23 1
371
5 12 2
374 555
7 15 1
376
5 12 2
379 407
3 27 1
380
3 31 1
381
5 17 1
383
1 39 1
384
2 13 1
388
3 20 1
389
3 22 1
392
3 23 1
393
5 6 1
395
3 31 1
401
7 26 1
410
2 26 2
416 573
5 5 1
418
5 8 2
427 557
3 30 2
428 682
3 26 1
431
8 19 1
432
14 11 1
435
5 5 3
437 681 791
3 25 1
438
5 8 2
441 673
3 29 4
445 466 677 743
5 20 1
446
5 10 2
447 780
3 35 1
450
3 9 1
451
3 35 1
452
3 16 1
453
1 20 1
454
3 20 2
455 725
3 30 1
457
1 21 1
460
7 24 1
462
3 14 1
465
3 28 1
470
4 18 2
472 511
3 24 1
482
1 40 1
483
2 21 1
484
1 23 1
485
4 28 1
486
8 35 1
492
3 7 1
494
1 26 1
499
3 22 1
500
3 23 2
501 781
4 19 1
503
5 15 1
505
13 19 1
506
7 16 1
508
13 12 1
509
4 20 1
519
3 14 1
522
3 28 1
524
4 16 1
525
5 17 1
529
2 16 1
537
3 5 1
542
3 25 1
543
7 8 1
545
3 9 1
550
7 24 1
558
2 9 1
559
7 9 1
561
5 6 1
565
5 20 1
569
4 17 1
583
1 35 1
586
5 10 1
592
8 27 1
593
5 11 1
594
10 25 2
601 741
4 36 1
603
1 21 1
605
7 8 1
606
10 20 1
607
3 23 1
611
3 19 2
614 719
3 19 2
620 761
5 11 2
625 784
13 9 1
632
7 33 2
636 787
3 19 1
638
7 14 1
641
4 27 1
643
5 6 1
649
3 17 1
651
1 10 1
656
3 20 1
663
1 9 1
668
3 23 2
670 708
4 23 1
672
2 11 1
683
3 10 1
684
5 12 1
685
3 39 2
688 798
3 30 1
689
1 21 1
691
1 21 1
692
1 39 1
694
1 27 1
697
4 30 1
699
3 29 1
707
3 14 1
709
5 12 1
712
1 30 1
713
3 20 1
716
8 19 1
723
3 30 1
724
1 24 1
728
5 14 1
729
7 18 1
736
5 11 1
739
1 16 1
744
5 8 1
745
3 22 1
746
6 28 1
747
1 30 1
749
12 17 1
756
4 37 1
764
5 18 1
765
3 19 1
766
2 18 1
769
3 17 2
774 782
1 9 1
778
3 6 1
785
5 16 1
788
3 18 1
789
1 17 1
793
1 8 1
794
3 4 1
796
