300 150 465 20
2 15 1 13 20 11 23 23 11 23 17 2 26 29 1 18 10 30 15 28 28 4 30 18 6 20 14 13 13 3 13 18 24 15 11 1 2 22 2 5 1 27 24 1 18 6 9 18 24 15 27 25 16 14 16 16 12 4 10 15 22 11 12 20 14 28 9 24 30 5 6 22 13 21 12 5 20 22 28 23 2 1 23 3 8 4 28 17 20 19 17 24 12 18 24 22 6 18 9 8 12 12 20 12 7 19 30 13 2 26 8 16 21 10 30 13 6 25 18 12 18 30 10 10 1 16 25 19 6 30 20 15 12 28 13 26 22 22 27 4 30 9 22 3 15 14 23 28 1 3 20 3 2 22 23 11 17 5 6 30 2 17 22 9 30 29 20 1 8 10 8 8 22 7 4 19 11 29 22 6 1 23 4 30 29 19 7 24 15 4 8 29 11 18 2 6 3 5 13 23 3 10 13 15 4 5 30 19 27 16 13 8 20 26 19 13 20 8 16 6 23 4 2 16 22 2 5 29 25 26 7 22 5 17 12 22 29 22 2 14 21 25 2 23 2 10 16 22 21 3 12 28 22 12 5 9 20 18 25 22 27 18 24 12 27 13 7 12 13 18 17 27 5 8 7 2 12 24 10 19 2 13 10 18 6 21 15 22 22 28 18 12 21 25 25 17 1 13 17 5
1 28 13 3 5 10 23 19 29 5 6 30 3 22 15 17 22 16 28 18 19 12 13 16 15 13 27 7 7 15 22 5 18 7 11 21 7 21 7 9 3 17 27 20 28 19 28 29 23 10 28 25 6 20 29 9 17 3 27 23 25 5 8 2 26 3 3 29 4 7 12 10 6 19 29 26 10 14 30 29 1 16 13 30 13 29 9 22 13 28 21 6 13 15 4 16 8 18 10 15 22 20 13 5 29 28 26 23 2 9 30 30 20 1 15 9 5 22 4 12 13 7 10 10 18 24 28 27 5 7 3 1 23 12 12 30 28 13 10 3 26 7 4 25 13 8 28 17 2 21 22 3 23 1 3 27 19 7 6 28 27 3 12 20 7 14 29 20 18 3 11 5 16 28 16 7 19 20 30 5 9 21 25 29 7 3 21 8 26 7 1 18 14 12 18 22 16 14 23 23 20 2 9 5 1 23 14 2 14 24 26 16 2 30 8 21 29 28 23 29 20 27 22 13 4 16 14 1 24 6 3 9 23 14 4 15 6 1 16 7 5 22 30 21 10 3 21 20 25 12 9 19 21 26 29 28 5 23 5 24 6 29 21 8 25 25 19 3 24 3 1 1 14 1 23 13 23 27 22 24 27 16 24 4 5 3 18 5 16 8 29 9 10 4 21 2 2 3 14 1
0 3 1
122
1 12 7
251 268 17 191 172 46 87
3 19 6
153 7 207 80 30 169
0 4 2
180 38
1 4 8
67 34 173 271 154 0 27 298
0 12 4
105 95 3 225
0 13 5
299 60 112 106 278
1 10 4
261 237 98 12
0 14 1
141
1 19 5
171 295 165 86 116
2 8 8
230 274 212 77 161 177 13 19
1 18 7
163 255 254 253 216 219 83
0 4 2
131 61
0 10 3
224 118 88
0 8 2
229 43
3 5 7
249 220 291 21 134 1 210
0 18 1
226
4 1 7
6 4 228 221 144 196 2
1 12 4
241 262 132 78
2 4 9
252 69 76 231 168 58 143 128 206
0 17 4
170 16 209 288
1 13 3
188 283 257
1 15 4
232 292 178 33
2 8 8
186 201 146 23 15 20 91 245
2 1 10
85 284 293 72 194 167 258 90 263 179
0 16 4
36 107 68 276
0 19 4
296 65 39 119
1 2 6
151 285 126 71 110 55
7 5 13
149 182 297 244 200 199 265 100 215 53 133 205 59
0 16 6
115 277 44 136 35 52
1 4 4
175 189 223 164
0 8 1
150
0 18 4
104 50 56 84
1 6 3
41 8 279
2 20 6
162 142 159 218 121 247
3 5 2
5 18
1 28 1
9
1 13 1
10
3 9 1
11
2 32 1
14
3 8 1
22
3 22 2
24 158
4 23 1
25
3 5 1
26
1 32 1
28
3 24 2
29 148
4 22 2
31 266
1 28 1
32
3 27 1
37
1 8 1
40
3 5 1
42
6 32 1
45
4 30 1
47
3 36 1
48
3 22 1
49
2 26 1
51
1 23 1
54
3 16 3
57 242 282
3 31 1
62
1 30 1
63
3 22 1
64
1 20 1
66
1 35 1
70
3 23 1
73
4 39 1
74
4 5 1
75
1 29 1
79
3 22 2
81 145
4 32 1
82
2 29 1
89
2 27 1
92
1 30 1
93
1 7 1
94
3 30 1
96
1 31 1
97
1 18 1
99
3 35 1
101
3 23 1
102
3 14 1
103
3 29 1
108
5 28 1
109
1 26 1
111
3 18 1
113
1 14 1
114
1 34 1
117
6 13 2
120 157
4 19 1
123
3 21 2
124 267
2 12 1
125
1 26 2
127 286
1 16 1
129
1 20 1
130
2 9 1
135
2 28 1
137
4 27 1
138
3 21 1
139
3 12 1
140
3 37 1
147
3 14 1
152
3 25 1
155
4 23 1
156
3 8 1
160
1 20 1
166
1 38 1
174
1 33 1
176
3 17 1
181
3 12 1
183
1 21 1
184
1 12 2
185 233
3 18 1
187
1 20 1
190
2 13 1
192
2 24 1
193
1 31 2
195 294
4 14 1
197
1 33 1
198
4 33 1
202
1 21 1
203
3 24 1
204
4 22 1
208
2 20 1
211
4 15 1
213
3 22 1
214
3 9 1
217
2 28 1
222
2 34 1
227
2 24 1
234
1 14 1
235
2 13 1
236
1 17 1
238
4 18 1
239
1 30 1
240
3 22 1
243
3 10 1
246
1 36 1
248
2 28 1
250
1 14 1
256
1 20 1
259
1 20 1
260
3 36 1
264
2 23 1
269
1 16 1
270
4 5 1
272
3 16 1
273
2 25 1
275
2 18 1
280
2 28 1
281
3 23 1
287
3 23 1
289
3 16 1
290
