500 210 775 33
20 18 28 13 1 9 19 14 9 17 24 20 7 24 16 21 18 22 14 20 13 4 8 29 17 27 5 9 11 12 20 11 14 13 15 21 6 26 10 19 17 6 8 24 11 29 14 30 8 14 12 11 8 23 9 1 6 12 4 29 1 7 9 30 11 7 12 14 28 14 30 5 23 20 27 20 30 14 9 17 7 8 1 20 14 1 15 5 13 11 11 6 7 24 17 5 24 23 20 18 21 1 19 7 22 13 27 13 1 22 2 13 22 10 28 23 11 20 16 26 23 6 3 23 23 11 23 2 9 9 9 24 17 14 3 12 12 18 25 25 28 26 29 19 19 12 16 13 2 10 8 7 2 25 3 19 12 15 23 7 28 4 22 3 9 21 18 3 30 12 19 21 15 2 26 25 4 22 7 22 4 10 26 16 29 13 7 13 21 23 13 18 28 14 26 23 17 30 17 19 18 12 25 4 22 17 2 12 10 12 20 28 18 4 7 26 4 4 21 17 7 8 10 12 2 5 19 29 8 26 7 23 19 6 22 30 28 24 6 9 15 15 20 21 3 16 3 4 29 10 16 13 7 5 12 4 12 4 28 4 5 20 2 20 20 14 3 16 13 10 24 9 4 12 28 19 6 9 10 3 30 9 11 2 29 25 3 18 2 12 29 9 6 20 18 14 28 22 17 27 8 3 23 17 12 7 2 19 3 15 15 28 10 18 24 6 16 12 6 4 26 10 1 20 16 11 22 7 5 2 24 25 3 6 15 17 16 7 22 3 2 23 10 20 7 11 28 11 13 15 19 11 6 5 30 26 18 1 29 24 29 14 5 27 29 26 14 12 13 9 19 29 16 26 12 30 8 13 17 24 23 9 1 14 23 9 7 23 11 18 25 22 12 10 8 12 15 13 3 1 30 6 8 12 5 17 7 19 5 19 12 2 17 26 21 27 11 22 6 4 27 14 11 21 22 1 16 6 16 6 21 1 12 5 25 1 7 13 30 6 9 1 23 1 28 9 5 26 30 7 24 30 3 7 6 19 12 14 22 12 28 24 28 18 11 24 17 2 29 6 11 26 20 16 22 21 17 14 29 26 15 27 10 21 29 2 3 9 24 16 4 28 19 12 25 1 8 23 18 16
30 18 11 10 9 1 26 11 3 17 28 14 27 1 13 24 17 9 18 29 8 6 28 28 13 30 2 15 11 1 23 21 27 10 13 10 29 7 19 16 8 14 29 1 29 6 11 23 30 17 14 24 17 3 18 18 21 1 2 2 11 10 16 4 5 18 11 27 10 26 29 23 26 24 3 6 17 12 21 15 19 4 18 19 22 11 26 22 18 22 17 25 18 2 19 6 14 16 11 29 27 18 4 2 8 5 5 18 6 30 3 4 6 18 24 10 1 9 15 6 23 11 5 30 21 23 10 28 5 1 5 10 25 29 27 6 12 14 18 12 11 1 27 21 24 5 1 15 12 23 14 8 2 18 1 8 30 1 18 13 22 22 17 13 27 15 5 1 9 5 20 1 2 28 11 27 10 23 25 14 12 8 24 6 29 13 6 20 8 5 23 27 27 25 15 6 26 7 14 15 22 29 12 19 30 18 2 18 27 9 14 30 9 21 17 18 25 29 13 24 27 28 17 27 20 19 14 16 2 26 3 18 7 15 14 20 17 23 11 8 23 25 29 5 3 29 11 8 24 13 12 9 7 14 24 11 13 21 1 19 18 19 21 16 3 3 5 30 6 7 12 4 11 24 20 16 1 16 15 26 16 27 29 30 6 28 3 16 20 2 1 13 12 27 2 22 14 14 1 2 22 7 14 17 20 4 29 12 14 26 10 26 11 24 26 28 9 15 29 16 2 12 28 9 8 27 4 1 4 12 26 5 14 13 6 20 23 9 12 25 5 26 2 23 4 19 11 8 17 27 2 4 13 28 24 2 12 29 17 2 25 10 1 28 13 15 23 12 23 9 13 14 25 3 22 29 9 6 6 18 23 10 19 28 8 8 30 20 18 29 18 23 5 21 4 8 21 16 8 28 4 25 12 12 9 16 6 6 1 5 15 29 19 1 15 9 10 27 21 16 12 29 23 7 19 13 14 15 24 11 2 15 18 6 17 3 13 7 7 8 11 17 5 4 29 23 8 30 26 7 23 17 14 28 12 15 8 28 18 29 13 10 30 1 18 16 7 12 25 10 6 19 3 29 27 19 20 19 12 12 23 5 21 9 10 21 30 17 12 22 27 1 15 2 5 15 20 2 18 22
8 15 16
378 80 324 433 166 343 395 366 428 31 22 206 66 35 89 277
0 13 2
298 186
2 16 17
292 196 230 215 93 175 140 12 143 465 338 204 488 192 220 381 340
7 12 14
190 373 68 43 335 6 36 149 158 408 410 439 351 14
1 11 4
353 176 27 29
5 18 14
19 473 418 142 3 344 463 337 426 51 348 387 255 481
2 9 8
447 232 15 28 423 203 16 111
1 4 9
134 123 424 205 106 259 113 225 438
0 19 3
9 484 115
0 7 4
154 374 38 472
0 19 4
63 241 471 479
3 20 9
330 110 282 71 257 383 270 217 177
0 13 15
349 267 216 69 482 145 121 412 492 178 443 219 319 210 157
1 3 11
371 209 165 146 271 150 455 425 490 388 305
0 18 1
5
4 5 10
290 237 182 441 98 129 11 437 119 81
7 14 14
25 193 386 431 77 489 456 17 382 46 357 173 393 118
3 13 14
213 295 411 497 40 184 131 283 107 252 153 361 41 287
3 5 14
401 180 375 250 244 179 194 390 478 370 331 453 212 200
0 4 4
137 404 299 211
0 5 2
414 168
2 15 10
417 139 352 234 467 354 364 222 109 30
0 11 6
280 345 18 379 284 477
3 9 10
104 228 289 239 279 413 462 365 117 253
0 11 5
57 102 62 33 451
1 9 18
302 341 491 97 322 2 20 498 468 304 332 261 303 44 328 144 276 307
1 9 9
87 99 329 199 96 181 464 170 415
1 17 5
419 141 4 444 218
2 19 6
74 416 402 191 397 264
3 7 6
72 65 385 34 201 94
2 7 8
236 356 452 297 39 227 125 323
1 1 5
359 432 221 499 269
0 3 3
346 85 13
1 3 4
275 195 127 169
2 15 6
391 291 37 55 286 247
3 8 8
446 86 254 105 155 429 421 124
0 10 2
136 132
0 2 4
233 103 73 56
0 18 1
493
4 34 1
0
6 35 1
1
1 25 1
7
3 14 1
8
3 19 2
10 83
2 21 1
21
1 22 1
23
4 24 1
24
1 15 1
26
2 22 1
32
1 18 1
42
2 26 1
45
1 20 1
47
4 24 1
48
1 30 1
49
6 30 3
50 126 496
2 20 1
52
2 22 1
53
1 30 1
54
1 27 1
58
1 22 1
59
1 17 1
60
1 11 1
61
2 16 1
64
7 31 1
67
1 31 1
70
1 7 1
75
1 10 1
76
3 26 1
78
3 24 1
79
8 13 2
82 458
2 22 1
84
7 21 1
88
2 23 2
90 138
2 10 1
91
11 17 1
92
2 11 2
95 427
3 20 3
100 171 242
3 10 2
101 135
8 20 3
108 327 449
3 18 1
112
1 10 1
114
1 18 2
116 474
5 27 1
120
1 25 1
122
4 14 1
128
7 28 1
130
1 16 1
133
2 18 1
147
3 14 1
148
1 28 2
151 272
8 17 1
152
6 17 1
156
1 16 1
159
3 23 1
160
3 23 2
161 188
2 20 2
162 470
2 25 1
163
1 6 1
164
2 13 2
167 312
1 31 2
172 231
4 20 1
174
2 9 1
183
1 15 1
185
2 18 1
187
1 18 1
189
2 15 1
197
2 13 1
198
1 15 1
202
1 22 1
207
1 21 1
208
1 20 1
214
3 26 2
223 281
2 14 1
224
2 26 1
226
1 34 2
229 320
1 12 1
235
2 6 1
238
1 28 1
240
1 20 1
243
1 22 1
245
1 8 1
246
4 23 3
248 380 406
1 15 1
249
2 11 1
251
3 8 1
256
2 10 1
258
5 16 1
260
1 29 2
262 372
1 26 1
263
1 9 1
265
3 26 1
266
4 21 1
268
2 20 2
273 369
2 30 1
274
1 32 1
278
4 21 1
285
1 14 1
288
6 21 1
293
8 27 1
294
1 24 1
296
6 32 1
300
1 10 1
301
1 24 1
306
2 14 1
308
3 25 1
309
4 29 2
310 494
1 19 1
311
3 10 1
313
1 31 1
314
8 23 1
315
1 23 1
316
2 14 1
317
1 33 1
318
4 22 1
321
3 15 1
325
3 24 1
326
1 33 1
333
1 17 1
334
1 16 1
336
3 19 1
339
3 8 1
342
2 12 1
347
1 28 1
350
1 18 1
355
14 29 1
358
2 28 1
360
1 33 1
362
1 29 1
363
1 32 1
367
14 26 1
368
1 19 1
376
3 23 1
377
3 23 1
384
1 11 1
389
4 28 1
392
7 25 1
394
1 20 1
396
1 22 1
398
1 24 1
399
1 3 1
400
1 37 1
403
3 16 1
405
8 22 1
407
2 23 1
409
1 26 1
420
2 27 1
422
1 22 1
430
1 19 1
434
2 28 1
435
6 32 1
436
1 10 1
440
1 21 1
442
1 21 1
445
3 18 1
448
2 30 1
450
2 15 1
454
5 12 1
457
1 16 1
459
4 31 1
460
1 33 1
461
1 25 1
466
15 27 1
469
2 12 1
475
3 18 1
476
8 24 1
480
1 32 1
483
3 30 1
485
4 21 1
486
2 27 1
487
1 7 1
495
