800 94 1240 18
24 11 39 30 15 28 38 38 32 19 30 40 22 22 33 19 35 18 34 27 29 23 13 16 19 19 13 36 22 11 32 39 21 29 39 17 12 21 27 12 29 30 22 30 19 24 19 25 26 36 38 30 39 15 24 35 18 26 12 27 15 35 17 27 25 22 29 23 23 15 21 15 17 14 11 17 22 15 21 23 39 30 40 28 24 38 17 18 32 21 34 32 33 34 11 28 11 40 13 24 34 38 18 19 27 17 36 37 14 31 27 24 25 26 27 23 29 24 25 17 25 11 32 40 11 21 29 30 26 17 16 25 17 26 21 18 20 11 23 27 38 15 27 22 32 15 12 36 38 20 14 29 33 19 39 33 35 35 18 35 15 25 36 36 22 26 33 29 28 15 35 39 23 40 40 37 33 26 30 38 26 32 28 27 34 22 14 40 17 14 27 20 24 21 12 18 21 20 24 24 34 21 14 25 33 37 15 38 38 19 11 22 21 37 32 21 38 37 20 21 18 14 25 23 30 35 30 29 12 12 29 24 35 18 36 31 34 26 31 24 38 28 39 32 30 38 17 12 18 13 19 14 37 29 16 37 39 14 36 27 31 17 29 40 15 29 23 17 39 14 14 38 20 18 24 21 15 38 34 31 15 37 20 18 39 18 26 28 21 25 12 14 26 34 18 39 13 27 25 15 25 35 38 22 28 15 25 24 20 30 12 34 21 31 19 18 40 30 40 27 28 25 39 32 28 17 39 16 35 22 34 29 24 24 34 27 24 33 28 24 27 11 37 15 15 39 34 23 30 25 38 36 13 16 20 23 11 20 25 11 30 37 15 25 18 34 20 28 28 37 16 14 23 22 35 18 35 20 37 29 29 31 16 21 35 28 16 34 25 40 20 31 28 37 30 12 11 25 15 37 35 11 37 29 21 38 36 33 38 14 31 22 15 21 21 15 33 25 32 27 24 36 13 35 38 35 11 11 16 32 33 38 27 34 17 11 30 18 40 15 18 30 31 20 38 40 26 23 29 31 24 37 19 39 25 32 15 19 21 21 34 17 24 40 14 21 17 36 36 11 30 14 37 37 19 39 17 37 22 23 34 17 35 12 19 32 29 31 37 32 12 29 39 21 27 14 33 14 22 23 32 34 32 39 37 13 12 17 31 37 25 28 15 38 35 19 13 37 31 19 36 32 19 39 37 17 36 21 35 40 33 34 32 15 33 24 34 19 13 22 15 28 20 22 13 22 29 31 33 36 12 19 35 20 26 13 19 26 37 15 39 23 26 16 26 38 13 19 31 37 33 29 14 40 11 34 13 24 26 39 25 28 31 19 19 35 36 35 25 20 39 38 14 36 12 17 12 36 33 20 13 19 28 19 20 38 36 39 39 15 12 27 30 29 17 31 17 28 13 11 26 13 37 36 18 34 34 21 14 13 39 22 29 17 13 40 28 37 23 23 28 21 22 16 11 11 34 29 35 13 38 32 21 35 18 11 21 31 23 20 40 28 19 34 39 22 24 29 23 29 40 38 21 17 16 25 12 35 31 36 29 31 20 16 26 17 29 29 12 21 16 25 31 22 30 25 23 39 26 23 29 12 32 30 27 23 16 12 29 12 11 15 18 33 20 22 13 39 40 24 17 37 30 40 12 30 23 39 23 23 27 35 13 18 23 17 31 36 25 15 22 19 28 14 18 28 40 18 32 19 40 38 27 37 11 36 36 24 40 23 17 32 22 15 21 28 40 28 31 25 31 19 21 25 36 13 33 30 17 26 23 22 17 17 35 19 22 24 24 32 26 17 32 40 35 28 19 33 27 13
14 1 29 20 5 18 28 28 22 9 20 30 12 12 23 9 25 8 24 17 19 13 3 6 9 9 3 26 12 1 22 29 11 19 29 7 2 11 17 2 19 20 12 20 9 14 9 15 16 26 28 20 29 5 14 25 8 16 2 17 5 25 7 17 15 12 19 13 13 5 11 5 7 4 1 7 12 5 11 13 29 20 30 18 14 28 7 8 22 11 24 22 23 24 1 18 1 30 3 14 24 28 8 9 17 7 26 27 4 21 17 14 15 16 17 13 19 14 15 7 15 1 22 30 1 11 19 20 16 7 6 15 7 16 11 8 10 1 13 17 28 5 17 12 22 5 2 26 28 10 4 19 23 9 29 23 25 25 8 25 5 15 26 26 12 16 23 19 18 5 25 29 13 30 30 27 23 16 20 28 16 22 18 17 24 12 4 30 7 4 17 10 14 11 2 8 11 10 14 14 24 11 4 15 23 27 5 28 28 9 1 12 11 27 22 11 28 27 10 11 8 4 15 13 20 25 20 19 2 2 19 14 25 8 26 21 24 16 21 14 28 18 29 22 20 28 7 2 8 3 9 4 27 19 6 27 29 4 26 17 21 7 19 30 5 19 13 7 29 4 4 28 10 8 14 11 5 28 24 21 5 27 10 8 29 8 16 18 11 15 2 4 16 24 8 29 3 17 15 5 15 25 28 12 18 5 15 14 10 20 2 24 11 21 9 8 30 20 30 17 18 15 29 22 18 7 29 6 25 12 24 19 14 14 24 17 14 23 18 14 17 1 27 5 5 29 24 13 20 15 28 26 3 6 10 13 1 10 15 1 20 27 5 15 8 24 10 18 18 27 6 4 13 12 25 8 25 10 27 19 19 21 6 11 25 18 6 24 15 30 10 21 18 27 20 2 1 15 5 27 25 1 27 19 11 28 26 23 28 4 21 12 5 11 11 5 23 15 22 17 14 26 3 25 28 25 1 1 6 22 23 28 17 24 7 1 20 8 30 5 8 20 21 10 28 30 16 13 19 21 14 27 9 29 15 22 5 9 11 11 24 7 14 30 4 11 7 26 26 1 20 4 27 27 9 29 7 27 12 13 24 7 25 2 9 22 19 21 27 22 2 19 29 11 17 4 23 4 12 13 22 24 22 29 27 3 2 7 21 27 15 18 5 28 25 9 3 27 21 9 26 22 9 29 27 7 26 11 25 30 23 24 22 5 23 14 24 9 3 12 5 18 10 12 3 12 19 21 23 26 2 9 25 10 16 3 9 16 27 5 29 13 16 6 16 28 3 9 21 27 23 19 4 30 1 24 3 14 16 29 15 18 21 9 9 25 26 25 15 10 29 28 4 26 2 7 2 26 23 10 3 9 18 9 10 28 26 29 29 5 2 17 20 19 7 21 7 18 3 1 16 3 27 26 8 24 24 11 4 3 29 12 19 7 3 30 18 27 13 13 18 11 12 6 1 1 24 19 25 3 28 22 11 25 8 1 11 21 13 10 30 18 9 24 29 12 14 19 13 19 30 28 11 7 6 15 2 25 21 26 19 21 10 6 16 7 19 19 2 11 6 15 21 12 20 15 13 29 16 13 19 2 22 20 17 13 6 2 19 2 1 5 8 23 10 12 3 29 30 14 7 27 20 30 2 20 13 29 13 13 17 25 3 8 13 7 21 26 15 5 12 9 18 4 8 18 30 8 22 9 30 28 17 27 1 26 26 14 30 13 7 22 12 5 11 18 30 18 21 15 21 9 11 15 26 3 23 20 7 16 13 12 7 7 25 9 12 14 14 22 16 7 22 30 25 18 9 23 17 3
1 7 2
264 542
1 3 15
715 377 586 83 502 172 41 327 763 168 59 458 271 631 624
1 3 12
429 749 311 196 262 678 300 103 137 25 9 713
1 6 6
261 511 379 734 550 370
1 5 10
355 707 449 97 581 634 489 367 587 685
1 4 10
688 138 612 720 464 694 40 570 23 395
1 7 8
762 175 117 383 295 54 415 98
1 6 8
47 384 732 697 729 790 298 575
1 6 8
407 217 259 292 686 1 65 714
1 4 12
768 266 467 310 120 278 642 50 307 351 163 3
1 3 15
535 639 490 322 682 232 406 315 61 572 571 126 741 580 127
1 18 3
476 18 438
1 6 9
130 417 100 645 722 376 795 113 2
1 13 4
213 695 737 177
1 7 4
780 427 652 510
1 10 5
430 304 553 350 112
1 7 8
337 716 488 469 353 235 628 11
1 13 2
299 91
1 5 9
190 538 170 677 776 286 781 637 388
1 6 9
764 691 342 20 110 513 205 254 772
1 8 7
460 265 606 775 679 123 660
1 9 6
674 509 568 544 38 565
1 3 14
735 613 16 136 446 725 69 280 326 471 505 470 566 601
1 4 14
101 108 481 179 539 223 518 72 400 420 214 751 620 667
1 4 12
431 78 473 563 321 99 547 426 578 250 554 787
1 11 4
22 338 755 29
1 6 2
102 276
1 4 12
625 125 412 374 290 363 500 546 696 81 726 658
1 3 15
164 328 180 246 13 331 287 582 19 437 247 37 139 257 630
1 19 2
472 12
1 4 12
497 66 359 592 169 721 39 289 109 774 719 463
1 4 12
133 515 44 263 416 664 617 789 643 53 160 267
1 6 8
600 653 142 533 756 335 221 754
1 3 15
165 523 313 375 608 698 706 766 501 530 336 548 531 647 577
1 10 5
434 378 372 293 258
1 4 13
274 148 33 723 474 225 585 26 398 436 597 8 184
1 5 10
325 689 603 517 649 323 183 186 80 669
1 19 3
632 475 187
1 4 14
483 135 425 559 672 85 291 712 402 166 491 173 527 30
1 4 14
537 683 96 392 731 710 629 750 245 615 468 636 788 159
1 6 9
461 596 428 234 452 82 253 604 357
1 8 7
655 284 487 227 216 791 210
1 11 3
779 188 640
1 4 13
242 95 27 128 543 507 616 521 241 368 635 418 240
1 4 12
154 661 641 56 424 343 212 702 584 358 662 366
1 9 5
36 551 663 687 514
1 11 3
192 680 269
1 7 7
410 201 782 742 88 745 503
1 10 5
397 579 279 151 701
1 6 8
10 302 792 638 786 730 301 759
1 3 14
757 413 58 524 681 699 132 49 495 209 534 386 77 465
1 15 2
569 352
1 7 6
149 57 494 206 255 462
1 5 8
288 152 76 220 564 193 770 24
1 6 8
122 709 532 369 519 111 141 312
1 4 12
450 270 444 448 499 248 146 650 334 71 105 197
1 8 7
794 607 202 92 42 7 45
1 3 15
799 273 443 345 739 199 48 753 182 536 797 611 389 249 319
1 8 7
704 541 451 673 34 4 671
1 15 2
277 228
1 4 14
758 540 115 703 381 317 316 121 529 79 94 93 354 356
1 8 5
589 626 134 104 557
1 6 8
411 618 268 549 390 14 382 457
1 7 6
646 432 602 324 340 609
1 3 15
70 46 195 365 440 260 147 676 657 485 75 512 738 86 793
1 4 13
67 87 333 708 200 344 219 439 73 414 435 718 346
1 11 5
348 281 724 622 6
1 5 6
740 506 588 153 773 747
1 4 13
218 194 208 478 558 760 272 408 403 106 282 107 17
1 6 8
15 55 480 743 329 360 445 447
1 4 14
670 244 504 656 364 341 591 150 477 484 508 318 385 84
1 7 7
404 605 752 675 659 692 711
1 3 14
305 35 167 380 482 798 493 561 717 294 387 583 545 784
1 10 4
423 306 595 456
1 10 5
21 767 236 573 574
1 11 5
399 256 516 621 116
1 4 13
52 765 492 118 229 309 422 627 297 453 771 479 556
1 18 3
156 31 525
1 4 13
666 60 648 748 238 43 391 560 796 161 496 222 171
1 8 7
230 339 233 51 442 140 727
1 6 5
761 693 576 778 599
1 5 9
744 285 155 283 590 409 349 303 783
1 3 13
181 347 90 594 459 129 401 733 371 728 394 64 526
1 5 9
114 522 211 144 361 610 191 362 486
1 8 5
690 623 769 215 314
1 4 12
614 373 157 62 296 528 562 777 785 239 433 668
1 15 3
746 567 419
1 3 14
644 203 598 251 736 158 32 633 176 204 396 700 330 654
1 8 3
143 89 28
1 4 14
74 174 705 226 275 498 441 145 332 552 520 393 231 421
1 4 7
185 665 5 466 198 619 0
1 4 10
243 131 651 308 178 224 63 555 684 189
1 13 4
162 119 405 68
1 6 8
252 237 320 124 455 454 207 593
