300 75 465 20
19 30 31 20 25 38 31 16 11 15 20 30 22 39 21 29 26 31 36 28 35 14 32 31 23 25 20 17 35 18 34 38 24 11 35 30 14 20 22 29 32 19 29 25 34 30 21 25 31 19 39 32 16 14 30 34 11 32 34 19 40 20 18 28 29 14 39 13 12 18 17 24 40 17 37 31 30 24 22 11 20 20 26 13 30 28 15 20 21 36 24 18 24 39 16 23 31 26 34 38 32 25 33 28 30 15 11 24 40 37 30 36 32 11 30 29 33 26 16 40 38 35 15 21 35 31 22 19 33 24 36 15 23 40 28 22 23 26 27 37 23 32 23 15 19 37 13 36 33 11 30 11 38 35 24 26 12 37 18 20 11 28 11 17 14 25 12 29 30 23 30 19 22 23 33 29 25 17 34 27 18 29 26 36 16 19 12 27 40 19 29 36 15 30 37 24 28 34 36 18 40 11 33 23 25 34 40 37 34 19 33 35 14 40 26 40 23 28 35 31 33 37 11 11 36 12 31 28 25 30 18 23 20 17 24 27 27 32 11 38 20 40 18 40 26 38 23 40 12 26 33 25 29 28 39 30 35 39 18 32 27 11 15 16 31 31 28 40 37 16 13 24 11 20 28 18 25 36 36 33 15 34 28 31 37 12 18 29 33 31 35 38 19 40 30 14 23 17 33 22
9 20 21 10 15 28 21 6 1 5 10 20 12 29 11 19 16 21 26 18 25 4 22 21 13 15 10 7 25 8 24 28 14 1 25 20 4 10 12 19 22 9 19 15 24 20 11 15 21 9 29 22 6 4 20 24 1 22 24 9 30 10 8 18 19 4 29 3 2 8 7 14 30 7 27 21 20 14 12 1 10 10 16 3 20 18 5 10 11 26 14 8 14 29 6 13 21 16 24 28 22 15 23 18 20 5 1 14 30 27 20 26 22 1 20 19 23 16 6 30 28 25 5 11 25 21 12 9 23 14 26 5 13 30 18 12 13 16 17 27 13 22 13 5 9 27 3 26 23 1 20 1 28 25 14 16 2 27 8 10 1 18 1 7 4 15 2 19 20 13 20 9 12 13 23 19 15 7 24 17 8 19 16 26 6 9 2 17 30 9 19 26 5 20 27 14 18 24 26 8 30 1 23 13 15 24 30 27 24 9 23 25 4 30 16 30 13 18 25 21 23 27 1 1 26 2 21 18 15 20 8 13 10 7 14 17 17 22 1 28 10 30 8 30 16 28 13 30 2 16 23 15 19 18 29 20 25 29 8 22 17 1 5 6 21 21 18 30 27 6 3 14 1 10 18 8 15 26 26 23 5 24 18 21 27 2 8 19 23 21 25 28 9 30 20 4 13 7 23 12
1 15 3
236 234 213
1 5 3
8 222 195
1 17 2
249 15
1 9 4
33 114 85 21
1 13 4
215 184 220 46
1 5 5
129 285 172 7 49
1 18 3
192 93 145
1 11 2
122 161
1 12 2
140 78
1 8 6
205 83 105 256 44 109
1 8 4
177 28 186 263
1 23 2
157 150
1 13 4
29 130 224 278
1 13 4
297 178 206 57
1 23 2
112 55
1 12 2
94 63
1 9 5
121 272 231 11 107
1 10 3
292 87 76
1 9 3
22 143 225
1 11 5
197 198 270 243 142
1 7 5
163 199 276 151 289
1 8 6
89 185 250 102 137 180
1 8 6
261 118 19 191 294 221
1 11 5
42 119 284 61 13
1 16 3
152 296 23
1 12 3
86 27 108
1 11 4
252 165 239 25
1 8 5
229 40 67 160 144
1 12 4
39 62 116 139
1 5 6
196 204 10 235 273 171
1 13 4
259 149 200 24
1 7 4
299 59 38 179
1 8 6
4 188 90 190 16 75
1 22 2
241 32
1 8 6
212 262 291 125 155 58
1 11 4
153 101 223 35
1 9 6
147 148 36 267 201 240
1 15 3
69 194 181
1 20 2
14 247
1 7 6
164 126 72 41 26 169
1 6 4
266 286 280 189
1 4 2
65 9
1 9 6
207 282 31 251 54 141
1 11 5
12 34 133 246 269
1 9 5
132 219 20 51 170
1 15 3
134 50 182
1 6 6
214 274 135 202 253 3
1 7 5
64 193 146 103 159
1 8 6
158 208 187 92 166 281
1 18 3
277 293 287
1 4 6
271 131 203 77 123 228
1 9 3
56 96 242
1 7 2
216 68
1 7 6
136 45 127 71 2 237
1 6 4
248 91 175 233
1 25 2
211 111
1 7 5
217 138 95 73 43
1 12 4
210 104 18 97
1 10 5
48 167 238 5 100
1 11 5
115 99 268 209 30
1 10 5
264 283 1 257 47
1 16 3
66 17 230
1 10 3
120 53 162
1 13 3
218 154 176
1 13 3
298 0 82
1 12 2
88 173
1 10 4
110 117 232 168
1 14 4
275 60 226 183
1 23 2
279 174
1 6 5
258 156 6 52 37
1 8 6
244 106 124 113 290 70
1 10 4
79 288 260 295
1 12 4
84 74 265 227
1 15 2
81 255
1 11 5
98 254 80 245 128
