300 185 465 20
40 17 19 11 20 39 25 30 38 37 19 28 29 29 26 40 36 26 18 27 30 24 21 36 12 25 32 16 12 31 40 29 37 32 36 19 13 23 17 25 18 16 37 20 26 15 34 25 29 24 15 35 18 24 28 38 11 16 32 26 40 15 32 29 20 25 38 27 34 16 20 22 14 32 38 39 25 35 33 21 12 26 30 30 26 27 18 32 16 35 17 25 37 18 12 21 27 20 29 18 33 38 37 24 18 38 14 15 25 21 21 11 18 12 11 31 11 25 13 27 32 14 27 40 37 32 28 31 31 15 35 40 13 15 38 37 11 15 31 16 20 11 31 20 16 26 16 19 17 32 15 27 16 12 32 39 29 17 29 17 35 17 39 35 37 17 34 15 14 14 19 24 16 22 23 31 35 23 31 38 40 17 37 39 25 28 16 20 33 28 28 38 19 28 30 17 16 27 25 21 38 27 21 12 18 37 40 29 30 13 15 28 40 22 30 13 21 29 27 37 27 40 26 19 22 24 27 23 11 29 22 31 40 16 30 11 27 27 19 13 23 19 29 22 26 35 14 22 31 14 21 34 23 40 32 39 18 37 33 21 27 40 22 18 33 15 23 30 17 11 18 18 21 18 11 14 36 34 25 11 13 13 11 26 15 16 16 30 15 25 28 22 37 13 27 16 31 33 33 27
30 7 9 1 10 29 15 20 28 27 9 18 19 19 16 30 26 16 8 17 20 14 11 26 2 15 22 6 2 21 30 19 27 22 26 9 3 13 7 15 8 6 27 10 16 5 24 15 19 14 5 25 8 14 18 28 1 6 22 16 30 5 22 19 10 15 28 17 24 6 10 12 4 22 28 29 15 25 23 11 2 16 20 20 16 17 8 22 6 25 7 15 27 8 2 11 17 10 19 8 23 28 27 14 8 28 4 5 15 11 11 1 8 2 1 21 1 15 3 17 22 4 17 30 27 22 18 21 21 5 25 30 3 5 28 27 1 5 21 6 10 1 21 10 6 16 6 9 7 22 5 17 6 2 22 29 19 7 19 7 25 7 29 25 27 7 24 5 4 4 9 14 6 12 13 21 25 13 21 28 30 7 27 29 15 18 6 10 23 18 18 28 9 18 20 7 6 17 15 11 28 17 11 2 8 27 30 19 20 3 5 18 30 12 20 3 11 19 17 27 17 30 16 9 12 14 17 13 1 19 12 21 30 6 20 1 17 17 9 3 13 9 19 12 16 25 4 12 21 4 11 24 13 30 22 29 8 27 23 11 17 30 12 8 23 5 13 20 7 1 8 8 11 8 1 4 26 24 15 1 3 3 1 16 5 6 6 20 5 15 18 12 27 3 17 6 21 23 23 17
0 3 5
8 202 148 155 18
2 11 8
132 117 67 269 276 28 275 76
0 3 4
174 92 184 134
0 17 3
200 235 85
0 2 4
160 247 17 112
0 17 1
234
2 5 6
213 43 299 84 49 274
0 3 2
34 104
1 13 3
24 241 259
3 3 9
270 229 250 282 1 294 55 263 106
0 10 4
81 4 192 126
0 5 2
12 82
0 1 1
283
0 17 1
61
0 14 3
64 103 203
0 5 3
101 100 196
0 11 6
147 105 182 127 46 11
1 14 4
221 180 158 251
0 2 3
288 242 48
0 14 1
245
0 12 8
26 149 6 10 116 167 77 226
0 10 6
273 41 128 285 168 73
1 10 5
183 161 228 96 145
1 2 4
233 211 47 232
0 20 1
295
0 11 4
119 212 236 35
1 18 3
27 222 36
0 11 3
40 280 32
1 12 4
0 99 72 113
1 17 5
87 123 195 151 108
0 9 1
197
1 5 3
260 188 83
2 12 1
2
1 26 2
3 141
4 29 1
5
1 24 1
7
1 14 1
9
2 28 1
13
2 8 1
14
1 28 1
15
4 27 1
16
1 21 1
19
1 10 2
20 261
4 31 1
21
4 28 1
22
6 26 1
23
1 13 1
25
5 24 1
29
2 8 1
30
1 16 1
31
3 20 1
33
1 18 2
37 248
1 27 2
38 60
2 4 1
39
8 8 2
42 146
1 12 1
44
1 16 2
45 189
1 25 1
50
3 29 1
51
1 8 1
52
1 25 1
53
1 13 2
54 205
1 15 2
56 150
3 27 1
57
5 15 2
58 129
2 16 1
59
2 10 1
62
6 23 2
63 159
1 28 1
65
1 12 2
66 177
2 25 3
68 114 265
2 5 1
69
1 28 1
70
1 21 1
71
1 22 1
74
2 23 2
75 244
1 27 1
78
3 22 1
79
1 21 1
80
5 12 2
86 125
6 25 2
88 290
1 28 1
89
3 34 1
90
5 13 1
91
1 19 1
93
2 19 1
94
1 14 1
95
1 7 2
97 124
2 16 1
98
3 16 1
102
1 20 1
107
1 19 1
109
5 20 1
110
3 27 1
111
1 15 2
115 256
5 19 1
118
2 15 1
120
1 11 1
121
2 24 1
122
1 8 1
130
1 28 1
131
1 20 1
133
1 16 1
135
1 26 1
136
1 16 1
137
1 22 1
138
2 24 2
139 225
1 15 1
140
2 16 1
142
1 19 1
143
1 14 1
144
1 5 1
152
1 33 1
153
1 32 2
154 191
2 14 1
156
1 16 1
157
2 8 1
162
1 13 1
163
4 27 1
164
1 15 1
165
1 13 1
166
4 30 1
169
1 24 1
170
1 4 1
171
3 28 1
172
1 4 1
173
2 22 1
175
1 14 1
176
2 31 1
178
1 20 1
179
1 21 1
181
1 24 3
185 243 262
1 23 1
186
1 14 1
187
2 28 1
190
4 27 1
193
3 31 2
194 231
2 23 1
198
2 17 2
199 291
1 15 1
201
6 21 1
204
1 5 1
206
4 29 1
207
1 28 1
208
1 6 1
209
3 22 1
210
1 22 1
214
1 19 1
215
1 19 2
216 268
2 22 1
217
6 15 2
218 284
1 18 1
219
3 30 1
220
6 22 1
223
1 14 1
224
1 25 1
227
1 23 1
230
1 28 1
237
2 13 2
238 240
1 22 1
239
1 12 1
246
2 19 1
249
4 21 1
252
1 21 1
253
1 13 1
254
1 20 1
255
2 24 1
257
1 21 1
258
1 8 1
264
3 34 1
266
1 16 1
267
3 27 1
271
5 10 1
272
1 17 1
277
1 15 1
278
1 12 1
279
1 31 1
281
2 26 1
286
1 22 1
287
1 17 1
289
1 20 1
292
1 16 1
293
4 32 1
296
3 24 1
297
1 25 1
298
