700 344 1085 47
17 33 20 40 16 30 20 19 17 39 22 11 22 26 34 40 22 22 15 26 17 11 34 23 19 31 23 17 21 39 25 17 14 30 30 27 11 11 24 32 37 35 18 32 13 11 25 24 34 20 23 28 11 30 32 26 16 35 31 33 22 39 33 38 40 24 24 14 24 37 28 14 39 33 14 24 27 27 25 18 36 16 19 26 20 31 12 16 31 39 37 23 31 39 21 11 22 35 36 31 33 27 26 25 30 23 35 22 32 35 11 28 40 20 15 34 30 38 40 30 30 33 38 31 22 36 25 15 34 15 17 11 19 11 21 28 30 32 27 37 11 25 37 28 14 38 29 25 32 38 30 40 12 24 16 25 30 19 31 27 24 12 20 28 28 26 17 38 21 26 20 27 14 15 14 15 34 26 23 39 17 26 35 33 33 39 28 27 14 29 22 35 24 13 14 39 32 37 15 19 31 11 39 36 31 16 11 36 24 11 35 29 16 36 36 14 27 16 30 32 35 34 22 26 31 26 17 28 25 23 28 37 25 24 33 30 30 24 16 32 20 15 18 13 26 20 31 14 13 22 13 33 11 17 12 28 13 35 21 24 34 28 30 21 40 24 25 34 18 31 36 14 33 13 27 22 17 15 38 35 29 18 28 34 12 11 20 15 39 39 25 40 20 19 38 27 16 14 15 27 21 19 15 26 26 28 38 30 12 24 14 14 21 39 38 16 29 20 18 21 38 24 31 35 28 32 31 38 22 22 18 31 30 38 14 22 16 12 40 35 31 22 32 12 11 22 29 34 34 37 32 22 29 32 39 17 15 13 25 21 15 37 36 18 34 12 15 25 22 18 16 23 14 24 26 25 39 13 20 11 31 22 16 24 20 35 29 37 13 25 22 14 23 38 26 30 11 18 11 19 22 30 38 34 19 22 39 14 12 30 40 36 13 32 40 28 21 18 35 40 40 20 21 22 23 34 31 11 16 13 13 22 18 12 22 39 15 20 29 13 30 22 12 22 29 40 28 11 31 34 39 12 11 40 25 29 17 30 27 13 31 18 16 12 38 17 28 15 29 27 27 17 39 37 33 12 36 20 25 31 39 20 19 30 40 30 37 13 39 15 36 40 34 22 14 14 25 38 27 11 38 20 30 12 22 31 27 25 16 28 24 32 32 26 23 34 14 26 34 37 18 24 16 20 13 16 11 17 21 29 26 13 27 13 25 17 18 25 18 14 34 14 11 23 32 20 26 31 23 37 33 15 25 28 20 18 19 17 31 19 26 26 36 35 21 22 35 39 34 28 12 11 25 37 14 23 33 16 16 25 30 15 13 27 17 18 32 12 14 26 23 29 35 26 31 21 20 16 14 30 28 25 23 19 14 14 13 19 17 37 38 15 35 20 22 37 39 40 27 24 12 29 23 28 20 40 34 25 22 27 31 27 27 26 25 33 22 35 33 27 23 30 28 34 24 27 13 39 39 17 18 24 13 17 17 22 33 17 16 15 34 36 11 19 22 39 14 24 33 35 25 27 28 36 16 18 22 20 20 25 34 27 15 27 15 33 35 14 12 36 13 27 15 17 20 40 32 36 12 17
7 23 10 30 6 20 10 9 7 29 12 1 12 16 24 30 12 12 5 16 7 1 24 13 9 21 13 7 11 29 15 7 4 20 20 17 1 1 14 22 27 25 8 22 3 1 15 14 24 10 13 18 1 20 22 16 6 25 21 23 12 29 23 28 30 14 14 4 14 27 18 4 29 23 4 14 17 17 15 8 26 6 9 16 10 21 2 6 21 29 27 13 21 29 11 1 12 25 26 21 23 17 16 15 20 13 25 12 22 25 1 18 30 10 5 24 20 28 30 20 20 23 28 21 12 26 15 5 24 5 7 1 9 1 11 18 20 22 17 27 1 15 27 18 4 28 19 15 22 28 20 30 2 14 6 15 20 9 21 17 14 2 10 18 18 16 7 28 11 16 10 17 4 5 4 5 24 16 13 29 7 16 25 23 23 29 18 17 4 19 12 25 14 3 4 29 22 27 5 9 21 1 29 26 21 6 1 26 14 1 25 19 6 26 26 4 17 6 20 22 25 24 12 16 21 16 7 18 15 13 18 27 15 14 23 20 20 14 6 22 10 5 8 3 16 10 21 4 3 12 3 23 1 7 2 18 3 25 11 14 24 18 20 11 30 14 15 24 8 21 26 4 23 3 17 12 7 5 28 25 19 8 18 24 2 1 10 5 29 29 15 30 10 9 28 17 6 4 5 17 11 9 5 16 16 18 28 20 2 14 4 4 11 29 28 6 19 10 8 11 28 14 21 25 18 22 21 28 12 12 8 21 20 28 4 12 6 2 30 25 21 12 22 2 1 12 19 24 24 27 22 12 19 22 29 7 5 3 15 11 5 27 26 8 24 2 5 15 12 8 6 13 4 14 16 15 29 3 10 1 21 12 6 14 10 25 19 27 3 15 12 4 13 28 16 20 1 8 1 9 12 20 28 24 9 12 29 4 2 20 30 26 3 22 30 18 11 8 25 30 30 10 11 12 13 24 21 1 6 3 3 12 8 2 12 29 5 10 19 3 20 12 2 12 19 30 18 1 21 24 29 2 1 30 15 19 7 20 17 3 21 8 6 2 28 7 18 5 19 17 17 7 29 27 23 2 26 10 15 21 29 10 9 20 30 20 27 3 29 5 26 30 24 12 4 4 15 28 17 1 28 10 20 2 12 21 17 15 6 18 14 22 22 16 13 24 4 16 24 27 8 14 6 10 3 6 1 7 11 19 16 3 17 3 15 7 8 15 8 4 24 4 1 13 22 10 16 21 13 27 23 5 15 18 10 8 9 7 21 9 16 16 26 25 11 12 25 29 24 18 2 1 15 27 4 13 23 6 6 15 20 5 3 17 7 8 22 2 4 16 13 19 25 16 21 11 10 6 4 20 18 15 13 9 4 4 3 9 7 27 28 5 25 10 12 27 29 30 17 14 2 19 13 18 10 30 24 15 12 17 21 17 17 16 15 23 12 25 23 17 13 20 18 24 14 17 3 29 29 7 8 14 3 7 7 12 23 7 6 5 24 26 1 9 12 29 4 14 23 25 15 17 18 26 6 8 12 10 10 15 24 17 5 17 5 23 25 4 2 26 3 17 5 7 10 30 22 26 2 7
3 11 14
332 294 528 628 688 131 350 90 225 476 615 204 241 679
9 14 20
409 353 66 226 244 58 195 277 626 245 113 358 313 681 149 290 128 524 125 449
0 11 4
256 228 553 17
0 12 4
257 538 276 252
1 8 10
145 286 589 210 70 249 374 11 464 657
2 11 9
513 609 446 317 646 43 38 642 42
0 1 3
440 542 454
0 2 5
185 632 394 211 526
3 9 9
436 82 581 551 303 433 690 251 571
1 8 5
376 603 142 422 297
1 20 14
388 20 465 214 116 295 54 1 364 254 519 371 87 107
1 15 5
651 521 357 525 0
0 17 8
413 483 98 102 617 424 498 561
0 4 7
65 34 356 151 504 316 217
1 15 5
487 672 559 236 262
4 9 13
186 120 372 616 348 109 496 163 393 468 35 426 407
0 20 5
461 587 677 287 261
1 19 4
201 695 169 459
2 12 9
240 78 121 118 108 67 517 234 648
0 7 2
402 278
1 13 8
480 396 414 311 557 455 199 404
2 11 13
644 130 209 27 360 178 594 664 381 485 242 172 181
0 15 3
164 361 365
5 14 14
421 347 671 418 282 179 680 19 177 613 439 328 384 530
0 20 1
44
2 18 7
238 573 574 93 359 416 578
0 13 10
260 470 619 482 370 662 160 315 473 676
0 10 5
331 643 342 355 600
1 19 11
625 200 434 94 627 95 271 224 539 37 560
0 11 3
25 275 448
0 16 2
243 489
3 5 10
326 50 144 180 8 69 97 22 264 267
0 4 4
430 283 631 638
2 13 6
412 208 463 665 674 584
0 9 7
80 405 150 428 491 153 340
2 7 6
630 586 698 406 81 133
2 19 12
689 612 544 166 650 580 75 165 379 579 45 415
3 28 2
2 266
3 24 2
3 300
2 24 1
4
6 34 2
5 15
1 28 1
6
1 15 1
7
6 28 1
9
2 30 3
10 533 685
5 20 1
12
6 30 2
13 280
11 19 1
14
11 16 3
16 124 367
3 35 2
18 325
17 19 1
21
6 31 3
23 329 637
1 18 1
24
1 13 2
26 620
5 26 1
28
7 6 3
29 105 635
2 20 1
30
11 20 2
31 510
3 24 2
32 442
5 27 3
33 161 471
5 26 1
36
12 18 2
39 64
8 21 3
40 478 547
3 19 1
41
2 26 1
46
3 32 1
47
3 14 1
48
2 29 1
49
3 18 1
51
2 18 2
52 566
1 13 2
53 441
1 39 1
55
2 34 2
56 555
1 33 3
57 351 362
2 28 1
59
1 8 2
60 604
7 26 1
61
7 23 4
62 176 343 562
4 20 1
63
3 22 2
68 85
5 24 1
71
3 26 1
72
6 20 2
73 447
3 15 2
74 159
2 28 1
76
6 12 1
77
1 16 2
79 500
11 24 4
83 291 456 477
9 22 2
84 284
2 19 1
86
2 31 1
88
3 20 2
89 499
6 33 1
91
1 24 1
92
2 29 2
96 378
2 31 1
99
5 22 1
100
3 23 2
101 302
9 25 1
103
3 25 1
104
2 16 1
106
2 31 3
110 135 301
3 13 2
111 205
1 18 1
112
5 37 1
114
6 26 2
115 686
1 10 1
117
5 30 1
119
1 26 2
122 687
3 24 2
123 438
11 21 1
126
6 25 1
127
6 22 2
129 509
12 16 1
132
6 29 2
134 469
1 21 1
136
1 16 1
137
1 18 1
138
3 13 1
139
2 29 1
140
1 11 1
141
2 32 1
143
5 19 2
146 227
3 33 2
147 321
3 33 2
148 354
6 33 2
152 556
6 34 1
154
7 9 2
155 307
3 28 2
156 593
5 33 2
157 568
1 34 1
158
5 27 2
162 190
4 26 2
167 299
3 11 2
168 520
2 28 1
170
19 28 1
171
7 10 3
173 198 552
1 31 1
174
2 22 2
175 512
5 32 1
182
2 25 2
183 298
2 30 2
184 429
2 39 1
187
1 23 1
188
3 17 2
189 608
2 24 2
191 458
8 19 1
192
11 30 3
193 221 611
2 25 1
194
1 31 1
196
2 30 2
197 403
6 19 1
202
6 28 3
203 296 391
6 28 1
206
2 24 2
207 565
3 12 1
212
6 30 1
213
6 16 1
215
7 26 2
216 423
3 29 2
218 629
6 18 1
219
2 36 3
220 506 621
1 24 1
222
11 27 2
223 401
5 16 2
229 363
3 16 1
230
1 9 1
231
3 27 2
232 279
1 21 1
233
1 16 1
235
17 19 4
237 385 597 649
11 25 2
239 618
2 29 1
246
2 29 2
247 320
3 17 1
248
1 29 1
250
2 31 1
253
5 32 1
255
2 24 1
258
3 22 1
259
1 19 1
263
3 38 3
265 345 432
2 34 1
268
6 23 1
269
3 16 2
270 558
1 30 1
272
2 29 1
273
11 25 2
274 567
4 21 1
281
11 18 2
285 622
3 13 1
288
1 16 2
289 541
1 40 1
292
3 32 2
293 570
2 21 1
304
3 24 1
305
7 22 2
306 400
1 30 1
308
12 16 1
309
2 28 1
310
3 25 1
312
7 15 1
314
1 37 1
318
3 39 2
319 344
2 14 1
322
3 39 2
323 675
2 23 1
324
1 24 1
327
15 14 2
330 605
1 29 1
333
7 27 2
334 543
1 26 1
335
1 14 1
336
5 19 2
337 444
5 17 2
338 537
1 27 1
339
3 32 1
341
11 22 1
346
1 29 2
349 399
1 12 1
352
2 15 1
366
7 28 1
368
1 16 1
369
1 22 1
373
6 27 1
375
6 37 1
377
1 29 1
380
6 32 2
382 550
7 29 1
383
1 23 1
386
6 30 1
387
2 11 2
389 660
2 39 1
390
6 20 1
392
3 27 1
395
5 18 1
397
3 31 1
398
5 27 1
408
7 15 1
410
1 29 1
411
2 16 1
417
5 28 1
419
15 23 1
420
1 17 1
425
2 24 1
427
11 21 2
431 518
1 39 1
435
1 18 1
437
1 30 1
443
9 20 1
445
2 32 2
450 493
2 37 1
451
3 15 2
452 475
1 18 1
453
2 18 1
457
6 26 1
460
5 21 1
462
1 24 1
466
5 20 2
467 503
8 15 1
472
3 9 3
474 647 669
1 3 1
479
11 22 1
481
15 23 2
484 696
5 21 1
486
7 19 1
488
2 20 1
490
4 24 1
492
11 17 1
494
6 20 1
495
1 21 1
497
6 25 1
501
6 22 1
502
11 27 1
505
9 29 1
507
6 26 1
508
2 32 1
511
1 11 1
514
1 20 1
515
6 31 1
516
1 32 1
522
11 18 2
523 602
6 30 1
527
1 9 2
529 540
6 28 1
531
1 33 1
532
7 24 1
534
3 18 1
535
2 22 1
536
5 19 1
545
4 23 1
546
1 26 2
548 564
7 10 1
549
6 29 2
554 591
12 23 1
563
3 17 1
569
3 19 1
572
5 38 1
575
2 33 1
576
3 28 1
577
1 23 1
582
2 19 2
583 634
1 26 1
585
2 31 1
588
2 26 2
590 658
3 22 1
592
6 38 1
595
7 33 1
596
1 27 2
598 699
5 33 1
599
8 13 2
601 656
1 15 1
606
3 27 1
607
6 24 1
610
5 24 1
614
3 27 1
623
2 30 1
624
3 29 1
633
3 23 1
636
3 23 1
639
2 25 1
640
2 35 1
641
1 39 1
645
11 25 1
652
1 13 1
653
6 30 1
654
2 26 1
655
2 23 1
659
5 23 1
661
1 15 1
663
1 20 1
666
3 22 1
667
11 29 1
668
1 21 1
670
2 23 1
673
3 31 1
678
1 24 1
682
3 24 1
683
5 30 1
684
1 18 1
691
9 16 1
692
3 29 1
693
5 34 1
694
2 15 1
697
