300 198 465 20
35 14 28 18 22 28 21 37 24 35 23 19 26 28 38 28 23 13 19 17 27 40 17 34 31 24 13 34 23 30 14 22 39 12 14 29 15 27 24 28 19 25 40 24 39 20 31 25 29 11 31 14 36 11 30 37 15 29 30 14 34 21 24 40 21 13 17 17 27 13 24 20 30 18 23 30 39 31 30 19 17 16 16 19 19 31 30 31 38 26 15 22 15 18 26 16 25 15 35 17 38 15 18 18 19 33 37 30 27 16 30 18 16 34 34 31 40 30 32 12 29 21 24 13 22 17 32 38 39 15 33 38 38 13 20 18 15 37 26 14 20 37 31 27 11 35 27 13 27 30 32 39 21 27 21 18 17 26 28 11 18 36 23 27 28 38 40 35 11 12 28 16 16 31 30 27 29 21 27 29 32 33 36 14 30 28 26 24 25 23 20 15 23 39 29 17 23 11 17 13 28 25 18 21 29 31 16 29 13 18 25 16 40 20 11 26 40 22 24 35 24 37 35 35 38 31 21 29 18 26 18 22 22 31 16 25 37 28 39 31 40 37 35 19 24 15 32 28 37 31 26 30 29 40 12 26 31 29 18 15 29 11 14 28 25 28 30 38 22 23 28 26 37 23 12 35 11 33 35 31 32 18 36 27 27 18 30 35 15 12 19 27 33 18 39 20 22 21 14 21
25 4 18 8 12 18 11 27 14 25 13 9 16 18 28 18 13 3 9 7 17 30 7 24 21 14 3 24 13 20 4 12 29 2 4 19 5 17 14 18 9 15 30 14 29 10 21 15 19 1 21 4 26 1 20 27 5 19 20 4 24 11 14 30 11 3 7 7 17 3 14 10 20 8 13 20 29 21 20 9 7 6 6 9 9 21 20 21 28 16 5 12 5 8 16 6 15 5 25 7 28 5 8 8 9 23 27 20 17 6 20 8 6 24 24 21 30 20 22 2 19 11 14 3 12 7 22 28 29 5 23 28 28 3 10 8 5 27 16 4 10 27 21 17 1 25 17 3 17 20 22 29 11 17 11 8 7 16 18 1 8 26 13 17 18 28 30 25 1 2 18 6 6 21 20 17 19 11 17 19 22 23 26 4 20 18 16 14 15 13 10 5 13 29 19 7 13 1 7 3 18 15 8 11 19 21 6 19 3 8 15 6 30 10 1 16 30 12 14 25 14 27 25 25 28 21 11 19 8 16 8 12 12 21 6 15 27 18 29 21 30 27 25 9 14 5 22 18 27 21 16 20 19 30 2 16 21 19 8 5 19 1 4 18 15 18 20 28 12 13 18 16 27 13 2 25 1 23 25 21 22 8 26 17 17 8 20 25 5 2 9 17 23 8 29 10 12 11 4 11
1 18 3
34 250 208
0 20 4
105 37 223 171
0 19 4
286 215 270 222
0 1 2
23 281
1 13 6
115 75 90 1 2 207
0 4 2
274 158
0 11 1
197
0 10 7
165 265 181 153 131 81 130
1 5 7
64 203 218 59 92 231 5
0 10 2
151 297
0 9 6
159 76 83 216 292 56
0 16 3
248 44 138
0 13 3
104 43 288
0 12 2
103 48
0 12 4
107 113 137 160
0 4 4
52 77 243 157
1 18 4
191 17 253 213
0 8 1
14
0 16 3
238 98 206
1 14 4
168 291 189 78
0 4 2
51 269
0 7 3
154 296 63
1 7 5
254 112 179 205 28
0 20 4
239 186 210 293
2 19 4
178 190 260 18
1 19 5
140 226 268 249 163
1 15 3
149 221 3
0 6 1
145
1 15 4
22 282 284 93
2 19 5
161 217 251 241 194
1 6 4
42 143 94 180
1 5 4
235 199 9 225
1 6 3
289 214 38
4 21 1
0
1 30 1
4
1 29 1
6
3 33 1
7
1 37 1
8
2 26 2
10 234
1 36 1
11
2 28 1
12
4 31 1
13
1 23 1
15
2 25 1
16
5 24 1
19
1 38 2
20 233
1 20 1
21
5 25 1
24
2 18 1
25
3 21 1
26
3 17 1
27
5 24 2
29 202
1 38 2
30 230
1 4 1
31
1 34 1
32
2 24 1
33
2 27 1
35
2 22 1
36
2 37 2
39 224
7 26 1
40
2 29 1
41
3 21 1
45
1 39 1
46
1 9 1
47
4 22 1
49
5 12 1
50
2 14 1
53
1 33 1
54
5 25 1
55
2 26 1
57
2 25 1
58
1 32 1
60
4 21 1
61
1 32 1
62
2 35 1
65
1 30 1
66
1 23 1
67
2 20 1
68
1 33 1
69
2 24 1
70
1 29 1
71
2 23 1
72
3 23 1
73
2 38 1
74
3 34 1
79
1 9 1
80
5 24 1
82
1 23 1
84
2 25 1
85
1 17 2
86 283
5 13 2
87 128
1 37 1
88
1 29 1
89
3 5 1
91
2 32 1
95
2 21 1
96
1 24 1
97
4 34 2
99 133
2 37 1
100
2 24 1
101
1 33 1
102
2 17 2
106 162
1 30 2
108 211
5 32 2
109 185
3 25 1
110
3 23 1
111
1 12 1
114
1 18 1
116
1 20 1
117
1 38 1
118
2 27 1
119
1 36 1
120
2 17 1
121
3 26 1
122
1 26 1
123
1 24 1
124
1 17 1
125
1 37 1
126
3 21 1
127
2 32 1
129
3 12 1
132
2 26 1
134
4 21 1
135
2 34 1
136
5 23 1
139
1 10 1
141
3 20 2
142 295
1 28 1
144
3 17 1
146
1 24 1
147
1 36 1
148
1 23 1
150
3 19 1
152
1 28 1
155
1 27 1
156
2 25 2
164 259
4 34 1
166
1 26 1
167
2 10 1
169
1 10 1
170
2 19 1
172
1 25 1
173
2 17 2
174 188
2 11 1
175
2 11 1
176
2 25 1
177
2 12 1
182
3 16 1
183
2 33 1
184
1 31 1
187
1 22 1
192
3 7 1
193
2 21 1
195
3 20 1
196
2 15 2
198 280
2 13 1
200
1 23 1
201
4 35 1
204
3 32 1
209
1 17 1
212
2 12 1
219
3 20 1
220
2 22 1
227
1 19 1
228
3 18 1
229
1 36 1
232
1 16 1
236
3 17 1
237
2 26 1
240
2 24 1
242
1 28 1
244
1 15 1
245
3 33 1
246
1 39 1
247
2 11 1
252
1 39 1
255
1 26 1
256
2 21 2
257 277
2 34 1
258
3 33 1
261
3 9 1
262
1 39 1
263
1 29 1
264
2 25 1
266
1 27 1
267
2 13 1
271
1 11 1
272
2 38 1
273
2 14 1
275
5 19 1
276
1 29 1
278
5 32 1
279
3 17 1
285
2 20 1
287
5 38 1
290
1 27 1
294
4 28 1
298
3 22 1
299
