500 264 775 33
20 30 17 31 27 37 16 29 29 24 15 18 35 18 31 39 21 36 14 15 29 29 15 25 19 38 31 35 23 23 17 27 29 33 16 37 37 36 14 22 15 20 36 11 14 26 18 16 34 13 16 24 18 11 29 18 12 23 25 21 19 11 22 33 19 25 20 28 37 13 19 35 27 18 11 21 39 25 39 28 30 40 12 15 39 37 19 15 17 25 39 14 20 31 27 40 19 30 20 39 36 37 20 40 21 15 40 34 28 16 25 30 13 39 24 18 34 16 38 23 12 30 17 29 14 32 11 32 23 36 22 30 13 29 29 23 22 13 34 20 32 32 23 34 21 20 17 38 35 27 38 20 16 15 16 26 11 25 29 14 11 11 19 21 13 18 33 31 34 13 20 18 21 24 11 13 28 25 19 32 18 20 25 28 13 17 20 38 32 39 38 30 29 15 32 39 38 35 33 27 15 40 27 14 16 14 37 16 16 37 24 34 17 12 36 32 33 32 35 20 11 17 38 40 12 22 27 40 38 16 19 24 31 21 18 38 34 17 39 34 26 25 22 12 32 11 20 39 36 24 33 12 33 17 21 15 38 31 39 24 29 38 12 20 33 34 25 37 40 32 30 27 16 29 13 29 31 26 38 23 24 29 25 24 40 25 30 18 22 19 16 40 25 19 19 33 14 20 31 27 38 24 36 40 24 17 30 37 19 22 15 29 30 38 21 36 30 24 27 26 31 27 13 29 23 35 17 30 25 23 32 13 21 32 29 35 12 25 24 12 21 28 36 29 20 25 37 35 34 25 38 22 32 19 13 30 32 33 25 32 32 15 11 17 40 16 13 16 26 37 19 26 22 39 12 22 39 25 21 13 15 17 26 39 12 32 15 13 17 27 19 39 33 38 27 22 35 19 18 12 15 20 24 30 32 33 19 27 30 26 40 15 16 25 36 35 19 39 11 34 14 24 22 12 14 34 12 20 39 14 11 32 37 17 23 13 36 34 16 39 38 34 13 17 17 37 22 30 32 21 36 21 18 18 12 34 28 21 14 35 18 38 35 38 38 20 24 17 31 12 15 22 36 37 33 18 19 17 28 24 18 35 37 22 26 26 32 11 20 31 26 38 36 37 39 26 35 18 33 22
10 20 7 21 17 27 6 19 19 14 5 8 25 8 21 29 11 26 4 5 19 19 5 15 9 28 21 25 13 13 7 17 19 23 6 27 27 26 4 12 5 10 26 1 4 16 8 6 24 3 6 14 8 1 19 8 2 13 15 11 9 1 12 23 9 15 10 18 27 3 9 25 17 8 1 11 29 15 29 18 20 30 2 5 29 27 9 5 7 15 29 4 10 21 17 30 9 20 10 29 26 27 10 30 11 5 30 24 18 6 15 20 3 29 14 8 24 6 28 13 2 20 7 19 4 22 1 22 13 26 12 20 3 19 19 13 12 3 24 10 22 22 13 24 11 10 7 28 25 17 28 10 6 5 6 16 1 15 19 4 1 1 9 11 3 8 23 21 24 3 10 8 11 14 1 3 18 15 9 22 8 10 15 18 3 7 10 28 22 29 28 20 19 5 22 29 28 25 23 17 5 30 17 4 6 4 27 6 6 27 14 24 7 2 26 22 23 22 25 10 1 7 28 30 2 12 17 30 28 6 9 14 21 11 8 28 24 7 29 24 16 15 12 2 22 1 10 29 26 14 23 2 23 7 11 5 28 21 29 14 19 28 2 10 23 24 15 27 30 22 20 17 6 19 3 19 21 16 28 13 14 19 15 14 30 15 20 8 12 9 6 30 15 9 9 23 4 10 21 17 28 14 26 30 14 7 20 27 9 12 5 19 20 28 11 26 20 14 17 16 21 17 3 19 13 25 7 20 15 13 22 3 11 22 19 25 2 15 14 2 11 18 26 19 10 15 27 25 24 15 28 12 22 9 3 20 22 23 15 22 22 5 1 7 30 6 3 6 16 27 9 16 12 29 2 12 29 15 11 3 5 7 16 29 2 22 5 3 7 17 9 29 23 28 17 12 25 9 8 2 5 10 14 20 22 23 9 17 20 16 30 5 6 15 26 25 9 29 1 24 4 14 12 2 4 24 2 10 29 4 1 22 27 7 13 3 26 24 6 29 28 24 3 7 7 27 12 20 22 11 26 11 8 8 2 24 18 11 4 25 8 28 25 28 28 10 14 7 21 2 5 12 26 27 23 8 9 7 18 14 8 25 27 12 16 16 22 1 10 21 16 28 26 27 29 16 25 8 23 12
1 9 4
132 171 27 268
0 10 5
280 315 24 4 93
3 19 7
73 52 112 433 406 225 146
0 10 3
264 95 104
0 12 3
201 344 336
0 15 5
256 74 341 289 402
0 17 7
291 119 372 41 3 109 218
0 3 7
465 197 64 295 314 305 159
0 6 7
421 101 419 71 103 16 287
4 12 12
363 224 428 28 176 55 321 473 125 129 382 432
0 8 1
245
2 1 7
349 263 485 94 409 366 222
2 7 11
393 48 456 116 411 83 234 181 331 29 385
2 14 8
313 328 37 397 60 21 389 7
1 2 8
106 441 422 208 330 45 292 446
0 7 3
153 217 66
3 20 8
319 302 25 358 143 57 236 255
0 5 2
195 438
1 18 4
19 49 80 15
0 12 4
10 360 258 79
0 4 2
412 480
0 8 5
304 202 375 343 152
0 3 4
137 470 376 175
1 16 3
147 127 164
2 6 7
448 439 31 192 213 394 348
0 4 13
497 242 239 484 56 481 87 265 136 246 172 384 44
2 1 9
447 270 220 261 35 266 272 254 243
1 1 11
36 134 122 476 34 277 386 472 477 249 161
0 19 3
157 178 486
1 17 6
11 326 278 1 131 464
3 8 12
108 123 135 450 383 352 165 350 22 173 410 355
2 4 1
0
2 12 1
2
1 26 1
5
1 22 1
6
1 9 1
8
5 3 1
9
2 25 2
12 118
4 22 1
13
1 5 1
14
1 35 2
17 117
2 5 1
18
2 21 2
20 401
1 10 1
23
1 14 1
26
3 31 2
30 189
1 11 1
32
4 26 2
33 288
1 13 1
38
2 21 1
39
2 12 1
40
9 20 2
42 437
3 6 2
43 364
5 19 2
46 466
2 31 2
47 273
2 32 2
50 183
2 15 1
51
2 15 1
53
1 26 3
54 170 247
4 9 2
58 427
2 5 1
59
2 23 3
61 91 269
1 19 1
62
4 7 3
63 96 469
1 15 2
65 333
2 20 1
67
3 25 1
68
10 18 2
69 111
8 26 1
70
1 29 1
72
12 37 2
75 238
4 13 2
76 458
4 4 1
77
2 23 1
78
3 31 1
81
5 8 2
82 248
5 9 1
84
5 21 2
85 282
1 5 1
86
2 22 1
88
1 19 1
89
1 9 1
90
1 14 1
92
1 13 1
97
1 29 1
98
2 13 1
99
3 8 1
100
1 17 1
102
1 25 1
105
1 25 1
107
2 18 1
110
1 16 1
113
2 4 2
114 185
8 29 2
115 377
1 23 1
120
8 23 2
121 267
3 11 1
124
3 21 1
126
3 14 1
128
1 12 3
130 231 463
1 6 2
133 457
2 14 2
138 379
1 32 1
139
7 10 1
140
2 30 1
141
10 19 1
142
2 29 1
144
2 18 1
145
2 21 2
148 160
3 25 1
149
4 9 1
150
1 11 3
151 442 499
1 23 2
154 346
6 27 1
155
8 25 2
156 496
10 25 2
158 260
1 11 1
162
2 31 1
163
2 19 1
166
2 18 1
167
1 13 2
168 370
3 10 1
169
4 12 2
174 281
1 21 1
177
3 17 1
179
3 32 1
180
1 8 1
182
8 10 1
184
1 11 2
186 296
8 35 2
187 332
1 9 2
188 325
8 36 1
190
4 12 2
191 297
7 9 1
193
1 12 1
194
6 25 1
196
1 11 3
198 414 445
7 2 2
199 373
2 9 1
200
5 16 1
203
1 9 1
204
11 32 2
205 493
3 17 1
206
1 28 2
207 223
1 21 1
209
3 9 1
210
1 14 1
211
9 34 1
212
8 20 1
214
3 36 1
215
7 25 1
216
1 11 3
219 342 431
1 16 1
221
4 22 1
226
1 35 2
227 475
8 27 1
228
2 20 1
229
3 29 1
230
1 19 1
232
1 15 1
233
10 7 1
235
9 33 2
237 396
2 18 1
240
6 16 1
241
3 21 1
244
8 17 1
250
2 29 1
251
7 24 1
252
3 27 2
253 306
3 25 1
257
5 18 1
259
2 8 1
262
3 21 1
271
2 25 1
274
2 34 1
275
5 14 1
276
8 23 1
279
2 32 1
283
11 30 3
284 294 354
7 30 2
285 337
8 37 1
286
4 19 2
290 390
1 21 2
293 435
1 16 3
298 347 398
1 13 1
299
5 7 1
300
2 28 1
301
1 11 1
303
3 26 1
307
2 17 1
308
5 21 2
309 351
2 11 1
310
6 23 1
311
1 15 1
312
1 30 1
316
2 35 1
317
6 8 3
318 322 455
1 27 1
320
1 10 2
323 440
2 26 1
324
2 10 1
327
1 16 1
329
4 14 3
334 399 451
2 17 1
335
1 28 2
338 405
2 31 2
339 449
2 22 1
340
6 24 1
345
1 36 1
353
1 30 1
356
2 24 1
357
1 13 1
359
4 20 1
361
1 26 2
362 452
2 13 2
365 495
4 18 1
367
1 13 1
368
1 23 1
369
4 21 1
371
1 20 1
374
8 9 1
378
5 19 3
380 434 461
2 20 2
381 429
2 29 1
387
2 13 1
388
2 32 1
391
5 10 1
392
2 23 1
395
1 22 1
400
3 35 1
403
1 27 1
404
7 7 1
407
2 5 2
408 424
8 22 1
413
10 20 1
415
7 18 1
416
1 24 1
417
7 20 1
418
2 33 1
420
3 7 2
423 436
7 19 1
425
1 22 1
426
5 11 1
430
7 21 1
443
1 24 1
444
2 23 1
453
7 15 1
454
1 22 1
459
1 17 1
460
1 19 1
462
8 21 1
467
1 27 1
468
4 15 1
471
1 19 1
474
2 31 1
478
5 9 1
479
4 10 2
482 488
1 15 1
483
1 13 1
487
1 27 2
489 498
2 20 1
490
1 27 1
491
1 20 1
492
2 10 1
494
