500 269 775 33
21 33 24 30 13 23 36 20 19 24 35 30 12 11 40 23 40 29 18 24 16 13 32 11 24 39 31 13 22 39 16 11 22 24 15 26 16 26 18 34 14 27 36 35 29 38 38 15 33 19 29 20 19 29 30 13 19 34 20 23 29 33 36 16 24 23 34 12 39 40 38 31 39 11 13 29 38 20 15 39 18 30 28 33 29 25 12 27 22 28 29 11 15 13 38 33 34 33 34 29 12 25 29 31 34 24 28 12 15 27 18 22 22 29 29 16 26 25 26 18 37 35 38 25 23 26 36 22 27 35 15 24 16 34 17 12 20 24 24 14 32 30 39 12 15 13 13 34 28 13 20 24 13 35 26 38 26 32 36 28 33 39 34 15 17 30 24 14 39 36 30 28 27 29 22 36 13 17 24 38 16 19 36 38 40 27 35 28 27 34 14 22 27 26 32 21 28 39 19 32 19 33 15 30 37 30 36 30 34 29 30 33 29 11 17 15 31 39 30 31 14 38 15 36 20 14 25 19 37 31 18 38 37 11 26 32 33 29 38 22 11 18 11 23 26 35 15 21 11 19 22 39 35 18 25 12 25 14 22 14 11 39 18 20 16 15 13 36 15 34 26 27 21 24 20 25 22 36 25 19 20 29 37 38 36 40 37 11 17 25 40 32 36 37 24 20 38 38 21 20 39 24 21 19 31 21 18 35 23 29 25 12 37 37 16 19 23 23 39 38 36 19 30 28 32 14 13 37 28 35 20 20 21 14 15 24 36 33 25 32 28 22 28 31 20 34 34 31 40 24 25 27 38 35 19 21 24 16 25 15 31 29 15 38 30 26 36 20 27 36 22 19 18 36 13 15 23 22 28 29 38 40 33 15 17 31 40 36 26 13 34 33 36 17 29 37 16 35 32 35 32 20 15 22 14 11 12 33 24 14 36 38 26 11 18 39 23 31 19 39 25 32 24 12 30 28 35 12 27 39 33 27 14 34 28 16 20 24 38 11 28 27 39 32 24 39 20 21 33 34 32 11 21 40 34 24 16 29 26 25 34 22 27 14 36 34 11 21 36 25 40 17 12 23 35 38 34 28 34 25 13 18 40 12 35 38 24 19 40 36 13 23 16 37 36 40 19 18 31 14
11 23 14 20 3 13 26 10 9 14 25 20 2 1 30 13 30 19 8 14 6 3 22 1 14 29 21 3 12 29 6 1 12 14 5 16 6 16 8 24 4 17 26 25 19 28 28 5 23 9 19 10 9 19 20 3 9 24 10 13 19 23 26 6 14 13 24 2 29 30 28 21 29 1 3 19 28 10 5 29 8 20 18 23 19 15 2 17 12 18 19 1 5 3 28 23 24 23 24 19 2 15 19 21 24 14 18 2 5 17 8 12 12 19 19 6 16 15 16 8 27 25 28 15 13 16 26 12 17 25 5 14 6 24 7 2 10 14 14 4 22 20 29 2 5 3 3 24 18 3 10 14 3 25 16 28 16 22 26 18 23 29 24 5 7 20 14 4 29 26 20 18 17 19 12 26 3 7 14 28 6 9 26 28 30 17 25 18 17 24 4 12 17 16 22 11 18 29 9 22 9 23 5 20 27 20 26 20 24 19 20 23 19 1 7 5 21 29 20 21 4 28 5 26 10 4 15 9 27 21 8 28 27 1 16 22 23 19 28 12 1 8 1 13 16 25 5 11 1 9 12 29 25 8 15 2 15 4 12 4 1 29 8 10 6 5 3 26 5 24 16 17 11 14 10 15 12 26 15 9 10 19 27 28 26 30 27 1 7 15 30 22 26 27 14 10 28 28 11 10 29 14 11 9 21 11 8 25 13 19 15 2 27 27 6 9 13 13 29 28 26 9 20 18 22 4 3 27 18 25 10 10 11 4 5 14 26 23 15 22 18 12 18 21 10 24 24 21 30 14 15 17 28 25 9 11 14 6 15 5 21 19 5 28 20 16 26 10 17 26 12 9 8 26 3 5 13 12 18 19 28 30 23 5 7 21 30 26 16 3 24 23 26 7 19 27 6 25 22 25 22 10 5 12 4 1 2 23 14 4 26 28 16 1 8 29 13 21 9 29 15 22 14 2 20 18 25 2 17 29 23 17 4 24 18 6 10 14 28 1 18 17 29 22 14 29 10 11 23 24 22 1 11 30 24 14 6 19 16 15 24 12 17 4 26 24 1 11 26 15 30 7 2 13 25 28 24 18 24 15 3 8 30 2 25 28 14 9 30 26 3 13 6 27 26 30 9 8 21 4
0 19 2
202 420
0 2 3
323 328 325
4 14 12
186 378 386 224 348 194 493 310 320 27 3 295
3 3 6
165 244 355 199 152 246
0 7 1
14
1 2 6
452 273 170 79 129 255
0 11 4
58 409 74 277
2 9 6
37 156 216 67 134 66
0 18 3
349 115 197
0 13 5
267 286 311 57 181
2 7 8
482 173 406 498 87 460 160 182
1 11 6
44 178 442 258 417 426
0 17 4
451 8 208 15
2 17 8
497 479 135 470 495 302 397 7
1 2 4
121 220 424 21
0 9 6
461 31 96 362 99 481
0 18 4
354 272 0 471
0 13 9
149 332 97 436 268 346 279 130 36
0 11 3
153 256 32
0 4 1
467
3 13 8
26 95 450 176 494 64 372 260
0 12 9
17 338 179 445 126 73 448 478 88
0 1 4
168 321 133 301
1 2 4
333 184 86 345
0 2 4
371 429 379 232
2 19 7
215 322 380 113 54 308 119
0 14 8
4 132 269 45 300 161 196 252
0 12 3
453 136 118
2 2 7
499 82 398 38 35 217 366
0 9 3
341 370 340
4 7 10
337 29 408 363 374 212 489 280 33 415
1 6 8
81 51 319 20 91 419 274 430
1 9 6
77 69 56 474 421 364
0 6 8
22 444 253 158 177 227 248 78
2 16 6
80 278 492 76 288 157
2 14 5
117 283 229 425 10
0 12 4
376 151 292 291
6 6 1
1
1 14 1
2
8 30 2
5 124
8 24 1
6
1 17 1
9
6 16 2
11 62
10 24 3
12 191 195
2 15 1
13
3 19 1
16
4 32 1
18
2 31 2
19 264
1 25 1
23
1 8 2
24 296
4 35 1
25
2 16 1
28
8 26 2
30 392
6 16 2
34 222
7 16 1
39
3 16 2
40 138
1 22 2
41 90
3 23 1
42
1 29 1
43
6 20 3
46 356 441
2 23 2
47 233
2 29 2
48 259
5 17 2
49 236
3 16 1
50
4 25 2
52 141
3 21 2
53 473
3 20 3
55 243 458
4 20 1
59
2 30 1
60
5 20 1
61
3 20 1
63
7 13 1
65
4 8 1
68
1 24 3
70 140 365
7 21 2
71 422
1 25 2
72 330
2 28 1
75
3 15 1
83
1 31 2
84 336
3 15 2
85 189
6 26 1
89
1 20 2
92 111
1 4 1
93
2 26 1
94
3 19 1
98
4 32 1
100
1 19 4
101 108 139 447
1 26 1
102
2 30 2
103 270
5 10 2
104 159
3 21 2
105 289
1 21 1
106
6 23 1
107
4 24 1
109
5 10 1
110
2 13 1
112
3 16 1
114
1 14 2
116 211
6 18 2
120 265
8 16 2
122 465
6 13 2
123 449
1 31 1
125
3 15 1
127
1 24 2
128 172
6 6 1
131
3 19 1
137
1 19 2
142 454
7 9 1
143
8 21 1
144
2 18 1
145
4 29 1
146
1 25 1
147
1 11 1
148
1 14 1
150
4 12 1
154
4 25 1
155
1 14 2
162 316
3 10 2
163 468
4 29 2
164 313
4 21 1
166
1 16 1
167
1 21 1
169
3 19 2
171 342
6 18 1
174
4 17 2
175 383
3 13 1
180
1 26 1
183
4 24 1
185
6 11 1
187
9 36 1
188
1 28 1
190
3 9 1
192
1 19 1
193
1 23 1
198
2 27 1
200
1 20 1
201
1 18 1
203
1 13 1
204
2 28 1
205
2 22 2
206 275
5 27 1
207
1 16 1
209
7 28 1
210
7 19 1
213
7 9 1
214
7 13 1
218
1 22 1
219
4 20 1
221
3 9 2
223 435
3 4 1
225
1 25 1
226
1 27 1
228
4 13 2
230 433
3 26 1
231
3 8 1
234
7 25 1
235
3 16 1
237
3 14 2
238 373
2 36 1
239
4 31 2
240 432
4 27 1
241
3 8 1
242
1 25 1
245
2 28 1
247
7 11 1
249
4 16 2
250 490
4 19 1
251
1 28 1
254
6 23 1
257
4 13 1
261
3 28 1
262
4 17 1
263
1 33 1
266
5 20 1
271
1 28 1
276
3 4 1
281
3 12 1
282
2 24 1
284
1 24 1
285
2 11 1
287
4 31 2
290 375
1 20 1
293
4 15 1
294
2 21 2
297 396
2 21 1
298
5 26 3
299 457 484
3 30 1
303
1 20 1
304
1 33 1
305
8 23 1
306
3 17 1
307
5 17 1
309
1 11 1
312
1 25 2
314 488
4 11 1
315
1 19 1
317
1 24 1
318
2 15 1
324
4 3 2
326 456
3 31 1
327
1 36 1
329
3 22 1
331
9 21 1
334
1 16 2
335 391
6 13 1
339
5 29 2
343 475
1 26 1
344
8 30 1
347
1 18 1
350
4 14 1
351
3 29 1
352
1 23 1
353
4 25 1
357
1 21 1
358
4 13 1
359
1 26 1
360
4 15 1
361
1 15 1
367
3 18 1
368
3 26 1
369
1 26 1
377
5 15 2
381 412
2 34 2
382 446
9 27 1
384
1 21 2
385 416
4 25 1
387
2 11 1
388
4 17 1
389
4 28 1
390
2 19 2
393 464
2 34 1
394
1 21 1
395
1 28 1
399
1 20 1
400
3 23 1
401
2 25 1
402
4 20 1
403
3 23 1
404
3 14 1
405
4 20 1
407
6 11 1
410
3 21 1
411
2 35 1
413
1 23 1
414
2 20 1
418
3 18 1
423
1 19 2
427 428
3 4 1
431
1 18 1
434
4 10 1
437
3 31 1
438
7 16 1
439
6 22 1
440
3 15 1
443
2 28 1
455
2 16 1
459
4 37 1
462
4 8 1
463
1 27 1
466
1 13 1
469
1 13 1
472
10 20 2
476 485
1 25 1
477
8 9 1
480
1 16 1
483
2 23 1
486
3 7 1
487
8 33 1
491
8 16 1
496
