500 275 775 33
13 31 37 34 25 38 13 39 37 11 27 39 16 21 40 33 38 25 39 19 39 37 32 25 31 40 37 25 30 24 22 31 11 25 15 33 29 18 22 20 33 25 12 16 32 16 20 20 26 30 32 27 40 36 36 39 21 16 31 27 33 17 31 32 40 37 38 30 29 35 31 33 35 13 35 33 24 15 11 31 36 27 38 14 28 11 38 26 36 40 21 20 16 15 17 36 36 34 14 39 33 12 20 13 16 29 29 37 20 25 29 40 36 23 22 29 26 12 18 23 39 38 29 34 12 27 32 39 19 19 12 16 14 29 39 36 32 19 21 15 39 33 30 26 34 34 31 37 19 35 37 15 24 37 27 11 22 19 18 37 15 32 40 20 23 26 36 25 22 28 30 39 28 30 39 29 39 30 29 18 11 29 21 37 17 28 25 19 24 22 17 19 23 39 20 26 34 12 25 22 38 25 14 33 33 35 19 35 13 12 22 40 20 11 18 20 14 37 14 23 40 18 27 30 35 39 25 38 37 31 36 19 23 25 32 14 26 14 30 33 29 36 33 28 23 12 24 38 37 24 33 34 18 26 30 38 23 28 34 15 29 23 18 35 27 36 29 38 14 26 34 17 35 16 25 33 38 25 32 29 33 36 13 28 19 15 33 20 22 30 15 40 11 14 39 37 39 36 20 30 18 24 31 20 32 16 26 28 20 39 24 21 18 23 16 37 40 31 17 22 39 37 39 39 19 38 24 37 13 24 12 28 17 31 36 29 40 30 16 12 26 19 37 33 37 14 11 12 40 20 27 17 24 12 33 11 27 21 12 18 29 23 23 38 12 24 28 12 29 18 12 11 38 14 22 15 36 17 20 16 36 31 21 27 39 11 40 12 30 13 30 19 32 12 37 36 13 19 28 16 25 30 35 27 36 34 33 26 38 28 37 14 27 26 16 19 32 39 24 35 35 40 38 29 33 15 17 38 36 29 31 13 37 23 30 15 36 19 18 14 23 35 13 40 40 39 21 11 27 32 14 38 14 21 34 34 21 22 28 37 35 39 23 22 24 29 34 36 39 33 28 38 14 31 36 30 27 13 17 11 21 28 35 23 24 40 32 37 20 38 18 20 35 31 37 20 36 13 32 40
3 21 27 24 15 28 3 29 27 1 17 29 6 11 30 23 28 15 29 9 29 27 22 15 21 30 27 15 20 14 12 21 1 15 5 23 19 8 12 10 23 15 2 6 22 6 10 10 16 20 22 17 30 26 26 29 11 6 21 17 23 7 21 22 30 27 28 20 19 25 21 23 25 3 25 23 14 5 1 21 26 17 28 4 18 1 28 16 26 30 11 10 6 5 7 26 26 24 4 29 23 2 10 3 6 19 19 27 10 15 19 30 26 13 12 19 16 2 8 13 29 28 19 24 2 17 22 29 9 9 2 6 4 19 29 26 22 9 11 5 29 23 20 16 24 24 21 27 9 25 27 5 14 27 17 1 12 9 8 27 5 22 30 10 13 16 26 15 12 18 20 29 18 20 29 19 29 20 19 8 1 19 11 27 7 18 15 9 14 12 7 9 13 29 10 16 24 2 15 12 28 15 4 23 23 25 9 25 3 2 12 30 10 1 8 10 4 27 4 13 30 8 17 20 25 29 15 28 27 21 26 9 13 15 22 4 16 4 20 23 19 26 23 18 13 2 14 28 27 14 23 24 8 16 20 28 13 18 24 5 19 13 8 25 17 26 19 28 4 16 24 7 25 6 15 23 28 15 22 19 23 26 3 18 9 5 23 10 12 20 5 30 1 4 29 27 29 26 10 20 8 14 21 10 22 6 16 18 10 29 14 11 8 13 6 27 30 21 7 12 29 27 29 29 9 28 14 27 3 14 2 18 7 21 26 19 30 20 6 2 16 9 27 23 27 4 1 2 30 10 17 7 14 2 23 1 17 11 2 8 19 13 13 28 2 14 18 2 19 8 2 1 28 4 12 5 26 7 10 6 26 21 11 17 29 1 30 2 20 3 20 9 22 2 27 26 3 9 18 6 15 20 25 17 26 24 23 16 28 18 27 4 17 16 6 9 22 29 14 25 25 30 28 19 23 5 7 28 26 19 21 3 27 13 20 5 26 9 8 4 13 25 3 30 30 29 11 1 17 22 4 28 4 11 24 24 11 12 18 27 25 29 13 12 14 19 24 26 29 23 18 28 4 21 26 20 17 3 7 1 11 18 25 13 14 30 22 27 10 28 8 10 25 21 27 10 26 3 22 30
1 10 5
78 482 0 321 251
3 11 8
376 142 186 244 12 250 217 219
3 9 7
279 194 391 209 145 288 271
0 4 1
16
3 9 7
262 183 390 71 243 67 91
1 12 6
407 274 248 13 349 148
0 20 2
69 394
0 11 5
241 402 356 246 239
2 9 12
233 107 289 287 200 447 198 58 448 415 64 25
0 6 2
36 334
3 5 9
432 300 218 22 294 89 63 418 85
0 7 2
487 342
1 19 3
291 208 124
3 13 11
298 90 381 476 118 137 147 134 228 423 455
0 14 4
332 302 350 441
4 19 14
227 377 450 457 442 481 5 346 382 232 102 389 128 267
2 5 9
135 326 10 121 496 277 54 138 454
2 7 7
276 305 126 23 140 19 413
0 3 3
176 236 477
0 10 4
245 383 478 458
0 8 2
388 317
0 6 2
11 347
2 13 7
14 152 495 7 240 492 275
0 4 4
26 320 70 338
0 12 1
136
3 20 10
374 60 378 131 470 333 45 211 111 286
0 10 2
4 173
0 8 15
122 411 146 318 47 397 456 66 43 410 343 234 379 409 150
1 6 11
314 355 474 299 479 214 429 405 230 369 174
0 9 2
20 351
0 17 3
155 417 363
0 4 2
172 422
3 7 8
310 87 433 161 373 231 159 311
0 10 4
77 158 464 237
7 29 1
1
4 29 1
2
1 26 1
3
1 14 1
6
1 13 1
8
2 14 1
9
1 28 1
15
2 17 1
17
8 16 4
18 106 249 357
1 18 1
21
2 27 1
24
3 17 2
27 123
2 11 2
28 139
2 16 3
29 392 498
3 22 2
30 192
2 19 2
31 170
4 21 2
32 354
7 17 3
33 93 325
7 12 2
34 436
7 12 1
35
2 9 1
37
2 15 1
38
13 14 1
39
3 18 1
40
2 22 2
41 490
2 13 1
42
8 21 1
44
7 20 1
46
2 9 2
48 372
1 16 1
49
2 30 1
50
3 19 1
51
1 12 1
52
1 20 2
53 258
7 29 1
55
2 24 1
56
9 28 1
57
4 16 1
59
1 13 2
61 225
10 22 1
62
3 25 2
65 386
8 20 2
68 361
1 29 1
72
1 15 2
73 175
5 15 2
74 353
1 11 1
75
2 30 2
76 266
1 13 2
79 341
7 14 1
80
2 16 1
81
1 19 1
82
2 11 2
83 385
4 13 1
84
11 28 2
86 261
1 12 1
88
2 17 2
92 143
8 26 2
94 315
2 20 1
95
1 28 1
96
1 19 2
97 469
2 16 1
98
8 16 1
99
1 16 1
100
2 22 1
101
1 24 2
103 419
1 23 1
104
3 19 1
105
1 22 2
108 393
2 24 1
109
1 12 1
110
9 38 1
112
7 18 3
113 316 449
4 23 2
114 253
1 17 2
115 224
1 21 1
116
1 27 1
117
1 26 1
119
4 19 2
120 181
3 24 1
125
1 20 1
127
2 22 1
129
8 17 2
130 164
4 15 1
132
1 25 1
133
2 17 1
141
8 25 2
144 284
11 29 1
149
5 25 2
151 304
5 26 1
153
4 17 2
154 451
7 28 1
156
1 37 1
157
10 12 2
160 328
10 32 2
162 295
7 22 1
163
4 23 2
165 319
1 10 1
166
7 19 1
167
8 33 1
168
5 15 1
169
5 13 1
171
1 11 1
177
2 8 2
178 260
7 24 1
179
4 20 3
180 331 462
2 17 2
182 264
1 27 2
184 364
2 21 2
185 403
1 20 1
187
1 30 1
188
2 30 1
189
4 17 1
190
7 14 1
191
2 11 2
193 329
3 21 1
195
1 25 1
196
1 9 1
197
2 15 1
199
1 8 1
201
1 11 1
202
1 36 1
203
1 13 1
204
1 12 3
205 297 473
8 25 1
206
4 16 1
207
2 27 1
210
10 26 2
212 460
7 23 1
213
1 16 1
215
1 13 2
216 322
4 24 1
220
11 25 1
221
7 17 2
222 340
2 10 1
223
10 33 1
226
2 20 1
229
11 24 2
235 412
1 27 1
238
7 24 1
242
2 17 1
247
2 20 1
252
4 13 1
254
2 18 1
255
2 30 1
256
2 17 1
257
1 20 2
259 273
2 25 1
263
1 17 1
265
2 8 1
268
1 15 1
269
4 15 1
270
2 33 1
272
1 36 2
278 296
2 22 1
280
1 26 1
281
1 22 1
282
2 19 1
283
1 18 1
285
2 21 1
290
5 19 2
292 426
2 15 1
293
1 30 2
301 308
1 16 1
303
1 12 1
306
1 34 1
307
2 19 1
309
4 13 1
312
3 21 1
313
4 16 1
323
2 29 1
324
2 31 1
327
1 24 2
330 493
1 23 1
335
1 14 1
336
4 29 2
337 348
2 12 1
339
2 9 1
344
2 13 1
345
10 18 2
352 465
1 13 1
358
7 14 2
359 440
2 7 1
360
7 19 1
362
9 39 1
365
1 27 1
366
2 17 1
367
1 23 1
368
2 32 1
370
4 22 1
371
7 22 1
375
8 18 1
380
7 16 1
384
7 29 1
387
1 16 1
395
2 12 1
396
1 16 2
398 475
4 14 1
399
2 21 1
400
1 20 1
401
1 26 1
404
2 18 1
406
2 21 1
408
2 24 1
414
2 22 1
416
2 28 1
420
9 30 1
421
2 13 1
424
7 21 1
425
7 22 1
427
2 31 1
428
1 15 1
430
2 13 1
431
1 25 1
434
3 21 1
435
2 14 1
437
1 21 2
438 445
8 26 1
439
8 21 1
443
2 15 1
444
8 12 1
446
2 17 1
452
7 10 1
453
2 18 1
459
2 15 1
461
8 19 1
463
7 30 1
466
1 19 1
467
4 12 1
468
8 14 1
471
4 23 1
472
11 39 1
480
4 9 1
483
8 24 1
484
2 17 1
485
2 12 1
486
1 18 1
488
2 10 1
489
2 16 1
491
11 29 1
494
1 20 1
497
2 15 1
499
