700 335 1085 47
22 17 11 13 38 28 30 26 12 15 18 11 29 36 14 23 15 26 36 11 12 40 19 22 22 20 18 26 29 34 27 23 30 14 29 25 27 24 25 13 37 35 23 30 25 21 24 27 15 17 12 28 36 11 21 39 21 33 12 25 40 23 15 21 27 31 24 34 40 36 25 17 35 15 11 22 37 34 28 17 35 25 37 39 34 27 24 30 23 13 19 32 29 11 14 27 11 21 33 18 21 33 14 38 29 15 24 36 35 16 11 21 28 15 22 32 31 32 37 33 39 35 16 35 17 31 16 31 32 17 13 30 11 40 31 14 31 37 28 33 28 39 17 22 37 36 22 26 21 27 14 15 25 38 34 27 16 14 32 34 30 25 22 35 20 20 19 21 11 20 15 18 25 22 25 38 27 26 19 27 17 12 38 34 25 21 40 17 26 13 35 32 25 40 11 16 32 27 24 15 34 27 32 34 33 35 35 26 26 37 16 18 16 35 38 19 22 29 18 19 20 24 19 18 23 13 36 28 28 27 36 21 23 20 21 19 18 26 24 40 20 23 20 37 11 39 36 34 31 18 16 34 18 11 39 38 22 31 17 34 17 17 14 13 18 14 11 30 21 36 40 34 37 19 21 11 25 35 30 39 29 32 25 38 35 16 23 22 38 36 11 40 16 18 35 19 20 19 11 40 14 12 14 22 28 22 30 34 15 15 31 21 14 30 36 24 35 29 24 25 22 18 38 26 39 24 13 40 13 23 32 16 29 29 38 29 31 40 16 28 16 22 12 40 28 18 27 18 18 34 26 22 28 23 29 25 32 37 25 29 30 23 11 40 12 36 21 40 23 17 21 40 39 21 34 21 20 21 35 40 23 11 20 23 24 32 16 17 31 14 30 40 18 21 34 37 27 37 13 14 33 17 32 40 12 34 26 15 33 19 19 36 15 32 31 16 19 36 29 20 37 21 21 39 12 20 32 22 19 39 37 25 37 22 15 19 12 29 20 29 11 16 40 34 39 16 28 33 25 26 37 36 28 17 12 23 32 36 38 22 17 37 30 31 39 30 33 40 27 24 30 30 28 31 20 11 17 12 35 24 25 39 34 23 29 24 16 34 32 17 11 22 11 31 33 21 35 33 25 32 30 23 31 32 28 28 12 33 36 31 19 35 16 18 29 33 20 32 36 15 33 30 40 15 11 12 11 37 14 40 15 29 34 19 34 38 37 39 21 13 12 24 35 17 13 26 20 15 28 34 35 39 27 12 35 34 40 35 15 33 19 28 22 31 23 36 29 34 37 26 17 12 30 39 24 12 24 38 32 33 40 22 19 34 34 38 34 37 27 32 16 34 12 27 19 16 35 27 28 14 34 25 28 31 35 12 32 32 20 38 21 23 33 19 14 22 34 30 19 26 33 22 13 29 38 35 39 14 35 39 25 40 13 23 23 28 35 16 15 30 17 13 22 16 11 18 13 32 35 18 37 29 27 39 38 35 40 17 21 28 39 19 39 31 28 38 36 12 38 40 36 13 14 29 33 15 29 29 33 29 21 33 21 23 24 38 15 39 26 11 14 14 25 38 36 24 18 39 20 35
12 7 1 3 28 18 20 16 2 5 8 1 19 26 4 13 5 16 26 1 2 30 9 12 12 10 8 16 19 24 17 13 20 4 19 15 17 14 15 3 27 25 13 20 15 11 14 17 5 7 2 18 26 1 11 29 11 23 2 15 30 13 5 11 17 21 14 24 30 26 15 7 25 5 1 12 27 24 18 7 25 15 27 29 24 17 14 20 13 3 9 22 19 1 4 17 1 11 23 8 11 23 4 28 19 5 14 26 25 6 1 11 18 5 12 22 21 22 27 23 29 25 6 25 7 21 6 21 22 7 3 20 1 30 21 4 21 27 18 23 18 29 7 12 27 26 12 16 11 17 4 5 15 28 24 17 6 4 22 24 20 15 12 25 10 10 9 11 1 10 5 8 15 12 15 28 17 16 9 17 7 2 28 24 15 11 30 7 16 3 25 22 15 30 1 6 22 17 14 5 24 17 22 24 23 25 25 16 16 27 6 8 6 25 28 9 12 19 8 9 10 14 9 8 13 3 26 18 18 17 26 11 13 10 11 9 8 16 14 30 10 13 10 27 1 29 26 24 21 8 6 24 8 1 29 28 12 21 7 24 7 7 4 3 8 4 1 20 11 26 30 24 27 9 11 1 15 25 20 29 19 22 15 28 25 6 13 12 28 26 1 30 6 8 25 9 10 9 1 30 4 2 4 12 18 12 20 24 5 5 21 11 4 20 26 14 25 19 14 15 12 8 28 16 29 14 3 30 3 13 22 6 19 19 28 19 21 30 6 18 6 12 2 30 18 8 17 8 8 24 16 12 18 13 19 15 22 27 15 19 20 13 1 30 2 26 11 30 13 7 11 30 29 11 24 11 10 11 25 30 13 1 10 13 14 22 6 7 21 4 20 30 8 11 24 27 17 27 3 4 23 7 22 30 2 24 16 5 23 9 9 26 5 22 21 6 9 26 19 10 27 11 11 29 2 10 22 12 9 29 27 15 27 12 5 9 2 19 10 19 1 6 30 24 29 6 18 23 15 16 27 26 18 7 2 13 22 26 28 12 7 27 20 21 29 20 23 30 17 14 20 20 18 21 10 1 7 2 25 14 15 29 24 13 19 14 6 24 22 7 1 12 1 21 23 11 25 23 15 22 20 13 21 22 18 18 2 23 26 21 9 25 6 8 19 23 10 22 26 5 23 20 30 5 1 2 1 27 4 30 5 19 24 9 24 28 27 29 11 3 2 14 25 7 3 16 10 5 18 24 25 29 17 2 25 24 30 25 5 23 9 18 12 21 13 26 19 24 27 16 7 2 20 29 14 2 14 28 22 23 30 12 9 24 24 28 24 27 17 22 6 24 2 17 9 6 25 17 18 4 24 15 18 21 25 2 22 22 10 28 11 13 23 9 4 12 24 20 9 16 23 12 3 19 28 25 29 4 25 29 15 30 3 13 13 18 25 6 5 20 7 3 12 6 1 8 3 22 25 8 27 19 17 29 28 25 30 7 11 18 29 9 29 21 18 28 26 2 28 30 26 3 4 19 23 5 19 19 23 19 11 23 11 13 14 28 5 29 16 1 4 4 15 28 26 14 8 29 10 25
0 13 9
79 116 471 51 634 151 428 601 608
2 14 12
217 395 436 633 618 47 273 502 204 334 251 580
0 9 4
535 247 43 425
0 3 8
611 348 474 303 270 316 685 315
1 10 10
595 560 141 226 664 255 78 297 498 213
0 5 3
531 624 378
3 20 12
552 70 632 489 545 375 314 114 500 427 147 367
0 2 6
627 332 415 396 537 341
0 19 5
454 594 457 145 379
3 9 13
194 129 88 679 72 32 584 22 607 272 405 499 258
0 6 6
505 579 617 74 596 120
1 13 5
424 547 451 2 420
2 20 7
259 340 58 559 576 275 170
2 6 8
385 175 321 49 188 372 24 655
0 3 3
473 35 159
0 17 1
52
1 2 6
262 439 540 450 9 512
0 13 8
98 137 83 625 179 666 429 112
0 14 3
276 60 407
1 13 7
31 443 649 319 153 493 149
3 20 11
71 440 464 470 597 516 77 16 520 61 409
0 15 5
648 518 368 497 638
1 12 12
548 399 393 544 526 126 110 281 64 143 158 336
0 1 2
635 225
0 2 6
382 694 441 324 309 308
1 20 11
366 200 695 398 680 150 414 115 320 160 198
2 7 7
477 333 338 203 370 284 521
2 2 9
698 364 644 172 301 214 487 431 280
5 4 10
156 196 387 446 33 640 118 113 688 302
0 10 7
582 456 650 94 458 7 212
1 2 6
171 124 408 384 554 250
0 19 3
0 101 658
1 15 10
690 553 233 626 687 62 85 123 609 140
1 14 10
102 504 517 266 496 317 86 349 90 339
0 18 2
606 561
10 26 1
1
3 20 2
3 412
4 32 1
4
1 30 1
5
1 24 1
6
3 23 1
8
7 24 1
10
1 12 3
11 299 344
6 34 1
12
3 15 1
13
2 18 1
14
3 15 1
15
2 35 1
17
4 33 2
18 508
3 16 1
19
2 28 1
20
9 16 1
21
7 17 3
23 122 600
13 27 2
25 445
3 16 3
26 356 391
8 33 2
27 337
1 19 2
28 689
4 14 1
29
3 29 2
30 683
7 25 2
34 583
2 28 2
36 283
1 22 2
37 590
2 33 3
38 466 524
6 27 3
39 105 437
3 17 3
40 148 224
2 34 1
41
2 35 2
42 95
1 33 2
44 237
7 22 2
45 80
3 17 1
46
11 23 5
48 381 528 663 673
1 15 2
50 235
2 39 1
53
7 26 1
54
2 7 2
55 432
2 25 1
56
1 23 2
57 357
3 5 1
59
3 25 1
63
2 21 1
65
1 38 1
66
2 34 4
67 252 449 467
7 15 1
68
7 15 2
69 181
7 34 1
73
3 15 1
75
3 7 1
76
1 20 1
81
1 23 2
82 538
3 15 1
84
2 5 1
87
4 33 4
89 542 587 598
4 15 2
91 669
7 33 2
92 210
1 16 1
93
1 31 1
96
3 12 1
97
1 21 3
99 169 269
3 26 1
100
1 24 1
103
3 29 1
104
1 15 4
106 260 510 691
1 22 2
107 278
1 27 2
108 693
1 15 1
109
6 30 1
111
11 40 2
117 208
7 18 1
119
11 29 1
121
10 24 4
125 184 195 402
7 34 2
127 199
6 22 2
128 551
4 22 1
130
7 14 1
131
4 33 1
132
7 8 1
133
2 17 1
134
7 33 1
135
1 31 2
136 394
1 27 4
138 397 479 495
10 35 3
139 322 533
1 14 1
142
4 32 1
144
3 22 1
146
4 33 3
152 187 585
2 22 1
154
1 5 1
155
2 34 1
157
2 23 1
161
1 15 1
162
4 32 2
163 240
3 24 2
164 696
2 17 1
165
6 40 1
166
1 12 2
167 168
1 25 5
173 514 543 622 662
3 22 1
174
4 27 2
176 465
1 28 1
177
1 33 1
178
3 5 1
180
8 20 5
182 304 313 327 503
2 17 2
183 588
1 37 2
185 377
1 36 2
186 571
1 14 1
189
2 22 1
190
1 22 1
191
4 25 1
192
1 3 2
193 219
13 40 1
197
1 24 3
201 223 274
1 27 1
202
8 22 2
205 523
7 16 2
206 642
1 4 3
207 380 478
3 18 1
209
2 24 2
211 525
1 17 1
215
2 21 1
216
4 22 2
218 271
2 29 1
220
3 14 1
221
7 24 3
222 623 654
3 18 1
227
2 39 1
228
6 29 1
229
4 19 2
230 586
1 13 2
231 566
3 8 1
232
4 15 1
234
7 19 2
236 389
4 22 3
238 346 667
3 17 2
239 298
3 4 2
241 619
2 28 1
242
2 17 2
243 676
1 19 4
244 265 468 646
6 40 2
245 686
2 25 1
246
1 16 1
248
2 34 1
249
2 26 1
253
6 40 1
254
2 9 1
256
11 24 3
257 455 668
1 23 2
261 628
6 33 1
263
7 21 3
264 328 434
6 27 1
267
7 16 1
268
3 9 1
277
4 25 1
279
3 23 1
282
8 17 1
285
2 25 1
286
9 22 1
287
6 26 2
288 472
1 11 2
289 534
7 27 1
290
3 22 2
291 353
3 11 1
292
7 12 1
293
3 8 1
294
2 15 1
295
4 22 1
296
6 18 2
300 507
6 33 1
305
4 28 4
306 343 376 629
10 35 1
307
8 33 1
310
1 23 2
311 620
7 16 2
312 550
1 32 2
318 546
11 40 3
323 482 574
7 9 1
325
3 22 1
326
1 23 1
329
6 34 3
330 371 430
13 11 1
331
2 32 4
335 527 647 681
4 14 2
342 422
4 26 1
345
10 15 2
347 592
3 13 1
350
1 33 3
351 563 589
2 5 1
352
1 13 1
354
7 27 1
355
6 21 1
358
4 16 2
359 639
17 24 2
360 392
7 20 1
361
7 22 1
362
2 21 2
363 411
10 26 1
365
3 19 2
369 614
2 35 2
373 400
3 10 2
374 653
13 27 3
383 448 631
3 9 1
386
3 18 2
388 486
7 30 1
390
1 15 1
401
7 23 2
403 462
1 25 1
404
6 16 1
406
2 29 2
410 491
1 15 2
413 612
2 18 1
416
2 28 1
417
2 39 1
418
11 18 2
419 469
1 28 2
421 494
6 34 1
423
1 14 1
426
3 6 1
433
1 30 2
435 699
1 22 2
438 641
11 21 2
442 643
3 23 1
444
2 29 1
447
3 12 3
452 536 610
7 22 1
453
4 19 2
459 602
2 32 1
460
2 23 1
461
1 20 1
463
1 29 1
475
4 32 1
476
4 17 1
480
1 26 1
481
2 10 1
483
1 18 1
484
6 24 1
485
1 26 1
488
2 17 1
490
10 29 1
492
1 19 1
501
1 30 1
506
3 19 1
509
4 27 2
511 645
6 16 1
513
4 20 1
515
2 22 1
519
1 28 1
522
10 21 1
529
3 12 1
530
3 5 1
532
2 32 1
539
1 15 1
541
1 25 1
549
4 23 1
555
1 32 1
556
1 29 1
557
3 21 1
558
1 16 1
562
1 30 2
564 616
7 17 1
565
4 27 1
567
7 30 1
568
11 34 2
569 636
3 20 1
570
2 21 2
572 665
10 22 1
573
2 39 1
575
11 34 2
577 670
3 22 1
578
3 5 1
581
7 4 1
591
2 33 1
593
9 11 1
599
1 31 2
603 604
1 19 1
605
3 6 1
613
1 3 1
615
2 33 2
621 671
3 7 1
630
4 4 1
637
2 28 1
651
3 13 1
652
1 12 1
656
2 22 1
657
1 20 1
659
3 16 1
660
2 27 1
661
1 37 1
672
8 27 1
674
1 32 1
675
2 17 1
677
3 12 1
678
3 23 1
682
2 19 1
684
3 17 1
692
7 22 1
697
