500 262 775 33
11 39 33 16 37 22 38 28 29 26 37 15 16 31 29 29 22 23 30 21 27 29 40 24 40 24 34 11 28 16 17 39 22 27 18 19 11 12 18 27 39 40 17 18 25 29 20 28 19 28 20 39 24 38 21 28 33 25 33 16 37 29 23 37 11 15 33 39 21 22 16 34 36 22 26 12 17 13 24 20 22 34 31 38 37 14 21 11 30 17 38 21 32 26 40 34 23 11 35 27 33 36 32 24 36 11 12 18 15 38 35 27 38 20 28 16 29 37 36 17 30 36 21 30 34 11 36 33 13 38 35 23 20 12 26 35 15 37 25 27 13 33 33 24 28 20 24 38 32 21 16 19 16 17 28 38 36 33 25 34 21 38 12 11 23 30 16 39 31 26 31 28 39 26 12 35 30 26 27 13 22 27 12 32 16 14 28 12 29 13 33 36 40 11 32 26 22 35 23 36 39 19 32 13 38 31 27 23 38 20 35 35 31 33 11 17 11 16 26 38 22 29 34 12 24 39 11 23 21 13 16 25 38 17 19 20 15 20 33 15 33 34 38 32 37 21 33 26 21 34 23 15 16 20 15 28 34 21 31 28 32 40 20 32 17 15 18 20 31 11 17 14 30 15 18 29 29 12 25 27 16 15 40 18 33 16 11 31 33 17 39 28 21 21 11 23 20 21 16 29 13 21 12 20 17 36 26 14 28 18 27 27 38 17 36 15 14 18 15 28 29 39 28 37 21 15 14 30 16 38 37 40 21 35 12 32 33 35 36 35 17 16 11 11 36 36 21 37 27 18 26 19 22 25 25 14 28 28 19 33 24 37 16 21 36 31 17 29 14 24 26 20 18 39 39 31 37 23 37 11 15 39 24 14 31 31 18 14 37 24 38 27 11 17 37 25 34 13 38 16 40 11 23 18 36 23 23 23 25 31 26 40 30 26 37 38 34 24 29 14 20 28 11 38 19 25 26 28 40 12 35 36 39 32 24 36 13 27 29 39 29 28 30 17 32 19 20 12 23 26 33 16 16 40 32 20 27 33 29 18 39 30 30 19 11 23 40 26 20 30 19 33 23 15 16 15 38 33 24 11 23 17 27 16 40 16 37 17 32 27 40 35 30 18 36 29 40 16 11 30
1 29 23 6 27 12 28 18 19 16 27 5 6 21 19 19 12 13 20 11 17 19 30 14 30 14 24 1 18 6 7 29 12 17 8 9 1 2 8 17 29 30 7 8 15 19 10 18 9 18 10 29 14 28 11 18 23 15 23 6 27 19 13 27 1 5 23 29 11 12 6 24 26 12 16 2 7 3 14 10 12 24 21 28 27 4 11 1 20 7 28 11 22 16 30 24 13 1 25 17 23 26 22 14 26 1 2 8 5 28 25 17 28 10 18 6 19 27 26 7 20 26 11 20 24 1 26 23 3 28 25 13 10 2 16 25 5 27 15 17 3 23 23 14 18 10 14 28 22 11 6 9 6 7 18 28 26 23 15 24 11 28 2 1 13 20 6 29 21 16 21 18 29 16 2 25 20 16 17 3 12 17 2 22 6 4 18 2 19 3 23 26 30 1 22 16 12 25 13 26 29 9 22 3 28 21 17 13 28 10 25 25 21 23 1 7 1 6 16 28 12 19 24 2 14 29 1 13 11 3 6 15 28 7 9 10 5 10 23 5 23 24 28 22 27 11 23 16 11 24 13 5 6 10 5 18 24 11 21 18 22 30 10 22 7 5 8 10 21 1 7 4 20 5 8 19 19 2 15 17 6 5 30 8 23 6 1 21 23 7 29 18 11 11 1 13 10 11 6 19 3 11 2 10 7 26 16 4 18 8 17 17 28 7 26 5 4 8 5 18 19 29 18 27 11 5 4 20 6 28 27 30 11 25 2 22 23 25 26 25 7 6 1 1 26 26 11 27 17 8 16 9 12 15 15 4 18 18 9 23 14 27 6 11 26 21 7 19 4 14 16 10 8 29 29 21 27 13 27 1 5 29 14 4 21 21 8 4 27 14 28 17 1 7 27 15 24 3 28 6 30 1 13 8 26 13 13 13 15 21 16 30 20 16 27 28 24 14 19 4 10 18 1 28 9 15 16 18 30 2 25 26 29 22 14 26 3 17 19 29 19 18 20 7 22 9 10 2 13 16 23 6 6 30 22 10 17 23 19 8 29 20 20 9 1 13 30 16 10 20 9 23 13 5 6 5 28 23 14 1 13 7 17 6 30 6 27 7 22 17 30 25 20 8 26 19 30 6 1 20
1 15 14
287 380 1 446 425 257 95 361 271 10 195 240 451 395
1 15 6
26 157 294 436 186 189
3 16 7
82 390 335 151 30 469 488
4 9 12
348 230 422 444 130 470 364 290 93 181 25 387
2 10 5
376 99 362 36 442
0 4 6
16 394 173 88 175 147
0 15 1
396
1 17 9
28 32 347 70 411 141 461 482 479
0 3 8
22 325 47 116 167 334 68 27
0 14 1
9
4 12 8
194 81 379 485 59 39 286 228
2 6 10
53 80 276 424 301 415 102 221 406 355
0 14 4
349 238 137 51
2 7 9
0 338 407 106 246 75 371 399 310
1 20 3
270 377 480
0 3 7
121 382 356 201 149 354 370
1 13 4
373 258 433 174
2 4 7
259 281 214 306 345 388 192
0 19 6
336 493 148 260 66 37
0 18 3
67 193 162
1 16 3
279 89 20
2 7 4
111 312 311 412
0 19 3
3 368 5
0 7 2
486 272
0 16 4
397 188 284 328
0 14 12
497 339 403 460 115 204 191 108 176 389 85 210
0 3 6
218 253 456 98 282 164
0 9 4
150 421 46 492
1 16 5
255 123 90 423 242
1 10 6
402 318 357 110 208 19
0 9 1
296
0 7 1
477
1 20 10
71 170 64 438 96 236 463 14 313 60
0 9 2
61 459
0 7 7
145 400 468 161 331 351 83
0 9 3
198 358 31
0 18 3
419 190 57
0 6 8
342 447 481 467 487 489 363 414
1 14 4
125 48 104 140
1 23 1
2
1 34 2
4 87
2 34 1
6
3 23 2
7 94
5 36 1
8
1 22 1
11
11 19 1
12
4 24 1
13
2 30 1
15
3 19 1
17
1 25 1
18
1 20 1
21
2 18 3
23 134 378
1 30 1
24
1 30 2
29 268
2 29 1
33
2 32 1
34
3 36 2
35 495
7 19 1
38
1 24 1
40
1 13 2
41 209
2 25 1
42
1 10 1
43
1 25 2
44 122
1 19 3
45 78 133
2 24 1
49
3 33 1
50
1 16 1
52
2 26 2
54 252
2 12 2
55 496
2 13 1
56
2 18 1
58
2 19 1
62
5 27 1
63
2 30 3
65 360 383
1 17 1
69
2 18 1
72
2 13 3
73 187 329
1 15 1
74
2 21 1
76
7 25 2
77 428
2 15 2
79 299
4 36 4
84 199 309 475
4 27 1
86
1 18 1
91
2 9 2
92 416
2 34 1
97
2 13 1
100
6 19 2
101 119
2 20 1
103
1 29 1
105
2 24 2
107 340
2 22 2
109 168
1 15 1
112
1 25 1
113
2 30 1
114
2 25 1
117
1 18 2
118 243
2 20 1
120
2 14 2
124 200
1 7 1
126
2 10 1
127
1 25 1
128
1 34 1
129
2 22 1
131
2 10 1
132
2 20 2
135 344
5 24 1
136
1 9 1
138
3 27 1
139
1 17 1
142
6 31 1
143
2 16 1
144
2 21 1
146
2 16 1
152
2 35 2
153 353
2 22 1
154
2 24 1
155
2 16 2
156 206
2 35 1
158
2 13 1
159
2 15 1
160
3 24 3
163 280 474
2 23 1
165
2 30 1
166
1 28 1
169
2 24 2
171 264
4 29 1
172
6 25 2
177 251
1 28 3
178 367 494
2 13 2
179 437
3 14 1
180
2 17 2
182 409
7 13 1
183
3 34 1
184
1 15 2
185 233
1 29 1
196
7 16 1
197
2 24 1
202
2 18 1
203
3 31 1
205
2 21 2
207 254
1 19 1
211
2 33 1
212
2 20 1
213
3 32 1
215
5 27 1
216
1 10 1
217
1 27 1
219
2 20 1
220
2 11 1
222
6 24 2
223 324
2 18 1
224
3 13 1
225
2 24 1
226
2 20 1
227
7 17 2
229 283
2 13 1
231
2 34 1
232
1 32 1
234
1 36 1
235
3 15 1
237
10 22 2
239 267
2 16 1
241
1 18 1
244
2 21 2
245 426
3 24 1
247
2 21 1
248
2 29 1
249
6 19 1
250
1 16 1
256
2 22 2
261 430
7 28 3
262 322 417
1 25 1
263
5 21 2
265 401
1 28 1
266
3 30 1
269
1 16 1
273
2 14 1
274
2 19 1
275
1 26 1
277
2 24 1
278
3 19 1
285
3 34 1
288
2 25 1
289
2 23 1
291
1 33 2
292 405
5 32 2
293 432
2 21 1
295
2 39 3
297 440 450
3 25 1
298
2 7 1
300
2 8 2
302 332
1 26 1
303
7 32 1
304
5 24 1
305
7 22 1
307
2 35 1
308
2 17 1
314
1 34 1
315
2 22 2
316 498
13 14 1
317
6 23 1
319
1 19 1
320
1 10 1
321
2 35 1
323
5 35 1
326
2 33 1
327
3 16 1
330
2 29 1
333
3 34 1
337
3 33 1
341
1 13 3
343 410 484
1 32 1
346
2 30 1
350
5 23 1
352
7 10 1
359
2 34 1
365
11 13 1
366
3 21 1
369
2 17 1
372
2 21 1
374
3 16 1
375
2 27 1
381
1 27 1
384
1 25 1
385
3 24 2
386 473
6 22 1
391
1 18 1
392
1 19 2
393 441
5 30 1
398
2 9 1
404
3 17 1
408
1 12 1
413
1 6 1
418
1 15 1
420
3 22 1
427
2 18 1
429
1 13 1
431
1 25 1
434
2 19 1
435
2 21 1
439
11 26 1
443
1 27 1
445
1 27 1
448
2 22 1
449
1 21 1
452
1 11 1
453
1 25 1
454
1 12 1
455
5 36 1
457
3 27 1
458
2 10 2
462 464
2 28 1
465
5 28 1
466
2 18 1
471
5 23 1
472
2 13 1
476
4 33 1
478
1 23 1
483
3 31 1
490
1 19 1
491
3 28 1
499
