1000 423 1550 67
26 36 36 23 32 35 26 30 39 30 12 40 38 27 29 15 13 12 26 28 29 27 18 35 13 26 37 13 27 37 13 28 16 19 30 26 20 16 11 25 21 13 30 37 19 13 25 39 24 38 13 39 21 15 33 30 40 28 26 14 35 36 27 40 26 15 33 20 20 19 12 21 16 35 32 35 34 17 24 15 36 30 17 37 12 12 29 11 17 31 24 32 19 35 11 18 13 26 31 25 23 32 19 34 17 35 39 12 15 35 11 34 14 30 20 32 24 11 36 40 19 33 39 39 15 34 14 17 21 25 30 11 38 17 23 15 38 23 23 19 36 40 21 18 14 14 39 32 39 24 18 30 21 22 16 18 25 18 26 20 26 21 34 21 17 20 26 24 20 40 21 14 17 36 24 25 19 17 26 14 21 39 22 26 23 37 30 17 37 36 36 15 23 36 40 16 14 20 26 25 29 35 40 15 31 20 33 21 23 18 29 26 26 34 15 16 39 17 23 36 38 40 23 25 28 26 19 17 36 38 31 36 29 18 35 22 39 37 35 32 29 28 26 11 22 14 38 15 39 14 24 33 20 20 15 16 12 27 26 27 17 28 15 19 30 16 16 32 16 26 15 38 27 18 31 38 38 24 23 15 15 30 31 22 12 31 29 35 16 28 17 24 31 28 22 12 33 35 11 21 35 15 13 20 17 34 20 33 15 23 23 33 25 31 19 29 37 33 40 19 11 27 32 26 36 24 11 37 37 35 17 33 31 29 31 22 16 27 18 26 36 38 15 26 21 23 19 32 19 18 17 12 19 13 12 26 29 34 13 21 39 39 32 26 39 13 11 12 18 19 36 20 11 38 18 34 40 11 19 14 34 13 26 18 25 13 34 28 30 38 13 38 28 31 26 38 29 36 36 29 13 37 31 24 24 30 27 30 26 25 26 29 38 30 12 17 16 32 24 34 25 35 19 19 38 17 36 23 40 34 13 21 17 17 35 34 22 20 34 27 28 27 35 35 30 33 11 34 24 37 30 31 25 36 11 20 15 34 19 19 18 14 26 35 38 38 24 30 22 21 15 16 29 32 13 26 39 35 17 18 20 15 30 16 20 39 19 38 16 37 31 27 13 18 30 30 34 17 13 37 28 19 36 29 12 34 12 13 32 29 22 37 36 28 31 21 19 13 17 38 31 18 17 18 24 14 30 11 35 11 40 40 28 40 27 38 23 12 33 34 34 21 35 22 36 36 27 38 18 17 40 17 26 39 15 16 17 14 29 15 33 28 21 15 31 21 32 12 11 24 31 27 22 18 17 39 17 20 32 35 35 15 27 32 20 22 40 11 15 25 23 25 15 24 32 33 36 35 37 29 29 33 15 17 21 33 19 16 27 26 14 15 27 28 33 19 29 21 39 23 22 27 27 24 39 20 30 36 34 17 16 17 22 23 25 28 37 26 17 19 12 18 28 14 30 25 16 16 25 21 29 19 21 25 38 15 36 34 14 17 27 37 26 33 27 15 11 16 12 13 20 28 33 39 33 13 34 11 16 19 19 18 27 28 37 19 12 40 36 20 18 15 34 39 18 31 26 15 21 24 12 28 21 12 15 35 37 16 16 18 29 34 22 38 12 39 22 27 11 22 36 28 25 37 31 24 15 12 35 27 15 38 13 14 30 14 39 20 35 30 35 28 24 40 11 22 24 26 23 34 20 27 16 36 39 38 27 33 21 28 38 15 25 29 32 18 26 15 30 36 13 38 11 20 31 18 31 21 26 12 17 12 20 25 15 29 27 17 21 32 17 31 38 15 30 25 31 14 38 32 30 32 36 13 18 40 36 29 35 40 24 20 28 39 34 15 35 35 18 19 33 34 20 32 39 18 12 23 27 27 39 40 28 13 13 23 12 21 12 20 15 15 31 33 30 37 29 30 36 17 22 35 20 24 25 14 16 15 30 18 27 27 13 27 22 23 34 25 23 37 22 11 19 25 15 16 33 16 39 34 12 11 19 16 40 15 31 17 23 29 40 36 28 24 11 24 21 13 20 27 18 36 12 15 26 30 27 16 35 24 25 23 28 19 39 21 26 40 28 22 32 32 39 25 38 32 23 39 31 12 37 16 38 20 40 20 19 20 30 34 33 31 23 30 22 38 25 37 36 15 21 36 27 13 39 24 31 26 32 35 36 23 29 23 38 37 39 16 39 37 23 12 16 35 23 25 17 16 23 39 30 24 33 22 11 31 23 24 39 22 16 11 19 23 40 16 27 36 26 31
16 26 26 13 22 25 16 20 29 20 2 30 28 17 19 5 3 2 16 18 19 17 8 25 3 16 27 3 17 27 3 18 6 9 20 16 10 6 1 15 11 3 20 27 9 3 15 29 14 28 3 29 11 5 23 20 30 18 16 4 25 26 17 30 16 5 23 10 10 9 2 11 6 25 22 25 24 7 14 5 26 20 7 27 2 2 19 1 7 21 14 22 9 25 1 8 3 16 21 15 13 22 9 24 7 25 29 2 5 25 1 24 4 20 10 22 14 1 26 30 9 23 29 29 5 24 4 7 11 15 20 1 28 7 13 5 28 13 13 9 26 30 11 8 4 4 29 22 29 14 8 20 11 12 6 8 15 8 16 10 16 11 24 11 7 10 16 14 10 30 11 4 7 26 14 15 9 7 16 4 11 29 12 16 13 27 20 7 27 26 26 5 13 26 30 6 4 10 16 15 19 25 30 5 21 10 23 11 13 8 19 16 16 24 5 6 29 7 13 26 28 30 13 15 18 16 9 7 26 28 21 26 19 8 25 12 29 27 25 22 19 18 16 1 12 4 28 5 29 4 14 23 10 10 5 6 2 17 16 17 7 18 5 9 20 6 6 22 6 16 5 28 17 8 21 28 28 14 13 5 5 20 21 12 2 21 19 25 6 18 7 14 21 18 12 2 23 25 1 11 25 5 3 10 7 24 10 23 5 13 13 23 15 21 9 19 27 23 30 9 1 17 22 16 26 14 1 27 27 25 7 23 21 19 21 12 6 17 8 16 26 28 5 16 11 13 9 22 9 8 7 2 9 3 2 16 19 24 3 11 29 29 22 16 29 3 1 2 8 9 26 10 1 28 8 24 30 1 9 4 24 3 16 8 15 3 24 18 20 28 3 28 18 21 16 28 19 26 26 19 3 27 21 14 14 20 17 20 16 15 16 19 28 20 2 7 6 22 14 24 15 25 9 9 28 7 26 13 30 24 3 11 7 7 25 24 12 10 24 17 18 17 25 25 20 23 1 24 14 27 20 21 15 26 1 10 5 24 9 9 8 4 16 25 28 28 14 20 12 11 5 6 19 22 3 16 29 25 7 8 10 5 20 6 10 29 9 28 6 27 21 17 3 8 20 20 24 7 3 27 18 9 26 19 2 24 2 3 22 19 12 27 26 18 21 11 9 3 7 28 21 8 7 8 14 4 20 1 25 1 30 30 18 30 17 28 13 2 23 24 24 11 25 12 26 26 17 28 8 7 30 7 16 29 5 6 7 4 19 5 23 18 11 5 21 11 22 2 1 14 21 17 12 8 7 29 7 10 22 25 25 5 17 22 10 12 30 1 5 15 13 15 5 14 22 23 26 25 27 19 19 23 5 7 11 23 9 6 17 16 4 5 17 18 23 9 19 11 29 13 12 17 17 14 29 10 20 26 24 7 6 7 12 13 15 18 27 16 7 9 2 8 18 4 20 15 6 6 15 11 19 9 11 15 28 5 26 24 4 7 17 27 16 23 17 5 1 6 2 3 10 18 23 29 23 3 24 1 6 9 9 8 17 18 27 9 2 30 26 10 8 5 24 29 8 21 16 5 11 14 2 18 11 2 5 25 27 6 6 8 19 24 12 28 2 29 12 17 1 12 26 18 15 27 21 14 5 2 25 17 5 28 3 4 20 4 29 10 25 20 25 18 14 30 1 12 14 16 13 24 10 17 6 26 29 28 17 23 11 18 28 5 15 19 22 8 16 5 20 26 3 28 1 10 21 8 21 11 16 2 7 2 10 15 5 19 17 7 11 22 7 21 28 5 20 15 21 4 28 22 20 22 26 3 8 30 26 19 25 30 14 10 18 29 24 5 25 25 8 9 23 24 10 22 29 8 2 13 17 17 29 30 18 3 3 13 2 11 2 10 5 5 21 23 20 27 19 20 26 7 12 25 10 14 15 4 6 5 20 8 17 17 3 17 12 13 24 15 13 27 12 1 9 15 5 6 23 6 29 24 2 1 9 6 30 5 21 7 13 19 30 26 18 14 1 14 11 3 10 17 8 26 2 5 16 20 17 6 25 14 15 13 18 9 29 11 16 30 18 12 22 22 29 15 28 22 13 29 21 2 27 6 28 10 30 10 9 10 20 24 23 21 13 20 12 28 15 27 26 5 11 26 17 3 29 14 21 16 22 25 26 13 19 13 28 27 29 6 29 27 13 2 6 25 13 15 7 6 13 29 20 14 23 12 1 21 13 14 29 12 6 1 9 13 30 6 17 26 16 21
6 20 20
15 987 536 19 4 586 236 56 975 371 427 281 496 526 253 313 779 597 532 918
0 4 4
280 742 607 489
2 17 15
217 605 823 679 343 621 494 335 352 643 266 806 744 318 214
5 8 16
758 728 737 202 919 516 506 780 425 524 296 626 262 237 738 376
1 1 17
197 895 654 774 385 240 997 533 117 527 149 344 81 112 0 762 379
0 10 7
437 462 632 612 394 634 552
2 17 11
52 135 195 653 907 398 760 491 381 614 279
2 8 14
320 161 5 453 808 340 181 122 917 831 595 94 133 852
2 17 11
881 500 191 412 95 285 878 372 875 483 856
3 1 20
617 68 418 936 58 30 302 726 219 892 458 153 471 503 674 226 736 803 766 257
0 1 2
945 821
4 3 16
518 903 827 879 73 944 477 523 268 743 684 748 431 545 101 355
2 11 9
894 513 764 426 990 384 49 194 286
2 19 11
711 337 978 254 685 227 534 691 359 129 353
0 5 13
858 464 848 538 849 28 6 606 263 399 563 70 213
0 5 15
938 170 118 167 544 853 509 402 154 482 238 562 248 757 603
0 17 3
243 419 837
1 17 10
561 570 940 644 164 2 943 546 535 436
0 7 4
255 182 83 321
1 15 6
722 480 845 179 485 91
1 16 11
811 24 451 218 710 256 976 22 429 346 252
1 3 12
829 449 529 159 338 753 564 846 297 120 88 124
0 10 16
980 190 896 282 756 107 540 865 877 543 391 916 676 404 147 87
3 18 13
247 35 739 316 828 77 89 424 559 786 277 386 872
1 17 19
367 697 171 85 322 499 622 442 444 368 356 689 80 9 702 507 192 842 196
0 20 5
995 169 824 909 729
0 10 5
75 126 984 90 165
0 5 3
269 580 696
0 13 2
819 104
0 10 10
973 638 207 768 550 407 74 301 158 922
3 15 9
694 57 542 155 260 45 128 789 40
0 15 15
354 271 600 930 775 934 687 397 699 492 765 519 947 450 920
4 15 11
278 735 883 750 388 239 933 339 723 7 33
0 9 4
65 13 229 847
0 17 3
628 67 717
0 19 7
889 123 294 860 481 317 103
1 7 16
38 14 115 44 63 350 157 463 361 470 830 665 972 166 807 657
0 13 4
460 18 315 11
7 32 1
1
1 28 2
3 840
3 6 1
8
4 26 1
10
6 16 1
12
3 22 1
16
4 35 3
17 200 211
9 34 2
20 635
6 18 2
21 866
5 4 3
23 659 761
13 37 2
25 650
4 34 3
26 162 434
13 36 3
27 587 652
1 18 1
29
5 4 2
31 528
3 39 1
32
4 33 1
34
4 21 1
36
1 15 2
37 486
1 12 3
39 501 996
6 11 3
41 198 813
2 15 2
42 608
2 23 4
43 639 820 868
1 12 2
46 642
7 32 1
47
3 36 2
48 551
1 33 1
50
8 32 1
51
4 30 1
53
7 36 2
54 869
5 24 2
55 785
4 33 1
59
2 13 1
60
4 25 5
61 84 132 414 560
6 16 4
62 223 704 964
10 18 3
64 707 932
4 25 1
66
3 22 3
69 457 490
4 32 3
71 672 927
6 24 2
72 581
12 16 2
76 511
1 15 1
78
4 23 1
79
2 34 3
82 640 698
2 36 2
86 594
6 24 1
92
3 15 1
93
10 36 1
96
14 31 2
97 324
6 4 1
98
1 27 2
99 390
7 34 3
100 439 861
4 33 1
102
9 25 1
105
5 21 1
106
1 24 3
108 235 575
1 17 2
109 993
4 25 4
110 476 759 926
4 25 2
111 599
1 30 2
113 230
1 30 2
114 469
3 23 3
116 365 649
1 30 1
119
1 22 2
121 246
1 18 3
125 141 556
4 26 3
127 148 782
2 22 3
130 138 347
4 18 3
131 631 680
6 24 1
134
2 34 1
136
1 6 2
137 430
6 18 2
139 193
6 12 2
140 547
3 16 1
142
2 22 3
143 741 951
1 35 1
144
3 22 3
145 651 703
6 15 2
146 712
4 11 4
150 232 311 906
5 14 1
151
2 32 1
152
3 8 2
156 349
6 21 1
160
5 32 1
163
15 34 1
168
3 21 1
172
6 12 2
173 826
1 13 2
174 473
4 32 1
175
5 28 2
176 901
1 22 1
177
1 6 1
178
4 35 2
180 864
2 30 1
183
5 22 1
184
6 22 2
185 751
13 33 2
186 224
4 27 2
187 380
13 11 3
188 406 435
4 24 2
189 241
4 22 1
199
3 20 1
201
4 30 3
203 656 781
6 16 2
204 275
1 22 2
205 259
2 35 1
206
13 25 3
208 790 839
9 28 3
209 276 521
10 35 2
210 616
1 16 1
212
5 18 2
215 336
4 13 2
216 234
2 28 1
220
1 25 3
221 558 880
1 37 2
222 377
12 12 1
225
7 34 1
228
13 35 3
231 666 983
4 16 1
233
2 25 2
242 795
13 21 3
244 754 816
1 30 2
245 373
8 16 1
249
6 2 2
250 478
2 30 3
251 341 913
4 32 3
258 648 818
6 24 1
261
1 39 1
264
1 30 1
265
4 27 2
267 998
4 8 1
270
4 17 1
272
9 34 1
273
9 36 4
274 658 660 796
5 22 1
283
1 29 1
284
1 27 1
287
13 32 1
288
6 22 3
289 293 383
4 26 1
290
4 24 2
291 553
6 5 2
292 924
6 9 1
295
2 18 1
298
4 29 2
299 834
3 22 1
300
2 27 1
303
1 25 2
304 695
12 16 1
305
2 32 2
306 677
5 20 1
307
7 25 1
308
4 28 1
309
4 22 1
310
4 19 1
312
3 20 3
314 604 627
4 21 2
319 838
2 25 1
323
2 18 1
325
6 8 2
326 897
1 23 1
327
3 8 3
328 487 615
6 16 1
329
6 20 2
330 747
7 20 1
331
1 27 1
332
1 29 3
333 358 905
1 15 1
334
6 18 1
342
6 26 2
345 541
5 11 1
348
4 27 4
351 805 859 862
12 9 4
357 413 517 662
13 29 2
360 992
13 23 3
362 902 941
14 30 1
363
4 12 1
364
9 11 2
366 512
3 13 1
369
8 33 1
370
6 25 2
374 855
3 18 3
375 725 884
1 14 1
378
6 5 2
382 574
2 19 1
387
5 34 2
389 488
13 20 1
392
3 22 1
393
6 18 3
395 671 882
7 34 1
396
2 16 1
400
5 18 2
401 537
2 32 1
403
1 30 2
405 520
3 12 1
408
4 26 2
409 979
2 25 1
410
1 25 2
411 815
6 19 1
415
5 13 1
416
1 27 1
417
1 20 2
420 874
9 25 2
421 801
5 22 2
422 989
6 16 2
423 647
1 18 2
428 467
3 32 1
432
2 28 2
433 962
1 13 1
438
1 27 1
440
4 28 1
441
6 7 2
443 825
4 18 2
445 802
6 16 2
446 624
5 34 1
447
4 12 1
448
14 26 1
452
6 12 3
454 873 948
3 34 1
455
12 4 2
456 876
4 15 2
459 669
1 14 2
461 565
3 6 1
465
4 17 1
466
9 23 2
468 788
1 24 3
472 549 952
4 29 2
474 942
5 35 1
475
3 22 1
479
1 28 1
484
1 21 2
493 719
1 23 2
495 798
4 22 1
497
4 15 2
498 522
1 20 2
502 928
3 12 1
504
2 18 2
505 904
6 8 2
508 783
1 27 1
510
1 15 1
514
5 37 1
515
9 18 1
525
3 22 1
530
9 9 1
531
2 24 1
539
2 25 3
548 620 954
4 11 2
554 915
5 20 1
555
1 27 1
557
3 30 1
566
3 20 2
567 646
1 32 3
568 850 988
1 25 2
569 613
5 20 1
571
10 34 1
572
13 33 1
573
4 33 1
576
1 20 1
577
6 24 1
578
1 23 2
579 772
2 23 2
582 670
2 20 1
583
9 37 1
584
4 14 2
585 956
4 36 1
588
8 23 1
589
4 16 1
590
2 26 2
591 733
12 20 2
592 601
2 20 1
593
2 34 1
596
4 18 1
598
4 28 3
602 745 833
5 25 2
609 673
15 34 1
610
6 10 1
611
7 28 1
618
6 9 1
619
4 14 1
623
4 19 2
625 686
3 9 3
629 641 832
2 18 2
630 720
3 26 1
633
4 11 1
636
6 2 1
637
4 27 1
645
1 18 1
655
1 25 2
661 867
3 20 1
663
4 27 2
664 957
13 28 1
667
3 24 3
668 854 949
4 27 2
675 841
9 32 2
678 683
7 35 1
681
5 12 2
682 708
1 40 1
688
6 21 1
690
6 20 2
692 888
6 18 2
693 929
1 37 1
700
9 26 1
701
3 24 1
705
15 28 2
706 955
4 18 1
709
9 28 1
713
4 31 2
714 959
12 18 3
715 721 986
4 22 2
716 898
1 28 1
718
1 11 1
724
5 20 1
727
9 27 1
730
4 18 1
731
6 21 1
732
1 11 1
734
1 22 1
740
13 18 1
746
4 20 1
749
6 27 1
752
5 20 1
755
2 20 2
763 914
1 6 1
767
4 24 1
769
4 27 3
770 925 953
1 36 1
771
1 13 1
773
1 31 1
776
4 25 1
777
1 28 1
778
4 33 3
784 885 912
2 17 1
787
4 28 1
791
2 32 1
792
2 32 1
793
4 10 2
794 911
8 18 1
797
2 18 1
799
4 33 1
800
2 21 1
804
3 22 1
809
1 22 1
810
4 18 1
812
8 34 1
814
4 8 2
817 958
3 24 2
822 844
1 14 1
835
2 25 2
836 857
5 18 1
843
12 19 1
851
10 32 1
863
4 17 2
870 899
6 21 1
871
1 37 1
886
3 29 2
887 890
5 20 1
891
1 22 1
893
1 27 1
900
6 21 1
908
5 25 1
910
1 23 1
921
1 11 2
923 994
3 14 1
931
16 23 1
935
1 18 1
937
4 28 1
939
5 18 1
946
4 24 1
950
4 21 1
960
2 18 1
961
2 34 1
963
2 29 1
965
6 18 1
966
4 26 1
967
2 34 1
968
4 22 1
969
4 34 1
970
4 24 1
971
15 35 1
974
1 27 1
977
2 22 1
981
2 30 1
982
5 22 1
985
2 33 1
991
1 14 1
999
