700 356 1085 47
22 19 38 16 27 37 15 32 14 11 20 40 11 20 20 39 23 21 33 32 13 26 29 13 35 16 23 40 23 38 32 34 28 17 20 14 15 22 37 28 17 32 21 16 23 39 28 32 20 17 30 24 32 40 33 39 16 37 20 14 19 24 21 21 40 13 15 21 12 37 19 14 36 30 35 33 18 20 31 13 17 38 35 27 22 35 12 33 26 38 37 15 33 40 14 28 33 31 26 40 28 31 17 27 39 28 39 23 33 40 33 25 17 13 26 28 21 39 37 16 13 36 12 16 12 30 28 33 21 19 17 26 17 36 21 20 31 16 31 13 36 24 17 32 40 27 40 31 29 38 15 26 27 29 33 37 15 22 24 39 33 35 28 21 29 35 23 27 21 37 30 19 28 30 37 15 33 29 30 38 20 19 22 40 30 11 25 36 12 16 33 17 37 27 37 12 35 24 33 11 37 29 36 17 33 21 22 39 37 30 30 14 28 14 18 26 31 36 30 21 12 14 11 20 32 31 36 33 11 33 33 24 38 36 24 14 17 35 16 35 26 27 20 20 17 37 12 12 31 14 26 39 21 36 19 36 15 15 38 32 33 30 18 39 11 13 21 38 31 13 26 17 39 15 18 33 35 20 39 18 11 26 21 20 17 31 24 36 19 38 27 39 25 23 29 30 16 14 12 33 33 40 25 36 27 22 33 30 11 23 37 28 32 31 19 33 26 23 34 30 38 24 35 28 28 12 37 38 15 34 13 20 13 17 22 25 15 25 24 23 39 37 37 29 32 21 14 13 14 17 33 34 26 27 18 17 37 23 26 12 24 31 36 27 22 31 37 11 33 31 34 26 28 25 25 11 25 15 16 16 18 32 28 31 27 30 29 40 15 26 12 18 19 25 34 16 18 26 11 16 24 20 33 20 26 32 35 36 30 40 12 12 24 27 12 23 27 22 29 26 20 38 29 40 31 24 14 20 35 14 13 36 19 19 28 38 40 32 39 20 39 22 25 22 36 34 16 39 29 23 22 26 18 15 39 21 16 30 35 23 32 26 40 33 25 20 33 19 35 19 15 40 39 38 30 12 18 40 24 25 32 29 26 25 30 34 21 26 23 20 14 27 32 21 17 13 32 21 18 22 19 40 12 34 35 37 35 38 37 16 17 16 29 32 23 15 27 20 37 39 32 35 34 12 31 26 24 40 35 17 14 13 29 21 39 19 34 23 36 22 14 34 20 26 39 26 36 28 37 11 37 39 38 15 32 39 11 29 33 39 26 14 12 15 25 22 14 24 18 39 13 15 35 31 40 30 35 25 38 16 25 20 14 36 36 14 30 25 25 39 40 16 32 26 18 23 18 38 13 32 24 40 18 14 16 40 19 39 33 40 25 20 25 13 22 28 37 29 35 13 13 25 17 17 11 20 37 19 36 26 26 20 24 11 31 40 29 29 27 38 26 16 31 20 21 31 17 29 19 18 31 33 11 20 31 40 13 40 22 35 11 11 38 31 40 17 14 36 11 31 20 17 40 11 11 38 16 23 16 22 34 33 19 26 21 37 31 38 29 18 31 12 13 11 28 25 13 27 23 17
12 9 28 6 17 27 5 22 4 1 10 30 1 10 10 29 13 11 23 22 3 16 19 3 25 6 13 30 13 28 22 24 18 7 10 4 5 12 27 18 7 22 11 6 13 29 18 22 10 7 20 14 22 30 23 29 6 27 10 4 9 14 11 11 30 3 5 11 2 27 9 4 26 20 25 23 8 10 21 3 7 28 25 17 12 25 2 23 16 28 27 5 23 30 4 18 23 21 16 30 18 21 7 17 29 18 29 13 23 30 23 15 7 3 16 18 11 29 27 6 3 26 2 6 2 20 18 23 11 9 7 16 7 26 11 10 21 6 21 3 26 14 7 22 30 17 30 21 19 28 5 16 17 19 23 27 5 12 14 29 23 25 18 11 19 25 13 17 11 27 20 9 18 20 27 5 23 19 20 28 10 9 12 30 20 1 15 26 2 6 23 7 27 17 27 2 25 14 23 1 27 19 26 7 23 11 12 29 27 20 20 4 18 4 8 16 21 26 20 11 2 4 1 10 22 21 26 23 1 23 23 14 28 26 14 4 7 25 6 25 16 17 10 10 7 27 2 2 21 4 16 29 11 26 9 26 5 5 28 22 23 20 8 29 1 3 11 28 21 3 16 7 29 5 8 23 25 10 29 8 1 16 11 10 7 21 14 26 9 28 17 29 15 13 19 20 6 4 2 23 23 30 15 26 17 12 23 20 1 13 27 18 22 21 9 23 16 13 24 20 28 14 25 18 18 2 27 28 5 24 3 10 3 7 12 15 5 15 14 13 29 27 27 19 22 11 4 3 4 7 23 24 16 17 8 7 27 13 16 2 14 21 26 17 12 21 27 1 23 21 24 16 18 15 15 1 15 5 6 6 8 22 18 21 17 20 19 30 5 16 2 8 9 15 24 6 8 16 1 6 14 10 23 10 16 22 25 26 20 30 2 2 14 17 2 13 17 12 19 16 10 28 19 30 21 14 4 10 25 4 3 26 9 9 18 28 30 22 29 10 29 12 15 12 26 24 6 29 19 13 12 16 8 5 29 11 6 20 25 13 22 16 30 23 15 10 23 9 25 9 5 30 29 28 20 2 8 30 14 15 22 19 16 15 20 24 11 16 13 10 4 17 22 11 7 3 22 11 8 12 9 30 2 24 25 27 25 28 27 6 7 6 19 22 13 5 17 10 27 29 22 25 24 2 21 16 14 30 25 7 4 3 19 11 29 9 24 13 26 12 4 24 10 16 29 16 26 18 27 1 27 29 28 5 22 29 1 19 23 29 16 4 2 5 15 12 4 14 8 29 3 5 25 21 30 20 25 15 28 6 15 10 4 26 26 4 20 15 15 29 30 6 22 16 8 13 8 28 3 22 14 30 8 4 6 30 9 29 23 30 15 10 15 3 12 18 27 19 25 3 3 15 7 7 1 10 27 9 26 16 16 10 14 1 21 30 19 19 17 28 16 6 21 10 11 21 7 19 9 8 21 23 1 10 21 30 3 30 12 25 1 1 28 21 30 7 4 26 1 21 10 7 30 1 1 28 6 13 6 12 24 23 9 16 11 27 21 28 19 8 21 2 3 1 18 15 3 17 13 7
0 19 3
201 443 364
0 2 1
83
0 8 5
340 176 0 193 651
4 7 12
53 346 481 138 554 372 686 321 120 538 461 219
0 12 3
116 234 450
0 18 6
484 327 35 110 67 114
0 2 5
197 417 385 151 624
1 4 8
43 328 635 260 50 12 597 480
2 14 9
373 225 355 250 299 347 63 152 601
2 13 7
281 57 665 164 530 226 344
4 5 10
205 379 429 616 236 99 290 487 412 580
2 1 6
623 559 603 421 335 496
3 12 13
204 622 29 395 79 206 106 459 593 469 32 47 406
4 18 10
617 511 272 415 659 438 286 271 277 390
0 13 4
5 525 405 637
4 19 12
648 658 200 101 694 536 655 584 284 664 595 304
4 16 12
81 302 220 318 33 354 61 502 237 453 371 634
0 13 2
123 567
0 6 4
456 46 464 126
0 5 11
396 365 608 307 446 247 557 108 506 442 34
0 16 11
267 294 570 93 626 582 301 2 343 170 132
0 12 5
588 348 16 275 194
2 2 11
178 49 552 298 91 475 8 454 549 215 370
0 10 11
235 244 174 466 381 558 529 159 485 213 179
0 15 3
351 564 139
0 3 3
692 479 400
0 19 5
309 625 295 56 270
1 13 3
259 169 86
1 11 11
673 668 189 317 490 111 672 590 75 165 667
1 2 4
229 66 486 19
0 4 1
447
3 5 15
516 22 528 375 542 610 534 306 131 171 3 203 682 124 680
0 19 4
505 654 621 184
1 1 5
581 280 221 569 576
3 8 8
324 524 661 638 341 129 210 579
0 1 16
388 498 125 671 545 689 332 6 134 383 78 268 157 386 460 241
0 7 5
515 695 352 190 135
1 7 5
44 457 495 109 592
9 21 2
1 65
8 6 4
4 69 175 282
2 30 1
7
2 7 1
9
3 27 1
10
2 11 2
11 677
2 7 1
13
1 17 1
14
3 23 1
15
2 34 1
17
3 24 1
18
1 32 1
20
10 15 2
21 543
2 7 1
23
9 26 3
24 228 403
1 19 1
25
3 18 2
26 666
1 26 1
27
1 23 3
28 121 156
6 16 1
30
6 11 2
31 633
2 21 1
36
1 5 3
37 137 196
1 12 1
38
6 22 2
39 362
8 18 2
40 419
5 23 1
41
3 20 3
42 188 334
1 38 1
45
1 21 1
48
16 37 3
51 89 428
17 27 1
52
4 20 1
54
3 27 1
55
1 37 2
58 431
1 18 1
59
15 21 1
60
1 7 3
62 238 434
3 23 1
64
1 21 1
68
1 5 3
70 330 539
14 9 3
71 186 560
2 15 1
72
1 18 2
73 266
2 7 1
74
1 18 3
76 296 323
1 9 1
77
10 32 1
80
6 20 1
82
2 15 3
84 143 504
2 26 1
85
3 26 3
87 547 636
1 35 2
88 587
1 30 1
90
3 26 1
92
1 12 2
94 474
3 16 2
95 320
1 24 2
96 544
1 6 1
97
1 14 3
98 568 591
12 13 1
100
16 26 2
102 422
2 11 1
103
14 20 1
104
1 7 1
105
3 30 2
107 350
3 24 1
112
4 16 1
113
3 25 1
115
1 5 1
117
1 32 1
118
2 20 1
119
1 7 4
122 162 199 527
1 18 1
127
15 13 1
128
2 6 1
130
1 3 1
133
2 35 2
136 233
2 33 3
140 399 688
2 22 2
141 212
1 15 2
142 698
2 7 2
144 462
1 21 1
145
1 19 1
146
2 38 2
147 618
2 25 1
148
1 20 2
149 572
2 16 1
150
3 13 1
153
1 24 1
154
17 35 2
155 499
3 31 2
158 401
12 14 4
160 218 269 319
1 11 2
161 214
3 9 2
163 540
1 24 1
166
1 34 1
167
3 13 1
168
9 16 1
172
1 21 1
173
5 12 1
177
2 9 1
180
2 28 1
181
3 20 1
182
3 32 2
183 253
1 34 1
185
2 28 1
187
9 22 3
191 589 594
1 8 1
192
1 15 1
195
3 18 1
198
2 14 2
202 493
12 19 1
207
2 22 1
208
1 20 1
209
2 31 2
211 249
2 19 1
216
3 15 1
217
4 27 2
222 632
3 23 2
223 273
10 14 3
224 292 394
3 16 2
227 619
3 18 1
230
3 18 1
231
4 15 1
232
12 29 1
239
2 17 1
240
1 9 1
242
2 11 2
243 264
1 21 1
245
1 5 1
246
1 20 1
248
1 6 1
251
2 14 2
252 467
5 14 1
254
1 16 1
255
4 4 1
256
3 12 1
257
10 9 2
258 423
2 26 1
261
3 31 1
262
1 29 1
263
2 25 1
265
1 19 1
274
2 29 1
276
1 22 1
278
1 12 1
279
1 16 2
283 363
1 18 2
285 526
1 25 2
287 653
1 21 1
288
2 29 1
289
2 23 1
291
12 18 1
293
2 15 1
297
2 16 1
300
10 31 2
303 497
1 34 1
305
10 3 1
308
2 15 1
310
2 19 1
311
2 14 1
312
3 19 2
313 408
1 37 2
314 646
6 6 1
315
2 25 1
316
1 25 2
322 656
2 19 1
325
1 15 1
326
3 20 1
329
3 12 1
331
1 7 1
333
8 12 1
336
1 8 1
337
6 5 2
338 440
12 20 2
339 639
2 17 1
342
1 4 1
345
2 28 1
349
1 15 1
353
2 24 1
356
2 19 1
357
3 21 1
358
1 32 3
359 433 523
10 20 1
360
1 18 1
361
2 26 1
366
1 32 2
367 441
2 11 1
368
3 20 1
369
10 29 1
374
1 27 1
376
1 23 2
377 674
6 6 2
378 409
6 17 1
380
12 30 1
382
8 13 1
384
1 17 1
387
1 7 2
389 669
8 21 1
391
8 18 1
392
1 21 1
393
5 8 1
397
2 5 2
398 430
1 18 1
402
1 35 1
404
1 13 2
407 445
1 37 1
410
1 20 1
411
4 15 1
413
1 17 1
414
9 27 1
416
1 21 2
418 611
10 26 2
420 662
4 9 2
424 563
1 23 2
425 607
1 2 2
426 687
9 33 1
427
3 19 2
432 522
1 32 1
435
14 19 1
436
12 28 1
437
1 24 1
439
3 15 1
444
1 29 2
448 473
1 20 1
449
2 20 2
451 606
17 24 1
452
2 18 1
455
1 27 2
458 574
2 37 1
463
2 3 1
465
1 32 1
468
2 15 1
470
1 16 1
471
2 19 1
472
2 4 2
476 546
1 18 1
477
1 23 1
478
15 23 2
482 509
2 31 1
483
1 27 1
488
3 15 1
489
1 13 1
491
2 10 3
492 644 649
12 25 1
494
2 22 1
500
1 26 1
501
1 15 1
503
6 8 1
507
1 29 1
508
16 34 1
510
1 10 1
512
1 2 1
513
1 11 1
514
4 24 1
517
1 31 2
518 693
3 32 1
519
12 21 1
520
9 15 1
521
15 12 2
531 642
4 21 1
532
10 14 1
533
2 18 1
535
3 26 1
537
1 16 1
541
1 9 2
548 583
1 18 1
550
10 18 2
551 605
1 17 1
553
12 17 2
555 681
2 15 1
556
2 9 1
561
6 2 1
562
2 11 2
565 684
2 16 1
566
1 17 1
571
2 15 1
573
3 19 1
575
2 31 1
577
1 9 1
578
4 7 1
585
2 17 2
586 697
1 16 1
596
1 8 2
598 604
2 5 1
599
2 31 1
600
8 17 1
602
5 11 1
609
1 21 1
612
1 22 1
613
1 15 1
614
3 21 1
615
1 13 1
620
4 10 1
627
2 28 1
628
2 24 1
629
3 27 1
630
2 20 1
631
1 15 1
640
1 22 1
641
1 23 1
643
3 19 1
645
6 9 1
647
1 26 1
650
2 14 1
652
2 3 2
657 683
2 21 2
660 685
1 20 1
663
2 14 1
670
1 20 1
675
1 9 1
676
1 30 1
678
1 20 1
679
9 32 1
690
2 22 1
691
5 15 1
696
1 20 1
699
