1000 447 1550 67
31 26 36 28 13 31 11 40 12 39 32 39 20 38 39 12 30 39 38 39 12 30 31 38 11 26 15 20 30 20 28 34 21 16 14 25 37 16 22 33 33 36 31 33 18 13 28 28 40 16 32 34 25 32 37 38 20 26 20 38 27 11 40 39 13 28 33 15 28 19 36 27 35 30 37 30 24 14 16 34 11 36 22 25 13 24 23 27 35 15 28 23 17 22 22 40 15 18 12 34 36 11 37 12 30 18 20 39 30 19 29 26 20 24 19 24 25 13 17 31 13 36 40 18 21 39 35 11 12 14 21 15 27 32 22 27 21 16 40 38 12 14 35 39 40 16 36 23 29 40 15 28 38 17 20 18 12 19 24 34 23 39 22 26 36 40 16 37 12 32 14 31 37 19 15 23 32 30 39 31 14 26 28 32 34 39 35 14 24 32 14 29 23 15 28 11 24 37 25 12 12 14 15 23 31 28 21 22 24 26 19 33 12 23 11 14 24 15 32 15 40 22 14 17 15 37 23 16 11 20 16 17 17 37 40 24 22 36 39 26 26 34 28 24 38 13 40 12 39 38 29 20 22 15 24 16 30 28 15 38 20 16 33 38 25 39 29 24 12 18 38 20 21 29 37 39 38 27 22 37 15 18 29 30 34 40 32 37 36 17 23 34 14 33 18 29 27 34 12 11 28 14 24 26 36 31 33 39 37 30 17 27 27 24 19 25 40 35 23 32 33 39 22 26 23 29 39 26 17 38 19 13 27 31 16 33 35 36 16 26 22 32 40 22 31 20 15 24 31 29 26 25 38 15 19 40 27 35 35 40 17 13 39 28 39 14 14 38 15 33 39 24 37 17 25 34 40 23 27 12 39 19 28 26 21 20 29 21 20 37 38 11 25 33 25 27 21 19 28 18 25 18 27 17 23 23 33 36 35 15 32 28 40 12 34 32 15 32 18 33 16 39 15 32 30 16 36 16 24 18 38 25 29 27 38 37 36 39 28 28 11 32 30 20 19 11 18 40 22 20 38 17 25 11 25 40 27 37 37 25 18 35 40 33 36 32 27 35 24 15 37 37 11 15 28 16 22 30 26 14 29 28 17 25 11 18 29 19 30 24 11 14 39 12 14 19 12 21 24 37 21 13 35 29 27 29 11 25 31 33 23 30 23 22 23 35 21 38 28 28 15 15 19 31 24 22 31 19 14 32 20 37 15 26 21 19 12 23 11 37 30 20 24 13 17 33 24 12 28 33 36 19 20 19 31 15 24 22 19 20 33 22 22 21 20 35 34 25 17 33 25 15 36 30 30 30 22 23 28 25 18 24 26 28 27 13 31 38 37 25 14 16 36 23 27 19 20 26 25 27 35 13 15 17 32 34 15 38 20 17 28 29 36 14 11 32 37 11 26 26 34 31 17 26 20 23 20 26 12 14 30 17 25 14 39 14 38 16 37 20 20 40 16 23 36 34 38 15 12 29 32 12 38 39 12 25 38 40 34 12 20 24 36 26 12 13 39 28 12 27 28 19 30 28 17 33 21 33 26 15 21 39 16 30 17 19 36 29 32 31 11 19 22 23 36 33 31 13 25 27 12 32 35 40 16 35 39 40 15 38 32 37 20 29 17 36 30 14 40 35 25 18 37 26 37 36 23 31 17 39 36 40 28 37 36 37 37 22 25 11 16 33 25 24 35 37 31 27 16 11 40 19 16 11 36 29 14 37 34 16 34 26 40 26 19 35 30 28 22 35 25 37 18 17 24 19 37 33 24 15 29 40 33 22 26 26 25 31 16 28 31 39 39 31 31 14 12 25 34 34 31 38 32 21 20 30 27 13 18 22 32 16 11 24 17 25 12 38 24 38 14 17 40 18 38 17 36 37 37 13 28 39 29 39 16 20 15 11 14 12 39 19 22 15 25 28 13 23 21 39 27 37 16 11 15 29 21 24 30 21 26 35 20 30 18 16 21 20 34 15 27 27 11 18 18 15 29 14 21 37 34 11 28 16 25 36 38 12 32 35 33 27 25 30 35 33 21 25 14 35 11 29 35 17 17 38 35 36 16 11 40 19 34 14 12 13 19 15 30 20 32 16 21 24 22 25 29 15 36 26 22 34 23 35 39 22 39 35 36 35 21 29 30 24 28 32 32 30 13 21 17 11 35 37 32 29 15 19 38 15 28 37 34 27 22 37 35 21 39 23 18 40 27 17 13 12 12 23 27 19 34 19 37 40 36 34 39 25 23 33 12 36 40 11 21 23 11 19 22 26
21 16 26 18 3 21 1 30 2 29 22 29 10 28 29 2 20 29 28 29 2 20 21 28 1 16 5 10 20 10 18 24 11 6 4 15 27 6 12 23 23 26 21 23 8 3 18 18 30 6 22 24 15 22 27 28 10 16 10 28 17 1 30 29 3 18 23 5 18 9 26 17 25 20 27 20 14 4 6 24 1 26 12 15 3 14 13 17 25 5 18 13 7 12 12 30 5 8 2 24 26 1 27 2 20 8 10 29 20 9 19 16 10 14 9 14 15 3 7 21 3 26 30 8 11 29 25 1 2 4 11 5 17 22 12 17 11 6 30 28 2 4 25 29 30 6 26 13 19 30 5 18 28 7 10 8 2 9 14 24 13 29 12 16 26 30 6 27 2 22 4 21 27 9 5 13 22 20 29 21 4 16 18 22 24 29 25 4 14 22 4 19 13 5 18 1 14 27 15 2 2 4 5 13 21 18 11 12 14 16 9 23 2 13 1 4 14 5 22 5 30 12 4 7 5 27 13 6 1 10 6 7 7 27 30 14 12 26 29 16 16 24 18 14 28 3 30 2 29 28 19 10 12 5 14 6 20 18 5 28 10 6 23 28 15 29 19 14 2 8 28 10 11 19 27 29 28 17 12 27 5 8 19 20 24 30 22 27 26 7 13 24 4 23 8 19 17 24 2 1 18 4 14 16 26 21 23 29 27 20 7 17 17 14 9 15 30 25 13 22 23 29 12 16 13 19 29 16 7 28 9 3 17 21 6 23 25 26 6 16 12 22 30 12 21 10 5 14 21 19 16 15 28 5 9 30 17 25 25 30 7 3 29 18 29 4 4 28 5 23 29 14 27 7 15 24 30 13 17 2 29 9 18 16 11 10 19 11 10 27 28 1 15 23 15 17 11 9 18 8 15 8 17 7 13 13 23 26 25 5 22 18 30 2 24 22 5 22 8 23 6 29 5 22 20 6 26 6 14 8 28 15 19 17 28 27 26 29 18 18 1 22 20 10 9 1 8 30 12 10 28 7 15 1 15 30 17 27 27 15 8 25 30 23 26 22 17 25 14 5 27 27 1 5 18 6 12 20 16 4 19 18 7 15 1 8 19 9 20 14 1 4 29 2 4 9 2 11 14 27 11 3 25 19 17 19 1 15 21 23 13 20 13 12 13 25 11 28 18 18 5 5 9 21 14 12 21 9 4 22 10 27 5 16 11 9 2 13 1 27 20 10 14 3 7 23 14 2 18 23 26 9 10 9 21 5 14 12 9 10 23 12 12 11 10 25 24 15 7 23 15 5 26 20 20 20 12 13 18 15 8 14 16 18 17 3 21 28 27 15 4 6 26 13 17 9 10 16 15 17 25 3 5 7 22 24 5 28 10 7 18 19 26 4 1 22 27 1 16 16 24 21 7 16 10 13 10 16 2 4 20 7 15 4 29 4 28 6 27 10 10 30 6 13 26 24 28 5 2 19 22 2 28 29 2 15 28 30 24 2 10 14 26 16 2 3 29 18 2 17 18 9 20 18 7 23 11 23 16 5 11 29 6 20 7 9 26 19 22 21 1 9 12 13 26 23 21 3 15 17 2 22 25 30 6 25 29 30 5 28 22 27 10 19 7 26 20 4 30 25 15 8 27 16 27 26 13 21 7 29 26 30 18 27 26 27 27 12 15 1 6 23 15 14 25 27 21 17 6 1 30 9 6 1 26 19 4 27 24 6 24 16 30 16 9 25 20 18 12 25 15 27 8 7 14 9 27 23 14 5 19 30 23 12 16 16 15 21 6 18 21 29 29 21 21 4 2 15 24 24 21 28 22 11 10 20 17 3 8 12 22 6 1 14 7 15 2 28 14 28 4 7 30 8 28 7 26 27 27 3 18 29 19 29 6 10 5 1 4 2 29 9 12 5 15 18 3 13 11 29 17 27 6 1 5 19 11 14 20 11 16 25 10 20 8 6 11 10 24 5 17 17 1 8 8 5 19 4 11 27 24 1 18 6 15 26 28 2 22 25 23 17 15 20 25 23 11 15 4 25 1 19 25 7 7 28 25 26 6 1 30 9 24 4 2 3 9 5 20 10 22 6 11 14 12 15 19 5 26 16 12 24 13 25 29 12 29 25 26 25 11 19 20 14 18 22 22 20 3 11 7 1 25 27 22 19 5 9 28 5 18 27 24 17 12 27 25 11 29 13 8 30 17 7 3 2 2 13 17 9 24 9 27 30 26 24 29 15 13 23 2 26 30 1 11 13 1 9 12 16
0 11 8
903 966 60 179 444 692 375 766
3 18 23
98 695 454 287 103 172 79 85 42 503 873 608 490 415 807 163 691 67 278 629 54 339 486
0 10 10
181 12 604 851 283 710 365 178 480 798
3 11 10
472 289 432 297 187 160 784 88 435 701
0 9 2
146 29
1 5 8
825 184 779 49 96 361 816 210
0 18 3
879 508 419
3 17 11
200 338 717 487 261 602 589 393 89 234 620
9 7 21
736 340 14 493 842 753 623 914 284 607 437 857 359 295 138 229 622 266 915 546 195
1 20 17
48 838 918 641 527 326 659 310 983 573 271 332 285 137 17 961 580
1 9 13
142 196 609 455 633 2 298 704 742 10 707 972 125
2 11 7
996 75 276 231 651 509 279
1 15 9
364 547 112 33 382 155 502 64 904
0 10 2
412 101
2 13 8
949 35 124 770 544 223 143 230
3 20 11
848 519 485 202 684 252 316 977 6 115 759
1 9 6
677 665 678 841 193 500
3 14 17
376 859 216 460 258 511 68 28 660 173 674 531 469 80 267 703 343
5 9 15
725 566 561 974 579 718 901 670 923 672 378 612 521 248 738
1 3 8
818 832 968 865 886 556 132 900
0 12 9
559 892 120 209 986 306 135 51 541
0 8 2
222 917
5 13 15
535 344 11 488 175 762 328 756 584 911 76 411 327 878 734
1 6 7
253 237 554 789 722 671 836
0 8 2
871 405
0 1 1
908
4 10 17
274 81 402 969 817 348 255 446 144 30 386 867 752 56 512 277 119
2 5 11
314 954 41 18 774 821 998 9 105 497 399
0 14 5
286 166 826 945 591
5 19 15
264 501 356 426 470 812 864 351 204 368 596 815 823 586 414
1 14 4
418 689 141 510
2 7 8
458 771 906 492 133 808 169 801
9 4 17
822 370 354 99 238 606 751 792 429 94 320 587 681 22 165 626 634
3 13 12
970 930 268 197 342 398 866 239 420 994 523 391
3 11 19
442 724 790 148 4 990 965 636 913 476 650 763 549 207 570 991 513 140 150
6 16 17
87 55 721 694 318 647 201 69 962 40 861 8 757 301 920 478 431
0 9 2
675 598
3 19 17
884 363 257 505 304 728 569 198 785 296 242 236 321 110 36 215 619
2 19 10
847 397 909 456 474 403 975 449 613 740
0 4 3
550 682 885
20 20 2
0 683
8 33 3
1 154 929
10 34 4
3 127 212 643
5 33 1
5
4 37 1
7
6 23 2
13 933
5 18 1
15
1 15 1
16
10 29 1
19
5 19 1
20
2 13 2
21 667
11 21 2
23 495
11 22 1
24
11 24 2
25 758
10 29 1
26
2 24 2
27 993
1 14 2
31 86
1 6 2
32 880
4 31 3
34 44 213
5 19 1
37
8 32 2
38 251
11 32 2
39 134
8 26 3
43 290 555
1 20 1
45
25 23 2
46 387
6 22 2
47 534
8 29 3
50 506 919
8 37 2
52 529
13 15 1
53
5 20 1
57
4 16 1
58
11 33 2
59 220
5 22 2
61 313
4 30 1
62
8 35 1
63
15 39 3
65 92 603
3 27 1
66
8 28 2
70 438
7 31 1
71
22 35 2
72 877
4 29 1
73
7 25 1
74
5 23 1
77
3 33 1
78
2 17 2
82 666
8 23 2
83 810
4 29 1
84
8 32 1
90
7 27 1
91
1 22 2
93 100
4 32 1
95
11 20 3
97 463 780
1 19 2
102 988
9 18 4
104 117 227 795
1 14 1
106
13 22 1
107
5 35 1
108
1 21 2
109 291
7 24 2
111 912
18 24 2
113 275
7 12 2
114 477
4 32 1
116
4 37 2
118 999
1 16 1
121
18 18 1
122
1 21 2
123 835
9 26 1
126
14 14 3
128 270 948
6 29 3
129 377 473
7 24 2
130 839
11 30 2
131 447
2 26 3
136 436 552
7 10 2
139 760
1 26 1
145
1 22 1
147
5 20 1
149
7 16 1
151
7 23 2
152 272
5 35 1
153
11 26 1
156
1 17 2
157 537
1 27 2
158 938
4 17 1
159
4 9 1
161
20 17 1
162
4 19 3
164 656 761
1 19 2
167 530
5 15 2
168 450
2 29 1
170
1 14 1
171
6 20 2
174 404
4 22 1
176
3 18 1
177
3 19 3
180 514 735
1 20 1
182
11 24 1
183
8 38 3
185 388 468
2 18 1
186
7 22 1
188
1 20 1
189
1 24 1
190
1 15 1
191
6 16 2
192 614
7 22 1
194
10 32 5
199 533 583 706 800
11 18 1
203
12 24 2
205 322
4 31 2
206 288
9 20 1
208
10 25 1
211
7 21 3
214 347 896
4 38 4
217 260 282 413
4 21 2
218 324
1 22 1
219
7 24 1
221
5 22 3
224 700 910
12 24 1
225
4 37 1
226
1 13 1
228
1 18 2
232 787
3 17 2
233 616
4 28 3
235 538 846
13 29 4
240 302 582 985
8 31 2
241 329
4 21 2
243 461
4 24 2
244 577
4 27 1
245
7 25 1
246
4 7 1
247
13 27 3
249 345 409
12 18 2
250 743
12 20 3
254 330 905
4 23 1
256
14 21 1
259
25 20 3
262 640 793
7 14 3
263 439 731
1 12 1
265
7 19 1
269
4 19 1
273
5 28 1
280
7 18 3
281 428 889
6 13 1
292
4 23 1
293
1 6 1
294
10 35 1
299
5 14 1
300
1 22 3
303 457 494
6 20 3
305 307 440
6 14 2
308 709
2 30 1
309
9 24 3
311 699 894
11 29 1
312
13 30 2
315 362
1 23 1
317
13 14 1
319
1 28 1
323
5 16 2
325 940
11 27 1
331
7 16 1
333
2 21 1
334
9 26 1
335
4 24 1
336
11 24 1
337
4 11 1
341
9 20 1
346
1 23 1
349
11 30 2
350 951
7 25 2
352 767
8 25 2
353 593
9 21 2
355 621
11 20 2
357 860
1 19 1
358
11 28 1
360
13 21 2
366 809
14 9 2
367 989
4 32 1
369
4 26 3
371 568 592
8 40 1
372
5 25 2
373 392
8 38 1
374
5 34 1
379
6 22 1
380
2 21 2
381 764
2 16 1
383
5 28 3
384 673 959
7 14 1
385
7 21 1
389
7 14 2
390 571
5 11 1
394
5 20 2
395 840
7 9 1
396
12 23 2
400 443
7 18 2
401 799
18 30 1
406
5 31 2
407 532
1 29 1
408
4 19 1
410
1 13 1
416
5 22 2
417 716
12 27 1
421
10 28 3
422 732 737
10 33 2
423 953
2 15 1
424
4 21 2
425 855
4 31 1
427
9 27 1
430
18 15 3
433 746 773
8 31 1
434
7 27 1
441
8 31 1
445
14 24 1
448
7 17 1
451
21 16 1
452
20 29 2
453 777
2 19 1
459
3 18 1
462
9 11 2
464 576
1 22 2
465 749
1 15 1
466
2 19 2
467 712
8 29 1
471
4 29 1
475
1 28 2
479 960
13 26 3
481 548 679
12 30 3
482 664 781
4 17 1
483
10 28 1
484
10 29 3
489 730 955
4 21 1
491
1 28 1
496
7 28 1
498
12 19 1
499
8 30 1
504
2 25 2
507 802
13 28 1
515
6 12 1
516
8 36 2
517 982
5 18 1
518
10 38 2
520 980
1 27 1
522
6 20 1
524
8 27 4
525 729 902 936
2 16 1
526
13 19 2
528 858
6 29 1
536
7 25 1
539
7 32 2
540 782
9 18 1
542
1 16 1
543
2 31 1
545
2 27 2
551 588
4 15 1
553
5 24 1
557
1 18 1
558
11 27 3
560 631 697
10 35 1
562
5 28 1
563
5 12 1
564
14 25 2
565 765
10 37 2
567 932
12 33 1
572
7 21 1
574
4 14 1
575
11 17 1
578
4 17 2
581 652
1 12 1
585
2 22 1
590
10 29 1
594
14 18 3
595 676 944
8 39 4
597 898 987 992
10 23 1
599
20 32 3
600 924 928
1 19 1
601
8 37 1
605
4 18 1
610
15 29 1
611
8 34 1
615
1 20 1
617
3 28 2
618 805
10 31 1
624
4 25 2
625 995
2 17 1
627
4 25 2
628 937
4 21 1
630
7 16 1
632
1 22 1
635
3 33 1
637
5 24 2
638 769
21 25 1
639
8 38 1
642
10 32 1
644
4 29 1
645
1 23 1
646
3 21 1
648
10 27 1
649
10 38 1
653
8 36 1
654
7 14 1
655
11 18 1
657
7 23 1
658
5 10 1
661
7 12 1
662
2 19 2
663 741
6 26 2
668 702
8 24 1
669
12 25 3
680 843 876
2 12 1
685
7 23 1
686
1 23 1
687
22 26 1
688
5 27 2
690 714
5 29 1
693
4 17 1
696
5 11 1
698
5 34 2
705 881
1 24 1
708
4 10 1
711
8 39 1
713
8 33 1
715
10 37 1
719
4 15 1
720
10 26 1
723
7 13 1
726
12 17 1
727
1 18 1
733
8 24 1
739
13 24 1
744
5 15 1
745
1 30 2
747 750
1 28 1
748
11 31 1
754
12 30 3
755 875 941
1 19 1
768
2 23 1
772
2 15 1
775
4 29 1
776
5 13 1
778
9 17 1
783
7 16 1
786
8 30 1
788
13 26 1
791
5 26 2
794 854
1 18 1
796
1 19 1
797
4 30 2
803 897
1 21 1
804
4 15 1
806
1 8 1
811
3 34 1
813
6 16 1
814
10 23 3
819 964 997
5 9 1
820
21 13 1
824
5 19 1
827
13 17 1
828
11 26 1
829
12 18 1
830
12 22 1
831
2 18 1
833
1 17 1
834
1 21 1
837
11 27 1
844
20 22 1
845
2 20 1
849
1 11 1
850
11 22 2
852 891
12 29 1
853
1 16 1
856
13 37 1
862
4 25 1
863
13 36 2
868 888
10 22 1
869
15 31 1
870
4 29 1
872
4 30 1
874
4 16 1
882
12 31 1
883
7 21 2
887 957
1 15 1
890
7 19 1
893
1 26 1
895
2 26 1
899
8 39 2
907 939
15 24 1
916
1 23 1
921
7 10 1
922
8 33 1
925
1 12 1
926
15 33 1
927
7 33 1
931
4 38 1
934
9 18 1
935
7 27 1
942
8 30 1
943
11 16 2
946 958
2 31 1
947
1 11 2
950 976
4 31 1
952
1 10 1
956
4 16 1
963
1 13 1
967
4 22 1
971
9 12 1
973
18 27 1
978
18 20 1
979
5 20 1
981
15 27 1
984
