1000 434 1550 67
36 22 13 24 32 30 32 27 15 23 14 32 25 24 11 25 26 11 27 33 11 13 29 33 22 34 20 14 25 28 11 23 21 21 32 12 25 31 14 18 23 34 22 30 18 37 18 31 17 14 34 35 25 17 26 16 15 40 34 11 23 27 19 35 25 19 24 21 34 31 21 29 19 19 22 35 17 24 32 18 20 29 26 34 28 16 36 36 23 40 19 35 14 40 24 33 38 22 27 14 30 37 13 28 13 16 39 25 28 35 40 40 28 22 31 33 16 31 21 33 36 17 12 27 28 31 19 35 35 22 39 36 16 24 38 18 18 26 13 11 35 20 21 16 24 34 17 16 35 23 32 38 29 11 20 36 25 14 22 22 34 25 34 20 21 15 24 23 31 22 24 38 32 13 15 31 36 32 20 20 23 40 11 28 13 19 29 40 19 31 15 31 13 17 38 33 13 30 21 27 13 23 12 13 28 32 19 14 14 25 14 20 30 11 32 11 20 40 28 24 34 13 16 15 14 19 16 38 28 11 17 35 34 16 18 22 21 25 11 22 40 21 40 29 23 22 12 36 12 29 15 38 13 25 25 19 40 21 11 26 34 26 33 27 28 33 13 39 37 20 36 27 13 18 16 16 38 19 29 37 13 30 36 31 21 24 18 20 13 27 15 39 34 36 29 26 31 16 22 19 14 38 25 40 37 29 26 33 29 13 28 29 36 15 33 22 25 18 32 24 24 20 24 20 15 19 32 40 18 21 29 36 39 28 36 13 33 11 24 40 30 22 22 22 38 11 31 17 20 34 33 25 38 35 39 15 20 17 30 19 33 19 27 35 15 20 27 19 24 25 24 20 17 22 34 15 11 17 23 38 17 26 27 34 16 15 29 19 13 30 30 39 27 33 23 14 14 38 14 38 20 22 33 28 22 27 26 22 36 12 16 28 12 17 14 26 18 39 23 29 36 13 24 36 40 36 37 13 29 27 23 35 31 14 22 21 15 35 21 24 25 21 19 39 31 32 27 27 28 14 18 26 39 20 29 15 11 21 19 11 30 14 31 29 32 15 12 12 17 33 17 40 24 20 40 12 21 21 40 12 39 32 37 40 11 39 16 26 19 33 13 20 27 19 36 40 32 25 17 19 38 34 30 33 30 14 22 17 31 22 11 36 35 18 37 40 14 16 16 24 19 31 34 35 36 26 23 14 34 33 22 39 36 36 37 25 40 19 27 25 29 18 34 21 36 13 25 21 19 23 17 19 23 14 15 26 27 28 22 13 15 34 12 19 13 29 16 31 34 25 16 38 12 39 17 20 12 22 17 27 33 38 13 39 14 21 15 33 14 11 23 18 11 16 11 39 37 38 24 35 28 13 13 25 33 13 19 34 32 21 23 15 24 22 33 19 15 40 35 15 13 18 27 17 19 22 12 15 23 13 27 35 40 40 20 18 21 16 38 17 35 21 25 14 11 34 16 20 26 25 34 22 21 12 28 22 14 15 35 19 13 34 14 15 23 27 25 17 13 12 14 32 27 21 19 29 22 24 11 22 34 12 25 26 29 26 36 15 23 36 27 26 28 26 32 28 39 12 25 11 17 17 34 12 22 39 25 11 23 34 36 25 30 34 16 11 27 14 14 28 21 34 13 35 19 39 35 25 34 33 19 36 26 16 38 19 15 40 28 25 31 38 38 29 37 18 39 29 22 15 29 34 14 13 26 11 37 22 33 11 28 36 33 35 17 40 28 30 37 25 12 34 28 17 39 30 20 35 37 32 13 34 29 40 22 11 23 30 35 36 12 38 14 18 26 22 13 29 18 24 39 13 18 11 22 39 34 28 16 34 15 35 13 22 12 35 40 12 31 26 21 40 25 24 22 22 17 39 21 29 20 33 23 32 31 15 39 13 25 11 15 16 30 11 35 15 21 27 29 39 29 31 20 13 36 21 31 39 34 35 11 35 31 25 29 28 22 18 17 21 27 14 28 34 24 27 25 18 11 36 27 36 37 20 36 30 38 19 18 19 18 35 22 25 27 19 22 40 29 13 36 38 24 17 34 13 30 22 30 30 26 20 32 21 26 13 32 35 21 33 24 16 33 39 40 21 20 12 28 20 37 14 20 37 36 14 14 36 23 35 18 39 24 23 14 21 13 40 31 22 14 36 15 27 36 30 39 17 34 11 23 15 12 26 12 12 21 26 39 12 23 30 25 12 23 33 22 23 36 34 36 14 29 37 15 38 14 21 31 37 20 27 24 39 29 30 15 36 40 38
26 12 3 14 22 20 22 17 5 13 4 22 15 14 1 15 16 1 17 23 1 3 19 23 12 24 10 4 15 18 1 13 11 11 22 2 15 21 4 8 13 24 12 20 8 27 8 21 7 4 24 25 15 7 16 6 5 30 24 1 13 17 9 25 15 9 14 11 24 21 11 19 9 9 12 25 7 14 22 8 10 19 16 24 18 6 26 26 13 30 9 25 4 30 14 23 28 12 17 4 20 27 3 18 3 6 29 15 18 25 30 30 18 12 21 23 6 21 11 23 26 7 2 17 18 21 9 25 25 12 29 26 6 14 28 8 8 16 3 1 25 10 11 6 14 24 7 6 25 13 22 28 19 1 10 26 15 4 12 12 24 15 24 10 11 5 14 13 21 12 14 28 22 3 5 21 26 22 10 10 13 30 1 18 3 9 19 30 9 21 5 21 3 7 28 23 3 20 11 17 3 13 2 3 18 22 9 4 4 15 4 10 20 1 22 1 10 30 18 14 24 3 6 5 4 9 6 28 18 1 7 25 24 6 8 12 11 15 1 12 30 11 30 19 13 12 2 26 2 19 5 28 3 15 15 9 30 11 1 16 24 16 23 17 18 23 3 29 27 10 26 17 3 8 6 6 28 9 19 27 3 20 26 21 11 14 8 10 3 17 5 29 24 26 19 16 21 6 12 9 4 28 15 30 27 19 16 23 19 3 18 19 26 5 23 12 15 8 22 14 14 10 14 10 5 9 22 30 8 11 19 26 29 18 26 3 23 1 14 30 20 12 12 12 28 1 21 7 10 24 23 15 28 25 29 5 10 7 20 9 23 9 17 25 5 10 17 9 14 15 14 10 7 12 24 5 1 7 13 28 7 16 17 24 6 5 19 9 3 20 20 29 17 23 13 4 4 28 4 28 10 12 23 18 12 17 16 12 26 2 6 18 2 7 4 16 8 29 13 19 26 3 14 26 30 26 27 3 19 17 13 25 21 4 12 11 5 25 11 14 15 11 9 29 21 22 17 17 18 4 8 16 29 10 19 5 1 11 9 1 20 4 21 19 22 5 2 2 7 23 7 30 14 10 30 2 11 11 30 2 29 22 27 30 1 29 6 16 9 23 3 10 17 9 26 30 22 15 7 9 28 24 20 23 20 4 12 7 21 12 1 26 25 8 27 30 4 6 6 14 9 21 24 25 26 16 13 4 24 23 12 29 26 26 27 15 30 9 17 15 19 8 24 11 26 3 15 11 9 13 7 9 13 4 5 16 17 18 12 3 5 24 2 9 3 19 6 21 24 15 6 28 2 29 7 10 2 12 7 17 23 28 3 29 4 11 5 23 4 1 13 8 1 6 1 29 27 28 14 25 18 3 3 15 23 3 9 24 22 11 13 5 14 12 23 9 5 30 25 5 3 8 17 7 9 12 2 5 13 3 17 25 30 30 10 8 11 6 28 7 25 11 15 4 1 24 6 10 16 15 24 12 11 2 18 12 4 5 25 9 3 24 4 5 13 17 15 7 3 2 4 22 17 11 9 19 12 14 1 12 24 2 15 16 19 16 26 5 13 26 17 16 18 16 22 18 29 2 15 1 7 7 24 2 12 29 15 1 13 24 26 15 20 24 6 1 17 4 4 18 11 24 3 25 9 29 25 15 24 23 9 26 16 6 28 9 5 30 18 15 21 28 28 19 27 8 29 19 12 5 19 24 4 3 16 1 27 12 23 1 18 26 23 25 7 30 18 20 27 15 2 24 18 7 29 20 10 25 27 22 3 24 19 30 12 1 13 20 25 26 2 28 4 8 16 12 3 19 8 14 29 3 8 1 12 29 24 18 6 24 5 25 3 12 2 25 30 2 21 16 11 30 15 14 12 12 7 29 11 19 10 23 13 22 21 5 29 3 15 1 5 6 20 1 25 5 11 17 19 29 19 21 10 3 26 11 21 29 24 25 1 25 21 15 19 18 12 8 7 11 17 4 18 24 14 17 15 8 1 26 17 26 27 10 26 20 28 9 8 9 8 25 12 15 17 9 12 30 19 3 26 28 14 7 24 3 20 12 20 20 16 10 22 11 16 3 22 25 11 23 14 6 23 29 30 11 10 2 18 10 27 4 10 27 26 4 4 26 13 25 8 29 14 13 4 11 3 30 21 12 4 26 5 17 26 20 29 7 24 1 13 5 2 16 2 2 11 16 29 2 13 20 15 2 13 23 12 13 26 24 26 4 19 27 5 28 4 11 21 27 10 17 14 29 19 20 5 26 30 28
0 12 1
525
5 15 15
642 393 479 854 168 717 303 323 680 814 264 443 434 685 585
2 6 19
797 779 563 313 706 106 787 15 878 557 768 553 75 278 122 982 163 758 318
1 11 21
960 658 91 310 218 994 422 176 737 26 730 742 53 352 251 277 861 381 601 748 447
2 15 18
230 782 634 453 156 283 90 855 411 197 275 124 549 376 928 764 329 437
2 3 9
369 846 181 296 536 929 216 820 701
3 12 9
35 678 605 602 615 294 34 697 221
1 16 7
943 577 825 505 979 460 312
8 18 18
165 66 507 715 464 662 162 990 963 894 977 280 657 852 472 492 446 805
0 20 6
790 964 348 401 298 21
7 17 20
655 869 139 159 266 592 180 520 58 836 147 394 744 375 996 956 366 714 248 571
1 18 14
692 746 637 367 214 190 302 269 957 420 481 767 403 282
0 7 16
980 721 725 346 712 78 672 551 532 17 119 242 600 16 883 689
5 13 13
681 4 913 103 808 641 544 851 798 879 988 550 599
2 20 10
724 152 858 490 80 850 649 832 675 841
1 17 16
413 833 301 135 448 243 235 137 402 800 983 727 386 344 286 249
7 13 16
884 458 608 56 688 953 265 11 62 844 897 547 342 722 433 899
0 14 11
837 65 360 974 539 580 291 693 915 217 613
0 7 1
889
1 16 5
491 512 112 540 477
0 20 2
68 622
3 15 14
827 795 847 509 475 596 390 250 561 228 326 949 14 548
5 14 13
110 196 13 438 489 295 830 690 700 907 981 67 664
1 16 7
327 802 341 973 687 39 755
1 13 7
937 621 526 8 759 61 148
0 2 1
281
4 17 11
146 211 467 901 245 317 591 811 454 667 169
3 2 17
812 101 229 38 912 593 441 924 203 253 676 560 788 696 804 195 363
8 20 21
793 845 885 611 870 331 82 410 745 965 716 987 522 436 533 654 633 69 903 330 882
1 16 13
848 975 635 853 379 73 234 306 100 355 416 704 773
2 20 5
252 172 299 307 595
5 1 14
224 666 908 12 45 734 255 140 786 429 824 494 671 54
0 10 5
902 70 691 457 926
2 9 9
380 356 316 873 210 710 292 200 860
0 13 5
497 179 597 131 911
0 12 1
263
3 3 10
466 947 684 470 728 412 424 378 673 958
0 1 3
920 64 750
0 2 2
707 584
2 22 1
0
8 16 2
1 226
6 33 4
2 108 751 892
10 40 3
3 349 702
1 28 3
5 325 462
6 35 3
6 212 336
2 31 1
7
10 11 2
9 308
6 34 1
10
8 15 1
18
8 28 6
19 117 205 357 456 863
2 16 2
20 946
6 33 2
22 616
8 15 1
23
10 16 1
24
2 28 2
25 55
6 20 1
27
10 40 1
28
11 6 1
29
1 35 3
30 261 770
10 33 1
31
3 18 1
32
5 18 4
33 52 225 978
10 19 4
36 170 332 709
2 22 2
37 951
20 14 2
40 559
6 20 1
41
12 21 1
42
6 26 3
43 473 954
2 5 1
44
11 15 2
46 545
1 36 2
47 524
8 29 1
48
17 23 3
49 143 917
1 22 2
50 262
2 25 2
51 574
8 16 2
57 976
2 38 2
59 382
1 40 2
60 471
10 30 2
63 485
28 31 4
71 340 365 679
5 23 2
72 138
7 32 1
74
8 25 1
76
2 15 1
77
10 38 1
79
2 10 2
81 198
5 27 2
83 154
8 19 1
84
11 16 2
85 789
5 19 2
86 579
3 28 4
87 483 648 930
12 38 2
88 338
8 17 2
89 726
3 21 1
92
7 19 4
93 121 431 598
1 37 1
94
12 33 1
95
6 20 1
96
3 24 3
97 201 781
3 19 2
98 506
3 17 1
99
24 27 1
102
3 27 2
104 149
3 8 1
105
8 22 1
107
12 33 1
109
6 19 4
111 182 191 695
2 18 1
113
5 33 1
114
2 18 2
115 408
3 20 2
116 646
2 23 3
118 735 948
6 31 1
120
2 34 3
123 543 925
2 23 2
125 421
20 19 1
126
6 21 3
127 652 936
2 22 1
128
5 31 1
129
2 10 2
130 711
1 23 1
132
10 18 1
133
8 30 2
134 558
1 29 1
136
11 21 2
141 887
8 29 2
142 945
3 24 1
144
3 15 1
145
6 29 2
150 442
1 26 2
151 204
1 27 2
153 604
21 33 2
155 857
17 4 3
157 320 766
5 26 2
158 404
2 27 2
160 952
7 34 2
161 862
5 30 1
164
6 33 3
166 194 572
1 29 1
167
14 37 3
171 452 806
12 23 2
173 665
1 23 2
174 384
2 40 2
175 831
2 20 1
177
17 16 1
178
12 26 2
183 290
1 34 1
184
6 17 1
185
1 27 1
186
5 33 1
187
14 30 1
188
3 26 2
189 589
2 8 1
192
23 35 3
193 918 961
8 35 3
199 747 877
2 29 1
202
2 25 1
206
10 23 1
207
3 33 1
208
1 21 2
209 289
1 27 1
213
2 37 1
215
1 38 2
219 304
10 33 1
220
3 27 2
222 583
10 34 2
223 568
13 26 1
227
10 27 1
231
8 31 1
232
3 13 2
233 607
5 23 1
236
1 13 1
237
1 25 1
238
6 27 1
239
7 30 1
240
2 40 2
241 272
6 38 1
244
2 24 3
246 270 556
20 14 2
247 868
10 22 1
254
8 34 1
256
2 33 1
257
12 29 3
258 575 971
8 35 1
259
12 32 1
260
1 27 2
267 723
2 15 1
268
10 29 1
271
6 36 4
273 554 612 638
2 24 3
274 513 541
2 17 1
276
21 27 2
279 586
11 12 2
284 439
6 23 1
285
5 19 2
287 419
1 31 2
288 776
10 19 2
293 938
6 26 1
297
14 34 1
300
21 31 3
305 449 838
3 21 1
309
8 31 2
311 880
2 33 3
314 523 972
5 33 1
315
3 19 1
319
13 25 1
321
8 15 3
322 519 542
10 29 1
324
3 14 1
328
3 2 1
333
8 5 1
334
5 25 3
335 866 900
3 26 1
337
3 14 2
339 914
6 19 1
343
3 24 2
345 409
3 29 2
347 444
8 33 2
350 498
6 30 2
351 661
5 26 2
353 632
5 27 1
354
8 16 3
358 686 778
2 23 2
359 718
3 28 1
361
2 17 1
362
10 28 1
364
7 34 2
368 989
1 26 1
370
12 10 1
371
2 29 4
372 514 809 931
5 17 2
373 624
8 26 2
374 488
10 32 1
377
8 17 2
383 698
14 30 1
385
1 30 2
387 736
13 13 2
388 677
1 37 2
389 469
13 25 2
391 660
7 18 3
392 916 932
7 33 1
395
10 3 1
396
1 21 1
397
3 23 1
398
2 36 1
399
5 27 2
400 623
6 30 1
405
8 30 2
406 738
8 29 3
407 576 904
1 34 1
414
5 25 1
415
6 34 2
417 881
1 40 2
418 482
8 28 1
423
11 23 1
425
7 19 1
426
1 28 1
427
10 33 1
428
11 20 1
430
3 22 1
432
8 28 1
435
2 17 1
440
3 25 1
445
6 18 2
450 741
8 28 1
451
10 35 2
455 552
8 28 2
459 895
11 23 1
461
6 31 1
463
21 26 1
465
8 30 1
468
1 15 1
474
1 32 2
476 669
2 29 1
478
12 24 1
480
3 31 1
484
6 15 1
486
1 17 2
487 516
5 31 1
493
3 13 1
495
2 36 1
496
7 30 1
499
2 9 2
500 919
5 26 1
501
12 35 1
502
6 7 1
503
13 15 1
504
3 27 3
508 582 631
3 27 1
510
1 31 1
511
17 17 2
515 538
6 19 1
517
13 18 1
518
2 14 1
521
24 34 1
527
8 32 1
528
7 37 2
529 819
23 37 1
530
6 31 2
531 997
5 25 2
534 565
10 19 1
535
3 3 1
537
3 25 1
546
6 21 3
555 876 986
2 22 1
562
1 18 1
564
6 24 1
566
6 31 3
567 816 871
14 18 1
569
10 36 1
570
5 36 1
573
7 32 2
578 835
6 25 1
581
8 36 2
587 617
3 9 1
588
6 35 2
590 923
2 25 2
594 659
3 26 2
603 794
1 29 1
606
1 15 1
609
6 19 1
610
3 23 1
614
1 14 2
618 636
13 27 1
619
5 36 2
620 653
20 15 2
625 823
2 14 1
626
2 25 1
627
8 22 2
628 763
1 24 1
629
1 19 1
630
1 36 1
639
1 25 2
640 968
1 35 1
643
8 3 1
644
10 34 1
645
1 30 1
647
12 26 1
650
10 35 1
651
1 31 1
656
1 29 1
663
2 30 1
668
2 13 2
670 753
2 36 1
674
1 32 1
682
7 29 2
683 807
6 23 2
694 756
3 9 1
699
2 21 1
703
2 27 1
705
1 34 1
708
5 11 1
713
7 32 2
719 810
21 30 1
720
24 32 1
729
3 28 1
731
8 17 2
732 829
2 22 1
733
14 31 1
739
7 33 2
740 995
3 12 1
743
10 31 1
749
6 18 1
752
8 19 1
754
8 30 1
757
5 29 2
760 799
3 4 2
761 772
5 19 1
762
6 38 1
765
1 32 1
769
14 35 2
771 935
10 5 2
774 939
3 29 1
775
3 28 1
777
6 32 1
780
13 32 1
783
6 31 1
784
8 36 2
785 927
3 15 1
791
12 27 2
792 955
8 18 1
796
1 27 1
801
1 36 1
803
5 29 1
813
24 38 1
815
3 19 1
817
5 30 1
818
3 20 1
821
1 30 1
822
13 29 2
826 828
3 27 1
834
6 22 1
839
8 14 2
840 898
6 9 1
842
2 38 2
843 874
8 20 1
849
6 32 1
856
3 14 1
859
5 22 1
864
3 27 1
865
2 18 1
867
2 25 1
872
3 14 1
875
2 5 1
886
6 35 1
888
12 40 2
890 959
24 33 1
891
1 16 1
893
6 9 1
896
2 27 1
905
1 25 1
906
6 28 1
909
1 16 1
910
10 17 1
921
17 20 1
922
5 26 1
933
5 13 1
934
1 32 1
940
2 23 1
941
10 33 1
942
10 37 1
944
10 35 1
950
2 20 1
962
2 37 1
966
10 28 1
967
20 21 1
969
11 17 1
970
2 23 1
984
1 29 1
985
8 30 1
991
3 26 1
992
2 20 1
993
6 8 1
998
3 16 1
999
