700 94 1085 20
22 14 21 34 18 16 15 23 16 16 16 17 35 27 28 16 40 32 31 22 19 23 35 31 35 25 12 11 11 14 15 17 33 29 15 34 28 27 31 19 25 14 20 33 24 20 13 17 35 29 22 14 32 34 24 31 26 33 35 28 18 25 29 40 39 27 39 13 32 19 29 34 22 26 38 29 34 11 37 35 32 25 23 40 27 39 26 28 29 34 33 13 28 28 20 25 24 25 18 29 21 32 18 30 33 21 15 17 21 19 27 20 14 26 28 39 19 20 28 20 20 27 12 34 14 31 17 28 16 28 36 25 17 12 36 32 25 23 29 33 26 23 12 36 16 40 20 12 25 32 21 34 21 35 22 33 30 12 17 39 18 29 26 34 23 11 14 19 15 39 23 27 11 30 16 13 23 39 35 14 34 34 20 32 22 19 32 13 38 37 12 27 20 22 35 29 37 13 20 20 38 34 23 21 36 17 38 34 29 12 38 34 22 35 28 14 38 14 28 32 33 21 25 18 30 28 39 26 34 18 35 25 28 40 20 17 21 38 17 13 14 32 22 30 17 27 38 37 11 20 27 37 38 13 33 40 13 31 35 37 27 13 19 11 12 15 33 13 29 19 20 32 35 30 22 15 33 37 16 21 31 11 38 23 14 29 17 16 12 12 34 32 27 38 15 31 25 32 28 37 33 17 27 31 30 25 18 39 21 27 28 25 36 37 18 12 18 36 23 26 39 37 19 33 25 32 30 25 24 19 28 19 26 38 16 15 32 37 33 14 39 22 40 13 40 21 13 40 27 35 20 16 25 37 18 18 16 20 12 28 12 20 28 23 20 14 13 28 24 21 12 25 20 12 29 36 23 17 19 26 32 16 29 27 40 27 13 22 32 34 11 35 39 37 25 28 32 25 11 24 33 38 32 35 38 37 34 21 11 39 31 27 12 15 24 37 34 33 19 29 21 24 14 38 16 23 22 23 22 28 23 11 30 11 17 33 34 25 11 38 24 21 33 15 18 39 17 40 16 31 38 11 36 22 31 27 18 34 17 33 18 22 16 27 20 35 34 39 15 22 17 31 30 28 30 17 12 33 12 35 16 12 37 35 25 11 33 17 38 38 38 21 39 39 15 11 37 40 29 25 22 21 18 19 12 34 38 24 13 39 30 38 12 32 13 25 16 36 21 22 22 22 23 21 17 24 20 19 26 16 23 30 27 30 37 24 31 26 37 29 16 17 29 40 11 30 24 12 18 11 29 34 16 19 32 40 12 24 15 22 27 14 39 35 11 20 38 12 16 37 34 35 11 35 32 29 38 25 14 25 33 22 32 19 27 14 32 22 12 36 13 14 21 18 40 30 18 39 28 32 16 33 14 34 19 39 19 35 28 32 34 36 39 14 35 11 24 26 30 38 31 17 25 27 32 26 29 24 19 12 34 37 37 30 18 40 32 16 21 27 30 24 26 40 24 29 19 11 20 24 21 17 24 13 12 20 39 17 12 30 24 11 31 15 23 32 36 16 16 23 21 28 12 34 23 14 25 25 38 40 36 29 34 22 25 13 14 12 23 36 35 27 33 36 15 24 28 35 30 20
12 4 11 24 8 6 5 13 6 6 6 7 25 17 18 6 30 22 21 12 9 13 25 21 25 15 2 1 1 4 5 7 23 19 5 24 18 17 21 9 15 4 10 23 14 10 3 7 25 19 12 4 22 24 14 21 16 23 25 18 8 15 19 30 29 17 29 3 22 9 19 24 12 16 28 19 24 1 27 25 22 15 13 30 17 29 16 18 19 24 23 3 18 18 10 15 14 15 8 19 11 22 8 20 23 11 5 7 11 9 17 10 4 16 18 29 9 10 18 10 10 17 2 24 4 21 7 18 6 18 26 15 7 2 26 22 15 13 19 23 16 13 2 26 6 30 10 2 15 22 11 24 11 25 12 23 20 2 7 29 8 19 16 24 13 1 4 9 5 29 13 17 1 20 6 3 13 29 25 4 24 24 10 22 12 9 22 3 28 27 2 17 10 12 25 19 27 3 10 10 28 24 13 11 26 7 28 24 19 2 28 24 12 25 18 4 28 4 18 22 23 11 15 8 20 18 29 16 24 8 25 15 18 30 10 7 11 28 7 3 4 22 12 20 7 17 28 27 1 10 17 27 28 3 23 30 3 21 25 27 17 3 9 1 2 5 23 3 19 9 10 22 25 20 12 5 23 27 6 11 21 1 28 13 4 19 7 6 2 2 24 22 17 28 5 21 15 22 18 27 23 7 17 21 20 15 8 29 11 17 18 15 26 27 8 2 8 26 13 16 29 27 9 23 15 22 20 15 14 9 18 9 16 28 6 5 22 27 23 4 29 12 30 3 30 11 3 30 17 25 10 6 15 27 8 8 6 10 2 18 2 10 18 13 10 4 3 18 14 11 2 15 10 2 19 26 13 7 9 16 22 6 19 17 30 17 3 12 22 24 1 25 29 27 15 18 22 15 1 14 23 28 22 25 28 27 24 11 1 29 21 17 2 5 14 27 24 23 9 19 11 14 4 28 6 13 12 13 12 18 13 1 20 1 7 23 24 15 1 28 14 11 23 5 8 29 7 30 6 21 28 1 26 12 21 17 8 24 7 23 8 12 6 17 10 25 24 29 5 12 7 21 20 18 20 7 2 23 2 25 6 2 27 25 15 1 23 7 28 28 28 11 29 29 5 1 27 30 19 15 12 11 8 9 2 24 28 14 3 29 20 28 2 22 3 15 6 26 11 12 12 12 13 11 7 14 10 9 16 6 13 20 17 20 27 14 21 16 27 19 6 7 19 30 1 20 14 2 8 1 19 24 6 9 22 30 2 14 5 12 17 4 29 25 1 10 28 2 6 27 24 25 1 25 22 19 28 15 4 15 23 12 22 9 17 4 22 12 2 26 3 4 11 8 30 20 8 29 18 22 6 23 4 24 9 29 9 25 18 22 24 26 29 4 25 1 14 16 20 28 21 7 15 17 22 16 19 14 9 2 24 27 27 20 8 30 22 6 11 17 20 14 16 30 14 19 9 1 10 14 11 7 14 3 2 10 29 7 2 20 14 1 21 5 13 22 26 6 6 13 11 18 2 24 13 4 15 15 28 30 26 19 24 12 15 3 4 2 13 26 25 17 23 26 5 14 18 25 20 10
1 7 5
335 425 187 379 643
1 6 9
295 222 631 507 399 413 294 204 551
1 7 8
505 554 308 55 408 629 489 426
1 4 12
579 79 211 43 61 113 459 172 664 267 561 575
1 7 9
281 670 163 650 406 252 529 316 466
1 9 5
341 8 153 378 477
1 7 8
691 477 89 440 71 375 327 339
1 14 7
194 217 245 314 436 463 476
1 5 13
112 151 694 14 141 338 483 585 605 42 209 230 537
1 10 5
433 337 181 52 394
1 17 6
259 522 673 242 511 527
1 5 12
657 153 124 553 160 169 340 287 95 520 186 76
1 7 10
533 445 625 191 238 12 265 29 331 375
1 11 5
634 555 101 364 488
1 13 7
698 255 435 518 81 533 606
1 3 18
404 127 531 271 621 86 273 189 149 591 540 665 92 158 174 327 419 580
1 5 12
13 210 362 683 432 452 523 246 365 70 23 189
1 4 13
164 368 137 84 616 380 572 586 442 565 102 524 600
1 7 9
150 274 627 623 155 313 525 324 501
1 9 7
352 80 69 604 254 496 520
1 6 12
412 448 54 105 206 478 573 216 401 330 485 660
1 9 5
661 262 118 137 407
1 14 5
125 355 30 116 335
1 4 15
674 567 455 382 521 3 594 680 28 566 201 82 76 328 564
1 4 14
332 302 316 400 56 454 584 463 100 90 81 57 115 286
1 13 5
128 430 614 538 439
1 4 15
58 398 195 208 675 496 133 660 441 314 654 536 500 98 313
1 5 13
439 628 88 298 381 237 213 180 526 209 162 83 249
1 6 9
228 348 678 83 374 188 547 659 550
1 4 7
67 198 644 686 431 192 450
1 26 2
35 467
1 14 5
633 4 17 264 376
1 3 14
527 444 93 215 114 152 532 685 395 491 667 264 666 288
1 4 14
72 154 7 167 618 304 73 610 612 639 283 139 632 617
1 8 7
193 468 44 687 405 63 200
1 7 9
504 358 40 519 590 257 543 103 570
1 5 10
225 603 41 171 655 87 15 177 513 267
1 1 2
658 549
1 11 4
422 293 485 598
1 4 14
646 692 98 556 638 503 27 599 417 619 325 560 69 283
1 6 10
409 462 534 224 699 18 219 580 285 54
1 4 16
53 21 136 34 635 17 300 126 122 578 486 418 469 145 215 296
1 3 14
174 220 131 184 383 135 229 30 389 428 474 363 695 1
1 7 11
476 562 386 649 19 312 438 163 329 538 664
1 4 12
349 359 345 602 288 624 671 645 640 494 38 188
1 4 12
583 369 366 305 421 688 588 223 682 4 19 361
1 9 8
641 607 681 449 582 200 310 384
1 4 15
279 495 250 684 390 346 231 378 506 493 202 159 97 337 379
1 4 13
697 179 436 606 510 511 339 203 46 564 480 289 190
1 5 10
138 119 552 367 60 68 451 343 82 530
1 16 6
134 652 290 166 190 590
1 7 10
6 47 689 2 377 243 497 94 11 582
1 6 5
548 227 197 470 294
1 3 16
107 481 546 326 668 156 173 475 176 183 696 608 241 371 136 202
1 7 11
391 360 235 66 315 123 116 148 342 483 638
1 5 14
59 669 589 524 328 447 324 443 596 317 233 429 196 688
1 15 4
85 9 36 183
1 17 4
292 509 402 14
1 6 10
372 161 24 677 120 45 129 109 389 534
1 3 16
472 690 357 385 542 77 331 581 140 575 248 221 278 167 509 633
1 7 8
5 199 344 651 261 299 423 309
1 14 5
110 415 663 165 382
1 16 3
25 277 396
1 6 9
117 106 551 446 515 466 143 108 661
1 12 5
611 387 508 500 651
1 10 5
232 111 587 291 94
1 5 14
321 185 411 499 576 384 498 484 397 457 592 2 177 362
1 10 7
544 0 354 492 106 124 172
1 6 7
577 647 168 501 352 540 684
1 7 5
144 336 10 460 72
1 5 12
679 615 569 147 539 102 26 393 182 272 121 360
1 5 9
57 230 517 323 214 296 306 693 175
1 11 5
301 333 284 431 584
1 7 8
342 226 148 251 11 545 559 541
1 6 10
204 157 16 330 609 62 620 260 558 88
1 5 11
637 424 537 593 426 49 347 676 132 240 130
1 10 6
512 458 630 142 355 531
1 4 11
388 51 1 109 236 48 419 626 570 427 572
1 4 14
482 370 392 456 142 74 563 270 416 244 490 453 22 73
1 9 9
568 465 103 78 471 247 576 586 665
1 4 9
434 253 636 502 249 329 39 205 40
1 5 14
351 653 403 601 373 31 361 75 642 63 213 493 536 596
1 3 7
356 91 376 29 613 234 422
1 5 4
487 600 322 518
1 4 15
311 557 461 280 269 145 64 256 33 437 319 242 390 605 677
1 6 11
165 410 146 258 65 276 266 97 307 58 60
1 8 9
353 212 672 643 479 170 595 131 268
1 5 12
178 648 196 218 99 656 297 166 350 597 38 695
1 10 7
334 282 516 530 32 447 630
1 23 3
320 473 400
1 7 8
303 37 420 275 571 207 528 541
1 3 16
115 286 514 239 574 104 50 268 414 464 535 622 318 662 79 642
1 10 4
96 450 20 407
1 9 3
263 310 451
