500 88 775 20
25 18 14 29 37 24 37 37 30 38 26 14 22 40 31 27 21 29 36 11 18 27 25 12 35 23 40 20 33 31 39 12 37 33 20 18 32 27 32 16 26 33 36 12 28 35 23 30 28 32 28 27 35 20 29 36 35 16 14 39 28 20 29 17 31 34 13 24 35 34 12 35 22 31 18 20 11 18 19 32 13 23 37 38 28 36 22 26 21 30 17 18 27 25 28 28 34 27 19 26 33 26 26 39 39 15 34 35 16 19 40 38 35 26 16 34 12 35 40 33 19 20 29 21 14 14 12 38 24 28 19 19 34 33 19 34 23 31 17 25 37 24 13 21 12 30 11 34 15 32 29 32 40 33 24 21 20 11 30 16 11 28 29 12 20 37 12 38 17 37 25 17 24 32 13 23 13 36 23 25 32 14 33 26 13 25 15 40 27 24 40 22 24 16 22 17 37 25 16 21 29 22 15 32 35 16 16 35 12 28 16 21 19 32 33 39 39 32 19 37 14 25 33 35 39 15 39 16 27 20 30 23 25 28 23 31 36 20 37 17 27 40 19 17 32 12 30 17 27 30 39 29 33 31 35 33 31 37 15 18 18 16 27 35 21 15 12 18 38 36 32 40 38 31 23 24 20 38 23 14 22 13 20 27 16 20 15 30 32 14 22 18 17 30 23 25 35 27 39 30 26 23 16 24 12 19 23 31 17 20 30 12 28 27 38 40 29 37 18 30 27 36 23 36 22 13 19 31 27 28 36 21 34 37 23 12 39 16 19 33 21 22 28 24 40 39 19 36 30 36 24 11 26 17 29 28 28 20 40 27 12 27 13 37 31 16 38 22 36 33 30 16 19 39 13 36 17 36 19 29 19 27 34 34 25 38 40 19 20 20 12 31 39 32 12 32 35 25 32 17 15 11 37 26 12 13 38 13 34 22 26 19 30 29 25 20 32 21 39 27 19 35 22 24 24 15 37 19 31 23 35 27 16 25 11 32 17 17 25 21 14 13 30 26 34 23 13 28 37 28 12 12 18 16 18 11 16 31 28 23 35 13 12 18 31 36 24 29 16 18 30 35 23 17 32 24 21 38 26 20 39 22 33 13 32 23 37 34 20 12 17 40 15 25 15 28 19 11 34 38
15 8 4 19 27 14 27 27 20 28 16 4 12 30 21 17 11 19 26 1 8 17 15 2 25 13 30 10 23 21 29 2 27 23 10 8 22 17 22 6 16 23 26 2 18 25 13 20 18 22 18 17 25 10 19 26 25 6 4 29 18 10 19 7 21 24 3 14 25 24 2 25 12 21 8 10 1 8 9 22 3 13 27 28 18 26 12 16 11 20 7 8 17 15 18 18 24 17 9 16 23 16 16 29 29 5 24 25 6 9 30 28 25 16 6 24 2 25 30 23 9 10 19 11 4 4 2 28 14 18 9 9 24 23 9 24 13 21 7 15 27 14 3 11 2 20 1 24 5 22 19 22 30 23 14 11 10 1 20 6 1 18 19 2 10 27 2 28 7 27 15 7 14 22 3 13 3 26 13 15 22 4 23 16 3 15 5 30 17 14 30 12 14 6 12 7 27 15 6 11 19 12 5 22 25 6 6 25 2 18 6 11 9 22 23 29 29 22 9 27 4 15 23 25 29 5 29 6 17 10 20 13 15 18 13 21 26 10 27 7 17 30 9 7 22 2 20 7 17 20 29 19 23 21 25 23 21 27 5 8 8 6 17 25 11 5 2 8 28 26 22 30 28 21 13 14 10 28 13 4 12 3 10 17 6 10 5 20 22 4 12 8 7 20 13 15 25 17 29 20 16 13 6 14 2 9 13 21 7 10 20 2 18 17 28 30 19 27 8 20 17 26 13 26 12 3 9 21 17 18 26 11 24 27 13 2 29 6 9 23 11 12 18 14 30 29 9 26 20 26 14 1 16 7 19 18 18 10 30 17 2 17 3 27 21 6 28 12 26 23 20 6 9 29 3 26 7 26 9 19 9 17 24 24 15 28 30 9 10 10 2 21 29 22 2 22 25 15 22 7 5 1 27 16 2 3 28 3 24 12 16 9 20 19 15 10 22 11 29 17 9 25 12 14 14 5 27 9 21 13 25 17 6 15 1 22 7 7 15 11 4 3 20 16 24 13 3 18 27 18 2 2 8 6 8 1 6 21 18 13 25 3 2 8 21 26 14 19 6 8 20 25 13 7 22 14 11 28 16 10 29 12 23 3 22 13 27 24 10 2 7 30 5 15 5 18 9 1 24 28
1 5 8
74 146 57 101 36 214 252 437
1 6 8
142 54 495 485 442 200 435 402
1 5 8
282 139 410 296 308 381 98 141
1 10 5
392 100 334 150 467
1 6 10
263 114 27 72 84 89 333 169 134 21
1 6 11
40 213 4 112 302 236 401 157 60 85 335
1 21 2
321 15
1 21 2
352 448
1 5 9
49 494 159 31 56 37 266 163 487
1 5 10
132 153 240 353 414 304 405 355 335 235
1 7 8
470 419 209 230 9 418 434 300
1 5 10
331 206 459 52 273 413 216 342 311 480
1 11 5
18 351 356 3 401
1 7 8
20 229 492 109 48 332 24 345
1 19 4
107 172 156 492
1 11 4
276 306 333 409
1 4 4
176 497 388 265
1 14 6
46 183 70 103 190 316
1 14 5
55 477 314 450 246
1 6 12
312 323 386 409 337 466 102 203 289 32 113 365
1 22 6
190 189 158 200 212 497
1 10 6
92 444 232 104 328 227
1 5 12
35 10 106 199 498 383 382 394 148 26 131 198
1 5 9
145 64 124 113 396 468 446 162 416
1 6 11
62 219 257 165 68 16 212 38 280 117 412
1 14 4
177 491 436 428
1 11 5
85 226 453 370 479
1 5 6
452 168 11 126 364 384
1 12 5
417 349 265 186 474
1 8 6
29 478 488 185 103 154
1 5 9
95 307 455 71 125 301 14 395 348
1 6 7
493 438 281 256 17 426 247
1 4 10
261 294 305 158 267 50 454 403 193 414
1 5 3
411 70 269
1 7 9
481 364 287 369 122 272 152 344 253
1 9 5
443 137 182 173 251
1 14 5
320 8 484 102 295
1 7 8
43 245 61 6 28 188 42 241
1 5 4
407 489 303 204
1 19 5
149 99 79 163 454
1 9 7
472 144 482 130 63 106 313
1 10 5
120 376 486 51 254
1 9 8
469 224 243 286 412 120 324 459
1 4 10
404 231 270 75 462 262 166 399 5 32
1 4 9
78 138 180 420 128 60 58 25 348
1 6 9
346 41 316 449 117 221 298 380 228
1 16 4
422 235 238 447
1 23 4
406 233 155 259
1 9 6
350 322 119 81 339 351
1 2 4
441 23 138 167
1 8 4
44 284 259 146
1 9 4
457 205 195 458
1 10 6
167 330 398 433 34 161
1 19 5
354 250 127 395 450
1 9 7
373 246 94 326 156 14 58
1 25 4
65 375 33 125
1 8 6
129 222 297 318 123 236
1 13 4
423 475 315 460
1 14 6
111 248 325 385 68 341
1 7 2
131 400
1 2 10
292 463 445 116 425 432 461 164 264 491
1 10 9
336 458 473 135 225 62 255 334 438
1 6 12
91 291 207 430 258 211 471 345 278 29 296 419
1 6 6
105 361 88 218 431 174
1 15 3
47 476 469
1 8 8
363 379 366 1 483 241 147 78
1 5 8
110 340 309 237 360 343 220 178
1 5 10
174 249 496 451 87 310 268 317 196 288
1 8 8
429 319 13 126 275 19 423 452
1 18 3
187 456 271
1 5 9
367 324 329 96 77 371 161 76 173
1 7 8
215 97 90 279 93 384 269 205
1 10 3
179 198 350
1 5 10
59 293 82 184 115 421 424 24 223 377
1 6 9
271 283 227 374 359 79 22 33 30
1 6 10
368 175 21 39 274 427 53 132 210 404
1 7 9
341 80 118 160 63 378 83 290 369
1 19 4
255 197 43 446
1 5 5
208 490 192 372 464
1 5 9
69 194 133 234 143 86 313 391 499
1 11 4
66 151 12 178
1 4 10
338 181 295 390 415 393 186 239 45 253
1 6 7
244 285 439 191 136 362 73
1 9 6
204 358 108 260 357 389
1 14 3
171 464 56
1 6 12
121 2 299 140 217 242 201 474 26 35 273 319
1 5 11
210 67 0 387 465 7 408 447 327 23 251
1 6 9
440 397 170 277 365 347 155 202 180
