500 93 775 20
29 13 31 33 20 12 22 34 39 28 30 14 15 25 19 19 39 30 29 29 23 38 21 35 27 31 20 38 19 19 37 30 22 26 26 24 20 18 35 18 28 27 33 38 19 24 18 29 32 36 14 24 25 35 35 32 21 24 31 12 37 25 33 17 22 18 33 29 14 21 14 40 18 31 21 34 12 17 31 27 19 12 17 19 14 34 29 18 23 22 21 20 27 19 21 17 21 32 25 32 40 12 39 34 20 16 26 34 35 36 31 18 20 37 22 20 16 13 34 18 12 34 39 11 30 36 27 37 11 37 24 14 40 22 29 12 21 24 17 39 17 20 38 29 36 23 28 23 18 22 15 17 38 27 34 34 15 17 25 31 22 11 29 28 15 31 12 27 39 14 27 31 27 37 39 40 11 12 32 27 11 32 31 22 33 11 22 27 19 27 36 18 31 17 21 40 16 17 30 30 21 32 16 11 23 24 16 13 39 35 36 30 24 11 15 27 36 26 25 38 11 27 27 15 30 11 22 33 22 35 21 37 40 38 20 36 27 31 40 17 39 32 30 40 30 29 25 33 33 37 21 31 25 35 39 20 30 16 23 11 20 39 34 20 26 28 13 29 16 25 26 20 14 31 22 23 20 21 28 20 32 23 18 22 38 33 37 38 21 32 29 21 17 13 33 34 30 17 25 31 28 12 15 24 11 12 31 29 32 17 12 37 25 35 18 38 30 25 23 29 33 24 39 12 34 14 18 14 34 40 39 35 33 22 24 37 19 32 15 35 27 27 34 18 21 22 36 26 30 11 12 33 23 31 20 25 40 26 34 34 32 39 28 16 21 14 28 30 20 25 29 17 34 17 29 36 38 37 34 34 17 32 24 25 39 35 25 15 13 17 11 28 37 22 19 13 35 28 27 19 27 28 37 32 13 23 22 29 22 36 28 38 19 22 34 27 26 34 40 31 25 20 20 39 27 36 37 26 33 39 39 21 34 13 27 20 25 35 18 36 40 13 12 16 13 11 32 19 19 38 17 40 14 37 15 31 39 40 33 40 25 28 29 33 38 38 23 34 27 20 14 29 22 20 31 16 13 32 39 24 24 33 37 27 12 24 21 29 15 21 38 26 19 23 20 12 39 19 40 28
19 3 21 23 10 2 12 24 29 18 20 4 5 15 9 9 29 20 19 19 13 28 11 25 17 21 10 28 9 9 27 20 12 16 16 14 10 8 25 8 18 17 23 28 9 14 8 19 22 26 4 14 15 25 25 22 11 14 21 2 27 15 23 7 12 8 23 19 4 11 4 30 8 21 11 24 2 7 21 17 9 2 7 9 4 24 19 8 13 12 11 10 17 9 11 7 11 22 15 22 30 2 29 24 10 6 16 24 25 26 21 8 10 27 12 10 6 3 24 8 2 24 29 1 20 26 17 27 1 27 14 4 30 12 19 2 11 14 7 29 7 10 28 19 26 13 18 13 8 12 5 7 28 17 24 24 5 7 15 21 12 1 19 18 5 21 2 17 29 4 17 21 17 27 29 30 1 2 22 17 1 22 21 12 23 1 12 17 9 17 26 8 21 7 11 30 6 7 20 20 11 22 6 1 13 14 6 3 29 25 26 20 14 1 5 17 26 16 15 28 1 17 17 5 20 1 12 23 12 25 11 27 30 28 10 26 17 21 30 7 29 22 20 30 20 19 15 23 23 27 11 21 15 25 29 10 20 6 13 1 10 29 24 10 16 18 3 19 6 15 16 10 4 21 12 13 10 11 18 10 22 13 8 12 28 23 27 28 11 22 19 11 7 3 23 24 20 7 15 21 18 2 5 14 1 2 21 19 22 7 2 27 15 25 8 28 20 15 13 19 23 14 29 2 24 4 8 4 24 30 29 25 23 12 14 27 9 22 5 25 17 17 24 8 11 12 26 16 20 1 2 23 13 21 10 15 30 16 24 24 22 29 18 6 11 4 18 20 10 15 19 7 24 7 19 26 28 27 24 24 7 22 14 15 29 25 15 5 3 7 1 18 27 12 9 3 25 18 17 9 17 18 27 22 3 13 12 19 12 26 18 28 9 12 24 17 16 24 30 21 15 10 10 29 17 26 27 16 23 29 29 11 24 3 17 10 15 25 8 26 30 3 2 6 3 1 22 9 9 28 7 30 4 27 5 21 29 30 23 30 15 18 19 23 28 28 13 24 17 10 4 19 12 10 21 6 3 22 29 14 14 23 27 17 2 14 11 19 5 11 28 16 9 13 10 2 29 9 30 18
1 9 8
238 477 339 152 246 186 6 451
1 7 8
467 91 452 360 437 69 357 309
1 13 6
62 270 169 22 347 404
1 5 11
218 86 108 301 177 323 338 346 317 60 222
1 5 9
13 354 58 454 388 374 72 198 71
1 7 8
356 175 295 67 412 330 24 124
1 11 4
393 78 389 232
1 13 7
216 381 341 208 45 195 443
1 10 5
93 358 465 40 87
1 9 7
165 429 160 434 106 411 18
1 7 8
16 164 485 132 280 408 217 178
1 5 9
19 221 304 268 305 481 410 257 49
1 11 5
273 480 98 66 255
1 7 6
3 337 111 213 181 472
1 26 4
490 75 278 359
1 11 5
237 385 236 468 211
1 11 6
56 129 310 278 155 186
1 11 5
45 316 336 64 406
1 11 3
109 282 29
1 10 7
464 207 145 176 154 306 473
1 8 8
390 137 328 20 417 21 91 189
1 8 3
183 302 303
1 5 9
214 252 170 442 365 297 307 38 254
1 12 4
244 242 240 5
1 11 6
340 459 114 168 413 298
1 10 5
115 376 265 223 428
1 5 12
375 197 172 248 61 308 254 349 148 486 215 438
1 19 4
117 478 451 226
1 12 5
31 224 226 449 96
1 8 5
432 135 134 441 94
1 9 4
271 267 438 48
1 10 3
379 116 433
1 19 4
51 324 418 488
1 9 5
188 470 95 174 114
1 12 5
484 487 372 359 47
1 6 7
382 364 206 466 36 394 8
1 9 6
396 26 32 37 187 204
1 4 13
39 366 397 59 105 387 9 471 455 36 94 197 382
1 9 6
184 258 139 335 426 462
1 13 6
194 85 458 456 231 258
1 5 11
191 380 179 494 92 443 473 377 419 180 272
1 2 3
476 180 460
1 13 4
156 332 415 280
1 9 7
275 482 291 361 49 220 1
1 7 7
167 392 57 97 276 269 101
1 22 3
402 391 344
1 24 3
329 319 343
1 6 11
491 187 74 294 298 10 89 51 123 383 413
1 7 7
247 215 190 33 495 407 113
1 7 7
159 195 154 147 277 334 25
1 5 10
239 81 293 453 492 421 48 28 489 427
1 9 6
241 457 76 64 435 423
1 5 10
212 162 203 227 399 35 351 256 107 331
1 16 5
149 211 65 138 486
1 6 6
259 131 82 17 54 152
1 9 7
42 286 325 384 123 130 184
1 8 9
395 171 498 104 50 288 11 346 358
1 5 9
497 228 499 125 83 405 141 193 139
1 18 3
493 262 368
1 5 8
68 414 90 245 146 406 488 12
1 7 4
70 431 201 277
1 4 10
285 445 202 266 264 439 234 474 303 422
1 16 4
309 229 115 419
1 8 6
299 352 475 204 104 321
1 7 9
373 284 424 54 368 142 418 311 484
1 7 9
22 496 327 151 121 15 200 322 21
1 8 6
283 398 143 136 355 261
1 14 4
189 144 469 86
1 5 12
52 425 118 292 84 140 127 353 44 230 176 200
1 10 6
296 312 440 192 369 399
1 25 3
306 100 492
1 6 10
255 363 0 103 249 2 60 378 314 85
1 9 8
79 362 210 401 315 155 188 481
1 5 10
233 55 313 383 300 250 483 63 427 269
1 14 3
461 107 14
1 6 10
1 201 119 30 47 409 122 102 343 178
1 10 5
463 23 219 128 157
1 8 4
6 225 326 182
1 8 8
331 27 321 333 73 126 20 113
1 8 4
444 436 347 18
1 5 9
348 386 450 196 404 420 403 235 281
1 4 12
112 120 158 447 289 163 166 110 253 138 230 283
1 7 7
279 290 344 153 11 169 377
1 10 5
287 133 205 161 314
1 6 6
77 34 274 41 88 493
1 5 10
367 350 173 446 53 96 371 243 251 4
1 20 3
416 342 400
1 13 5
46 479 209 182 465
1 15 3
318 222 150
1 13 4
430 345 185 239
1 8 5
7 263 260 65 370
1 8 7
272 232 80 43 231 99 150
1 8 6
400 460 448 199 320 376
