300 78 465 20
17 23 17 27 14 15 35 31 24 35 25 37 35 25 23 17 33 15 18 39 34 36 27 38 14 37 29 33 35 38 22 36 40 35 22 21 25 20 31 15 22 37 17 35 11 38 12 28 31 16 27 16 13 31 37 36 27 30 37 24 28 25 24 26 23 19 12 24 25 38 31 33 34 27 25 40 36 38 11 36 39 16 35 29 26 22 17 19 37 11 38 21 32 16 14 25 34 22 34 32 16 29 37 36 18 30 27 36 14 32 35 23 18 16 18 12 31 32 21 15 22 11 21 20 12 28 26 13 19 14 29 27 26 20 36 17 22 34 27 38 14 12 35 31 14 27 13 36 32 35 18 23 31 24 38 23 30 36 22 19 39 38 31 23 15 15 35 33 19 40 21 19 35 17 16 24 15 33 17 37 40 39 22 31 22 21 25 29 33 39 14 32 17 34 16 25 12 26 34 38 16 35 37 23 27 39 32 35 34 21 28 23 22 23 17 17 39 22 22 14 34 36 15 13 26 35 24 14 34 37 30 23 36 12 35 36 31 39 35 16 30 22 14 15 17 25 19 32 27 25 26 21 16 38 21 29 25 35 18 28 18 25 15 32 17 25 16 12 31 36 14 25 35 20 16 36 16 40 29 29 38 20 21 40 30 38 36 32 38 24 14 38 17 21 35 15 32 36 27 12
7 13 7 17 4 5 25 21 14 25 15 27 25 15 13 7 23 5 8 29 24 26 17 28 4 27 19 23 25 28 12 26 30 25 12 11 15 10 21 5 12 27 7 25 1 28 2 18 21 6 17 6 3 21 27 26 17 20 27 14 18 15 14 16 13 9 2 14 15 28 21 23 24 17 15 30 26 28 1 26 29 6 25 19 16 12 7 9 27 1 28 11 22 6 4 15 24 12 24 22 6 19 27 26 8 20 17 26 4 22 25 13 8 6 8 2 21 22 11 5 12 1 11 10 2 18 16 3 9 4 19 17 16 10 26 7 12 24 17 28 4 2 25 21 4 17 3 26 22 25 8 13 21 14 28 13 20 26 12 9 29 28 21 13 5 5 25 23 9 30 11 9 25 7 6 14 5 23 7 27 30 29 12 21 12 11 15 19 23 29 4 22 7 24 6 15 2 16 24 28 6 25 27 13 17 29 22 25 24 11 18 13 12 13 7 7 29 12 12 4 24 26 5 3 16 25 14 4 24 27 20 13 26 2 25 26 21 29 25 6 20 12 4 5 7 15 9 22 17 15 16 11 6 28 11 19 15 25 8 18 8 15 5 22 7 15 6 2 21 26 4 15 25 10 6 26 6 30 19 19 28 10 11 30 20 28 26 22 28 14 4 28 7 11 25 5 22 26 17 2
1 11 5
182 69 288 201 238
1 8 6
51 274 275 289 84 116
1 12 4
145 107 266 98
1 9 7
214 32 92 189 38 117 220
1 24 4
54 247 215 235
1 26 2
154 193
1 8 9
165 206 106 215 14 55 27 107 138
1 15 2
295 157
1 8 2
114 258
1 7 5
133 211 76 120 159
1 15 3
41 242 203
1 8 5
99 141 271 105 231
1 8 7
161 28 203 8 85 131 287
1 12 5
191 298 58 4 277
1 10 6
297 243 68 147 230 44
1 10 5
176 217 47 1 297
1 25 3
88 188 253
1 29 3
75 285 18
1 11 3
53 46 250
1 9 8
197 216 143 291 234 19 15 31
1 13 5
18 139 264 9 5
1 13 3
179 213 223
1 22 6
272 240 10 43 153 279
1 9 7
89 31 23 156 261 250 111
1 14 3
70 268 136
1 9 2
270 74
1 10 7
236 81 151 80 126 89 216
1 14 4
235 204 15 106
1 11 5
277 286 163 100 67
1 13 5
219 283 101 33 120
1 8 6
152 30 185 90 118 233
1 8 5
241 269 226 174 256
1 10 2
104 218
1 9 4
36 111 244 22
1 6 5
273 248 17 153 144
1 11 3
21 222 135
1 23 2
259 45
1 10 4
167 138 97 26
1 13 6
142 65 13 23 182 207
1 2 4
44 39 24 146
1 10 3
190 130 158
1 7 6
257 186 57 249 115 56
1 4 5
212 128 184 251 119
1 9 5
82 255 48 194 96
1 11 6
73 181 11 71 279 261
1 10 9
253 50 183 127 27 26 49 180 260
1 7 7
5 263 164 34 294 284 0
1 25 4
20 102 151 293
1 12 4
207 134 87 109
1 7 6
276 49 0 103 278 62
1 7 5
192 232 129 254 91
1 9 6
113 228 77 287 198 25
1 16 2
221 86
1 17 2
187 10
1 21 4
72 60 100 204
1 8 7
229 166 168 150 61 172 200
1 4 7
209 123 178 2 196 61 171
1 17 3
260 79 160
1 10 7
37 175 3 137 132 157 166
1 8 6
170 162 42 108 109 193
1 3 2
121 262
1 10 3
132 95 1
1 7 8
293 140 7 66 225 245 41 133
1 12 4
210 200 25 167
1 10 2
292 64
1 18 3
180 110 93
1 5 7
122 177 282 112 35 239 205
1 21 2
199 59
1 9 6
205 246 281 22 124 240
1 13 6
280 116 43 220 112 229
1 8 3
40 94 162
1 9 8
252 208 290 148 125 65 67 288
1 19 4
29 160 296 64
1 13 5
155 169 149 265 248
1 6 5
171 78 173 12 52
1 21 3
63 202 37
1 8 6
224 227 267 299 6 16
1 16 3
195 83 237
