700 39 1085 20
18 36 36 31 19 26 22 38 38 26 25 35 20 28 36 16 23 14 31 13 12 25 16 13 33 25 38 24 21 22 11 16 38 12 29 22 30 35 40 11 38 16 11 34 11 23 14 11 38 29 21 16 24 36 15 29 31 40 39 37 36 35 20 33 30 11 21 27 35 37 26 23 15 11 37 29 35 24 15 12 21 17 16 20 25 21 14 37 14 29 28 14 30 12 31 24 37 29 28 22 38 23 29 29 32 21 21 14 40 26 33 14 33 15 14 32 40 25 15 30 19 34 29 29 19 12 31 24 30 28 20 21 12 11 12 35 18 39 18 18 40 37 15 26 16 25 40 12 40 28 14 33 40 18 33 29 29 31 27 26 28 34 26 38 20 17 31 20 29 31 38 12 16 13 37 11 34 37 12 16 21 30 14 13 15 12 32 25 31 33 25 13 20 18 28 33 39 26 27 14 40 27 26 16 14 13 35 40 14 33 31 34 30 17 12 29 20 15 33 25 20 23 40 35 27 17 25 11 19 14 38 23 13 34 37 29 31 16 38 22 31 39 38 26 11 16 19 31 12 33 34 35 11 21 37 21 40 22 18 15 26 40 27 30 34 25 12 15 25 12 37 24 13 23 37 24 31 24 28 12 12 25 32 20 37 12 20 22 20 28 40 31 29 31 34 32 18 28 18 35 30 40 31 13 35 26 18 17 29 11 15 25 23 31 12 25 11 33 11 38 15 28 33 21 19 40 24 25 12 28 40 29 16 40 25 33 11 25 33 19 17 18 12 11 37 37 13 33 17 27 39 12 31 14 25 38 26 12 27 17 40 21 26 24 23 20 39 14 18 35 36 31 12 31 25 17 14 11 22 38 24 23 40 21 22 29 35 32 27 19 40 14 24 20 39 32 34 20 29 33 36 32 17 25 36 33 26 22 31 26 26 14 20 15 33 27 18 17 38 30 26 36 27 25 27 21 24 27 35 13 22 15 33 39 30 26 30 17 17 25 33 15 20 11 30 17 28 13 26 40 25 27 12 15 37 40 16 14 32 21 25 12 30 21 13 17 11 33 14 25 11 23 17 17 39 25 17 34 18 13 28 22 40 38 38 30 37 34 40 27 34 33 37 30 12 37 24 33 14 37 32 31 14 17 18 17 22 27 14 26 40 11 32 15 18 34 34 33 35 14 22 12 21 38 17 23 18 30 28 26 13 26 36 29 24 12 17 39 36 34 17 15 16 38 39 23 19 32 35 23 33 21 15 31 36 17 22 12 31 28 19 29 31 22 33 27 13 11 29 29 33 22 18 40 25 32 33 17 39 17 29 28 32 26 35 28 27 12 35 26 29 18 20 24 40 28 28 31 29 24 39 36 37 33 18 40 23 23 14 31 38 30 24 11 25 21 16 18 34 23 19 32 30 22 29 38 34 13 34 17 24 40 29 31 29 39 38 39 21 20 28 36 26 21 17 13 33 16 30 34 18 12 35 15 37 38 39 38 40 13 31 36 38 30 32 35 18 20 18 29 17 36 16 19 34 20 32 23 14 34 19 26 26 32 11 15 26 16 16 17 11 11 38 14 29 26 34 23 17 37
8 26 26 21 9 16 12 28 28 16 15 25 10 18 26 6 13 4 21 3 2 15 6 3 23 15 28 14 11 12 1 6 28 2 19 12 20 25 30 1 28 6 1 24 1 13 4 1 28 19 11 6 14 26 5 19 21 30 29 27 26 25 10 23 20 1 11 17 25 27 16 13 5 1 27 19 25 14 5 2 11 7 6 10 15 11 4 27 4 19 18 4 20 2 21 14 27 19 18 12 28 13 19 19 22 11 11 4 30 16 23 4 23 5 4 22 30 15 5 20 9 24 19 19 9 2 21 14 20 18 10 11 2 1 2 25 8 29 8 8 30 27 5 16 6 15 30 2 30 18 4 23 30 8 23 19 19 21 17 16 18 24 16 28 10 7 21 10 19 21 28 2 6 3 27 1 24 27 2 6 11 20 4 3 5 2 22 15 21 23 15 3 10 8 18 23 29 16 17 4 30 17 16 6 4 3 25 30 4 23 21 24 20 7 2 19 10 5 23 15 10 13 30 25 17 7 15 1 9 4 28 13 3 24 27 19 21 6 28 12 21 29 28 16 1 6 9 21 2 23 24 25 1 11 27 11 30 12 8 5 16 30 17 20 24 15 2 5 15 2 27 14 3 13 27 14 21 14 18 2 2 15 22 10 27 2 10 12 10 18 30 21 19 21 24 22 8 18 8 25 20 30 21 3 25 16 8 7 19 1 5 15 13 21 2 15 1 23 1 28 5 18 23 11 9 30 14 15 2 18 30 19 6 30 15 23 1 15 23 9 7 8 2 1 27 27 3 23 7 17 29 2 21 4 15 28 16 2 17 7 30 11 16 14 13 10 29 4 8 25 26 21 2 21 15 7 4 1 12 28 14 13 30 11 12 19 25 22 17 9 30 4 14 10 29 22 24 10 19 23 26 22 7 15 26 23 16 12 21 16 16 4 10 5 23 17 8 7 28 20 16 26 17 15 17 11 14 17 25 3 12 5 23 29 20 16 20 7 7 15 23 5 10 1 20 7 18 3 16 30 15 17 2 5 27 30 6 4 22 11 15 2 20 11 3 7 1 23 4 15 1 13 7 7 29 15 7 24 8 3 18 12 30 28 28 20 27 24 30 17 24 23 27 20 2 27 14 23 4 27 22 21 4 7 8 7 12 17 4 16 30 1 22 5 8 24 24 23 25 4 12 2 11 28 7 13 8 20 18 16 3 16 26 19 14 2 7 29 26 24 7 5 6 28 29 13 9 22 25 13 23 11 5 21 26 7 12 2 21 18 9 19 21 12 23 17 3 1 19 19 23 12 8 30 15 22 23 7 29 7 19 18 22 16 25 18 17 2 25 16 19 8 10 14 30 18 18 21 19 14 29 26 27 23 8 30 13 13 4 21 28 20 14 1 15 11 6 8 24 13 9 22 20 12 19 28 24 3 24 7 14 30 19 21 19 29 28 29 11 10 18 26 16 11 7 3 23 6 20 24 8 2 25 5 27 28 29 28 30 3 21 26 28 20 22 25 8 10 8 19 7 26 6 9 24 10 22 13 4 24 9 16 16 22 1 5 16 6 6 7 1 1 28 4 19 16 24 13 7 27
1 1 36
452 274 549 146 499 377 468 441 10 604 449 484 656 163 645 129 331 30 551 478 391 247 476 314 423 76 510 155 134 509 600 446 141 270 451 525
1 4 6
427 506 83 155 292 504
1 11 38
96 537 59 53 273 263 50 518 49 118 591 230 403 45 254 272 82 388 350 560 142 92 643 473 332 674 387 246 79 658 67 14 288 35 163 206 326 432
1 9 3
393 573 461
1 10 36
660 297 284 599 676 503 269 620 110 552 253 150 9 93 512 696 2 383 366 83 491 94 6 556 438 139 66 200 158 358 340 147 309 13 64 514
1 14 34
212 564 550 289 141 376 397 654 475 145 398 586 128 616 248 75 235 400 689 346 454 168 374 148 54 697 210 68 225 624 216 69 183 506
1 1 34
255 231 678 605 256 140 699 555 370 618 283 435 260 27 31 222 494 675 481 630 592 194 621 169 367 480 306 425 282 493 607 681 201 412
1 18 23
589 120 192 371 251 451 41 415 559 173 619 97 187 72 299 405 23 194 431 447 478 562 616
1 8 15
428 101 541 581 293 144 458 606 131 338 52 382 425 654 674
1 9 6
434 126 662 598 462 445
1 9 11
91 157 161 483 215 432 540 557 109 250 323
1 10 20
380 352 450 530 546 456 516 463 34 629 313 489 622 695 135 100 12 66 87 297
1 7 24
595 521 84 657 525 485 206 547 203 176 322 498 514 505 471 138 440 553 565 613 474 295 199 659
1 17 34
160 344 520 196 408 590 625 567 204 26 304 386 638 250 437 631 243 641 396 420 381 25 459 421 137 167 492 64 18 74 655 224 448 518
1 17 35
688 202 151 122 114 287 369 24 207 583 424 220 404 644 223 508 183 472 401 175 433 227 487 632 278 58 132 357 680 12 640 305 337 427 489
1 4 18
390 213 32 189 285 177 179 38 513 0 56 268 479 31 320 359 393 669
1 19 34
5 523 73 361 312 8 347 244 52 429 195 628 497 102 77 191 602 422 418 500 236 62 637 384 682 693 153 211 233 224 417 44 400 614
1 19 15
685 318 538 575 596 399 117 413 197 174 277 60 178 554 415
1 8 17
610 245 466 259 467 502 617 193 190 354 125 17 324 584 102 288 300
1 15 18
407 673 99 406 580 121 392 436 325 311 1 679 543 504 21 22 27 223
1 11 31
663 81 290 171 626 136 112 15 152 416 219 623 517 411 208 323 528 582 574 577 609 249 36 633 301 40 241 242 384 554 560
1 2 8
185 465 486 337 217 219 354 435
1 18 26
89 218 267 385 103 107 511 286 348 443 683 455 426 170 228 665 156 469 39 561 164 357 510 549 641 699
1 8 6
308 652 42 48 294 417
1 8 13
651 372 71 209 95 149 496 130 327 416 552 558 570
1 16 26
181 442 111 691 409 241 23 221 684 3 57 291 578 35 78 33 698 375 286 295 423 452 494 584 603 606
1 18 27
342 539 690 292 296 666 11 281 330 188 321 198 460 447 104 563 382 65 205 594 80 29 79 138 370 442 585
1 12 19
490 339 13 522 558 123 597 360 531 495 349 395 608 90 649 20 321 457 672
1 11 20
661 414 614 669 526 22 568 587 238 650 264 159 430 464 327 275 18 131 637 692
1 10 31
48 271 394 19 536 319 636 571 28 184 334 55 524 527 519 46 576 572 355 482 310 533 431 635 542 488 570 315 154 283 467
1 11 30
63 343 444 166 653 240 529 61 130 261 692 670 320 373 333 105 362 378 579 648 627 143 116 389 545 270 88 70 602 661
1 8 9
317 445 37 106 603 214 62 252 462
1 11 24
461 252 470 341 226 515 569 303 266 687 85 419 7 172 611 51 119 242 667 328 281 509 535 576
1 7 22
69 108 364 16 501 353 42 154 237 180 647 659 234 615 4 113 634 335 279 19 140 334
1 11 12
694 165 276 336 477 448 262 296 381 538 583 640
1 14 35
280 44 326 162 133 345 356 532 265 43 294 368 307 359 671 164 612 262 672 302 115 229 300 379 439 127 298 239 402 566 182 668 257 124 361
1 9 29
535 585 47 507 258 232 351 601 453 588 186 329 98 457 86 534 109 365 363 664 548 593 686 100 202 259 316 411 511
1 2 12
87 642 677 646 639 562 217 410 333 475 536 620
1 5 4
544 316 89 590
