800 41 1240 18
36 13 37 40 27 22 22 37 22 40 36 24 29 38 12 40 18 26 33 20 18 39 19 21 38 31 12 14 29 29 20 32 29 11 19 25 19 32 18 13 35 25 28 18 39 37 35 37 19 32 37 30 40 15 36 19 37 26 33 16 11 35 18 15 15 35 34 29 31 17 24 32 11 25 37 20 38 31 25 25 37 26 34 33 20 30 21 31 25 23 23 15 28 13 25 36 25 21 23 18 29 19 33 25 18 24 19 31 13 19 13 32 13 16 22 40 38 39 12 27 34 13 18 30 21 23 40 25 11 13 38 20 32 20 29 24 11 32 12 25 33 36 17 33 35 12 18 21 32 26 24 15 31 14 27 26 12 31 18 37 20 34 14 35 33 16 27 16 40 20 37 15 14 12 30 31 31 32 40 37 20 19 15 22 25 21 38 25 33 24 27 29 37 33 38 24 15 33 24 18 17 19 20 17 14 16 12 25 38 27 29 22 16 35 38 21 14 28 34 37 11 17 14 36 21 22 30 24 17 12 35 17 21 24 35 38 25 33 12 21 33 12 14 34 39 21 18 12 18 16 11 36 37 30 37 33 25 35 32 24 18 34 21 24 34 39 34 33 19 30 18 20 23 20 36 29 33 35 27 37 30 27 35 23 16 35 18 32 33 20 29 17 20 36 25 31 35 21 39 36 38 19 29 13 13 32 34 30 30 22 18 12 37 29 23 39 19 12 35 20 24 28 35 37 25 14 29 25 25 28 29 12 36 24 17 24 21 39 25 24 39 12 40 22 25 17 37 20 24 11 28 22 19 12 11 18 16 30 35 37 38 15 35 38 36 33 32 17 26 18 21 31 26 31 32 26 32 22 35 25 31 24 22 25 36 21 16 35 35 39 28 27 12 40 25 20 31 40 24 16 38 15 36 26 13 38 40 27 29 17 22 36 34 18 18 32 23 24 17 40 17 12 22 22 25 40 14 31 22 14 19 30 32 39 13 23 28 34 35 36 13 21 23 20 18 11 24 26 19 33 30 11 11 25 15 16 37 30 26 19 33 32 19 39 13 16 36 31 23 31 25 14 30 39 22 20 22 15 12 26 20 13 34 31 40 26 35 14 32 23 35 11 32 32 18 13 17 17 20 23 30 30 34 40 14 21 26 37 30 37 29 39 16 16 17 28 11 29 24 38 36 15 20 36 33 16 14 14 22 25 26 34 18 15 14 20 32 15 23 12 30 27 24 35 30 38 27 14 20 19 29 36 17 24 13 13 39 22 12 25 38 11 23 29 37 16 18 36 30 30 24 25 23 36 19 34 27 11 18 26 40 39 28 30 34 28 40 25 26 17 22 30 14 15 24 28 26 31 22 32 11 16 11 40 39 36 39 29 15 38 29 38 20 14 25 11 28 40 27 28 40 30 35 31 29 12 15 32 13 39 26 30 13 31 34 17 17 37 21 30 34 11 13 18 20 39 25 38 23 33 22 11 31 25 16 33 17 39 23 39 32 24 38 32 16 19 23 28 21 12 29 12 28 18 17 34 22 37 33 37 30 38 21 24 17 29 31 19 21 19 21 38 11 33 15 27 20 39 12 34 27 31 23 19 34 38 37 31 25 38 29 12 13 15 34 11 38 23 39 28 17 40 20 27 27 22 24 27 19 23 23 23 19 24 36 31 19 16 35 18 36 12 30 28 34 26 36 24 36 11 28 23 37 30 38 18 30 38 19 21 17 24 15 25 13 37 21 11 37 27 26 21 16 22 34 21 36 15 40 26 31 19 26 19 32 33 38 18 16 38 23 19 36 27 14 35 15 38 40 20
26 3 27 30 17 12 12 27 12 30 26 14 19 28 2 30 8 16 23 10 8 29 9 11 28 21 2 4 19 19 10 22 19 1 9 15 9 22 8 3 25 15 18 8 29 27 25 27 9 22 27 20 30 5 26 9 27 16 23 6 1 25 8 5 5 25 24 19 21 7 14 22 1 15 27 10 28 21 15 15 27 16 24 23 10 20 11 21 15 13 13 5 18 3 15 26 15 11 13 8 19 9 23 15 8 14 9 21 3 9 3 22 3 6 12 30 28 29 2 17 24 3 8 20 11 13 30 15 1 3 28 10 22 10 19 14 1 22 2 15 23 26 7 23 25 2 8 11 22 16 14 5 21 4 17 16 2 21 8 27 10 24 4 25 23 6 17 6 30 10 27 5 4 2 20 21 21 22 30 27 10 9 5 12 15 11 28 15 23 14 17 19 27 23 28 14 5 23 14 8 7 9 10 7 4 6 2 15 28 17 19 12 6 25 28 11 4 18 24 27 1 7 4 26 11 12 20 14 7 2 25 7 11 14 25 28 15 23 2 11 23 2 4 24 29 11 8 2 8 6 1 26 27 20 27 23 15 25 22 14 8 24 11 14 24 29 24 23 9 20 8 10 13 10 26 19 23 25 17 27 20 17 25 13 6 25 8 22 23 10 19 7 10 26 15 21 25 11 29 26 28 9 19 3 3 22 24 20 20 12 8 2 27 19 13 29 9 2 25 10 14 18 25 27 15 4 19 15 15 18 19 2 26 14 7 14 11 29 15 14 29 2 30 12 15 7 27 10 14 1 18 12 9 2 1 8 6 20 25 27 28 5 25 28 26 23 22 7 16 8 11 21 16 21 22 16 22 12 25 15 21 14 12 15 26 11 6 25 25 29 18 17 2 30 15 10 21 30 14 6 28 5 26 16 3 28 30 17 19 7 12 26 24 8 8 22 13 14 7 30 7 2 12 12 15 30 4 21 12 4 9 20 22 29 3 13 18 24 25 26 3 11 13 10 8 1 14 16 9 23 20 1 1 15 5 6 27 20 16 9 23 22 9 29 3 6 26 21 13 21 15 4 20 29 12 10 12 5 2 16 10 3 24 21 30 16 25 4 22 13 25 1 22 22 8 3 7 7 10 13 20 20 24 30 4 11 16 27 20 27 19 29 6 6 7 18 1 19 14 28 26 5 10 26 23 6 4 4 12 15 16 24 8 5 4 10 22 5 13 2 20 17 14 25 20 28 17 4 10 9 19 26 7 14 3 3 29 12 2 15 28 1 13 19 27 6 8 26 20 20 14 15 13 26 9 24 17 1 8 16 30 29 18 20 24 18 30 15 16 7 12 20 4 5 14 18 16 21 12 22 1 6 1 30 29 26 29 19 5 28 19 28 10 4 15 1 18 30 17 18 30 20 25 21 19 2 5 22 3 29 16 20 3 21 24 7 7 27 11 20 24 1 3 8 10 29 15 28 13 23 12 1 21 15 6 23 7 29 13 29 22 14 28 22 6 9 13 18 11 2 19 2 18 8 7 24 12 27 23 27 20 28 11 14 7 19 21 9 11 9 11 28 1 23 5 17 10 29 2 24 17 21 13 9 24 28 27 21 15 28 19 2 3 5 24 1 28 13 29 18 7 30 10 17 17 12 14 17 9 13 13 13 9 14 26 21 9 6 25 8 26 2 20 18 24 16 26 14 26 1 18 13 27 20 28 8 20 28 9 11 7 14 5 15 3 27 11 1 27 17 16 11 6 12 24 11 26 5 30 16 21 9 16 9 22 23 28 8 6 28 13 9 26 17 4 25 5 28 30 10
1 2 21
779 337 75 191 401 234 12 1 554 54 375 522 143 233 52 577 129 486 141 379 687
1 12 4
138 765 652 331
1 6 9
439 647 624 696 770 240 164 139 489
1 6 6
446 241 676 610 232 176
1 2 25
767 663 398 102 362 321 335 182 78 50 744 84 414 301 367 783 42 735 316 572 534 416 239 657 588
1 2 23
698 91 296 315 587 569 213 2 35 482 548 267 6 596 616 324 640 114 738 376 256 219 582
1 1 33
693 246 702 788 211 199 768 47 459 194 215 451 135 40 407 0 688 121 631 166 671 525 476 250 786 374 67 216 472 292 251 310 490
1 3 17
764 497 242 360 504 535 659 722 418 397 349 510 74 221 126 521 130
1 3 14
714 209 124 737 511 488 17 733 404 77 339 148 438 51
1 2 28
311 645 168 467 468 261 661 704 605 782 286 169 634 80 210 93 205 623 53 359 478 606 568 711 741 162 430 118
1 6 8
437 358 745 155 344 428 36 566
1 7 6
584 658 579 732 399 308
1 6 8
269 791 327 581 423 409 678 305
1 1 37
709 717 682 104 69 533 536 81 167 45 136 161 285 772 295 26 117 122 664 449 163 442 154 719 421 567 385 466 134 153 203 30 43 197 787 264 273
1 6 4
726 183 505 260
1 2 30
571 494 426 355 137 545 690 15 501 667 227 406 746 272 750 434 507 452 87 61 373 563 703 558 553 244 668 642 193 760
1 7 8
186 681 580 149 481 573 369 619
1 1 35
280 485 492 334 448 643 653 420 342 105 629 650 559 456 589 673 323 502 679 365 405 283 463 144 345 633 276 252 670 479 440 383 519 214 348
1 4 11
701 740 7 555 453 259 761 184 660 268 443
1 1 40
394 41 157 639 540 648 351 781 728 204 99 550 747 672 181 393 146 797 675 618 450 503 258 111 537 8 586 225 320 638 739 524 83 388 712 798 90 410 692 487
1 13 2
293 600
1 8 6
31 686 128 329 748 372
1 1 29
198 174 544 218 508 424 113 532 70 156 461 395 656 190 303 411 297 759 158 14 471 147 630 4 18 590 159 290 248
1 2 24
724 223 720 226 790 611 172 500 179 279 165 177 60 229 142 613 37 799 319 674 515 338 751 63
1 1 33
615 16 151 389 498 727 391 530 103 300 44 287 598 625 574 27 576 231 763 266 217 160 271 718 185 543 546 341 48 483 20 332 592
1 1 33
115 628 683 306 39 496 340 785 518 368 609 5 96 228 224 646 593 547 436 288 133 370 632 318 666 565 755 328 794 607 178 591 253
1 2 23
599 403 469 655 441 644 514 291 710 680 608 382 493 263 425 356 354 627 222 689 417 152 294
1 12 3
187 173 707
1 1 34
531 32 699 180 529 378 49 526 275 464 206 444 654 651 46 38 309 408 207 677 313 427 513 556 499 106 322 730 302 685 243 384 307 330
1 3 11
585 195 110 749 470 796 59 29 34 212 538
1 1 29
641 635 82 57 445 752 771 789 277 506 549 415 753 343 387 326 22 314 705 72 73 107 429 366 564 364 377 708 396
1 3 17
402 649 170 455 386 457 721 697 509 132 238 270 97 88 100 86 557
1 2 27
542 601 612 284 637 757 189 278 583 119 552 777 192 171 325 353 419 480 201 621 65 10 381 98 94 560 11
1 4 12
715 33 19 304 435 361 575 255 346 541 108 56
1 1 34
743 202 281 620 473 460 762 140 775 312 731 776 112 333 357 432 665 347 475 792 145 101 597 317 662 725 89 684 265 617 371 595 614 131
1 13 4
780 774 517 604
1 4 12
68 694 352 299 390 230 742 734 784 454 13 512
1 1 36
249 23 551 350 120 400 603 602 150 562 76 561 85 756 539 706 700 392 58 773 66 447 462 754 21 336 247 528 458 516 235 729 123 55 527 25
1 2 29
175 95 220 474 578 716 257 245 594 433 412 491 422 9 24 523 691 778 289 413 298 465 188 254 127 116 793 713 79
1 2 25
208 274 769 795 636 109 570 520 64 431 363 695 196 626 622 262 282 28 495 200 723 477 125 62 758
1 6 10
380 237 92 236 766 736 71 669 484 3
