300 33 465 20
25 30 30 25 38 18 21 33 38 13 18 27 22 24 13 27 11 28 16 32 11 27 14 35 14 21 39 35 13 37 19 19 35 40 30 35 16 20 19 12 17 20 20 38 38 25 35 11 34 22 19 39 39 19 17 16 25 25 35 21 40 15 25 38 19 12 25 15 36 37 19 27 23 16 24 12 38 35 34 18 32 37 12 31 37 19 21 19 11 39 23 25 23 22 34 31 12 20 33 11 21 37 37 28 28 24 19 23 36 30 23 24 37 26 40 24 25 22 16 31 24 23 17 22 39 27 17 17 18 22 12 40 25 17 13 20 40 37 37 13 22 31 38 15 14 31 32 16 23 24 33 14 30 20 38 34 30 18 29 36 29 31 36 19 22 34 17 26 25 22 24 20 25 35 13 17 39 22 35 12 35 20 24 21 20 22 28 14 32 27 26 32 34 34 33 40 19 11 16 31 36 39 37 15 38 27 40 30 20 12 21 16 36 18 16 35 12 31 20 11 13 29 11 39 34 36 13 12 19 31 13 30 11 20 11 37 36 29 27 12 11 28 17 28 34 32 33 27 37 31 17 34 24 12 33 29 14 28 35 18 27 13 15 21 34 29 11 12 36 13 39 18 14 28 18 15 28 15 30 11 24 31 19 18 16 14 39 17 27 23 15 11 15 21 37 24 32 32 30 30
15 20 20 15 28 8 11 23 28 3 8 17 12 14 3 17 1 18 6 22 1 17 4 25 4 11 29 25 3 27 9 9 25 30 20 25 6 10 9 2 7 10 10 28 28 15 25 1 24 12 9 29 29 9 7 6 15 15 25 11 30 5 15 28 9 2 15 5 26 27 9 17 13 6 14 2 28 25 24 8 22 27 2 21 27 9 11 9 1 29 13 15 13 12 24 21 2 10 23 1 11 27 27 18 18 14 9 13 26 20 13 14 27 16 30 14 15 12 6 21 14 13 7 12 29 17 7 7 8 12 2 30 15 7 3 10 30 27 27 3 12 21 28 5 4 21 22 6 13 14 23 4 20 10 28 24 20 8 19 26 19 21 26 9 12 24 7 16 15 12 14 10 15 25 3 7 29 12 25 2 25 10 14 11 10 12 18 4 22 17 16 22 24 24 23 30 9 1 6 21 26 29 27 5 28 17 30 20 10 2 11 6 26 8 6 25 2 21 10 1 3 19 1 29 24 26 3 2 9 21 3 20 1 10 1 27 26 19 17 2 1 18 7 18 24 22 23 17 27 21 7 24 14 2 23 19 4 18 25 8 17 3 5 11 24 19 1 2 26 3 29 8 4 18 8 5 18 5 20 1 14 21 9 8 6 4 29 7 17 13 5 1 5 11 27 14 22 22 20 20
6 8 12
131 225 54 287 137 103 258 192 234 118 119 49
1 1 8
33 50 47 227 101 88 222 221
5 2 12
168 237 269 195 270 278 154 136 152 32 37 235
6 16 9
277 200 274 89 112 276 125 150 295
1 7 11
99 208 96 156 153 175 291 292 299 233 254
3 8 13
58 170 82 289 185 147 174 252 148 79 298 29 288
1 8 15
231 1 93 183 224 223 151 230 204 172 249 104 84 116 42
4 8 8
14 241 271 110 193 171 0 117
1 3 5
178 55 184 246 245
1 12 8
97 248 20 256 186 191 71 181
3 10 6
196 43 64 111 229 34
2 3 4
244 146 114 23
1 20 14
128 206 199 162 279 169 262 52 247 83 45 62 267 155
2 4 5
15 281 293 144 2
7 4 13
115 161 68 80 253 194 28 138 73 126 187 286 236
6 6 12
6 164 77 135 265 30 198 36 264 273 255 106
3 11 11
285 13 141 90 25 129 139 165 26 250 189
1 2 2
65 124
1 7 8
8 41 18 188 11 167 140 190
2 17 13
70 19 44 182 100 212 209 66 132 98 294 238 210
5 19 8
159 290 9 259 56 179 163 166
1 4 2
7 113
3 2 12
260 239 53 105 81 173 218 157 48 35 268 107
5 1 9
266 94 219 85 220 214 257 145 127
5 13 10
133 217 272 63 296 240 180 120 203 86
7 3 12
24 27 60 102 59 228 283 109 284 297 92 149
5 16 15
95 280 242 282 216 121 16 251 143 142 122 263 76 74 40
3 20 11
211 232 130 205 275 3 22 38 134 51 78
4 7 10
108 4 160 31 202 57 46 158 243 261
2 6 4
123 21 213 67
4 7 6
12 61 197 5 215 176
1 14 7
177 207 17 201 69 91 72
3 8 5
10 75 226 87 39
