500 36 775 33
18 35 27 16 35 28 28 23 13 32 34 14 39 24 20 22 37 23 17 40 14 31 39 21 11 17 20 15 38 32 21 13 35 37 22 28 18 15 32 29 33 15 16 34 12 31 18 40 19 19 18 24 36 28 39 11 30 40 26 14 28 37 35 14 32 15 12 38 36 35 14 34 13 35 30 24 38 36 35 28 32 24 36 19 22 25 20 19 12 26 37 39 31 12 32 23 34 33 19 22 22 22 12 31 21 24 21 19 33 40 11 34 24 28 33 26 34 20 27 26 37 40 19 25 34 17 33 17 26 35 35 27 18 38 12 28 28 12 21 30 32 33 26 34 15 15 14 14 36 32 40 39 28 16 23 31 38 28 23 19 16 34 11 12 14 36 22 14 30 13 17 17 18 29 17 18 31 24 20 21 18 31 14 24 25 25 14 23 35 19 34 25 28 14 36 37 20 21 14 38 15 13 16 30 30 38 37 27 36 15 30 28 36 22 23 26 21 22 29 15 25 23 35 21 39 21 25 21 24 19 20 22 13 36 12 36 20 21 20 20 39 11 22 39 32 29 14 32 33 39 20 37 38 29 32 12 18 26 26 36 35 35 34 36 27 17 18 37 21 32 19 17 34 16 17 38 40 24 12 24 22 19 19 22 33 16 20 27 19 34 27 31 22 20 27 23 28 37 35 17 18 21 13 34 29 15 36 37 24 15 18 18 39 25 34 14 26 13 24 30 26 28 15 32 28 37 19 24 20 35 15 21 31 13 36 33 20 32 14 12 40 27 20 22 22 21 39 26 40 18 25 11 37 37 30 22 29 35 19 31 38 16 36 22 33 28 13 19 17 18 12 22 13 24 24 12 37 32 11 25 21 30 11 23 19 23 22 38 22 33 37 17 25 34 38 32 36 31 40 25 24 30 31 26 34 32 16 22 20 27 21 36 20 23 11 16 38 36 27 15 40 39 33 11 38 35 13 38 39 26 33 14 34 15 39 33 24 21 27 24 32 39 35 20 25 27 18 16 34 11 19 35 29 38 23 21 11 38 40 14 26 37 16 35 22 33 38 24 30 23 21 32 33 24 36 32 20 38 15 23 30 13 19 13 27 28 30 12 35 19 11 15 11 14 26 33 14 18 40 13
8 25 17 6 25 18 18 13 3 22 24 4 29 14 10 12 27 13 7 30 4 21 29 11 1 7 10 5 28 22 11 3 25 27 12 18 8 5 22 19 23 5 6 24 2 21 8 30 9 9 8 14 26 18 29 1 20 30 16 4 18 27 25 4 22 5 2 28 26 25 4 24 3 25 20 14 28 26 25 18 22 14 26 9 12 15 10 9 2 16 27 29 21 2 22 13 24 23 9 12 12 12 2 21 11 14 11 9 23 30 1 24 14 18 23 16 24 10 17 16 27 30 9 15 24 7 23 7 16 25 25 17 8 28 2 18 18 2 11 20 22 23 16 24 5 5 4 4 26 22 30 29 18 6 13 21 28 18 13 9 6 24 1 2 4 26 12 4 20 3 7 7 8 19 7 8 21 14 10 11 8 21 4 14 15 15 4 13 25 9 24 15 18 4 26 27 10 11 4 28 5 3 6 20 20 28 27 17 26 5 20 18 26 12 13 16 11 12 19 5 15 13 25 11 29 11 15 11 14 9 10 12 3 26 2 26 10 11 10 10 29 1 12 29 22 19 4 22 23 29 10 27 28 19 22 2 8 16 16 26 25 25 24 26 17 7 8 27 11 22 9 7 24 6 7 28 30 14 2 14 12 9 9 12 23 6 10 17 9 24 17 21 12 10 17 13 18 27 25 7 8 11 3 24 19 5 26 27 14 5 8 8 29 15 24 4 16 3 14 20 16 18 5 22 18 27 9 14 10 25 5 11 21 3 26 23 10 22 4 2 30 17 10 12 12 11 29 16 30 8 15 1 27 27 20 12 19 25 9 21 28 6 26 12 23 18 3 9 7 8 2 12 3 14 14 2 27 22 1 15 11 20 1 13 9 13 12 28 12 23 27 7 15 24 28 22 26 21 30 15 14 20 21 16 24 22 6 12 10 17 11 26 10 13 1 6 28 26 17 5 30 29 23 1 28 25 3 28 29 16 23 4 24 5 29 23 14 11 17 14 22 29 25 10 15 17 8 6 24 1 9 25 19 28 13 11 1 28 30 4 16 27 6 25 12 23 28 14 20 13 11 22 23 14 26 22 10 28 5 13 20 3 9 3 17 18 20 2 25 9 1 5 1 4 16 23 4 8 30 3
13 14 20
26 373 460 474 253 51 136 320 391 245 33 189 354 299 423 187 81 445 351 256
12 11 23
149 348 186 352 367 374 377 23 301 129 242 302 404 465 184 278 91 262 84 375 46 108 350
9 3 24
62 287 194 72 115 198 434 332 150 270 406 346 419 283 306 417 427 355 114 343 464 13 93 388
6 2 15
221 317 388 496 2 397 67 369 36 490 349 223 188 374 478
1 7 13
200 53 286 308 195 180 80 129 147 256 275 445 459
8 8 26
276 148 272 146 395 122 265 455 107 326 467 205 453 178 477 21 420 268 422 134 4 264 304 384 405 437
3 7 9
353 247 458 429 164 202 261 323 360
4 2 19
158 440 28 291 436 315 112 471 71 313 133 93 143 370 235 11 17 419 462
1 14 3
82 32 305
10 13 23
459 182 279 41 119 263 285 151 88 401 3 400 432 426 120 334 368 217 157 493 243 207 488
6 6 24
193 383 154 271 228 344 1 125 244 54 478 229 483 257 159 35 100 196 8 46 55 73 282 303
8 6 15
421 331 255 214 45 86 161 394 361 117 20 131 31 36 410
6 16 26
450 234 407 249 298 80 212 56 246 47 64 16 396 329 201 366 304 284 12 473 342 236 491 268 289 375
1 14 21
457 225 73 441 102 305 371 307 213 130 295 77 29 197 118 152 175 327 209 224 315
2 5 18
416 202 486 325 452 174 454 78 224 48 392 135 451 57 114 115 423 493
1 16 7
121 105 358 403 350 337 125
7 8 17
176 381 410 296 63 110 52 479 495 431 311 376 476 264 273 74 457
3 9 7
220 300 0 59 438 42 310
1 7 8
260 145 160 13 18 336 347 357
8 16 16
345 489 399 219 58 76 333 140 108 386 439 462 121 196 226 326
1 2 18
281 480 437 177 372 163 484 435 240 11 227 364 230 9 127 345 411 448
2 8 6
446 293 475 136 447 454
3 17 17
209 280 153 68 254 211 101 442 168 96 24 340 338 111 33 461 492
2 19 24
57 470 204 430 65 156 303 79 123 192 181 147 40 49 252 216 106 259 167 266 356 102 118 258
9 18 28
328 94 169 141 183 362 297 199 289 139 43 7 155 61 324 413 116 210 128 95 498 250 119 249 260 317 466 476
11 19 19
19 5 92 339 170 44 481 275 487 274 69 218 492 447 385 215 103 378 413
9 9 17
162 203 66 409 360 74 39 231 319 323 448 89 414 463 273 408 436
10 13 24
37 357 468 261 173 85 277 104 97 418 99 288 424 206 389 379 363 497 330 18 67 221 456 489
1 19 5
83 335 84 150 485
2 9 7
6 380 144 365 113 412 458
4 10 8
233 239 166 248 461 30 14 215
2 11 15
38 312 393 109 382 207 321 425 258 433 55 10 208 134 193
9 15 15
50 443 90 444 411 75 314 190 485 124 428 226 34 402 294
2 4 23
347 384 318 179 142 138 472 191 132 172 70 241 17 316 322 15 165 282 238 269 75 364 483
10 3 22
309 251 466 398 341 31 499 222 390 232 387 494 405 456 267 488 290 126 378 87 225 477
4 14 18
25 98 359 137 237 415 22 185 27 408 292 171 482 449 60 469 400 495
