1000 87 1550 18
27 30 28 4 6 19 18 1 20 20 12 14 9 7 3 22 25 7 15 1 23 9 14 27 15 28 16 26 16 11 5 12 4 17 5 13 5 14 28 9 7 27 15 20 5 25 23 1 4 5 27 15 12 23 2 25 29 1 28 15 3 28 30 9 19 21 18 8 11 16 25 10 19 14 30 4 6 9 7 25 20 5 16 24 13 18 30 7 10 11 23 18 2 18 1 21 23 16 8 30 5 16 14 30 18 28 3 4 18 20 13 29 18 3 29 2 19 4 28 25 29 14 12 25 10 17 3 20 11 21 3 2 21 17 18 10 18 6 7 6 5 22 28 20 6 10 25 5 21 11 5 8 25 20 17 11 10 14 18 18 21 20 1 4 6 25 18 14 22 22 27 26 1 19 30 6 28 10 7 8 12 14 5 18 30 9 8 8 12 14 4 29 7 2 5 27 3 13 19 5 1 9 5 17 4 7 21 16 1 29 10 2 2 7 6 19 9 3 5 8 15 11 11 7 14 3 24 4 22 24 9 5 7 26 25 4 5 6 17 27 3 1 3 5 3 5 15 28 12 26 19 19 21 15 17 25 5 20 4 5 28 20 12 21 17 28 16 1 7 17 21 26 22 10 9 29 3 6 12 17 16 7 27 25 18 15 1 9 22 12 15 10 24 29 15 26 7 18 11 22 25 30 12 8 13 2 21 24 10 21 16 20 19 18 18 13 26 18 6 27 26 21 4 25 17 6 4 24 5 25 14 23 30 24 17 19 2 10 28 3 24 5 22 5 16 17 10 3 8 4 8 2 29 20 2 16 7 25 23 23 15 1 6 16 29 4 7 12 22 6 2 5 13 14 3 1 15 2 2 21 29 9 13 24 26 22 24 25 2 18 4 5 2 26 3 19 14 29 26 25 13 12 30 10 20 30 13 22 2 19 12 22 5 19 27 27 26 6 29 1 14 4 24 18 2 20 22 15 11 3 1 19 20 5 27 16 4 29 2 9 7 14 4 30 25 1 9 16 25 5 25 8 17 25 15 26 5 21 18 20 27 7 15 3 5 9 24 10 17 16 3 21 9 21 11 27 6 24 12 22 15 22 22 26 12 15 5 15 3 16 15 26 13 6 24 15 5 1 12 21 25 19 22 5 27 27 20 25 28 19 27 27 1 16 4 11 12 2 5 9 11 28 28 15 14 28 19 13 20 23 27 28 2 10 2 25 4 1 22 29 1 14 24 24 26 15 3 12 15 6 3 16 18 11 11 2 23 7 13 22 3 27 28 11 28 5 23 7 26 12 25 4 17 17 20 17 13 2 20 3 18 7 6 17 4 21 15 5 9 2 16 11 16 25 24 20 25 6 30 5 9 23 22 15 9 27 8 5 8 17 1 3 21 11 5 26 4 30 21 13 4 6 9 21 19 15 29 1 7 9 7 7 2 10 29 14 29 20 21 15 10 5 3 21 10 27 27 15 21 7 27 6 4 7 11 23 11 15 1 29 17 21 19 11 20 28 15 8 28 10 28 16 17 18 18 6 18 9 24 23 29 15 8 18 29 24 6 14 6 22 5 19 23 14 1 27 17 7 9 4 13 22 29 13 29 7 14 14 8 17 3 6 2 15 9 24 27 30 15 24 29 20 10 22 19 29 9 19 16 8 17 4 27 22 8 11 14 5 10 10 16 17 13 30 2 23 11 16 28 6 19 18 10 1 6 10 3 7 29 20 9 18 13 11 20 7 30 12 3 26 1 25 11 9 18 4 12 3 19 19 22 18 18 21 21 15 12 29 9 6 5 16 1 4 10 3 18 20 21 16 14 17 24 6 30 5 13 22 23 28 13 22 12 15 28 8 16 18 21 7 13 16 3 29 12 8 7 14 26 16 11 28 23 16 22 20 12 11 4 6 23 12 20 25 8 21 3 20 28 2 25 6 3 3 15 25 1 9 6 17 5 15 9 28 1 15 20 11 7 30 18 16 4 12 20 28 20 20 14 20 12 25 10 21 16 23 15 20 3 21 19 28 4 5 11 6 25 29 16 22 5 17 9 28 29 30 9 14 3 23 16 7 9 7 11 30 23 10 11 27 15 27 8 9 11 17 15 19 11 23 15 29 30 17 22 16 5 12 6 24 26 24 22 2 25 17 2 9 15 7 27 13 20 8 13 27 10 20 18 8 20 16 14 1 17 8 19 14 17 23 26 5 4 9 26 16 13 13 7 23 19 26 28 25 9 25 21 16 12 25 12 21 28 12 1 5 24 12 16 26
11 13 23 9 27 30 13 6 19 11 9 26 14 21 14 7 6 12 21 24 4 2 13 18 21 12 10 10 10 23 23 1 12 1 13 5 28 14 16 14 17 12 18 6 18 10 14 28 5 25 29 26 21 1 27 27 2 8 17 27 23 29 13 23 9 4 15 18 21 4 22 17 24 8 16 22 8 24 28 2 18 17 25 16 11 18 28 3 29 10 24 27 20 6 27 13 23 1 2 15 3 1 28 8 11 24 8 8 20 24 3 22 13 24 16 13 5 20 18 30 16 26 21 1 18 14 27 26 1 13 25 2 17 20 17 20 29 18 1 7 15 24 25 27 26 1 29 17 7 19 19 12 7 14 4 23 8 9 23 16 17 3 22 11 1 29 24 1 1 15 20 13 30 24 26 2 26 10 12 25 13 2 18 23 17 12 11 12 24 28 18 24 7 1 16 18 16 6 15 5 3 10 17 20 28 23 12 19 16 30 8 13 29 6 11 15 27 21 2 29 11 2 16 28 29 8 24 9 15 14 6 19 30 12 27 22 23 23 1 12 8 17 10 20 13 15 14 6 3 2 25 3 24 27 30 5 13 23 20 21 12 17 26 28 15 6 17 3 21 27 5 2 15 10 6 13 24 26 2 6 22 24 3 5 16 22 27 20 10 4 5 22 16 4 27 23 14 8 1 8 17 19 19 8 23 9 19 7 18 19 17 14 16 25 23 4 7 13 16 6 6 28 28 17 13 18 9 20 1 23 6 19 22 10 19 20 5 14 14 28 12 7 5 23 17 10 21 9 21 9 1 20 17 30 18 24 13 11 4 23 10 25 9 9 28 18 6 29 18 4 13 18 3 19 29 8 4 10 3 1 14 27 16 1 21 29 30 18 29 25 20 14 20 4 16 3 26 23 26 7 19 28 20 16 12 7 28 4 16 1 11 30 5 4 3 25 22 12 18 27 23 8 26 9 15 3 10 23 10 13 26 20 27 29 27 9 15 9 3 13 16 18 3 16 5 21 19 27 12 3 7 9 16 6 25 24 19 26 18 15 15 6 5 29 17 7 18 2 18 5 5 19 14 1 27 12 1 14 17 10 14 11 2 12 25 23 21 19 26 12 26 26 16 19 14 6 17 28 10 24 29 7 24 25 28 15 24 24 12 15 17 13 2 13 6 1 30 25 8 17 3 17 13 21 23 1 17 29 17 1 2 19 24 28 28 25 27 6 19 29 26 23 20 20 12 16 29 20 8 29 20 20 4 14 1 7 7 1 27 26 16 28 30 24 3 5 23 6 10 24 18 26 22 8 11 22 4 19 7 14 17 26 20 25 20 27 9 7 7 29 15 12 23 23 20 5 26 6 15 1 29 4 11 23 19 13 5 22 1 23 13 21 12 17 25 17 11 1 13 27 20 19 13 11 20 16 7 6 14 6 22 9 18 3 28 26 4 19 24 8 11 5 18 28 29 3 12 30 6 29 9 10 23 29 18 26 17 22 11 6 27 19 10 12 25 2 7 23 12 19 14 6 18 14 25 3 20 21 29 18 4 6 3 24 23 7 30 5 14 27 10 15 9 6 6 3 26 20 17 11 3 30 23 2 17 11 8 15 26 10 17 23 6 4 19 30 9 10 21 17 7 27 19 16 10 27 10 18 23 9 30 24 13 9 21 10 1 13 26 25 10 9 4 15 27 12 30 26 8 26 14 6 20 10 12 3 5 10 18 17 25 26 1 13 12 23 21 19 1 26 2 1 9 24 2 8 2 30 22 16 26 22 4 11 7 25 27 16 1 12 1 15 5 29 3 1 25 26 29 2 30 7 25 5 26 12 20 5 18 26 4 3 29 3 8 16 10 27 10 21 3 6 1 5 4 12 17 3 19 20 15 4 2 5 11 6 26 16 29 12 30 3 8 22 18 15 17 14 8 13 3 20 13 17 9 11 10 11 12 4 20 22 14 8 10 1 18 11 23 15 21 21 28 11 4 21 9 26 1 17 24 10 9 25 12 29 22 1 26 29 4 29 16 10 2 29 17 13 21 17 17 19 27 21 29 9 28 4 26 9 6 9 7 12 28 12 28 4 17 7 21 22 14 26 28 21 21 18 16 18 11 22 24 7 3 11 30 16 6 21 11 25 1 4 13 8 21 2 25 28 8 9 20 19 21 28 29 20 14 11 11 7 3 20 24 4 19 22 1 12 23 6 17 7 14 12 30 5 4 26 4 11 18 4 29 30 21 18 17 11 21 28 30 8 15 28 27 12 12 3
1 15 20
185 139 706 396 876 318 292 64 438 894 661 984 667 364 86 909 889 173 882 196
1 8 16
941 8 84 429 282 789 611 772 710 76 203 230 727 484 447 857
1 19 13
905 260 566 455 74 495 110 466 843 218 533 806 915
1 15 12
218 929 360 748 221 893 38 74 250 572 933 941
1 13 14
627 717 862 387 802 840 992 89 773 829 38 97 161 861
1 3 15
169 546 790 167 856 357 430 133 766 204 540 981 269 293 907
1 20 19
838 85 45 44 460 517 643 251 874 814 761 235 158 842 956 483 311 596 659
1 13 5
420 239 963 333 906
1 9 18
435 695 784 883 966 263 171 316 50 468 585 988 258 828 202 25 395 552
1 8 14
850 148 701 473 348 674 959 449 776 725 138 179 508 855
1 7 8
154 607 752 721 321 324 53 847
1 4 24
163 973 245 786 448 52 121 949 14 990 554 252 832 612 386 913 813 641 972 425 270 760 954 995
1 20 10
524 818 243 640 700 631 58 171 382 755
1 10 19
672 778 922 826 689 954 555 890 892 715 457 733 798 515 54 141 481 499 734
1 13 3
412 568 331
1 9 8
663 333 372 662 976 514 399 435
1 2 19
593 69 116 629 138 919 906 739 475 241 67 363 91 224 332 441 102 181 589
1 19 13
294 193 809 433 811 79 601 617 279 211 716 417 258
1 1 12
936 543 29 125 213 549 591 910 81 285 152 759
1 1 9
707 847 696 873 164 343 366 547 926
1 3 9
257 749 371 526 498 314 465 660 986
1 12 6
810 481 137 41 310 827
1 5 5
361 53 962 839 607
1 6 23
350 122 544 692 503 23 49 453 723 231 587 924 916 877 680 755 502 688 564 950 649 678 992
1 17 17
997 377 365 100 673 349 331 174 803 43 37 172 13 865 155 487 478
1 2 6
722 47 679 447 550 938
1 10 16
168 523 380 675 767 183 92 552 815 229 595 329 410 677 445 473
1 5 18
34 604 771 71 513 105 833 246 888 516 740 935 808 19 319 573 233 186
1 11 20
559 912 915 960 657 830 765 911 560 982 394 222 210 414 10 237 921 244 360 585
1 8 21
328 653 637 872 40 494 763 731 504 51 83 775 217 986 190 918 94 378 398 807 641
1 1 15
226 66 135 588 690 268 418 605 423 660 267 991 36 212 90
1 20 21
41 806 753 937 432 531 927 176 745 624 556 685 724 490 738 80 970 512 346 469 973
1 5 15
225 652 914 385 419 610 729 280 625 88 824 61 232 656 940
1 6 7
578 107 467 638 714 858 923
1 2 13
227 96 298 825 645 55 273 822 253 538 469 512 829
1 12 17
664 858 632 881 613 795 823 446 955 618 860 574 708 112 744 543 983
1 1 6
575 293 633 746 29 302
1 16 11
140 415 32 942 208 370 979 768 21 480 25
1 9 8
209 392 620 341 164 22 386 834
1 12 12
845 705 562 35 521 1 255 886 668 636 718 789
1 1 10
131 307 505 704 95 75 557 816 310 971
1 14 15
493 698 276 342 130 797 884 616 395 871 670 389 283 271 880
1 5 9
734 129 347 975 834 336 330 219 637
1 15 7
583 938 651 194 479 307 902
1 12 19
542 702 82 114 240 413 250 529 567 303 703 899 781 249 665 762 508 142 540
1 2 20
150 642 743 234 136 804 352 9 953 411 63 256 390 728 33 262 476 195 412 766
1 13 14
474 443 461 545 968 439 421 501 42 821 635 713 124 761
1 15 9
464 928 800 945 60 205 841 940 757
1 20 14
123 391 691 381 969 463 206 339 598 109 363 410 611 804
1 3 13
614 436 416 322 296 592 459 846 335 967 99 553 634
1 6 17
471 59 156 103 286 376 141 536 355 261 228 576 961 904 926 616 820
1 9 19
200 896 264 655 115 646 236 887 153 344 151 835 934 485 308 444 353 134 629
1 3 5
525 609 565 133 247
1 9 15
7 563 792 145 454 903 751 649 719 304 582 947 0 683 846
1 12 16
787 124 537 977 547 570 3 654 223 400 189 747 220 606 424 854
1 2 9
720 656 247 669 177 683 920 587 619
1 20 15
118 325 427 589 338 207 368 870 166 351 428 134 198 518 703
1 19 11
532 215 902 831 117 299 658 216 681 320 709
1 19 21
930 861 931 486 788 980 987 853 397 793 965 757 201 101 159 539 530 456 946 28 579
1 9 5
289 170 406 382 517
1 10 19
726 836 644 780 699 300 948 622 16 254 358 126 527 27 26 93 851 775 932
1 15 13
187 152 869 5 682 957 343 104 178 58 462 486 487
1 14 20
270 666 917 522 597 369 57 951 39 288 619 191 403 111 533 87 577 451 361 690
1 6 13
317 162 160 608 287 384 65 119 379 78 819 509 423
1 2 16
885 132 477 626 373 855 534 291 248 796 238 323 868 580 149 442
1 4 21
736 864 867 989 794 978 718 46 820 144 284 497 511 863 73 848 590 712 275 267 984
1 7 10
769 143 639 242 506 996 68 491 273 301
1 12 19
62 56 179 754 359 405 817 602 4 779 192 586 281 2 434 594 266 490 569
1 4 14
898 482 340 199 694 993 106 897 302 875 985 101 114 666
1 13 19
650 732 647 974 312 925 431 711 127 18 401 30 878 22 857 958 375 500 574
1 16 6
259 496 998 315 265 904
1 4 14
98 327 923 301 774 214 269 630 500 770 404 933 758 579
1 16 8
452 488 528 742 995 408 157 676
1 2 9
6 520 70 756 866 24 48 709 223
1 18 13
290 149 581 648 837 499 541 782 17 777 79 354 549
1 14 21
184 548 759 334 182 188 901 108 687 678 558 109 272 939 634 147 450 697 439 440 935
1 19 13
113 908 791 584 12 994 354 750 146 785 671 686 560
1 8 11
628 880 326 571 196 952 195 551 309 337 876
1 18 7
852 730 676 827 684 470 19
1 13 17
458 440 879 402 812 783 600 492 854 999 345 306 983 943 180 428 470
1 6 14
72 849 572 305 932 393 900 844 518 128 895 175 891 756
1 14 8
197 388 265 621 120 422 227 746
1 2 7
232 367 274 26 460 504 561
1 10 20
31 278 383 313 799 374 760 366 437 764 77 693 297 442 465 535 735 277 557 597
1 6 14
489 472 519 944 510 407 801 11 859 599 362 615 569 441
1 15 7
550 409 356 741 501 536 887
1 19 17
15 737 907 561 964 20 165 507 426 320 805 295 603 623 33 380 493
