1000 219 1550 5
14 26 26 11 29 11 17 12 26 28 7 18 11 1 23 15 26 17 19 8 13 14 27 15 18 3 3 21 27 18 27 8 21 30 17 11 2 4 6 14 12 10 20 15 23 16 18 29 11 20 7 21 29 23 1 9 12 2 28 5 13 21 13 22 30 10 3 18 23 6 18 20 20 7 24 12 26 17 19 5 24 7 24 1 29 7 10 20 25 27 4 9 16 30 19 4 4 19 13 29 19 8 7 10 22 20 20 28 24 10 22 14 16 2 4 20 27 20 19 17 18 7 22 4 28 21 25 4 1 2 8 21 11 28 22 22 25 15 10 15 10 21 19 4 8 10 16 11 19 7 13 10 23 30 29 7 21 24 6 26 21 26 9 26 30 1 28 27 15 20 11 30 1 15 18 30 9 23 1 26 1 30 16 8 1 7 12 25 7 13 11 16 21 26 27 11 22 30 23 4 14 25 30 28 18 7 12 28 20 30 24 20 20 5 19 11 8 5 30 8 11 16 16 21 20 25 21 26 28 15 7 22 11 25 24 17 17 4 12 8 22 27 26 15 8 3 21 25 16 29 15 28 27 15 7 8 19 20 23 21 17 30 15 7 14 29 30 9 6 19 16 1 4 3 26 18 26 25 27 8 13 29 6 15 6 9 24 1 3 27 13 23 19 30 1 2 20 12 12 10 27 9 23 12 30 19 21 27 29 28 28 30 11 18 7 10 22 19 16 30 23 23 1 14 3 24 19 10 22 12 23 8 27 11 9 21 18 28 13 10 5 3 19 20 14 13 16 29 4 29 15 27 23 18 27 1 17 29 19 17 9 14 19 15 29 16 26 3 4 19 19 3 23 16 8 24 17 20 18 1 19 28 2 5 12 7 30 3 6 13 29 11 19 18 26 11 27 29 13 5 30 25 29 16 6 2 10 22 3 18 1 4 7 10 26 22 20 1 3 14 9 26 18 9 9 1 6 24 25 15 5 21 20 29 7 7 26 6 25 12 19 22 18 21 18 1 14 17 2 21 2 14 6 28 30 19 17 15 14 7 27 7 15 28 20 1 27 22 8 13 17 7 9 25 7 10 24 28 14 3 2 7 28 3 27 23 26 2 30 2 7 9 4 22 17 20 8 25 20 8 9 22 25 28 30 11 16 6 7 14 21 17 4 3 20 25 1 24 14 23 7 27 6 1 22 24 12 30 23 23 28 21 26 11 22 22 5 8 9 13 12 20 5 22 20 22 9 2 6 5 25 1 8 6 2 13 2 4 7 7 26 8 9 29 16 3 26 18 23 6 26 7 18 21 27 22 5 26 17 28 11 5 15 23 23 17 15 1 17 28 13 16 30 25 18 3 19 17 20 6 7 27 29 30 4 3 22 22 13 1 10 6 15 24 1 13 30 22 14 13 8 11 17 26 23 9 24 3 25 21 2 11 5 18 16 8 29 19 24 17 14 1 30 7 26 22 18 25 23 20 14 10 13 18 4 27 6 7 15 28 9 24 18 1 30 25 20 5 20 25 4 8 18 15 18 18 3 3 1 9 17 10 16 18 13 15 5 13 7 12 20 6 29 3 19 24 1 16 22 29 21 20 26 29 28 11 26 15 28 7 8 12 3 22 7 4 10 28 29 27 16 14 24 10 12 4 6 4 22 14 10 3 22 30 20 22 10 13 29 24 17 20 9 12 24 24 4 14 17 5 28 8 14 21 11 28 23 2 17 5 2 12 27 3 1 20 14 4 27 26 2 12 28 18 10 11 2 20 18 13 26 24 23 5 12 4 23 3 18 27 16 7 7 18 14 30 23 22 26 20 21 21 8 23 20 15 16 20 12 4 3 23 13 5 11 24 25 11 14 6 18 24 22 4 23 17 19 20 16 12 1 11 8 2 18 13 5 30 16 24 14 22 9 28 30 25 29 9 3 16 11 24 10 20 10 23 4 4 26 6 26 22 22 1 7 22 14 4 12 8 11 29 10 24 20 10 9 10 17 30 14 6 19 1 20 14 22 11 12 3 5 12 5 3 11 30 15 30 1 20 6 27 8 11 7 7 18 13 1 16 20 18 30 6 17 14 10 30 30 22 28 23 16 28 21 21 20 22 14 13 18 16 16 30 25 10 12 29 10 4 17 28 30 7 9 21 25 12 19 10 1 13 18 13 28 12 11 20 23 5 30 3 17 2 5 22 21 18 2 12 25 2 14 11 11 5 21 19 3 5 22 30 23 7 30 25 17 19 1 18 5 13 29 17 16 10 1 19 3 2
15 14 7 25 10 25 9 11 16 3 27 5 29 11 1 28 2 23 4 27 6 14 21 4 12 12 13 29 27 2 29 30 26 2 12 28 30 16 18 23 14 27 26 28 30 17 6 2 27 18 17 7 20 3 5 6 19 4 11 6 29 8 30 2 19 30 5 19 2 23 30 2 9 14 16 27 25 20 9 13 1 26 19 3 7 27 3 1 11 5 25 22 21 15 5 5 17 19 20 12 9 5 20 29 1 19 17 29 16 8 3 1 3 20 22 3 21 13 12 20 28 7 26 13 18 6 25 14 24 4 11 29 28 22 26 9 16 11 15 21 4 18 27 14 10 4 30 18 5 29 24 21 13 6 28 26 26 6 22 21 14 8 19 20 13 19 20 13 7 15 29 7 22 18 17 4 3 5 6 19 30 23 27 22 10 10 13 21 23 9 6 17 5 13 20 21 21 2 3 13 3 9 25 19 20 15 24 11 22 19 22 18 14 15 4 8 8 7 17 27 23 2 19 14 15 15 20 18 30 22 4 3 7 8 12 24 14 8 21 11 27 15 4 5 2 10 9 23 7 29 4 27 2 6 21 2 19 19 11 5 16 3 30 28 29 25 30 8 9 5 6 3 23 7 7 15 14 8 14 23 12 26 1 11 22 14 5 11 14 28 22 23 13 20 3 18 22 27 1 22 2 7 14 15 29 29 14 24 8 16 30 3 18 3 16 22 23 6 19 7 26 17 12 10 13 18 23 20 18 3 17 12 11 27 14 13 22 30 4 10 25 27 25 29 21 11 4 8 25 4 6 27 12 14 30 7 29 8 18 17 3 13 29 4 11 6 25 16 14 12 18 16 16 19 26 26 25 23 2 5 15 15 30 14 20 8 1 11 17 13 6 3 22 21 18 6 6 12 17 9 11 6 29 12 9 23 11 24 3 25 28 22 3 7 21 7 13 11 23 2 7 28 29 1 19 15 2 27 4 30 16 19 15 30 3 1 19 13 30 3 12 30 25 13 7 1 7 6 3 24 22 18 6 23 23 1 20 4 25 6 3 22 10 26 27 28 20 24 30 28 16 27 9 1 18 1 5 13 7 2 27 7 8 11 6 22 13 13 9 2 30 29 30 11 5 11 29 6 30 25 18 30 30 8 8 1 18 5 18 2 9 8 17 8 5 4 30 22 28 22 26 6 20 10 1 9 24 13 24 1 20 24 28 14 1 5 10 16 7 26 8 25 12 8 24 22 6 11 27 12 28 17 17 2 16 5 4 4 23 23 13 9 15 13 23 9 24 7 28 11 10 10 19 3 16 26 24 2 19 7 10 10 21 7 20 19 10 21 29 19 19 8 22 3 18 4 29 8 11 23 1 3 20 7 5 25 24 23 1 12 30 5 14 4 20 21 2 12 16 30 28 11 26 14 26 12 7 13 13 17 9 16 9 17 3 9 11 5 6 14 11 14 3 1 22 25 26 6 27 16 9 6 27 20 23 4 17 2 27 25 4 27 14 26 17 16 14 14 4 30 20 23 13 17 10 21 2 11 16 14 14 26 18 18 27 27 28 5 26 2 26 7 14 7 6 18 23 19 12 26 14 25 16 21 1 11 25 8 23 2 18 15 21 18 2 28 5 26 15 13 9 25 28 23 2 20 19 8 22 17 1 6 5 26 24 1 25 8 28 21 21 9 20 22 13 23 4 24 15 12 9 3 30 2 14 28 1 24 3 13 23 14 15 19 30 11 7 13 28 19 12 23 18 18 14 27 1 1 18 7 1 18 11 19 10 20 27 24 6 4 6 4 20 22 12 29 28 29 16 29 18 6 14 7 18 15 21 2 3 20 25 21 4 22 11 26 9 26 29 18 20 18 25 9 18 19 20 4 13 14 16 20 1 15 14 27 5 5 14 25 25 9 3 17 2 23 22 6 7 11 10 10 11 29 3 1 24 20 23 2 10 27 9 23 6 3 3 1 30 8 12 1 6 28 28 14 15 15 13 25 10 4 2 29 20 11 8 23 5 9 5 18 5 1 16 13 20 5 20 10 8 11 30 21 3 7 8 27 27 21 2 14 8 6 26 1 27 11 26 16 3 25 11 9 6 5 10 25 1 26 16 12 4 11 20 24 9 17 23 30 24 7 25 21 12 21 22 30 12 2 8 27 9 13 26 23 25 27 23 25 23 20 8 30 27 22 13 3 27 30 28 9 4 6 30 26 24 7 23 17 3 8 15 22 29 27 21 19 24 3 11 18 13 22 26 26 15 5 4 12
1 11 8
147 266 9 734 783 117 738 96
5 4 12
529 541 508 536 116 641 153 947 941 557 156 870
5 14 20
829 810 929 844 361 55 907 390 76 575 564 797 747 216 31 731 865 936 442 445
0 15 7
594 299 57 23 633 899 863
3 17 15
790 842 998 105 794 818 923 935 711 741 195 240 804 939 184
2 3 18
486 649 868 812 56 411 253 230 62 544 418 973 985 482 859 626 99 659
0 17 38
118 830 519 408 334 901 121 115 586 403 440 2 177 75 405 386 132 992 210 757 531 966 219 44 615 73 406 207 958 597 538 568 756 273 601 815 986 489
0 17 33
456 857 478 86 30 735 438 259 166 995 775 123 353 475 706 977 643 547 720 640 811 835 746 289 679 653 926 85 458 854 467 669 47
0 18 5
192 817 803 284 268
7 9 13
778 533 150 913 277 684 125 109 340 464 572 302 970
15 18 26
308 625 434 795 921 521 782 537 410 954 892 603 36 330 620 26 505 477 35 172 671 686 748 732 527 282
14 4 33
924 432 577 148 318 851 450 64 140 553 300 357 867 209 218 427 600 617 789 576 33 534 396 709 743 675 61 404 460 78 70 546 51
8 14 26
683 466 566 244 191 234 5 370 111 587 245 742 60 82 950 389 872 580 112 483 180 407 808 949 497 524
6 20 26
342 912 520 137 127 676 43 91 548 397 232 737 188 255 846 875 886 288 260 10 344 991 323 523 637 893
4 13 11
509 311 298 668 563 409 89 271 215 439 545
8 5 25
80 609 996 841 67 942 678 997 884 618 264 495 978 876 585 517 211 1 193 146 321 385 359 900 276
7 2 19
179 391 435 874 131 934 107 261 909 953 777 614 167 630 246 982 850 178 360
2 10 8
511 182 40 258 59 788 588 787
3 20 19
310 549 171 796 725 652 951 381 0 552 45 272 556 981 883 667 315 860 293
10 4 30
287 879 247 918 248 374 763 139 175 388 100 834 930 866 200 239 280 383 138 578 242 108 692 927 461 589 186 960 554 562
0 8 6
583 69 722 878 32 152
8 8 19
836 46 294 143 642 705 571 129 436 526 959 412 328 498 869 488 14 599 322
5 19 23
677 83 824 873 716 206 516 16 291 660 833 88 484 765 135 312 827 621 332 702 349 369 400
0 9 4
417 689 971 208
0 1 20
233 468 212 582 237 561 691 984 946 223 470 352 72 94 651 754 18 590 710 307
0 19 7
367 7 49 48 337 448 393
7 12 16
472 647 751 673 849 932 952 604 122 605 862 728 463 525 704 736
1 12 6
77 160 999 989 257 416
1 19 26
451 471 703 384 628 27 937 962 629 613 729 50 723 424 476 362 550 680 925 839 658 331 825 93 699 837
10 17 26
469 421 306 201 348 891 501 784 656 724 413 916 530 270 570 74 119 339 126 905 670 690 917 933 499 696
7 17 20
251 317 431 654 481 176 162 213 141 688 365 356 888 639 666 395 283 169 713 202
11 10 40
881 813 845 256 433 275 733 203 902 314 745 341 712 371 802 522 465 250 944 889 28 500 65 919 278 185 759 338 772 622 372 694 898 565 222 394 708 130 415 848
17 1 38
335 624 170 13 325 885 326 915 158 285 616 198 726 569 496 402 816 645 994 903 183 420 661 956 426 79 155 101 598 749 68 922 910 329 512 480 591 904
6 3 27
928 398 303 655 343 820 801 506 368 663 739 473 157 806 634 174 750 373 165 262 286 21 316 414 555 228 693
14 19 33
619 861 753 279 581 378 682 593 452 274 606 672 380 235 920 425 539 504 428 542 217 847 15 190 771 297 612 333 774 963 914 441 226
0 11 5
894 120 281 700 124
11 12 22
730 90 931 204 718 267 507 462 674 194 401 181 199 189 313 446 665 758 309 882 807 249
6 5 22
305 793 358 631 229 752 608 422 196 560 880 755 776 102 164 779 714 972 786 543 41 864
5 5 33
945 53 799 296 911 292 377 494 84 762 392 34 106 355 764 592 695 346 858 347 133 717 301 791 443 607 142 236 993 159 58 856 957
3 1 6
354 906 11 964 809 895
1 18 2
3 71
6 11 2
4 780
1 18 2
6 453
13 32 2
8 231
6 36 1
12
9 5 1
17
1 27 1
19
1 2 1
20
3 13 3
22 241 800
7 18 1
24
16 23 2
25 664
7 24 1
29
1 31 1
37
7 19 1
38
5 15 1
39
1 22 1
42
1 31 1
52
1 22 2
54 351
5 8 1
63
7 23 1
66
9 6 1
81
1 23 1
87
1 26 2
92 455
1 26 1
95
12 35 2
97 263
1 22 1
98
1 24 2
103 269
11 21 1
104
6 34 2
110 492
1 27 1
113
1 33 1
114
5 5 1
128
1 25 1
134
10 38 1
136
5 23 1
144
9 6 1
145
4 19 1
149
2 34 2
151 685
11 23 1
154
5 24 1
161
1 22 1
163
1 4 1
168
3 22 1
173
3 23 1
187
7 31 1
197
5 21 1
205
4 14 2
214 387
4 21 1
220
1 15 1
221
1 24 1
224
9 28 2
225 974
4 24 1
227
3 23 2
238 940
3 29 1
243
1 19 1
252
10 25 1
254
8 23 1
265
8 30 1
290
1 27 1
295
7 27 1
304
12 22 2
319 767
3 31 3
320 419 761
5 7 1
324
11 22 2
327 567
1 21 2
336 961
9 15 2
345 595
12 36 1
350
4 28 1
363
1 20 1
364
1 29 1
366
1 37 1
375
11 8 1
376
1 23 1
379
1 32 2
382 646
1 36 1
399
3 24 1
423
7 10 1
429
2 28 1
430
9 13 1
437
1 36 1
444
5 40 1
447
13 29 1
449
1 4 1
454
1 31 1
457
4 29 1
459
12 21 1
474
1 23 1
479
6 20 1
485
4 23 1
487
5 22 1
490
10 24 1
491
5 20 1
493
1 37 1
502
1 16 1
503
1 21 1
510
4 16 1
513
7 38 1
514
11 15 2
515 535
10 23 2
518 602
9 8 1
528
3 15 1
532
1 26 1
540
4 11 1
551
1 22 1
558
9 24 1
559
3 38 1
573
1 28 1
574
12 12 1
579
1 34 1
584
6 34 1
596
1 27 1
610
5 24 1
611
1 30 1
623
1 23 1
627
2 27 1
632
12 17 1
635
1 13 1
636
14 21 1
638
3 28 1
644
9 10 1
648
12 15 1
650
9 19 1
657
2 19 1
662
5 32 1
681
3 24 1
687
6 29 2
697 769
8 22 1
698
1 6 1
701
19 5 1
707
10 24 2
715 968
9 24 1
719
1 22 1
721
1 15 1
727
7 10 1
740
3 22 1
744
9 32 1
760
1 26 2
766 908
1 26 1
768
3 22 1
770
12 22 1
773
16 31 1
781
5 12 1
785
9 19 1
792
2 25 1
798
11 20 2
805 976
1 35 1
814
5 17 1
819
12 9 1
821
7 17 1
822
1 22 1
823
1 36 1
826
4 25 1
828
13 18 1
831
12 18 1
832
1 22 1
838
1 32 1
840
1 28 1
843
6 13 1
852
1 21 1
853
2 33 2
855 979
9 18 1
871
10 39 1
877
5 6 1
887
4 30 1
890
6 5 1
896
8 31 1
897
1 34 1
938
11 26 1
943
9 34 1
948
6 18 1
955
1 21 1
965
1 21 1
967
11 13 1
969
3 32 1
975
3 32 1
980
16 11 1
983
9 33 1
987
1 27 1
988
1 6 1
990
