800 181 1240 4
22 22 19 7 26 12 5 28 18 30 30 2 25 13 20 17 24 1 21 1 28 19 11 28 3 19 14 7 12 10 20 26 24 9 22 22 9 12 25 26 6 20 9 23 9 11 6 1 25 11 12 5 2 25 8 4 1 19 12 16 19 30 22 22 29 20 24 6 27 11 17 12 13 18 16 8 6 18 3 4 17 17 6 15 4 19 20 15 30 3 17 3 8 24 18 23 26 27 5 18 21 17 22 25 1 4 15 28 19 5 9 14 30 19 30 26 18 17 10 8 21 21 7 4 26 21 2 23 13 9 19 27 27 27 15 17 10 11 18 20 14 1 14 15 10 15 9 14 22 27 9 6 26 27 9 23 29 2 27 6 30 15 3 8 28 8 1 17 1 13 14 1 8 27 23 27 24 30 7 26 11 5 26 28 5 20 4 11 26 5 29 29 6 11 16 29 1 15 2 30 25 30 24 16 14 23 22 24 20 3 14 14 4 1 23 5 23 8 13 30 27 26 25 4 11 30 12 28 10 18 19 3 13 28 10 13 8 1 30 11 5 15 12 18 24 30 3 24 29 23 26 28 6 2 5 27 12 4 22 24 30 6 9 11 26 8 22 29 13 10 1 15 29 19 18 23 16 26 22 24 15 29 14 29 3 19 16 4 27 18 17 21 26 12 15 9 24 11 9 23 1 9 15 5 24 1 28 15 21 6 25 23 9 26 18 21 16 18 26 13 4 29 20 26 24 28 3 29 17 23 18 7 19 29 23 6 13 16 28 19 26 9 5 12 6 11 9 4 20 12 5 7 2 23 26 15 18 25 9 11 30 24 19 3 2 18 15 30 15 4 21 7 18 18 24 12 27 5 4 18 19 2 10 6 15 16 24 2 20 22 18 16 4 21 13 24 2 17 14 3 5 25 28 30 1 24 14 8 6 25 17 25 8 12 14 12 18 4 2 14 14 20 24 18 21 12 1 14 18 19 11 1 22 18 26 6 19 16 27 1 25 30 28 7 24 25 12 21 9 17 13 24 1 20 27 12 26 21 2 3 4 30 28 12 9 28 19 7 28 26 3 24 24 22 7 19 22 4 23 9 13 24 8 17 27 27 22 25 4 15 21 28 9 24 26 25 21 25 29 8 8 13 18 25 19 16 6 2 18 16 12 1 3 23 5 5 26 12 17 30 24 7 8 15 10 22 12 20 29 12 17 16 9 18 13 29 30 26 16 27 3 16 13 17 27 22 19 11 25 3 12 26 22 12 4 27 25 24 30 25 22 12 22 26 7 12 29 21 5 30 29 1 10 22 28 7 28 14 20 4 16 16 14 5 2 27 21 20 23 2 17 19 15 11 14 2 27 11 21 14 13 3 27 15 17 7 25 30 23 30 18 21 24 15 4 10 22 17 4 30 10 21 10 13 21 30 5 2 12 30 17 3 13 8 4 3 26 8 19 19 1 27 7 7 14 24 9 27 29 17 3 15 9 7 14 5 21 3 4 2 1 9 19 20 5 26 18 17 3 3 15 1 9 29 12 12 29 25 11 16 6 18 20 24 29 16 3 6 11 27 6 1 7 14 11 5 22 26 1 23 13 28 18 3 10 23 19 3 30 21 10 22 28 4 27 16 26 18 11 9 1 4 14 7 26 1 3 8 20 25 19 12 17 17 14 20 26 19 13 9 7 29 26 19 22 17 22 18 8 14 2 26 30 24 21 9 17 16 7 2 26 13 17 11 29 30 30 5 23 11 8 3 21 7 18 22 28 21 5 14 30 20 2 24 12 22 14 15 4 30 8 17 10 28 21 7 19 4 24 16
9 27 19 29 6 13 22 20 10 16 25 19 18 30 17 11 6 22 29 19 16 25 26 22 24 11 28 1 12 12 3 8 19 10 12 13 5 23 22 19 19 7 26 10 2 9 30 25 27 16 16 17 14 13 6 4 12 10 7 17 26 28 18 21 13 30 15 27 7 16 25 20 1 20 11 4 20 23 14 10 19 6 30 27 18 6 27 13 3 17 6 28 2 3 1 7 22 17 11 15 17 30 8 24 9 5 24 6 26 13 29 28 17 11 8 12 14 27 1 1 6 16 3 9 28 20 14 14 17 27 16 10 23 1 30 12 26 30 9 20 18 4 17 13 26 19 4 23 30 11 9 9 5 1 18 30 8 27 18 18 24 9 17 24 24 24 20 11 1 9 8 9 21 17 5 7 24 20 24 24 17 24 14 8 14 2 21 5 3 16 24 17 3 23 14 22 7 10 18 28 4 5 19 17 23 6 26 30 14 12 2 18 28 9 12 25 14 6 7 1 14 20 21 7 28 12 29 1 30 24 29 10 7 28 29 28 26 2 17 19 11 12 22 6 21 11 12 23 6 20 6 7 23 28 6 10 28 20 20 16 27 19 10 25 4 17 2 27 21 15 8 29 12 29 27 28 28 20 10 29 27 22 8 6 16 18 27 14 9 8 19 27 15 10 28 2 22 10 27 26 27 29 17 20 22 22 6 12 25 26 19 15 23 23 19 29 22 29 30 13 17 12 10 18 22 22 17 27 11 28 1 2 9 16 3 3 15 10 19 20 20 7 27 10 27 15 2 24 22 6 5 23 21 11 16 1 25 4 4 22 21 27 26 27 8 20 19 13 1 18 9 22 24 3 5 2 4 16 7 20 25 18 3 23 28 10 11 29 17 4 16 13 18 9 18 1 28 8 4 26 10 26 11 19 27 16 4 29 16 28 8 8 13 26 21 2 10 5 23 23 26 22 14 4 23 5 5 8 7 2 24 9 20 13 28 11 19 9 28 13 21 13 14 16 5 13 10 10 20 26 1 25 7 24 17 21 20 13 25 27 29 1 6 28 9 27 15 25 4 30 3 22 29 30 15 12 4 10 5 21 5 28 5 24 28 23 20 6 20 27 13 22 19 15 17 26 30 14 19 25 5 2 21 18 5 5 10 3 16 8 3 12 26 29 11 23 23 4 20 9 24 8 30 26 11 8 22 26 19 20 12 22 5 16 11 30 8 11 24 23 23 18 14 27 1 26 16 29 23 11 13 16 8 5 9 28 18 5 15 29 30 22 23 22 18 22 13 26 15 21 3 15 12 17 8 24 1 28 2 17 24 24 5 29 24 15 14 23 3 28 24 20 22 4 23 29 8 20 24 16 6 7 22 22 11 26 18 25 4 26 19 14 11 14 13 8 4 10 22 18 14 14 17 4 18 10 15 8 9 5 2 15 13 14 21 28 3 25 12 9 1 4 24 30 18 20 3 19 6 21 20 30 6 13 27 29 7 25 30 26 18 2 26 29 28 27 6 29 11 9 9 12 27 8 18 18 17 8 29 13 3 12 25 28 1 9 21 13 17 8 7 8 4 13 15 13 16 30 13 26 25 21 5 11 21 18 8 3 21 12 26 14 6 23 19 24 23 22 12 5 2 16 20 22 29 5 19 20 1 13 16 27 4 27 8 6 30 2 1 24 28 12 12 7 27 2 6 29 22 6 28 9 6 23 12 7 12 10 2 6 24 11 5 3 28 21 8 10 10 14 22 5 9 20 8 23 17 30 2 12 25 13 6 18 25 21 24 22 29 24 15 16 27 5 13 17 6 8 29 2
20 15 34
544 221 379 82 723 617 656 108 37 709 542 295 750 217 782 382 698 149 794 543 106 39 297 680 443 87 12 286 533 745 234 651 663 156
0 16 3
479 728 374
0 12 7
788 275 719 143 312 1 530
6 5 26
659 287 466 302 787 583 689 279 459 202 378 708 363 99 785 540 177 368 734 796 75 125 603 528 413 267
1 9 27
294 161 771 101 268 316 191 164 439 288 457 237 722 743 777 756 265 713 491 568 171 732 724 259 172 513 3
9 11 20
207 631 346 579 230 264 220 324 66 258 552 636 252 623 122 342 109 447 388 343
2 2 5
795 555 152 688 460
4 8 12
641 250 367 128 17 602 502 775 63 251 736 437
4 9 8
116 181 190 124 266 614 465 97
5 6 12
262 370 409 609 223 637 48 597 591 558 36 683
1 11 15
358 670 662 96 183 56 738 456 32 427 377 545 424 151 773
10 15 19
715 712 627 495 448 243 289 387 331 100 629 213 462 714 757 700 49 575 340
11 17 20
565 200 410 461 498 399 760 546 212 527 313 454 283 652 557 484 720 774 306 80
0 19 1
396
10 7 24
618 605 398 372 547 336 269 501 596 792 592 755 19 210 767 704 103 47 303 570 318 599 29 783
0 1 3
54 133 442
1 6 3
309 650 110
5 9 27
219 471 162 131 668 727 469 571 742 729 404 273 20 118 518 577 574 350 325 548 567 170 621 793 512 701 42
5 11 13
341 298 261 763 601 497 681 227 209 144 562 8 414
5 16 13
176 510 330 725 790 89 682 360 242 105 290 174 184
0 18 1
270
10 12 27
620 749 332 643 127 464 72 228 432 505 136 155 27 145 192 257 281 173 169 153 182 280 158 30 74 392 123
2 9 19
679 114 263 28 226 389 345 468 165 296 436 425 98 142 7 507 572 43 285
12 16 34
529 61 366 166 241 38 319 218 34 428 737 697 705 429 68 232 594 18 611 95 658 490 311 201 710 62 535 684 731 115 94 761 240 271
0 2 3
740 415 335
3 3 11
451 195 301 16 157 419 60 320 587 741 364
2 1 9
206 119 278 407 687 525 778 696 391
1 12 24
375 485 79 384 519 421 348 189 274 224 194 646 600 84 676 541 328 14 58 215 354 88 563 248
8 16 25
612 499 748 786 214 236 383 616 494 204 418 102 566 660 361 4 478 685 81 751 339 514 625 674 77
0 20 8
657 403 329 487 489 486 6 121
1 14 24
483 606 347 357 107 235 5 576 405 726 564 353 254 536 187 139 44 349 147 534 239 446 671 308
0 7 31
10 440 211 655 352 661 247 180 431 112 390 120 675 276 648 553 52 699 225 798 531 717 154 50 11 402 135 362 238 344 307
4 6 18
65 539 759 633 435 126 423 628 199 179 789 593 632 590 678 492 292 626
2 4 13
333 645 406 754 733 554 784 444 59 517 323 2 677
0 18 17
598 359 573 46 233 45 412 640 315 337 470 434 610 426 73 430 753
10 12 18
607 453 327 231 245 569 538 197 186 509 91 422 472 735 159 51 458 371
0 16 17
481 559 673 766 653 730 584 376 433 692 780 707 638 175 369 338 752
0 1 1
277
3 18 21
551 401 255 634 560 702 380 129 703 373 532 467 24 299 256 765 408 381 635 208 229
1 4 15
140 463 613 93 314 67 508 134 326 746 321 15 664 550 791
2 19 20
417 672 196 669 168 578 706 511 260 55 167 13 322 365 739 188 449 64 293 386
3 15 2
0 57
4 19 1
9
1 36 1
21
1 28 1
22
1 30 1
23
1 25 1
25
16 22 1
26
1 36 2
31 721
8 14 1
33
1 19 1
35
1 9 1
40
2 23 2
41 70
3 30 1
53
1 17 1
69
1 24 1
71
2 26 2
76 148
1 38 1
78
6 25 1
83
1 19 1
85
3 34 1
86
9 25 1
90
9 20 1
92
3 18 1
104
1 22 1
111
1 17 1
113
2 23 1
117
6 25 1
130
16 23 2
132 690
8 16 1
137
2 16 1
138
9 24 1
141
1 32 1
146
2 15 1
150
4 16 1
160
1 23 2
163 438
2 15 2
178 310
8 24 1
185
2 15 1
193
2 27 1
198
2 25 1
203
1 15 2
205 393
1 20 1
216
1 28 1
222
1 34 1
244
1 32 1
246
1 23 2
249 272
4 11 1
253
4 15 1
282
3 16 1
284
2 17 1
291
3 28 1
300
1 33 1
304
1 28 1
305
8 17 1
317
1 23 1
334
5 19 2
351 477
1 20 1
355
6 22 1
356
1 19 1
385
1 20 1
394
1 32 1
395
2 30 1
397
2 28 1
400
1 17 1
411
1 35 1
416
1 32 1
420
3 13 1
441
9 21 1
445
2 18 1
450
2 33 1
452
2 27 1
455
10 27 1
473
1 21 1
474
1 29 1
475
1 3 1
476
2 23 1
480
3 16 1
482
2 27 1
488
1 25 1
493
1 18 1
496
9 24 1
500
3 10 1
503
1 9 1
504
9 22 1
506
8 21 1
515
1 26 1
516
1 29 1
520
16 30 1
521
1 18 1
522
4 20 1
523
3 27 1
524
5 15 1
526
2 24 1
537
14 27 1
549
2 15 1
556
4 21 2
561 666
2 34 2
580 718
4 25 1
581
1 16 1
582
1 10 1
585
6 13 1
586
2 28 1
588
2 16 1
589
2 10 1
595
16 32 1
604
14 29 1
608
1 15 1
615
1 24 1
619
2 20 1
622
2 19 1
624
9 20 1
630
4 17 1
639
2 18 1
642
2 10 1
644
8 23 1
647
2 25 1
649
7 22 1
654
1 5 1
665
4 33 1
667
1 34 1
686
2 26 1
691
2 17 1
693
1 32 1
694
1 28 1
695
2 15 1
711
6 16 1
716
16 33 1
744
4 16 1
747
14 27 1
758
2 12 1
762
1 29 1
764
14 28 1
768
4 20 1
769
1 16 1
770
6 18 1
772
1 27 1
776
1 14 1
779
4 11 1
781
2 15 1
797
4 14 1
799
