700 165 1085 47
3 23 5 18 18 21 17 21 2 15 10 12 12 1 14 5 25 9 29 20 17 10 5 15 4 19 28 9 10 5 10 8 9 9 16 13 4 28 24 2 3 18 15 10 13 15 30 26 27 7 25 2 15 13 22 22 16 10 14 13 28 2 24 1 3 2 24 11 15 2 24 27 11 28 18 18 18 18 5 17 23 12 5 18 17 4 23 25 24 4 29 28 9 27 7 9 27 2 12 9 5 6 26 3 22 18 6 29 29 4 4 28 8 20 7 6 14 29 30 14 25 22 25 2 30 6 25 30 13 10 8 9 16 9 20 29 14 1 11 9 24 9 17 11 11 5 24 28 29 15 19 18 1 30 14 23 8 20 20 25 15 23 28 9 10 14 23 3 16 25 24 25 29 21 4 24 27 18 1 30 6 18 29 17 13 20 6 27 19 22 17 6 28 26 17 22 12 16 4 16 28 24 29 7 29 9 2 11 1 25 5 20 11 7 3 26 2 27 2 2 9 19 7 6 3 19 3 14 28 1 5 30 4 9 17 16 18 15 26 11 11 22 6 4 19 20 29 7 11 29 4 6 15 2 1 18 27 15 27 15 12 23 24 4 20 30 16 4 5 6 6 27 19 17 4 14 8 27 22 19 21 5 22 10 30 29 20 7 15 6 2 20 12 26 16 28 11 15 18 3 6 27 10 3 7 3 16 27 21 1 10 12 14 9 18 15 3 5 18 10 15 23 4 4 8 9 9 7 24 19 2 6 3 22 26 7 3 6 25 19 21 26 3 25 1 1 4 25 24 18 16 18 10 26 30 4 17 12 7 6 30 3 22 5 1 1 5 23 10 24 21 17 14 6 30 1 2 11 15 19 17 24 23 22 3 23 15 12 28 16 10 22 23 4 21 23 25 7 14 6 6 15 9 1 11 28 20 22 12 21 27 12 7 12 21 12 1 7 17 18 6 5 17 13 4 14 9 8 11 5 4 11 11 21 15 24 14 29 20 23 15 20 30 1 29 21 7 22 30 15 23 16 21 5 13 22 9 17 1 23 18 6 6 8 7 10 8 5 28 29 23 10 14 18 19 14 2 9 9 20 1 2 11 5 15 21 19 28 1 23 20 13 20 24 18 7 6 24 29 4 2 1 15 29 6 29 6 6 20 17 21 30 27 21 20 27 12 6 17 5 1 1 15 17 24 15 27 27 1 13 16 7 9 18 24 6 10 20 6 12 2 14 21 7 17 14 18 10 15 27 2 11 30 2 26 17 7 23 4 9 4 19 17 13 15 7 9 7 3 12 19 29 21 3 17 1 2 29 20 24 10 24 30 20 26 23 7 28 1 3 1 13 6 29 20 28 18 9 15 19 5 11 17 26 8 26 26 13 9 22 9 19 19 3 24 3 15 20 9 17 19 4 28 6 7 2 16 24 15 24 30 20 9 9 23 13 15 28 6 11 12 27 21 10 18 12 7 29 22 14 4 30 20 17 5 11 1 15 2 11 16 6 14 24 3 13 18 29 17 8 14 2 11 17 4 21 4 1 20 13 22 28 6 5 17 15 3 28 25 18 26 16 19 21 12 6 26 29 9 29
20 21 24 2 27 19 1 26 30 5 4 1 19 15 15 1 1 16 29 25 9 18 6 18 4 30 2 29 28 10 17 3 11 29 2 2 25 6 19 8 9 7 26 12 16 5 1 1 15 7 10 1 23 28 25 1 13 26 9 29 4 5 4 15 25 18 2 10 9 27 12 25 7 21 2 6 5 30 30 9 30 6 11 12 23 18 22 2 21 10 26 4 29 12 17 26 11 22 25 20 26 23 11 22 2 3 27 27 18 28 17 9 15 21 22 21 28 28 17 15 26 2 19 9 7 21 4 13 6 17 10 13 21 5 8 20 3 18 28 15 29 24 12 27 23 22 5 25 14 15 13 19 1 8 20 30 13 28 17 22 5 19 12 8 5 7 8 27 8 2 11 19 4 6 26 7 7 23 29 11 18 25 4 25 7 17 24 29 28 6 1 22 11 12 15 2 2 27 3 4 15 2 15 21 28 12 26 29 14 28 14 9 27 21 7 29 4 26 15 10 6 13 26 8 25 24 1 2 13 14 5 11 23 16 13 10 4 5 18 12 24 14 8 11 15 15 3 1 11 25 12 20 9 18 12 30 24 17 23 6 11 4 21 18 30 2 4 22 29 19 6 19 21 27 25 22 15 26 16 6 21 18 11 24 22 21 28 9 15 23 23 3 19 9 3 1 11 15 5 10 23 22 8 8 7 9 28 23 4 14 9 22 11 19 7 16 2 26 23 11 27 6 2 17 29 22 27 12 12 4 3 12 15 28 27 3 29 3 2 15 17 23 27 17 16 12 3 2 1 17 30 24 4 23 2 20 10 21 13 4 4 3 30 8 4 4 24 10 15 29 16 3 25 29 19 21 8 29 11 23 9 30 15 17 17 14 30 26 11 10 24 25 12 30 12 17 23 8 6 6 11 13 27 13 4 15 26 22 11 22 2 1 17 14 5 6 7 28 22 5 12 13 19 22 9 21 29 1 8 16 22 18 23 17 2 10 4 27 1 28 1 6 5 22 5 1 19 22 16 10 7 6 6 1 26 15 29 7 30 1 22 13 19 1 27 22 9 25 18 3 16 23 6 27 24 7 14 6 12 27 10 6 19 1 13 4 7 6 4 25 17 5 30 25 15 9 21 12 14 9 5 29 24 8 28 25 9 8 20 3 9 19 1 24 9 20 22 30 25 29 25 19 16 27 2 11 3 17 30 16 26 25 21 8 17 3 2 21 15 19 25 14 1 20 5 23 9 13 3 17 13 18 1 30 7 30 6 22 23 2 13 12 4 1 9 22 1 17 4 29 17 6 19 7 2 17 24 7 21 10 8 6 1 12 4 24 23 10 12 9 20 28 13 7 5 3 7 28 19 9 21 7 21 27 29 26 6 24 17 19 22 24 2 15 26 22 26 19 1 1 7 28 18 5 11 30 15 15 17 3 17 14 22 18 10 9 5 18 19 4 3 27 21 2 30 20 29 9 1 24 23 25 14 30 7 13 11 16 23 9 29 8 9 14 3 27 21 18 29 10 11 18 30 13 23 6 8 5 14 2 3 17 12 23 1 8 26 14 22 8 27 2 27 30 23 24 8 23 22 16
2 18 8
371 382 100 661 417 391 319 247
1 2 10
341 156 89 564 128 316 17 672 115 220
1 13 18
262 354 645 173 480 351 248 66 328 474 395 469 163 571 403 184 275 127
8 17 25
444 185 117 515 441 660 513 122 592 209 31 86 456 315 1 601 313 559 615 451 610 106 637 462 249
9 4 22
259 520 613 221 375 649 527 78 528 525 290 235 165 582 88 24 539 179 223 634 617 113
0 16 1
394
3 10 17
529 308 215 548 488 160 644 266 333 471 92 250 295 497 431 232 147
8 12 22
119 38 463 421 422 194 361 604 396 322 151 23 97 398 268 630 652 199 3 348 294 298
0 10 2
343 636
10 9 25
52 368 211 544 532 366 399 614 269 350 560 647 123 593 112 517 212 28 42 189 0 662 284 670 79
0 12 3
41 477 622
1 8 10
305 210 485 77 439 34 94 292 540 218
1 19 10
558 254 519 541 495 257 276 352 183 470
3 16 16
491 6 494 419 167 643 134 137 364 685 58 65 678 44 609 265
2 16 24
224 129 473 486 277 353 370 53 542 611 13 467 663 4 526 475 367 74 133 356 231 118 14 407
12 19 24
270 307 687 426 638 161 142 509 369 178 300 320 492 103 607 342 388 404 408 682 591 639 583 296
1 5 7
234 631 507 301 91 227 574
8 9 26
239 191 626 54 602 562 633 498 400 26 478 108 675 345 446 506 314 535 204 378 141 677 589 229 658 556
3 4 10
384 598 623 225 618 537 597 278 174 424
2 17 5
479 256 21 152 309
9 4 23
581 109 43 436 413 523 344 628 101 489 47 12 524 640 664 96 33 182 203 679 323 59 304
7 14 22
264 619 650 457 357 686 409 252 73 552 201 568 392 236 216 297 317 69 596 49 699 554
7 15 23
373 144 102 219 363 288 347 272 90 659 381 656 312 170 555 501 71 68 377 230 81 154 241
1 14 3
681 449 70
10 3 29
143 453 612 37 332 180 653 214 197 476 641 565 29 253 648 459 245 551 335 594 192 83 435 629 428 561 521 233 75
6 18 15
365 177 496 586 576 468 465 511 208 696 150 36 472 98 585
2 16 7
531 243 698 263 389 140 516
2 11 8
126 603 114 291 376 337 56 464
5 15 13
63 433 577 668 242 64 331 642 533 500 676 87 425
10 10 25
605 518 195 452 553 484 15 176 572 306 573 674 374 76 379 624 420 19 336 410 95 695 683 458 536
1 17 7
85 72 198 402 427 418 432
5 10 10
327 608 271 393 438 578 20 111 162 159
6 4 24
46 549 311 616 385 534 550 563 188 487 499 483 283 22 406 505 445 657 443 372 504 461 334 193
2 6 27
67 689 279 222 2 190 355 414 136 522 543 437 635 281 579 175 330 380 338 105 386 5 139 200 415 358 450
3 6 26
595 482 8 692 324 237 99 61 299 665 349 405 567 93 186 217 329 466 318 287 228 359 671 442 273 490
0 4 2
600 172
1 26 1
7
2 6 1
9
5 29 1
10
4 19 1
11
5 26 1
16
4 22 2
18 293
2 25 1
25
3 11 1
27
3 23 1
30
2 32 1
32
6 26 1
35
1 16 2
39 606
3 21 1
40
3 24 1
45
5 28 1
48
12 26 1
50
11 25 1
51
11 18 1
55
11 25 2
57 557
4 22 2
60 120
15 7 1
62
1 14 1
80
12 27 1
82
10 18 1
84
2 17 3
104 455 651
2 19 1
107
2 17 1
110
10 31 1
116
1 20 1
121
16 28 1
124
4 23 1
125
4 21 1
130
4 20 1
131
7 16 1
132
10 32 1
135
2 12 1
138
3 12 1
145
2 17 2
146 566
1 26 2
148 547
4 32 1
149
6 19 1
153
4 20 1
155
10 17 1
157
5 26 2
158 285
6 20 2
164 423
2 17 1
166
4 19 2
168 684
1 33 1
169
2 23 2
171 362
1 22 1
181
3 14 2
187 430
2 28 1
196
6 25 1
202
3 24 3
205 584 688
4 16 1
206
3 18 1
207
11 27 1
213
3 29 1
226
10 30 1
238
1 8 1
240
5 30 1
244
4 20 1
246
3 23 1
251
4 18 1
255
16 14 1
258
1 32 1
260
4 26 1
261
3 27 1
267
3 26 1
274
2 23 2
280 321
3 35 1
282
3 20 1
286
4 24 2
289 627
7 13 1
302
4 20 2
303 503
3 21 1
310
11 22 1
325
16 23 1
326
3 9 1
339
3 26 1
340
2 32 1
346
9 13 1
360
1 14 2
383 530
3 25 1
387
2 23 1
390
4 22 2
397 434
10 24 2
401 481
4 34 1
411
1 29 1
412
3 24 2
416 588
9 27 1
429
3 26 1
440
11 21 1
447
13 14 1
448
10 25 1
454
3 20 1
460
1 28 1
493
9 14 1
502
3 21 1
508
2 16 1
510
5 21 1
512
3 32 1
514
4 27 1
538
1 20 1
545
3 18 1
546
5 20 1
569
9 32 1
570
5 18 1
575
6 20 1
580
10 23 1
587
4 27 1
590
13 7 1
599
2 29 1
620
6 30 1
621
7 14 1
625
1 27 1
632
3 20 1
646
11 32 1
654
2 29 1
655
3 21 1
666
4 10 1
667
13 13 1
669
4 24 1
673
4 20 1
680
10 18 1
690
11 12 1
691
4 12 1
693
4 14 1
694
2 29 1
697
