300 94 465 1
20 16 12 14 8 12 1 22 21 15 19 12 3 30 29 12 8 25 29 8 9 9 13 5 26 13 1 10 20 13 21 6 11 20 19 15 27 27 11 3 10 9 23 6 3 8 13 19 18 19 14 30 19 27 24 19 18 20 22 17 23 18 5 22 14 8 20 1 25 7 13 28 2 9 13 29 4 22 7 14 7 20 15 17 20 13 5 18 9 15 23 22 5 30 28 8 24 12 18 14 25 24 1 29 16 13 7 10 29 29 29 22 20 20 29 14 13 7 21 18 8 13 7 11 30 7 1 18 6 5 23 12 29 23 17 19 23 5 23 14 5 10 7 4 30 2 14 2 3 30 22 5 9 9 13 5 5 23 10 22 13 21 4 18 9 27 1 4 6 13 21 26 2 28 27 6 1 15 21 16 8 7 29 24 20 25 29 6 24 17 18 28 21 15 28 20 12 27 26 3 13 30 14 23 19 21 2 28 20 4 24 30 3 20 29 28 11 26 19 8 19 29 23 6 13 28 24 16 5 21 27 15 26 22 29 1 27 12 27 22 9 14 5 30 19 9 8 6 28 1 7 8 16 23 21 15 18 9 11 9 22 25 25 16 11 17 23 12 29 7 29 20 22 22 2 28 21 21 27 21 27 12 8 16 21 12 10 24 2 16 2 13 18 15 27 20 14 19 6 20
20 20 26 7 24 27 13 26 14 20 22 23 13 24 17 21 21 19 11 3 28 22 2 14 30 20 1 15 19 6 3 18 24 7 27 23 27 1 16 27 7 17 21 25 2 28 28 3 9 26 4 18 11 14 10 15 2 28 28 1 5 11 25 18 21 24 27 1 20 19 11 3 10 4 10 7 3 2 24 23 8 18 29 26 30 25 5 6 27 17 27 8 1 19 4 26 12 30 29 20 21 1 21 24 18 12 16 8 10 13 3 29 21 10 28 29 26 29 3 22 3 25 24 19 24 25 22 1 10 22 21 28 3 12 7 28 26 14 16 3 22 25 8 9 12 4 3 4 18 11 27 13 19 11 3 5 7 1 23 6 3 26 5 7 26 7 13 13 7 15 11 2 12 14 4 16 23 23 13 4 7 7 6 19 9 17 16 19 9 21 23 14 19 25 13 24 23 3 15 22 1 27 5 26 13 12 4 14 6 1 28 19 16 1 14 7 15 21 28 3 28 22 13 8 17 29 24 22 27 30 24 29 5 9 26 18 7 13 28 17 26 28 6 9 13 15 21 26 11 8 14 26 13 25 26 8 30 2 12 23 26 17 4 11 19 28 11 1 7 25 28 27 27 1 3 26 25 15 8 10 1 13 26 18 11 8 6 6 26 29 23 23 30 7 3 10 10 27 3 8
0 3 1
22
3 2 9
284 203 13 96 272 141 291 106 121
3 14 10
182 197 124 174 164 247 162 173 262 67
1 2 9
256 4 11 167 179 79 16 122 212
0 6 3
185 246 282
1 11 7
75 184 218 239 102 261 52
1 19 4
250 177 183 125
1 4 3
137 85 61
0 3 3
26 41 201
0 16 9
65 35 10 55 214 134 206 159 126
0 16 7
274 169 62 252 38 37 31
0 3 9
107 231 2 235 56 34 54 32 273
1 9 8
83 60 29 74 207 21 69 104
1 3 10
255 186 50 123 48 281 7 42 44 290
1 20 3
129 59 115
6 18 12
136 6 295 181 241 18 210 108 232 151 259 97
1 15 9
28 226 266 8 150 223 99 270 5
0 15 4
269 288 268 1
1 14 4
233 199 267 135
0 12 11
172 53 251 145 131 215 12 73 195 240 100
1 17 2
64 158
3 4 10
116 234 243 86 189 132 175 225 149 166
1 19 8
293 157 244 148 120 193 296 237
1 9 7
204 3 161 15 25 191 248
3 10 8
154 258 180 47 81 242 227 57
2 10 12
40 156 217 78 229 139 171 146 253 222 19 245
1 15 3
230 14 160
2 20 6
285 292 24 92 91 0
1 12 10
114 283 144 152 17 224 101 289 277 297
1 11 4
265 88 264 90
1 6 7
263 196 23 119 63 105 110
1 8 3
276 117 216
1 14 7
202 127 33 103 286 111 51
0 2 3
95 176 76
2 17 9
213 205 211 142 80 130 209 68 170
2 11 2
9 66
2 4 2
20 153
2 15 2
27 30
6 28 2
36 298
2 28 2
39 219
2 21 1
43
1 7 1
45
2 30 1
46
3 39 1
49
1 18 1
58
2 20 1
70
2 17 1
71
1 7 1
72
2 16 2
77 278
2 9 1
82
4 30 1
84
1 6 1
87
2 31 1
89
1 27 1
93
2 12 1
94
2 33 2
98 287
2 30 1
109
2 15 1
112
1 18 1
113
1 18 1
118
2 28 1
128
6 12 1
133
1 13 1
138
2 22 1
140
2 20 1
143
1 11 1
147
2 16 1
155
2 27 1
163
1 19 1
165
1 9 1
168
2 29 1
178
1 7 1
187
1 19 1
188
1 25 1
190
1 20 1
192
2 24 1
194
3 12 1
198
2 8 1
200
1 23 1
208
1 34 1
220
1 14 1
221
1 33 1
228
2 31 1
236
1 15 1
238
2 19 1
249
1 17 1
254
1 27 1
257
3 27 1
260
3 22 1
271
2 12 1
275
1 5 1
279
1 9 1
280
1 28 1
294
2 28 1
299
