1000 192 1550 5
8 25 26 20 5 8 19 22 6 29 10 16 14 4 17 21 29 16 28 6 17 19 16 28 15 1 21 16 1 9 21 19 17 19 30 2 14 14 24 15 20 14 14 23 16 14 21 20 10 24 5 16 10 22 6 11 22 1 6 29 26 1 17 25 30 10 23 3 15 3 6 3 9 2 11 23 28 1 19 18 16 5 28 20 9 24 12 26 4 15 6 18 25 18 23 8 7 26 3 14 21 1 25 18 28 26 28 26 26 10 7 29 1 4 14 5 14 3 12 25 11 9 3 11 30 11 23 21 14 29 2 18 30 19 2 21 22 13 24 4 3 1 21 7 24 23 23 2 23 25 24 13 12 14 17 6 11 25 2 7 16 20 18 18 8 5 7 25 13 12 21 19 8 30 8 11 2 22 8 25 17 20 24 15 26 9 21 14 15 1 4 7 10 10 8 29 30 19 6 23 3 23 2 10 18 19 8 18 21 20 13 18 5 6 17 17 2 26 8 23 22 13 2 8 19 12 30 4 24 5 27 13 16 15 4 3 23 18 12 11 9 4 13 21 25 25 4 27 18 24 11 2 6 28 23 29 4 26 16 2 2 21 3 25 16 17 4 8 2 13 21 30 27 27 25 14 21 1 16 28 11 26 22 22 14 27 30 11 12 26 24 29 21 30 15 13 22 9 6 23 30 12 20 5 23 12 21 4 3 1 7 2 20 8 4 4 19 21 9 28 21 27 18 18 11 7 18 27 15 18 30 19 10 20 12 26 10 25 30 24 15 12 16 14 13 21 5 29 5 8 24 8 1 23 30 29 28 9 13 12 24 13 11 21 15 3 12 7 4 27 4 24 9 20 9 21 13 28 3 29 5 2 26 3 18 29 22 13 20 7 12 9 23 21 25 27 7 25 5 12 2 19 8 17 26 22 7 5 30 15 27 20 18 16 5 18 19 30 22 9 14 30 20 17 23 18 10 29 11 18 3 7 9 14 24 21 17 21 12 11 9 12 1 22 15 5 10 14 17 4 20 27 14 9 9 6 11 12 12 28 22 17 5 16 30 25 7 24 17 18 11 27 13 3 15 23 15 26 21 26 25 15 8 7 8 25 12 5 14 21 3 4 17 11 29 12 26 10 22 15 11 2 25 5 21 22 9 7 12 30 6 27 23 1 10 18 3 14 15 10 3 18 19 10 9 23 1 6 28 28 12 11 19 13 3 29 5 28 25 13 11 14 11 9 11 26 22 22 5 27 5 7 12 15 16 25 2 15 26 27 7 1 2 16 6 8 13 18 18 17 25 12 27 5 5 17 9 28 7 8 1 5 30 18 5 4 3 5 1 9 26 19 24 17 17 10 30 6 30 7 15 29 14 25 5 27 26 29 24 8 3 28 25 1 7 23 13 23 30 1 22 15 26 4 13 18 1 7 10 7 4 26 23 16 19 26 2 16 9 1 4 1 19 27 13 23 28 26 19 3 28 28 7 17 3 6 8 24 8 5 23 27 13 9 9 24 16 26 24 13 26 23 4 5 4 11 23 4 25 6 4 8 21 28 12 14 22 27 7 8 11 11 28 26 13 4 20 5 30 14 24 30 21 19 3 11 20 7 30 25 22 6 19 9 18 3 1 21 10 24 4 27 12 21 7 4 11 5 10 8 16 14 18 24 15 17 10 5 19 26 9 16 7 29 2 12 1 28 22 22 5 12 5 23 6 19 1 7 22 14 22 7 13 22 28 8 7 15 26 7 10 20 24 7 1 11 11 5 22 24 21 18 20 16 27 25 12 18 19 14 13 2 7 29 22 19 6 22 23 15 6 16 6 17 2 20 26 25 26 2 25 4 22 22 20 19 10 6 14 22 12 11 30 24 27 29 22 17 29 10 9 24 29 19 23 27 14 16 1 22 12 23 14 15 21 27 28 4 30 1 15 10 21 28 27 4 8 15 7 19 21 21 25 28 6 28 16 19 8 19 2 16 1 26 7 10 26 1 9 15 13 3 25 15 10 2 12 14 23 3 7 28 29 14 23 1 21 29 2 16 23 3 1 7 23 8 19 3 21 9 4 28 11 6 24 27 1 10 28 15 3 4 6 3 30 14 3 1 2 1 9 16 25 12 9 7 30 18 28 6 25 17 30 2 22 14 4 26 3 8 19 29 22 5 22 1 3 25 18 21 24 24 13 12 12 23 19 12 30 29 1 7 16 25 3 12 29 9 25 4 7 21 1 7 4 22 21 9 18 10 30 25 20 26 20 20 20 29 29 11
20 22 24 10 28 1 5 16 13 21 20 9 28 10 30 25 11 19 19 15 24 10 23 1 12 1 13 13 27 20 17 29 27 28 15 6 1 30 16 2 2 12 8 2 11 2 20 2 5 25 30 20 5 24 9 23 27 19 13 3 13 28 11 12 30 15 13 3 7 10 3 7 25 13 26 26 16 16 21 5 30 25 24 5 27 12 23 9 30 14 26 12 20 17 3 27 25 26 11 10 2 21 4 14 10 10 19 23 4 19 26 27 23 25 9 28 15 3 25 10 8 19 30 26 13 7 27 6 25 19 26 5 13 29 8 19 25 30 9 3 15 26 29 11 26 17 28 7 25 19 9 18 17 16 10 5 13 24 19 26 20 13 16 1 23 17 13 23 25 16 16 8 3 3 23 13 23 19 19 9 7 5 13 1 11 23 16 21 15 21 2 23 8 16 24 8 18 8 20 9 17 22 21 2 25 20 14 3 12 18 11 24 12 27 25 6 15 6 22 19 12 21 22 29 6 7 17 7 12 26 26 10 9 23 10 12 18 1 13 6 25 21 15 16 6 23 14 15 22 23 20 15 10 6 3 30 12 19 2 23 21 24 5 6 18 16 6 18 9 6 28 5 10 15 6 4 16 2 6 2 19 28 30 3 19 12 22 11 17 18 9 8 4 8 11 3 19 30 26 4 5 21 21 15 16 13 13 5 24 29 13 2 20 22 17 13 22 18 29 28 24 15 19 14 10 23 23 11 27 12 12 28 22 4 10 14 15 5 28 29 21 9 9 28 4 5 9 1 3 19 5 11 28 15 13 27 15 19 28 22 8 28 4 25 4 16 8 13 17 25 22 26 13 28 3 14 4 11 3 29 11 21 21 8 8 13 10 5 8 13 28 2 2 13 9 4 9 28 19 20 20 30 6 20 3 21 28 30 28 15 7 4 12 4 26 23 26 13 23 1 21 23 21 2 8 4 1 26 26 20 19 23 5 10 30 2 1 18 26 8 19 15 7 16 10 29 9 27 6 12 21 26 29 8 23 26 24 16 30 29 17 11 21 11 30 4 18 3 7 1 17 13 27 22 15 2 12 6 7 7 24 11 16 6 16 21 17 8 1 10 27 14 14 19 25 6 11 4 8 21 19 21 16 15 2 28 2 28 24 3 22 1 16 24 9 12 1 10 25 17 22 17 23 19 24 9 5 20 20 19 2 22 24 11 3 14 26 8 2 21 7 11 12 21 21 10 21 24 21 13 9 12 5 21 13 14 9 28 5 30 20 18 11 20 16 16 14 14 25 7 13 2 2 29 11 3 10 11 27 1 26 28 28 18 2 29 4 15 24 3 1 5 16 30 23 4 19 29 14 3 2 14 22 9 18 8 16 12 25 16 24 27 30 25 23 3 8 18 16 20 21 8 17 29 13 10 4 27 4 25 25 16 19 29 8 6 29 9 25 3 22 12 2 20 6 4 26 13 30 9 14 24 1 16 11 16 24 9 17 16 30 28 16 10 18 20 12 26 8 4 14 17 17 2 29 13 26 9 3 10 17 12 24 15 27 8 6 11 1 9 26 19 8 17 4 29 11 4 2 19 14 17 4 16 18 26 27 22 25 4 2 9 28 26 7 21 19 19 13 21 23 13 15 5 15 9 26 1 3 18 21 12 24 15 19 18 1 22 11 12 27 17 27 20 29 17 9 20 20 10 12 12 28 27 16 1 18 17 16 17 29 8 27 8 23 8 10 3 1 14 28 10 4 23 15 1 5 29 7 16 18 25 9 10 18 25 7 12 22 16 16 18 30 28 14 26 30 15 19 22 1 25 29 13 7 22 5 12 22 2 21 7 3 25 8 17 22 17 1 7 1 10 4 19 4 15 8 16 14 2 18 28 22 9 20 8 9 8 24 13 14 7 11 29 9 29 6 9 25 24 22 13 18 27 21 26 2 11 12 8 24 23 4 22 5 18 28 16 14 1 16 6 4 18 19 20 18 15 20 17 15 18 13 19 22 4 1 1 4 12 28 14 26 4 5 20 25 14 7 6 21 18 4 14 17 23 4 25 16 3 13 19 30 9 25 11 8 20 19 10 18 7 28 24 1 10 27 9 6 23 3 5 6 5 10 9 25 12 23 20 9 22 10 20 25 6 29 20 2 4 26 25 7 2 14 1 26 11 24 2 12 23 22 3 22 20 11 13 15 24 10 12 17 15 26 12 3 17 30 14 2 13 19 29 26 14 13 20 23 3 12 17 7 8 12 30 25 29 9 22
12 8 36
104 871 643 345 534 693 852 46 142 210 548 627 40 161 879 231 457 76 292 993 922 71 344 950 818 644 237 116 216 134 990 351 633 461 250 523
5 12 15
556 235 983 977 968 495 578 469 276 792 615 378 24 73 22
9 4 36
346 734 145 801 11 343 319 528 29 929 85 131 456 566 862 833 699 592 412 370 317 650 750 994 766 484 733 68 932 672 718 797 868 822 850 299
5 12 33
117 969 674 553 50 138 795 475 172 863 243 178 576 953 889 302 380 550 937 406 673 973 272 780 488 686 12 956 23 696 36 768 710
6 18 38
942 543 163 743 221 665 614 269 415 434 38 799 69 298 379 668 735 622 118 647 751 698 635 997 336 184 34 264 791 294 508 545 447 315 81 230 982 611
6 20 23
427 10 207 935 924 100 747 886 640 727 788 109 827 429 20 781 717 856 329 236 532 313 141
7 6 15
561 913 182 433 821 980 533 228 971 707 229 836 285 111 115
3 19 9
685 62 93 832 291 626 479 736 849
9 19 26
825 726 373 703 402 660 505 179 772 28 809 659 482 212 289 870 651 284 458 712 439 123 7 255 354 666
18 18 40
397 356 275 636 859 890 521 909 363 283 98 318 536 882 199 470 2 716 930 327 143 988 281 960 976 916 944 671 554 907 844 704 967 120 432 82 794 306 569 63
0 5 14
106 654 945 442 816 382 724 165 260 757 756 842 86 452
13 12 29
127 74 972 617 133 624 314 518 987 249 702 681 26 491 730 880 110 301 136 500 839 722 130 684 662 954 14 606 238
4 7 33
325 830 596 925 242 140 311 970 939 894 201 387 66 846 124 847 567 89 938 119 903 372 126 474 323 352 189 857 802 303 399 579 741
5 10 23
607 408 503 589 895 167 708 174 170 819 240 42 985 790 337 658 835 424 97 609 64 991 277
7 11 16
308 5 563 820 984 763 904 107 678 360 376 749 198 418 601 593
1 17 24
714 941 332 56 6 648 405 156 516 808 955 914 529 558 542 841 934 316 213 478 67 501 829 646
4 20 28
190 43 959 334 512 146 137 787 274 296 535 398 544 52 555 257 721 83 122 796 181 13 728 883 784 652 486 19
3 1 23
838 559 232 330 530 35 888 159 605 779 267 384 940 414 99 160 877 449 865 437 753 598 200
4 1 34
824 661 369 595 851 778 348 454 53 498 426 737 258 113 239 154 492 966 129 911 472 920 927 629 519 978 455 738 468 933 786 951 390 642
6 16 22
961 539 465 975 451 957 776 657 176 422 823 467 608 72 166 58 340 493 287 612 61 171
19 7 39
511 876 810 588 837 149 421 912 731 350 812 112 177 769 375 157 910 410 965 339 266 428 155 619 226 560 401 342 8 800 570 762 393 634 618 625 963 670 641
9 15 24
139 150 931 254 906 395 331 128 310 689 677 108 565 655 748 603 499 15 582 430 222 946 616 701
6 2 21
21 367 17 860 522 187 623 125 450 602 92 409 884 175 752 392 47 981 80 49 680
1 4 6
998 75 358 460 333 473
8 18 35
694 388 309 383 312 371 637 584 366 27 692 526 867 638 590 135 628 682 706 782 423 814 573 251 413 761 377 293 218 55 755 265 585 759 30
0 16 8
192 855 639 32 0 958 203 404
6 14 26
806 215 775 57 826 483 919 193 273 103 261 632 928 807 691 896 464 153 477 594 777 898 270 527 848 687
0 4 2
435 900
3 18 13
268 631 476 25 720 962 147 875 453 280 507 986 396
1 2 5
926 813 917 506 949
11 6 22
481 552 4 918 320 282 571 575 760 581 979 87 873 278 746 411 587 604 357 335 416 347
4 15 23
443 510 549 688 538 364 386 95 114 60 183 729 248 866 490 831 739 90 745 244 16 834 517
8 4 33
663 152 564 448 897 531 288 217 947 487 908 489 551 31 744 445 574 577 440 328 41 79 770 84 610 391 874 444 304 541 381 732 676
1 18 10
630 322 537 815 597 361 690 374 878 202
0 13 3
45 39 54
0 19 31
621 208 59 785 466 599 214 441 180 843 389 723 861 713 709 773 355 295 742 995 121 417 520 774 765 132 656 463 901 438 173
0 13 2
234 105
11 21 1
1
3 14 1
3
3 38 1
9
11 27 2
18 591
6 7 1
33
7 31 2
37 196
3 5 1
44
6 22 2
48 613
3 23 1
51
7 40 1
65
9 16 1
70
1 29 1
77
3 22 1
78
6 30 1
88
3 8 1
91
3 35 2
94 247
1 21 1
96
1 21 1
101
1 37 2
102 209
3 29 2
144 224
1 16 1
148
12 30 1
151
7 15 1
158
12 34 1
162
7 38 1
164
12 10 1
168
10 28 1
169
7 29 2
185 943
11 31 1
186
9 24 1
188
18 20 2
191 252
6 13 1
194
3 35 1
195
2 34 1
197
6 19 1
204
9 10 2
205 407
7 13 1
206
6 7 1
211
13 22 1
219
11 34 1
220
9 24 1
223
10 39 1
225
3 26 1
227
5 30 1
233
5 20 1
241
10 31 1
245
1 23 1
246
1 28 2
253 583
3 31 1
256
2 26 1
259
7 30 1
262
3 27 2
263 509
7 31 2
271 286
12 15 1
279
3 32 1
290
11 8 1
297
6 11 1
300
3 21 2
305 326
9 8 1
307
3 22 1
321
6 8 1
324
3 10 1
338
6 7 1
341
1 16 1
349
11 24 1
353
13 23 1
359
6 19 1
362
10 24 2
365 496
2 24 1
368
3 35 1
385
3 22 1
394
1 14 1
400
12 23 1
403
7 21 2
419 679
6 19 1
420
13 33 1
425
7 18 2
431 869
3 37 1
436
7 36 1
446
7 25 1
459
6 36 1
462
9 21 2
471 485
19 24 1
480
1 31 1
494
3 36 1
497
23 25 2
502 893
3 35 1
504
2 23 1
513
1 22 1
514
6 8 1
515
7 11 1
524
2 18 1
525
1 21 1
540
2 34 1
546
9 22 1
547
12 19 1
557
5 29 2
562 697
7 24 1
568
1 20 2
572 974
1 19 1
580
7 11 1
586
1 23 1
600
2 17 1
620
3 37 1
645
9 26 2
649 754
7 13 1
653
3 4 1
664
7 24 2
667 700
10 38 2
669 840
3 19 1
675
9 33 1
683
3 9 1
695
1 39 1
705
3 32 1
711
7 26 1
715
11 24 1
719
11 20 1
725
9 21 1
740
7 24 1
758
6 17 1
764
7 34 1
767
1 37 1
771
1 26 1
783
1 28 1
789
1 12 1
793
6 32 1
798
6 30 1
803
3 33 1
804
10 35 1
805
12 12 1
811
6 13 1
817
7 23 1
828
11 23 1
845
9 34 1
853
7 18 1
854
1 31 1
858
7 19 1
864
3 23 1
872
6 8 1
881
2 18 3
885 902 989
2 28 1
887
7 26 1
891
1 16 1
892
3 38 1
899
11 14 1
905
7 32 1
915
1 20 1
921
3 30 1
923
9 32 1
936
6 13 1
948
3 36 1
952
6 30 1
964
9 18 1
992
1 25 1
996
3 14 1
999
