1000 210 1550 67
27 5 3 22 4 7 30 8 27 26 12 29 22 15 10 18 23 14 4 7 16 2 4 6 10 8 22 21 10 10 23 3 22 19 29 11 6 29 5 12 10 18 15 23 11 24 15 7 19 17 17 7 30 12 11 6 28 9 20 18 5 14 29 24 8 23 2 22 18 29 16 9 30 28 24 19 17 21 20 27 3 10 17 21 24 15 12 29 3 30 2 1 17 3 6 27 20 27 3 5 22 29 13 5 26 4 29 25 21 6 6 3 15 17 27 1 22 15 11 22 11 7 20 4 2 28 28 24 26 7 5 8 10 1 18 13 11 10 22 3 6 27 7 15 14 21 4 26 9 25 25 10 5 20 26 14 20 16 11 11 16 23 27 3 5 13 16 19 15 14 3 28 24 3 4 2 19 6 2 21 29 8 28 3 29 24 10 30 29 7 18 21 6 14 10 5 15 6 11 23 14 3 22 3 5 10 24 9 10 2 23 7 23 28 7 14 15 30 6 12 19 18 13 11 23 29 29 7 14 16 22 17 29 12 17 27 21 15 26 9 22 25 25 26 11 6 19 20 12 1 28 6 13 1 18 7 7 30 2 18 20 28 17 7 21 9 19 9 23 1 28 5 10 14 28 28 2 14 29 29 12 12 6 6 28 3 11 20 16 8 23 19 22 17 19 30 6 15 2 22 11 5 7 26 9 18 14 3 23 26 19 5 16 21 17 17 7 30 19 29 4 27 15 9 17 3 26 30 14 14 23 11 4 10 25 22 3 10 18 11 13 18 23 12 11 16 22 2 1 1 5 3 25 14 1 13 2 14 15 21 3 15 11 20 22 23 24 19 14 20 4 14 22 22 28 23 24 14 3 29 28 19 27 25 15 22 12 20 15 15 4 17 30 25 18 3 5 19 3 16 25 23 18 25 21 4 10 11 22 8 27 25 13 17 22 8 6 3 23 20 20 7 4 20 2 2 15 21 30 2 2 2 21 14 12 27 4 6 16 22 3 20 2 17 3 13 11 21 17 5 25 19 6 21 4 14 24 6 9 4 24 19 3 2 8 2 11 12 1 16 3 22 6 22 7 27 28 27 20 5 9 21 13 13 25 26 30 28 29 1 8 4 7 26 26 26 8 26 10 12 16 3 25 16 29 3 23 15 17 12 17 4 28 14 28 2 9 24 1 22 12 30 10 20 10 22 9 12 12 7 3 11 21 20 8 29 8 17 22 18 28 15 4 29 1 24 22 1 11 2 7 13 28 19 26 9 28 16 3 15 26 13 4 20 24 11 15 29 28 12 11 6 25 13 19 11 20 14 12 28 21 1 26 10 5 11 22 6 29 25 23 15 17 23 20 1 23 23 18 2 20 10 29 29 27 1 10 17 27 12 27 4 23 7 19 24 1 5 2 25 20 21 12 5 26 24 18 11 8 8 16 20 27 6 8 20 18 12 25 23 27 12 4 13 11 21 16 21 3 13 5 9 20 16 17 30 15 23 8 30 18 9 27 22 19 14 17 15 27 18 2 28 13 11 4 9 12 19 25 9 19 2 30 22 22 26 28 27 6 21 14 17 30 22 26 11 30 14 6 5 13 4 25 23 14 18 26 19 4 30 29 12 3 27 11 7 6 4 12 21 27 5 3 16 5 30 27 15 26 11 2 28 6 19 5 17 23 8 12 23 25 23 1 7 12 6 15 30 8 28 11 24 4 6 18 17 7 19 24 18 21 20 18 9 24 14 22 25 10 3 1 7 12 26 12 25 20 17 29 27 22 10 28 14 24 30 28 24 11 10 6 8 1 14 26 20 18 13 9 25 28 7 15 9 25 1 6 2 13 20 29 13 20 11 15 2 4 9 30 4 30 16 8 10 22 2 1 3 18 22 16 5 13 5 14 28 19 24 6 26 7 27 29 8 22 2 21 2 3 2 5 21 28 30 30 17 4 6 16 8 20 21 8 1 20 2 19 20 22 14 1 19 8 9 12 3 8 27 17 17 8 23 8 5 19 2 25 12 30 5 15 6 11 6 1 13 7 24 19 14 4 7 29 26 11 23 30 18 26 17 8 28 19 25 24 18 9 20 24 20 25 8 18 8 26 10 26 1 19 26 4 2 26 17 28 30 12 30 27 25 3 8 19 18 5 20 12 30 8 1 29 6 13 4 28 11 24 4 24 15 20 4 10 1 23 2 18 7 6 25 14 20 26 12 16 24 19 20 8 20 29 26 13 28 22 23 25 19 8 18 12 16 4 16 16 17 7 28 29 11
28 10 4 27 1 11 7 13 4 3 1 1 6 21 2 24 6 2 7 14 18 1 24 30 4 10 23 15 22 17 19 24 28 4 28 15 25 3 15 26 5 11 22 14 4 4 23 8 3 4 6 12 6 24 25 23 15 19 18 22 15 19 30 29 22 13 6 17 5 18 1 18 13 9 10 14 28 6 11 19 25 26 6 27 24 9 9 18 3 26 13 4 12 19 27 22 5 10 27 15 14 29 18 9 11 16 6 24 27 5 17 13 5 8 17 8 15 25 7 11 5 16 13 3 10 26 24 20 30 8 25 24 9 9 26 24 17 10 15 28 24 9 27 14 27 5 30 30 1 24 29 30 23 30 13 4 21 22 2 11 3 22 10 14 9 14 1 29 22 3 30 3 19 18 23 11 12 16 5 24 15 4 9 30 7 3 10 24 21 14 16 29 6 6 1 8 17 20 12 17 20 8 17 17 2 18 13 2 1 18 7 3 29 9 28 2 30 3 21 11 24 21 19 10 28 14 18 6 16 12 19 12 9 30 25 21 9 17 3 4 23 2 22 26 28 5 22 23 27 15 17 23 14 8 22 9 28 19 10 24 30 26 25 19 1 9 8 7 5 3 7 28 12 27 15 21 13 8 10 28 16 3 10 14 9 24 28 6 17 4 3 24 16 11 6 7 2 5 24 19 17 1 15 24 11 23 23 14 8 5 24 26 14 21 15 23 24 7 16 7 10 21 4 24 5 3 14 27 14 8 4 11 26 13 8 29 20 26 3 23 13 29 21 23 27 30 7 28 29 29 25 21 21 22 26 1 2 23 15 3 20 22 26 26 5 6 5 14 24 22 22 1 16 1 10 24 21 3 30 28 11 1 3 8 30 30 24 25 23 28 17 18 1 7 3 28 17 24 14 24 27 28 17 21 13 8 15 27 4 25 12 12 18 22 15 10 25 21 25 18 25 5 5 28 20 7 25 29 28 1 30 25 29 5 18 14 27 22 4 28 25 20 7 23 3 23 17 26 29 30 13 7 22 6 30 16 18 27 4 27 11 17 9 14 29 26 14 18 23 8 7 3 12 8 24 14 1 8 3 16 5 2 27 9 27 4 3 23 2 20 11 7 17 13 16 18 1 2 29 20 10 14 17 28 22 2 7 4 8 12 23 11 26 12 21 22 28 12 4 25 19 9 3 24 10 18 9 15 25 7 13 8 19 4 6 2 29 30 9 1 27 18 12 3 1 25 23 20 24 27 27 30 20 9 24 21 19 25 5 1 19 13 8 5 24 28 1 14 19 26 28 21 24 24 20 1 9 26 29 14 18 15 4 28 14 20 10 17 14 17 17 11 21 30 21 11 5 22 14 10 16 12 13 1 30 29 20 14 3 26 14 13 4 3 1 30 17 26 23 16 8 13 8 8 20 24 8 9 25 3 23 18 29 26 22 21 9 19 11 9 17 27 15 4 8 3 22 15 3 24 30 21 11 15 10 30 28 7 8 19 5 6 3 2 24 8 14 23 27 29 16 18 3 18 19 20 19 2 15 12 14 12 17 11 10 30 4 4 24 17 16 14 6 13 3 12 11 19 4 5 18 6 12 29 20 5 21 9 20 9 24 25 4 27 2 15 3 23 23 27 1 4 23 21 24 23 29 20 1 18 19 14 30 29 6 11 6 22 25 14 18 11 26 7 23 1 7 22 15 4 17 30 15 15 9 2 13 6 28 1 25 11 19 23 7 2 10 27 23 6 19 4 14 16 24 11 11 29 5 9 4 27 23 9 10 16 30 4 1 6 5 2 1 17 3 11 22 27 4 6 12 20 10 28 29 14 23 8 19 21 26 25 13 11 3 26 13 8 9 30 10 2 8 16 25 12 12 17 17 22 22 20 5 4 22 7 19 28 16 16 12 26 1 23 2 27 16 4 28 23 24 5 7 1 12 4 10 14 2 11 9 24 19 17 20 30 27 22 30 23 13 24 12 19 16 9 29 9 2 15 2 13 7 29 6 27 17 27 10 20 21 12 3 8 22 12 28 8 23 26 9 21 8 26 12 30 27 7 28 11 8 19 11 17 30 21 28 8 19 6 16 17 11 25 5 28 3 21 19 20 14 14 28 5 20 30 24 4 8 9 4 28 4 14 21 23 23 30 9 30 6 16 18 29 3 26 28 1 19 7 27 30 5 29 13 1 23 18 30 23 4 11 30 17 11 5 19 7 3 24 21 14 27 7 11 1 28 9 4 7 12 14 9 4 29 28 5 7 25 9
0 1 4
144 63 81 134
2 17 24
708 525 50 207 254 714 90 48 316 397 204 369 237 691 575 616 751 355 632 389 128 167 310 49
14 3 41
196 839 385 923 688 630 532 227 311 285 601 906 296 659 130 483 806 739 678 173 166 657 662 513 178 748 978 764 543 21 953 280 147 879 392 801 500 362 108 991 750
0 10 4
359 210 15 29
0 16 10
127 952 625 16 7 604 405 38 561 408
11 10 36
744 456 683 770 383 171 786 836 292 772 4 191 868 647 832 914 303 933 220 771 246 873 670 646 540 160 778 684 340 185 452 308 137 61 264 32
6 15 15
499 553 216 378 291 455 811 523 951 115 42 891 155 387 835
0 5 32
911 11 912 477 334 974 425 23 636 154 164 844 550 299 97 390 138 777 526 314 281 198 481 233 448 435 434 215 671 633 656 711
13 17 39
271 687 256 319 515 135 566 810 845 733 622 813 528 645 37 940 245 413 693 350 975 486 467 826 250 251 103 104 109 307 200 174 976 893 954 685 258 329 349
20 20 33
665 530 244 471 332 52 761 797 428 715 360 827 20 825 934 463 921 92 59 852 963 570 45 64 781 313 623 94 412 437 199 539 472
2 7 36
436 263 537 506 80 987 824 77 161 462 176 922 669 850 25 326 571 473 235 328 51 860 958 186 232 361 949 705 699 968 249 814 756 404 96 182
5 13 26
727 195 848 692 157 363 302 47 376 749 603 886 320 352 880 78 807 482 180 491 98 56 936 582 649 894
5 16 22
318 172 677 650 901 221 105 446 79 890 189 62 89 368 584 13 735 593 442 443 163 878
12 14 29
962 255 986 861 517 818 554 36 226 765 624 519 869 762 177 118 67 579 812 821 902 614 942 265 287 631 576 680 660
14 2 40
753 46 997 904 853 0 864 312 179 674 269 721 568 857 802 8 877 192 903 782 917 696 793 335 441 703 907 276 297 589 564 996 450 618 578 202 730 175 635 533
20 13 39
916 229 706 920 524 872 18 989 950 983 415 343 700 324 306 136 224 829 654 367 27 337 315 141 451 965 190 538 293 125 648 591 790 225 723 941 776 929 85
3 6 9
120 386 420 590 243 301 289 948 728
0 4 42
242 444 865 14 253 676 694 689 583 503 984 767 212 573 201 236 944 673 747 798 572 565 741 512 658 544 577 459 283 414 509 211 197 461 381 458 69 112 617 610 643 592
0 13 3
840 785 994
1 16 21
106 400 964 820 637 529 574 416 892 268 511 702 247 35 628 586 474 999 783 690 871
4 12 12
294 183 336 763 639 353 854 478 795 609 697 181
2 1 17
488 837 874 438 309 168 317 24 969 935 800 55 465 667 745 230 9
2 12 29
681 304 629 796 391 562 642 208 913 724 998 484 228 71 946 695 956 418 947 555 53 466 738 123 99 214 380 464 341
0 6 2
759 799
7 19 27
139 548 2 858 101 114 731 546 557 66 395 132 325 40 286 279 585 882 977 345 371 396 6 252 487 792 580
15 11 27
551 492 607 54 504 522 266 621 248 300 159 606 612 241 651 602 259 866 26 347 808 725 298 594 58 423 70
4 9 17
722 322 569 926 620 194 497 1 675 485 932 206 393 76 542 457 881
11 14 31
321 83 364 698 431 493 527 261 863 476 755 552 60 346 847 995 855 366 143 834 507 779 979 57 653 719 726 469 851 760 883
1 5 10
663 641 816 342 717 454 784 766 985 867
5 17 27
305 95 354 655 638 419 403 938 480 729 238 972 993 339 75 595 520 430 679 990 5 634 957 534 379 791 908
12 13 32
710 357 805 231 822 275 122 39 140 489 288 34 19 333 888 73 267 668 406 102 971 746 758 113 549 218 344 870 516 828 559 453
8 4 26
849 187 65 277 142 394 889 981 239 119 895 967 664 666 556 707 129 402 598 348 830 150 846 644 843 498
12 3 24
742 701 447 930 545 918 496 709 769 856 43 955 209 213 909 124 295 117 970 260 44 925 28 494
0 11 4
518 943 740 876
14 17 3
3 158 531
14 15 2
10 82
3 19 3
12 330 712
19 5 1
17
1 10 1
22
3 14 1
30
8 19 1
31
15 5 1
33
7 22 1
41
2 32 2
68 887
3 20 2
72 757
1 15 1
74
17 34 1
84
1 23 1
86
1 18 1
87
17 27 1
88
14 17 2
91 915
8 29 2
93 146
1 17 2
100 273
1 14 1
107
4 29 1
110
3 21 1
111
1 24 1
116
3 24 2
121 148
17 27 2
126 374
4 10 1
131
3 29 1
133
16 31 1
145
14 14 2
149 788
1 13 1
151
9 16 1
152
4 25 2
153 819
8 29 2
156 774
4 4 2
162 859
16 12 1
165
4 31 1
169
8 23 1
170
3 18 1
184
3 31 1
188
4 25 1
193
8 25 1
203
8 12 1
205
2 25 3
217 479 919
16 24 1
219
2 33 1
222
3 19 1
223
8 22 1
234
4 14 2
240 372
7 29 1
257
2 30 1
262
3 26 1
270
1 25 1
272
2 18 2
274 356
3 35 1
278
7 30 1
282
3 33 1
284
9 26 1
290
3 12 1
323
15 13 1
327
4 12 1
331
3 10 2
338 409
1 19 2
351 375
8 36 1
358
7 26 1
365
3 18 1
370
3 18 2
373 501
1 7 1
377
1 23 1
382
9 25 1
384
20 27 1
388
8 26 2
398 608
1 19 1
399
19 14 1
401
3 17 1
407
9 26 2
410 439
9 16 2
411 505
20 24 1
417
16 23 2
421 508
8 30 1
422
8 20 1
424
3 37 1
426
3 9 3
427 587 945
3 13 1
429
1 6 1
432
2 16 1
433
3 33 1
440
4 17 1
445
8 21 1
449
8 37 2
460 789
7 36 1
468
4 4 1
470
8 20 1
475
4 14 2
490 842
1 22 1
495
16 37 1
502
14 6 2
510 775
3 17 1
514
1 23 1
521
21 27 1
535
2 24 1
536
2 29 1
541
2 24 1
547
1 22 1
558
9 33 1
560
1 16 1
563
9 23 1
567
1 20 1
581
3 16 1
588
1 27 1
596
19 17 1
597
21 25 1
599
2 23 1
600
8 30 1
605
1 15 1
611
4 29 1
613
1 18 1
615
8 22 1
619
30 33 1
626
1 26 1
627
2 21 2
640 732
9 22 1
652
3 15 1
661
1 15 1
672
3 36 1
682
4 13 1
686
12 22 1
704
14 18 2
713 803
16 21 1
716
2 27 1
718
1 28 1
720
1 25 1
734
1 9 1
736
2 28 1
737
3 20 1
743
1 12 1
752
1 6 1
754
19 16 1
768
21 22 1
773
7 30 1
780
9 17 1
787
3 2 1
794
1 26 1
804
1 24 1
809
8 16 1
815
1 17 1
817
1 5 1
823
1 17 1
831
2 35 1
833
3 30 1
838
1 21 1
841
3 18 1
862
17 25 1
875
2 22 1
884
12 33 1
885
2 28 1
896
16 31 1
897
3 30 1
898
3 24 1
899
8 20 1
900
2 28 1
905
3 15 1
910
3 30 1
924
3 31 1
927
9 23 1
928
3 16 1
931
1 24 1
937
8 9 1
939
4 22 1
959
15 23 1
960
16 19 1
961
8 19 1
966
20 26 1
973
12 32 1
980
1 30 1
982
1 17 1
988
1 17 1
992
