700 171 1085 3
1 3 10 11 18 17 11 17 17 9 12 8 13 29 20 29 16 9 18 28 12 2 19 11 8 29 15 1 5 21 7 25 29 29 21 27 23 14 15 9 8 15 21 22 9 12 8 15 2 4 24 27 10 4 7 16 10 27 13 14 7 25 10 13 9 10 29 22 13 28 12 1 10 14 4 14 28 26 20 16 23 19 18 22 23 13 19 16 9 29 17 29 29 24 3 29 19 21 27 21 4 17 18 8 26 14 29 21 27 16 27 23 19 14 18 17 4 10 1 4 23 28 2 30 23 26 16 2 23 4 28 21 19 4 24 12 5 18 11 26 9 6 12 17 12 12 19 27 29 3 9 27 15 7 19 26 24 29 5 17 19 16 24 11 12 27 7 1 24 9 9 9 20 29 5 4 12 18 13 24 24 6 2 11 1 5 14 20 11 26 3 27 26 17 28 9 17 10 28 29 4 30 27 10 4 3 19 15 6 14 21 4 9 26 16 28 18 23 29 12 17 1 6 8 17 22 3 19 8 9 14 14 21 23 1 27 10 20 5 14 8 12 6 22 2 28 8 22 27 16 8 12 24 23 3 6 14 27 18 12 11 4 12 7 30 24 2 4 18 25 27 12 24 17 1 13 12 21 22 30 4 3 28 28 24 26 4 24 5 20 28 1 12 28 5 21 14 5 2 10 11 12 9 10 25 2 25 13 3 29 5 17 10 6 13 29 29 21 15 4 5 1 23 2 30 23 27 13 27 28 1 24 2 19 24 4 5 2 16 12 28 3 29 23 9 16 28 13 8 6 6 27 23 1 15 10 27 25 29 7 9 29 14 24 10 18 19 23 6 23 21 28 18 25 15 15 17 29 28 30 15 19 17 24 4 23 2 23 13 28 17 9 17 10 24 29 14 15 13 4 19 20 13 28 5 21 22 9 29 14 4 7 18 11 28 8 18 8 20 23 20 6 5 7 17 9 2 3 29 5 24 23 26 9 30 27 26 1 1 15 13 22 23 30 6 10 1 8 21 11 1 29 9 18 25 26 9 5 9 28 10 13 8 20 17 9 8 9 28 20 11 15 26 10 18 5 6 23 9 21 21 16 4 17 6 22 21 10 12 21 1 20 14 11 13 22 9 28 7 23 9 30 13 7 14 16 23 17 3 5 28 14 28 2 4 28 7 26 5 17 23 6 4 16 18 19 8 15 18 17 28 11 22 12 3 23 17 14 12 24 11 29 22 22 16 20 9 17 4 24 22 3 3 30 11 26 26 24 8 30 14 12 24 26 17 18 4 5 27 7 20 9 16 5 9 3 17 17 1 8 3 2 26 21 16 15 24 21 23 9 19 18 6 8 13 5 14 18 10 9 20 30 22 26 15 18 14 2 19 12 9 9 3 14 23 23 30 21 13 3 13 8 22 6 7 28 22 12 21 13 8 19 4 23 4 7 25 27 27 21 30 30 18 28 22 23 27 9 26 4 16 9 24 1 21 18 11 28 6 29 22 15 22 19 18 2 9 15 25 5 8 8 23 11 17 16 4 8 23 22 4 28 1 17 15 11 25 11 16 7 30 21 18 17 27 29 16 8 12 14
5 5 13 22 21 5 12 20 23 13 8 7 20 22 6 12 7 12 17 29 15 24 11 14 27 15 29 16 1 12 27 3 20 20 1 6 23 6 27 16 19 18 26 22 10 4 7 14 29 18 24 19 16 3 11 5 6 5 11 21 27 7 26 14 28 30 21 18 7 25 26 24 6 18 16 13 4 8 15 4 21 2 11 19 15 4 9 9 22 6 9 9 13 3 29 19 8 22 23 9 8 13 25 24 5 25 19 12 29 14 5 19 24 4 2 28 4 20 22 9 2 7 12 22 9 5 10 23 29 27 5 10 23 21 6 2 30 7 14 5 22 21 24 15 16 18 16 11 14 24 8 11 17 7 11 3 19 25 15 21 18 16 28 25 11 27 24 29 5 13 7 9 26 11 17 2 14 16 16 20 2 23 8 25 1 9 19 21 1 7 14 14 21 18 6 15 1 4 16 9 13 22 17 19 3 14 10 14 8 28 5 3 16 24 24 7 19 22 9 12 6 17 5 18 7 26 3 3 20 28 30 5 15 11 18 11 27 23 24 13 30 1 16 13 26 11 18 16 12 30 23 21 18 25 6 28 13 13 7 2 23 9 24 13 27 22 2 4 10 30 7 1 23 8 11 28 28 1 11 20 26 20 15 14 17 19 26 20 12 1 10 20 16 22 23 24 7 29 14 7 2 13 23 26 29 3 12 1 5 16 23 21 20 2 12 11 11 11 27 16 2 24 18 12 2 17 1 10 25 14 23 19 22 18 24 30 20 18 12 26 1 18 6 14 17 3 16 10 15 20 13 6 17 15 12 2 1 10 24 14 23 15 2 17 25 2 5 12 16 3 27 5 11 8 24 17 22 3 28 7 25 27 4 16 6 22 29 24 11 4 26 30 18 21 20 10 26 4 30 24 14 15 16 22 23 14 12 10 22 30 23 26 3 21 20 21 12 21 20 28 11 6 8 22 25 5 20 13 1 2 30 5 27 27 28 25 24 9 28 5 22 18 20 5 6 6 6 29 22 2 28 22 9 26 2 24 6 14 15 19 26 15 9 10 13 24 23 5 20 25 21 11 8 2 19 23 14 25 7 3 11 9 11 27 19 23 7 18 7 13 1 11 21 23 13 5 7 8 22 27 3 30 6 3 6 27 26 10 8 9 11 11 20 7 29 6 13 1 11 16 18 5 2 2 5 5 25 24 21 11 22 7 30 10 23 8 23 25 4 28 10 7 16 21 8 16 25 6 24 15 28 10 9 8 11 6 28 25 21 4 5 20 4 5 26 30 6 28 12 6 8 24 29 27 30 17 12 5 27 9 10 8 18 6 18 14 17 4 21 20 15 9 3 6 10 2 15 15 10 28 11 28 30 29 28 6 1 2 21 6 2 3 15 30 10 9 27 14 13 3 27 11 12 5 13 19 20 3 26 7 23 23 17 9 29 27 20 22 27 11 17 15 8 11 28 28 5 12 26 22 13 1 14 18 18 5 17 18 2 23 15 7 8 13 6 9 2 21 21 20 19 10 16 28 4 28 8 5 16 29 25 28 22 29 22 28 21 10 5 27 20 20 27 21 20 7 4 10 19 30
0 19 2
19 327
11 10 22
665 191 667 652 507 377 485 275 545 270 517 449 551 282 373 563 592 459 601 591 486 356
4 15 13
568 345 623 114 339 221 621 107 49 454 52 197 510
0 7 25
502 142 491 17 305 39 435 44 241 567 353 637 180 378 437 280 178 618 474 194 108 541 685 245 554
8 5 24
103 140 112 432 9 540 216 525 451 309 613 361 566 211 605 10 330 13 82 289 262 51 248 21
8 14 18
634 483 426 579 250 324 653 412 521 120 471 240 99 67 94 306 157 41
8 2 18
392 329 255 336 338 606 569 556 514 419 95 93 319 148 696 362 145 422
6 18 17
354 206 26 42 677 331 77 575 214 457 186 320 173 415 348 91 202
15 9 31
116 697 244 6 699 2 75 357 603 686 272 45 174 526 674 128 465 150 524 624 671 585 124 487 557 547 88 274 242 386 312
1 13 11
420 379 672 529 165 190 625 193 113 549 550
4 19 9
577 43 450 337 421 196 61 609 58
2 1 11
581 418 589 20 12 374 30 576 538 583 86
0 15 1
15
5 19 15
508 212 417 694 316 385 224 535 189 430 125 332 50 1 278
3 4 8
46 301 594 368 571 441 505 199
0 18 3
227 149 175
0 16 9
638 481 40 479 258 47 537 72 29
0 8 4
53 453 482 143
6 15 14
461 614 476 523 163 369 68 222 56 463 204 631 153 138
1 17 5
548 251 139 65 384
12 9 24
288 654 408 582 37 69 302 518 207 530 92 469 522 681 62 527 239 683 85 232 632 414 587 333
5 19 15
226 144 447 405 254 680 580 335 364 168 616 371 657 11 439
2 1 8
299 572 411 167 177 22 531 488
0 3 3
261 297 300
1 12 21
578 372 154 442 98 498 484 35 307 48 110 200 448 600 59 159 234 80 497 155 539
7 6 26
464 36 235 382 166 630 428 478 296 187 162 647 287 403 584 429 109 586 141 622 473 500 691 358 607 489
6 11 23
351 252 347 264 496 321 400 593 181 678 626 561 658 344 325 636 208 285 423 4 511 395 322
7 12 14
134 560 14 64 692 318 515 669 506 635 458 534 90 323
1 3 7
277 105 409 201 100 230 495
7 14 16
130 71 413 359 399 87 629 355 192 509 627 370 619 536 176 470
8 9 30
24 263 164 218 290 229 256 688 648 326 397 663 668 133 659 213 460 684 675 350 513 599 393 203 342 602 425 608 401 268
1 5 15
298 532 283 205 220 431 443 610 598 639 574 679 215 682 520
6 14 13
456 57 106 249 472 644 615 81 152 528 74 666 512
17 1 27
410 101 475 28 54 184 121 233 649 231 310 367 38 27 70 504 640 380 55 97 31 341 440 3 662 499 466
2 8 7
198 127 257 588 137 223 375
0 13 29
391 352 676 559 604 317 690 573 210 129 183 135 281 388 126 346 552 304 84 416 217 650 63 542 18 111 267 115 147
6 19 14
360 558 334 228 490 119 160 73 238 424 492 477 7 611
2 32 1
0
1 6 1
5
1 17 1
8
8 29 1
16
8 37 3
23 179 651
5 15 1
25
6 27 1
32
2 14 1
33
3 31 1
34
8 25 1
60
5 26 1
66
13 27 2
76 673
13 19 1
78
2 37 1
79
9 28 2
83 219
13 19 2
89 269
8 31 1
96
13 27 1
102
5 36 1
104
4 22 1
117
10 28 1
118
5 10 1
122
10 19 1
123
11 3 1
131
11 20 1
132
3 13 1
136
5 36 1
146
13 28 1
151
1 10 1
156
4 27 1
158
9 33 1
161
5 15 1
169
12 18 1
170
10 20 1
171
8 25 1
172
4 22 1
182
15 23 2
185 687
13 14 1
188
1 20 1
195
2 31 1
209
1 22 1
225
5 26 1
236
2 11 1
237
8 28 1
243
19 10 1
246
1 25 1
247
9 24 1
253
14 19 1
259
1 18 1
260
2 30 1
265
3 31 2
266 273
8 12 1
271
2 22 1
276
6 5 1
279
8 20 1
284
1 27 1
286
2 16 1
291
9 37 1
292
2 24 1
293
11 30 1
294
3 13 2
295 661
11 20 2
303 660
2 20 1
308
1 29 1
311
11 15 1
313
1 25 1
314
2 30 1
315
9 17 1
328
1 26 2
340 365
3 18 1
343
5 12 1
349
5 20 1
363
5 26 1
366
1 20 1
376
2 10 1
381
5 15 1
383
2 35 1
387
1 17 1
389
9 34 1
390
5 7 2
394 570
11 7 1
396
1 9 1
398
6 14 1
402
1 26 1
404
10 23 1
406
1 16 1
407
2 21 1
427
2 8 1
433
5 21 1
434
1 25 1
436
1 21 1
438
1 32 1
444
11 20 1
445
5 18 1
446
1 26 1
452
5 20 1
455
1 31 1
462
4 23 1
467
6 21 2
468 519
2 31 1
480
6 15 1
493
2 19 1
494
2 14 1
501
1 9 1
503
11 16 1
516
1 18 1
533
1 25 1
543
9 29 2
544 555
3 31 2
546 698
3 21 1
553
5 18 1
562
8 31 1
564
1 22 1
565
13 32 1
590
6 9 1
595
8 33 1
596
2 14 1
597
4 20 1
612
1 21 1
617
2 28 1
620
1 22 1
628
1 34 1
633
2 32 1
641
13 15 1
642
2 24 1
643
2 30 1
645
2 18 1
646
1 28 1
655
2 23 1
656
6 29 1
664
5 22 1
670
8 28 1
689
11 26 1
693
3 29 1
695
