700 175 1085 47
23 22 15 30 25 19 20 22 26 2 5 2 25 2 14 23 9 28 25 8 30 8 3 18 3 25 12 3 28 30 9 5 19 25 10 10 2 24 21 14 1 3 8 3 11 28 15 11 26 18 17 5 30 21 2 4 1 2 23 30 7 19 11 19 2 14 24 19 25 21 28 10 26 25 24 19 8 10 28 28 19 27 2 27 1 17 24 2 4 1 2 13 5 1 30 10 15 27 12 7 26 5 4 15 7 7 29 16 5 26 2 9 7 3 6 30 27 12 29 16 14 1 29 26 11 4 19 15 9 30 27 11 17 26 2 13 9 9 11 16 20 17 17 5 25 24 2 29 4 20 27 30 5 6 27 10 15 10 6 18 30 15 17 20 21 10 20 26 2 11 6 3 7 30 23 18 22 15 19 30 23 16 28 5 7 3 6 20 23 14 10 22 24 15 13 21 7 16 26 27 15 28 25 8 1 29 27 7 23 2 20 24 21 29 28 30 27 5 16 30 23 5 25 19 21 19 8 10 11 11 11 9 22 10 11 8 10 2 28 30 30 9 7 1 30 29 12 1 1 4 9 20 9 26 5 20 18 22 23 21 14 23 19 2 13 20 30 2 1 17 27 25 18 3 28 4 5 8 13 7 11 9 27 19 14 3 24 23 18 9 29 2 9 18 22 23 24 19 4 21 28 15 18 12 12 4 12 8 16 3 12 10 1 22 20 29 11 22 21 20 6 23 11 7 7 14 14 2 15 14 26 8 17 21 25 9 26 27 29 30 13 10 5 26 11 21 16 17 2 16 1 26 1 4 12 6 27 26 27 5 12 21 16 9 24 3 30 6 5 29 8 18 24 24 23 7 7 8 23 10 10 25 3 17 8 16 9 4 14 20 14 25 3 5 15 9 24 20 1 4 10 14 3 1 22 7 8 28 7 28 24 22 9 5 25 15 28 19 26 29 5 12 22 16 30 29 18 11 30 11 15 30 18 15 10 10 9 26 23 22 29 6 9 30 27 13 25 3 28 8 16 21 1 15 10 10 13 7 5 27 20 28 29 13 16 8 6 26 7 9 12 12 14 6 5 24 19 7 23 25 6 2 26 30 17 8 14 23 23 24 8 27 17 6 17 23 25 28 28 17 29 4 10 3 30 6 11 6 10 5 5 19 11 10 20 30 29 27 26 16 13 5 30 21 27 19 29 22 16 12 5 21 7 14 16 20 6 8 20 15 22 15 11 27 18 1 23 18 10 17 15 24 10 17 22 26 6 14 29 25 28 8 7 8 21 20 19 8 15 9 12 28 11 6 30 26 24 27 10 27 4 6 19 24 17 24 24 7 7 14 2 9 28 10 17 24 26 26 9 29 14 25 9 2 8 27 10 19 13 1 5 6 18 11 20 7 18 20 12 9 5 16 4 19 7 28 11 6 7 24 23 14 14 29 17 27 9 28 18 13 26 8 30 16 28 2 19 21 2 4 24 29 1 20 30 27 20 15 28 11 11 27 6 29 20 22 3 19 4 12 7 22 21 22 11 22 11 25 27 10 29 16 9 11 2 30 23 12 30 10 12 21 3 13 5 12 14 22 28 15
27 29 5 17 3 9 18 16 28 28 20 17 19 22 14 12 2 8 27 9 28 28 26 30 18 24 24 5 28 6 2 16 25 29 25 11 18 18 17 30 3 5 28 14 12 26 10 4 7 11 24 10 9 16 6 10 15 18 6 24 10 13 15 14 9 6 28 5 5 13 15 3 5 20 17 20 9 26 5 3 6 29 28 3 22 9 24 27 20 1 16 2 29 9 9 12 17 10 18 11 9 13 28 20 30 5 2 1 4 3 8 8 2 1 9 15 21 2 7 2 28 6 11 19 1 24 10 21 11 19 26 27 10 23 20 5 6 7 17 27 25 1 5 16 27 1 2 11 26 28 22 12 6 3 16 24 30 13 2 6 23 22 13 28 19 22 23 18 3 2 14 8 12 12 26 25 13 2 3 7 11 9 21 10 16 20 4 4 6 19 3 20 15 11 12 10 28 11 22 15 20 3 13 18 17 29 29 10 17 8 11 12 30 2 12 18 5 9 1 28 12 25 5 7 9 18 16 5 16 6 15 26 12 30 29 12 22 3 8 27 26 26 11 4 23 28 24 26 28 3 18 7 25 20 14 12 18 16 20 10 4 5 7 26 24 15 23 27 18 22 25 24 23 9 1 8 15 16 20 18 7 24 28 19 1 30 18 20 5 5 29 25 29 4 23 7 17 29 7 17 30 3 22 5 27 16 17 9 13 18 4 18 2 6 5 6 23 22 5 29 25 16 5 9 20 16 2 10 24 6 14 6 20 25 25 9 22 11 27 8 15 8 3 29 22 23 15 5 11 17 15 16 28 27 22 24 28 30 12 12 22 11 3 12 21 20 29 13 7 17 22 5 18 12 7 8 28 8 12 1 24 22 19 19 14 27 28 22 27 19 10 19 16 28 23 10 26 8 26 19 2 16 5 25 25 29 5 13 24 25 14 10 28 2 11 30 18 10 11 22 15 13 1 20 17 7 17 9 21 21 28 16 27 4 3 15 24 26 9 25 7 13 27 5 24 22 14 26 21 23 8 11 4 15 24 16 21 6 9 6 20 2 22 24 22 15 7 4 22 28 30 25 11 13 28 4 24 20 26 28 20 28 3 11 23 20 5 16 27 9 5 9 11 13 2 2 3 5 24 29 29 26 9 19 27 10 30 25 23 17 19 25 4 12 1 28 2 8 3 27 5 28 3 5 27 21 18 5 8 4 6 15 20 26 5 15 6 11 15 15 17 15 24 20 19 1 19 7 10 17 11 8 24 17 27 22 11 27 23 3 8 22 7 21 9 22 15 26 14 10 9 24 15 9 6 17 25 11 2 16 22 3 11 25 15 8 27 7 2 9 26 20 17 14 21 10 12 18 27 19 12 26 17 27 17 4 6 30 15 23 16 3 22 30 2 16 24 30 12 22 19 1 14 23 1 7 26 6 21 30 30 7 17 16 24 19 10 3 14 27 3 15 28 13 7 16 2 5 11 4 14 7 16 20 7 17 10 1 10 4 26 13 29 11 30 8 3 5 2 22 1 6 4 24 6 30 14 28 10 17 30 11 3 5 8 11 25 23 22 19 27 17 2 22 1 17 6 16 26 19
3 17 17
460 44 273 557 493 76 201 650 387 417 422 555 214 286 184 622 284
1 5 4
4 185 660 629
0 5 10
104 234 177 10 264 283 96 563 278 248
0 15 3
269 13 88
0 9 2
204 9
7 7 13
398 202 105 435 175 606 174 172 389 363 170 599 649
0 2 11
19 77 566 584 600 473 371 509 133 58 457
0 2 25
586 100 486 3 290 593 43 112 340 362 12 108 84 65 458 345 310 282 440 699 196 169 429 564 331
2 4 5
45 213 492 91 501
5 17 11
80 382 689 549 116 180 411 229 427 134 620
1 8 16
27 209 336 268 165 617 675 613 238 270 219 318 383 499 546 588
5 10 10
434 292 8 377 227 573 221 71 2 657
8 6 24
623 28 543 288 176 194 644 635 302 361 483 250 110 311 669 296 439 508 294 355 210 142 456 208
13 19 25
621 426 285 450 446 616 20 173 114 589 323 179 615 420 548 136 280 353 182 279 441 113 518 93 359
0 6 4
666 378 490 102
5 16 16
388 451 409 78 627 242 34 320 534 233 106 237 556 73 583 235
1 15 10
612 695 697 634 679 618 150 514 692 130
0 17 12
276 121 189 470 97 40 144 103 158 334 6 645
1 15 5
559 211 539 162 54
2 6 26
500 139 92 132 307 696 370 454 482 358 574 16 512 127 74 11 668 375 542 291 690 567 354 659 397 592
0 17 2
157 464
8 4 21
75 425 596 332 203 341 637 384 195 641 442 437 49 459 485 46 263 254 63 513 423
9 7 20
35 475 662 191 275 151 517 300 308 402 0 540 122 198 515 472 532 527 658 23
8 20 25
315 521 481 418 330 519 580 390 636 193 419 624 312 476 516 561 619 24 506 347 351 364 676 98 249
1 10 12
357 591 667 498 232 497 462 550 433 395 26 111
5 3 11
145 117 643 373 530 143 529 416 681 190 167
5 9 24
444 118 255 582 578 568 342 244 369 293 258 594 396 488 188 135 569 326 385 153 661 38 32 57
0 2 6
651 89 356 674 81 491
2 11 8
261 253 562 277 120 577 467 368
6 8 16
607 218 225 344 698 346 260 438 70 29 535 301 299 565 595 614
0 1 6
677 321 181 335 570 404
0 20 13
152 693 448 230 503 558 366 222 14 376 313 631 62
6 7 23
95 47 611 15 83 61 647 678 603 350 381 407 484 85 505 327 1 306 602 654 129 610 455
7 20 14
94 686 391 640 349 295 430 183 523 406 581 86 632 510
6 12 26
465 502 571 192 304 642 337 41 670 453 154 572 598 379 348 496 226 90 220 579 560 608 324 633 51 159
2 12 23
604 259 246 463 469 52 393 626 655 495 367 166 137 147 489 197 207 413 216 55 22 694 372
1 14 7
528 256 217 298 597 5 452
1 15 5
504 545 163 329 25
3 10 10
171 585 160 126 343 691 576 37 206 587
3 13 20
138 412 99 115 87 309 205 131 432 507 281 544 652 525 72 684 236 380 119 128
0 17 10
405 468 628 536 524 449 683 392 161 146
0 14 2
478 477
3 22 1
7
2 9 1
17
3 19 1
18
1 32 2
21 325
1 20 1
30
3 28 1
31
2 14 1
33
8 21 2
36 682
1 25 1
39
10 27 1
42
4 34 2
48 272
8 10 1
50
8 23 1
53
8 11 1
56
3 10 1
59
4 31 1
60
5 25 2
64 365
1 10 1
66
2 14 1
67
8 7 1
68
3 13 1
69
9 17 1
79
1 40 1
82
4 18 1
101
4 10 1
107
4 25 1
109
1 24 1
123
10 26 1
124
1 12 1
125
3 22 1
140
2 11 1
141
3 12 1
148
1 19 1
149
1 21 1
155
8 28 2
156 410
1 17 3
164 287 553
8 10 2
168 625
1 31 1
178
1 18 2
186 431
2 12 1
187
2 35 2
199 352
10 19 1
200
4 18 1
212
1 31 1
215
3 27 1
223
2 27 1
224
8 15 2
228 688
1 15 1
231
3 27 1
239
1 9 1
240
5 35 1
241
3 23 1
243
1 23 1
245
1 22 1
247
2 10 2
251 386
11 15 1
252
1 28 1
257
11 28 1
262
3 32 1
265
1 37 1
266
1 22 1
267
1 17 1
271
3 16 1
274
1 19 2
289 685
1 6 1
297
2 13 1
303
10 14 1
305
2 18 1
314
3 35 1
316
3 19 1
317
1 17 1
319
8 25 1
322
1 19 1
328
5 20 1
333
4 19 1
338
1 18 2
339 646
1 29 1
360
8 13 1
374
1 29 1
394
1 27 1
399
2 23 1
400
2 6 1
401
1 23 1
403
4 22 1
408
2 13 1
414
1 10 1
415
2 25 1
421
1 22 1
424
2 15 1
428
10 14 1
436
3 17 1
443
8 36 1
445
2 12 1
447
1 18 1
461
2 22 1
466
11 27 1
471
2 10 1
474
5 22 1
479
3 23 1
480
1 27 1
487
4 26 1
494
1 13 1
511
1 19 1
520
1 12 1
522
3 24 1
526
1 7 1
531
3 20 1
533
1 40 1
537
1 25 1
538
1 9 1
541
1 24 1
547
1 15 1
551
1 19 1
552
2 23 1
554
1 8 1
575
4 17 1
590
3 27 1
601
1 21 1
605
11 40 1
609
2 16 1
630
1 26 1
638
1 24 1
639
3 35 1
648
1 30 1
653
1 18 1
656
3 19 1
663
8 35 1
664
10 32 1
665
1 14 1
671
2 23 1
672
5 26 1
673
3 17 1
680
5 19 1
687
