800 186 1240 53
15 6 14 30 22 24 21 27 11 23 3 2 7 24 10 28 11 16 12 24 8 15 4 3 17 3 7 28 3 2 15 17 9 1 21 21 8 8 14 21 26 5 1 29 11 13 12 10 26 6 6 27 19 25 2 8 13 30 30 30 7 28 11 10 4 17 6 23 1 8 25 29 8 25 2 15 1 29 18 6 26 10 15 14 5 26 2 5 6 24 19 9 21 18 25 19 29 11 16 1 11 4 16 7 11 21 29 25 17 13 5 18 14 4 4 2 4 11 16 21 15 25 7 7 6 13 9 16 3 20 8 12 10 24 11 13 9 17 8 29 10 23 20 9 13 12 17 23 30 27 17 6 18 16 21 4 28 8 12 20 22 11 17 14 23 30 15 13 5 11 9 5 5 14 22 16 16 22 4 15 8 3 13 27 7 27 4 16 13 4 18 11 27 29 21 8 21 11 8 24 4 19 2 9 23 25 25 17 21 23 9 21 21 9 20 18 17 24 8 8 10 10 27 7 22 5 10 25 21 5 23 24 23 5 12 10 16 11 4 3 17 13 24 1 29 29 19 7 9 12 6 19 4 5 11 17 1 26 28 26 17 28 7 18 4 7 1 21 3 13 15 19 14 25 29 4 25 3 28 17 2 23 6 13 21 27 4 5 1 2 6 19 17 10 8 16 6 6 15 19 5 25 9 21 7 27 27 20 22 2 23 12 30 14 2 24 18 9 25 13 22 17 19 4 14 4 19 1 11 13 3 17 23 12 2 27 7 13 30 12 24 11 17 23 23 18 3 1 15 21 16 19 27 4 17 2 1 19 28 2 21 14 9 2 7 26 24 30 16 16 25 30 2 9 25 27 13 6 13 14 15 16 6 7 2 8 12 14 22 18 29 19 26 16 23 8 1 12 6 15 2 20 26 22 24 5 25 22 6 25 30 22 2 27 13 13 15 24 27 27 28 24 1 13 18 15 12 25 9 19 18 19 27 22 30 10 23 9 28 18 4 23 27 11 29 11 19 14 4 4 1 8 11 16 22 18 26 29 22 30 24 6 1 28 3 8 17 16 28 6 6 25 7 11 16 3 12 12 29 13 1 16 29 30 30 26 9 8 17 12 30 17 13 14 25 12 11 11 14 15 18 27 17 6 13 15 13 30 21 2 15 8 1 6 21 13 10 17 12 3 6 19 10 17 29 25 20 12 14 14 26 14 26 25 1 17 7 11 29 26 28 1 19 3 9 22 26 10 24 26 18 26 5 13 19 5 27 15 10 10 11 4 11 24 28 9 7 3 8 12 18 25 10 29 25 4 14 15 10 18 28 21 11 11 27 5 8 16 29 30 29 16 10 10 27 24 9 17 3 16 2 2 9 2 10 13 18 13 3 28 3 20 17 4 18 19 22 28 5 5 22 15 8 6 24 4 25 27 2 23 12 30 10 23 15 30 12 20 29 7 30 10 16 9 5 13 6 2 24 24 22 21 4 8 6 19 1 10 3 4 5 3 15 27 26 3 1 27 19 25 27 7 7 16 7 6 13 22 25 8 27 9 13 4 27 8 21 29 25 5 26 23 6 5 10 9 5 19 2 30 16 30 21 8 25 6 14 24 5 8 11 18 15 11 1 21 4 8 26 11 5 19 27 13 20 8 23 5 28 7 11 17 8 3 17 5 27 5 2 2 14 7 2 5 16 26 19 29 9 24 18 15 12 27 2 21 13 13 20 18 26 3 17 5 28 2 11 18 14 25 29 23 16 18 25 3 23 24 29 19 26 7 2 26 16 7 16 16 13 23 15 24 20 29 13 15 23 25 10 4
6 3 18 3 13 9 10 10 21 28 25 21 20 16 30 22 2 27 15 8 15 11 5 12 9 11 6 30 18 23 23 1 26 29 4 14 26 23 9 22 28 24 17 17 12 27 13 13 16 20 6 3 1 16 26 13 22 4 26 4 16 12 10 30 24 25 18 6 19 29 9 24 17 5 10 18 21 5 16 4 1 11 20 21 7 15 26 18 17 18 24 14 20 22 10 11 25 23 18 12 7 8 26 14 2 20 22 8 17 1 28 30 15 27 3 29 18 25 4 25 16 16 21 14 1 13 12 30 23 15 5 22 20 24 30 11 16 18 19 17 13 1 3 18 19 7 13 18 2 5 15 28 18 20 18 20 24 20 28 27 21 18 22 25 1 17 18 25 21 12 22 3 3 10 29 14 10 14 14 7 5 20 4 1 16 3 3 28 19 24 26 28 21 8 11 8 1 4 26 15 27 8 20 19 5 16 23 16 21 12 11 3 17 5 20 11 7 26 30 2 29 22 24 22 21 8 3 4 29 20 16 22 13 17 5 11 29 23 30 16 15 3 27 8 27 18 11 24 9 22 30 6 18 12 16 30 28 17 20 19 14 10 19 9 17 18 25 18 6 24 13 4 12 3 30 30 21 11 23 7 16 2 9 28 15 9 18 21 30 14 15 3 29 26 7 21 18 6 19 12 18 13 5 12 4 30 18 26 29 10 28 18 9 23 21 10 7 20 18 26 11 7 29 3 1 18 24 10 20 21 12 24 18 13 17 3 26 10 20 2 29 22 27 12 24 10 20 24 4 9 18 22 5 8 24 13 30 6 12 18 20 20 7 7 19 3 3 5 23 23 7 17 28 24 7 4 24 18 5 16 6 28 11 5 27 16 29 16 4 1 7 2 27 12 3 23 8 9 11 7 29 6 28 9 30 20 13 30 25 8 3 21 28 28 12 8 4 17 29 6 30 20 11 21 12 15 15 17 26 27 12 7 19 16 9 25 15 7 6 28 23 20 2 6 8 16 6 17 14 17 15 19 14 24 21 7 27 24 16 21 15 16 24 26 1 5 29 29 21 8 24 15 3 26 18 16 16 26 7 13 11 7 4 26 3 1 19 2 21 15 12 25 14 28 22 14 16 5 24 28 10 30 21 7 8 24 11 12 11 29 22 11 20 3 18 5 7 5 8 20 10 15 15 11 16 25 26 30 17 23 2 28 26 30 26 8 4 10 19 14 29 11 14 8 17 1 25 12 8 26 17 4 20 4 6 21 11 22 4 21 9 4 17 23 28 2 10 3 26 23 29 12 15 10 19 28 28 16 16 21 8 25 4 14 14 25 25 18 29 26 20 1 7 17 3 15 18 23 29 15 6 19 3 8 9 4 15 24 24 17 15 20 19 5 21 8 21 14 26 16 18 28 8 16 25 16 14 6 29 2 24 26 16 17 25 21 23 18 10 29 28 16 8 15 19 6 4 28 27 29 26 24 12 21 22 17 2 11 16 11 8 4 29 30 3 22 16 28 28 16 17 15 12 25 24 11 11 1 2 5 13 18 20 6 15 14 8 10 24 12 30 14 18 7 2 20 3 6 12 1 14 10 10 22 20 4 28 21 15 7 7 28 27 26 14 2 28 21 16 24 12 17 26 14 7 6 16 27 27 12 26 24 25 19 10 10 2 17 27 4 6 23 7 14 10 1 20 4 17 1 19 23 3 14 11 23 25 14 21 4 26 3 7 21 11 4 4 11 25 17 8 9 24 11 21 1 9 26 13 26 24 23 13 6 2 4 15 6 29 17 8 21 26 12 8 26 6 2 22 5
2 19 14
297 371 615 515 652 722 193 324 423 745 465 583 261 541
2 17 7
151 157 525 215 146 736 651
2 1 9
413 344 389 428 707 625 655 284 559
10 2 20
85 164 23 328 147 427 714 570 690 187 353 93 242 218 148 53 133 239 365 654
7 8 26
569 250 497 620 163 710 453 28 747 457 702 784 770 725 472 338 730 426 599 26 369 357 796 66 208 196
13 5 34
125 102 116 586 400 201 641 249 309 37 656 382 153 117 4 205 390 416 266 414 412 311 364 595 165 532 607 378 489 563 45 197 312 275
1 6 11
1 596 590 408 573 234 264 289 518 368 621
5 11 8
285 663 568 661 712 783 48 191
1 19 5
322 521 717 141 608
2 4 16
726 612 660 669 233 420 720 474 78 684 89 561 757 689 446 305
3 15 12
107 267 207 753 454 229 169 533 658 294 501 55
1 7 22
482 272 597 95 150 224 567 742 283 383 445 94 348 80 35 721 511 665 190 106 210 748
5 13 16
406 614 767 703 358 379 174 696 59 83 248 395 252 73 49 63
2 16 11
204 591 432 507 795 431 32 407 277 171 226
1 2 13
138 367 126 391 103 461 359 520 761 514 185 440 269
0 18 5
523 417 504 598 752
3 4 24
675 321 5 220 562 114 331 464 676 60 418 700 765 172 131 746 488 760 296 86 301 136 145 787
0 15 5
485 343 315 734 466
7 18 19
740 176 776 716 335 644 792 450 438 415 458 535 110 292 542 435 36 701 610
0 14 2
698 539
1 4 5
381 302 240 360 538
4 13 28
405 642 738 393 629 286 219 307 566 140 695 634 156 670 119 502 589 618 316 58 84 304 323 490 38 101 39 564
3 1 11
13 282 575 549 74 637 782 402 547 62 179
0 4 4
437 203 468 168
0 17 4
677 64 793 455
2 8 22
217 653 467 68 790 558 486 91 69 463 325 356 212 396 129 375 671 122 536 227 789 493
3 20 9
290 553 386 555 788 645 345 674 90
2 14 15
556 560 662 550 475 616 259 771 27 622 21 593 108 751 75
0 8 2
579 177
16 11 30
487 10 500 611 429 582 262 479 546 728 456 20 25 82 198 161 617 777 143 118 14 572 682 56 132 268 308 223 46 628
10 16 33
766 657 142 354 441 686 241 274 422 649 697 524 741 510 263 244 791 759 557 480 24 587 571 459 340 87 184 271 492 729 235 451 723
1 10 16
425 473 342 376 257 50 398 636 15 706 121 522 349 496 192 370
11 9 20
705 228 186 137 602 17 144 47 781 664 434 246 100 135 739 251 494 758 280 421
3 2 15
180 733 732 188 273 40 513 42 281 287 613 600 534 11 337
19 3 33
606 397 299 683 173 626 237 743 551 278 255 578 724 189 576 206 529 750 498 0 794 478 672 109 528 258 238 756 199 79 399 170 384
5 8 17
769 719 96 694 623 635 380 424 236 29 54 99 366 731 516 124 175
3 11 7
404 12 774 317 30 33 619
5 3 12
178 293 785 772 113 592 439 154 580 484 403 202
18 2 35
158 243 627 183 306 385 565 260 708 718 44 537 773 298 754 355 668 155 3 139 594 691 666 526 442 166 409 327 433 288 351 120 111 469 577
4 9 19
630 209 624 314 779 552 667 19 585 362 265 394 483 31 310 436 659 6 737
0 9 2
22 778
10 13 19
704 452 401 105 97 727 419 797 72 581 530 254 9 481 798 92 584 604 603
9 11 1
2
5 24 1
7
7 4 2
8 688
3 27 1
16
4 19 1
18
3 21 1
34
6 23 1
41
3 15 2
43 65
5 15 1
51
2 22 1
52
1 11 1
57
8 18 1
61
11 21 2
67 517
2 20 1
70
2 37 1
71
1 17 1
76
4 20 1
77
2 21 1
81
6 9 1
88
3 17 1
98
3 27 1
104
6 2 1
112
4 28 1
115
2 4 1
123
3 16 1
127
1 26 1
128
6 10 1
130
2 15 2
134 519
6 11 1
149
2 24 1
152
2 6 1
159
4 20 1
160
2 28 1
162
11 24 2
167 764
3 9 1
181
4 31 1
182
2 13 1
194
3 23 1
195
4 24 1
200
6 6 2
211 300
1 17 1
213
4 18 1
214
3 35 1
216
6 29 1
221
6 25 1
222
3 5 1
225
2 18 1
230
4 31 1
231
3 15 1
232
4 5 1
245
15 19 1
247
3 16 2
253 319
3 27 1
256
5 13 1
270
15 18 1
276
15 25 1
279
3 25 1
291
2 22 1
295
3 10 4
303 476 512 735
2 19 2
313 540
10 23 1
318
2 18 2
320 449
2 14 1
326
4 17 1
329
5 12 1
330
3 20 2
332 503
9 5 1
333
1 28 1
334
2 23 1
336
3 22 1
339
16 22 1
341
3 18 1
346
5 12 1
347
8 21 1
350
7 10 1
352
3 17 1
361
2 11 3
363 646 685
4 30 1
372
4 6 1
373
1 13 1
374
8 26 1
377
6 23 1
387
3 16 1
388
2 19 1
392
1 29 2
410 679
6 3 2
411 633
1 16 1
430
1 10 1
443
9 17 1
444
2 10 1
447
1 13 1
448
9 11 2
460 495
2 29 1
462
6 29 1
470
3 9 1
471
1 26 1
477
5 13 1
491
1 15 1
499
3 15 1
505
4 4 1
506
9 10 1
508
1 22 1
509
3 25 1
527
8 15 1
531
3 8 1
543
3 11 1
544
10 29 1
545
5 21 1
548
4 7 1
554
4 18 1
574
17 4 1
588
4 27 1
601
3 20 1
605
3 19 1
609
9 19 1
631
3 20 1
632
3 12 1
638
3 15 1
639
4 29 1
640
3 15 1
643
2 19 1
647
2 21 1
648
3 11 1
650
4 35 1
673
2 11 1
678
3 9 1
680
5 22 1
681
8 31 1
687
1 18 1
692
1 12 1
693
3 25 1
699
2 27 1
709
3 20 1
711
3 14 1
713
2 7 1
715
4 15 1
744
3 21 1
749
2 32 1
755
3 20 1
762
2 4 1
763
15 29 2
768 799
1 35 1
775
1 12 1
780
1 25 1
786
