500 115 775 33
6 27 24 26 18 6 19 7 22 12 8 5 20 25 30 17 1 13 3 27 14 16 9 15 9 18 28 22 18 4 10 19 1 25 18 17 7 9 6 28 19 3 1 13 10 23 6 20 13 7 29 29 16 27 28 11 14 13 29 15 8 22 3 1 19 27 21 13 25 5 17 19 6 13 16 26 26 15 4 17 3 23 12 3 6 12 28 20 17 21 26 2 3 6 18 10 20 28 5 5 25 12 12 12 19 28 4 21 23 21 29 23 29 3 11 26 4 13 13 25 21 11 5 7 27 19 18 8 15 15 19 28 1 19 3 11 18 5 23 18 21 10 7 5 8 21 3 18 1 7 9 27 18 8 23 13 30 11 16 28 13 28 21 15 4 22 16 4 22 28 10 12 10 5 11 23 3 16 29 7 15 20 8 28 5 10 16 5 12 29 7 7 9 19 4 25 25 8 15 1 5 17 24 28 17 8 2 13 28 7 25 13 16 30 18 8 19 29 14 24 30 29 26 21 6 20 15 20 14 18 20 12 3 6 25 19 28 4 11 8 14 10 8 5 23 11 3 12 22 22 4 19 18 7 4 19 9 28 21 1 17 18 21 1 7 18 7 16 21 30 24 4 22 21 9 17 17 1 7 15 26 21 11 18 7 18 19 11 2 28 1 2 2 15 13 26 26 23 5 13 21 10 1 15 26 5 25 7 21 12 1 15 7 10 2 9 24 25 28 14 14 29 28 5 20 8 10 29 4 10 10 22 30 3 12 10 18 6 30 5 9 5 22 21 4 28 22 2 11 7 8 3 8 21 18 8 21 1 14 22 10 14 1 29 7 28 19 21 6 8 26 7 20 9 28 13 2 4 15 17 20 15 7 22 22 17 5 12 14 25 1 9 8 23 20 26 23 20 27 9 24 10 11 18 18 26 21 14 9 1 10 16 1 17 27 23 5 17 7 26 4 28 29 10 14 24 10 14 2 8 11 10 30 23 20 24 10 29 29 26 11 12 24 4 23 30 8 15 18 9 25 9 5 4 18 17 2 7 2 23 23 1 8 16 26 8 18 25 21 27 7 23 20 29 5 25 30 22 9 24 26 4 11 12 9 25 24 4 15 8 16 27 23 24 11 25 11 13 22 28
12 13 14 2 6 17 19 13 7 15 26 22 3 27 20 10 18 28 19 28 23 8 2 2 1 13 2 9 14 13 4 22 6 6 10 29 3 21 5 5 5 10 28 27 14 9 23 3 23 29 16 21 25 2 4 19 21 9 26 26 1 25 22 26 7 10 20 22 25 6 6 23 15 6 29 1 24 1 15 15 3 25 15 1 4 29 6 2 7 15 19 9 5 20 25 21 26 30 9 11 1 21 17 25 2 13 5 2 4 11 3 24 19 26 1 28 17 8 5 18 23 7 13 16 24 17 24 20 22 19 27 14 23 19 19 25 17 8 1 20 21 10 18 30 5 25 22 12 11 18 7 4 18 3 28 3 12 5 1 22 28 30 18 29 5 25 16 13 22 28 28 11 19 15 6 5 5 25 11 7 23 19 6 25 19 10 29 28 1 8 10 25 4 15 27 20 15 12 11 16 21 21 30 25 21 29 21 14 12 8 13 4 2 18 12 11 14 5 24 29 19 17 19 6 5 7 15 29 28 29 3 21 26 4 29 2 17 17 25 3 6 17 21 5 2 18 10 25 18 30 14 21 6 19 2 23 15 30 18 10 5 27 19 6 5 25 6 9 13 15 23 22 16 20 14 28 23 24 24 12 14 20 16 17 22 14 5 12 15 12 23 17 20 21 15 6 24 7 27 27 9 4 21 6 8 23 9 28 4 24 24 11 12 1 7 19 23 9 22 27 13 3 21 19 6 19 13 10 30 28 20 11 4 22 11 17 10 7 2 11 21 5 24 7 26 6 18 16 28 29 7 2 17 3 11 29 12 26 14 29 10 8 10 10 6 1 6 1 22 27 3 16 6 4 1 5 15 13 3 24 22 17 14 24 1 20 19 16 27 5 1 25 10 22 7 1 15 24 28 22 14 19 12 26 22 6 15 8 24 21 28 11 14 30 16 14 30 17 8 3 4 21 14 13 12 4 11 5 28 26 15 6 26 24 30 11 19 20 15 6 27 29 15 13 9 18 9 22 22 1 14 13 3 9 26 30 11 5 1 13 12 7 12 20 27 29 8 5 20 1 22 18 18 26 5 14 20 5 30 9 11 8 13 11 19 27 27 10 20 30 21 22 5 1 27 30 7 3 14 29
6 2 17
245 186 481 241 1 393 312 396 124 165 177 279 172 192 193 12 71
3 6 7
234 349 113 121 24 332 347
2 5 13
345 304 257 149 414 120 399 54 254 409 326 390 72
9 7 16
454 225 221 44 483 467 212 327 164 437 388 139 153 89 4 170
7 2 17
384 397 32 412 487 34 371 91 479 290 269 360 268 227 114 282 416
4 20 12
447 357 370 60 375 156 366 80 383 381 406 202
6 12 15
420 493 236 311 94 21 22 395 485 352 66 323 249 135 276
5 2 18
372 216 143 435 343 51 142 20 188 272 299 413 189 37 50 301 344 356
1 4 7
15 200 128 173 251 226 196
1 13 18
497 178 0 346 461 123 495 231 134 48 40 243 389 57 285 302 23 286
7 20 19
404 198 98 199 138 361 378 169 374 336 88 294 109 117 158 307 457 195 130
2 10 6
64 362 2 486 498 218
4 6 15
161 125 427 76 446 303 107 42 475 351 205 325 73 473 55
1 10 13
415 364 35 41 426 3 328 425 492 131 183 458 62
5 13 16
25 329 53 476 464 450 240 436 373 365 52 115 83 85 341 267
2 20 8
261 317 84 36 111 432 363 185
1 9 4
228 78 428 355
0 20 6
235 453 310 17 429 477
5 8 13
118 480 203 58 253 163 305 348 67 490 434 342 81
3 3 18
95 408 87 180 179 324 232 320 230 45 274 132 59 106 489 295 444 247
1 7 4
147 49 9 496
2 18 5
242 386 471 382 472
6 3 19
8 39 168 160 99 13 338 358 209 463 108 280 133 424 206 47 217 208 266
5 1 19
148 100 38 68 293 314 102 176 207 154 246 222 33 300 29 127 146 262 255
4 6 20
283 309 151 82 466 191 190 445 46 210 281 322 174 150 61 93 182 392 377 19
0 5 13
79 441 56 110 14 398 474 10 214 400 201 452 263
2 12 11
433 315 224 484 469 339 277 239 167 162 353
4 16 13
31 333 256 116 237 171 291 213 152 97 478 337 220
7 13 15
488 141 297 101 449 103 402 289 5 448 187 238 137 292 321
0 5 2
270 155
2 2 9
259 442 401 204 252 298 175 119 219
1 11 6
405 403 166 112 296 308
0 4 10
69 7 211 6 423 330 376 411 369 92
2 14 2
11 334
1 11 1
16
1 18 2
18 313
2 20 1
26
6 4 1
27
2 14 1
28
2 20 1
30
7 26 1
43
1 8 2
63 181
6 22 2
65 229
2 15 2
70 316
1 14 1
74
3 19 1
75
7 9 2
77 104
1 25 1
86
3 18 1
90
2 16 1
96
2 23 1
105
9 9 1
122
1 25 1
126
3 11 1
129
2 30 2
136 470
1 10 2
140 499
6 22 1
144
6 36 1
145
6 19 1
157
3 20 1
159
1 11 1
184
4 8 1
194
2 21 1
197
8 19 2
215 451
5 12 1
223
9 23 1
233
3 14 1
244
2 23 1
248
5 11 1
250
2 23 2
258 306
6 8 2
260 284
1 10 1
264
1 22 1
265
6 17 1
271
5 13 1
273
4 22 2
275 418
2 30 1
278
5 9 1
287
2 17 2
288 391
2 16 1
318
4 4 1
319
5 6 1
331
2 24 1
335
3 14 1
340
4 8 2
350 379
4 11 1
354
7 15 1
359
4 15 1
367
2 19 1
368
4 8 1
380
8 14 1
385
7 33 1
387
5 5 1
394
4 14 1
407
2 6 1
410
1 25 1
417
2 25 1
419
4 30 1
421
2 16 1
422
1 7 1
430
2 15 1
431
6 40 1
438
4 6 1
439
6 23 1
440
6 33 1
443
1 24 1
455
8 15 1
456
1 25 1
459
1 12 1
460
1 6 1
462
6 26 1
465
3 12 1
468
1 11 1
482
2 15 1
491
6 22 1
494
