300 74 465 20
29 19 32 37 18 12 20 36 21 18 28 30 40 19 18 11 30 39 12 12 27 12 27 12 16 27 34 23 18 12 15 32 25 34 31 11 18 33 33 39 34 28 20 37 36 21 37 27 22 22 12 13 15 28 25 39 33 15 12 32 14 38 15 25 21 32 28 14 35 13 18 17 16 34 31 12 14 25 32 31 35 31 34 36 26 31 16 19 39 27 13 32 11 28 40 16 21 17 14 30 22 24 20 34 24 29 26 19 25 32 38 38 20 23 30 24 24 39 38 23 27 25 24 11 26 14 27 38 37 21 16 35 29 20 27 28 31 33 28 28 11 29 20 26 33 18 30 40 21 23 14 38 36 26 32 21 19 37 23 11 12 16 30 12 38 34 39 31 19 33 27 24 22 25 21 33 15 26 37 34 30 12 14 35 16 23 27 17 25 17 21 31 34 23 26 13 26 17 40 23 20 29 28 21 11 36 33 32 24 27 35 29 22 15 25 16 25 32 17 24 26 37 33 33 32 31 20 20 25 38 16 22 35 24 12 16 12 25 13 23 36 34 34 32 24 17 40 31 27 22 25 38 24 16 21 36 22 28 24 33 32 39 20 40 35 28 13 32 13 15 18 23 33 38 29 13 24 25 16 22 28 20 39 18 38 14 37 39 35 21 35 13 21 40 14 38 27 33 31 22
19 9 22 27 8 2 10 26 11 8 18 20 30 9 8 1 20 29 2 2 17 2 17 2 6 17 24 13 8 2 5 22 15 24 21 1 8 23 23 29 24 18 10 27 26 11 27 17 12 12 2 3 5 18 15 29 23 5 2 22 4 28 5 15 11 22 18 4 25 3 8 7 6 24 21 2 4 15 22 21 25 21 24 26 16 21 6 9 29 17 3 22 1 18 30 6 11 7 4 20 12 14 10 24 14 19 16 9 15 22 28 28 10 13 20 14 14 29 28 13 17 15 14 1 16 4 17 28 27 11 6 25 19 10 17 18 21 23 18 18 1 19 10 16 23 8 20 30 11 13 4 28 26 16 22 11 9 27 13 1 2 6 20 2 28 24 29 21 9 23 17 14 12 15 11 23 5 16 27 24 20 2 4 25 6 13 17 7 15 7 11 21 24 13 16 3 16 7 30 13 10 19 18 11 1 26 23 22 14 17 25 19 12 5 15 6 15 22 7 14 16 27 23 23 22 21 10 10 15 28 6 12 25 14 2 6 2 15 3 13 26 24 24 22 14 7 30 21 17 12 15 28 14 6 11 26 12 18 14 23 22 29 10 30 25 18 3 22 3 5 8 13 23 28 19 3 14 15 6 12 18 10 29 8 28 4 27 29 25 11 25 3 11 30 4 28 17 23 21 12
1 11 3
13 254 169
1 5 6
213 52 92 243 60 28
1 6 4
248 227 275 163
1 6 6
299 249 58 44 197 292
1 8 5
97 23 142 146 242
1 12 3
162 209 96
1 6 6
141 16 173 253 161 47
1 15 2
88 181
1 11 5
273 43 34 123 240
1 13 4
110 109 82 69
1 8 5
8 0 86 217 1
1 17 3
222 94 174
1 8 5
170 116 99 281 91
1 10 3
269 46 195
1 26 2
255 3
1 12 4
205 50 241 207
1 15 2
37 270
1 10 5
280 226 17 80 158
1 9 6
228 258 45 56 261 183
1 9 5
196 48 107 246 278
1 11 2
112 212
1 7 6
62 104 160 247 105 165
1 11 3
89 277 22
1 24 2
201 147
1 5 6
238 19 32 5 159 139
1 13 4
136 263 73 154
1 7 6
59 137 4 239 156 29
1 7 5
70 220 225 90 230
1 15 3
26 206 271
1 14 2
72 297
1 13 4
145 98 267 198
1 7 5
31 27 296 129 130
1 4 6
231 187 216 21 95 42
1 21 2
157 124
1 19 2
20 79
1 7 6
143 291 184 36 12 237
1 7 6
234 67 286 126 113 283
1 8 5
18 257 288 236 244
1 16 3
122 167 221
1 21 2
290 10
1 10 5
84 264 115 57 117
1 11 3
150 155 2
1 21 2
108 128
1 6 5
294 101 194 133 176
1 7 6
9 223 266 135 74 218
1 9 5
232 138 114 285 235
1 8 5
148 190 121 279 7
1 25 2
260 127
1 7 6
250 78 40 265 272 65
1 10 5
210 153 259 15 164
1 12 3
179 185 215
1 9 4
106 191 202 276
1 17 3
151 140 175
1 8 6
66 134 224 41 120 118
1 9 6
24 293 132 144 295 85
1 8 4
172 208 51 298
1 10 2
245 119
1 13 4
81 282 38 33
1 8 5
75 149 262 256 284
1 9 6
14 287 61 192 125 54
1 10 4
268 233 39 219
1 9 3
171 77 182
1 19 2
168 55
1 12 3
199 103 204
1 14 4
30 102 251 111
1 4 6
25 35 64 100 87 76
1 25 2
68 83
1 18 3
178 71 229
1 13 3
11 93 274
1 10 3
186 189 214
1 10 4
200 63 289 131
1 18 3
180 152 166
1 6 5
6 49 252 177 193
1 9 4
203 188 53 211
