1000 277 1550 67
31 26 30 34 30 39 22 31 34 38 40 23 26 29 32 23 27 34 21 39 32 30 28 29 26 27 35 34 29 29 29 28 30 25 20 14 23 39 31 30 28 16 28 16 26 23 26 17 22 32 36 29 12 28 31 25 34 16 23 21 34 20 13 24 12 21 33 17 32 33 16 37 38 15 18 27 40 35 30 18 12 31 36 38 40 26 25 40 36 15 22 35 13 19 24 38 18 37 29 30 34 18 24 14 15 21 36 39 40 11 37 18 15 36 34 40 11 14 30 33 37 33 21 23 22 22 26 21 26 31 36 36 40 35 19 19 31 40 12 37 27 22 27 16 16 16 36 24 18 35 27 25 40 13 36 28 15 12 22 28 29 22 28 22 14 13 34 32 17 23 36 17 16 27 23 29 34 16 38 22 30 35 29 25 25 29 37 27 22 31 17 26 37 16 12 19 29 26 34 11 21 33 29 30 36 26 20 37 17 20 39 31 18 30 39 20 33 34 28 23 38 32 16 12 27 12 28 18 30 25 32 27 40 38 29 25 31 21 19 22 30 32 11 27 34 16 16 40 22 19 18 31 35 13 34 37 36 28 31 33 26 32 15 36 23 12 33 19 20 32 27 29 17 15 18 15 32 20 37 36 20 27 39 22 31 27 19 25 13 19 27 32 36 30 26 13 30 34 18 14 13 33 33 35 23 15 19 38 30 35 15 20 32 15 16 25 22 38 23 24 33 26 34 23 24 28 30 21 35 14 34 31 28 23 26 23 32 21 35 12 22 39 25 36 11 14 26 16 15 30 26 16 24 17 25 28 20 28 19 14 34 21 23 18 20 25 13 28 19 20 32 18 24 27 35 33 27 26 20 23 13 27 17 31 12 23 16 21 17 22 26 27 22 37 30 18 30 40 14 31 14 13 34 39 34 12 26 37 38 36 16 13 31 21 19 35 37 20 30 34 19 37 16 16 40 18 17 39 24 31 31 21 35 38 34 22 17 14 12 26 14 23 32 28 14 33 13 16 16 34 11 23 33 16 24 37 30 40 16 38 15 26 19 22 16 38 34 31 36 25 25 17 39 40 19 34 19 39 14 33 23 32 12 13 23 15 29 23 28 27 32 19 33 39 34 25 30 26 38 19 35 29 16 34 13 27 25 23 37 12 38 39 39 26 21 28 19 33 33 20 19 23 30 34 21 26 21 21 39 39 17 18 21 40 32 12 35 22 17 12 28 19 28 32 24 40 24 21 15 40 13 36 33 26 29 26 22 19 16 31 13 20 17 14 31 25 23 25 16 29 26 26 12 25 19 24 20 16 14 34 23 13 32 18 35 37 18 20 12 34 23 37 24 23 34 20 24 14 38 13 37 12 21 28 39 11 12 12 26 40 29 30 32 38 24 28 14 11 16 32 37 24 18 25 39 13 15 23 15 40 26 37 34 30 25 27 39 26 19 11 23 25 22 18 25 40 14 27 19 26 40 11 14 20 19 23 34 22 28 21 21 24 21 22 36 13 23 37 39 34 22 25 24 22 12 30 15 26 24 13 30 27 26 32 18 30 24 21 33 15 30 12 15 30 16 30 38 30 25 33 31 38 15 39 14 14 30 34 38 12 15 20 18 16 31 17 19 25 30 33 13 11 11 19 11 29 15 14 27 21 19 25 13 13 24 35 20 33 29 22 25 30 19 35 12 32 27 30 19 32 33 26 11 27 23 27 27 37 21 20 14 21 26 20 18 19 20 11 18 22 38 28 25 20 37 24 39 19 37 12 25 35 39 26 38 17 24 12 18 35 27 25 15 32 22 12 15 26 17 32 30 35 11 11 31 14 27 32 28 29 20 29 14 28 39 35 24 23 28 24 39 23 23 40 20 15 19 18 34 17 26 14 22 34 15 35 15 19 27 18 34 14 15 32 35 34 18 40 14 32 23 37 19 35 40 26 16 16 37 12 30 21 21 29 34 32 17 40 39 33 29 26 12 39 14 30 22 12 15 39 35 39 15 40 39 36 18 32 12 20 33 27 31 32 14 17 39 36 36 27 30 30 38 26 19 25 17 30 39 21 37 18 14 36 28 20 27 24 16 31 27 38 38 18 39 34 21 29 21 40 18 39 39 24 20 28 33 28 33 20 13 25 24 29 19 11 22 36 37 13 12 24 20 20 31 20 32 26 22 12 14 17 23 11 27 18 21 17 20 22 24 19 27 35 31 19 21 37 23 11 36 19 19 16 37 13 36 18 25 28 31 17 23 13 28 36 22 25 38 14
21 16 20 24 20 29 12 21 24 28 30 13 16 19 22 13 17 24 11 29 22 20 18 19 16 17 25 24 19 19 19 18 20 15 10 4 13 29 21 20 18 6 18 6 16 13 16 7 12 22 26 19 2 18 21 15 24 6 13 11 24 10 3 14 2 11 23 7 22 23 6 27 28 5 8 17 30 25 20 8 2 21 26 28 30 16 15 30 26 5 12 25 3 9 14 28 8 27 19 20 24 8 14 4 5 11 26 29 30 1 27 8 5 26 24 30 1 4 20 23 27 23 11 13 12 12 16 11 16 21 26 26 30 25 9 9 21 30 2 27 17 12 17 6 6 6 26 14 8 25 17 15 30 3 26 18 5 2 12 18 19 12 18 12 4 3 24 22 7 13 26 7 6 17 13 19 24 6 28 12 20 25 19 15 15 19 27 17 12 21 7 16 27 6 2 9 19 16 24 1 11 23 19 20 26 16 10 27 7 10 29 21 8 20 29 10 23 24 18 13 28 22 6 2 17 2 18 8 20 15 22 17 30 28 19 15 21 11 9 12 20 22 1 17 24 6 6 30 12 9 8 21 25 3 24 27 26 18 21 23 16 22 5 26 13 2 23 9 10 22 17 19 7 5 8 5 22 10 27 26 10 17 29 12 21 17 9 15 3 9 17 22 26 20 16 3 20 24 8 4 3 23 23 25 13 5 9 28 20 25 5 10 22 5 6 15 12 28 13 14 23 16 24 13 14 18 20 11 25 4 24 21 18 13 16 13 22 11 25 2 12 29 15 26 1 4 16 6 5 20 16 6 14 7 15 18 10 18 9 4 24 11 13 8 10 15 3 18 9 10 22 8 14 17 25 23 17 16 10 13 3 17 7 21 2 13 6 11 7 12 16 17 12 27 20 8 20 30 4 21 4 3 24 29 24 2 16 27 28 26 6 3 21 11 9 25 27 10 20 24 9 27 6 6 30 8 7 29 14 21 21 11 25 28 24 12 7 4 2 16 4 13 22 18 4 23 3 6 6 24 1 13 23 6 14 27 20 30 6 28 5 16 9 12 6 28 24 21 26 15 15 7 29 30 9 24 9 29 4 23 13 22 2 3 13 5 19 13 18 17 22 9 23 29 24 15 20 16 28 9 25 19 6 24 3 17 15 13 27 2 28 29 29 16 11 18 9 23 23 10 9 13 20 24 11 16 11 11 29 29 7 8 11 30 22 2 25 12 7 2 18 9 18 22 14 30 14 11 5 30 3 26 23 16 19 16 12 9 6 21 3 10 7 4 21 15 13 15 6 19 16 16 2 15 9 14 10 6 4 24 13 3 22 8 25 27 8 10 2 24 13 27 14 13 24 10 14 4 28 3 27 2 11 18 29 1 2 2 16 30 19 20 22 28 14 18 4 1 6 22 27 14 8 15 29 3 5 13 5 30 16 27 24 20 15 17 29 16 9 1 13 15 12 8 15 30 4 17 9 16 30 1 4 10 9 13 24 12 18 11 11 14 11 12 26 3 13 27 29 24 12 15 14 12 2 20 5 16 14 3 20 17 16 22 8 20 14 11 23 5 20 2 5 20 6 20 28 20 15 23 21 28 5 29 4 4 20 24 28 2 5 10 8 6 21 7 9 15 20 23 3 1 1 9 1 19 5 4 17 11 9 15 3 3 14 25 10 23 19 12 15 20 9 25 2 22 17 20 9 22 23 16 1 17 13 17 17 27 11 10 4 11 16 10 8 9 10 1 8 12 28 18 15 10 27 14 29 9 27 2 15 25 29 16 28 7 14 2 8 25 17 15 5 22 12 2 5 16 7 22 20 25 1 1 21 4 17 22 18 19 10 19 4 18 29 25 14 13 18 14 29 13 13 30 10 5 9 8 24 7 16 4 12 24 5 25 5 9 17 8 24 4 5 22 25 24 8 30 4 22 13 27 9 25 30 16 6 6 27 2 20 11 11 19 24 22 7 30 29 23 19 16 2 29 4 20 12 2 5 29 25 29 5 30 29 26 8 22 2 10 23 17 21 22 4 7 29 26 26 17 20 20 28 16 9 15 7 20 29 11 27 8 4 26 18 10 17 14 6 21 17 28 28 8 29 24 11 19 11 30 8 29 29 14 10 18 23 18 23 10 3 15 14 19 9 1 12 26 27 3 2 14 10 10 21 10 22 16 12 2 4 7 13 1 17 8 11 7 10 12 14 9 17 25 21 9 11 27 13 1 26 9 9 6 27 3 26 8 15 18 21 7 13 3 18 26 12 15 28 4
6 2 12
816 206 185 178 507 453 826 253 591 667 103 819
0 17 5
182 425 254 405 25
5 2 16
503 549 515 485 114 361 50 763 127 973 84 787 327 138 975 601
1 14 7
27 654 30 529 406 708 854
3 13 14
598 342 691 657 23 493 63 199 817 118 334 147 148 824
0 20 2
851 382
2 8 11
75 384 741 528 181 497 340 943 140 835 109
1 19 6
673 1 504 849 525 192
3 11 8
76 912 672 547 93 372 569 293
0 4 4
285 300 100 623
0 10 1
212
7 20 16
934 179 379 413 374 593 597 106 857 16 951 174 821 868 840 223
3 4 6
677 823 364 198 430 502
7 1 14
961 903 804 47 980 369 745 358 727 353 527 784 490 633
1 18 4
439 164 999 609
4 9 11
316 107 649 235 546 919 201 167 205 472 311
0 2 2
831 237
6 12 14
420 44 564 981 565 73 575 189 954 619 853 162 554 126
7 4 17
750 281 403 434 541 977 748 615 778 443 388 896 447 689 35 828 531
1 3 7
699 510 930 166 133 535 775
0 19 5
519 301 33 692 687
1 6 4
913 123 885 706
6 15 14
266 621 456 74 337 139 142 680 860 676 725 573 110 39
3 9 13
671 95 276 476 343 416 940 67 218 786 274 841 331
2 14 4
129 651 833 326
0 15 2
585 890
2 5 12
298 445 545 15 520 400 111 411 788 856 168 711
0 11 1
909
0 3 4
570 53 333 303
3 19 14
54 163 891 642 383 697 102 883 37 308 486 902 380 381
1 10 3
427 247 373
5 16 17
718 905 200 825 132 544 809 173 158 128 11 533 278 863 997 207 7
1 19 2
749 542
4 3 11
744 260 92 791 77 156 410 283 984 454 915
1 15 7
864 762 122 22 798 865 65
0 13 15
143 356 893 49 459 46 134 972 592 578 481 770 136 735 767
4 4 9
756 724 847 746 870 269 530 125 228
0 8 12
368 929 771 834 81 991 0 785 559 827 458 371
1 4 4
552 291 522 594
0 12 2
656 709
5 4 9
644 233 496 747 121 794 916 995 150
3 8 11
712 846 79 874 719 145 230 487 793 501 779
1 4 12
273 815 69 478 419 536 154 707 275 948 431 475
1 3 4
859 850 759 895
1 17 9
359 645 213 953 108 202 589 441 567
1 5 12
43 257 955 574 461 120 548 897 983 581 20 32
5 4 9
426 539 713 845 966 655 214 659 610
1 6 4
917 723 873 440
3 10 9
844 339 960 861 880 467 622 958 806
3 10 6
641 310 620 636 982 848
1 6 12
265 217 543 625 587 495 797 194 813 60 463 432
1 1 7
436 643 261 104 457 970 987
0 2 11
561 251 335 397 141 304 415 526 586 161 314
0 5 6
40 807 284 238 647 599
0 20 4
220 751 624 637
4 14 17
729 921 952 675 879 822 611 777 355 877 149 664 986 685 249 862 886
4 12 15
317 753 177 603 348 688 319 262 14 330 638 299 6 175 470
1 11 11
244 155 717 500 988 925 602 894 234 640 170
3 20 14
396 289 13 878 604 191 937 435 38 772 889 600 488 734
1 12 6
305 98 742 332 773 867
0 2 2
838 404
0 18 14
732 568 346 942 558 90 296 270 224 908 89 553 232 66
0 16 2
774 674
4 16 7
820 51 946 252 479 196 255
8 19 15
144 250 931 738 72 422 87 665 328 941 690 80 282 315 842
8 16 18
180 757 572 728 190 920 322 438 119 83 460 632 737 21 523 52 555 613
1 7 3
344 871 790
6 14 18
907 700 996 267 563 418 389 803 408 976 978 695 226 386 210 222 944 661
0 19 5
370 740 347 898 424
1 3 4
532 197 225 9
3 14 9
650 172 576 710 338 971 892 264 307
2 12 5
169 248 876 29 492
1 4 5
957 352 58 448 900
2 2 5
97 446 345 94 595
0 5 12
375 231 808 362 208 901 240 550 146 608 629 204
1 7 3
694 843 288
1 15 4
789 918 681 277
5 17 11
477 279 392 5 904 881 153 663 429 696 714
1 6 5
152 12 302 203 648
0 19 16
320 922 985 993 19 171 211 505 760 936 683 18 939 540 449 193
4 5 9
628 329 566 385 455 99 354 105 524
1 15 6
363 730 390 395 398 514
4 6 13
8 242 923 313 998 630 962 652 309 799 577 562 135
6 6 13
321 64 679 639 117 365 914 521 428 378 704 887 670
1 9 8
42 17 318 85 24 91 678 805
5 11 10
781 739 928 899 795 469 780 517 726 452
3 20 15
236 852 682 583 86 910 394 45 693 464 401 489 391 112 721
0 3 3
947 686 483
0 13 3
560 837 325
0 7 2
832 188
3 13 7
703 607 969 256 473 399 227
2 8 16
209 351 323 626 245 341 357 468 516 31 906 669 518 658 933 229
0 14 2
61 764
2 5 8
701 938 2 219 324 96 451 159
4 18 15
506 423 474 160 295 41 698 367 758 965 537 433 292 646 195
0 15 2
855 571
1 17 1
3
1 12 1
4
2 16 1
10
1 34 1
26
3 32 1
28
1 27 1
34
1 38 1
36
1 20 1
48
1 22 1
55
1 18 2
56 722
2 15 1
57
1 37 1
59
1 5 1
62
1 14 1
68
4 25 1
70
2 13 1
71
2 7 1
78
1 33 1
82
2 21 1
88
4 18 1
101
2 18 1
113
1 5 1
115
1 21 1
116
2 28 1
124
2 22 1
130
1 26 1
131
1 27 1
137
1 32 1
151
4 22 1
157
1 27 1
165
2 12 1
176
3 11 1
183
2 20 1
184
4 14 1
186
2 6 1
187
1 39 1
215
1 22 1
216
1 20 1
221
1 14 2
239 584
10 5 2
241 776
1 23 1
243
8 17 1
246
6 31 1
258
2 23 1
259
1 37 1
263
1 5 1
268
2 14 1
271
5 7 1
272
2 12 1
280
1 17 1
286
3 29 1
287
2 18 1
290
1 12 1
294
2 9 1
297
1 3 1
306
5 29 1
312
2 22 1
336
1 19 1
349
4 14 1
350
1 24 1
360
1 25 1
366
1 9 1
376
1 27 1
377
6 29 1
387
9 7 1
393
4 12 1
402
6 20 1
407
1 21 1
409
5 17 1
412
6 8 1
414
1 32 1
417
2 16 1
421
2 22 1
437
4 18 1
442
2 15 1
444
2 21 1
450
1 12 1
462
1 29 1
465
5 31 1
466
4 36 1
471
2 8 1
480
3 17 1
482
6 18 1
484
1 28 1
491
2 24 1
494
2 18 1
498
2 11 1
499
4 21 1
508
1 21 1
509
6 23 1
511
2 18 1
512
1 15 1
513
3 23 1
534
6 36 1
538
4 18 1
551
6 7 1
556
2 9 1
557
1 22 1
579
1 18 1
580
1 30 2
582 766
1 22 1
588
3 13 1
590
3 23 1
596
7 5 1
605
5 24 1
606
5 28 1
612
2 8 1
614
1 30 1
616
2 31 1
617
4 20 1
618
3 19 1
627
1 20 1
631
1 23 1
634
1 16 1
635
1 19 1
653
4 20 1
660
1 23 1
662
1 22 1
666
5 32 1
668
2 25 1
684
4 20 1
702
2 22 1
705
2 21 1
715
2 9 1
716
8 21 1
720
7 25 1
731
4 12 1
733
4 32 1
736
1 15 1
743
4 34 1
752
3 22 1
754
2 26 1
755
1 14 1
761
3 20 1
765
2 25 1
768
4 29 1
769
2 12 1
782
2 19 1
783
6 27 1
792
6 16 1
796
2 28 1
800
1 21 1
801
2 33 1
802
3 28 1
810
4 10 1
811
1 23 1
812
2 7 1
814
2 15 1
818
3 31 1
829
4 13 1
830
1 35 1
836
5 12 1
839
1 30 1
858
2 35 1
866
2 11 1
869
1 10 1
872
4 14 1
875
2 14 1
882
1 30 1
884
2 11 1
888
5 15 1
911
6 17 1
924
2 11 1
926
3 12 1
927
1 20 1
932
1 19 1
935
4 31 1
945
2 18 1
949
1 5 1
950
4 20 1
956
5 25 1
959
2 19 1
963
3 14 1
964
2 11 1
967
4 20 1
968
1 19 1
974
1 15 1
979
1 29 1
989
1 14 1
990
1 18 1
992
2 13 1
994
