300 126 465 2
35 14 28 18 22 28 21 37 24 35 23 19 26 28 38 28 23 13 19 17 27 40 17 34 31 24 13 34 23 30 14 22 39 12 14 29 15 27 24 28 19 25 40 24 39 20 31 25 29 11 31 14 36 11 30 37 15 29 30 14 34 21 24 40 21 13 17 17 27 13 24 20 30 18 23 30 39 31 30 19 17 16 16 19 19 31 30 31 38 26 15 22 15 18 26 16 25 15 35 17 38 15 18 18 19 33 37 30 27 16 30 18 16 34 34 31 40 30 32 12 29 21 24 13 22 17 32 38 39 15 33 38 38 13 20 18 15 37 26 14 20 37 31 27 11 35 27 13 27 30 32 39 21 27 21 18 17 26 28 11 18 36 23 27 28 38 40 35 11 12 28 16 16 31 30 27 29 21 27 29 32 33 36 14 30 28 26 24 25 23 20 15 23 39 29 17 23 11 17 13 28 25 18 21 29 31 16 29 13 18 25 16 40 20 11 26 40 22 24 35 24 37 35 35 38 31 21 29 18 26 18 22 22 31 16 25 37 28 39 31 40 37 35 19 24 15 32 28 37 31 26 30 29 40 12 26 31 29 18 15 29 11 14 28 25 28 30 38 22 23 28 26 37 23 12 35 11 33 35 31 32 18 36 27 27 18 30 35 15 12 19 27 33 18 39 20 22 21 14 21
25 4 18 8 12 18 11 27 14 25 13 9 16 18 28 18 13 3 9 7 17 30 7 24 21 14 3 24 13 20 4 12 29 2 4 19 5 17 14 18 9 15 30 14 29 10 21 15 19 1 21 4 26 1 20 27 5 19 20 4 24 11 14 30 11 3 7 7 17 3 14 10 20 8 13 20 29 21 20 9 7 6 6 9 9 21 20 21 28 16 5 12 5 8 16 6 15 5 25 7 28 5 8 8 9 23 27 20 17 6 20 8 6 24 24 21 30 20 22 2 19 11 14 3 12 7 22 28 29 5 23 28 28 3 10 8 5 27 16 4 10 27 21 17 1 25 17 3 17 20 22 29 11 17 11 8 7 16 18 1 8 26 13 17 18 28 30 25 1 2 18 6 6 21 20 17 19 11 17 19 22 23 26 4 20 18 16 14 15 13 10 5 13 29 19 7 13 1 7 3 18 15 8 11 19 21 6 19 3 8 15 6 30 10 1 16 30 12 14 25 14 27 25 25 28 21 11 19 8 16 8 12 12 21 6 15 27 18 29 21 30 27 25 9 14 5 22 18 27 21 16 20 19 30 2 16 21 19 8 5 19 1 4 18 15 18 20 28 12 13 18 16 27 13 2 25 1 23 25 21 22 8 26 17 17 8 20 25 5 2 9 17 23 8 29 10 12 11 4 11
1 13 4
34 224 192 20
0 10 5
258 139 39 208 105
1 7 5
233 37 126 97 62
2 18 3
6 223 187
1 5 4
11 171 286 150
0 20 2
88 230
1 20 2
215 270
2 13 4
263 156 155 167
2 12 4
46 114 23 220
1 15 2
27 183
0 9 2
115 36
1 9 5
185 75 4 276 1
0 15 2
110 125
2 19 3
2 207 134
1 6 3
177 172 274
1 5 3
197 245 264
1 6 2
144 265
4 2 6
181 153 131 272 81 130
1 1 2
283 275
1 3 2
162 96
1 12 3
64 203 26
1 11 2
218 173
0 2 3
175 92 231
0 20 2
135 71
1 2 3
151 41 297
1 17 3
117 31 53
0 10 1
216
1 8 2
292 85
1 10 6
280 228 16 267 120 248
1 8 4
209 44 102 127
0 6 3
138 104 259
3 20 5
43 288 287 103 237
0 4 5
48 257 285 89 129
1 15 3
107 15 137
1 16 3
262 146 101
2 2 4
124 52 295 77
0 1 1
229
0 8 3
174 188 152
2 2 5
79 100 17 253 213
1 16 2
299 14
2 17 5
116 21 142 95 238
0 5 2
98 206
3 19 6
122 261 168 54 291 189
1 20 3
78 68 269
1 4 2
154 234
0 18 4
296 294 141 63
2 14 4
266 70 118 247
0 19 1
58
0 16 3
86 252 49
0 9 2
50 254
0 1 3
179 205 28
0 20 3
239 186 74
2 17 3
244 147 210
2 15 5
293 8 35 278 40
0 6 3
178 29 7
1 18 2
290 190
0 18 1
84
1 13 3
18 140 133
2 10 4
82 226 268 10
0 19 5
249 211 108 73 163
1 9 5
30 279 195 149 227
0 7 3
221 166 3
1 14 5
65 169 170 33 200
1 10 4
145 67 22 284
1 6 2
298 201
0 14 3
60 32 12
1 1 2
93 246
1 2 4
148 217 251 66
1 19 3
57 241 24
0 3 1
204
1 7 3
109 42 80
2 14 6
143 0 128 19 94 180
0 15 3
182 256 132
2 11 5
196 235 199 9 225
1 15 5
289 193 47 214 236
1 5 4
212 55 232 69
1 25 1
5
1 25 1
13
2 22 1
25
1 14 1
38
1 26 1
45
2 39 1
51
1 10 1
56
2 22 1
59
1 19 1
61
1 33 1
72
1 19 1
76
2 18 1
83
1 18 1
87
1 23 1
90
1 3 1
91
1 13 1
99
2 8 1
106
1 17 1
111
1 21 1
112
2 23 1
113
2 12 1
119
1 22 1
121
2 7 1
123
1 16 1
136
1 23 1
157
1 9 1
158
2 30 1
159
2 27 1
160
2 8 1
161
1 34 1
164
2 23 1
165
1 27 1
176
1 24 1
184
2 9 1
191
1 13 1
194
1 15 1
198
1 8 1
202
3 24 1
219
2 23 1
222
2 14 1
240
1 16 1
242
1 23 1
243
1 29 1
250
1 11 1
255
1 28 1
260
2 18 1
271
2 20 1
273
2 9 1
277
1 22 1
281
1 11 1
282
