700 224 1085 47
22 19 38 16 27 37 15 32 14 11 20 40 11 20 20 39 23 21 33 32 13 26 29 13 35 16 23 40 23 38 32 34 28 17 20 14 15 22 37 28 17 32 21 16 23 39 28 32 20 17 30 24 32 40 33 39 16 37 20 14 19 24 21 21 40 13 15 21 12 37 19 14 36 30 35 33 18 20 31 13 17 38 35 27 22 35 12 33 26 38 37 15 33 40 14 28 33 31 26 40 28 31 17 27 39 28 39 23 33 40 33 25 17 13 26 28 21 39 37 16 13 36 12 16 12 30 28 33 21 19 17 26 17 36 21 20 31 16 31 13 36 24 17 32 40 27 40 31 29 38 15 26 27 29 33 37 15 22 24 39 33 35 28 21 29 35 23 27 21 37 30 19 28 30 37 15 33 29 30 38 20 19 22 40 30 11 25 36 12 16 33 17 37 27 37 12 35 24 33 11 37 29 36 17 33 21 22 39 37 30 30 14 28 14 18 26 31 36 30 21 12 14 11 20 32 31 36 33 11 33 33 24 38 36 24 14 17 35 16 35 26 27 20 20 17 37 12 12 31 14 26 39 21 36 19 36 15 15 38 32 33 30 18 39 11 13 21 38 31 13 26 17 39 15 18 33 35 20 39 18 11 26 21 20 17 31 24 36 19 38 27 39 25 23 29 30 16 14 12 33 33 40 25 36 27 22 33 30 11 23 37 28 32 31 19 33 26 23 34 30 38 24 35 28 28 12 37 38 15 34 13 20 13 17 22 25 15 25 24 23 39 37 37 29 32 21 14 13 14 17 33 34 26 27 18 17 37 23 26 12 24 31 36 27 22 31 37 11 33 31 34 26 28 25 25 11 25 15 16 16 18 32 28 31 27 30 29 40 15 26 12 18 19 25 34 16 18 26 11 16 24 20 33 20 26 32 35 36 30 40 12 12 24 27 12 23 27 22 29 26 20 38 29 40 31 24 14 20 35 14 13 36 19 19 28 38 40 32 39 20 39 22 25 22 36 34 16 39 29 23 22 26 18 15 39 21 16 30 35 23 32 26 40 33 25 20 33 19 35 19 15 40 39 38 30 12 18 40 24 25 32 29 26 25 30 34 21 26 23 20 14 27 32 21 17 13 32 21 18 22 19 40 12 34 35 37 35 38 37 16 17 16 29 32 23 15 27 20 37 39 32 35 34 12 31 26 24 40 35 17 14 13 29 21 39 19 34 23 36 22 14 34 20 26 39 26 36 28 37 11 37 39 38 15 32 39 11 29 33 39 26 14 12 15 25 22 14 24 18 39 13 15 35 31 40 30 35 25 38 16 25 20 14 36 36 14 30 25 25 39 40 16 32 26 18 23 18 38 13 32 24 40 18 14 16 40 19 39 33 40 25 20 25 13 22 28 37 29 35 13 13 25 17 17 11 20 37 19 36 26 26 20 24 11 31 40 29 29 27 38 26 16 31 20 21 31 17 29 19 18 31 33 11 20 31 40 13 40 22 35 11 11 38 31 40 17 14 36 11 31 20 17 40 11 11 38 16 23 16 22 34 33 19 26 21 37 31 38 29 18 31 12 13 11 28 25 13 27 23 17
12 9 28 6 17 27 5 22 4 1 10 30 1 10 10 29 13 11 23 22 3 16 19 3 25 6 13 30 13 28 22 24 18 7 10 4 5 12 27 18 7 22 11 6 13 29 18 22 10 7 20 14 22 30 23 29 6 27 10 4 9 14 11 11 30 3 5 11 2 27 9 4 26 20 25 23 8 10 21 3 7 28 25 17 12 25 2 23 16 28 27 5 23 30 4 18 23 21 16 30 18 21 7 17 29 18 29 13 23 30 23 15 7 3 16 18 11 29 27 6 3 26 2 6 2 20 18 23 11 9 7 16 7 26 11 10 21 6 21 3 26 14 7 22 30 17 30 21 19 28 5 16 17 19 23 27 5 12 14 29 23 25 18 11 19 25 13 17 11 27 20 9 18 20 27 5 23 19 20 28 10 9 12 30 20 1 15 26 2 6 23 7 27 17 27 2 25 14 23 1 27 19 26 7 23 11 12 29 27 20 20 4 18 4 8 16 21 26 20 11 2 4 1 10 22 21 26 23 1 23 23 14 28 26 14 4 7 25 6 25 16 17 10 10 7 27 2 2 21 4 16 29 11 26 9 26 5 5 28 22 23 20 8 29 1 3 11 28 21 3 16 7 29 5 8 23 25 10 29 8 1 16 11 10 7 21 14 26 9 28 17 29 15 13 19 20 6 4 2 23 23 30 15 26 17 12 23 20 1 13 27 18 22 21 9 23 16 13 24 20 28 14 25 18 18 2 27 28 5 24 3 10 3 7 12 15 5 15 14 13 29 27 27 19 22 11 4 3 4 7 23 24 16 17 8 7 27 13 16 2 14 21 26 17 12 21 27 1 23 21 24 16 18 15 15 1 15 5 6 6 8 22 18 21 17 20 19 30 5 16 2 8 9 15 24 6 8 16 1 6 14 10 23 10 16 22 25 26 20 30 2 2 14 17 2 13 17 12 19 16 10 28 19 30 21 14 4 10 25 4 3 26 9 9 18 28 30 22 29 10 29 12 15 12 26 24 6 29 19 13 12 16 8 5 29 11 6 20 25 13 22 16 30 23 15 10 23 9 25 9 5 30 29 28 20 2 8 30 14 15 22 19 16 15 20 24 11 16 13 10 4 17 22 11 7 3 22 11 8 12 9 30 2 24 25 27 25 28 27 6 7 6 19 22 13 5 17 10 27 29 22 25 24 2 21 16 14 30 25 7 4 3 19 11 29 9 24 13 26 12 4 24 10 16 29 16 26 18 27 1 27 29 28 5 22 29 1 19 23 29 16 4 2 5 15 12 4 14 8 29 3 5 25 21 30 20 25 15 28 6 15 10 4 26 26 4 20 15 15 29 30 6 22 16 8 13 8 28 3 22 14 30 8 4 6 30 9 29 23 30 15 10 15 3 12 18 27 19 25 3 3 15 7 7 1 10 27 9 26 16 16 10 14 1 21 30 19 19 17 28 16 6 21 10 11 21 7 19 9 8 21 23 1 10 21 30 3 30 12 25 1 1 28 21 30 7 4 26 1 21 10 7 30 1 1 28 6 13 6 12 24 23 9 16 11 27 21 28 19 8 21 2 3 1 18 15 3 17 13 7
1 8 4
369 401 158 519
1 1 4
600 643 201 443
1 19 2
364 358
2 13 6
196 144 137 37 492 685
1 11 13
246 514 255 10 222 340 615 68 176 408 563 0 113
1 2 3
413 279 119
2 10 9
532 193 632 651 208 633 339 1 198
0 9 4
31 53 180 102
1 6 7
481 138 156 121 554 372 686
3 15 6
507 321 120 207 461 366
0 20 8
254 472 28 38 522 116 234 450
2 1 10
674 663 693 327 646 431 35 209 478 67
0 8 9
518 678 314 245 248 114 185 90 411
2 17 10
130 611 84 683 561 418 197 417 385 151
2 20 9
143 624 43 328 380 150 635 699 260
2 17 5
64 12 598 227 597
2 16 10
9 604 300 373 225 55 589 355 250 92
2 4 10
416 347 403 172 228 63 690 191 414 152
0 18 2
427 392
0 1 2
239 281
3 8 9
57 639 494 164 470 537 530 573 471
3 17 10
160 319 393 344 553 118 349 216 253 23
1 14 5
379 642 512 585 177
0 6 13
509 462 550 429 616 331 236 99 290 487 412 647 243
2 1 7
629 580 329 149 74 175 251
0 18 1
623
1 3 3
687 269 657
1 17 5
308 559 560 426 186
1 7 5
496 283 491 322 622
2 15 8
29 395 79 555 206 602 30 112
0 7 3
106 459 593
0 7 1
24
0 8 2
469 32
1 12 7
614 500 455 47 406 382 511
1 10 3
272 659 688
1 20 5
7 451 54 360 89
0 10 9
606 482 146 271 303 277 410 613 390
2 16 10
628 428 362 288 468 195 5 525 98 656
2 15 5
473 637 155 648 441
0 3 5
51 276 636 104 200
0 7 5
694 17 80 536 265
3 14 9
249 211 655 499 584 284 664 595 82
0 5 3
81 136 302
0 11 1
551
2 14 6
41 449 318 391 33 354
1 9 3
305 61 502
4 6 6
452 374 237 60 453 517
0 16 4
437 187 634 223
0 16 9
123 311 596 567 556 456 46 396 127
0 1 3
337 377 122
5 16 11
608 199 361 307 446 166 247 105 434 145 108
3 9 8
506 571 238 154 34 167 523 404
0 7 1
267
0 4 10
477 359 570 274 93 626 641 587 582 301
0 4 2
2 343
0 15 2
132 285
3 16 6
76 526 342 588 141 202
1 13 3
348 16 287
3 3 6
212 357 275 652 194 476
4 4 9
178 49 326 378 552 312 298 224 296
3 10 9
91 444 394 256 475 539 21 546 612
0 14 7
627 454 549 323 215 330 70
5 18 12
370 540 605 291 697 289 235 244 174 466 381 73
1 16 4
261 240 684 565
7 15 12
529 159 467 485 266 213 310 351 564 139 691 483
1 8 2
692 599
1 19 7
479 368 400 309 45 376 607
4 18 8
625 295 263 501 278 488 56 270
3 14 10
420 232 508 181 169 325 86 48 533 18
2 14 12
662 419 504 26 489 673 668 189 317 313 666 95
1 3 9
670 672 350 115 590 75 165 667 353
4 12 9
153 229 66 486 19 333 574 117 59
6 19 11
103 22 528 40 542 69 610 72 384 257 336
6 7 11
534 231 676 131 3 203 13 682 124 4 680
5 1 10
147 577 621 618 233 184 148 315 465 581
4 8 11
280 338 221 97 569 566 562 440 576 424 645
2 11 9
52 324 524 661 594 439 638 11 188
3 10 9
541 644 696 520 161 341 677 129 214
1 2 3
42 210 631
0 7 2
579 407
0 10 4
388 498 125 591
0 6 1
671
4 8 8
583 545 14 548 332 192 675 578
0 17 2
134 133
0 2 8
389 78 669 268 157 513 386 568
2 4 6
460 620 445 241 142 217
0 10 2
515 182
0 5 2
352 190
0 5 7
135 163 44 85 397 495 609
0 5 1
109
4 22 2
6 264
4 23 1
8
2 21 1
15
2 34 1
20
1 12 1
25
1 27 1
27
1 18 1
36
1 26 1
39
2 19 1
50
5 28 1
58
1 6 1
62
3 17 1
65
1 8 1
71
1 6 1
77
2 13 1
83
1 21 1
87
1 13 1
88
1 11 1
94
1 5 1
96
1 26 1
100
1 13 2
101 658
1 14 1
107
1 12 1
110
1 28 1
111
1 34 1
126
6 16 1
128
1 30 1
140
4 19 1
162
1 27 1
168
2 20 1
170
1 24 1
171
3 16 1
173
1 30 1
179
1 6 1
183
2 23 1
204
2 34 1
205
3 10 1
218
6 24 1
219
1 19 1
220
3 25 1
226
1 11 1
230
3 29 1
242
3 36 1
252
1 13 1
258
3 30 1
259
3 16 1
262
1 35 1
273
2 36 1
282
1 25 1
286
1 21 1
292
1 14 1
293
1 27 1
294
2 36 1
297
3 36 1
299
4 31 1
304
8 23 1
306
2 16 1
316
3 28 1
320
2 27 1
334
1 22 1
335
1 13 1
345
1 21 1
346
3 19 1
356
3 13 1
363
1 14 1
365
1 10 1
367
1 19 1
371
8 35 1
375
1 23 1
383
5 30 1
387
1 35 1
398
1 33 1
399
1 16 1
402
1 20 1
405
2 24 1
409
2 22 1
415
2 19 1
421
2 7 1
422
1 22 1
423
1 20 1
425
3 33 1
430
1 10 1
432
1 12 1
433
1 28 1
435
1 19 1
436
2 29 1
438
3 17 1
442
7 27 1
447
1 26 1
448
1 9 1
457
3 9 1
458
3 20 1
463
1 19 1
464
1 11 1
474
1 21 1
480
1 37 1
484
1 36 1
490
2 19 1
493
1 34 1
497
1 26 1
503
6 22 1
505
1 18 1
510
1 37 1
516
2 8 1
521
1 13 1
527
1 24 1
531
1 34 1
535
6 31 1
538
2 21 1
543
1 20 1
544
5 30 1
547
1 22 1
557
2 18 1
558
1 28 1
572
1 38 1
575
5 23 1
586
1 19 1
592
1 19 1
601
1 35 1
603
2 17 1
617
3 36 1
619
3 16 1
630
1 20 1
640
1 15 1
649
1 34 1
650
2 28 1
653
1 8 1
654
4 14 1
660
3 28 1
665
7 19 1
679
1 21 1
681
4 21 1
689
1 18 1
695
1 14 1
698
