300 137 465 20
25 39 34 33 15 23 23 11 27 26 38 11 29 35 12 24 17 40 29 25 18 25 24 23 12 14 23 15 17 14 16 38 21 17 14 21 26 28 25 32 33 22 27 32 27 21 20 36 40 34 27 25 22 11 27 20 36 13 31 19 28 31 31 13 27 33 17 27 37 34 20 25 21 33 24 36 38 20 24 24 32 15 17 17 22 38 19 31 16 13 20 34 19 33 34 29 36 22 19 37 28 26 28 31 35 25 31 31 30 29 37 16 25 40 36 36 12 40 35 40 20 28 37 13 34 19 26 12 37 28 27 40 32 21 40 37 29 39 32 17 13 20 37 18 17 33 32 19 17 20 32 38 34 19 28 32 39 26 12 35 30 31 12 35 20 23 23 31 26 32 38 33 21 23 32 11 34 15 28 40 21 24 12 11 21 23 18 17 26 22 25 15 24 25 17 23 21 28 27 19 19 27 25 19 19 36 31 33 17 13 29 29 17 39 23 34 24 27 18 25 27 11 30 12 26 26 39 40 24 23 33 20 20 17 29 35 14 11 30 34 18 17 18 21 22 19 40 20 20 24 33 31 30 31 19 33 39 30 35 32 12 18 37 36 30 14 39 12 11 33 29 27 12 34 18 18 37 18 14 17 36 40 15 25 28 40 17 40 12 12 36 12 32 13 13 27 34 31 37 15
15 29 24 23 5 13 13 1 17 16 28 1 19 25 2 14 7 30 19 15 8 15 14 13 2 4 13 5 7 4 6 28 11 7 4 11 16 18 15 22 23 12 17 22 17 11 10 26 30 24 17 15 12 1 17 10 26 3 21 9 18 21 21 3 17 23 7 17 27 24 10 15 11 23 14 26 28 10 14 14 22 5 7 7 12 28 9 21 6 3 10 24 9 23 24 19 26 12 9 27 18 16 18 21 25 15 21 21 20 19 27 6 15 30 26 26 2 30 25 30 10 18 27 3 24 9 16 2 27 18 17 30 22 11 30 27 19 29 22 7 3 10 27 8 7 23 22 9 7 10 22 28 24 9 18 22 29 16 2 25 20 21 2 25 10 13 13 21 16 22 28 23 11 13 22 1 24 5 18 30 11 14 2 1 11 13 8 7 16 12 15 5 14 15 7 13 11 18 17 9 9 17 15 9 9 26 21 23 7 3 19 19 7 29 13 24 14 17 8 15 17 1 20 2 16 16 29 30 14 13 23 10 10 7 19 25 4 1 20 24 8 7 8 11 12 9 30 10 10 14 23 21 20 21 9 23 29 20 25 22 2 8 27 26 20 4 29 2 1 23 19 17 2 24 8 8 27 8 4 7 26 30 5 15 18 30 7 30 2 2 26 2 22 3 3 17 24 21 27 5
1 20 2
146 23
2 4 4
210 35 224 82
0 2 1
25
2 1 3
183 55 251
2 11 5
159 93 58 81 141
1 19 4
44 285 289 270
1 2 4
76 118 30 212
0 8 4
203 33 176 217
2 8 6
46 259 139 188 179 11
0 17 2
14 0
0 15 1
265
1 2 4
298 174 19 155
0 10 2
66 197
0 10 1
142
0 14 3
192 15 253
0 10 5
134 52 144 230 138
1 12 4
209 222 271 263
0 14 3
173 160 63
0 18 2
96 5
1 1 2
190 284
1 10 2
133 126
0 5 1
48
0 4 1
225
0 1 5
226 199 12 74 70
1 7 2
89 28
0 2 4
121 260 182 252
1 2 3
34 20 269
0 5 2
264 2
0 4 2
115 24
0 18 4
276 281 114 207
0 15 2
27 194
1 5 4
294 237 131 116
1 17 3
266 104 187
1 12 2
42 123
0 6 3
268 258 21
2 19 3
117 177 103
0 17 2
61 296
0 14 1
257
1 13 4
157 218 231 108
0 18 2
122 39
1 15 3
75 78 68
1 7 3
62 232 178
0 10 4
80 64 170 171
0 15 5
109 56 100 37 67
1 20 4
40 106 273 18
1 20 3
286 277 248
0 11 2
256 152
0 2 4
145 164 7 162
2 20 6
105 13 236 10 8 136
0 17 3
16 280 166
1 8 4
6 238 4 208
0 15 5
111 186 120 84 29
1 14 2
130 92
0 5 4
119 87 60 205
2 15 6
151 79 234 38 3 261
2 4 5
249 267 86 50 196
2 16 5
43 47 153 240 69
2 9 4
184 241 99 204
0 10 1
250
0 10 2
53 185
2 11 6
73 26 279 107 147 274
1 1 2
163 211
0 20 1
129
0 6 5
244 148 97 32 278
1 15 3
167 36 132
1 18 3
71 255 95
1 15 4
41 98 221 290
1 18 2
45 214
0 17 3
31 137 54
0 18 3
229 172 57
0 1 5
287 149 112 242 220
0 5 3
154 77 156
1 14 3
247 191 124
1 12 4
206 135 262 17
1 33 1
1
1 27 1
9
1 33 1
22
1 19 1
49
2 21 1
51
2 27 1
59
3 25 1
65
1 10 1
72
1 33 1
83
1 32 1
85
1 15 1
88
1 16 1
90
1 17 1
91
1 25 1
94
1 23 1
101
3 39 1
102
1 24 1
110
1 12 1
113
1 28 1
125
1 34 1
127
1 29 1
128
1 20 1
140
1 14 1
143
1 31 1
150
1 28 1
158
1 14 1
161
1 40 1
165
1 15 1
168
1 17 1
169
1 25 1
175
1 6 1
180
1 30 1
181
2 22 1
189
1 12 1
193
1 30 1
195
1 19 1
198
1 14 1
200
1 22 1
201
1 32 2
202 227
1 18 1
213
1 12 1
215
1 22 1
216
2 22 1
219
1 9 1
223
1 34 1
228
1 33 1
233
1 32 1
235
1 20 1
239
2 11 1
243
2 4 1
245
1 29 1
246
1 10 1
254
2 12 1
272
1 20 1
275
1 20 1
282
1 15 1
283
2 35 1
288
1 23 1
291
1 6 1
292
1 28 1
293
1 33 1
295
3 27 1
297
1 10 1
299
