500 186 775 33
17 34 32 21 16 18 13 38 40 27 13 13 37 17 16 36 37 17 32 36 13 12 19 30 32 35 35 32 35 23 40 20 20 37 16 17 31 32 37 14 26 38 27 19 34 32 23 23 23 33 22 14 17 29 33 35 34 29 12 28 15 18 30 32 16 29 32 18 40 34 23 17 28 24 20 31 36 34 20 25 11 37 34 32 29 22 11 31 28 30 25 29 40 14 24 27 16 11 31 29 28 13 32 13 19 13 29 13 31 17 17 34 38 40 11 15 21 27 35 35 34 12 38 12 35 33 21 35 22 24 32 22 21 16 36 20 40 29 35 31 39 28 36 27 16 15 30 21 19 15 28 12 19 11 29 21 26 28 24 14 16 24 40 35 11 34 11 16 24 25 25 37 13 39 22 38 38 39 35 23 31 15 18 36 23 21 28 16 21 38 19 22 32 30 24 18 26 15 36 40 24 34 27 25 23 33 13 23 20 21 39 36 21 22 16 25 18 18 37 13 40 27 22 16 24 37 39 30 33 17 36 16 25 19 23 39 18 27 17 29 37 18 25 37 26 40 28 21 39 20 30 39 20 38 33 31 19 27 29 31 39 20 26 35 34 11 22 39 28 20 14 18 16 32 38 17 40 38 35 16 15 36 32 18 16 28 30 20 14 36 24 12 34 25 14 25 31 39 37 21 36 25 32 29 15 33 28 17 17 38 18 19 12 22 15 36 28 40 22 25 36 29 33 22 35 11 16 25 32 13 20 40 18 23 39 18 32 36 11 36 40 36 15 21 35 23 29 27 38 26 23 39 16 36 35 40 19 24 32 30 33 35 29 27 21 17 11 22 15 26 31 28 27 28 35 40 25 13 25 15 25 37 36 32 22 16 28 23 12 29 21 24 21 21 26 29 30 27 29 11 22 36 35 37 20 32 24 18 38 27 24 28 13 27 13 35 29 20 23 38 34 33 11 17 28 32 32 28 22 25 15 38 20 21 22 17 18 25 15 27 18 38 36 18 31 38 15 31 11 34 35 16 17 39 32 32 29 32 38 28 30 21 12 19 36 36 19 19 38 14 25 25 38 35 14 24 29 14 31 27 34 18 23 28 16 16 24 40 17 13 16 22 25 14 34 27 14 24 36 26
7 24 22 11 6 8 3 28 30 17 3 3 27 7 6 26 27 7 22 26 3 2 9 20 22 25 25 22 25 13 30 10 10 27 6 7 21 22 27 4 16 28 17 9 24 22 13 13 13 23 12 4 7 19 23 25 24 19 2 18 5 8 20 22 6 19 22 8 30 24 13 7 18 14 10 21 26 24 10 15 1 27 24 22 19 12 1 21 18 20 15 19 30 4 14 17 6 1 21 19 18 3 22 3 9 3 19 3 21 7 7 24 28 30 1 5 11 17 25 25 24 2 28 2 25 23 11 25 12 14 22 12 11 6 26 10 30 19 25 21 29 18 26 17 6 5 20 11 9 5 18 2 9 1 19 11 16 18 14 4 6 14 30 25 1 24 1 6 14 15 15 27 3 29 12 28 28 29 25 13 21 5 8 26 13 11 18 6 11 28 9 12 22 20 14 8 16 5 26 30 14 24 17 15 13 23 3 13 10 11 29 26 11 12 6 15 8 8 27 3 30 17 12 6 14 27 29 20 23 7 26 6 15 9 13 29 8 17 7 19 27 8 15 27 16 30 18 11 29 10 20 29 10 28 23 21 9 17 19 21 29 10 16 25 24 1 12 29 18 10 4 8 6 22 28 7 30 28 25 6 5 26 22 8 6 18 20 10 4 26 14 2 24 15 4 15 21 29 27 11 26 15 22 19 5 23 18 7 7 28 8 9 2 12 5 26 18 30 12 15 26 19 23 12 25 1 6 15 22 3 10 30 8 13 29 8 22 26 1 26 30 26 5 11 25 13 19 17 28 16 13 29 6 26 25 30 9 14 22 20 23 25 19 17 11 7 1 12 5 16 21 18 17 18 25 30 15 3 15 5 15 27 26 22 12 6 18 13 2 19 11 14 11 11 16 19 20 17 19 1 12 26 25 27 10 22 14 8 28 17 14 18 3 17 3 25 19 10 13 28 24 23 1 7 18 22 22 18 12 15 5 28 10 11 12 7 8 15 5 17 8 28 26 8 21 28 5 21 1 24 25 6 7 29 22 22 19 22 28 18 20 11 2 9 26 26 9 9 28 4 15 15 28 25 4 14 19 4 21 17 24 8 13 18 6 6 14 30 7 3 6 12 15 4 24 17 4 14 26 16
1 19 3
336 41 263
1 1 9
473 35 252 88 422 140 155 239 460
0 11 5
467 145 458 428 217
3 3 6
406 130 182 74 160 465
1 7 4
223 489 431 43
2 18 6
127 389 209 3 210 301
2 13 7
256 261 169 99 338 464 329
1 9 4
271 14 308 323
2 15 6
40 395 164 416 328 251
1 5 3
229 314 53
2 15 3
477 466 39
1 5 5
498 369 356 178 341
1 17 3
346 110 494
3 12 6
451 364 25 146 120 205
0 14 7
21 49 29 410 194 353 27
1 5 5
273 363 30 462 259
1 7 5
483 435 352 484 265
0 10 4
445 295 297 388
4 11 9
148 398 78 225 226 156 438 7 405
1 2 4
124 105 450 350
3 16 7
306 118 159 285 114 165 309
0 8 2
2 181
2 4 7
423 212 482 228 382 280 397
1 13 4
427 176 4 106
0 18 5
365 282 199 9 79
0 10 2
481 63
4 11 9
55 64 93 81 13 230 232 200 376
3 10 6
8 116 479 430 372 294
1 1 7
133 407 191 65 151 170 87
1 5 4
404 266 443 222
0 9 1
317
0 12 3
51 67 152
1 18 2
61 142
0 11 1
366
1 9 2
36 447
1 14 5
44 16 383 135 357
2 19 4
85 198 237 1
1 16 3
46 276 48
0 2 5
113 335 461 47 318
0 15 2
123 414
1 5 5
242 330 300 128 70
0 11 4
432 310 444 289
2 10 4
411 487 241 82
1 6 5
399 319 186 139 354
2 11 7
471 28 246 262 173 115 452
3 20 8
204 157 75 260 459 15 161 316
1 9 3
288 219 417
0 16 6
184 368 211 283 137 333
3 4 6
253 379 101 343 103 394
0 18 5
307 5 167 381 371
1 9 4
11 400 138 373
2 8 6
374 221 278 102 296 189
0 10 3
287 348 94
1 10 6
497 274 31 360 387 331
0 2 1
34
1 15 2
255 166
2 19 4
20 486 57 24
0 14 6
434 349 496 270 420 390
2 5 4
83 367 275 491
0 4 1
69
1 11 2
91 107
1 15 3
476 104 286
0 9 3
77 147 238
1 17 4
408 320 393 292
3 20 8
412 149 268 332 196 245 42 22
1 10 9
143 54 121 269 358 19 326 109 163
3 17 5
313 158 172 233 0
3 17 8
179 32 192 90 403 345 337 224
0 9 2
492 95
3 6 7
415 37 177 92 66 378 218
3 3 6
153 126 277 298 33 247
0 17 9
122 244 185 180 293 249 361 100 84
0 2 2
339 119
0 6 2
437 136
0 16 5
302 187 442 125 220
0 10 1
80
0 6 5
453 267 377 284 449
4 11 7
71 375 472 385 50 134 132
1 11 2
243 10
1 8 4
439 86 495 231
0 1 4
171 392 305 478
0 1 1
391
3 2 6
351 480 254 203 322 469
0 13 4
206 23 386 340
1 4 4
117 488 72 279
3 18 7
175 441 485 58 454 490 112
2 19 4
344 315 402 193
1 10 1
6
1 26 1
12
1 14 1
17
1 19 1
18
1 20 1
26
4 24 1
38
2 20 1
45
1 23 2
52 207
3 16 1
56
1 13 1
59
1 11 1
60
1 12 1
62
1 31 1
68
1 15 1
73
1 20 1
76
1 35 1
89
2 12 1
96
5 6 1
97
1 27 1
98
1 35 1
108
4 17 1
111
3 21 1
129
1 9 1
131
3 17 1
141
4 19 1
144
1 30 1
150
1 22 1
154
1 26 1
162
1 17 1
168
1 19 1
174
1 20 1
183
1 18 1
188
2 16 1
190
2 16 1
195
1 20 1
197
1 29 1
201
1 31 1
202
1 31 1
208
1 22 1
213
1 18 1
214
4 30 1
215
3 22 1
216
1 28 1
227
2 16 1
234
3 13 1
235
1 35 1
236
1 23 1
240
2 27 1
248
2 21 1
250
1 9 1
257
3 18 1
258
1 20 1
264
1 16 1
272
3 14 1
281
1 27 2
290 475
1 22 1
291
4 22 1
299
1 14 1
303
1 29 1
304
4 22 1
311
1 15 1
312
1 13 1
321
2 9 1
324
1 24 1
325
3 17 1
327
3 24 1
334
1 31 1
342
4 27 1
347
1 27 1
355
1 12 1
359
1 10 1
362
5 9 1
370
2 14 1
380
4 28 1
384
1 11 1
396
2 28 1
401
2 21 1
409
1 30 1
413
2 18 1
418
1 29 1
419
4 34 1
421
3 25 1
424
1 11 1
425
1 38 1
426
3 11 1
429
1 21 1
433
4 22 1
436
2 21 1
440
1 26 1
446
1 11 1
448
1 26 1
455
3 30 1
456
4 14 1
457
1 27 1
463
3 23 1
468
2 11 1
470
2 15 1
474
1 37 1
493
1 24 1
499
