500 174 775 33
21 33 24 30 13 23 36 20 19 24 35 30 12 11 40 23 40 29 18 24 16 13 32 11 24 39 31 13 22 39 16 11 22 24 15 26 16 26 18 34 14 27 36 35 29 38 38 15 33 19 29 20 19 29 30 13 19 34 20 23 29 33 36 16 24 23 34 12 39 40 38 31 39 11 13 29 38 20 15 39 18 30 28 33 29 25 12 27 22 28 29 11 15 13 38 33 34 33 34 29 12 25 29 31 34 24 28 12 15 27 18 22 22 29 29 16 26 25 26 18 37 35 38 25 23 26 36 22 27 35 15 24 16 34 17 12 20 24 24 14 32 30 39 12 15 13 13 34 28 13 20 24 13 35 26 38 26 32 36 28 33 39 34 15 17 30 24 14 39 36 30 28 27 29 22 36 13 17 24 38 16 19 36 38 40 27 35 28 27 34 14 22 27 26 32 21 28 39 19 32 19 33 15 30 37 30 36 30 34 29 30 33 29 11 17 15 31 39 30 31 14 38 15 36 20 14 25 19 37 31 18 38 37 11 26 32 33 29 38 22 11 18 11 23 26 35 15 21 11 19 22 39 35 18 25 12 25 14 22 14 11 39 18 20 16 15 13 36 15 34 26 27 21 24 20 25 22 36 25 19 20 29 37 38 36 40 37 11 17 25 40 32 36 37 24 20 38 38 21 20 39 24 21 19 31 21 18 35 23 29 25 12 37 37 16 19 23 23 39 38 36 19 30 28 32 14 13 37 28 35 20 20 21 14 15 24 36 33 25 32 28 22 28 31 20 34 34 31 40 24 25 27 38 35 19 21 24 16 25 15 31 29 15 38 30 26 36 20 27 36 22 19 18 36 13 15 23 22 28 29 38 40 33 15 17 31 40 36 26 13 34 33 36 17 29 37 16 35 32 35 32 20 15 22 14 11 12 33 24 14 36 38 26 11 18 39 23 31 19 39 25 32 24 12 30 28 35 12 27 39 33 27 14 34 28 16 20 24 38 11 28 27 39 32 24 39 20 21 33 34 32 11 21 40 34 24 16 29 26 25 34 22 27 14 36 34 11 21 36 25 40 17 12 23 35 38 34 28 34 25 13 18 40 12 35 38 24 19 40 36 13 23 16 37 36 40 19 18 31 14
11 23 14 20 3 13 26 10 9 14 25 20 2 1 30 13 30 19 8 14 6 3 22 1 14 29 21 3 12 29 6 1 12 14 5 16 6 16 8 24 4 17 26 25 19 28 28 5 23 9 19 10 9 19 20 3 9 24 10 13 19 23 26 6 14 13 24 2 29 30 28 21 29 1 3 19 28 10 5 29 8 20 18 23 19 15 2 17 12 18 19 1 5 3 28 23 24 23 24 19 2 15 19 21 24 14 18 2 5 17 8 12 12 19 19 6 16 15 16 8 27 25 28 15 13 16 26 12 17 25 5 14 6 24 7 2 10 14 14 4 22 20 29 2 5 3 3 24 18 3 10 14 3 25 16 28 16 22 26 18 23 29 24 5 7 20 14 4 29 26 20 18 17 19 12 26 3 7 14 28 6 9 26 28 30 17 25 18 17 24 4 12 17 16 22 11 18 29 9 22 9 23 5 20 27 20 26 20 24 19 20 23 19 1 7 5 21 29 20 21 4 28 5 26 10 4 15 9 27 21 8 28 27 1 16 22 23 19 28 12 1 8 1 13 16 25 5 11 1 9 12 29 25 8 15 2 15 4 12 4 1 29 8 10 6 5 3 26 5 24 16 17 11 14 10 15 12 26 15 9 10 19 27 28 26 30 27 1 7 15 30 22 26 27 14 10 28 28 11 10 29 14 11 9 21 11 8 25 13 19 15 2 27 27 6 9 13 13 29 28 26 9 20 18 22 4 3 27 18 25 10 10 11 4 5 14 26 23 15 22 18 12 18 21 10 24 24 21 30 14 15 17 28 25 9 11 14 6 15 5 21 19 5 28 20 16 26 10 17 26 12 9 8 26 3 5 13 12 18 19 28 30 23 5 7 21 30 26 16 3 24 23 26 7 19 27 6 25 22 25 22 10 5 12 4 1 2 23 14 4 26 28 16 1 8 29 13 21 9 29 15 22 14 2 20 18 25 2 17 29 23 17 4 24 18 6 10 14 28 1 18 17 29 22 14 29 10 11 23 24 22 1 11 30 24 14 6 19 16 15 24 12 17 4 26 24 1 11 26 15 30 7 2 13 25 28 24 18 24 15 3 8 30 2 25 28 14 9 30 26 3 13 6 27 26 30 9 8 21 4
1 2 3
202 23 329
0 2 3
254 305 102
4 19 9
420 418 323 473 328 325 223 431 281
0 14 4
186 174 18 378
1 12 2
399 386
1 2 2
224 55
1 9 3
194 266 493
2 7 3
401 347 387
0 5 2
3 496
1 12 6
295 165 159 244 355 199
2 4 9
246 317 116 148 344 14 483 452 273
1 20 5
170 79 255 58 409
3 18 6
70 400 74 9 277 235
2 8 6
37 156 289 67 249 134
1 16 4
449 396 105 39
0 1 4
349 115 267 475
0 3 3
381 236 140
2 20 5
311 57 181 83 293
0 12 4
360 299 375 365
1 12 4
343 482 144 68
1 19 7
433 173 406 392 410 357 498
0 14 6
61 87 459 104 62 171
2 9 5
460 160 182 6 314
0 18 2
356 180
2 4 4
178 404 258 434
0 3 4
426 128 47 298
2 18 6
284 193 382 205 75 276
1 12 4
451 8 208 413
1 8 4
15 191 479 390
0 4 4
470 495 302 397
1 17 9
446 84 7 89 352 12 336 213 169
1 14 8
121 221 439 220 225 424 21 94
1 11 4
201 206 31 96
4 10 10
99 287 481 25 290 354 272 0 164 471
1 4 2
90 97
1 10 5
436 268 346 367 72
0 20 4
101 172 428 125
0 11 2
130 245
5 1 9
153 185 256 241 32 154 313 285 114
3 18 6
107 467 265 123 1 414
0 2 2
361 40
3 11 7
203 432 26 484 95 176 457
1 20 5
443 384 377 60 64
1 2 9
372 240 275 260 137 17 270 338 179
0 1 3
445 126 198
0 9 2
73 448
0 9 2
103 112
0 14 5
297 88 168 145 437
0 17 1
456
1 11 2
251 162
3 10 6
133 301 166 250 333 315
2 11 6
184 326 359 345 93 454
1 13 4
204 296 371 312
1 5 6
429 379 232 350 422 30
6 15 9
322 19 380 113 264 54 71 188 455
1 15 4
308 119 438 53
2 5 6
210 353 167 4 132 269
0 10 5
300 416 106 161 226
1 17 3
477 228 335
1 18 7
138 42 453 303 136 118 411
1 7 4
82 398 38 35
0 16 3
403 480 218
4 10 8
472 238 391 366 131 368 369 341
4 15 8
370 340 85 189 337 110 50 476
2 4 8
28 29 408 402 363 34 212 385
1 18 6
489 195 111 192 485 280
1 14 3
383 463 147
1 12 4
108 51 263 13
2 11 6
234 447 230 91 261 419
0 18 7
52 175 294 430 257 77 441
0 16 2
69 56
3 15 7
11 187 339 127 474 421 222
4 18 8
200 364 22 444 253 158 282 331
1 15 6
458 423 324 427 177 63
3 7 8
227 242 24 487 16 468 307 78
0 12 2
163 80
1 10 7
124 76 288 247 157 394 306
3 12 7
466 117 283 190 229 465 425
1 2 3
100 10 334
1 7 5
122 120 207 155 376
3 7 6
48 373 262 231 259 151
0 19 1
330
1 21 1
2
1 21 1
5
3 29 1
20
2 26 1
27
2 28 2
33 98
5 19 1
36
3 8 1
41
4 33 1
43
1 36 1
44
1 9 1
45
1 34 1
46
1 37 1
49
5 26 2
59 319
2 22 1
65
1 20 1
66
1 34 1
81
2 18 1
86
1 12 1
92
2 25 1
109
2 31 1
129
1 25 1
135
3 21 1
139
2 19 1
141
2 23 1
142
2 16 1
143
2 7 1
146
3 14 1
149
4 22 2
150 450
1 21 1
152
1 4 1
183
1 22 1
196
1 13 1
197
1 19 1
209
2 25 1
211
1 18 1
214
1 14 1
215
1 17 1
216
1 24 1
217
2 8 1
219
2 24 1
233
1 23 1
237
1 30 1
239
1 29 1
243
2 10 1
248
2 26 1
252
1 32 1
271
1 29 1
274
1 23 1
278
2 22 1
279
1 21 1
286
2 39 1
291
2 37 1
292
2 30 1
304
2 31 1
309
2 23 1
310
1 28 1
316
2 10 1
318
1 24 1
320
1 28 1
321
2 23 1
327
1 13 1
332
2 31 1
342
2 17 1
348
1 23 1
351
1 14 1
358
2 23 1
362
1 24 1
374
2 22 1
388
2 23 1
389
2 14 1
393
1 16 1
395
2 22 1
405
1 31 1
407
2 22 1
412
1 34 1
415
2 14 1
417
2 29 1
435
2 31 1
440
1 21 1
442
2 18 1
461
1 20 1
462
1 16 1
464
1 8 1
469
1 29 1
478
2 11 1
486
1 35 1
488
2 16 1
490
2 37 1
491
1 24 1
492
2 37 1
494
2 21 1
497
2 18 1
499
