1000 281 1550 6
12 34 26 34 15 36 37 26 28 30 12 12 15 24 21 20 29 31 23 23 24 26 37 29 17 33 15 14 21 14 21 18 20 13 15 17 17 20 20 37 20 35 27 17 39 19 39 19 29 14 28 18 11 35 23 39 37 14 39 15 14 29 23 37 26 11 19 31 16 15 39 40 11 17 31 28 25 35 29 16 24 11 28 33 36 26 36 36 29 29 15 22 33 11 34 39 38 28 17 39 23 37 16 36 28 17 11 17 26 24 29 19 31 34 32 28 37 13 33 16 28 16 28 11 11 37 13 19 22 22 31 12 32 33 31 29 13 11 31 23 13 32 19 25 19 31 32 22 27 23 20 32 27 11 23 16 38 36 40 15 28 36 22 16 11 15 27 14 39 38 27 15 15 36 36 16 21 13 24 12 37 38 26 33 11 14 29 18 17 18 23 19 12 19 27 26 40 30 13 33 35 35 23 22 16 23 31 12 31 12 21 23 28 30 18 19 18 16 31 17 11 15 12 17 33 15 28 36 14 13 17 39 22 14 19 34 19 35 13 33 14 25 14 28 21 24 15 23 32 32 34 40 28 34 37 38 17 20 37 11 32 31 27 18 14 40 22 39 24 16 23 25 29 12 23 30 22 38 15 14 35 33 26 25 30 39 23 16 29 32 28 23 18 24 23 16 17 29 23 32 16 35 18 32 31 15 33 24 16 24 33 26 25 22 25 37 33 18 35 40 24 32 19 15 35 20 30 23 29 30 30 27 18 40 11 27 16 24 23 29 13 39 30 37 12 22 26 29 18 32 25 29 13 37 39 28 34 25 28 26 32 13 40 34 40 15 33 22 19 14 24 28 13 26 38 12 19 24 17 22 19 25 17 40 40 35 36 15 40 18 16 15 13 23 17 31 20 11 23 32 39 25 26 30 14 28 23 21 36 25 14 24 28 21 29 38 39 22 35 33 20 39 23 20 37 12 11 12 21 15 21 35 34 31 17 14 30 29 11 15 30 34 34 36 21 17 27 34 12 29 24 30 13 25 15 38 21 20 22 14 40 16 40 36 26 26 26 39 14 24 39 16 15 12 13 20 11 11 32 24 31 40 30 39 32 34 23 27 27 24 32 37 21 26 20 21 35 39 33 38 40 24 39 23 15 31 15 25 25 11 15 38 18 26 23 18 39 11 12 21 12 15 38 37 26 17 14 17 26 37 15 21 18 27 12 18 37 22 21 23 40 30 14 29 21 28 19 34 30 29 28 22 32 33 40 13 29 32 15 29 16 20 11 14 16 19 35 35 19 30 27 34 15 19 16 38 22 22 38 14 33 12 39 24 31 15 40 35 14 25 13 13 23 28 12 13 25 20 11 15 37 37 33 25 14 34 27 16 31 23 25 39 21 12 28 18 11 23 35 38 39 40 25 25 28 24 37 39 16 11 20 24 14 32 20 27 38 16 38 33 28 22 11 20 30 26 35 16 26 13 11 21 18 37 19 11 36 31 30 31 22 37 18 38 15 34 22 31 25 18 37 21 31 18 14 28 18 25 33 15 34 19 33 25 32 31 17 12 17 34 35 15 28 34 11 33 12 19 16 17 22 20 38 26 20 36 28 11 39 18 27 38 11 25 29 22 38 15 30 35 32 30 25 13 17 29 21 16 29 38 26 14 12 13 16 22 15 13 38 37 22 18 29 18 38 25 31 12 29 19 15 29 35 35 35 21 30 12 26 11 35 38 35 28 30 34 25 16 32 11 36 14 30 25 21 32 29 11 27 12 27 12 32 24 34 24 28 22 20 17 36 34 14 33 31 20 31 34 24 24 29 21 15 32 23 36 33 31 22 30 31 21 24 39 25 11 22 20 36 32 31 30 32 20 33 26 22 19 12 26 23 22 15 26 37 40 19 17 26 28 19 15 36 22 12 39 36 11 30 20 29 16 19 28 23 27 32 40 20 15 28 33 36 24 34 29 29 31 15 40 29 12 32 32 21 32 32 40 24 15 36 22 27 23 37 35 19 28 28 37 37 21 35 11 22 40 20 16 36 24 32 12 18 25 36 20 20 14 11 30 22 31 23 19 19 29 21 34 15 32 11 37 29 31 33 34 25 33 37 15 28 33 31 27 16 34 28 31 35 19 28 33 37 11 24 40 24 35 12 34 35 15 30 18 18 27 21 38 40 30 27 26 24 39 20 13 32 27 33 39 19 26 17 35 37 17 37 35 25 20 30 37 26 26 29 26 24 37 21 29 20 16 11 32 23 19 40 39 39 34
2 24 16 24 5 26 27 16 18 20 2 2 5 14 11 10 19 21 13 13 14 16 27 19 7 23 5 4 11 4 11 8 10 3 5 7 7 10 10 27 10 25 17 7 29 9 29 9 19 4 18 8 1 25 13 29 27 4 29 5 4 19 13 27 16 1 9 21 6 5 29 30 1 7 21 18 15 25 19 6 14 1 18 23 26 16 26 26 19 19 5 12 23 1 24 29 28 18 7 29 13 27 6 26 18 7 1 7 16 14 19 9 21 24 22 18 27 3 23 6 18 6 18 1 1 27 3 9 12 12 21 2 22 23 21 19 3 1 21 13 3 22 9 15 9 21 22 12 17 13 10 22 17 1 13 6 28 26 30 5 18 26 12 6 1 5 17 4 29 28 17 5 5 26 26 6 11 3 14 2 27 28 16 23 1 4 19 8 7 8 13 9 2 9 17 16 30 20 3 23 25 25 13 12 6 13 21 2 21 2 11 13 18 20 8 9 8 6 21 7 1 5 2 7 23 5 18 26 4 3 7 29 12 4 9 24 9 25 3 23 4 15 4 18 11 14 5 13 22 22 24 30 18 24 27 28 7 10 27 1 22 21 17 8 4 30 12 29 14 6 13 15 19 2 13 20 12 28 5 4 25 23 16 15 20 29 13 6 19 22 18 13 8 14 13 6 7 19 13 22 6 25 8 22 21 5 23 14 6 14 23 16 15 12 15 27 23 8 25 30 14 22 9 5 25 10 20 13 19 20 20 17 8 30 1 17 6 14 13 19 3 29 20 27 2 12 16 19 8 22 15 19 3 27 29 18 24 15 18 16 22 3 30 24 30 5 23 12 9 4 14 18 3 16 28 2 9 14 7 12 9 15 7 30 30 25 26 5 30 8 6 5 3 13 7 21 10 1 13 22 29 15 16 20 4 18 13 11 26 15 4 14 18 11 19 28 29 12 25 23 10 29 13 10 27 2 1 2 11 5 11 25 24 21 7 4 20 19 1 5 20 24 24 26 11 7 17 24 2 19 14 20 3 15 5 28 11 10 12 4 30 6 30 26 16 16 16 29 4 14 29 6 5 2 3 10 1 1 22 14 21 30 20 29 22 24 13 17 17 14 22 27 11 16 10 11 25 29 23 28 30 14 29 13 5 21 5 15 15 1 5 28 8 16 13 8 29 1 2 11 2 5 28 27 16 7 4 7 16 27 5 11 8 17 2 8 27 12 11 13 30 20 4 19 11 18 9 24 20 19 18 12 22 23 30 3 19 22 5 19 6 10 1 4 6 9 25 25 9 20 17 24 5 9 6 28 12 12 28 4 23 2 29 14 21 5 30 25 4 15 3 3 13 18 2 3 15 10 1 5 27 27 23 15 4 24 17 6 21 13 15 29 11 2 18 8 1 13 25 28 29 30 15 15 18 14 27 29 6 1 10 14 4 22 10 17 28 6 28 23 18 12 1 10 20 16 25 6 16 3 1 11 8 27 9 1 26 21 20 21 12 27 8 28 5 24 12 21 15 8 27 11 21 8 4 18 8 15 23 5 24 9 23 15 22 21 7 2 7 24 25 5 18 24 1 23 2 9 6 7 12 10 28 16 10 26 18 1 29 8 17 28 1 15 19 12 28 5 20 25 22 20 15 3 7 19 11 6 19 28 16 4 2 3 6 12 5 3 28 27 12 8 19 8 28 15 21 2 19 9 5 19 25 25 25 11 20 2 16 1 25 28 25 18 20 24 15 6 22 1 26 4 20 15 11 22 19 1 17 2 17 2 22 14 24 14 18 12 10 7 26 24 4 23 21 10 21 24 14 14 19 11 5 22 13 26 23 21 12 20 21 11 14 29 15 1 12 10 26 22 21 20 22 10 23 16 12 9 2 16 13 12 5 16 27 30 9 7 16 18 9 5 26 12 2 29 26 1 20 10 19 6 9 18 13 17 22 30 10 5 18 23 26 14 24 19 19 21 5 30 19 2 22 22 11 22 22 30 14 5 26 12 17 13 27 25 9 18 18 27 27 11 25 1 12 30 10 6 26 14 22 2 8 15 26 10 10 4 1 20 12 21 13 9 9 19 11 24 5 22 1 27 19 21 23 24 15 23 27 5 18 23 21 17 6 24 18 21 25 9 18 23 27 1 14 30 14 25 2 24 25 5 20 8 8 17 11 28 30 20 17 16 14 29 10 3 22 17 23 29 9 16 7 25 27 7 27 25 15 10 20 27 16 16 19 16 14 27 11 19 10 6 1 22 13 9 30 29 29 24
1 19 4
834 213 67 865
9 7 14
84 214 283 639 912 441 433 77 795 694 680 170 337 686
0 8 7
83 362 157 416 801 314 974
2 17 5
90 216 668 393 24
1 1 12
718 89 809 368 268 187 675 297 48 426 969 663
1 16 5
363 670 618 771 173
0 15 4
448 580 92 462
1 18 2
788 864
6 4 14
360 69 554 815 323 168 134 498 18 614 31 909 783 573
5 7 14
13 970 208 867 920 474 885 319 30 264 358 16 589 821
0 8 14
226 824 895 63 691 273 601 99 302 595 345 777 522 837
3 6 6
761 679 685 768 728 289
1 20 4
244 661 684 568
3 19 12
457 518 966 521 125 693 207 767 332 102 335 683
0 11 2
389 879
1 2 4
608 22 936 285
5 6 15
781 572 195 78 304 1 288 237 866 525 27 902 714 514 578
2 2 4
259 144 435 822
2 13 12
192 896 757 487 223 135 66 136 750 855 910 146
0 7 5
652 751 755 196 921
4 14 11
545 615 854 906 863 803 32 463 111 70 240
2 14 7
704 265 736 432 385 583 621
0 15 15
269 565 719 840 420 891 780 311 502 116 464 359 481 505 532
5 17 13
739 528 330 832 658 76 296 465 678 637 347 986 326
0 17 2
403 198
3 15 16
983 352 847 204 300 17 613 169 328 439 931 671 569 53 230 305
5 15 13
450 353 647 274 415 263 222 789 110 91 939 379 452
4 7 8
184 141 729 765 292 875 540 743
3 19 8
842 79 445 607 248 73 610 617
3 20 7
88 101 566 716 584 870 901
2 19 5
261 715 871 947 908
3 6 19
459 612 925 367 145 828 884 275 460 548 249 482 510 15 957 702 320 581 543
3 4 7
577 429 624 476 620 725 318
0 12 6
438 200 224 317 501 115
1 4 6
308 293 531 254 255 869
0 11 2
653 151
2 5 16
756 107 998 932 81 162 591 539 964 405 242 991 178 349 892 252
0 17 10
57 676 306 322 706 191 271 468 421 456
0 19 4
494 575 307 176
5 5 15
202 794 574 132 570 410 220 977 786 377 903 504 153 14 286
3 6 16
243 623 967 199 106 291 826 284 398 992 856 155 695 753 748 351
2 13 10
823 55 447 916 550 700 965 530 958 43
0 10 3
699 165 407
4 8 17
301 785 717 814 880 313 988 735 841 51 915 382 860 193 878 140 881
1 19 5
724 972 945 333 423
0 4 8
629 816 616 8 417 537 924 754
1 4 5
918 557 194 927 741
2 7 5
793 839 232 819 985
4 19 9
905 344 710 383 150 250 787 555 830
2 3 7
147 904 121 835 961 938 852
0 7 17
75 534 949 632 625 515 49 662 812 46 495 567 26 948 720 954 408
0 15 4
234 512 20 96
4 19 14
221 737 645 428 599 606 836 87 82 431 334 619 721 511
3 8 10
370 630 922 0 705 535 211 436 40 434
2 3 8
849 773 592 859 294 831 442 732
5 17 14
919 942 152 34 100 707 25 563 626 471 956 689 466 473
1 6 2
848 582
0 5 4
303 131 93 180
2 3 5
356 188 559 746 36
1 5 5
80 282 47 206 181
1 3 8
764 123 604 42 190 159 257 109
3 8 11
774 419 316 38 128 375 86 882 556 588 338
2 6 12
701 682 395 446 648 877 331 638 381 262 373 941
2 11 15
571 387 400 811 536 154 97 56 516 758 298 479 430 425 804
1 20 10
312 124 350 251 649 868 657 526 209 41
1 5 7
779 853 427 585 236 327 414
1 1 12
52 179 392 937 280 50 281 227 784 112 239 357
3 4 6
172 321 126 598 440 378
0 14 2
596 138
0 3 10
763 497 850 507 156 437 64 551 796 477
3 15 9
861 218 897 990 593 499 478 103 247
9 2 18
369 325 266 664 982 394 315 340 766 376 346 727 486 413 857 260 560 917
0 8 6
776 503 688 365 547 797
1 19 4
586 108 402 886
1 19 4
118 674 851 117
3 8 9
212 177 843 256 59 976 163 984 838
1 1 9
119 660 772 730 731 139 409 524 85
4 10 10
538 354 444 634 21 129 114 348 898 406
6 14 13
894 968 412 946 324 775 287 597 913 167 952 215 54
2 7 12
485 143 5 933 690 888 681 65 806 506 45 366
7 7 15
443 453 105 959 999 655 148 883 467 696 517 183 470 246 587
2 12 9
810 219 553 422 7 745 845 290 29
6 20 16
95 339 113 3 10 987 231 654 642 636 609 9 633 71 276 944
1 6 7
137 923 238 229 461 600 656
7 13 18
253 492 798 899 329 490 651 659 561 225 844 943 508 37 874 546 384 104
7 3 14
4 934 605 734 404 342 672 60 161 62 889 142 299 900
0 9 5
33 818 726 491 640
0 13 13
733 210 940 279 914 817 454 201 390 480 133 713 267
1 20 5
472 813 2 171 372
5 22 1
6
1 28 1
11
2 16 1
12
1 25 1
19
4 19 1
23
3 11 1
28
2 21 1
35
1 32 1
39
4 27 1
44
4 16 1
58
4 23 1
61
1 23 1
68
4 24 1
72
2 11 1
74
1 25 1
94
1 7 1
98
2 15 1
120
2 5 1
122
7 24 1
127
2 22 1
130
3 21 1
149
3 14 1
158
2 21 1
160
1 24 1
164
1 28 1
166
4 10 1
174
5 32 1
175
3 23 1
182
3 25 1
185
2 18 1
186
1 28 1
189
3 33 1
197
3 32 1
203
5 22 1
205
3 21 1
217
1 24 1
228
2 16 1
233
7 34 1
235
3 19 1
241
1 11 1
245
3 20 1
258
2 22 1
270
8 21 1
272
3 14 1
277
1 15 1
278
2 14 1
295
5 23 1
309
3 31 1
310
3 25 1
336
1 21 1
341
7 21 1
343
1 10 1
355
4 12 1
361
1 21 1
364
2 7 1
371
4 31 1
374
4 29 1
380
1 31 1
386
1 28 1
388
4 20 1
391
5 30 1
396
2 34 1
397
4 12 1
399
5 14 1
401
1 16 1
411
1 13 1
418
1 19 1
424
3 7 1
449
3 15 1
451
1 32 1
455
1 26 1
458
1 30 1
469
1 23 1
475
5 36 1
483
1 23 1
484
1 27 1
488
3 22 1
489
1 28 1
493
2 22 1
496
2 34 1
500
1 15 1
509
5 25 2
513 673
4 9 1
519
1 22 1
520
3 36 1
523
4 9 1
527
5 7 1
529
6 18 1
533
4 14 1
541
1 31 1
542
1 20 1
544
3 24 1
549
2 25 1
552
1 9 1
558
2 39 1
562
5 28 1
564
4 27 1
576
2 21 1
579
3 26 1
590
4 12 1
594
1 21 1
602
1 19 1
603
1 27 1
611
1 28 1
622
1 10 1
627
3 30 1
628
4 20 1
631
4 33 1
635
4 12 2
641 650
1 15 1
643
1 20 1
644
2 6 1
646
3 27 1
665
5 19 1
666
2 21 1
667
3 30 1
669
4 27 1
677
3 26 1
687
1 14 1
692
4 25 1
697
3 26 1
698
9 27 1
703
3 12 1
708
4 25 1
709
7 9 1
711
2 4 1
712
4 19 1
722
4 26 1
723
1 33 1
738
3 7 1
740
5 26 1
742
7 37 1
744
1 18 1
747
5 28 1
749
5 33 1
752
3 9 1
759
2 22 1
760
2 12 1
762
7 36 1
769
5 36 1
770
3 32 1
778
1 19 1
782
6 7 1
790
5 23 1
791
3 36 1
792
1 23 1
799
3 25 1
800
10 20 1
802
3 11 1
805
1 11 1
807
3 35 1
808
1 23 1
820
3 38 1
825
1 15 1
827
1 33 1
829
2 21 1
833
4 33 1
846
1 28 1
858
4 40 1
862
3 23 1
872
1 31 1
873
3 8 1
876
4 11 1
887
3 10 1
890
4 10 1
893
8 24 1
907
1 27 1
911
1 34 1
926
2 20 1
928
5 23 1
929
5 34 1
930
4 18 1
935
1 14 1
950
3 39 1
951
5 34 1
953
8 11 1
955
2 20 1
960
2 8 1
962
5 8 1
963
2 16 1
971
1 24 1
973
3 12 1
975
4 17 1
978
9 33 1
979
2 13 1
980
3 26 1
981
2 22 1
989
3 22 1
993
1 15 1
994
1 30 1
995
2 10 1
996
4 13 1
997
