500 195 775 33
20 30 17 31 27 37 16 29 29 24 15 18 35 18 31 39 21 36 14 15 29 29 15 25 19 38 31 35 23 23 17 27 29 33 16 37 37 36 14 22 15 20 36 11 14 26 18 16 34 13 16 24 18 11 29 18 12 23 25 21 19 11 22 33 19 25 20 28 37 13 19 35 27 18 11 21 39 25 39 28 30 40 12 15 39 37 19 15 17 25 39 14 20 31 27 40 19 30 20 39 36 37 20 40 21 15 40 34 28 16 25 30 13 39 24 18 34 16 38 23 12 30 17 29 14 32 11 32 23 36 22 30 13 29 29 23 22 13 34 20 32 32 23 34 21 20 17 38 35 27 38 20 16 15 16 26 11 25 29 14 11 11 19 21 13 18 33 31 34 13 20 18 21 24 11 13 28 25 19 32 18 20 25 28 13 17 20 38 32 39 38 30 29 15 32 39 38 35 33 27 15 40 27 14 16 14 37 16 16 37 24 34 17 12 36 32 33 32 35 20 11 17 38 40 12 22 27 40 38 16 19 24 31 21 18 38 34 17 39 34 26 25 22 12 32 11 20 39 36 24 33 12 33 17 21 15 38 31 39 24 29 38 12 20 33 34 25 37 40 32 30 27 16 29 13 29 31 26 38 23 24 29 25 24 40 25 30 18 22 19 16 40 25 19 19 33 14 20 31 27 38 24 36 40 24 17 30 37 19 22 15 29 30 38 21 36 30 24 27 26 31 27 13 29 23 35 17 30 25 23 32 13 21 32 29 35 12 25 24 12 21 28 36 29 20 25 37 35 34 25 38 22 32 19 13 30 32 33 25 32 32 15 11 17 40 16 13 16 26 37 19 26 22 39 12 22 39 25 21 13 15 17 26 39 12 32 15 13 17 27 19 39 33 38 27 22 35 19 18 12 15 20 24 30 32 33 19 27 30 26 40 15 16 25 36 35 19 39 11 34 14 24 22 12 14 34 12 20 39 14 11 32 37 17 23 13 36 34 16 39 38 34 13 17 17 37 22 30 32 21 36 21 18 18 12 34 28 21 14 35 18 38 35 38 38 20 24 17 31 12 15 22 36 37 33 18 19 17 28 24 18 35 37 22 26 26 32 11 20 31 26 38 36 37 39 26 35 18 33 22
10 20 7 21 17 27 6 19 19 14 5 8 25 8 21 29 11 26 4 5 19 19 5 15 9 28 21 25 13 13 7 17 19 23 6 27 27 26 4 12 5 10 26 1 4 16 8 6 24 3 6 14 8 1 19 8 2 13 15 11 9 1 12 23 9 15 10 18 27 3 9 25 17 8 1 11 29 15 29 18 20 30 2 5 29 27 9 5 7 15 29 4 10 21 17 30 9 20 10 29 26 27 10 30 11 5 30 24 18 6 15 20 3 29 14 8 24 6 28 13 2 20 7 19 4 22 1 22 13 26 12 20 3 19 19 13 12 3 24 10 22 22 13 24 11 10 7 28 25 17 28 10 6 5 6 16 1 15 19 4 1 1 9 11 3 8 23 21 24 3 10 8 11 14 1 3 18 15 9 22 8 10 15 18 3 7 10 28 22 29 28 20 19 5 22 29 28 25 23 17 5 30 17 4 6 4 27 6 6 27 14 24 7 2 26 22 23 22 25 10 1 7 28 30 2 12 17 30 28 6 9 14 21 11 8 28 24 7 29 24 16 15 12 2 22 1 10 29 26 14 23 2 23 7 11 5 28 21 29 14 19 28 2 10 23 24 15 27 30 22 20 17 6 19 3 19 21 16 28 13 14 19 15 14 30 15 20 8 12 9 6 30 15 9 9 23 4 10 21 17 28 14 26 30 14 7 20 27 9 12 5 19 20 28 11 26 20 14 17 16 21 17 3 19 13 25 7 20 15 13 22 3 11 22 19 25 2 15 14 2 11 18 26 19 10 15 27 25 24 15 28 12 22 9 3 20 22 23 15 22 22 5 1 7 30 6 3 6 16 27 9 16 12 29 2 12 29 15 11 3 5 7 16 29 2 22 5 3 7 17 9 29 23 28 17 12 25 9 8 2 5 10 14 20 22 23 9 17 20 16 30 5 6 15 26 25 9 29 1 24 4 14 12 2 4 24 2 10 29 4 1 22 27 7 13 3 26 24 6 29 28 24 3 7 7 27 12 20 22 11 26 11 8 8 2 24 18 11 4 25 8 28 25 28 28 10 14 7 21 2 5 12 26 27 23 8 9 7 18 14 8 25 27 12 16 16 22 1 10 21 16 28 26 27 29 16 25 8 23 12
1 3 4
132 281 62 27
0 11 5
467 474 430 184 228
0 6 5
279 241 179 98 280
0 16 3
97 93 238
0 19 3
73 52 253
0 17 3
163 112 260
2 8 7
406 306 190 369 158 13 225
3 8 8
449 320 75 475 237 339 146 227
3 2 5
299 264 489 498 201
4 19 8
301 344 336 365 256 74 81 289
0 14 2
107 402
2 11 5
291 420 50 395 119
3 8 7
372 41 491 177 88 167 3
1 10 4
218 465 197 295
0 19 5
114 310 314 305 40
1 7 4
262 401 51 451
0 1 5
421 101 91 419 71
0 19 2
63 269
1 13 5
471 58 33 287 61
1 20 3
221 189 224
2 4 7
357 205 276 206 28 176 214
2 8 6
321 473 426 125 129 53
1 5 4
382 432 194 149
1 13 9
245 124 128 378 318 415 263 8 485
1 10 8
9 185 94 409 182 366 210 222
5 12 9
186 393 48 455 345 155 456 116 488
2 17 8
76 482 411 83 234 181 29 385
0 3 2
84 196
1 17 3
324 313 328
0 4 5
37 203 337 47 230
2 18 7
110 21 389 273 285 436 323
0 18 7
138 106 309 441 422 208 330
1 17 5
45 292 446 423 380
0 17 1
32
1 7 2
153 232
2 19 7
89 319 302 443 25 377 115
2 20 5
288 143 212 391 85
0 15 1
353
2 11 5
286 100 195 438 204
1 3 4
364 335 317 19
1 14 4
207 284 142 332
1 9 5
371 49 80 46 15
2 16 7
400 354 144 379 10 229 360
0 9 2
258 457
2 17 7
374 347 480 154 417 492 325
1 20 3
304 440 346
0 4 1
312
1 2 4
329 188 460 459
0 3 1
452
3 9 6
342 343 219 137 174 427
1 3 5
470 431 168 490 290
2 4 8
376 175 390 226 5 166 311 120
0 16 5
127 164 139 216 67
3 12 7
150 439 23 126 82 31 327
0 9 2
267 407
1 8 4
192 257 437 235
2 11 5
300 42 213 200 6
0 16 5
394 111 348 231 242
1 8 6
56 481 26 87 130 2
1 1 5
39 265 136 246 172
0 1 1
44
1 10 2
424 78
0 10 3
463 445 454
0 11 8
199 447 270 220 261 414 418 35
2 17 8
373 388 266 254 408 86 243 36
3 12 7
282 134 43 151 122 34 499
0 10 3
90 145 277
3 3 8
477 466 18 249 442 99 161 102
1 8 7
479 316 462 30 157 72 17
1 7 4
178 247 478 117
0 19 5
486 11 251 160 259
0 8 2
326 278
1 5 3
180 121 361
0 13 2
468 293
0 13 5
381 1 429 461 187
1 6 4
275 435 70 434
0 20 3
464 496 113
1 15 7
108 123 135 392 450 383 156
3 8 5
350 399 252 250 355
0 8 4
118 444 65 193
4 30 1
0
1 22 1
4
1 37 1
7
1 18 1
12
2 25 1
14
4 20 1
16
1 25 1
20
1 21 1
22
1 21 1
24
1 23 1
38
2 12 1
54
1 21 1
55
1 30 1
57
2 24 1
59
1 12 1
60
1 21 1
64
1 21 1
66
3 19 1
68
1 23 2
69 497
2 12 1
77
2 17 1
79
2 20 1
92
5 5 1
95
1 23 1
96
1 6 1
103
3 13 1
104
2 12 1
105
4 18 1
109
2 19 1
131
1 27 1
133
1 27 1
140
2 22 1
141
1 12 1
147
1 32 1
148
1 20 1
152
1 18 1
159
2 28 1
162
2 23 1
165
4 26 1
169
2 27 1
170
1 16 1
171
4 15 1
173
4 19 1
183
2 32 1
191
1 29 1
198
2 13 1
202
2 21 1
209
1 17 1
211
1 39 1
215
2 24 1
217
1 33 1
223
1 9 3
233 469 487
2 37 1
236
1 36 1
239
1 17 1
240
1 18 1
244
2 22 1
248
1 32 1
255
2 22 1
268
1 26 1
271
3 26 1
272
1 28 1
274
1 34 1
283
2 23 1
294
2 30 1
296
1 9 1
297
1 25 1
298
4 12 1
303
2 17 1
307
1 27 1
308
1 14 1
315
2 20 1
322
1 36 1
331
1 24 1
333
1 38 1
334
3 34 1
338
1 20 1
340
2 38 1
341
2 21 1
349
1 24 1
351
2 35 1
352
1 19 1
356
1 29 2
358 368
4 26 1
359
2 14 1
362
2 25 1
363
2 29 1
367
1 14 1
370
2 5 1
375
1 6 1
384
1 17 1
386
2 20 1
387
2 7 1
396
1 14 1
397
1 19 1
398
1 39 1
403
4 6 1
404
1 19 1
405
1 18 1
410
3 25 1
412
2 17 1
413
1 26 1
416
3 24 1
425
2 15 1
428
2 9 1
433
1 15 1
448
2 16 1
453
2 19 1
458
3 6 1
472
3 17 1
476
2 11 1
483
1 19 1
484
1 7 1
493
1 11 1
494
1 25 1
495
