300 124 465 20
40 17 19 11 20 39 25 30 38 37 19 28 29 29 26 40 36 26 18 27 30 24 21 36 12 25 32 16 12 31 40 29 37 32 36 19 13 23 17 25 18 16 37 20 26 15 34 25 29 24 15 35 18 24 28 38 11 16 32 26 40 15 32 29 20 25 38 27 34 16 20 22 14 32 38 39 25 35 33 21 12 26 30 30 26 27 18 32 16 35 17 25 37 18 12 21 27 20 29 18 33 38 37 24 18 38 14 15 25 21 21 11 18 12 11 31 11 25 13 27 32 14 27 40 37 32 28 31 31 15 35 40 13 15 38 37 11 15 31 16 20 11 31 20 16 26 16 19 17 32 15 27 16 12 32 39 29 17 29 17 35 17 39 35 37 17 34 15 14 14 19 24 16 22 23 31 35 23 31 38 40 17 37 39 25 28 16 20 33 28 28 38 19 28 30 17 16 27 25 21 38 27 21 12 18 37 40 29 30 13 15 28 40 22 30 13 21 29 27 37 27 40 26 19 22 24 27 23 11 29 22 31 40 16 30 11 27 27 19 13 23 19 29 22 26 35 14 22 31 14 21 34 23 40 32 39 18 37 33 21 27 40 22 18 33 15 23 30 17 11 18 18 21 18 11 14 36 34 25 11 13 13 11 26 15 16 16 30 15 25 28 22 37 13 27 16 31 33 33 27
30 7 9 1 10 29 15 20 28 27 9 18 19 19 16 30 26 16 8 17 20 14 11 26 2 15 22 6 2 21 30 19 27 22 26 9 3 13 7 15 8 6 27 10 16 5 24 15 19 14 5 25 8 14 18 28 1 6 22 16 30 5 22 19 10 15 28 17 24 6 10 12 4 22 28 29 15 25 23 11 2 16 20 20 16 17 8 22 6 25 7 15 27 8 2 11 17 10 19 8 23 28 27 14 8 28 4 5 15 11 11 1 8 2 1 21 1 15 3 17 22 4 17 30 27 22 18 21 21 5 25 30 3 5 28 27 1 5 21 6 10 1 21 10 6 16 6 9 7 22 5 17 6 2 22 29 19 7 19 7 25 7 29 25 27 7 24 5 4 4 9 14 6 12 13 21 25 13 21 28 30 7 27 29 15 18 6 10 23 18 18 28 9 18 20 7 6 17 15 11 28 17 11 2 8 27 30 19 20 3 5 18 30 12 20 3 11 19 17 27 17 30 16 9 12 14 17 13 1 19 12 21 30 6 20 1 17 17 9 3 13 9 19 12 16 25 4 12 21 4 11 24 13 30 22 29 8 27 23 11 17 30 12 8 23 5 13 20 7 1 8 8 11 8 1 4 26 24 15 1 3 3 1 16 5 6 6 20 5 15 18 12 27 3 17 6 21 23 23 17
0 15 4
56 8 292 224
1 12 4
202 148 150 18
0 20 4
95 63 290 132
0 11 3
67 269 276
2 18 5
279 28 275 76 174
1 11 4
258 25 173 177
2 12 4
92 184 134 264
2 17 3
200 266 235
0 16 1
85
0 14 5
39 124 31 247 97
2 3 5
17 112 69 135 206
0 17 3
57 210 70
2 8 3
248 37 215
2 16 3
78 231 234
0 13 3
172 94 213
1 11 4
129 43 20 143
2 15 4
272 299 84 49
1 8 3
42 274 34
1 16 2
104 130
1 8 3
120 162 24
2 5 5
220 297 153 241 187
3 7 6
259 270 229 146 230 250
2 7 5
1 102 44 294 55
2 10 6
33 263 106 81 4 257
1 12 4
217 192 271 126
1 20 2
170 58
0 16 6
253 45 293 142 14 175
1 9 3
12 82 165
1 17 4
219 71 283 201
1 11 4
61 164 90 214
1 12 3
207 64 289
0 7 1
103
1 13 4
203 101 100 93
0 17 2
261 196
0 12 1
137
2 1 6
256 147 105 182 127 107
1 12 3
11 131 186
0 3 1
89
0 15 2
50 180
1 1 4
194 158 88 251
1 4 4
216 242 138 48
0 15 3
114 68 53
1 2 2
157 139
1 17 3
265 178 277
3 13 5
245 208 190 136 26
1 3 4
286 6 244 10
0 8 2
116 77
2 17 3
122 278 226
0 7 2
273 254
0 3 2
60 41
1 14 4
246 128 285 243
1 4 5
262 166 183 16 225
1 12 2
161 228
1 3 3
223 96 205
0 14 2
145 204
1 9 3
233 238 98
2 4 3
91 240 163
0 17 2
267 125
0 2 2
211 171
1 8 3
232 295 119
2 3 5
212 281 133 236 74
1 14 2
35 15
2 18 5
9 144 189 19 239
1 11 2
27 252
1 14 3
5 222 36
0 12 2
198 296
0 12 3
80 13 75
1 10 5
59 40 280 0 218
1 19 3
284 23 99
0 11 4
72 113 154 159
1 8 2
87 123
0 20 1
195
2 19 3
151 193 108
2 1 4
22 197 121 260
1 11 2
249 268
2 14 4
209 291 62 188
0 10 2
140 83
1 25 1
2
1 18 1
3
1 25 1
7
1 29 1
21
2 23 1
29
1 15 1
30
1 21 1
32
1 19 1
38
1 27 1
46
1 25 1
47
2 20 1
51
1 17 1
52
1 28 1
54
1 10 1
65
1 26 1
66
1 21 1
73
1 33 1
79
1 24 1
86
1 13 1
109
2 6 1
110
1 30 1
111
1 15 1
115
1 23 1
117
2 16 1
118
2 29 1
141
2 17 1
149
2 16 1
152
2 15 1
155
1 27 1
156
1 17 1
160
1 11 1
167
2 31 1
168
1 26 1
169
2 24 1
176
1 18 1
179
2 27 1
181
1 15 1
185
3 11 1
191
1 28 1
199
1 6 1
221
1 25 1
227
2 14 1
237
3 11 1
255
3 10 1
282
2 31 1
287
1 14 1
288
1 6 1
298
