300 130 465 20
36 12 39 36 12 23 12 28 37 12 31 38 22 28 23 24 19 21 31 20 36 23 35 35 25 28 16 34 33 19 15 24 24 15 33 20 36 29 34 27 29 27 35 27 28 20 18 21 30 17 20 21 33 19 17 21 40 38 39 25 30 15 27 13 30 14 23 11 22 21 22 22 25 16 29 30 11 21 16 17 28 15 39 37 19 39 33 40 17 17 24 21 31 14 28 19 21 29 14 19 33 23 24 28 40 22 32 30 22 17 38 12 14 22 39 28 28 37 26 29 17 12 15 25 37 17 12 38 29 29 28 28 12 30 14 11 25 38 21 19 16 36 30 12 39 33 38 24 23 30 27 24 38 35 34 13 20 28 27 37 25 38 31 32 33 12 16 23 31 22 34 15 23 27 15 24 14 23 21 28 34 31 20 19 33 29 29 22 34 31 29 40 37 32 35 19 22 22 18 40 20 32 13 12 11 20 13 28 14 33 17 16 31 23 15 19 20 37 27 18 30 37 36 21 14 37 30 26 12 22 33 28 37 20 33 38 26 36 22 33 28 34 29 24 28 17 13 17 20 37 31 28 26 24 17 12 28 18 27 29 40 19 29 22 13 12 15 14 29 32 11 19 28 37 27 31 16 13 33 40 31 37 40 22 23 12 21 18 36 28 17 37 32 26 25 17 37 34 28 32
26 2 29 26 2 13 2 18 27 2 21 28 12 18 13 14 9 11 21 10 26 13 25 25 15 18 6 24 23 9 5 14 14 5 23 10 26 19 24 17 19 17 25 17 18 10 8 11 20 7 10 11 23 9 7 11 30 28 29 15 20 5 17 3 20 4 13 1 12 11 12 12 15 6 19 20 1 11 6 7 18 5 29 27 9 29 23 30 7 7 14 11 21 4 18 9 11 19 4 9 23 13 14 18 30 12 22 20 12 7 28 2 4 12 29 18 18 27 16 19 7 2 5 15 27 7 2 28 19 19 18 18 2 20 4 1 15 28 11 9 6 26 20 2 29 23 28 14 13 20 17 14 28 25 24 3 10 18 17 27 15 28 21 22 23 2 6 13 21 12 24 5 13 17 5 14 4 13 11 18 24 21 10 9 23 19 19 12 24 21 19 30 27 22 25 9 12 12 8 30 10 22 3 2 1 10 3 18 4 23 7 6 21 13 5 9 10 27 17 8 20 27 26 11 4 27 20 16 2 12 23 18 27 10 23 28 16 26 12 23 18 24 19 14 18 7 3 7 10 27 21 18 16 14 7 2 18 8 17 19 30 9 19 12 3 2 5 4 19 22 1 9 18 27 17 21 6 3 23 30 21 27 30 12 13 2 11 8 26 18 7 27 22 16 15 7 27 24 18 22
1 18 4
206 218 144 42
2 19 6
95 109 111 121 9 76
2 9 3
171 240 230
0 4 5
139 174 17 244 162
2 16 4
172 153 213 281
1 12 3
68 223 250
0 2 1
271
2 19 4
252 79 91 170
1 2 4
147 83 186 297
0 3 3
221 286 215
2 8 4
262 208 148 269
1 6 2
196 1
0 4 2
62 254
2 13 3
296 177 14
2 18 4
152 200 165 81
1 10 2
36 118
0 14 1
159
1 7 2
287 122
0 1 3
176 224 255
1 2 4
125 61 43 27
0 9 2
242 38
0 7 1
210
0 8 2
226 31
0 17 3
58 66 30
0 8 2
98 167
1 6 5
70 44 7 283 238
2 4 5
134 15 284 179 261
1 9 2
101 135
1 19 4
88 214 145 169
0 2 2
178 143
0 8 3
247 140 93
0 15 2
235 136
0 9 1
180
2 2 6
228 265 205 173 19 85
0 14 2
270 192
0 5 2
263 216
1 3 5
116 227 50 12 257
3 11 5
55 67 2 253 138
1 9 2
168 267
1 15 3
69 124 183
1 13 3
4 97 22
0 5 6
198 184 48 212 86 236
0 4 2
259 222
0 8 3
115 298 289
0 4 3
248 151 189
1 1 3
57 34 246
1 13 4
102 233 26 164
0 5 2
190 219
2 11 4
294 56 142 146
1 7 3
73 53 130
2 17 4
29 274 156 25
0 11 4
96 282 181 20
1 1 2
119 6
0 19 1
185
2 2 4
114 211 285 113
2 13 3
74 182 251
0 8 5
149 108 193 120 288
1 14 3
24 52 127
1 17 2
260 90
1 16 4
237 63 220 49
2 20 4
13 194 39 117
0 6 2
37 16
1 13 3
112 35 266
1 11 4
78 234 77 28
0 5 3
273 158 256
0 4 2
107 150
2 6 4
241 11 129 94
1 16 3
123 87 18
0 7 2
84 155
2 2 4
110 82 72 276
2 15 4
207 0 258 3
0 14 5
217 23 277 40 197
0 18 1
45
1 19 6
161 105 75 290 126 160
1 10 3
21 99 279
1 17 4
292 231 195 204
2 7 4
103 239 275 5
0 4 2
166 60
1 10 1
8
1 15 1
10
1 22 1
32
2 24 1
33
2 29 1
41
2 29 1
46
1 17 1
47
1 4 1
51
1 17 1
54
1 28 1
59
1 21 1
64
1 31 1
65
2 21 1
71
1 23 1
80
1 30 1
89
1 38 1
92
2 22 1
100
1 15 1
104
1 9 1
106
1 14 1
128
1 26 1
131
1 18 1
132
2 22 1
133
1 14 1
137
1 4 1
141
1 28 1
154
3 13 1
157
2 24 1
163
2 35 1
175
1 6 1
187
2 17 1
188
1 21 1
191
1 16 1
199
1 12 1
201
2 20 1
202
1 19 1
203
1 12 1
209
1 7 1
225
2 22 1
229
1 21 1
232
2 19 1
243
2 20 1
245
1 21 1
249
1 32 1
264
1 32 1
268
1 21 1
272
1 22 1
278
2 24 1
280
1 6 1
291
1 15 1
293
1 13 1
295
2 21 1
299
