300 146 465 2
13 38 35 34 27 37 17 18 34 30 38 36 37 26 30 25 22 21 22 33 15 39 39 38 24 14 13 12 34 22 21 32 18 30 25 19 20 22 15 18 17 25 39 37 29 38 20 38 28 33 36 34 35 20 30 34 24 27 28 23 36 23 24 34 19 13 38 15 20 17 16 26 18 39 22 35 27 14 31 13 38 13 16 22 27 24 37 28 33 30 24 28 24 30 18 15 22 11 39 17 31 11 37 34 16 15 36 24 27 11 27 36 11 14 19 14 31 13 21 36 13 20 30 27 28 35 18 21 27 17 11 15 12 14 25 17 40 24 34 11 23 26 16 22 31 14 20 14 19 33 29 13 30 27 36 32 39 16 14 18 28 35 36 35 25 15 24 17 16 25 17 11 40 39 12 31 31 35 18 34 18 26 16 17 26 40 15 23 11 40 17 26 12 40 25 29 19 18 11 28 37 21 35 36 25 39 19 23 29 32 24 12 14 40 36 23 19 34 31 11 21 24 17 23 30 18 39 40 11 11 26 26 13 38 16 26 16 33 40 37 15 15 14 27 16 29 38 18 22 26 29 22 12 26 21 22 18 30 19 29 35 30 38 30 37 13 30 37 38 24 37 26 15 40 18 40 21 23 16 21 16 12 15 38 11 20 27 12 27 20 15 27 34 16 32 24 27 34 33 17
3 28 25 24 17 27 7 8 24 20 28 26 27 16 20 15 12 11 12 23 5 29 29 28 14 4 3 2 24 12 11 22 8 20 15 9 10 12 5 8 7 15 29 27 19 28 10 28 18 23 26 24 25 10 20 24 14 17 18 13 26 13 14 24 9 3 28 5 10 7 6 16 8 29 12 25 17 4 21 3 28 3 6 12 17 14 27 18 23 20 14 18 14 20 8 5 12 1 29 7 21 1 27 24 6 5 26 14 17 1 17 26 1 4 9 4 21 3 11 26 3 10 20 17 18 25 8 11 17 7 1 5 2 4 15 7 30 14 24 1 13 16 6 12 21 4 10 4 9 23 19 3 20 17 26 22 29 6 4 8 18 25 26 25 15 5 14 7 6 15 7 1 30 29 2 21 21 25 8 24 8 16 6 7 16 30 5 13 1 30 7 16 2 30 15 19 9 8 1 18 27 11 25 26 15 29 9 13 19 22 14 2 4 30 26 13 9 24 21 1 11 14 7 13 20 8 29 30 1 1 16 16 3 28 6 16 6 23 30 27 5 5 4 17 6 19 28 8 12 16 19 12 2 16 11 12 8 20 9 19 25 20 28 20 27 3 20 27 28 14 27 16 5 30 8 30 11 13 6 11 6 2 5 28 1 10 17 2 17 10 5 17 24 6 22 14 17 24 23 7
1 1 4
114 49 20 229
0 20 2
243 85
0 5 2
240 185
1 1 2
294 159
0 19 5
160 105 290 169 253
1 15 2
116 279
1 12 5
238 184 179 143 164
0 12 1
233
0 20 4
189 0 242 278
1 19 2
84 113
2 1 4
299 62 9 26
1 8 5
295 246 154 293 250
1 20 4
228 21 285 209
0 20 2
38 145
0 7 1
226
1 8 4
44 13 292 127
1 16 2
220 126
1 19 4
58 48 227 218
2 2 5
149 280 204 104 267
1 16 3
67 236 94
0 17 2
39 76
0 1 2
43 115
0 19 4
275 210 90 47
2 14 4
118 18 55 5
1 9 4
264 83 61 174
2 12 5
255 176 167 123 4
1 8 3
1 37 12
0 18 3
130 31 273
0 16 2
86 11
0 3 1
7
0 17 1
129
0 17 4
198 134 157 140
1 6 3
266 124 35
1 12 6
239 82 72 97 150 274
1 11 3
161 111 19
1 6 2
272 135
2 5 5
95 41 222 186 137
0 18 1
183
0 13 4
172 261 60 205
1 17 6
71 212 193 59 214 208
0 14 3
57 173 231
1 5 2
66 190
0 6 2
112 6
1 15 2
200 281
1 9 2
106 2
1 16 2
138 260
0 12 2
207 192
0 18 2
181 203
0 5 2
51 92
0 5 3
91 74 217
1 16 4
291 17 163 211
1 18 3
141 252 15
1 11 2
128 225
0 15 2
282 244
1 2 5
40 125 151 284 277
1 10 2
165 30
2 3 4
256 283 78 42
1 19 4
251 131 221 155
1 12 3
103 268 56
0 8 2
23 27
4 17 6
230 3 162 257 177 269
3 12 5
187 170 121 45 122
0 14 1
53
0 19 2
93 259
0 12 5
258 296 195 70 63
1 14 3
98 54 32
1 11 3
265 28 153
2 13 5
75 287 108 168 191
0 2 3
175 64 88
1 2 4
245 25 33 249
1 14 2
254 119
1 5 3
46 289 158
0 4 4
29 102 178 148
2 24 1
8
1 11 1
10
1 28 1
14
1 14 1
16
1 19 1
22
1 36 1
24
1 34 1
34
1 33 1
36
1 38 1
50
2 17 1
52
1 12 1
65
1 37 1
68
3 15 1
69
1 35 1
73
2 13 1
77
2 33 1
79
1 13 1
80
2 31 1
81
2 21 1
87
2 35 1
89
1 19 1
96
1 39 1
99
1 19 1
100
1 35 1
101
1 25 1
107
1 9 1
109
1 19 1
110
2 22 1
117
2 28 1
120
1 10 1
132
1 26 1
133
1 38 1
136
1 30 1
139
2 11 1
142
2 33 1
144
1 13 1
146
2 27 1
147
1 9 1
152
1 27 1
156
2 21 1
166
2 3 1
171
2 18 1
180
2 22 1
182
1 25 1
188
1 12 1
194
1 23 1
196
2 34 1
197
2 23 1
199
1 24 1
201
1 12 1
202
1 34 1
206
3 27 1
213
1 34 1
215
1 16 1
216
2 19 1
219
1 21 1
223
1 33 1
224
2 9 1
232
1 36 1
234
1 15 1
235
1 15 1
237
3 13 1
241
1 22 1
247
1 30 1
248
1 33 1
262
1 14 1
263
2 23 1
270
1 37 1
271
2 25 1
276
2 19 1
286
2 28 1
288
1 37 1
297
1 18 1
298
