1000 295 1550 6
39 12 14 38 19 35 13 19 35 39 22 33 37 18 29 12 35 27 32 37 26 37 22 38 19 24 14 32 26 17 34 19 15 30 18 30 26 31 23 20 35 18 28 34 35 28 36 21 21 23 13 28 21 13 31 16 13 11 15 15 25 19 20 30 17 22 19 30 12 37 20 37 36 22 25 20 27 20 12 21 33 21 22 13 14 24 18 26 18 31 12 22 13 22 12 26 38 17 31 15 20 25 20 28 36 40 18 34 11 17 26 12 39 26 29 22 36 13 11 12 26 15 21 30 14 25 31 20 40 22 34 39 22 16 11 14 16 15 29 33 40 20 32 14 13 11 29 16 38 35 25 19 36 36 26 21 26 26 33 20 14 28 16 19 12 38 38 13 15 17 32 33 13 39 17 19 18 18 32 24 32 18 18 23 32 36 13 11 33 20 28 28 11 28 28 21 12 27 35 31 20 25 38 29 30 25 30 33 15 11 20 16 34 16 39 14 19 30 14 30 20 17 22 13 22 28 17 36 32 15 20 37 22 40 24 36 35 36 32 17 22 23 13 27 33 30 24 29 18 25 13 36 32 25 21 26 21 19 19 24 26 12 24 30 19 39 21 28 40 22 39 38 11 32 33 11 26 22 16 28 30 14 22 28 18 18 14 19 24 17 37 31 19 16 17 12 15 18 15 20 28 11 11 34 15 39 21 29 16 39 28 23 22 23 28 29 14 11 36 19 25 33 39 16 40 16 22 14 11 34 24 37 32 27 24 31 12 33 35 33 25 16 26 39 25 17 15 29 13 17 25 33 40 34 28 13 24 22 29 39 30 39 32 20 21 40 13 13 20 38 39 12 26 31 32 13 37 21 23 33 14 37 25 29 32 27 14 11 14 38 15 35 20 37 12 21 34 34 14 23 16 20 34 32 30 37 21 20 32 11 20 24 12 20 25 15 31 20 34 35 34 19 20 34 19 15 37 19 21 33 11 39 12 13 20 20 12 23 36 32 27 16 18 31 30 32 13 12 37 18 31 37 33 23 29 27 21 16 24 40 16 14 17 14 31 28 38 29 17 17 29 13 20 22 25 29 36 29 26 33 19 23 17 35 39 15 16 34 32 29 31 20 40 21 39 16 12 38 11 28 13 15 29 32 29 28 30 34 29 24 17 40 14 24 22 13 29 16 20 18 19 26 32 28 30 20 32 30 32 21 32 37 12 33 34 12 25 11 13 14 38 13 39 34 33 35 36 28 22 14 38 32 26 39 16 29 28 22 27 20 30 22 16 39 22 14 19 38 19 30 27 23 38 16 38 16 20 13 39 23 14 23 38 36 27 40 23 29 27 15 14 22 38 38 29 26 38 27 40 22 37 29 30 21 18 24 14 20 15 29 25 21 37 40 21 20 33 13 14 37 16 21 18 13 37 22 17 29 27 30 23 11 15 29 37 14 18 14 25 23 33 25 29 16 33 33 24 30 16 17 14 36 35 35 13 36 21 33 12 28 25 21 29 15 33 30 30 12 25 29 29 21 29 12 23 31 23 38 36 11 25 39 18 28 38 39 20 22 34 38 23 29 37 35 19 26 21 22 33 20 28 16 14 12 24 28 23 26 13 36 32 33 11 24 27 16 28 15 11 21 22 20 19 40 28 22 35 38 16 39 33 17 35 26 29 27 14 12 12 11 30 26 26 39 40 22 27 35 13 18 29 29 39 14 23 22 39 34 21 21 14 25 18 14 36 17 23 29 36 33 26 26 37 38 13 25 28 21 28 16 40 19 13 34 30 18 29 31 30 26 27 29 16 23 20 40 21 16 40 20 15 25 28 21 18 13 28 29 39 29 11 16 38 25 24 28 38 24 40 33 25 30 34 24 21 33 23 33 16 25 20 40 24 40 40 18 21 14 18 28 18 35 11 22 22 36 36 27 17 15 19 21 21 39 13 33 27 21 28 16 31 17 39 18 17 38 12 27 25 40 17 32 30 37 32 11 15 38 21 34 12 34 16 30 15 15 20 12 27 39 16 23 29 29 30 22 38 23 34 22 15 14 17 35 20 11 27 27 34 23 14 17 11 27 40 20 39 21 20 40 17 40 20 40 38 27 15 20 28 18 34 19 15 37 21 23 13 34 33 12 31 33 15 23 40 23 40 27 20 29 11 23 23 34 37 33 20 24 31 38 37 15 14 27 20 14 19 27 14 30 32 31 17 17 32 33 19 36 31 38 15 36 11 13 15 15 16 30 39 22 31 32 34 17 11 28 36 24 12 26
29 2 4 28 9 25 3 9 25 29 12 23 27 8 19 2 25 17 22 27 16 27 12 28 9 14 4 22 16 7 24 9 5 20 8 20 16 21 13 10 25 8 18 24 25 18 26 11 11 13 3 18 11 3 21 6 3 1 5 5 15 9 10 20 7 12 9 20 2 27 10 27 26 12 15 10 17 10 2 11 23 11 12 3 4 14 8 16 8 21 2 12 3 12 2 16 28 7 21 5 10 15 10 18 26 30 8 24 1 7 16 2 29 16 19 12 26 3 1 2 16 5 11 20 4 15 21 10 30 12 24 29 12 6 1 4 6 5 19 23 30 10 22 4 3 1 19 6 28 25 15 9 26 26 16 11 16 16 23 10 4 18 6 9 2 28 28 3 5 7 22 23 3 29 7 9 8 8 22 14 22 8 8 13 22 26 3 1 23 10 18 18 1 18 18 11 2 17 25 21 10 15 28 19 20 15 20 23 5 1 10 6 24 6 29 4 9 20 4 20 10 7 12 3 12 18 7 26 22 5 10 27 12 30 14 26 25 26 22 7 12 13 3 17 23 20 14 19 8 15 3 26 22 15 11 16 11 9 9 14 16 2 14 20 9 29 11 18 30 12 29 28 1 22 23 1 16 12 6 18 20 4 12 18 8 8 4 9 14 7 27 21 9 6 7 2 5 8 5 10 18 1 1 24 5 29 11 19 6 29 18 13 12 13 18 19 4 1 26 9 15 23 29 6 30 6 12 4 1 24 14 27 22 17 14 21 2 23 25 23 15 6 16 29 15 7 5 19 3 7 15 23 30 24 18 3 14 12 19 29 20 29 22 10 11 30 3 3 10 28 29 2 16 21 22 3 27 11 13 23 4 27 15 19 22 17 4 1 4 28 5 25 10 27 2 11 24 24 4 13 6 10 24 22 20 27 11 10 22 1 10 14 2 10 15 5 21 10 24 25 24 9 10 24 9 5 27 9 11 23 1 29 2 3 10 10 2 13 26 22 17 6 8 21 20 22 3 2 27 8 21 27 23 13 19 17 11 6 14 30 6 4 7 4 21 18 28 19 7 7 19 3 10 12 15 19 26 19 16 23 9 13 7 25 29 5 6 24 22 19 21 10 30 11 29 6 2 28 1 18 3 5 19 22 19 18 20 24 19 14 7 30 4 14 12 3 19 6 10 8 9 16 22 18 20 10 22 20 22 11 22 27 2 23 24 2 15 1 3 4 28 3 29 24 23 25 26 18 12 4 28 22 16 29 6 19 18 12 17 10 20 12 6 29 12 4 9 28 9 20 17 13 28 6 28 6 10 3 29 13 4 13 28 26 17 30 13 19 17 5 4 12 28 28 19 16 28 17 30 12 27 19 20 11 8 14 4 10 5 19 15 11 27 30 11 10 23 3 4 27 6 11 8 3 27 12 7 19 17 20 13 1 5 19 27 4 8 4 15 13 23 15 19 6 23 23 14 20 6 7 4 26 25 25 3 26 11 23 2 18 15 11 19 5 23 20 20 2 15 19 19 11 19 2 13 21 13 28 26 1 15 29 8 18 28 29 10 12 24 28 13 19 27 25 9 16 11 12 23 10 18 6 4 2 14 18 13 16 3 26 22 23 1 14 17 6 18 5 1 11 12 10 9 30 18 12 25 28 6 29 23 7 25 16 19 17 4 2 2 1 20 16 16 29 30 12 17 25 3 8 19 19 29 4 13 12 29 24 11 11 4 15 8 4 26 7 13 19 26 23 16 16 27 28 3 15 18 11 18 6 30 9 3 24 20 8 19 21 20 16 17 19 6 13 10 30 11 6 30 10 5 15 18 11 8 3 18 19 29 19 1 6 28 15 14 18 28 14 30 23 15 20 24 14 11 23 13 23 6 15 10 30 14 30 30 8 11 4 8 18 8 25 1 12 12 26 26 17 7 5 9 11 11 29 3 23 17 11 18 6 21 7 29 8 7 28 2 17 15 30 7 22 20 27 22 1 5 28 11 24 2 24 6 20 5 5 10 2 17 29 6 13 19 19 20 12 28 13 24 12 5 4 7 25 10 1 17 17 24 13 4 7 1 17 30 10 29 11 10 30 7 30 10 30 28 17 5 10 18 8 24 9 5 27 11 13 3 24 23 2 21 23 5 13 30 13 30 17 10 19 1 13 13 24 27 23 10 14 21 28 27 5 4 17 10 4 9 17 4 20 22 21 7 7 22 23 9 26 21 28 5 26 1 3 5 5 6 20 29 12 21 22 24 7 1 18 26 14 2 16
5 4 15
499 565 711 139 527 410 925 164 745 798 552 716 524 193 307
1 7 5
122 702 658 838 498
6 18 13
444 902 369 419 842 510 368 179 192 375 752 602 117
1 17 3
888 374 474
2 7 9
126 624 774 91 381 864 435 937 820
1 14 8
462 344 790 437 717 28 504 761
2 19 12
153 494 520 96 515 533 553 597 449 755 301 89
2 15 7
163 478 2 367 802 40 253
0 7 5
445 664 313 242 886
0 15 3
270 903 27
3 7 14
239 616 859 749 766 884 672 480 873 804 299 394 956 834
0 3 3
585 200 985
0 1 17
378 639 114 189 304 266 737 563 879 15 581 173 714 682 603 550 259
0 12 10
398 781 764 49 280 653 860 111 67 97
1 7 5
637 356 732 920 632
9 4 16
470 508 11 803 940 431 273 257 238 497 170 20 821 767 685 986
1 11 5
479 663 311 690 395
0 11 2
46 78
0 19 1
915
1 14 10
282 931 256 704 532 305 209 645 32 425
1 1 10
596 736 309 220 978 816 759 493 800 574
1 15 14
904 121 513 751 952 484 845 966 852 483 162 885 442 469
4 15 11
900 794 330 448 180 840 991 148 383 648 703
5 10 13
294 890 722 146 684 225 643 269 221 488 680 521 872
5 18 10
85 818 405 318 836 829 512 573 615 202
0 8 3
698 291 118
2 16 10
555 970 495 19 133 468 123 511 108 556
6 7 12
918 810 584 47 856 665 750 635 214 638 968 75
2 3 6
835 188 601 63 609 31
0 20 3
604 778 303
9 17 16
177 418 41 350 765 659 334 263 347 529 88 726 4 380 853 298
0 19 3
413 439 3
1 1 3
620 566 5
4 16 14
831 429 641 984 880 543 538 37 204 29 397 151 501 455
3 1 11
35 707 912 668 168 788 681 175 905 889 59
0 18 4
412 337 958 152
0 1 18
539 757 847 506 336 306 893 522 753 808 699 167 81 735 525 184 705 536
1 4 11
561 833 281 327 776 84 623 60 399 300 503
1 2 3
792 277 843
1 13 3
296 105 406
0 9 16
796 464 599 73 320 688 628 627 783 423 723 467 183 438 409 482
0 12 2
961 113
6 20 16
871 226 195 739 44 578 740 407 841 895 607 147 697 546 324 57
4 9 10
426 817 82 571 424 793 349 861 855 713
2 15 17
388 562 1 729 208 400 692 86 858 760 976 898 128 950 286 402 144
1 1 7
612 531 255 634 353 278 709
1 20 8
908 401 249 203 989 727 440 491
1 19 5
916 775 56 199 967
7 5 15
271 0 982 593 756 747 830 171 251 129 999 762 570 814 432
0 19 2
116 376
1 11 11
636 863 206 94 447 434 791 135 83 742 459
0 8 4
914 289 156 142
2 8 8
979 308 591 207 828 284 420 364
3 20 8
666 403 981 100 141 973 390 953
1 3 3
69 558 691
1 9 4
379 728 34 264
5 6 15
951 509 332 110 744 771 42 314 579 564 613 994 229 782 274
1 11 4
786 773 159 676
1 10 12
87 250 919 626 12 496 631 614 785 519 965 630
4 14 14
590 354 492 38 428 150 738 534 452 911 331 811 772 548
2 7 10
633 9 862 673 894 181 611 813 849 267
4 7 15
463 377 545 169 68 140 433 143 261 346 107 262 576 996 518
4 11 9
335 191 734 507 130 955 310 198 936
0 15 3
53 333 725
4 12 10
854 974 693 74 815 992 586 476 223 844
3 10 9
64 443 215 559 166 917 646 71 823
1 12 6
258 212 677 13 580 244
3 2 7
21 933 472 160 109 103 232
3 20 10
106 502 7 777 839 235 568 95 977 326
3 7 15
186 33 287 52 832 131 51 26 408 132 743 329 964 234 485
8 11 17
157 656 456 748 149 720 217 541 869 514 505 938 971 355 572 959 182
4 19 15
187 138 662 687 517 907 500 427 436 678 61 897 92 55 706
0 15 3
741 387 899
0 9 3
25 471 93
1 3 16
921 10 932 551 826 45 619 528 362 247 530 960 554 622 787 670
1 6 9
972 969 466 913 389 246 230 475 228
3 17 9
227 807 993 396 640 957 382 769 490
4 1 12
345 302 194 104 417 196 901 962 661 569 136 127
5 15 13
210 926 322 948 589 473 231 384 125 625 486 248 351
3 20 13
245 216 124 339 649 644 237 363 341 806 724 288 837
0 19 2
411 927
0 10 2
17 975
5 15 10
224 16 696 154 365 457 454 205 80 906
2 10 17
941 875 930 43 79 801 158 477 348 605 535 178 995 145 373 461 746
1 15 7
857 317 446 321 675 797 789
0 14 2
943 361
1 1 5
949 66 58 549 285
4 19 9
887 731 883 430 719 292 392 987 598
4 12 10
120 544 910 90 712 822 567 240 319 610
1 29 1
6
5 38 1
8
2 12 1
14
5 39 1
18
3 9 1
22
1 35 1
23
2 34 1
24
3 10 2
30 487
5 24 1
36
1 27 1
39
1 25 1
48
2 35 1
50
2 34 1
54
2 29 1
62
7 20 1
65
1 16 1
70
2 25 1
72
4 17 1
76
2 22 1
77
2 26 1
98
1 39 1
99
6 39 1
101
2 19 1
102
3 34 1
112
5 36 1
115
1 19 2
119 650
2 15 1
134
2 27 1
137
1 22 1
155
2 32 1
161
4 11 1
165
6 35 1
172
3 22 1
174
1 33 1
176
5 29 1
185
2 31 1
190
1 36 1
197
1 34 1
201
1 29 1
211
2 21 1
213
2 23 1
218
4 27 1
219
5 10 1
222
2 16 1
233
1 27 1
236
2 19 1
241
10 31 1
243
5 24 1
252
2 34 1
254
5 31 1
260
2 31 1
265
1 30 1
268
7 34 1
272
3 13 1
275
2 26 1
276
8 26 1
279
2 15 1
283
6 20 1
290
2 12 1
293
2 26 1
295
1 21 1
297
9 27 1
312
6 23 1
315
1 26 2
316 600
2 16 1
323
2 21 1
325
1 23 1
328
5 6 1
338
2 17 1
340
9 24 1
342
1 28 1
343
6 20 1
352
4 25 1
357
4 22 1
358
2 6 1
359
2 7 1
360
2 9 1
366
2 28 1
370
2 18 1
371
4 23 1
372
1 31 1
385
4 27 1
386
1 26 1
391
1 24 1
393
7 30 1
404
6 17 1
414
7 25 1
415
1 12 1
416
2 29 1
421
1 39 1
422
4 19 1
441
1 31 1
450
1 19 1
451
10 15 1
453
1 19 1
458
6 22 1
460
7 30 1
465
4 25 1
481
1 25 1
489
2 22 1
516
2 30 1
523
2 7 2
526 595
2 38 1
537
3 32 1
540
2 23 1
542
2 12 1
547
3 5 1
557
6 6 1
560
4 34 1
575
2 22 1
577
2 24 1
582
1 37 1
583
5 11 1
587
1 26 1
588
2 20 1
592
4 3 1
594
2 10 1
606
1 20 1
608
3 34 1
617
4 27 1
618
2 37 1
621
6 24 1
629
1 12 1
642
2 30 1
647
2 30 1
651
4 37 1
652
1 30 1
654
1 31 1
655
2 26 1
657
4 28 1
660
4 22 1
667
2 30 1
669
6 21 1
671
3 11 1
674
3 30 1
679
1 27 1
683
1 16 1
686
3 8 1
689
4 27 1
694
2 20 1
695
2 17 1
700
1 23 1
701
1 21 1
708
1 27 1
710
1 12 1
715
3 12 1
718
1 34 1
721
1 29 1
730
4 14 1
733
1 16 1
754
1 23 1
758
1 14 1
763
5 23 1
768
1 27 1
770
1 37 1
779
3 23 1
780
3 35 1
784
1 31 1
795
5 13 1
799
2 18 1
805
3 11 1
809
4 24 1
812
2 2 1
819
4 30 1
824
2 37 1
825
4 19 1
827
1 15 1
846
2 33 1
848
5 19 1
850
2 29 1
851
5 22 1
865
3 17 1
866
1 17 1
867
1 19 1
868
2 10 1
870
2 23 1
874
1 32 1
876
4 9 1
877
1 18 1
878
2 28 1
881
1 29 1
882
8 28 1
891
4 21 1
892
4 19 1
896
1 27 1
909
11 21 1
922
4 27 1
923
2 24 1
924
5 8 1
928
1 28 1
929
2 24 1
934
4 22 1
935
1 19 1
939
1 21 1
942
1 8 1
944
2 34 1
945
6 26 1
946
2 21 1
947
1 2 1
954
2 20 1
963
7 26 1
980
7 25 1
983
3 2 1
988
2 12 1
990
6 22 1
997
1 24 1
998
