800 251 1240 53
37 35 24 37 38 20 24 36 13 38 32 13 38 18 27 22 32 36 21 32 18 13 30 14 30 16 36 21 32 39 27 31 24 36 28 32 38 32 26 38 25 24 27 39 14 12 14 27 16 34 20 40 31 35 20 37 40 11 11 28 32 25 18 31 31 29 16 39 30 34 12 15 26 24 28 32 19 14 13 26 35 19 31 22 12 26 19 32 17 24 40 29 38 29 24 18 16 28 29 23 16 17 39 38 34 33 15 28 31 35 15 32 31 21 16 36 18 36 25 24 38 35 28 24 39 15 34 38 11 24 15 17 39 32 27 36 22 21 32 34 16 24 17 11 32 24 34 38 16 21 34 31 12 20 20 38 26 39 11 19 25 28 13 30 22 19 17 17 15 21 40 33 34 11 35 26 34 14 34 40 36 39 12 27 14 28 34 14 15 25 35 26 35 34 32 21 27 34 33 21 15 29 14 30 40 28 17 18 33 35 24 33 14 23 31 37 33 35 36 11 24 19 40 11 11 24 37 25 28 27 11 39 38 28 31 16 19 36 13 32 28 26 33 17 17 17 15 40 23 25 37 35 33 34 22 23 38 36 13 32 35 31 18 32 34 26 14 16 36 11 33 17 40 17 40 25 24 35 24 33 13 15 16 38 16 25 28 30 14 31 17 20 38 21 30 24 18 40 17 33 34 34 11 36 22 11 23 32 16 25 22 19 27 17 17 12 14 32 33 15 21 25 30 32 19 12 38 24 23 40 32 36 17 12 22 30 34 23 36 32 17 27 16 24 17 27 18 37 27 26 21 13 17 23 40 30 26 20 33 25 25 28 38 14 32 33 13 20 14 30 31 15 18 36 12 17 18 26 34 13 23 31 14 32 38 33 18 40 33 11 12 27 38 19 21 19 25 29 31 34 38 28 26 29 12 12 13 11 16 19 14 11 37 27 12 36 37 31 18 13 37 20 15 13 38 26 39 20 16 19 34 26 19 38 37 25 16 33 29 16 13 24 18 18 32 21 20 28 24 32 13 13 40 34 18 36 38 39 24 15 14 32 22 30 25 37 20 40 13 37 18 11 35 29 19 13 14 30 16 28 30 25 24 39 22 28 14 18 31 13 31 11 24 36 18 29 29 18 13 36 27 20 28 39 27 28 31 27 35 11 40 27 12 15 13 26 15 13 26 12 28 14 26 38 11 18 40 40 21 25 35 31 33 23 21 21 23 18 31 30 36 11 14 36 15 13 33 36 39 29 31 12 32 18 18 12 25 36 21 33 21 15 21 38 15 11 24 32 40 26 32 24 26 25 37 23 17 36 33 39 18 20 22 28 39 15 15 40 29 39 37 19 27 38 27 20 13 33 40 24 16 37 11 32 19 26 23 24 36 16 26 23 23 39 22 35 33 32 29 25 30 22 32 33 34 13 29 36 34 12 38 14 30 20 24 31 20 40 39 31 40 11 15 34 35 36 15 37 21 19 23 20 14 13 15 14 20 34 39 39 30 22 17 29 20 23 12 29 36 15 18 35 37 27 23 40 14 19 37 16 38 38 38 15 18 36 25 20 18 33 21 39 32 32 34 13 14 23 12 16 34 17 31 25 39 29 28 21 32 27 33 14 25 24 29 39 11 38 15 35 21 16 38 38 21 28 36 25 18 11 20 32 30 29 11 14 18 38 37 33 22 26 24 39 17 27 30 36 22 23 23 34 17 40 30 35 40 21 39 21 34 37 18 30 24 33 25 12 33 21 32 40 12 24 32 34 40 37 27 39 33 20 39 16 24 30 37 34 15 19 21 25 16 28 29 23 37 20 18 19
27 25 14 27 28 10 14 26 3 28 22 3 28 8 17 12 22 26 11 22 8 3 20 4 20 6 26 11 22 29 17 21 14 26 18 22 28 22 16 28 15 14 17 29 4 2 4 17 6 24 10 30 21 25 10 27 30 1 1 18 22 15 8 21 21 19 6 29 20 24 2 5 16 14 18 22 9 4 3 16 25 9 21 12 2 16 9 22 7 14 30 19 28 19 14 8 6 18 19 13 6 7 29 28 24 23 5 18 21 25 5 22 21 11 6 26 8 26 15 14 28 25 18 14 29 5 24 28 1 14 5 7 29 22 17 26 12 11 22 24 6 14 7 1 22 14 24 28 6 11 24 21 2 10 10 28 16 29 1 9 15 18 3 20 12 9 7 7 5 11 30 23 24 1 25 16 24 4 24 30 26 29 2 17 4 18 24 4 5 15 25 16 25 24 22 11 17 24 23 11 5 19 4 20 30 18 7 8 23 25 14 23 4 13 21 27 23 25 26 1 14 9 30 1 1 14 27 15 18 17 1 29 28 18 21 6 9 26 3 22 18 16 23 7 7 7 5 30 13 15 27 25 23 24 12 13 28 26 3 22 25 21 8 22 24 16 4 6 26 1 23 7 30 7 30 15 14 25 14 23 3 5 6 28 6 15 18 20 4 21 7 10 28 11 20 14 8 30 7 23 24 24 1 26 12 1 13 22 6 15 12 9 17 7 7 2 4 22 23 5 11 15 20 22 9 2 28 14 13 30 22 26 7 2 12 20 24 13 26 22 7 17 6 14 7 17 8 27 17 16 11 3 7 13 30 20 16 10 23 15 15 18 28 4 22 23 3 10 4 20 21 5 8 26 2 7 8 16 24 3 13 21 4 22 28 23 8 30 23 1 2 17 28 9 11 9 15 19 21 24 28 18 16 19 2 2 3 1 6 9 4 1 27 17 2 26 27 21 8 3 27 10 5 3 28 16 29 10 6 9 24 16 9 28 27 15 6 23 19 6 3 14 8 8 22 11 10 18 14 22 3 3 30 24 8 26 28 29 14 5 4 22 12 20 15 27 10 30 3 27 8 1 25 19 9 3 4 20 6 18 20 15 14 29 12 18 4 8 21 3 21 1 14 26 8 19 19 8 3 26 17 10 18 29 17 18 21 17 25 1 30 17 2 5 3 16 5 3 16 2 18 4 16 28 1 8 30 30 11 15 25 21 23 13 11 11 13 8 21 20 26 1 4 26 5 3 23 26 29 19 21 2 22 8 8 2 15 26 11 23 11 5 11 28 5 1 14 22 30 16 22 14 16 15 27 13 7 26 23 29 8 10 12 18 29 5 5 30 19 29 27 9 17 28 17 10 3 23 30 14 6 27 1 22 9 16 13 14 26 6 16 13 13 29 12 25 23 22 19 15 20 12 22 23 24 3 19 26 24 2 28 4 20 10 14 21 10 30 29 21 30 1 5 24 25 26 5 27 11 9 13 10 4 3 5 4 10 24 29 29 20 12 7 19 10 13 2 19 26 5 8 25 27 17 13 30 4 9 27 6 28 28 28 5 8 26 15 10 8 23 11 29 22 22 24 3 4 13 2 6 24 7 21 15 29 19 18 11 22 17 23 4 15 14 19 29 1 28 5 25 11 6 28 28 11 18 26 15 8 1 10 22 20 19 1 4 8 28 27 23 12 16 14 29 7 17 20 26 12 13 13 24 7 30 20 25 30 11 29 11 24 27 8 20 14 23 15 2 23 11 22 30 2 14 22 24 30 27 17 29 23 10 29 6 14 20 27 24 5 9 11 15 6 18 19 13 27 10 8 9
9 19 15
671 160 645 433 665 151 561 89 430 629 703 111 768 448 104
2 16 9
730 238 248 237 623 34 441 635 596
0 6 8
410 627 213 694 489 725 520 755
1 8 5
525 668 215 784 321
1 4 7
5 732 633 157 697 187 601
3 2 15
773 404 746 493 236 781 334 772 428 17 505 540 696 74 23
3 3 11
631 541 176 156 406 761 22 79 595 347 469
2 1 3
200 634 547
1 20 11
381 425 793 45 242 475 204 660 777 762 356
6 8 13
120 759 281 353 791 790 116 379 593 445 577 442 295
3 5 11
542 798 502 256 184 487 144 710 748 655 202
2 7 5
243 348 195 677 91
4 13 10
7 566 591 90 203 306 439 268 32 519
0 18 3
481 350 304
5 14 11
496 485 229 54 112 756 423 292 449 12 536
0 15 10
450 782 739 2 311 691 460 510 392 210
2 6 12
67 564 307 743 590 706 328 733 337 747 325 612
0 15 13
55 62 456 38 227 284 212 189 650 174 95 466 123
0 2 2
474 751
0 2 6
94 175 675 18 127 662
5 4 8
780 560 669 274 69 721 393 754
0 16 5
625 143 511 776 319
0 16 8
72 386 682 683 327 197 251 75
0 15 2
597 31
1 3 10
737 364 610 340 312 76 663 455 260 301
4 8 10
569 579 462 191 727 282 102 309 563 647
2 6 4
492 418 749 329
0 17 2
412 164
1 20 10
58 231 624 163 411 275 28 495 78 574
1 16 6
465 454 499 789 648 517
2 19 8
554 179 108 367 630 568 641 247
0 13 1
382
4 15 9
653 723 620 549 25 171 708 658 51
3 10 5
699 514 788 1 61
0 10 2
43 232
2 1 10
121 183 150 562 369 366 421 372 765 688
1 16 6
575 530 767 339 757 626
0 11 2
226 618
0 3 8
218 534 180 507 217 679 523 326
0 19 4
698 484 60 640
2 15 5
408 695 342 752 333
0 18 5
480 70 402 760 26
1 7 3
47 288 726
2 4 7
651 137 582 124 435 599 616
1 2 10
642 20 63 628 40 198 704 594 654 551
0 1 2
357 186
1 9 6
513 713 86 512 724 420
0 4 2
447 426
1 3 4
57 689 467 615
0 14 2
279 225
0 10 4
313 68 690 558
3 2 5
667 59 13 649 717
2 5 11
391 244 459 384 214 16 188 53 673 444 508
0 18 3
83 522 261
0 5 4
239 374 52 92
2 18 5
263 424 705 553 273
0 1 2
84 592
3 1 8
162 792 314 359 778 557 685 9
3 11 9
363 289 427 504 278 146 383 42 786
0 10 1
711
4 2 9
794 29 265 657 66 315 293 93 37
5 12 16
87 714 413 555 385 219 531 753 222 8 398 775 126 646 580 365
0 12 3
712 324 303
0 7 4
335 570 114 141
4 8 12
110 360 64 161 286 166 122 266 453 310 644 345
3 20 7
728 472 10 128 598 147 140
0 16 11
538 674 672 707 608 479 797 532 100 417 764
0 15 2
354 787
1 15 5
396 438 769 172 228
0 20 5
193 370 106 401 588
0 5 2
190 473
0 15 1
716
2 5 7
65 573 206 606 486 457 155
4 19 12
637 503 253 607 194 482 152 680 81 21 666 346
5 20 10
552 168 138 280 290 516 245 526 131 388
4 1 8
134 3 527 470 621 738 692 246
1 20 4
208 257 722 136
4 14 11
317 476 718 390 36 269 185 605 498 117 287
0 19 5
416 98 254 468 477
0 7 7
149 779 518 241 544 652 299
2 18 4
740 565 119 377
1 6 8
153 407 211 548 614 586 294 255
1 17 3
387 490 296
2 7 12
209 643 276 567 429 693 556 589 82 207 731 581
1 18 3
446 535 400
1 15 5
77 182 285 272 497
1 13 5
101 600 173 609 277
2 1 4
148 201 774 320
5 14 12
142 341 132 744 129 378 103 6 264 578 681 165
5 17 9
422 521 471 249 709 230 107 795 30
3 20 10
619 338 24 349 376 419 250 758 361 46
3 5 12
678 300 604 434 686 368 48 576 397 500 380 587
4 9 10
656 543 283 178 501 437 308 199 252 440
0 11 2
463 330
2 1 4
533 443 133 483
3 11 1
0
1 27 1
4
1 15 1
11
1 31 1
14
3 26 2
15 734
2 35 1
19
1 10 1
27
1 25 1
33
1 25 1
35
1 40 1
39
4 14 1
41
1 26 1
44
2 14 1
49
1 10 1
50
1 25 1
56
5 33 1
71
1 11 1
73
1 28 1
80
1 24 1
85
3 29 1
88
1 21 1
96
4 13 1
97
3 21 1
99
4 20 1
105
1 3 1
109
5 40 1
113
3 21 1
115
1 18 1
118
3 6 1
125
2 29 1
130
3 33 1
135
2 29 1
139
1 34 1
145
4 17 1
154
4 11 1
158
1 35 1
159
2 21 1
167
2 11 1
169
4 20 1
170
4 14 1
177
1 10 1
181
5 40 1
192
4 23 1
196
4 9 1
205
2 32 1
216
1 35 1
220
1 21 1
221
2 30 1
223
1 5 1
224
1 24 1
233
1 14 1
234
1 4 1
235
1 8 1
240
2 13 1
258
4 8 1
259
1 31 1
262
1 34 1
267
4 20 1
270
1 19 1
271
1 22 1
291
3 17 1
297
4 21 1
298
1 37 1
302
6 23 1
305
1 25 1
316
5 11 1
318
1 8 1
322
1 28 1
323
2 27 1
331
3 17 1
332
4 14 1
336
2 25 1
343
2 18 1
344
1 24 1
351
1 36 1
352
2 37 1
355
2 33 1
358
1 20 1
362
1 20 1
371
1 11 2
373 509
4 23 1
375
1 30 1
389
2 3 1
394
1 17 1
395
1 26 1
399
3 22 1
403
1 8 1
405
7 16 1
409
3 12 1
414
2 26 1
415
4 13 1
431
1 14 1
432
1 28 1
436
5 7 1
451
1 26 1
452
1 23 1
458
1 32 1
461
6 29 1
464
1 17 1
478
2 22 1
488
3 15 1
491
2 36 1
494
3 32 1
506
1 34 1
515
2 16 1
524
1 25 1
528
1 23 1
529
2 19 1
537
2 22 1
539
2 28 1
545
1 35 1
546
1 32 1
550
4 2 1
559
1 31 1
571
1 20 1
572
1 8 1
583
1 27 1
584
1 12 1
585
1 35 1
602
1 39 1
603
4 18 1
611
1 30 1
613
4 21 1
617
1 33 1
622
1 33 1
632
3 13 1
636
2 16 1
638
5 18 1
639
2 14 1
659
5 34 1
661
1 25 1
664
1 15 1
670
3 27 1
676
2 10 1
684
3 21 1
687
1 24 1
700
1 11 1
701
2 27 1
702
1 21 1
715
3 5 1
719
3 13 1
720
7 26 1
729
1 24 1
735
2 13 1
736
3 12 1
741
2 22 1
742
4 6 1
745
1 27 1
750
1 19 1
763
1 26 1
766
3 22 1
770
4 15 1
771
1 25 1
783
1 8 1
785
1 16 1
796
1 18 1
799
