500 193 775 33
35 25 27 36 13 19 25 31 39 15 29 39 12 12 12 33 19 23 15 19 36 29 18 32 28 34 40 33 34 38 19 29 28 38 12 25 17 14 15 13 13 34 40 33 23 21 27 28 31 37 29 26 27 18 27 16 33 26 13 36 18 22 36 14 20 15 19 38 23 32 19 25 16 38 20 20 19 38 16 24 25 18 23 29 32 24 26 26 36 16 27 33 24 24 15 26 37 36 22 26 30 16 27 15 23 22 17 34 11 18 24 13 11 11 31 40 35 36 33 25 15 39 22 30 11 11 11 27 31 40 28 32 21 40 28 24 12 33 26 16 18 31 32 11 19 37 38 18 12 33 18 26 11 38 29 30 18 19 15 23 38 11 40 30 30 14 21 39 38 37 25 13 11 39 18 33 15 38 32 38 23 35 35 39 19 37 32 18 26 11 31 12 18 39 25 23 27 17 27 22 36 15 33 38 14 18 13 34 11 38 18 25 20 21 19 13 35 11 12 32 32 26 13 11 33 17 25 25 22 20 17 17 24 16 20 38 34 27 35 14 16 20 38 34 20 32 15 22 33 30 21 12 11 29 14 37 13 16 25 12 32 39 30 31 16 35 14 16 20 22 30 18 13 30 29 16 30 29 35 34 19 34 29 22 26 15 28 20 17 22 18 34 26 30 32 16 18 40 14 25 25 17 17 40 30 21 31 26 22 22 28 16 39 11 11 34 18 33 36 38 12 11 37 37 18 32 39 29 16 15 26 39 15 24 27 12 15 26 31 16 24 32 12 32 12 18 34 18 26 24 26 19 23 30 27 18 38 12 15 33 30 21 23 35 34 14 26 35 28 15 18 17 35 16 28 12 22 36 11 32 31 24 17 11 33 16 13 38 31 13 18 27 39 36 17 31 16 12 30 28 33 22 12 24 29 23 16 18 33 37 14 39 39 25 15 33 17 32 18 18 14 14 35 22 12 33 19 23 25 40 26 12 37 12 17 21 37 28 25 29 31 25 13 23 39 36 33 17 21 13 37 35 33 18 18 31 26 23 23 25 39 22 14 34 11 12 37 21 14 35 26 33 27 15 13 24 16 12 17 33 17 36 21 32 35 25 32 38 36 13 17 17 30 17 38 21 29 20 18 15
25 15 17 26 3 9 15 21 29 5 19 29 2 2 2 23 9 13 5 9 26 19 8 22 18 24 30 23 24 28 9 19 18 28 2 15 7 4 5 3 3 24 30 23 13 11 17 18 21 27 19 16 17 8 17 6 23 16 3 26 8 12 26 4 10 5 9 28 13 22 9 15 6 28 10 10 9 28 6 14 15 8 13 19 22 14 16 16 26 6 17 23 14 14 5 16 27 26 12 16 20 6 17 5 13 12 7 24 1 8 14 3 1 1 21 30 25 26 23 15 5 29 12 20 1 1 1 17 21 30 18 22 11 30 18 14 2 23 16 6 8 21 22 1 9 27 28 8 2 23 8 16 1 28 19 20 8 9 5 13 28 1 30 20 20 4 11 29 28 27 15 3 1 29 8 23 5 28 22 28 13 25 25 29 9 27 22 8 16 1 21 2 8 29 15 13 17 7 17 12 26 5 23 28 4 8 3 24 1 28 8 15 10 11 9 3 25 1 2 22 22 16 3 1 23 7 15 15 12 10 7 7 14 6 10 28 24 17 25 4 6 10 28 24 10 22 5 12 23 20 11 2 1 19 4 27 3 6 15 2 22 29 20 21 6 25 4 6 10 12 20 8 3 20 19 6 20 19 25 24 9 24 19 12 16 5 18 10 7 12 8 24 16 20 22 6 8 30 4 15 15 7 7 30 20 11 21 16 12 12 18 6 29 1 1 24 8 23 26 28 2 1 27 27 8 22 29 19 6 5 16 29 5 14 17 2 5 16 21 6 14 22 2 22 2 8 24 8 16 14 16 9 13 20 17 8 28 2 5 23 20 11 13 25 24 4 16 25 18 5 8 7 25 6 18 2 12 26 1 22 21 14 7 1 23 6 3 28 21 3 8 17 29 26 7 21 6 2 20 18 23 12 2 14 19 13 6 8 23 27 4 29 29 15 5 23 7 22 8 8 4 4 25 12 2 23 9 13 15 30 16 2 27 2 7 11 27 18 15 19 21 15 3 13 29 26 23 7 11 3 27 25 23 8 8 21 16 13 13 15 29 12 4 24 1 2 27 11 4 25 16 23 17 5 3 14 6 2 7 23 7 26 11 22 25 15 22 28 26 3 7 7 20 7 28 11 19 10 8 5
1 2 3
115 244 24
2 8 4
46 219 253 7
1 5 2
154 164
0 16 2
457 399
2 10 3
378 472 303
1 16 5
100 404 230 155 252
1 9 3
268 363 412
3 3 7
232 319 334 239 153 126 223
0 18 7
428 187 95 452 276 449 86
0 14 3
379 12 278
3 17 8
304 462 54 321 28 497 216 138
0 9 2
17 272
2 3 6
160 309 228 361 163 415
0 2 5
182 342 446 402 423
1 10 8
439 360 491 366 397 15 215 157
3 9 9
176 246 405 347 485 82 451 210 298
0 11 1
291
1 18 5
173 263 387 433 94
0 20 2
297 314
3 19 7
318 99 78 224 73 81 391
0 8 1
436
1 14 6
337 242 374 105 403 200
0 3 4
168 111 460 240
3 8 7
327 225 269 147 191 90 96
1 6 10
53 166 103 499 137 8 398 463 453 60
1 16 5
420 277 222 68 48
4 19 10
69 450 209 484 331 159 26 353 124 483
3 20 9
317 30 365 492 4 190 249 197 300
1 17 3
142 201 114
1 10 3
262 172 341
0 10 2
45 271
0 18 3
135 184 362
5 8 8
411 156 280 358 83 57 72 128
1 3 6
136 482 29 344 195 356
1 13 3
162 308 148
0 13 9
108 440 194 370 494 134 431 315 256
1 15 3
170 352 116
2 11 5
129 220 193 400 84
0 10 2
335 282
1 20 8
302 11 469 145 113 316 435 102
1 19 3
92 281 393
1 14 5
10 465 320 59 151
1 3 4
383 52 186 192
1 6 2
448 32
3 9 7
58 289 371 421 63 16 165
0 17 3
121 70 470
2 16 7
79 237 199 345 488 139 368
3 14 6
381 442 150 80 476 413
1 16 5
498 14 18 475 438
1 18 4
286 203 376 212
0 5 4
270 258 427 75
1 11 5
380 426 367 251 77
1 20 6
183 490 416 226 279 455
2 13 5
310 306 180 85 396
1 14 5
292 283 260 19 257
0 15 7
275 21 175 328 67 6 454
1 10 5
97 36 161 177 425
1 5 4
478 430 233 42
2 4 4
236 37 31 467
1 13 2
39 340
1 9 7
130 273 364 434 133 325 198
1 15 5
394 149 264 123 22
0 9 2
487 332
0 3 3
117 25 474
1 2 6
205 432 346 101 479 287
1 3 3
202 47 285
2 6 8
355 44 429 23 322 141 473 267
0 9 7
185 293 486 444 464 91 284
1 14 5
254 0 294 245 206
0 8 1
312
0 1 5
295 441 477 50 2
0 11 1
171
2 17 5
125 265 384 468 204
1 18 7
493 178 336 27 33 288 305
2 2 5
104 354 481 382 221
2 3 4
274 118 459 229
0 15 1
443
0 14 2
458 350
0 11 4
375 1 235 495
0 20 1
445
0 15 4
261 110 9 234
2 19 8
496 255 386 218 217 338 231 174
1 3 3
181 414 238
2 31 1
3
3 32 1
5
2 13 1
13
2 30 1
20
2 24 1
34
2 22 1
35
1 31 1
38
1 11 1
40
1 19 1
41
3 20 2
43 51
1 28 1
49
2 14 1
55
1 28 1
56
1 17 1
61
2 4 1
62
1 33 1
64
3 28 1
65
2 33 1
66
3 7 1
71
2 34 1
74
2 33 1
76
4 20 1
87
1 15 1
88
2 32 1
89
3 19 1
93
2 32 1
98
3 24 1
106
1 12 1
107
1 12 1
109
2 28 1
112
1 28 1
119
1 6 1
120
3 37 1
122
1 28 1
127
2 17 1
131
3 16 1
132
1 29 1
140
1 20 1
143
1 27 1
144
2 17 1
146
3 24 1
152
1 23 1
158
1 12 1
167
2 31 1
169
4 31 1
179
1 21 1
188
2 26 1
189
1 23 1
196
1 19 1
207
1 20 1
208
3 16 1
211
1 38 1
213
2 6 1
214
1 18 1
227
1 28 1
241
2 20 1
243
3 19 1
247
2 24 1
248
1 24 1
250
1 31 1
259
1 15 1
266
1 21 1
290
3 20 1
296
1 7 1
299
3 39 1
301
1 11 1
307
3 13 1
311
2 19 1
313
3 16 1
323
1 14 1
324
3 24 1
326
1 30 1
329
2 17 1
330
1 14 1
333
1 10 1
339
1 26 1
343
2 21 1
348
2 19 1
349
2 27 1
351
1 22 1
357
1 33 1
359
1 25 1
369
1 12 1
372
1 22 1
373
1 17 1
377
1 19 1
385
1 14 1
388
2 22 1
389
1 24 1
390
2 34 1
392
1 17 1
395
2 23 1
401
1 31 1
406
1 34 1
407
1 17 1
408
2 29 1
409
2 27 1
410
1 23 1
417
3 23 1
418
2 25 1
419
3 35 1
422
2 13 1
424
1 18 1
437
3 22 1
447
1 25 1
456
1 24 1
461
1 26 1
466
2 25 1
471
2 20 1
480
3 31 1
489
