300 72 465 20
33 31 31 40 23 11 35 27 21 25 16 39 27 40 31 39 15 28 29 13 32 11 19 38 27 14 31 14 29 16 30 29 37 37 24 31 17 36 18 16 26 33 22 23 13 19 37 29 25 18 25 18 17 15 35 27 37 35 26 17 27 28 11 22 32 28 27 18 24 12 29 25 23 16 34 27 30 21 37 26 16 18 37 39 38 25 17 21 14 32 21 25 15 23 15 13 32 38 29 30 36 33 19 40 29 32 34 39 16 14 30 36 16 31 39 11 13 28 21 23 38 29 38 14 32 16 31 19 30 36 37 15 23 25 27 23 38 40 39 19 33 20 35 24 17 35 38 14 40 36 17 17 39 34 29 30 31 36 23 29 26 25 13 30 40 17 38 22 13 22 39 37 22 17 38 24 21 29 22 11 29 18 35 22 31 17 13 13 12 29 30 21 37 36 35 17 20 32 33 29 37 31 30 37 19 38 15 33 35 36 19 40 24 39 37 38 22 27 14 27 17 14 32 18 33 33 36 11 17 29 31 32 31 31 36 14 19 21 24 15 33 30 40 34 17 20 13 34 16 24 34 20 32 24 30 35 25 33 17 39 30 32 40 33 26 30 29 12 18 36 37 16 13 12 12 39 36 22 32 36 15 14 29 34 27 15 17 28 36 13 20 22 24 15 19 22 22 31 39 26
23 21 21 30 13 1 25 17 11 15 6 29 17 30 21 29 5 18 19 3 22 1 9 28 17 4 21 4 19 6 20 19 27 27 14 21 7 26 8 6 16 23 12 13 3 9 27 19 15 8 15 8 7 5 25 17 27 25 16 7 17 18 1 12 22 18 17 8 14 2 19 15 13 6 24 17 20 11 27 16 6 8 27 29 28 15 7 11 4 22 11 15 5 13 5 3 22 28 19 20 26 23 9 30 19 22 24 29 6 4 20 26 6 21 29 1 3 18 11 13 28 19 28 4 22 6 21 9 20 26 27 5 13 15 17 13 28 30 29 9 23 10 25 14 7 25 28 4 30 26 7 7 29 24 19 20 21 26 13 19 16 15 3 20 30 7 28 12 3 12 29 27 12 7 28 14 11 19 12 1 19 8 25 12 21 7 3 3 2 19 20 11 27 26 25 7 10 22 23 19 27 21 20 27 9 28 5 23 25 26 9 30 14 29 27 28 12 17 4 17 7 4 22 8 23 23 26 1 7 19 21 22 21 21 26 4 9 11 14 5 23 20 30 24 7 10 3 24 6 14 24 10 22 14 20 25 15 23 7 29 20 22 30 23 16 20 19 2 8 26 27 6 3 2 2 29 26 12 22 26 5 4 19 24 17 5 7 18 26 3 10 12 14 5 9 12 12 21 29 16
1 15 3
104 295 46
1 9 8
199 292 266 71 171 79 89 151
1 9 6
286 217 256 38 82 23
1 12 9
149 116 85 278 65 102 212 280 287
1 8 11
25 12 276 73 53 225 43 199 251 259 295
1 9 8
240 259 281 192 175 99 47 165
1 22 4
247 113 194 231
1 13 5
213 42 223 207 249
1 8 4
69 177 293 114
1 9 6
30 202 111 137 163 24
1 15 5
118 194 96 240 243
1 26 2
288 33
1 10 6
267 297 83 102 236 298
1 8 7
6 245 105 271 205 17 193
1 10 7
227 200 106 182 87 4 10
1 12 9
233 95 121 138 77 117 172 203 246
1 10 7
119 189 250 152 108 75 237
1 7 8
31 67 120 169 221 59 5 171
1 13 3
45 7 42
1 8 7
218 160 279 123 77 261 286
1 10 9
172 13 117 26 65 2 130 143 218
1 11 6
255 230 188 229 45 145
1 11 4
91 282 208 131
1 9 5
235 36 277 130 223
1 7 8
133 162 290 115 41 51 164 234
1 7 8
22 142 212 246 132 201 38 292
1 9 8
134 219 28 58 12 44 184 245
1 9 6
241 254 159 136 264 105
1 12 4
181 299 64 208
1 9 10
100 5 193 257 146 81 35 103 224 252
1 9 7
84 35 127 294 19 234 88
1 3 7
86 285 151 147 18 93 139
1 11 9
76 157 145 143 103 33 62 230 270
1 8 6
47 239 228 9 147 219
1 11 8
144 114 129 170 10 82 104 128
1 9 5
243 92 93 34 29
1 24 2
98 275
1 17 3
164 94 188
1 6 6
165 280 244 70 40 178
1 18 3
15 270 222
1 10 5
27 237 122 0 258
1 12 8
215 52 197 79 60 132 173 250
1 20 3
253 209 206
1 17 5
54 125 166 133 248
1 7 8
291 190 18 263 109 216 68 168
1 9 6
156 153 158 154 72 255
1 18 4
185 78 97 182
1 8 7
265 3 252 1 88 186 227
1 10 7
80 40 161 74 56 209 284
1 16 4
198 57 9 290
1 12 5
232 66 174 183 297
1 7 6
167 21 141 39 111 202
1 6 5
289 251 214 271 299
1 11 6
8 64 268 59 137 156
1 7 7
187 2 63 260 274 224 192
1 10 8
16 68 203 196 50 94 204 239
1 15 4
20 51 264 288
1 10 3
124 204 62
1 4 8
176 179 150 48 248 296 20 247
1 10 7
112 168 128 140 134 198 228
1 19 6
214 262 231 57 189 200
1 11 5
11 220 226 90 50
1 7 8
178 110 101 126 14 43 92 183
1 15 6
4 60 97 177 191 260
1 9 8
46 155 39 273 55 83 91 279
1 8 6
49 139 98 116 174 283
1 10 6
284 184 32 37 191 87
1 11 5
75 61 298 272 185
1 11 5
135 210 261 211 269
1 14 5
107 195 287 242 258
1 10 5
180 44 89 173 161
1 7 7
29 283 206 148 207 238 249
