800 87 1240 18
39 15 36 16 16 11 13 25 35 31 17 18 13 34 13 40 33 16 19 39 21 31 29 25 18 38 13 23 22 26 39 27 40 28 40 14 18 17 35 25 30 27 19 27 40 14 21 30 16 28 14 28 12 24 24 12 11 40 28 16 19 12 31 39 28 35 28 18 34 12 25 22 31 34 28 29 19 29 20 28 26 32 36 34 37 20 14 20 28 16 30 11 31 17 33 19 13 26 30 14 23 14 27 30 14 33 33 39 32 26 35 32 25 12 17 30 14 35 20 35 30 14 24 29 27 13 14 13 26 23 30 28 39 31 27 27 19 29 30 40 16 39 33 15 14 19 23 29 33 11 35 22 27 18 23 38 20 12 25 13 23 21 11 37 19 13 32 19 20 11 24 11 30 22 38 29 39 12 23 26 11 14 16 19 13 38 30 14 33 23 38 29 31 11 30 14 38 28 15 25 31 23 34 32 17 34 33 11 13 29 32 36 12 40 11 30 19 29 34 25 12 23 36 13 25 30 14 15 26 21 15 18 33 25 31 28 38 24 26 31 20 22 13 16 31 38 13 31 15 28 13 16 15 21 23 23 15 33 28 16 15 35 20 28 22 16 38 34 18 20 30 30 39 40 21 11 19 12 40 33 36 23 12 35 13 18 29 39 19 21 36 36 35 27 32 20 25 21 32 24 14 16 25 39 33 25 17 36 15 28 18 24 24 28 22 26 14 23 20 37 26 34 36 25 18 11 26 39 35 27 30 27 20 31 22 29 16 31 38 33 29 24 36 35 16 16 35 39 23 18 32 25 19 24 14 29 31 38 35 15 36 25 27 34 16 13 14 39 12 22 21 26 17 12 11 40 22 14 27 29 14 39 38 19 17 13 14 13 29 11 40 20 13 34 32 30 21 34 12 12 12 16 27 15 11 12 29 39 38 12 25 36 28 25 27 15 36 39 31 12 11 20 12 27 15 24 34 35 11 24 20 21 26 36 15 12 27 37 13 34 38 22 28 29 32 35 13 36 28 16 21 37 24 25 32 26 29 32 28 29 12 26 32 32 17 23 22 13 18 33 19 19 16 23 20 19 13 30 31 11 22 15 32 35 21 15 11 13 19 40 15 13 17 20 29 23 32 33 31 12 21 21 21 35 23 23 20 31 26 38 14 38 25 14 28 21 40 37 31 26 28 11 21 12 19 20 17 16 29 22 18 13 22 30 29 15 34 16 12 12 32 34 12 38 28 39 35 27 30 30 24 23 22 39 28 11 38 29 36 25 35 15 24 39 12 12 31 24 25 40 11 22 14 29 15 40 33 13 28 31 18 20 39 28 26 24 37 14 12 16 34 25 22 34 17 26 40 16 35 30 26 12 20 18 18 16 23 27 24 25 30 34 14 35 27 36 30 17 33 37 28 12 40 31 28 16 39 31 37 27 12 38 28 26 19 12 39 29 17 21 30 16 11 36 21 24 22 33 31 18 36 12 15 18 31 18 38 40 21 24 32 29 38 40 19 12 16 26 38 34 27 27 28 23 12 18 36 26 24 23 12 30 22 29 37 29 30 14 35 19 31 32 17 18 38 21 20 17 38 28 16 36 39 28 17 18 14 27 28 25 40 27 35 39 33 12 35 12 28 17 16 19 24 30 30 29 28 33 17 11 21 19 25 35 18 38 29 36 29 16 24 28 23 26 33 35 27 23 16 17 35 22 21 15 27 30 13 14 37 38 27 26 14 39 13 14 37 12 35 35 36 29 14 32 14 39 18 32 31 37 32 28 35 12 38 17 21 25 13 23 31 26 29 36 12 12 14 24 28 17
29 5 26 6 6 1 3 15 25 21 7 8 3 24 3 30 23 6 9 29 11 21 19 15 8 28 3 13 12 16 29 17 30 18 30 4 8 7 25 15 20 17 9 17 30 4 11 20 6 18 4 18 2 14 14 2 1 30 18 6 9 2 21 29 18 25 18 8 24 2 15 12 21 24 18 19 9 19 10 18 16 22 26 24 27 10 4 10 18 6 20 1 21 7 23 9 3 16 20 4 13 4 17 20 4 23 23 29 22 16 25 22 15 2 7 20 4 25 10 25 20 4 14 19 17 3 4 3 16 13 20 18 29 21 17 17 9 19 20 30 6 29 23 5 4 9 13 19 23 1 25 12 17 8 13 28 10 2 15 3 13 11 1 27 9 3 22 9 10 1 14 1 20 12 28 19 29 2 13 16 1 4 6 9 3 28 20 4 23 13 28 19 21 1 20 4 28 18 5 15 21 13 24 22 7 24 23 1 3 19 22 26 2 30 1 20 9 19 24 15 2 13 26 3 15 20 4 5 16 11 5 8 23 15 21 18 28 14 16 21 10 12 3 6 21 28 3 21 5 18 3 6 5 11 13 13 5 23 18 6 5 25 10 18 12 6 28 24 8 10 20 20 29 30 11 1 9 2 30 23 26 13 2 25 3 8 19 29 9 11 26 26 25 17 22 10 15 11 22 14 4 6 15 29 23 15 7 26 5 18 8 14 14 18 12 16 4 13 10 27 16 24 26 15 8 1 16 29 25 17 20 17 10 21 12 19 6 21 28 23 19 14 26 25 6 6 25 29 13 8 22 15 9 14 4 19 21 28 25 5 26 15 17 24 6 3 4 29 2 12 11 16 7 2 1 30 12 4 17 19 4 29 28 9 7 3 4 3 19 1 30 10 3 24 22 20 11 24 2 2 2 6 17 5 1 2 19 29 28 2 15 26 18 15 17 5 26 29 21 2 1 10 2 17 5 14 24 25 1 14 10 11 16 26 5 2 17 27 3 24 28 12 18 19 22 25 3 26 18 6 11 27 14 15 22 16 19 22 18 19 2 16 22 22 7 13 12 3 8 23 9 9 6 13 10 9 3 20 21 1 12 5 22 25 11 5 1 3 9 30 5 3 7 10 19 13 22 23 21 2 11 11 11 25 13 13 10 21 16 28 4 28 15 4 18 11 30 27 21 16 18 1 11 2 9 10 7 6 19 12 8 3 12 20 19 5 24 6 2 2 22 24 2 28 18 29 25 17 20 20 14 13 12 29 18 1 28 19 26 15 25 5 14 29 2 2 21 14 15 30 1 12 4 19 5 30 23 3 18 21 8 10 29 18 16 14 27 4 2 6 24 15 12 24 7 16 30 6 25 20 16 2 10 8 8 6 13 17 14 15 20 24 4 25 17 26 20 7 23 27 18 2 30 21 18 6 29 21 27 17 2 28 18 16 9 2 29 19 7 11 20 6 1 26 11 14 12 23 21 8 26 2 5 8 21 8 28 30 11 14 22 19 28 30 9 2 6 16 28 24 17 17 18 13 2 8 26 16 14 13 2 20 12 19 27 19 20 4 25 9 21 22 7 8 28 11 10 7 28 18 6 26 29 18 7 8 4 17 18 15 30 17 25 29 23 2 25 2 18 7 6 9 14 20 20 19 18 23 7 1 11 9 15 25 8 28 19 26 19 6 14 18 13 16 23 25 17 13 6 7 25 12 11 5 17 20 3 4 27 28 17 16 4 29 3 4 27 2 25 25 26 19 4 22 4 29 8 22 21 27 22 18 25 2 28 7 11 15 3 13 21 16 19 26 2 2 4 14 18 7
1 7 14
735 633 126 27 583 691 727 19 377 568 579 584 690 692
1 8 3
116 466 661
1 16 7
101 713 140 256 390 454 771
1 6 12
514 129 402 211 604 61 375 791 609 306 691 705
1 8 6
212 508 286 551 17 325
1 3 15
309 432 654 499 452 671 615 461 301 134 729 321 36 618 750
1 4 17
774 247 561 4 77 322 145 590 640 788 520 204 141 245 732 772 797
1 3 17
795 449 219 165 35 269 11 625 31 790 178 565 55 118 262 427 773
1 13 7
283 177 85 526 709 743 763
1 4 19
103 445 90 610 531 130 277 339 495 500 669 59 67 71 199 263 444 667 740
1 4 16
63 57 662 377 150 569 182 298 530 522 151 537 558 296 706 726
1 9 6
356 678 751 315 113 280
1 4 16
742 345 638 648 527 480 404 405 263 534 517 79 88 188 753 776
1 11 6
539 118 65 193 209 468
1 5 12
117 340 197 535 319 728 93 652 358 761 556 476
1 4 16
759 703 372 635 745 123 91 71 316 502 78 395 470 612 685 729
1 3 20
676 688 224 299 714 686 712 478 102 584 473 186 305 677 636 197 212 360 449 509
1 4 15
752 236 689 195 304 137 511 460 526 706 695 187 184 619 747
1 3 21
732 471 433 347 66 220 598 649 492 17 81 365 62 482 694 98 57 103 110 198 508
1 5 12
386 608 191 33 292 693 548 394 174 525 25 293
1 3 24
717 426 29 472 567 692 13 477 128 612 363 421 52 651 288 661 223 294 373 425 452 700 779 780
1 13 7
287 785 115 267 561 600 682
1 9 6
266 216 734 49 559 166
1 4 16
430 438 192 235 431 762 226 111 775 185 420 342 723 284 343 676
1 3 20
254 784 667 744 32 258 726 350 217 58 397 306 370 97 21 181 23 171 436 613
1 8 10
325 407 580 273 159 501 351 64 97 680
1 12 8
444 581 425 183 281 458 535 549
1 10 9
334 18 300 463 617 655 684 719 721
1 8 7
642 330 789 532 220 251 542
1 4 14
237 196 146 43 401 324 721 243 778 724 344 140 274 418
1 5 14
310 213 393 391 453 664 346 696 412 190 360 49 349 738
1 4 16
415 747 210 550 8 553 418 45 665 575 740 114 335 265 76 580
1 8 10
424 361 741 710 521 504 115 408 541 725
1 9 7
411 155 349 428 20 506 96
1 5 16
72 705 683 792 523 124 637 60 489 156 190 297 394 399 494 592
1 3 19
621 602 15 92 387 234 193 666 674 50 44 369 323 574 176 163 385 571 588
1 3 20
320 41 571 510 434 255 367 161 392 540 748 409 280 533 593 121 292 323 477 520
1 4 15
154 222 660 680 147 201 707 88 731 119 573 261 376 720 785
1 4 20
763 546 448 281 490 233 318 690 110 746 89 738 3 116 123 302 447 527 552 562
1 4 17
702 106 362 749 326 215 231 284 105 223 341 698 687 755 273 547 777
1 7 5
557 282 56 105 124
1 4 14
446 657 48 799 120 487 336 242 620 715 194 438 641 796
1 3 17
64 562 0 141 474 585 3 403 180 107 1 601 798 142 485 307 632
1 3 20
389 251 127 135 39 544 423 99 100 468 189 767 67 230 132 168 235 407 435 623
1 7 11
332 408 650 653 422 588 259 266 318 342 395
1 6 8
183 144 385 70 160 326 474 514
1 4 16
5 378 80 112 371 373 162 75 200 400 100 276 308 355 610 679
1 3 18
429 158 646 467 484 248 619 750 218 51 456 722 245 668 138 170 147 354
1 3 17
338 736 528 587 14 9 542 764 274 440 188 83 131 684 518 37 442
1 2 17
773 513 149 600 294 634 797 376 329 46 493 337 481 616 276 464 708
1 8 8
766 673 328 644 624 364 247 681
1 4 13
26 754 617 257 743 672 157 611 396 579 253 89 786
1 6 11
435 317 313 737 374 545 645 780 20 136 381
1 5 16
515 12 203 439 28 125 240 272 76 16 132 229 246 345 521 625
1 9 6
262 497 153 427 756 333
1 5 13
564 160 631 733 82 711 516 779 270 113 139 260 645
1 10 9
549 437 697 793 406 144 398 434 500
1 4 13
37 275 172 171 462 384 629 776 659 285 316 575 671
1 4 13
658 753 781 730 594 670 560 458 87 414 8 111 576
1 8 6
787 152 450 675 233 511
1 10 7
206 796 496 663 554 48 448
1 3 20
459 398 169 417 630 596 507 543 198 24 69 443 606 173 250 613 412 426 513 778
1 10 9
94 327 156 366 479 126 270 282 439
1 6 15
241 136 207 483 643 769 30 512 463 28 466 548 574 663 793
1 3 14
168 455 86 679 498 289 568 164 591 627 291 786 283 589
1 3 17
108 708 333 595 718 214 739 720 709 765 355 388 297 357 24 154 586
1 2 20
96 53 760 54 308 704 552 314 290 475 59 311 302 682 599 524 317 481 567 769
1 10 8
166 353 354 23 381 129 225 554
1 5 14
586 249 442 179 719 205 577 505 605 519 10 248 430 523
1 5 13
148 209 22 121 614 208 647 232 161 164 181 711 791
1 25 5
457 656 460 532 799
1 9 9
623 7 34 582 757 382 69 272 746
1 4 13
777 555 252 578 503 486 622 639 225 238 725 770 771
1 3 20
465 566 16 491 85 699 2 716 782 547 300 227 618 278 246 256 99 138 525 616
1 7 7
628 538 607 295 352 655 626
1 7 10
541 572 38 221 122 447 133 228 693 698
1 8 9
536 261 343 570 271 244 4 359 403
1 3 9
410 794 383 441 700 285 488 114 367
1 10 10
597 603 202 145 299 310 324 421 629 654
1 4 17
368 143 104 589 167 768 592 529 312 6 19 91 265 440 453 499 715
1 5 16
293 228 95 476 509 685 626 40 175 264 43 87 429 556 635 703
1 13 7
576 469 303 268 152 493 686
1 4 17
390 436 379 470 68 681 701 239 199 413 632 783 331 170 180 322 441
1 8 12
10 47 359 494 73 84 563 51 77 473 492 603
1 6 13
42 641 279 416 451 380 772 758 109 53 206 291 742
1 6 7
229 74 348 55 399 92 374
1 12 4
454 419 249 489
