500 78 775 20
29 26 15 35 17 22 31 33 21 20 36 24 29 26 37 40 38 28 18 16 16 19 33 36 16 37 23 29 21 18 30 14 22 32 31 29 36 29 34 23 15 22 21 12 26 24 25 31 13 38 16 37 17 35 37 12 36 39 36 29 19 36 22 40 12 40 24 16 22 24 12 37 37 26 35 26 34 35 18 14 34 25 27 34 20 40 32 34 26 28 18 17 40 28 23 40 25 24 35 22 39 14 33 20 33 12 19 11 14 11 13 11 33 21 36 35 19 34 35 17 39 30 30 34 38 36 27 27 12 31 21 37 12 39 18 35 18 23 23 30 33 11 34 16 26 39 20 30 39 13 12 16 32 23 33 35 40 13 17 30 21 24 38 30 33 24 20 16 23 18 36 28 28 18 35 22 27 33 14 26 12 36 22 12 19 20 21 34 28 38 23 19 40 29 16 14 39 38 32 39 39 38 37 27 28 36 38 34 38 21 17 28 26 32 21 18 31 33 16 37 12 22 24 38 34 29 35 38 29 25 22 28 28 25 20 26 34 15 16 21 40 40 22 13 29 37 34 22 32 30 31 37 32 13 26 17 21 27 39 35 19 19 33 21 33 28 14 39 15 31 29 20 12 21 11 19 39 20 11 38 16 32 19 31 36 18 18 35 22 40 20 33 32 13 31 31 32 22 20 13 40 16 31 13 15 36 12 33 39 38 14 26 31 11 36 17 24 23 24 28 37 32 17 14 35 17 32 29 22 20 21 15 36 16 33 33 15 31 15 29 25 35 18 31 24 18 32 29 37 27 32 37 24 26 13 24 21 24 24 17 13 28 40 17 39 32 31 13 31 33 27 28 37 25 37 40 21 24 38 28 23 25 35 35 36 30 27 36 15 37 37 29 20 31 40 29 23 33 33 29 39 32 35 40 32 25 33 17 15 25 16 26 12 16 28 28 25 30 40 36 17 29 18 15 24 39 34 34 27 12 24 16 15 34 19 31 34 29 37 37 23 23 22 32 16 40 20 21 33 27 24 35 11 40 34 30 14 19 36 18 20 20 22 24 25 38 28 38 21 23 37 12 35 16 31 24 17 17 19 38 36 15 26 33 30 24 31 25 29 24 24 22 20 11 32 15 38 18 21 37
19 16 5 25 7 12 21 23 11 10 26 14 19 16 27 30 28 18 8 6 6 9 23 26 6 27 13 19 11 8 20 4 12 22 21 19 26 19 24 13 5 12 11 2 16 14 15 21 3 28 6 27 7 25 27 2 26 29 26 19 9 26 12 30 2 30 14 6 12 14 2 27 27 16 25 16 24 25 8 4 24 15 17 24 10 30 22 24 16 18 8 7 30 18 13 30 15 14 25 12 29 4 23 10 23 2 9 1 4 1 3 1 23 11 26 25 9 24 25 7 29 20 20 24 28 26 17 17 2 21 11 27 2 29 8 25 8 13 13 20 23 1 24 6 16 29 10 20 29 3 2 6 22 13 23 25 30 3 7 20 11 14 28 20 23 14 10 6 13 8 26 18 18 8 25 12 17 23 4 16 2 26 12 2 9 10 11 24 18 28 13 9 30 19 6 4 29 28 22 29 29 28 27 17 18 26 28 24 28 11 7 18 16 22 11 8 21 23 6 27 2 12 14 28 24 19 25 28 19 15 12 18 18 15 10 16 24 5 6 11 30 30 12 3 19 27 24 12 22 20 21 27 22 3 16 7 11 17 29 25 9 9 23 11 23 18 4 29 5 21 19 10 2 11 1 9 29 10 1 28 6 22 9 21 26 8 8 25 12 30 10 23 22 3 21 21 22 12 10 3 30 6 21 3 5 26 2 23 29 28 4 16 21 1 26 7 14 13 14 18 27 22 7 4 25 7 22 19 12 10 11 5 26 6 23 23 5 21 5 19 15 25 8 21 14 8 22 19 27 17 22 27 14 16 3 14 11 14 14 7 3 18 30 7 29 22 21 3 21 23 17 18 27 15 27 30 11 14 28 18 13 15 25 25 26 20 17 26 5 27 27 19 10 21 30 19 13 23 23 19 29 22 25 30 22 15 23 7 5 15 6 16 2 6 18 18 15 20 30 26 7 19 8 5 14 29 24 24 17 2 14 6 5 24 9 21 24 19 27 27 13 13 12 22 6 30 10 11 23 17 14 25 1 30 24 20 4 9 26 8 10 10 12 14 15 28 18 28 11 13 27 2 25 6 21 14 7 7 9 28 26 5 16 23 20 14 21 15 19 14 14 12 10 1 22 5 28 8 11 27
1 15 7
50 382 281 258 309 330 492
1 5 7
194 164 88 127 75 150 48
1 5 13
443 122 27 35 463 255 365 137 324 81 351 385 460
1 20 5
385 34 68 321 399
1 9 9
411 446 276 95 290 179 98 218 313
1 5 14
364 153 25 498 207 373 72 247 444 144 102 225 252 475
1 5 15
267 336 39 438 361 431 128 182 250 201 0 1 10 61 277
1 6 9
132 311 111 453 415 302 203 492 317
1 15 4
472 43 30 288
1 14 8
331 241 318 332 133 233 334 464
1 12 7
419 64 177 380 15 31 84
1 5 11
455 355 136 159 92 282 357 184 460 7 202
1 12 6
394 265 168 274 180 452
1 7 7
116 225 389 377 248 417 473
1 7 11
4 359 309 49 430 297 254 327 148 190 375
1 5 15
77 312 342 2 317 288 362 53 81 166 37 162 242 259 420
1 4 13
5 457 214 474 174 454 216 246 6 434 327 369 471
1 5 11
489 395 398 61 181 235 356 428 183 35 434
1 7 9
378 310 82 76 354 437 409 141 185
1 7 10
107 337 326 162 58 328 209 56 131 301
1 5 14
222 496 191 185 45 211 381 60 465 321 100 178 282 376
1 9 9
108 187 266 226 0 26 75 329 382
1 9 5
176 333 167 51 270
1 5 11
47 230 237 400 69 420 275 189 353 306 257
1 8 8
292 252 138 429 363 2 92 336
1 6 11
413 410 161 143 31 240 195 298 208 384 435
1 6 9
221 481 40 12 452 54 304 374 457
1 19 8
190 387 47 97 118 200 447 477
1 10 8
406 148 433 91 172 147 168 188
1 8 8
84 358 197 368 408 233 158 213
1 7 10
484 131 329 294 412 450 369 42 59 211
1 5 16
158 93 212 334 38 73 422 141 261 90 149 174 305 357 431 437
1 8 8
253 350 71 99 301 469 251 425
1 12 10
249 456 142 314 16 135 198 237 359 383
1 18 5
439 133 17 22 241
1 17 7
228 98 223 261 269 292 373
1 7 8
421 79 120 63 277 3 278 482
1 5 12
402 427 100 432 152 339 204 435 495 114 21 123
1 13 7
303 10 344 196 129 371 432
1 7 11
198 68 1 360 200 130 146 192 443 467 469
1 19 4
229 426 333 342
1 8 8
178 470 396 316 33 20 126 465
1 5 14
245 371 87 244 219 399 340 497 401 112 155 220 380 396
1 9 8
24 296 372 8 59 49 267 491
1 6 9
366 29 110 370 293 139 346 115 488
1 13 7
490 41 55 166 217 246 264
1 5 11
341 36 67 477 393 272 123 315 15 121 13
1 6 15
173 397 330 126 304 156 192 52 103 259 144 210 262 486 499
1 10 5
407 441 137 216 260
1 12 8
390 213 26 62 73 107 368 386
1 8 7
478 405 451 374 442 462 214
1 6 11
479 447 206 351 279 467 425 94 440 445 495
1 6 13
163 171 471 55 320 386 125 449 82 114 232 355 450
1 7 8
286 165 251 16 264 260 83 103
1 10 6
186 9 347 138 212 463
1 6 11
96 232 239 335 104 289 283 416 60 326 372
1 11 6
367 403 157 94 244 487
1 15 3
80 19 154
1 5 10
345 129 388 271 379 284 487 57 256 135
1 11 8
273 269 238 458 258 124 227 263
1 9 7
86 268 468 392 348 125 207
1 9 8
499 295 202 423 113 262 249 278
1 6 12
215 124 352 322 488 65 404 18 106 300 48 58
1 15 5
325 436 217 5 345
1 5 12
391 349 85 90 44 485 101 118 323 46 365 381
1 11 8
375 160 308 170 291 95 184 322
1 6 9
155 147 220 145 236 193 224 115 87
1 10 5
97 180 414 53 78
1 8 4
151 263 273 276
1 7 6
105 243 37 154 194 446
1 6 11
56 210 109 343 299 175 28 145 157 193 271
1 5 10
169 491 149 287 66 480 89 188 234 338
1 11 8
493 418 227 23 486 50 265 335
1 6 10
42 74 307 134 257 102 218 231 238 343
1 5 13
21 464 70 14 11 494 305 280 445 119 80 349 441
1 7 10
383 78 205 461 384 466 319 38 348 474
1 5 12
448 117 376 13 32 285 459 242 199 475 122 229
1 7 8
483 476 140 313 54 424 22 418
