1000 99 1550 18
12 32 37 16 11 20 18 31 40 31 31 30 30 13 39 36 39 35 39 20 24 26 32 26 32 26 26 20 19 32 13 33 34 34 33 29 34 29 22 12 14 15 14 14 25 21 22 39 24 30 19 11 37 25 20 36 25 12 11 27 19 15 36 26 18 20 13 24 35 39 14 14 31 28 36 25 35 12 22 26 32 24 36 32 18 17 25 40 32 39 36 11 13 21 19 31 19 14 35 33 28 25 31 20 13 16 23 35 14 30 31 33 15 13 22 39 18 15 25 24 24 39 36 14 20 35 20 35 38 24 27 30 37 30 38 36 26 34 17 26 28 31 14 17 22 16 39 13 24 23 31 19 27 24 11 39 12 34 13 38 17 11 17 18 36 28 15 36 14 18 11 38 13 26 15 24 11 17 39 16 30 23 22 28 18 26 13 32 15 18 22 13 16 30 30 40 21 31 12 39 29 36 17 34 28 26 40 13 21 12 27 15 38 33 33 38 25 12 32 31 34 38 21 32 40 12 23 32 25 22 29 12 22 39 31 17 15 17 22 18 30 13 16 31 37 30 12 33 21 14 27 38 22 24 28 12 40 27 39 40 21 27 35 30 32 34 30 34 17 38 16 37 29 37 17 16 18 15 16 39 14 30 29 39 28 27 36 32 15 33 28 22 26 14 13 32 11 36 38 31 21 25 17 15 39 12 17 40 16 14 17 13 27 36 27 11 27 16 17 29 28 34 30 16 13 34 36 19 40 12 37 25 20 16 25 26 21 25 30 33 17 21 37 40 27 30 32 31 28 23 20 39 11 17 34 17 37 23 37 23 25 23 31 34 12 30 31 37 34 34 30 13 15 11 24 14 12 36 40 38 14 34 40 29 35 32 24 21 28 23 28 29 12 23 37 29 35 17 16 27 21 19 23 20 17 22 26 35 36 25 35 33 28 31 38 15 26 23 37 12 18 22 20 13 19 24 36 21 38 27 19 28 33 22 28 23 12 30 40 13 39 21 33 25 36 34 23 34 27 40 36 40 30 31 36 13 17 29 26 13 20 14 29 14 24 14 17 18 19 13 16 32 39 24 40 25 13 18 38 31 29 22 17 12 12 34 11 11 20 24 16 22 18 27 21 23 22 19 23 11 26 31 22 40 19 34 14 12 11 30 23 29 11 26 13 34 28 35 35 24 34 14 15 32 35 35 12 35 35 36 31 11 17 15 24 23 40 29 18 38 12 32 31 25 39 24 39 34 24 39 40 32 23 12 28 18 14 15 31 11 20 15 19 33 17 34 17 21 11 14 40 20 12 16 22 15 17 23 12 20 29 19 12 31 11 25 21 20 26 25 33 20 17 17 18 13 26 17 33 13 13 28 35 11 20 11 35 38 39 39 18 25 22 36 19 21 16 25 21 19 40 33 24 19 16 14 38 35 24 19 24 16 31 13 32 17 26 28 11 21 24 33 17 22 19 36 18 18 16 31 32 39 19 35 34 22 20 22 27 32 11 33 33 40 25 39 24 19 28 24 18 21 28 30 37 13 39 18 22 20 26 11 23 12 17 15 12 33 33 40 32 26 27 27 24 30 40 25 31 30 33 25 14 18 24 20 14 33 16 29 16 32 37 39 13 27 12 25 16 21 25 20 33 21 21 28 34 24 28 22 14 33 37 31 12 34 32 15 28 35 27 36 33 22 15 20 18 25 21 21 24 30 23 23 23 36 39 34 17 39 16 27 15 22 14 18 22 20 12 31 25 20 38 12 39 38 13 17 20 29 24 13 29 32 27 40 26 13 14 33 27 32 21 38 19 23 11 39 12 33 34 30 20 25 23 31 35 31 29 39 32 18 16 30 38 20 31 15 25 17 15 16 32 15 17 18 18 18 26 39 28 40 40 14 18 26 14 40 22 25 21 40 38 31 17 17 26 28 30 38 34 36 36 36 14 40 31 24 26 27 38 25 35 27 35 34 35 28 13 14 17 23 13 37 22 31 38 14 30 18 19 31 25 19 20 40 35 21 24 38 29 39 30 24 30 35 36 20 16 27 30 34 18 24 23 39 28 16 28 29 36 19 29 31 40 30 24 29 33 17 22 16 28 27 40 37 38 28 17 40 21 26 36 29 35 39 15 36 17 18 22 40 36 17 11 32 17 16 19 19 20 18 17 29 33 29 14 29 38 13 14 30 15 38 22 30 23 11 26 27 29 37 20 22 20 37 24 16 36 39 12 39 28 33 15 16 28 14 22 34 12 12 40 31 23 40 17 23 25 26
2 22 27 6 1 10 8 21 30 21 21 20 20 3 29 26 29 25 29 10 14 16 22 16 22 16 16 10 9 22 3 23 24 24 23 19 24 19 12 2 4 5 4 4 15 11 12 29 14 20 9 1 27 15 10 26 15 2 1 17 9 5 26 16 8 10 3 14 25 29 4 4 21 18 26 15 25 2 12 16 22 14 26 22 8 7 15 30 22 29 26 1 3 11 9 21 9 4 25 23 18 15 21 10 3 6 13 25 4 20 21 23 5 3 12 29 8 5 15 14 14 29 26 4 10 25 10 25 28 14 17 20 27 20 28 26 16 24 7 16 18 21 4 7 12 6 29 3 14 13 21 9 17 14 1 29 2 24 3 28 7 1 7 8 26 18 5 26 4 8 1 28 3 16 5 14 1 7 29 6 20 13 12 18 8 16 3 22 5 8 12 3 6 20 20 30 11 21 2 29 19 26 7 24 18 16 30 3 11 2 17 5 28 23 23 28 15 2 22 21 24 28 11 22 30 2 13 22 15 12 19 2 12 29 21 7 5 7 12 8 20 3 6 21 27 20 2 23 11 4 17 28 12 14 18 2 30 17 29 30 11 17 25 20 22 24 20 24 7 28 6 27 19 27 7 6 8 5 6 29 4 20 19 29 18 17 26 22 5 23 18 12 16 4 3 22 1 26 28 21 11 15 7 5 29 2 7 30 6 4 7 3 17 26 17 1 17 6 7 19 18 24 20 6 3 24 26 9 30 2 27 15 10 6 15 16 11 15 20 23 7 11 27 30 17 20 22 21 18 13 10 29 1 7 24 7 27 13 27 13 15 13 21 24 2 20 21 27 24 24 20 3 5 1 14 4 2 26 30 28 4 24 30 19 25 22 14 11 18 13 18 19 2 13 27 19 25 7 6 17 11 9 13 10 7 12 16 25 26 15 25 23 18 21 28 5 16 13 27 2 8 12 10 3 9 14 26 11 28 17 9 18 23 12 18 13 2 20 30 3 29 11 23 15 26 24 13 24 17 30 26 30 20 21 26 3 7 19 16 3 10 4 19 4 14 4 7 8 9 3 6 22 29 14 30 15 3 8 28 21 19 12 7 2 2 24 1 1 10 14 6 12 8 17 11 13 12 9 13 1 16 21 12 30 9 24 4 2 1 20 13 19 1 16 3 24 18 25 25 14 24 4 5 22 25 25 2 25 25 26 21 1 7 5 14 13 30 19 8 28 2 22 21 15 29 14 29 24 14 29 30 22 13 2 18 8 4 5 21 1 10 5 9 23 7 24 7 11 1 4 30 10 2 6 12 5 7 13 2 10 19 9 2 21 1 15 11 10 16 15 23 10 7 7 8 3 16 7 23 3 3 18 25 1 10 1 25 28 29 29 8 15 12 26 9 11 6 15 11 9 30 23 14 9 6 4 28 25 14 9 14 6 21 3 22 7 16 18 1 11 14 23 7 12 9 26 8 8 6 21 22 29 9 25 24 12 10 12 17 22 1 23 23 30 15 29 14 9 18 14 8 11 18 20 27 3 29 8 12 10 16 1 13 2 7 5 2 23 23 30 22 16 17 17 14 20 30 15 21 20 23 15 4 8 14 10 4 23 6 19 6 22 27 29 3 17 2 15 6 11 15 10 23 11 11 18 24 14 18 12 4 23 27 21 2 24 22 5 18 25 17 26 23 12 5 10 8 15 11 11 14 20 13 13 13 26 29 24 7 29 6 17 5 12 4 8 12 10 2 21 15 10 28 2 29 28 3 7 10 19 14 3 19 22 17 30 16 3 4 23 17 22 11 28 9 13 1 29 2 23 24 20 10 15 13 21 25 21 19 29 22 8 6 20 28 10 21 5 15 7 5 6 22 5 7 8 8 8 16 29 18 30 30 4 8 16 4 30 12 15 11 30 28 21 7 7 16 18 20 28 24 26 26 26 4 30 21 14 16 17 28 15 25 17 25 24 25 18 3 4 7 13 3 27 12 21 28 4 20 8 9 21 15 9 10 30 25 11 14 28 19 29 20 14 20 25 26 10 6 17 20 24 8 14 13 29 18 6 18 19 26 9 19 21 30 20 14 19 23 7 12 6 18 17 30 27 28 18 7 30 11 16 26 19 25 29 5 26 7 8 12 30 26 7 1 22 7 6 9 9 10 8 7 19 23 19 4 19 28 3 4 20 5 28 12 20 13 1 16 17 19 27 10 12 10 27 14 6 26 29 2 29 18 23 5 6 18 4 12 24 2 2 30 21 13 30 7 13 15 16
1 4 16
576 374 687 749 591 854 233 365 60 75 122 247 889 19 651 994
1 5 13
730 208 725 702 397 94 228 277 560 722 785 841 869
1 3 19
436 259 470 313 601 550 437 772 304 674 684 796 284 771 396 59 97 567 906
1 4 11
646 642 67 113 977 444 492 890 920 921 998
1 5 14
386 379 726 658 507 995 209 357 527 63 598 84 268 870
1 4 16
56 538 51 499 498 979 732 305 560 32 390 787 897 9 582 805
1 7 8
94 188 25 69 120 262 332 667
1 10 10
487 832 370 696 31 753 416 433 879 997
1 2 21
393 156 933 271 303 104 984 856 160 475 425 982 883 975 711 363 969 432 640 508 584
1 2 28
385 359 226 360 143 872 236 761 330 904 192 217 645 111 312 98 520 721 614 905 163 263 375 448 478 609 731 797
1 5 17
757 689 174 427 792 395 221 165 413 849 848 33 62 267 471 592 927
1 4 15
704 974 207 495 394 723 21 502 42 16 735 945 886 6 122
1 4 15
93 876 609 617 150 9 356 742 97 926 154 239 307 467 764
1 6 10
616 882 228 526 401 841 334 0 154 895
1 4 17
149 864 736 86 200 579 778 214 567 426 485 153 109 164 230 411 796
1 2 23
216 444 95 347 342 923 72 898 36 649 37 349 250 615 710 694 586 768 450 866 281 484 603
1 12 5
951 588 3 121 535
1 17 4
561 414 381 325
1 2 20
675 128 606 890 380 273 655 186 810 295 482 939 3 893 191 466 862 299 338 923
1 8 11
517 957 953 388 255 40 245 274 287 434 798
1 7 11
12 661 89 242 729 327 453 155 253 450 756
1 3 23
434 184 934 142 398 946 829 664 993 491 372 13 85 172 996 494 87 100 430 496 646 647 932
1 4 16
942 798 998 460 265 873 867 544 641 901 637 985 12 224 776 950
1 10 8
318 367 486 177 33 252 675 702
1 5 17
409 731 387 29 152 224 500 229 552 992 420 173 273 316 372 395 402
1 9 10
407 190 902 880 42 214 301 352 363 488
1 3 16
944 913 266 650 175 799 34 983 813 511 144 136 22 566 715 862
1 4 19
584 907 345 930 755 918 936 417 66 61 22 449 39 196 356 424 502 873 896
1 7 12
739 310 673 619 572 540 11 351 497 516 644 885
1 3 18
794 25 835 656 346 497 294 293 431 834 198 195 510 138 322 621 758 968
1 11 8
817 830 134 504 549 556 752 845
1 5 15
776 959 243 112 626 354 534 518 146 376 43 144 320 367 550
1 5 14
583 738 852 336 910 547 199 559 54 324 90 315 477 536
1 3 25
477 812 109 682 633 709 533 268 877 468 508 267 766 531 171 940 471 843 665 447 537 544 606 694 823
1 3 20
258 519 297 681 248 472 990 558 987 801 506 679 797 309 596 168 501 804 808 816
1 3 23
121 522 158 785 750 713 607 15 400 211 595 727 106 114 720 43 300 246 593 66 96 260 881
1 18 8
925 41 809 337 400 494 658 993
1 7 5
58 816 680 960 419
1 20 6
361 958 77 171 413 453
1 6 11
908 651 308 218 524 131 30 581 523 670 840
1 7 7
669 490 789 604 569 258 778
1 3 21
997 964 819 532 373 234 296 57 351 635 256 331 129 369 307 962 110 105 48 443 553
1 4 15
124 825 479 611 179 733 529 512 276 618 73 56 74 679 897
1 2 23
915 130 986 90 28 717 438 807 91 573 46 903 69 140 774 462 839 80 65 76 211 220 728
1 4 17
117 53 202 676 505 831 240 167 564 440 119 752 531 538 705 842 940
1 14 7
439 961 447 88 280 382 951
1 20 5
589 82 390 563 711
1 17 7
971 125 716 324 610 949 958
1 3 21
557 323 670 364 850 948 455 909 636 320 629 980 135 563 227 292 319 637 916 972 985
1 3 23
358 861 389 35 88 493 18 350 912 594 706 287 838 683 625 322 21 458 474 506 601 773 829
1 5 19
662 571 411 556 667 632 461 62 652 478 162 179 347 449 500 617 854 963 996
1 6 14
620 384 251 916 474 537 457 127 911 892 223 398 721 953
1 4 15
978 551 851 20 748 392 871 445 762 11 600 783 272 631 703
1 5 14
724 157 747 582 38 47 542 788 348 539 231 541 799 966
1 5 12
929 162 780 884 784 548 70 225 104 257 361 739
1 5 17
215 81 180 737 699 833 166 168 895 80 254 293 427 652 794 807 924
1 5 15
201 701 4 480 317 355 565 173 337 306 358 452 486 883 937
1 4 11
672 435 27 763 631 765 335 568 850 886 931
1 9 9
914 137 666 424 280 989 50 362 986
1 3 20
842 968 39 887 279 824 660 509 103 570 719 663 245 253 863 592 79 513 178 313
1 5 11
821 404 671 756 630 456 212 52 185 164 210
1 6 10
697 836 328 826 169 976 585 751 810 919
1 5 12
260 340 941 751 869 927 920 847 406 473 160 490
1 12 9
678 773 954 602 345 387 687 925 990
1 7 13
108 612 587 412 410 608 562 8 28 249 558 755 989
1 3 22
770 712 232 523 2 314 182 541 408 803 554 802 382 452 845 623 685 603 8 52 174 422
1 6 5
222 734 175 524 674
1 4 15
40 566 700 555 858 429 14 448 657 546 516 759 777 17 673
1 3 20
814 543 932 865 423 289 921 521 621 402 906 170 205 145 74 118 740 350 659 977
1 6 12
575 496 219 627 377 754 714 808 378 645 690 709
1 4 16
653 692 943 840 707 881 291 126 416 644 316 155 113 286 729 880
1 3 19
26 846 590 947 728 442 134 281 68 860 17 378 55 718 827 967 341 464 818
1 11 8
476 244 194 343 391 839 878 891
1 10 9
489 237 58 231 238 470 725 788 910
1 3 19
659 458 668 501 339 463 430 238 815 99 781 896 688 514 938 234 386 465 801
1 8 10
530 745 133 820 484 321 571 600 619 952
1 4 13
605 857 213 553 306 286 302 181 206 203 366 116 405
1 7 10
257 325 298 868 804 900 515 149 744 825
1 7 11
878 362 399 952 223 147 4 456 482 513 917
1 4 17
769 972 891 888 966 545 578 693 643 96 344 198 641 742 821 835 914
1 17 4
220 935 278 933
1 3 21
301 451 467 197 931 504 805 101 353 274 269 230 459 894 859 139 722 698 129 295 417
1 4 19
315 1 183 917 115 928 290 7 193 690 264 844 613 340 359 481 628 681 806
1 2 21
433 988 311 648 874 383 24 791 333 441 64 189 853 151 235 102 786 5 488 45 415
1 2 21
806 899 375 78 767 654 71 465 638 779 92 288 368 922 624 823 321 212 343 663 908
1 3 18
254 691 421 326 176 44 141 885 204 715 574 525 352 965 83 454 455 510
1 7 10
973 161 741 639 743 800 249 79 193 394
1 4 4
277 760 647 190
1 4 18
793 132 822 262 535 937 956 270 924 100 782 285 483 65 85 389 691 777
1 12 7
503 599 282 120 265 589 935
1 7 9
828 580 49 163 708 133 143 406 688
1 5 14
634 577 695 764 879 811 528 418 123 10 443 446 473 981
1 11 10
332 469 837 790 26 283 285 431 907 943
1 13 11
481 159 446 35 118 182 244 629 791 942 978
1 6 10
422 949 187 0 686 549 241 744 423 684
1 4 15
970 875 261 319 746 597 275 492 107 50 218 561 585 682 718
1 6 13
428 23 855 536 981 263 84 610 283 775 555 613 749
1 4 10
870 371 622 77 148 628 415 34 364 379
1 3 25
994 703 919 196 795 999 329 677 10 705 950 963 991 758 178 252 955 403 264 284 317 323 344 369 439
