700 84 1085 20
21 18 22 24 24 26 24 38 28 24 38 13 36 32 18 19 36 20 23 33 34 39 12 18 13 19 34 34 15 40 34 25 11 11 30 25 16 21 12 25 36 37 26 35 24 20 33 36 32 12 20 26 28 21 34 32 36 15 26 18 32 30 31 21 24 14 14 25 12 32 28 25 22 15 23 31 31 11 38 16 29 14 26 28 18 37 35 26 29 23 15 33 19 37 35 15 36 38 15 16 29 39 11 37 19 40 13 20 30 17 17 13 15 31 22 29 35 35 17 12 23 16 23 37 32 36 15 40 37 26 38 37 17 29 12 16 13 23 12 36 34 37 39 38 30 20 39 13 15 15 30 27 36 34 18 34 31 39 13 21 25 39 34 12 23 33 18 34 12 23 39 16 22 11 33 12 29 25 38 16 32 27 18 36 19 12 24 33 34 22 22 22 38 17 34 11 24 30 22 32 19 13 11 31 23 24 34 34 39 23 37 29 40 15 24 25 13 30 12 19 36 15 40 17 23 30 35 22 30 34 20 11 23 20 21 29 22 26 25 24 25 18 29 14 15 19 22 30 32 31 39 11 14 38 16 29 28 32 17 23 20 16 38 11 15 22 39 20 27 23 27 23 27 31 25 11 28 30 29 38 32 29 36 14 28 33 38 29 23 38 19 28 25 30 38 14 17 31 36 35 34 31 30 26 14 32 26 27 13 17 18 20 14 17 15 38 23 21 23 19 40 17 16 30 31 34 20 30 32 15 37 36 14 25 38 39 36 18 15 19 33 14 24 25 28 35 38 35 21 28 37 14 13 28 26 28 32 13 12 34 29 32 27 37 34 12 21 25 13 19 15 38 36 19 14 30 35 33 24 33 28 35 18 34 13 29 32 29 19 15 19 29 20 28 29 39 21 22 12 40 31 14 30 28 25 18 30 28 35 27 34 21 25 37 20 24 38 17 21 35 24 27 13 25 17 27 21 11 40 28 40 20 30 17 19 38 13 19 19 18 14 35 35 36 12 26 32 28 31 17 37 29 22 25 30 32 40 14 39 13 15 29 20 30 14 37 14 19 26 12 14 23 34 11 17 32 11 22 33 14 38 27 14 24 39 25 24 17 17 19 37 24 38 40 38 15 25 13 30 27 38 27 17 13 29 29 27 32 32 17 38 16 37 23 37 36 23 11 19 29 25 23 28 35 19 37 31 37 22 38 31 28 17 36 15 27 25 27 30 38 17 18 29 32 34 25 13 26 35 39 36 35 21 19 20 22 27 20 15 27 30 28 24 13 37 25 26 34 35 36 18 21 13 37 16 15 16 31 39 28 24 23 28 23 14 11 15 15 31 32 19 39 39 19 29 34 28 38 37 22 38 17 12 33 19 38 20 25 39 28 20 32 18 31 27 16 33 31 31 21 36 27 26 40 32 37 21 34 28 12 32 17 29 16 37 21 20 33 23 16 23 29 18 15 35 23 15 14 14 31 20 37 23 34 27 23 34 35 30 15 36 13 31 24 38 26 28 12 40 28 13 32 21 26 26 14 30 21 18 24 32 37 40 24 39 22 36 21 15 14 39 12 36 37 30 22 39 14 37 23
11 8 12 14 14 16 14 28 18 14 28 3 26 22 8 9 26 10 13 23 24 29 2 8 3 9 24 24 5 30 24 15 1 1 20 15 6 11 2 15 26 27 16 25 14 10 23 26 22 2 10 16 18 11 24 22 26 5 16 8 22 20 21 11 14 4 4 15 2 22 18 15 12 5 13 21 21 1 28 6 19 4 16 18 8 27 25 16 19 13 5 23 9 27 25 5 26 28 5 6 19 29 1 27 9 30 3 10 20 7 7 3 5 21 12 19 25 25 7 2 13 6 13 27 22 26 5 30 27 16 28 27 7 19 2 6 3 13 2 26 24 27 29 28 20 10 29 3 5 5 20 17 26 24 8 24 21 29 3 11 15 29 24 2 13 23 8 24 2 13 29 6 12 1 23 2 19 15 28 6 22 17 8 26 9 2 14 23 24 12 12 12 28 7 24 1 14 20 12 22 9 3 1 21 13 14 24 24 29 13 27 19 30 5 14 15 3 20 2 9 26 5 30 7 13 20 25 12 20 24 10 1 13 10 11 19 12 16 15 14 15 8 19 4 5 9 12 20 22 21 29 1 4 28 6 19 18 22 7 13 10 6 28 1 5 12 29 10 17 13 17 13 17 21 15 1 18 20 19 28 22 19 26 4 18 23 28 19 13 28 9 18 15 20 28 4 7 21 26 25 24 21 20 16 4 22 16 17 3 7 8 10 4 7 5 28 13 11 13 9 30 7 6 20 21 24 10 20 22 5 27 26 4 15 28 29 26 8 5 9 23 4 14 15 18 25 28 25 11 18 27 4 3 18 16 18 22 3 2 24 19 22 17 27 24 2 11 15 3 9 5 28 26 9 4 20 25 23 14 23 18 25 8 24 3 19 22 19 9 5 9 19 10 18 19 29 11 12 2 30 21 4 20 18 15 8 20 18 25 17 24 11 15 27 10 14 28 7 11 25 14 17 3 15 7 17 11 1 30 18 30 10 20 7 9 28 3 9 9 8 4 25 25 26 2 16 22 18 21 7 27 19 12 15 20 22 30 4 29 3 5 19 10 20 4 27 4 9 16 2 4 13 24 1 7 22 1 12 23 4 28 17 4 14 29 15 14 7 7 9 27 14 28 30 28 5 15 3 20 17 28 17 7 3 19 19 17 22 22 7 28 6 27 13 27 26 13 1 9 19 15 13 18 25 9 27 21 27 12 28 21 18 7 26 5 17 15 17 20 28 7 8 19 22 24 15 3 16 25 29 26 25 11 9 10 12 17 10 5 17 20 18 14 3 27 15 16 24 25 26 8 11 3 27 6 5 6 21 29 18 14 13 18 13 4 1 5 5 21 22 9 29 29 9 19 24 18 28 27 12 28 7 2 23 9 28 10 15 29 18 10 22 8 21 17 6 23 21 21 11 26 17 16 30 22 27 11 24 18 2 22 7 19 6 27 11 10 23 13 6 13 19 8 5 25 13 5 4 4 21 10 27 13 24 17 13 24 25 20 5 26 3 21 14 28 16 18 2 30 18 3 22 11 16 16 4 20 11 8 14 22 27 30 14 29 12 26 11 5 4 29 2 26 27 20 12 29 4 27 13
1 5 10
445 118 366 393 655 431 658 201 428 473
1 5 14
5 116 184 259 279 235 361 396 58 374 380 475 554 652
1 4 16
351 27 206 465 660 550 347 104 163 612 695 544 622 37 382 527
1 6 9
328 80 413 407 644 286 533 433 388
1 16 5
274 340 625 190 692
1 3 17
348 156 121 425 471 38 13 574 249 219 174 10 261 88 346 402 636
1 3 20
486 633 684 190 563 108 630 221 665 489 547 337 17 287 230 296 379 582 638 686
1 8 10
51 390 570 26 265 140 127 165 273 359
1 8 4
99 636 39 260
1 8 11
586 333 493 653 582 124 372 96 126 171 303
1 15 5
178 697 559 48 420
1 15 8
481 572 668 77 191 338 374 397
1 4 15
145 320 202 395 526 603 561 476 33 367 215 312 24 55 533
1 5 15
694 93 484 615 467 414 418 316 314 18 139 92 242 459 561
1 8 6
284 151 368 645 590 678
1 6 9
144 288 500 649 225 168 263 318 666
1 6 12
98 335 330 210 228 84 86 387 20 2 249 604
1 11 7
75 357 420 84 166 418 430
1 3 17
305 409 417 593 560 313 686 273 269 296 375 398 141 310 229 241 383
1 6 10
385 68 129 40 575 21 209 352 408 626
1 3 15
223 455 518 338 532 557 384 497 62 421 171 397 79 250 46
1 12 8
453 614 371 618 129 293 449 489
1 5 12
112 494 179 573 255 76 64 482 664 588 81 330
1 12 8
29 319 456 82 605 277 431 596
1 4 15
176 264 687 63 608 426 542 251 548 187 587 83 101 216 392
1 3 16
19 28 631 535 369 37 534 85 585 233 100 667 490 459 247 474
1 4 13
6 136 579 617 55 515 50 217 185 317 389 140 252
1 4 14
324 657 495 12 659 504 473 127 564 520 201 362 350 283
1 9 9
523 198 656 290 154 49 94 280 465
1 12 8
537 525 155 247 322 361 466 591
1 9 10
463 388 162 268 54 38 80 522 538 659
1 4 11
77 628 180 358 509 256 536 423 81 179 238
1 13 7
41 565 522 346 31 239 589
1 9 7
102 440 591 23 331 325 540
1 7 12
0 278 303 364 551 637 503 132 181 568 643 679
1 3 17
175 530 293 402 262 688 400 339 137 186 662 295 243 74 169 528 609
1 12 5
301 647 14 175 518
1 15 3
353 514 461
1 21 7
492 292 32 63 111 367 512
1 9 9
135 73 590 380 334 64 248 396 478
1 5 13
205 105 216 300 556 57 552 408 447 270 343 457 629
1 4 14
177 294 96 95 173 356 289 609 449 203 499 635 147 298
1 6 11
598 679 682 74 327 436 22 488 430 25 198
1 6 10
160 7 110 528 169 49 382 125 364 425
1 4 13
83 571 16 94 507 435 432 676 134 439 540 315 499
1 4 17
581 675 199 66 444 196 671 146 246 30 602 606 0 212 410 437 519
1 4 14
663 207 502 236 365 381 652 549 61 691 107 306 242 215
1 5 12
422 458 238 607 60 111 553 412 11 121 331 584
1 7 12
232 391 47 506 386 181 376 193 202 354 462 615
1 4 17
311 234 427 383 43 699 643 302 253 642 272 197 193 3 207 220 377
1 5 15
634 600 681 245 25 595 491 594 516 14 478 417 525 669 687
1 5 14
71 392 629 267 237 161 56 661 577 443 584 167 510 572
1 5 12
45 519 69 321 126 692 505 410 685 42 200 635
1 6 9
360 448 165 291 517 401 345 604 613
1 7 12
619 373 508 437 623 341 469 336 135 286 426 555
1 4 18
266 42 142 355 89 555 308 379 131 511 143 648 539 285 107 187 357 419
1 6 10
472 164 31 280 3 34 204 306 401 639
1 5 11
48 678 159 424 558 211 65 108 470 620 684
1 12 5
35 669 451 440 532
1 6 17
1 307 521 354 44 419 672 450 56 100 234 329 384 416 517 543 640
1 9 8
97 399 693 342 4 15 211 567
1 6 10
329 32 641 170 260 224 487 163 434 627
1 3 13
218 277 651 8 115 466 322 132 227 468 241 638 251
1 10 3
670 429 53
1 4 17
640 527 304 297 103 192 133 674 222 172 441 254 479 654 270 546 660
1 5 14
106 464 485 332 298 580 158 128 569 438 35 415 433 682
1 12 6
411 239 156 186 194 378
1 5 11
214 363 554 275 257 454 529 477 592 189 637
1 6 8
248 673 183 406 610 513 271 9
1 4 13
130 546 460 434 258 87 138 150 281 252 337 342 507
1 6 8
230 326 632 323 125 213 343 147
1 8 9
148 616 452 349 166 259 351 413 579
1 7 9
677 52 646 53 188 70 69 134 269
1 5 21
208 496 611 377 78 226 283 109 195 119 240 289 348 436 446 493 505 513 594 617 696
1 4 15
428 583 113 626 613 309 90 624 359 378 2 599 524 698 445
1 7 9
543 639 276 696 91 541 200 159 690
1 6 10
299 153 501 596 220 394 690 474 209 256
1 3 17
416 122 370 191 282 601 531 442 405 114 67 182 72 566 305 368 622
1 8 7
157 475 666 589 231 344 6
1 4 13
498 538 650 683 483 404 194 597 152 457 562 250 480
1 11 11
244 627 689 446 313 394 444 458 508 653 698
1 7 13
578 149 480 59 545 212 229 46 177 253 311 391 575
1 4 18
510 621 167 403 568 470 92 36 567 240 123 415 620 76 213 325 447 618
1 8 10
680 576 462 117 512 120 101 145 500 695
