800 93 1240 18
31 25 24 11 36 39 29 40 14 13 36 15 24 17 30 25 18 26 34 15 23 32 36 30 12 25 16 31 35 28 12 36 28 29 40 24 25 33 40 39 32 19 16 11 14 39 35 12 11 40 33 38 33 35 24 20 27 32 37 32 24 40 20 22 39 32 25 29 29 34 14 22 38 22 29 22 23 21 23 28 40 34 23 30 11 15 36 31 28 27 15 25 15 30 34 23 32 18 12 22 12 37 40 13 39 19 40 36 15 40 27 24 25 32 19 32 17 29 34 22 28 39 14 24 28 13 16 17 31 16 16 21 15 23 16 13 26 30 15 34 25 21 18 12 17 16 25 13 26 31 35 28 17 17 40 12 38 14 18 11 39 28 26 39 11 37 36 12 35 34 30 15 36 38 39 26 26 36 28 31 34 31 37 16 19 21 23 14 15 21 23 33 37 17 40 15 39 33 27 22 35 18 11 21 19 28 25 13 11 25 31 27 20 23 21 16 25 13 28 22 16 28 38 28 23 22 18 25 37 31 39 15 13 22 37 30 16 38 22 32 15 23 24 20 31 16 28 26 23 21 29 23 18 38 21 30 16 19 24 27 40 15 13 29 38 29 11 21 27 26 31 29 14 33 13 40 14 34 37 19 37 34 21 22 15 35 27 17 29 17 29 26 30 22 40 27 26 15 19 29 22 17 26 16 25 39 28 35 35 36 40 32 36 40 38 40 34 40 38 30 29 24 35 24 35 27 26 36 23 32 14 23 33 21 33 20 25 14 13 28 22 15 30 29 29 21 24 20 39 22 13 33 18 39 39 29 24 16 19 40 38 39 16 32 13 16 21 34 24 37 28 37 14 13 18 16 12 31 23 37 29 21 36 27 14 40 40 38 15 24 39 26 13 40 33 11 32 32 17 19 30 37 26 29 12 24 16 17 29 23 23 28 19 28 31 33 36 37 32 18 11 17 32 36 33 20 34 32 17 34 34 22 19 19 27 20 30 31 40 38 40 20 20 40 18 37 20 40 34 32 11 21 38 38 27 16 22 38 33 20 13 32 15 30 20 26 38 11 38 39 28 38 15 28 22 30 21 19 36 33 35 26 32 29 22 38 13 32 24 35 39 21 13 28 33 12 24 36 38 34 16 28 27 28 15 20 36 33 22 33 12 16 24 35 33 19 40 16 35 39 26 14 27 14 24 15 13 22 17 36 40 29 13 36 14 30 39 34 16 34 35 35 20 24 31 31 29 33 24 21 16 25 37 15 17 17 28 19 22 32 14 20 33 15 29 33 26 28 30 28 35 38 22 36 12 34 34 30 22 27 38 40 40 19 19 16 32 29 21 21 19 22 32 34 36 13 22 38 20 39 15 23 17 37 40 39 22 16 36 16 27 28 36 35 17 19 26 15 21 22 20 12 38 31 34 17 13 14 37 12 39 32 31 27 28 19 38 33 40 39 40 34 13 29 19 39 33 27 17 21 11 18 32 37 18 38 17 18 25 25 30 14 29 31 14 34 11 14 21 34 18 20 17 39 26 33 16 38 16 14 21 12 32 22 36 24 15 26 13 19 29 14 33 31 18 34 31 32 20 25 18 12 30 20 37 19 16 24 22 25 22 23 14 25 22 38 14 16 14 15 39 23 33 40 17 19 28 31 15 12 40 35 19 40 13 22 14 14 36 32 24 17 30 40 20 28 31 34 31 21 39 17 33 25 35 24 27 40 40 25 11 24 20 12 11 18 20 33 26 33 25 36 21 30 11 18 34 25 30 20 38 18 11 12 20 30 15 35 18 30 26 36 26 11 14 15 28 21 29 22
21 15 14 1 26 29 19 30 4 3 26 5 14 7 20 15 8 16 24 5 13 22 26 20 2 15 6 21 25 18 2 26 18 19 30 14 15 23 30 29 22 9 6 1 4 29 25 2 1 30 23 28 23 25 14 10 17 22 27 22 14 30 10 12 29 22 15 19 19 24 4 12 28 12 19 12 13 11 13 18 30 24 13 20 1 5 26 21 18 17 5 15 5 20 24 13 22 8 2 12 2 27 30 3 29 9 30 26 5 30 17 14 15 22 9 22 7 19 24 12 18 29 4 14 18 3 6 7 21 6 6 11 5 13 6 3 16 20 5 24 15 11 8 2 7 6 15 3 16 21 25 18 7 7 30 2 28 4 8 1 29 18 16 29 1 27 26 2 25 24 20 5 26 28 29 16 16 26 18 21 24 21 27 6 9 11 13 4 5 11 13 23 27 7 30 5 29 23 17 12 25 8 1 11 9 18 15 3 1 15 21 17 10 13 11 6 15 3 18 12 6 18 28 18 13 12 8 15 27 21 29 5 3 12 27 20 6 28 12 22 5 13 14 10 21 6 18 16 13 11 19 13 8 28 11 20 6 9 14 17 30 5 3 19 28 19 1 11 17 16 21 19 4 23 3 30 4 24 27 9 27 24 11 12 5 25 17 7 19 7 19 16 20 12 30 17 16 5 9 19 12 7 16 6 15 29 18 25 25 26 30 22 26 30 28 30 24 30 28 20 19 14 25 14 25 17 16 26 13 22 4 13 23 11 23 10 15 4 3 18 12 5 20 19 19 11 14 10 29 12 3 23 8 29 29 19 14 6 9 30 28 29 6 22 3 6 11 24 14 27 18 27 4 3 8 6 2 21 13 27 19 11 26 17 4 30 30 28 5 14 29 16 3 30 23 1 22 22 7 9 20 27 16 19 2 14 6 7 19 13 13 18 9 18 21 23 26 27 22 8 1 7 22 26 23 10 24 22 7 24 24 12 9 9 17 10 20 21 30 28 30 10 10 30 8 27 10 30 24 22 1 11 28 28 17 6 12 28 23 10 3 22 5 20 10 16 28 1 28 29 18 28 5 18 12 20 11 9 26 23 25 16 22 19 12 28 3 22 14 25 29 11 3 18 23 2 14 26 28 24 6 18 17 18 5 10 26 23 12 23 2 6 14 25 23 9 30 6 25 29 16 4 17 4 14 5 3 12 7 26 30 19 3 26 4 20 29 24 6 24 25 25 10 14 21 21 19 23 14 11 6 15 27 5 7 7 18 9 12 22 4 10 23 5 19 23 16 18 20 18 25 28 12 26 2 24 24 20 12 17 28 30 30 9 9 6 22 19 11 11 9 12 22 24 26 3 12 28 10 29 5 13 7 27 30 29 12 6 26 6 17 18 26 25 7 9 16 5 11 12 10 2 28 21 24 7 3 4 27 2 29 22 21 17 18 9 28 23 30 29 30 24 3 19 9 29 23 17 7 11 1 8 22 27 8 28 7 8 15 15 20 4 19 21 4 24 1 4 11 24 8 10 7 29 16 23 6 28 6 4 11 2 22 12 26 14 5 16 3 9 19 4 23 21 8 24 21 22 10 15 8 2 20 10 27 9 6 14 12 15 12 13 4 15 12 28 4 6 4 5 29 13 23 30 7 9 18 21 5 2 30 25 9 30 3 12 4 4 26 22 14 7 20 30 10 18 21 24 21 11 29 7 23 15 25 14 17 30 30 15 1 14 10 2 1 8 10 23 16 23 15 26 11 20 1 8 24 15 20 10 28 8 1 2 10 20 5 25 8 20 16 26 16 1 4 5 18 11 19 12
1 6 10
58 616 19 574 103 335 321 136 319 564
1 5 14
318 461 792 756 179 120 785 543 189 2 27 414 420 627
1 4 13
241 217 2 96 211 338 46 163 679 411 15 321 436
1 10 11
152 71 758 695 555 361 462 473 535 607 724
1 8 9
651 292 27 313 437 212 67 290 550
1 8 10
145 237 138 153 522 660 215 272 282 570
1 12 8
341 507 471 257 55 173 601 640
1 8 8
373 279 119 65 184 247 676 709
1 5 16
748 8 786 429 287 423 390 441 400 210 328 335 475 588 691 772
1 7 4
399 698 95 501
1 6 6
358 68 376 502 666 618
1 7 11
301 667 367 407 20 363 75 266 273 636 718
1 5 9
83 663 35 319 421 708 56 126 576
1 6 12
240 206 345 653 381 278 626 31 176 195 224 798
1 10 7
60 550 434 18 104 212 677
1 3 18
112 475 198 214 711 5 636 216 733 512 142 783 489 721 460 572 85 201
1 10 6
332 533 529 169 372 338
1 6 12
568 98 609 444 723 36 181 155 93 254 325 702
1 5 15
276 628 351 521 130 143 722 305 590 392 381 390 557 585 711
1 3 24
538 691 235 86 464 430 12 246 200 484 336 391 303 764 570 326 183 231 269 400 412 498 526 735
1 12 8
21 167 0 52 101 373 674 750
1 6 14
108 147 229 72 394 594 61 646 518 3 13 225 476 788
1 14 4
593 582 378 354
1 5 17
517 324 284 641 440 218 701 622 379 536 408 69 205 616 630 668 778
1 8 11
232 177 426 195 509 176 31 141 267 407 574
1 3 15
650 215 135 601 617 9 671 160 245 772 70 578 347 244 417
1 5 17
207 193 647 716 359 76 445 531 382 16 38 307 255 312 514 543 563
1 9 10
94 102 631 157 495 496 161 300 433 752
1 4 17
690 39 90 544 798 705 637 450 337 344 427 537 443 749 99 278 497
1 4 14
254 129 146 63 586 548 788 234 688 766 19 410 595 793
1 4 17
369 353 760 470 263 715 599 180 649 639 777 342 283 365 482 484 654
1 5 14
109 124 364 231 397 54 668 424 293 453 587 10 167 560
1 3 20
306 532 3 67 487 447 204 370 343 289 717 134 350 199 156 216 265 393 531 559
1 5 15
322 658 682 317 773 339 236 365 557 4 610 208 340 653 783
1 7 12
10 22 43 481 80 208 729 349 351 384 556 714
1 10 8
576 771 787 159 380 339 517 706
1 13 5
79 514 745 210 784
1 5 17
417 272 485 101 213 490 297 78 166 334 203 221 330 358 637 645 763
1 6 14
435 110 564 148 479 799 55 194 571 181 239 456 527 562
1 4 21
97 741 121 575 175 703 419 106 476 580 190 465 77 135 159 331 511 548 673 731 749
1 4 15
737 385 104 11 585 277 732 50 693 414 14 368 480 331 198
1 7 11
581 750 266 377 170 725 73 191 78 336 434
1 11 12
250 762 775 264 387 114 130 185 207 291 309 374
1 5 10
583 226 261 567 325 759 209 286 411 447
1 4 18
784 697 561 164 187 28 681 515 566 64 606 767 739 107 287 432 670 713
1 4 13
524 547 6 309 412 457 239 492 116 712 383 284 799
1 10 8
556 308 259 659 33 165 220 722
1 6 13
184 573 24 519 731 630 128 678 562 249 437 446 495
1 7 10
294 275 614 686 685 356 560 333 406 796
1 8 7
74 395 428 81 483 487 529
1 5 7
251 403 781 491 602 409 624
1 5 9
320 186 183 699 724 125 565 680 747
1 3 17
51 675 603 270 768 528 619 288 174 694 624 542 474 789 302 60 226
1 8 11
285 268 657 467 446 541 17 145 182 214 513
1 6 16
645 632 565 793 45 310 192 92 230 20 28 34 109 203 401 795
1 6 16
656 497 323 757 442 744 640 161 402 399 444 633 729 732 755 781
1 4 12
735 719 413 535 791 396 559 431 42 0 88 328
1 7 9
738 620 84 398 219 98 127 166 337
1 8 12
608 448 132 220 228 755 91 186 279 324 508 643
1 12 4
205 511 238 280
1 9 4
269 662 796 525
1 4 16
676 286 633 769 304 551 527 728 501 17 273 348 478 106 362 547
1 4 17
727 433 162 156 588 362 611 655 782 85 53 462 154 172 192 353 438
1 27 7
513 315 144 228 477 533 625
1 4 14
274 710 613 371 761 684 57 137 504 774 117 523 406 23
1 12 8
661 115 62 439 54 171 503 704
1 14 7
389 34 99 108 465 602 737
1 4 16
314 765 592 420 133 634 718 683 77 48 714 638 689 520 561 777
1 4 16
87 752 726 242 627 225 563 168 154 401 451 224 7 375 256 315
1 7 9
197 558 327 436 30 654 26 712 792
1 5 14
386 188 488 123 605 696 577 49 300 704 584 223 163 259
1 11 9
172 779 260 233 458 204 452 479 553
1 7 5
105 472 179 188 466
1 4 17
546 751 252 469 258 540 280 23 589 29 238 247 1 359 450 594 666
1 6 3
357 44 596
1 6 10
794 144 150 795 100 352 107 312 298 405
1 5 12
600 520 114 454 202 196 483 706 552 171 229 443
1 6 9
47 778 692 296 346 118 776 89 598
1 2 16
227 75 554 415 763 664 702 463 185 473 499 366 25 113 355 298
1 3 16
747 669 797 122 141 493 149 422 595 466 652 140 477 299 753 323
1 5 16
790 709 262 549 456 539 680 700 40 132 289 375 428 521 551 705
1 3 22
418 330 59 625 1 607 131 127 508 360 503 405 111 182 265 152 307 596 644 684 761 770
1 5 21
244 452 459 69 248 623 33 201 720 281 81 36 202 219 313 377 409 485 558 693 699
1 18 6
643 178 42 56 180 686
1 5 13
384 374 282 736 255 672 32 165 438 329 213 430 659
1 5 16
754 674 615 271 734 425 730 740 432 404 122 539 549 632 708 745
1 6 10
642 151 746 707 340 291 612 92 504 701
1 6 10
553 253 598 569 506 136 295 687 455 600
1 4 19
780 742 416 41 449 516 494 311 482 18 243 486 221 393 158 64 519 589 646
1 3 16
597 621 526 222 13 629 665 644 743 534 290 604 361 510 37 455
1 5 13
139 498 500 677 267 673 468 770 648 66 249 631 696
1 3 19
410 316 530 545 52 635 126 91 173 93 388 505 579 591 82 43 270 758 785
1 11 7
713 670 15 248 299 303 751
