700 164 1085 3
22 12 23 18 13 29 14 12 30 11 40 35 39 20 19 38 12 31 31 33 26 13 20 18 21 29 22 30 39 37 15 33 33 33 33 15 23 19 22 38 31 39 39 28 20 27 35 15 38 40 37 29 29 21 33 31 24 31 23 25 27 14 12 32 28 22 23 28 12 39 39 28 37 23 28 30 14 35 22 26 13 39 27 37 40 14 32 24 38 28 29 17 21 28 40 16 22 36 12 13 39 29 33 18 13 34 30 26 29 26 29 39 37 27 25 22 32 23 32 28 26 27 38 28 20 34 14 24 34 27 17 35 22 28 39 11 11 11 40 11 14 18 37 26 33 15 20 24 33 22 18 18 27 40 38 24 22 34 11 38 16 23 17 30 39 22 16 31 30 32 27 22 24 25 25 40 30 30 29 20 31 12 36 26 19 37 36 24 40 18 13 30 25 30 26 35 28 35 30 34 16 38 22 14 23 21 37 20 24 32 19 28 20 32 26 22 16 28 34 27 33 22 29 12 33 28 15 38 11 33 16 36 21 25 16 36 36 34 28 15 30 37 21 12 30 39 13 17 13 11 29 18 34 28 39 28 40 13 25 29 30 40 34 32 16 36 23 19 22 11 36 26 35 15 34 33 33 36 12 30 20 36 29 28 23 35 22 11 16 20 26 26 37 16 36 12 12 31 16 11 21 38 35 16 26 14 20 18 16 36 16 30 32 35 21 25 39 35 16 34 37 39 37 17 25 40 33 12 13 33 23 40 19 40 11 13 36 20 37 17 34 16 25 35 11 14 32 15 38 27 21 33 28 22 32 14 18 32 37 30 21 17 40 22 32 13 37 38 39 32 27 35 19 12 40 22 20 20 34 22 21 28 29 37 38 23 31 32 28 16 30 36 11 32 29 24 19 19 35 21 14 21 24 33 38 14 14 17 23 22 15 33 24 18 31 27 23 26 13 33 30 11 24 20 18 25 40 32 24 32 11 21 20 18 33 18 33 21 23 18 15 33 36 12 22 32 16 24 29 40 31 29 24 12 37 24 34 40 35 23 28 31 31 17 21 25 28 13 32 29 14 36 40 20 32 38 21 26 21 13 16 36 27 14 14 32 34 27 36 17 19 26 14 11 17 35 18 39 35 24 17 39 32 36 34 38 20 31 28 12 32 37 16 38 35 32 30 33 21 33 34 29 19 13 22 28 32 36 14 34 11 35 38 16 21 14 22 38 22 28 12 26 34 28 23 23 23 35 20 39 33 15 21 29 18 30 20 12 20 18 31 39 35 17 18 14 13 31 21 34 33 24 14 20 23 17 34 38 11 17 24 17 34 21 19 37 37 23 20 12 22 22 38 24 38 15 39 17 25 26 31 14 17 17 33 16 23 19 23 24 13 34 26 12 19 27 12 16 39 34 33 16 24 32 20 35 11 22 16 28 22 13 37 29 17 25 29 27 27 15 14 39 24 32 15 29 31 18 27 17 37 31 17 21 20 11 35 19 32 28 35 21 38 21 31 20 31 39 17 20 40 15 22 11 31 13 31 37 34 22 28 30 27 14 22 29 25 16 35 32 16 31 18 25 27 39 15 35 35 12
12 2 13 8 3 19 4 2 20 1 30 25 29 10 9 28 2 21 21 23 16 3 10 8 11 19 12 20 29 27 5 23 23 23 23 5 13 9 12 28 21 29 29 18 10 17 25 5 28 30 27 19 19 11 23 21 14 21 13 15 17 4 2 22 18 12 13 18 2 29 29 18 27 13 18 20 4 25 12 16 3 29 17 27 30 4 22 14 28 18 19 7 11 18 30 6 12 26 2 3 29 19 23 8 3 24 20 16 19 16 19 29 27 17 15 12 22 13 22 18 16 17 28 18 10 24 4 14 24 17 7 25 12 18 29 1 1 1 30 1 4 8 27 16 23 5 10 14 23 12 8 8 17 30 28 14 12 24 1 28 6 13 7 20 29 12 6 21 20 22 17 12 14 15 15 30 20 20 19 10 21 2 26 16 9 27 26 14 30 8 3 20 15 20 16 25 18 25 20 24 6 28 12 4 13 11 27 10 14 22 9 18 10 22 16 12 6 18 24 17 23 12 19 2 23 18 5 28 1 23 6 26 11 15 6 26 26 24 18 5 20 27 11 2 20 29 3 7 3 1 19 8 24 18 29 18 30 3 15 19 20 30 24 22 6 26 13 9 12 1 26 16 25 5 24 23 23 26 2 20 10 26 19 18 13 25 12 1 6 10 16 16 27 6 26 2 2 21 6 1 11 28 25 6 16 4 10 8 6 26 6 20 22 25 11 15 29 25 6 24 27 29 27 7 15 30 23 2 3 23 13 30 9 30 1 3 26 10 27 7 24 6 15 25 1 4 22 5 28 17 11 23 18 12 22 4 8 22 27 20 11 7 30 12 22 3 27 28 29 22 17 25 9 2 30 12 10 10 24 12 11 18 19 27 28 13 21 22 18 6 20 26 1 22 19 14 9 9 25 11 4 11 14 23 28 4 4 7 13 12 5 23 14 8 21 17 13 16 3 23 20 1 14 10 8 15 30 22 14 22 1 11 10 8 23 8 23 11 13 8 5 23 26 2 12 22 6 14 19 30 21 19 14 2 27 14 24 30 25 13 18 21 21 7 11 15 18 3 22 19 4 26 30 10 22 28 11 16 11 3 6 26 17 4 4 22 24 17 26 7 9 16 4 1 7 25 8 29 25 14 7 29 22 26 24 28 10 21 18 2 22 27 6 28 25 22 20 23 11 23 24 19 9 3 12 18 22 26 4 24 1 25 28 6 11 4 12 28 12 18 2 16 24 18 13 13 13 25 10 29 23 5 11 19 8 20 10 2 10 8 21 29 25 7 8 4 3 21 11 24 23 14 4 10 13 7 24 28 1 7 14 7 24 11 9 27 27 13 10 2 12 12 28 14 28 5 29 7 15 16 21 4 7 7 23 6 13 9 13 14 3 24 16 2 9 17 2 6 29 24 23 6 14 22 10 25 1 12 6 18 12 3 27 19 7 15 19 17 17 5 4 29 14 22 5 19 21 8 17 7 27 21 7 11 10 1 25 9 22 18 25 11 28 11 21 10 21 29 7 10 30 5 12 1 21 3 21 27 24 12 18 20 17 4 12 19 15 6 25 22 6 21 8 15 17 29 5 25 25 2
4 8 29
465 596 396 386 180 336 213 551 493 636 148 377 370 647 94 443 226 364 332 209 207 503 278 381 217 638 444 496 625
3 17 13
10 155 538 164 139 346 587 301 590 506 520 337 515
10 19 20
272 474 96 61 253 395 413 602 153 339 62 435 535 299 70 441 542 530 360 649
0 19 1
644
15 11 30
504 544 284 611 559 158 546 145 484 555 577 298 418 442 502 543 497 392 185 236 146 320 317 361 246 399 25 591 19 224
1 6 4
151 438 125 300
4 14 7
69 464 637 189 447 683 203
1 4 14
302 677 214 393 512 252 18 120 673 412 6 378 329 576
2 16 12
107 147 382 66 408 327 223 249 479 231 616 98
0 3 2
676 141
5 19 13
74 126 362 369 31 566 404 168 522 383 564 428 478
6 2 16
508 655 670 245 471 114 585 174 691 41 452 429 498 7 122 597
1 18 11
622 101 486 446 424 37 133 569 456 55 118
6 1 16
678 419 686 210 289 331 641 575 451 560 550 679 554 665 162 524
8 15 15
335 8 59 400 532 629 324 448 680 481 88 422 316 323 525
0 15 16
640 124 432 136 198 257 113 372 657 477 308 170 693 112 131 609
1 17 8
167 116 216 526 341 671 28 402
0 4 3
132 350 475
12 5 24
307 689 229 111 482 582 603 92 232 630 345 86 242 237 183 187 628 315 403 138 375 32 295 338
1 8 8
468 658 271 514 333 391 355 52
0 14 4
672 518 445 606
2 2 10
3 127 510 351 690 579 58 374 367 161
0 4 3
604 119 16
2 2 15
501 545 75 179 33 517 144 594 437 63 48 697 238 409 9
3 20 14
296 29 547 263 81 190 97 685 108 656 692 349 51 243
9 7 17
2 426 624 95 30 256 334 109 595 366 221 495 27 572 169 593 230
8 15 14
76 614 654 330 287 401 240 623 50 182 248 188 699 607
5 3 24
634 583 227 450 427 533 102 489 353 480 385 1 177 556 0 176 645 202 487 196 659 600 580 270
10 8 28
149 615 449 279 687 635 463 259 200 388 250 631 523 410 267 581 56 682 239 275 53 89 488 288 394 310 100 516
0 15 1
469
0 20 2
318 470
2 11 21
247 695 140 297 269 466 4 21 363 439 274 12 357 648 321 254 476 286 387 290 694
4 11 13
160 440 90 698 165 494 348 373 219 266 669 195 632
2 1 6
411 85 150 186 415 562
2 13 7
222 617 206 540 662 110 235
11 19 24
633 281 390 549 467 20 696 436 455 425 68 233 123 293 421 599 264 652 651 166 24 201 578 589
12 4 21
558 157 314 67 294 325 191 103 99 380 459 358 36 65 528 128 511 154 234 91 130
0 3 3
115 82 44
9 15 17
218 660 643 17 340 313 621 666 527 11 282 612 563 268 491 184 129
6 15 18
22 193 490 220 142 121 305 255 420 344 653 664 343 586 462 519 352 434
11 12 23
72 311 406 513 117 83 568 667 152 570 584 557 225 613 143 57 78 328 453 379 104 674 262
1 6 8
258 77 627 661 458 38 521 646
6 14 14
283 608 261 309 642 292 389 137 430 565 241 359 650 601
2 9 1
5
1 22 1
13
4 8 1
14
4 4 2
15 23
4 21 1
26
8 22 1
34
4 26 1
35
1 19 1
39
4 18 1
40
1 34 1
42
2 22 1
43
4 20 1
45
6 16 2
46 319
4 6 1
47
6 21 1
49
13 23 1
54
1 28 1
60
4 17 1
64
4 5 2
71 273
2 19 1
73
4 23 1
79
4 14 1
80
6 35 1
84
2 7 2
87 171
4 13 1
93
8 30 1
105
4 21 1
106
4 26 3
134 163 663
4 35 1
135
6 39 1
156
4 4 1
159
4 10 1
172
2 9 1
173
4 14 1
175
1 19 1
178
4 19 1
181
4 9 1
192
1 30 1
194
4 30 1
197
9 15 1
199
2 26 1
204
4 25 1
205
6 23 1
208
4 24 2
211 303
13 27 1
212
1 10 1
215
1 19 1
228
4 31 1
244
1 38 1
251
2 32 1
260
8 33 2
265 499
5 23 1
276
5 27 1
277
2 8 1
280
2 15 1
285
2 23 1
291
1 20 1
304
9 18 1
306
4 22 2
312 681
2 12 1
322
9 8 1
326
1 18 1
342
5 23 1
347
2 10 1
354
4 20 1
356
4 17 1
365
8 5 1
368
2 29 1
371
2 33 1
376
1 31 1
384
4 27 1
397
3 21 1
398
4 19 1
405
4 28 1
407
4 17 1
414
4 13 1
416
4 9 1
417
4 21 1
423
2 16 1
431
1 24 1
433
2 16 1
454
1 38 1
457
8 21 1
460
13 20 1
461
3 20 2
472 684
2 25 1
473
18 15 1
483
13 27 1
485
2 21 1
492
4 16 1
500
1 5 1
505
4 31 1
507
1 21 1
509
2 9 1
529
1 19 1
531
12 26 1
534
1 32 1
536
16 16 1
537
2 22 1
539
6 27 1
541
4 9 1
548
6 31 1
552
2 7 1
553
4 3 1
561
4 25 1
567
1 26 1
571
8 34 1
573
2 29 1
574
8 38 1
588
9 20 1
592
2 19 1
598
4 10 1
605
13 11 1
610
12 30 1
618
1 30 1
619
12 23 1
620
2 10 1
626
2 24 1
639
1 29 1
668
9 22 1
675
4 9 1
688
