1000 223 1550 5
12 34 26 34 15 36 37 26 28 30 12 12 15 24 21 20 29 31 23 23 24 26 37 29 17 33 15 14 21 14 21 18 20 13 15 17 17 20 20 37 20 35 27 17 39 19 39 19 29 14 28 18 11 35 23 39 37 14 39 15 14 29 23 37 26 11 19 31 16 15 39 40 11 17 31 28 25 35 29 16 24 11 28 33 36 26 36 36 29 29 15 22 33 11 34 39 38 28 17 39 23 37 16 36 28 17 11 17 26 24 29 19 31 34 32 28 37 13 33 16 28 16 28 11 11 37 13 19 22 22 31 12 32 33 31 29 13 11 31 23 13 32 19 25 19 31 32 22 27 23 20 32 27 11 23 16 38 36 40 15 28 36 22 16 11 15 27 14 39 38 27 15 15 36 36 16 21 13 24 12 37 38 26 33 11 14 29 18 17 18 23 19 12 19 27 26 40 30 13 33 35 35 23 22 16 23 31 12 31 12 21 23 28 30 18 19 18 16 31 17 11 15 12 17 33 15 28 36 14 13 17 39 22 14 19 34 19 35 13 33 14 25 14 28 21 24 15 23 32 32 34 40 28 34 37 38 17 20 37 11 32 31 27 18 14 40 22 39 24 16 23 25 29 12 23 30 22 38 15 14 35 33 26 25 30 39 23 16 29 32 28 23 18 24 23 16 17 29 23 32 16 35 18 32 31 15 33 24 16 24 33 26 25 22 25 37 33 18 35 40 24 32 19 15 35 20 30 23 29 30 30 27 18 40 11 27 16 24 23 29 13 39 30 37 12 22 26 29 18 32 25 29 13 37 39 28 34 25 28 26 32 13 40 34 40 15 33 22 19 14 24 28 13 26 38 12 19 24 17 22 19 25 17 40 40 35 36 15 40 18 16 15 13 23 17 31 20 11 23 32 39 25 26 30 14 28 23 21 36 25 14 24 28 21 29 38 39 22 35 33 20 39 23 20 37 12 11 12 21 15 21 35 34 31 17 14 30 29 11 15 30 34 34 36 21 17 27 34 12 29 24 30 13 25 15 38 21 20 22 14 40 16 40 36 26 26 26 39 14 24 39 16 15 12 13 20 11 11 32 24 31 40 30 39 32 34 23 27 27 24 32 37 21 26 20 21 35 39 33 38 40 24 39 23 15 31 15 25 25 11 15 38 18 26 23 18 39 11 12 21 12 15 38 37 26 17 14 17 26 37 15 21 18 27 12 18 37 22 21 23 40 30 14 29 21 28 19 34 30 29 28 22 32 33 40 13 29 32 15 29 16 20 11 14 16 19 35 35 19 30 27 34 15 19 16 38 22 22 38 14 33 12 39 24 31 15 40 35 14 25 13 13 23 28 12 13 25 20 11 15 37 37 33 25 14 34 27 16 31 23 25 39 21 12 28 18 11 23 35 38 39 40 25 25 28 24 37 39 16 11 20 24 14 32 20 27 38 16 38 33 28 22 11 20 30 26 35 16 26 13 11 21 18 37 19 11 36 31 30 31 22 37 18 38 15 34 22 31 25 18 37 21 31 18 14 28 18 25 33 15 34 19 33 25 32 31 17 12 17 34 35 15 28 34 11 33 12 19 16 17 22 20 38 26 20 36 28 11 39 18 27 38 11 25 29 22 38 15 30 35 32 30 25 13 17 29 21 16 29 38 26 14 12 13 16 22 15 13 38 37 22 18 29 18 38 25 31 12 29 19 15 29 35 35 35 21 30 12 26 11 35 38 35 28 30 34 25 16 32 11 36 14 30 25 21 32 29 11 27 12 27 12 32 24 34 24 28 22 20 17 36 34 14 33 31 20 31 34 24 24 29 21 15 32 23 36 33 31 22 30 31 21 24 39 25 11 22 20 36 32 31 30 32 20 33 26 22 19 12 26 23 22 15 26 37 40 19 17 26 28 19 15 36 22 12 39 36 11 30 20 29 16 19 28 23 27 32 40 20 15 28 33 36 24 34 29 29 31 15 40 29 12 32 32 21 32 32 40 24 15 36 22 27 23 37 35 19 28 28 37 37 21 35 11 22 40 20 16 36 24 32 12 18 25 36 20 20 14 11 30 22 31 23 19 19 29 21 34 15 32 11 37 29 31 33 34 25 33 37 15 28 33 31 27 16 34 28 31 35 19 28 33 37 11 24 40 24 35 12 34 35 15 30 18 18 27 21 38 40 30 27 26 24 39 20 13 32 27 33 39 19 26 17 35 37 17 37 35 25 20 30 37 26 26 29 26 24 37 21 29 20 16 11 32 23 19 40 39 39 34
2 24 16 24 5 26 27 16 18 20 2 2 5 14 11 10 19 21 13 13 14 16 27 19 7 23 5 4 11 4 11 8 10 3 5 7 7 10 10 27 10 25 17 7 29 9 29 9 19 4 18 8 1 25 13 29 27 4 29 5 4 19 13 27 16 1 9 21 6 5 29 30 1 7 21 18 15 25 19 6 14 1 18 23 26 16 26 26 19 19 5 12 23 1 24 29 28 18 7 29 13 27 6 26 18 7 1 7 16 14 19 9 21 24 22 18 27 3 23 6 18 6 18 1 1 27 3 9 12 12 21 2 22 23 21 19 3 1 21 13 3 22 9 15 9 21 22 12 17 13 10 22 17 1 13 6 28 26 30 5 18 26 12 6 1 5 17 4 29 28 17 5 5 26 26 6 11 3 14 2 27 28 16 23 1 4 19 8 7 8 13 9 2 9 17 16 30 20 3 23 25 25 13 12 6 13 21 2 21 2 11 13 18 20 8 9 8 6 21 7 1 5 2 7 23 5 18 26 4 3 7 29 12 4 9 24 9 25 3 23 4 15 4 18 11 14 5 13 22 22 24 30 18 24 27 28 7 10 27 1 22 21 17 8 4 30 12 29 14 6 13 15 19 2 13 20 12 28 5 4 25 23 16 15 20 29 13 6 19 22 18 13 8 14 13 6 7 19 13 22 6 25 8 22 21 5 23 14 6 14 23 16 15 12 15 27 23 8 25 30 14 22 9 5 25 10 20 13 19 20 20 17 8 30 1 17 6 14 13 19 3 29 20 27 2 12 16 19 8 22 15 19 3 27 29 18 24 15 18 16 22 3 30 24 30 5 23 12 9 4 14 18 3 16 28 2 9 14 7 12 9 15 7 30 30 25 26 5 30 8 6 5 3 13 7 21 10 1 13 22 29 15 16 20 4 18 13 11 26 15 4 14 18 11 19 28 29 12 25 23 10 29 13 10 27 2 1 2 11 5 11 25 24 21 7 4 20 19 1 5 20 24 24 26 11 7 17 24 2 19 14 20 3 15 5 28 11 10 12 4 30 6 30 26 16 16 16 29 4 14 29 6 5 2 3 10 1 1 22 14 21 30 20 29 22 24 13 17 17 14 22 27 11 16 10 11 25 29 23 28 30 14 29 13 5 21 5 15 15 1 5 28 8 16 13 8 29 1 2 11 2 5 28 27 16 7 4 7 16 27 5 11 8 17 2 8 27 12 11 13 30 20 4 19 11 18 9 24 20 19 18 12 22 23 30 3 19 22 5 19 6 10 1 4 6 9 25 25 9 20 17 24 5 9 6 28 12 12 28 4 23 2 29 14 21 5 30 25 4 15 3 3 13 18 2 3 15 10 1 5 27 27 23 15 4 24 17 6 21 13 15 29 11 2 18 8 1 13 25 28 29 30 15 15 18 14 27 29 6 1 10 14 4 22 10 17 28 6 28 23 18 12 1 10 20 16 25 6 16 3 1 11 8 27 9 1 26 21 20 21 12 27 8 28 5 24 12 21 15 8 27 11 21 8 4 18 8 15 23 5 24 9 23 15 22 21 7 2 7 24 25 5 18 24 1 23 2 9 6 7 12 10 28 16 10 26 18 1 29 8 17 28 1 15 19 12 28 5 20 25 22 20 15 3 7 19 11 6 19 28 16 4 2 3 6 12 5 3 28 27 12 8 19 8 28 15 21 2 19 9 5 19 25 25 25 11 20 2 16 1 25 28 25 18 20 24 15 6 22 1 26 4 20 15 11 22 19 1 17 2 17 2 22 14 24 14 18 12 10 7 26 24 4 23 21 10 21 24 14 14 19 11 5 22 13 26 23 21 12 20 21 11 14 29 15 1 12 10 26 22 21 20 22 10 23 16 12 9 2 16 13 12 5 16 27 30 9 7 16 18 9 5 26 12 2 29 26 1 20 10 19 6 9 18 13 17 22 30 10 5 18 23 26 14 24 19 19 21 5 30 19 2 22 22 11 22 22 30 14 5 26 12 17 13 27 25 9 18 18 27 27 11 25 1 12 30 10 6 26 14 22 2 8 15 26 10 10 4 1 20 12 21 13 9 9 19 11 24 5 22 1 27 19 21 23 24 15 23 27 5 18 23 21 17 6 24 18 21 25 9 18 23 27 1 14 30 14 25 2 24 25 5 20 8 8 17 11 28 30 20 17 16 14 29 10 3 22 17 23 29 9 16 7 25 27 7 27 25 15 10 20 27 16 16 19 16 14 27 11 19 10 6 1 22 13 9 30 29 29 24
2 12 7
834 67 865 84 214 802 639
1 18 29
441 433 77 795 694 680 170 337 686 83 782 157 416 643 314 974 483 744 175 216 631 668 791 718 89 809 368 268 187
2 14 18
12 675 35 48 122 233 969 663 396 363 670 618 752 667 611 173 310 448
6 5 25
182 92 462 788 989 864 360 554 815 323 955 134 692 498 18 614 31 174 783 573 13 970 208 708 867
6 7 27
920 474 319 30 264 358 16 589 677 821 762 824 895 63 691 99 11 595 777 522 837 761 679 6 289 401 661
11 4 21
684 568 457 496 966 521 622 125 873 693 207 767 953 332 335 683 799 389 542 879 484
2 12 8
285 781 195 78 304 288 237 866
0 19 5
27 902 714 514 723
1 3 31
513 800 144 822 635 186 192 778 896 757 978 223 136 750 910 146 652 751 164 755 196 921 94 545 615 854 906 863 722 32 463
4 6 37
240 120 736 829 432 385 583 621 846 269 565 719 602 420 469 458 891 780 502 116 464 359 481 505 455 532 739 528 330 832 488 658 76 296 678 235 347
8 14 33
326 926 403 198 983 352 847 204 500 300 669 930 17 613 749 328 439 671 569 53 230 305 450 353 647 274 415 263 222 789 110 939 379
5 20 13
452 184 141 729 765 687 292 875 540 928 79 445 607
1 9 7
73 770 610 617 493 88 101
11 7 30
566 716 584 870 911 61 261 715 871 673 947 908 459 925 367 145 828 460 249 962 482 510 15 957 702 320 581 577 429 624
0 10 8
790 476 620 371 318 200 224 317
1 20 6
501 293 531 254 255 869
7 5 42
890 653 151 995 756 107 998 935 932 74 81 527 162 591 539 964 887 242 991 178 349 892 252 57 676 306 322 706 191 271 421 364 494 575 307 176 646 202 709 711 794 574
1 11 7
570 410 220 977 786 377 903
9 13 34
504 153 14 286 243 623 641 967 650 199 106 826 992 155 695 753 748 351 823 55 916 550 700 451 965 530 341 958 699 165 407 301 717 814
3 16 12
520 313 988 735 841 51 382 860 878 140 724 972
9 9 23
39 945 333 423 629 98 747 807 820 816 616 8 417 537 924 754 759 557 72 741 793 839 232
8 10 18
997 985 905 344 710 383 150 250 787 929 830 544 904 121 835 961 938 75
20 17 34
949 515 627 49 812 46 495 26 948 954 408 512 20 386 769 737 645 428 599 836 343 82 738 431 334 825 619 721 511 370 630 361 922 0
4 16 26
705 827 211 436 849 773 592 859 489 831 442 919 152 34 380 25 563 626 907 471 217 689 466 848 303 131
0 13 3
93 180 356
22 20 38
188 746 36 80 876 282 47 740 980 764 123 604 42 190 130 159 257 109 774 419 316 38 893 375 86 882 556 588 338 44 701 558 648 877 541 638 381 373
4 3 27
571 387 400 994 536 154 158 97 56 516 758 628 298 479 430 425 833 124 388 350 251 649 868 657 526 209 41
4 17 21
853 996 449 427 585 236 327 414 52 179 579 937 50 281 227 784 112 960 239 357 872
8 4 17
126 598 519 138 497 850 507 156 437 64 551 796 477 861 993 218 897
0 15 23
576 593 499 478 103 247 369 325 270 266 664 982 394 963 315 340 766 376 346 727 486 413 857
3 15 9
260 560 917 503 365 547 108 674 149
14 19 35
523 951 562 212 843 256 564 509 59 163 984 838 660 772 730 971 731 139 524 85 538 354 19 634 21 129 114 533 898 894 968 412 324 775 597
7 17 16
215 54 485 143 5 690 888 681 65 590 806 506 28 45 366 277
1 13 10
453 105 959 999 655 883 696 517 183 703
3 1 15
246 587 665 219 553 422 7 745 845 290 29 166 95 339 113
0 17 3
3 10 987
7 18 38
654 642 636 609 9 633 276 944 549 552 923 238 805 229 461 697 600 656 253 492 798 899 666 979 329 490 651 844 943 508 37 874 384 104 4 934 605 734
10 10 21
342 672 60 62 889 760 142 299 900 818 726 228 491 640 733 210 940 279 973 914 817
3 5 7
454 201 390 480 133 267 472
1 11 4
813 2 171 372
2 30 2
1 90
8 31 2
22 119
11 16 1
23
2 22 1
24
6 16 2
33 465
2 29 3
40 942 956
9 18 1
43
2 20 1
58
2 13 1
66
2 24 1
68
1 20 1
69
2 19 1
70
10 31 1
71
1 34 1
87
1 29 1
91
6 23 1
96
8 35 3
100 185 434
16 14 1
102
6 22 2
111 203
3 36 1
115
10 34 1
117
10 22 1
118
6 19 1
127
15 29 2
128 682
2 23 1
132
2 16 1
135
10 32 1
137
1 27 1
147
2 24 1
148
8 36 1
160
8 15 1
161
11 33 1
167
7 8 1
168
11 24 1
169
6 22 1
172
24 39 1
177
8 32 2
181 559
16 17 1
189
7 25 1
193
10 27 1
194
1 13 1
197
15 16 2
205 418
11 27 2
206 262
6 22 1
213
8 29 1
221
10 28 1
225
7 10 1
226
1 33 1
231
14 27 1
234
7 26 1
241
11 20 1
244
7 12 1
245
9 39 2
248 842
1 27 1
258
2 7 1
259
3 20 1
265
7 32 3
272 294 732
9 12 1
273
3 16 2
275 548
7 16 1
278
3 28 2
280 862
2 30 1
283
1 23 1
284
9 24 2
287 851
2 26 2
291 447
7 13 1
295
1 31 1
297
3 16 1
302
1 37 1
308
2 27 1
309
6 25 1
311
7 20 1
312
7 21 1
321
16 27 1
331
10 32 1
336
11 17 2
345 768
6 24 1
348
3 18 1
355
2 28 2
362 393
2 33 1
374
8 16 1
378
9 37 1
391
7 24 2
392 728
9 25 1
395
6 28 1
397
13 22 1
398
10 37 1
399
6 27 1
402
10 33 1
404
7 8 1
405
13 32 1
406
3 33 2
409 771
2 23 1
411
3 34 1
424
3 21 1
426
1 18 1
435
1 22 1
438
13 14 1
440
2 28 1
443
16 23 3
444 608 946
14 30 1
446
2 18 1
456
2 22 1
467
4 6 1
468
2 32 1
470
8 29 1
473
3 24 1
475
2 14 1
487
1 21 1
518
7 29 1
525
12 27 1
529
3 21 1
534
8 30 1
535
1 24 1
543
9 38 1
546
6 22 1
555
10 25 1
561
9 37 1
567
8 26 1
572
2 16 1
578
8 12 1
580
8 25 1
582
3 29 1
586
7 37 1
594
2 23 2
596 990
2 26 1
601
10 19 1
603
7 33 1
606
16 11 2
612 901
2 28 1
625
2 30 1
632
6 20 1
637
3 37 1
644
10 28 1
659
2 35 1
662
11 11 1
685
1 30 1
688
9 20 1
698
6 11 1
704
8 33 1
707
4 19 1
712
6 22 1
713
24 36 1
720
1 28 1
725
6 12 1
742
6 32 1
743
7 20 1
763
10 32 1
776
7 34 1
779
2 26 1
785
2 29 2
792 808
7 18 1
797
2 31 1
801
2 20 1
803
7 20 1
804
4 8 1
810
7 10 1
811
1 25 1
819
6 26 1
840
2 29 1
852
2 6 1
855
7 30 1
856
6 15 1
858
3 27 1
880
7 30 2
881 986
2 18 1
884
11 17 1
885
3 35 1
886
1 15 1
909
2 35 1
912
8 24 1
913
3 36 1
915
15 28 1
918
1 26 1
927
2 25 1
931
3 37 1
933
6 17 1
936
11 34 1
941
8 30 1
950
1 32 1
952
9 27 1
975
4 20 1
976
1 32 1
981
