500 144 775 2
11 39 33 16 37 22 38 28 29 26 37 15 16 31 29 29 22 23 30 21 27 29 40 24 40 24 34 11 28 16 17 39 22 27 18 19 11 12 18 27 39 40 17 18 25 29 20 28 19 28 20 39 24 38 21 28 33 25 33 16 37 29 23 37 11 15 33 39 21 22 16 34 36 22 26 12 17 13 24 20 22 34 31 38 37 14 21 11 30 17 38 21 32 26 40 34 23 11 35 27 33 36 32 24 36 11 12 18 15 38 35 27 38 20 28 16 29 37 36 17 30 36 21 30 34 11 36 33 13 38 35 23 20 12 26 35 15 37 25 27 13 33 33 24 28 20 24 38 32 21 16 19 16 17 28 38 36 33 25 34 21 38 12 11 23 30 16 39 31 26 31 28 39 26 12 35 30 26 27 13 22 27 12 32 16 14 28 12 29 13 33 36 40 11 32 26 22 35 23 36 39 19 32 13 38 31 27 23 38 20 35 35 31 33 11 17 11 16 26 38 22 29 34 12 24 39 11 23 21 13 16 25 38 17 19 20 15 20 33 15 33 34 38 32 37 21 33 26 21 34 23 15 16 20 15 28 34 21 31 28 32 40 20 32 17 15 18 20 31 11 17 14 30 15 18 29 29 12 25 27 16 15 40 18 33 16 11 31 33 17 39 28 21 21 11 23 20 21 16 29 13 21 12 20 17 36 26 14 28 18 27 27 38 17 36 15 14 18 15 28 29 39 28 37 21 15 14 30 16 38 37 40 21 35 12 32 33 35 36 35 17 16 11 11 36 36 21 37 27 18 26 19 22 25 25 14 28 28 19 33 24 37 16 21 36 31 17 29 14 24 26 20 18 39 39 31 37 23 37 11 15 39 24 14 31 31 18 14 37 24 38 27 11 17 37 25 34 13 38 16 40 11 23 18 36 23 23 23 25 31 26 40 30 26 37 38 34 24 29 14 20 28 11 38 19 25 26 28 40 12 35 36 39 32 24 36 13 27 29 39 29 28 30 17 32 19 20 12 23 26 33 16 16 40 32 20 27 33 29 18 39 30 30 19 11 23 40 26 20 30 19 33 23 15 16 15 38 33 24 11 23 17 27 16 40 16 37 17 32 27 40 35 30 18 36 29 40 16 11 30
1 29 23 6 27 12 28 18 19 16 27 5 6 21 19 19 12 13 20 11 17 19 30 14 30 14 24 1 18 6 7 29 12 17 8 9 1 2 8 17 29 30 7 8 15 19 10 18 9 18 10 29 14 28 11 18 23 15 23 6 27 19 13 27 1 5 23 29 11 12 6 24 26 12 16 2 7 3 14 10 12 24 21 28 27 4 11 1 20 7 28 11 22 16 30 24 13 1 25 17 23 26 22 14 26 1 2 8 5 28 25 17 28 10 18 6 19 27 26 7 20 26 11 20 24 1 26 23 3 28 25 13 10 2 16 25 5 27 15 17 3 23 23 14 18 10 14 28 22 11 6 9 6 7 18 28 26 23 15 24 11 28 2 1 13 20 6 29 21 16 21 18 29 16 2 25 20 16 17 3 12 17 2 22 6 4 18 2 19 3 23 26 30 1 22 16 12 25 13 26 29 9 22 3 28 21 17 13 28 10 25 25 21 23 1 7 1 6 16 28 12 19 24 2 14 29 1 13 11 3 6 15 28 7 9 10 5 10 23 5 23 24 28 22 27 11 23 16 11 24 13 5 6 10 5 18 24 11 21 18 22 30 10 22 7 5 8 10 21 1 7 4 20 5 8 19 19 2 15 17 6 5 30 8 23 6 1 21 23 7 29 18 11 11 1 13 10 11 6 19 3 11 2 10 7 26 16 4 18 8 17 17 28 7 26 5 4 8 5 18 19 29 18 27 11 5 4 20 6 28 27 30 11 25 2 22 23 25 26 25 7 6 1 1 26 26 11 27 17 8 16 9 12 15 15 4 18 18 9 23 14 27 6 11 26 21 7 19 4 14 16 10 8 29 29 21 27 13 27 1 5 29 14 4 21 21 8 4 27 14 28 17 1 7 27 15 24 3 28 6 30 1 13 8 26 13 13 13 15 21 16 30 20 16 27 28 24 14 19 4 10 18 1 28 9 15 16 18 30 2 25 26 29 22 14 26 3 17 19 29 19 18 20 7 22 9 10 2 13 16 23 6 6 30 22 10 17 23 19 8 29 20 20 9 1 13 30 16 10 20 9 23 13 5 6 5 28 23 14 1 13 7 17 6 30 6 27 7 22 17 30 25 20 8 26 19 30 6 1 20
1 15 13
350 287 380 1 446 257 95 341 97 10 298 4 196
3 15 15
118 157 294 134 436 119 205 326 23 186 177 189 223 324 203
7 16 15
449 62 390 153 128 304 307 335 269 30 469 491 263 215 488
6 9 17
285 230 444 130 470 364 299 290 93 181 428 473 366 25 387 77 169
11 10 21
251 12 376 409 33 211 40 206 398 209 117 283 362 36 443 317 155 476 413 442 239
1 4 8
332 16 173 88 175 154 147 431
0 15 2
471 365
2 17 13
28 432 50 252 32 265 347 411 374 293 136 482 479
0 3 13
22 116 167 69 334 217 321 68 45 243 11 455 27
0 14 1
91
7 12 14
194 74 81 322 267 379 485 38 435 250 262 59 39 286
4 6 15
179 183 135 344 53 80 92 420 424 301 138 102 359 221 247
0 14 5
232 349 72 51 76
3 7 12
207 452 0 407 187 106 246 75 352 371 399 310
0 2 1
453
3 20 6
270 84 86 377 323 480
1 3 12
121 382 462 231 356 201 149 354 378 370 430 464
2 13 5
373 258 433 174 384
9 4 19
159 180 225 224 418 259 302 484 392 281 300 214 306 345 17 410 388 192 13
1 19 9
34 261 336 493 148 260 66 353 37
2 18 9
346 499 67 337 327 193 107 235 184
2 16 6
29 89 291 268 454 213
3 7 7
248 408 312 391 311 412 52
0 19 5
3 303 87 368 5
1 7 3
486 426 272
1 16 6
397 122 109 188 284 441
1 14 17
494 339 460 6 220 115 108 166 245 176 381 389 85 256 178 65 210
1 3 9
218 253 456 132 429 241 416 98 164
0 9 6
445 266 18 343 421 46
4 16 12
288 143 255 123 309 90 8 78 423 360 199 315
1 10 9
49 402 249 458 318 274 357 208 19
2 9 10
139 474 237 163 330 144 369 296 280 483
1 7 4
43 42 477 202
3 20 20
71 64 63 171 35 105 438 96 457 440 236 463 2 14 450 313 478 305 60 216
0 9 1
448
1 7 12
200 127 145 400 468 161 331 351 83 124 316 222
0 9 3
277 358 31
0 18 6
434 113 419 190 292 219
1 6 18
146 73 496 340 227 160 21 329 342 100 404 447 385 56 233 487 363 414
1 14 5
372 125 104 212 140
7 16 2
7 338
1 28 1
9
2 28 2
15 383
2 30 1
20
10 28 2
24 151
6 25 1
26
3 26 1
41
3 36 2
44 328
1 5 1
47
3 18 1
48
5 21 2
54 126
3 15 1
55
1 33 1
57
2 29 1
58
1 18 1
61
2 24 1
70
2 13 1
79
1 25 1
82
3 19 1
94
1 28 1
99
6 22 1
101
3 30 1
103
2 17 1
110
6 16 1
111
2 25 1
112
7 32 1
114
1 22 1
120
2 22 1
129
2 19 2
131 314
3 34 1
133
2 21 1
137
5 23 1
141
2 24 1
142
1 18 1
150
2 11 2
152 394
1 15 1
156
3 23 1
158
3 31 1
162
2 34 2
165 495
1 8 1
168
2 27 1
170
1 22 1
172
5 27 1
182
1 16 1
185
2 18 1
191
3 28 1
195
2 13 1
197
1 18 1
198
2 21 2
204 333
2 20 1
226
3 26 1
228
2 21 1
229
3 30 1
234
1 16 1
238
1 33 1
240
5 33 1
242
2 23 1
244
5 24 2
254 401
2 20 1
264
3 19 2
271 395
1 21 1
273
2 17 1
275
2 21 1
276
2 23 2
278 497
3 26 1
279
2 10 1
282
3 32 1
289
3 29 1
295
3 34 1
297
2 26 1
308
1 25 1
319
1 27 1
320
1 20 1
325
2 18 1
348
7 15 1
355
3 29 1
361
2 34 1
367
3 25 1
375
3 24 1
386
1 21 1
393
2 25 1
396
2 24 1
403
1 27 1
405
1 24 1
406
1 15 1
415
1 26 1
417
11 19 1
422
2 24 1
425
2 8 1
427
6 21 1
437
1 25 1
439
1 24 1
451
2 29 1
459
1 19 1
461
1 18 1
465
1 31 1
466
2 10 1
467
5 22 1
472
7 26 1
475
2 21 1
481
2 10 1
489
3 34 1
490
1 29 1
492
2 21 1
498
