700 191 1085 3
26 12 12 11 18 15 39 33 40 11 14 30 37 30 16 21 16 13 17 36 17 16 21 19 29 36 26 39 11 35 23 37 20 23 24 40 13 30 31 36 15 36 38 26 16 35 16 13 34 40 12 40 15 27 18 27 39 25 13 13 32 38 18 40 36 28 40 37 32 17 14 13 31 27 24 38 32 34 34 23 35 18 23 21 38 14 37 40 39 30 24 18 21 18 28 13 29 27 32 12 40 28 33 23 35 22 34 31 20 30 21 37 37 24 34 12 16 12 22 25 36 27 25 36 21 18 22 15 29 36 19 20 14 28 16 30 19 26 32 27 30 23 17 11 25 25 17 19 14 29 24 28 34 25 13 32 23 16 20 32 13 12 34 37 16 15 18 29 25 22 28 26 23 22 31 34 33 22 13 26 12 32 34 38 32 26 37 35 28 33 27 34 27 23 24 39 39 18 34 17 34 15 32 30 40 13 24 32 32 27 24 14 37 24 39 30 34 20 39 40 33 24 38 26 38 11 29 20 27 15 36 30 38 37 24 15 32 39 23 40 34 11 16 35 13 24 31 29 36 22 12 18 23 15 38 28 34 19 27 17 37 23 33 23 30 25 28 18 38 24 24 11 25 27 29 40 40 19 24 13 34 19 23 29 35 24 38 19 15 34 34 18 36 32 21 18 31 18 25 37 19 31 33 12 19 11 28 27 39 36 35 22 36 11 29 23 27 24 18 35 16 20 15 39 35 14 35 26 23 40 34 33 34 15 17 30 14 30 20 20 26 19 39 11 38 14 29 25 13 28 19 12 20 40 32 17 19 32 17 14 39 18 36 31 28 26 38 12 19 15 28 16 25 21 21 11 40 38 13 18 11 23 31 30 25 28 22 26 34 28 22 17 40 26 34 33 12 26 15 19 40 37 22 31 27 19 28 32 20 34 30 18 18 38 14 34 13 33 31 20 40 15 29 20 33 15 31 21 28 32 39 37 17 29 18 25 30 29 20 31 32 29 19 18 35 37 39 14 26 20 31 32 13 13 23 30 16 30 37 16 13 38 30 16 17 18 31 14 36 11 38 25 34 22 12 36 24 15 14 33 26 36 39 18 15 40 15 37 22 37 23 37 17 21 20 20 38 13 35 34 25 36 19 14 16 26 27 28 21 40 38 36 35 18 11 23 27 24 28 39 11 21 25 22 25 14 18 28 23 15 34 19 34 32 36 15 37 27 39 21 19 12 20 39 21 16 15 39 15 15 21 29 28 11 32 31 40 29 40 28 27 32 34 22 40 38 14 32 24 21 37 27 32 16 34 17 34 37 24 33 29 28 25 31 37 28 13 23 38 34 19 22 33 18 11 36 38 30 34 26 33 14 29 25 14 36 14 15 38 31 28 18 15 21 27 28 22 34 27 18 21 30 25 37 25 28 21 24 11 12 24 30 40 31 37 22 31 33 14 19 19 35 38 31 18 24 26 16 23 27 26 14 22 19 18 21 36 22 39 28 15 27 14 40 14 27 36 36 32 35 36 21 27 15 27 39 16 24 25 17 18 35 29 32 39 25 13 27 19 25 25 30 34 32 22 26 30 15 40 13
16 2 2 1 8 5 29 23 30 1 4 20 27 20 6 11 6 3 7 26 7 6 11 9 19 26 16 29 1 25 13 27 10 13 14 30 3 20 21 26 5 26 28 16 6 25 6 3 24 30 2 30 5 17 8 17 29 15 3 3 22 28 8 30 26 18 30 27 22 7 4 3 21 17 14 28 22 24 24 13 25 8 13 11 28 4 27 30 29 20 14 8 11 8 18 3 19 17 22 2 30 18 23 13 25 12 24 21 10 20 11 27 27 14 24 2 6 2 12 15 26 17 15 26 11 8 12 5 19 26 9 10 4 18 6 20 9 16 22 17 20 13 7 1 15 15 7 9 4 19 14 18 24 15 3 22 13 6 10 22 3 2 24 27 6 5 8 19 15 12 18 16 13 12 21 24 23 12 3 16 2 22 24 28 22 16 27 25 18 23 17 24 17 13 14 29 29 8 24 7 24 5 22 20 30 3 14 22 22 17 14 4 27 14 29 20 24 10 29 30 23 14 28 16 28 1 19 10 17 5 26 20 28 27 14 5 22 29 13 30 24 1 6 25 3 14 21 19 26 12 2 8 13 5 28 18 24 9 17 7 27 13 23 13 20 15 18 8 28 14 14 1 15 17 19 30 30 9 14 3 24 9 13 19 25 14 28 9 5 24 24 8 26 22 11 8 21 8 15 27 9 21 23 2 9 1 18 17 29 26 25 12 26 1 19 13 17 14 8 25 6 10 5 29 25 4 25 16 13 30 24 23 24 5 7 20 4 20 10 10 16 9 29 1 28 4 19 15 3 18 9 2 10 30 22 7 9 22 7 4 29 8 26 21 18 16 28 2 9 5 18 6 15 11 11 1 30 28 3 8 1 13 21 20 15 18 12 16 24 18 12 7 30 16 24 23 2 16 5 9 30 27 12 21 17 9 18 22 10 24 20 8 8 28 4 24 3 23 21 10 30 5 19 10 23 5 21 11 18 22 29 27 7 19 8 15 20 19 10 21 22 19 9 8 25 27 29 4 16 10 21 22 3 3 13 20 6 20 27 6 3 28 20 6 7 8 21 4 26 1 28 15 24 12 2 26 14 5 4 23 16 26 29 8 5 30 5 27 12 27 13 27 7 11 10 10 28 3 25 24 15 26 9 4 6 16 17 18 11 30 28 26 25 8 1 13 17 14 18 29 1 11 15 12 15 4 8 18 13 5 24 9 24 22 26 5 27 17 29 11 9 2 10 29 11 6 5 29 5 5 11 19 18 1 22 21 30 19 30 18 17 22 24 12 30 28 4 22 14 11 27 17 22 6 24 7 24 27 14 23 19 18 15 21 27 18 3 13 28 24 9 12 23 8 1 26 28 20 24 16 23 4 19 15 4 26 4 5 28 21 18 8 5 11 17 18 12 24 17 8 11 20 15 27 15 18 11 14 1 2 14 20 30 21 27 12 21 23 4 9 9 25 28 21 8 14 16 6 13 17 16 4 12 9 8 11 26 12 29 18 5 17 4 30 4 17 26 26 22 25 26 11 17 5 17 29 6 14 15 7 8 25 19 22 29 15 3 17 9 15 15 20 24 22 12 16 20 5 30 3
4 3 12
520 595 347 132 35 309 378 644 506 56 130 306
0 8 10
632 64 240 571 320 407 284 214 337 332
10 7 20
635 228 140 325 491 108 101 109 362 448 274 340 330 115 53 231 65 208 143 229
10 4 28
235 610 454 12 649 48 385 630 394 310 401 351 157 133 551 687 596 47 658 388 512 380 69 557 233 183 655 617
0 3 2
563 532
0 1 6
561 509 336 81 5 410
0 18 2
393 276
7 15 15
451 652 400 182 667 426 501 432 8 192 280 267 94 41 633
1 1 14
103 489 440 97 82 124 391 611 628 187 335 0 328 589
0 14 3
55 218 353
3 17 6
524 61 117 137 439 480
1 4 11
508 111 538 26 526 18 381 653 259 131 699
1 1 12
408 495 573 642 367 300 86 264 141 686 476 122
1 20 11
252 697 21 10 346 605 341 160 206 668 282
1 4 7
194 125 500 591 692 49 223
11 2 26
420 464 255 203 643 127 539 387 116 446 59 107 215 494 178 648 435 234 377 324 249 493 592 343 121 397
0 6 10
404 45 486 490 666 205 106 316 579 70
7 8 15
552 414 4 51 447 604 418 275 430 634 3 323 541 694 315
1 18 9
170 207 43 354 416 190 266 90 197
2 4 24
569 246 389 583 366 670 443 556 677 456 570 312 92 472 308 379 314 438 371 307 492 175 193 46
2 1 12
265 326 14 348 147 511 239 78 601 496 436 603
3 5 22
129 621 364 79 607 458 76 317 484 84 423 184 278 441 625 163 462 422 599 113 505 148
14 9 28
349 413 636 651 530 415 433 626 269 221 527 691 144 77 283 273 318 171 243 24 358 38 98 19 200 582 470 690
2 11 6
590 550 87 149 30 572
1 4 7
165 471 674 339 444 608 322
0 10 5
168 286 281 288 568
4 16 18
516 564 641 272 684 270 39 403 584 577 176 473 294 405 502 27 483 11
14 10 22
392 609 237 110 334 174 169 461 279 298 640 277 66 150 123 376 474 650 463 631 311 544
5 15 17
167 209 154 29 105 345 135 2 507 71 85 503 164 162 360 285 597
1 6 5
396 498 296 257 268
4 5 10
567 455 32 398 74 365 166 28 299 664
0 6 6
44 662 356 247 624 549
1 14 7
586 534 54 685 361 647 421
1 17 9
188 488 118 688 20 587 22 333 146
0 8 5
224 696 236 199 384
2 17 12
120 537 613 9 499 16 616 295 469 477 196 93
0 10 6
535 357 33 578 256 201
3 12 11
216 91 245 271 399 555 547 657 660 452 23
6 15 24
17 241 230 25 620 449 638 180 553 36 612 226 244 331 574 425 181 521 661 67 73 329 478 585
3 18 17
372 622 482 560 370 304 142 615 395 533 254 679 301 457 15 459 445
2 16 10
172 211 683 481 693 327 618 698 232 654
8 9 17
297 100 363 258 126 680 139 593 291 42 619 602 219 68 250 375 442
9 20 18
588 34 7 531 542 504 519 466 63 540 672 220 485 678 517 134 675 545
1 15 4
629 406 510 412
1 18 1
1
2 20 1
6
1 26 1
13
3 24 1
31
4 34 1
37
4 21 2
40 262
6 12 1
50
13 18 1
52
2 26 1
57
2 18 1
58
1 14 1
60
3 24 1
62
2 19 1
72
2 9 1
75
1 8 2
80 114
1 25 1
83
2 35 1
88
6 10 1
89
5 20 1
95
2 18 1
96
6 20 1
99
2 22 1
102
4 33 1
104
1 8 1
112
4 25 1
119
3 18 1
128
2 16 1
136
1 14 2
138 242
3 19 1
145
3 18 1
151
3 20 1
152
2 12 1
153
2 14 1
155
2 5 1
156
13 24 1
158
9 17 1
159
1 13 1
161
5 19 3
173 468 562
2 18 2
177 355
1 13 1
179
10 35 2
185 195
1 24 1
186
1 10 2
189 263
5 33 1
191
1 9 1
198
1 19 1
202
3 15 1
204
2 11 1
210
10 19 2
212 523
1 21 1
213
3 6 1
217
2 20 1
222
3 9 1
225
3 13 1
227
1 16 1
238
1 30 1
248
2 23 1
251
3 9 1
253
2 24 1
260
1 16 1
261
1 10 2
287 305
3 22 1
289
1 22 1
290
14 9 1
292
4 33 1
293
1 5 1
302
13 29 1
303
2 4 2
313 342
5 29 1
319
6 31 1
321
1 14 1
338
2 9 1
344
3 21 1
350
13 16 1
352
2 8 1
359
3 17 1
368
4 25 1
369
4 31 1
373
13 17 1
374
6 10 1
382
5 30 1
383
1 28 1
386
2 26 1
390
1 2 1
402
1 18 1
409
1 19 1
411
1 21 1
417
4 19 1
419
1 26 1
424
2 24 1
427
2 15 1
428
1 13 1
429
3 13 1
431
1 5 1
434
4 15 1
437
1 14 1
450
17 16 1
453
2 15 1
460
2 22 1
465
4 28 1
467
1 23 1
475
2 26 1
479
5 13 1
487
6 13 1
497
1 9 1
513
1 9 1
514
6 20 1
515
2 21 1
518
3 6 1
522
2 29 1
525
2 24 1
528
6 23 1
529
1 18 1
536
3 21 1
543
2 16 1
546
4 34 1
548
1 34 1
554
2 22 1
558
6 31 1
559
4 13 1
565
3 21 1
566
1 19 1
575
1 11 1
576
1 11 1
580
3 13 2
581 639
2 21 1
594
3 9 1
598
1 13 1
600
3 2 1
606
4 14 1
614
3 11 1
623
1 14 1
627
2 27 1
637
2 18 1
645
2 19 1
646
3 8 1
656
6 24 1
659
1 18 1
663
1 17 1
665
4 24 1
669
1 33 1
671
1 26 1
673
1 21 1
676
2 23 1
681
3 12 1
682
2 19 1
689
1 11 1
695
