700 278 1085 47
22 19 38 16 27 37 15 32 14 11 20 40 11 20 20 39 23 21 33 32 13 26 29 13 35 16 23 40 23 38 32 34 28 17 20 14 15 22 37 28 17 32 21 16 23 39 28 32 20 17 30 24 32 40 33 39 16 37 20 14 19 24 21 21 40 13 15 21 12 37 19 14 36 30 35 33 18 20 31 13 17 38 35 27 22 35 12 33 26 38 37 15 33 40 14 28 33 31 26 40 28 31 17 27 39 28 39 23 33 40 33 25 17 13 26 28 21 39 37 16 13 36 12 16 12 30 28 33 21 19 17 26 17 36 21 20 31 16 31 13 36 24 17 32 40 27 40 31 29 38 15 26 27 29 33 37 15 22 24 39 33 35 28 21 29 35 23 27 21 37 30 19 28 30 37 15 33 29 30 38 20 19 22 40 30 11 25 36 12 16 33 17 37 27 37 12 35 24 33 11 37 29 36 17 33 21 22 39 37 30 30 14 28 14 18 26 31 36 30 21 12 14 11 20 32 31 36 33 11 33 33 24 38 36 24 14 17 35 16 35 26 27 20 20 17 37 12 12 31 14 26 39 21 36 19 36 15 15 38 32 33 30 18 39 11 13 21 38 31 13 26 17 39 15 18 33 35 20 39 18 11 26 21 20 17 31 24 36 19 38 27 39 25 23 29 30 16 14 12 33 33 40 25 36 27 22 33 30 11 23 37 28 32 31 19 33 26 23 34 30 38 24 35 28 28 12 37 38 15 34 13 20 13 17 22 25 15 25 24 23 39 37 37 29 32 21 14 13 14 17 33 34 26 27 18 17 37 23 26 12 24 31 36 27 22 31 37 11 33 31 34 26 28 25 25 11 25 15 16 16 18 32 28 31 27 30 29 40 15 26 12 18 19 25 34 16 18 26 11 16 24 20 33 20 26 32 35 36 30 40 12 12 24 27 12 23 27 22 29 26 20 38 29 40 31 24 14 20 35 14 13 36 19 19 28 38 40 32 39 20 39 22 25 22 36 34 16 39 29 23 22 26 18 15 39 21 16 30 35 23 32 26 40 33 25 20 33 19 35 19 15 40 39 38 30 12 18 40 24 25 32 29 26 25 30 34 21 26 23 20 14 27 32 21 17 13 32 21 18 22 19 40 12 34 35 37 35 38 37 16 17 16 29 32 23 15 27 20 37 39 32 35 34 12 31 26 24 40 35 17 14 13 29 21 39 19 34 23 36 22 14 34 20 26 39 26 36 28 37 11 37 39 38 15 32 39 11 29 33 39 26 14 12 15 25 22 14 24 18 39 13 15 35 31 40 30 35 25 38 16 25 20 14 36 36 14 30 25 25 39 40 16 32 26 18 23 18 38 13 32 24 40 18 14 16 40 19 39 33 40 25 20 25 13 22 28 37 29 35 13 13 25 17 17 11 20 37 19 36 26 26 20 24 11 31 40 29 29 27 38 26 16 31 20 21 31 17 29 19 18 31 33 11 20 31 40 13 40 22 35 11 11 38 31 40 17 14 36 11 31 20 17 40 11 11 38 16 23 16 22 34 33 19 26 21 37 31 38 29 18 31 12 13 11 28 25 13 27 23 17
12 9 28 6 17 27 5 22 4 1 10 30 1 10 10 29 13 11 23 22 3 16 19 3 25 6 13 30 13 28 22 24 18 7 10 4 5 12 27 18 7 22 11 6 13 29 18 22 10 7 20 14 22 30 23 29 6 27 10 4 9 14 11 11 30 3 5 11 2 27 9 4 26 20 25 23 8 10 21 3 7 28 25 17 12 25 2 23 16 28 27 5 23 30 4 18 23 21 16 30 18 21 7 17 29 18 29 13 23 30 23 15 7 3 16 18 11 29 27 6 3 26 2 6 2 20 18 23 11 9 7 16 7 26 11 10 21 6 21 3 26 14 7 22 30 17 30 21 19 28 5 16 17 19 23 27 5 12 14 29 23 25 18 11 19 25 13 17 11 27 20 9 18 20 27 5 23 19 20 28 10 9 12 30 20 1 15 26 2 6 23 7 27 17 27 2 25 14 23 1 27 19 26 7 23 11 12 29 27 20 20 4 18 4 8 16 21 26 20 11 2 4 1 10 22 21 26 23 1 23 23 14 28 26 14 4 7 25 6 25 16 17 10 10 7 27 2 2 21 4 16 29 11 26 9 26 5 5 28 22 23 20 8 29 1 3 11 28 21 3 16 7 29 5 8 23 25 10 29 8 1 16 11 10 7 21 14 26 9 28 17 29 15 13 19 20 6 4 2 23 23 30 15 26 17 12 23 20 1 13 27 18 22 21 9 23 16 13 24 20 28 14 25 18 18 2 27 28 5 24 3 10 3 7 12 15 5 15 14 13 29 27 27 19 22 11 4 3 4 7 23 24 16 17 8 7 27 13 16 2 14 21 26 17 12 21 27 1 23 21 24 16 18 15 15 1 15 5 6 6 8 22 18 21 17 20 19 30 5 16 2 8 9 15 24 6 8 16 1 6 14 10 23 10 16 22 25 26 20 30 2 2 14 17 2 13 17 12 19 16 10 28 19 30 21 14 4 10 25 4 3 26 9 9 18 28 30 22 29 10 29 12 15 12 26 24 6 29 19 13 12 16 8 5 29 11 6 20 25 13 22 16 30 23 15 10 23 9 25 9 5 30 29 28 20 2 8 30 14 15 22 19 16 15 20 24 11 16 13 10 4 17 22 11 7 3 22 11 8 12 9 30 2 24 25 27 25 28 27 6 7 6 19 22 13 5 17 10 27 29 22 25 24 2 21 16 14 30 25 7 4 3 19 11 29 9 24 13 26 12 4 24 10 16 29 16 26 18 27 1 27 29 28 5 22 29 1 19 23 29 16 4 2 5 15 12 4 14 8 29 3 5 25 21 30 20 25 15 28 6 15 10 4 26 26 4 20 15 15 29 30 6 22 16 8 13 8 28 3 22 14 30 8 4 6 30 9 29 23 30 15 10 15 3 12 18 27 19 25 3 3 15 7 7 1 10 27 9 26 16 16 10 14 1 21 30 19 19 17 28 16 6 21 10 11 21 7 19 9 8 21 23 1 10 21 30 3 30 12 25 1 1 28 21 30 7 4 26 1 21 10 7 30 1 1 28 6 13 6 12 24 23 9 16 11 27 21 28 19 8 21 2 3 1 18 15 3 17 13 7
1 19 7
107 158 519 201 443 364 358
0 2 4
137 37 685 83
0 3 3
246 514 255
2 8 14
10 222 340 615 68 176 408 563 0 113 413 193 632 651
10 7 24
208 633 339 1 31 503 53 180 102 346 481 138 156 554 372 258 686 65 321 207 586 254 472 28
0 12 3
116 234 450
0 18 9
674 693 431 110 678 314 248 114 185
0 2 8
398 611 84 683 561 417 385 143
2 4 9
39 252 150 635 699 409 598 597 9
5 14 17
373 225 55 589 355 356 299 92 416 347 403 172 228 63 521 690 152
4 13 10
239 183 57 164 470 530 471 319 393 253
5 5 13
379 642 512 177 462 429 616 331 99 290 487 647 243
6 1 14
329 149 218 74 175 251 623 308 559 603 421 186 335 496
6 12 20
491 622 29 395 292 79 602 30 106 593 24 681 469 32 614 500 455 363 47 406
7 18 17
463 511 415 7 451 54 360 89 286 482 146 271 303 410 613 628 362
0 13 8
288 650 468 195 448 656 473 637
8 19 19
155 441 51 367 104 17 536 249 211 655 544 499 584 87 58 284 82 547 304
6 16 13
302 551 220 449 33 374 60 517 437 273 371 634 223
0 13 2
596 567
0 6 2
456 126
0 5 17
396 127 337 365 62 608 199 446 434 145 557 108 506 571 238 154 442
0 16 18
267 294 88 359 570 93 626 641 587 582 2 343 170 132 285 27 76 526
0 12 10
588 202 348 653 16 212 357 652 316 194
4 2 19
476 527 49 552 543 298 296 91 444 475 162 539 8 454 168 215 70 370 540
0 10 11
235 535 261 240 558 565 159 485 266 213 310
0 15 3
351 564 139
0 3 1
599
0 19 7
425 45 435 295 263 501 56
4 13 9
420 232 259 508 325 497 48 419 504
1 11 13
26 673 668 317 313 320 111 672 350 115 15 667 353
1 2 4
153 229 66 333
0 8 2
679 574
0 4 2
242 447
2 5 13
103 516 22 528 282 40 72 384 336 306 131 4 680
0 19 6
147 577 621 618 184 148
2 1 7
465 581 280 338 97 569 440
8 8 17
524 594 439 334 541 644 696 520 161 341 214 42 630 210 173 631 579
0 1 24
407 498 474 671 583 94 545 14 345 332 675 6 578 134 383 133 78 77 513 386 568 460 620 241
0 7 5
698 142 515 352 190
1 7 4
85 397 457 495
3 12 2
3 182
1 17 1
5
1 13 2
11 52
2 10 2
12 46
8 7 3
13 375 378
1 31 1
18
2 4 1
19
1 31 1
20
6 3 3
21 178 566
2 24 2
23 505
1 32 1
25
1 6 1
34
1 19 1
35
2 20 1
36
1 12 1
38
1 34 1
41
4 6 1
43
3 18 1
44
1 17 2
50 604
8 17 3
59 203 206
12 28 2
61 283
6 11 1
64
1 23 1
67
3 16 1
69
1 5 1
71
2 12 2
73 430
2 26 1
75
3 30 1
80
10 18 3
81 330 452
1 29 1
86
1 21 1
90
1 29 1
95
2 22 2
96 422
1 24 1
98
14 9 2
100 129
2 34 2
101 664
1 20 1
105
5 12 1
109
6 13 1
112
1 23 2
117 233
12 14 1
118
1 12 1
119
12 19 1
120
2 22 1
121
1 21 3
122 247 318
3 26 2
123 281
1 18 1
124
1 20 1
125
1 21 2
128 525
1 18 1
130
3 18 1
135
2 19 2
136 297
1 23 1
140
2 27 1
141
1 21 1
144
2 10 1
151
1 4 2
157 388
2 23 1
160
1 11 1
163
3 30 1
165
1 18 1
166
1 24 1
167
3 24 1
169
8 10 2
171 231
1 15 2
174 377
2 17 1
179
3 32 1
181
10 29 1
187
1 27 2
188 278
3 15 1
189
2 16 2
191 300
1 6 1
192
2 3 1
196
2 4 1
197
4 9 1
198
1 22 1
200
1 16 1
204
4 13 2
205 629
1 36 1
209
3 32 2
216 537
3 15 1
217
2 19 1
219
6 6 1
221
10 3 1
224
2 16 2
226 400
6 5 1
227
14 6 1
230
9 19 1
236
17 24 1
237
1 23 1
244
1 30 1
245
1 33 1
250
10 21 1
256
2 8 1
257
2 6 1
260
10 14 1
262
6 9 2
264 585
2 38 1
265
1 20 1
268
14 20 1
269
1 31 1
270
3 25 1
272
1 22 1
274
2 19 1
275
3 38 1
276
1 22 1
277
2 18 2
279 532
2 16 1
287
2 17 2
289 381
2 14 1
291
12 18 1
293
1 20 1
301
16 23 1
305
1 7 1
307
1 24 1
309
1 17 1
311
3 14 2
312 546
2 11 1
315
12 20 1
322
4 10 2
323 549
3 19 1
324
10 20 1
326
1 26 1
327
2 19 1
328
2 24 1
342
2 15 1
344
1 32 1
349
16 34 1
354
1 8 1
361
12 20 2
366 494
1 6 1
368
3 21 1
369
1 20 1
376
1 23 1
380
1 19 3
382 390 436
1 18 1
387
1 3 2
389 445
3 35 1
391
9 27 2
392 639
10 15 1
394
1 18 1
399
3 31 1
401
1 10 1
402
1 18 1
404
1 27 2
405 601
1 20 3
411 484 518
3 12 1
412
2 16 1
414
2 21 1
418
10 10 2
423 645
6 2 1
424
8 6 2
426 682
3 33 1
427
3 31 1
428
16 25 1
432
1 31 1
433
1 21 1
438
1 17 1
453
2 35 2
458 502
2 14 1
459
2 9 2
461 507
2 7 1
464
1 18 1
466
1 29 1
467
1 35 1
477
1 23 1
478
2 5 2
479 692
5 11 1
480
2 28 1
483
2 12 2
486 697
1 38 1
488
3 24 1
489
1 12 1
490
2 9 1
492
2 14 1
493
10 18 1
509
4 26 1
510
3 13 2
522 575
1 27 1
523
2 16 1
529
15 21 1
531
6 14 1
533
8 21 1
534
8 12 1
538
5 12 1
542
1 14 2
548 669
3 24 1
550
1 21 1
553
2 18 1
555
1 31 1
556
10 14 1
560
6 19 1
562
1 14 1
572
1 18 1
573
2 13 1
576
2 7 1
580
2 23 1
590
1 17 1
591
1 23 1
592
3 26 1
595
2 22 1
600
2 14 1
605
16 37 1
606
1 35 1
607
1 12 1
609
8 18 1
610
1 18 1
612
10 31 1
617
6 22 1
619
2 9 2
624 695
1 24 1
625
1 20 1
627
10 32 1
636
6 12 1
638
1 25 1
640
3 26 1
643
1 30 1
646
1 32 1
648
3 20 1
649
2 21 1
654
2 16 1
657
4 27 1
658
9 32 1
659
2 21 1
660
8 13 1
661
1 18 1
662
1 37 1
663
5 20 1
665
2 21 1
666
1 16 1
670
1 24 1
676
4 16 1
677
2 22 1
684
5 8 1
687
3 30 1
688
1 14 1
689
2 17 1
691
17 27 1
694
