800 310 1240 53
22 17 38 18 39 15 19 35 23 17 29 40 39 30 34 19 19 13 36 25 34 12 37 12 27 37 12 37 33 23 17 11 31 11 11 27 14 38 24 39 38 16 21 20 38 11 32 31 22 20 19 13 28 18 15 17 13 35 40 40 31 21 14 21 24 21 37 30 15 20 34 27 28 32 15 30 33 19 39 25 24 40 31 15 34 31 11 29 15 26 20 35 21 11 33 24 28 38 12 27 11 15 27 25 31 28 40 25 19 27 30 12 24 12 25 18 32 29 30 38 33 37 19 32 26 16 34 38 34 16 23 14 22 14 24 32 22 28 40 35 23 18 29 39 37 25 27 32 29 28 20 30 35 19 26 20 22 30 34 12 26 25 37 35 28 18 37 16 20 11 17 25 25 18 40 19 30 18 39 30 24 12 35 30 11 36 15 32 12 21 31 33 40 30 18 12 11 24 20 18 37 34 38 25 40 16 28 14 33 36 39 11 26 17 31 14 25 12 19 31 28 22 28 37 13 22 35 33 26 26 18 31 35 29 22 19 26 22 28 36 19 16 34 11 25 32 37 17 33 27 12 20 21 26 24 15 21 31 32 14 38 29 17 35 15 17 33 34 14 25 12 31 31 24 35 31 35 16 25 22 23 16 11 27 13 35 18 21 23 37 14 27 34 18 11 16 12 30 30 27 14 39 36 38 13 32 40 37 35 15 38 40 12 24 35 34 23 21 26 37 34 39 37 25 28 26 26 24 18 32 13 22 40 24 39 35 24 38 19 25 28 24 28 28 28 32 19 32 37 18 25 21 38 19 18 27 17 32 11 14 20 14 26 25 19 19 19 39 19 30 16 18 27 24 30 13 30 40 38 15 25 36 29 27 30 25 37 11 29 29 27 38 12 39 37 17 30 11 38 39 31 36 14 34 25 15 27 35 21 16 24 37 11 17 23 35 27 27 16 27 32 12 22 31 32 37 17 18 38 21 17 38 20 15 39 40 35 19 22 11 17 15 22 20 34 14 34 18 38 17 15 19 11 27 26 27 24 36 40 13 37 31 28 13 25 18 27 20 14 20 31 13 32 25 24 18 36 29 38 16 34 18 37 24 17 33 16 32 38 14 34 16 12 23 38 33 22 21 22 23 40 32 34 22 34 38 32 24 18 24 22 31 26 11 36 22 21 25 31 23 38 36 30 35 32 35 11 32 36 16 33 21 25 32 37 32 29 14 22 26 33 13 39 29 20 21 14 28 35 13 25 22 11 19 33 17 23 23 31 40 24 13 16 37 26 31 39 15 24 14 16 36 14 26 40 40 29 20 31 16 38 26 38 33 14 39 16 24 16 40 38 33 17 11 37 37 28 31 24 16 24 13 16 20 21 20 14 15 34 26 29 16 27 26 39 12 23 32 40 31 26 39 24 17 32 22 14 15 22 24 25 28 19 15 40 23 30 23 22 33 23 19 23 37 18 27 15 31 40 16 24 22 36 16 18 28 34 13 27 30 19 29 32 22 39 14 23 27 25 39 22 35 24 28 17 38 20 28 37 16 28 16 37 32 36 18 30 21 21 32 15 33 18 36 20 39 39 24 16 30 40 23 17 13 34 13 19 17 40 34 21 34 11 39 32 17 28 38 11 16 18 17 19 25 20 35 30 24 35 23 19 25 17 15 31 13 31 23 20 11 36 40 13 22 16 25 26 15 23 16 27 23 26 23 25 21 27 15 23 36 31 21 25 39 12 15 17 18 29 28 12 35 30 12 28 34 21 20 33 11 16 37 35 20 15 33 24 21 18 31 40 11 34 27 23 13 23 27 25 11
12 7 28 8 29 5 9 25 13 7 19 30 29 20 24 9 9 3 26 15 24 2 27 2 17 27 2 27 23 13 7 1 21 1 1 17 4 28 14 29 28 6 11 10 28 1 22 21 12 10 9 3 18 8 5 7 3 25 30 30 21 11 4 11 14 11 27 20 5 10 24 17 18 22 5 20 23 9 29 15 14 30 21 5 24 21 1 19 5 16 10 25 11 1 23 14 18 28 2 17 1 5 17 15 21 18 30 15 9 17 20 2 14 2 15 8 22 19 20 28 23 27 9 22 16 6 24 28 24 6 13 4 12 4 14 22 12 18 30 25 13 8 19 29 27 15 17 22 19 18 10 20 25 9 16 10 12 20 24 2 16 15 27 25 18 8 27 6 10 1 7 15 15 8 30 9 20 8 29 20 14 2 25 20 1 26 5 22 2 11 21 23 30 20 8 2 1 14 10 8 27 24 28 15 30 6 18 4 23 26 29 1 16 7 21 4 15 2 9 21 18 12 18 27 3 12 25 23 16 16 8 21 25 19 12 9 16 12 18 26 9 6 24 1 15 22 27 7 23 17 2 10 11 16 14 5 11 21 22 4 28 19 7 25 5 7 23 24 4 15 2 21 21 14 25 21 25 6 15 12 13 6 1 17 3 25 8 11 13 27 4 17 24 8 1 6 2 20 20 17 4 29 26 28 3 22 30 27 25 5 28 30 2 14 25 24 13 11 16 27 24 29 27 15 18 16 16 14 8 22 3 12 30 14 29 25 14 28 9 15 18 14 18 18 18 22 9 22 27 8 15 11 28 9 8 17 7 22 1 4 10 4 16 15 9 9 9 29 9 20 6 8 17 14 20 3 20 30 28 5 15 26 19 17 20 15 27 1 19 19 17 28 2 29 27 7 20 1 28 29 21 26 4 24 15 5 17 25 11 6 14 27 1 7 13 25 17 17 6 17 22 2 12 21 22 27 7 8 28 11 7 28 10 5 29 30 25 9 12 1 7 5 12 10 24 4 24 8 28 7 5 9 1 17 16 17 14 26 30 3 27 21 18 3 15 8 17 10 4 10 21 3 22 15 14 8 26 19 28 6 24 8 27 14 7 23 6 22 28 4 24 6 2 13 28 23 12 11 12 13 30 22 24 12 24 28 22 14 8 14 12 21 16 1 26 12 11 15 21 13 28 26 20 25 22 25 1 22 26 6 23 11 15 22 27 22 19 4 12 16 23 3 29 19 10 11 4 18 25 3 15 12 1 9 23 7 13 13 21 30 14 3 6 27 16 21 29 5 14 4 6 26 4 16 30 30 19 10 21 6 28 16 28 23 4 29 6 14 6 30 28 23 7 1 27 27 18 21 14 6 14 3 6 10 11 10 4 5 24 16 19 6 17 16 29 2 13 22 30 21 16 29 14 7 22 12 4 5 12 14 15 18 9 5 30 13 20 13 12 23 13 9 13 27 8 17 5 21 30 6 14 12 26 6 8 18 24 3 17 20 9 19 22 12 29 4 13 17 15 29 12 25 14 18 7 28 10 18 27 6 18 6 27 22 26 8 20 11 11 22 5 23 8 26 10 29 29 14 6 20 30 13 7 3 24 3 9 7 30 24 11 24 1 29 22 7 18 28 1 6 8 7 9 15 10 25 20 14 25 13 9 15 7 5 21 3 21 13 10 1 26 30 3 12 6 15 16 5 13 6 17 13 16 13 15 11 17 5 13 26 21 11 15 29 2 5 7 8 19 18 2 25 20 2 18 24 11 10 23 1 6 27 25 10 5 23 14 11 8 21 30 1 24 17 13 3 13 17 15 1
1 19 4
558 433 654 339
7 13 15
288 52 756 202 298 224 81 316 105 606 672 659 299 520 743
1 5 6
68 737 147 274 31 30
3 17 19
310 502 330 235 773 536 483 440 798 276 5 420 771 142 607 376 82 195 284
6 15 21
772 140 347 45 293 435 370 395 218 236 167 703 53 360 400 429 525 256 271 3 220
2 6 9
175 206 680 745 133 749 291 619 319
5 12 16
215 734 90 752 783 402 149 524 374 451 124 706 634 416 87 779
1 5 8
131 2 611 712 645 97 153 121
2 16 7
479 675 592 407 642 698 432
0 16 15
397 243 578 470 747 556 391 674 268 434 655 184 103 682 47
11 15 22
569 730 757 69 786 270 64 522 671 412 403 213 716 123 10 272 17 278 208 346 16 348
0 4 2
200 93
0 12 2
385 361
3 16 13
526 614 366 719 545 552 666 740 582 689 381 759 375
1 18 7
287 297 465 507 79 762 492
4 14 10
618 498 74 309 169 455 717 424 209 788
0 17 2
750 561
2 20 9
249 246 311 754 22 199 210 162 187
8 1 25
201 693 605 623 388 438 733 393 154 574 711 135 598 624 41 50 19 685 378 85 461 785 533 15 34
4 17 11
384 741 554 100 448 427 727 510 700 445 729
3 3 15
678 11 238 709 405 565 467 628 86 343 51 0 115 742 553
4 17 18
735 188 544 373 260 636 587 603 355 617 197 667 335 539 350 778 212 204
3 13 14
505 406 691 245 504 669 134 338 155 228 474 337 459 108
1 4 20
602 626 766 643 439 570 303 394 702 327 342 305 255 285 683 302 315 322 241 198
2 11 14
562 163 239 763 46 233 799 449 549 529 60 588 720 751
4 7 20
411 4 769 515 776 194 721 431 300 620 746 308 555 12 102 244 259 62 325 65
10 1 24
399 221 487 589 106 382 632 380 641 476 559 514 713 372 26 768 477 571 254 579 160 501 356 616
0 15 6
33 304 269 506 495 168
1 10 12
73 566 466 307 646 517 67 359 225 609 334 463
0 7 3
71 518 351
0 19 10
112 627 331 577 631 14 657 610 782 321
1 6 21
157 389 362 48 704 633 127 275 368 55 27 596 156 207 442 748 333 418 550 755 185
1 5 7
109 128 662 765 793 119 89
7 3 26
630 282 576 621 797 530 264 96 92 586 792 219 104 664 257 796 165 488 226 59 690 638 262 484 38 132
6 6 19
189 107 21 503 9 286 679 211 744 180 116 99 36 460 647 560 511 234 371
0 3 4
789 590 661 413
0 11 1
696
1 19 1
1
2 21 2
6 753
2 14 2
7 66
7 30 2
8 231
4 24 1
13
2 23 1
18
6 22 2
20 444
2 24 2
23 728
10 6 1
24
1 25 1
25
2 30 1
28
1 19 1
29
2 18 3
32 296 486
7 37 2
35 191
1 25 1
37
7 11 1
39
2 26 2
40 781
1 24 2
42 542
12 4 2
43 499
2 29 1
44
1 35 2
49 423
2 29 2
54 289
4 27 1
56
3 21 1
57
2 10 1
58
15 16 2
61 599
2 17 1
63
2 32 1
70
1 18 2
72 283
7 6 1
75
3 18 1
76
1 19 1
77
9 28 1
78
6 25 2
80 414
10 29 2
83 252
6 7 1
84
3 22 2
88 301
10 4 1
91
6 34 1
94
5 21 2
95 419
2 6 2
98 604
2 25 1
101
6 23 1
110
12 20 1
111
2 33 1
113
10 16 4
114 320 535 790
9 16 1
117
10 9 2
118 583
7 32 1
120
3 13 1
122
10 29 1
125
8 20 1
126
2 20 1
129
4 10 1
130
2 28 1
136
2 23 2
137 736
6 37 1
138
7 17 1
139
2 22 1
141
14 27 2
143 681
5 26 1
144
1 32 1
145
2 29 1
146
4 24 1
148
7 18 1
150
2 19 1
151
3 10 1
152
1 30 2
158 450
2 32 1
159
3 12 1
161
6 38 2
164 458
3 12 1
166
4 16 2
170 421
2 33 1
171
3 22 1
172
3 20 1
173
10 15 1
174
2 36 1
176
3 11 1
177
2 34 1
178
6 36 1
179
5 12 1
181
7 35 1
182
4 11 1
183
3 12 1
186
10 19 2
190 651
6 33 1
192
1 32 1
193
1 36 1
196
2 9 2
203 443
1 16 1
205
5 16 1
214
2 32 2
216 452
8 28 2
217 237
7 21 1
222
6 26 2
223 629
9 16 1
227
2 24 3
229 281 369
1 17 2
230 490
8 20 1
232
12 29 1
240
1 19 1
242
10 10 2
247 705
7 20 1
248
8 33 1
250
1 20 1
251
15 21 1
253
2 16 1
258
9 20 3
261 396 473
2 8 1
263
15 14 2
265 357
1 16 1
266
2 25 1
267
1 23 2
273 410
1 38 1
277
7 29 2
279 686
10 27 2
280 475
2 18 1
290
2 4 2
292 784
4 20 1
294
6 23 1
295
12 9 1
306
5 17 2
312 677
2 17 1
313
5 28 2
314 478
7 20 1
317
2 20 1
318
3 23 1
323
7 18 1
324
10 4 1
326
2 31 1
328
13 16 3
329 349 436
3 14 2
332 652
12 23 1
336
3 25 2
340 695
4 10 1
341
7 25 1
344
2 22 1
345
6 33 2
352 509
5 19 2
353 425
4 21 1
354
2 20 1
358
3 9 2
363 585
10 22 3
364 496 668
7 26 2
365 794
3 9 2
367 639
12 4 1
377
13 27 1
379
2 34 1
383
4 17 1
386
5 30 1
387
1 21 1
390
2 33 1
392
3 23 1
398
4 25 1
401
3 6 1
404
6 24 1
408
3 23 2
409 516
3 11 1
415
4 10 1
417
3 15 1
422
3 16 1
426
2 17 1
428
7 21 1
430
13 21 1
437
5 6 1
441
10 10 1
446
2 15 2
447 761
10 20 2
453 697
7 21 1
454
14 13 1
456
6 9 1
457
2 14 1
462
1 21 1
464
2 14 1
468
7 32 1
469
2 34 1
471
3 17 1
472
5 18 1
480
5 8 1
481
4 7 1
482
2 22 2
485 615
7 20 2
489 725
2 29 2
491 500
1 31 1
493
3 24 1
494
10 31 1
497
3 7 1
508
7 6 1
512
4 13 1
513
8 18 1
519
8 22 1
521
6 22 1
523
10 18 2
527 715
2 17 1
528
1 16 1
531
9 19 1
532
7 24 1
534
6 30 1
537
10 13 1
538
6 31 1
540
2 15 2
541 595
7 23 1
543
8 30 1
546
22 16 2
547 694
3 27 1
548
8 23 1
551
10 24 2
557 568
4 22 1
563
2 15 1
564
5 22 1
567
5 33 1
572
5 17 1
573
7 19 1
575
3 11 1
580
7 18 1
581
3 29 1
584
5 23 1
591
1 33 2
593 597
7 20 1
594
1 23 1
600
4 21 1
601
6 19 1
608
1 31 1
612
2 18 1
613
6 34 1
622
3 21 1
625
2 26 1
635
3 21 1
637
10 15 1
640
1 20 1
644
2 27 1
648
4 12 1
649
10 18 1
650
7 22 1
653
5 26 1
656
3 19 1
658
3 25 1
660
7 8 1
663
3 26 1
665
5 12 1
670
1 29 1
673
10 26 1
676
5 18 1
684
1 16 1
687
3 11 1
688
4 21 1
692
6 31 1
699
1 20 1
701
2 17 1
707
4 15 1
708
1 21 1
710
5 14 2
714 795
4 8 1
718
1 32 1
722
1 34 1
723
1 20 1
724
5 31 1
726
4 22 1
731
1 22 1
732
1 25 1
738
1 20 1
739
2 22 1
758
15 19 1
760
5 18 1
764
2 34 1
767
6 35 1
770
6 19 1
774
1 36 1
775
5 32 1
777
13 30 1
780
7 30 1
787
15 7 1
791
