500 210 775 33
35 25 27 36 13 19 25 31 39 15 29 39 12 12 12 33 19 23 15 19 36 29 18 32 28 34 40 33 34 38 19 29 28 38 12 25 17 14 15 13 13 34 40 33 23 21 27 28 31 37 29 26 27 18 27 16 33 26 13 36 18 22 36 14 20 15 19 38 23 32 19 25 16 38 20 20 19 38 16 24 25 18 23 29 32 24 26 26 36 16 27 33 24 24 15 26 37 36 22 26 30 16 27 15 23 22 17 34 11 18 24 13 11 11 31 40 35 36 33 25 15 39 22 30 11 11 11 27 31 40 28 32 21 40 28 24 12 33 26 16 18 31 32 11 19 37 38 18 12 33 18 26 11 38 29 30 18 19 15 23 38 11 40 30 30 14 21 39 38 37 25 13 11 39 18 33 15 38 32 38 23 35 35 39 19 37 32 18 26 11 31 12 18 39 25 23 27 17 27 22 36 15 33 38 14 18 13 34 11 38 18 25 20 21 19 13 35 11 12 32 32 26 13 11 33 17 25 25 22 20 17 17 24 16 20 38 34 27 35 14 16 20 38 34 20 32 15 22 33 30 21 12 11 29 14 37 13 16 25 12 32 39 30 31 16 35 14 16 20 22 30 18 13 30 29 16 30 29 35 34 19 34 29 22 26 15 28 20 17 22 18 34 26 30 32 16 18 40 14 25 25 17 17 40 30 21 31 26 22 22 28 16 39 11 11 34 18 33 36 38 12 11 37 37 18 32 39 29 16 15 26 39 15 24 27 12 15 26 31 16 24 32 12 32 12 18 34 18 26 24 26 19 23 30 27 18 38 12 15 33 30 21 23 35 34 14 26 35 28 15 18 17 35 16 28 12 22 36 11 32 31 24 17 11 33 16 13 38 31 13 18 27 39 36 17 31 16 12 30 28 33 22 12 24 29 23 16 18 33 37 14 39 39 25 15 33 17 32 18 18 14 14 35 22 12 33 19 23 25 40 26 12 37 12 17 21 37 28 25 29 31 25 13 23 39 36 33 17 21 13 37 35 33 18 18 31 26 23 23 25 39 22 14 34 11 12 37 21 14 35 26 33 27 15 13 24 16 12 17 33 17 36 21 32 35 25 32 38 36 13 17 17 30 17 38 21 29 20 18 15
25 15 17 26 3 9 15 21 29 5 19 29 2 2 2 23 9 13 5 9 26 19 8 22 18 24 30 23 24 28 9 19 18 28 2 15 7 4 5 3 3 24 30 23 13 11 17 18 21 27 19 16 17 8 17 6 23 16 3 26 8 12 26 4 10 5 9 28 13 22 9 15 6 28 10 10 9 28 6 14 15 8 13 19 22 14 16 16 26 6 17 23 14 14 5 16 27 26 12 16 20 6 17 5 13 12 7 24 1 8 14 3 1 1 21 30 25 26 23 15 5 29 12 20 1 1 1 17 21 30 18 22 11 30 18 14 2 23 16 6 8 21 22 1 9 27 28 8 2 23 8 16 1 28 19 20 8 9 5 13 28 1 30 20 20 4 11 29 28 27 15 3 1 29 8 23 5 28 22 28 13 25 25 29 9 27 22 8 16 1 21 2 8 29 15 13 17 7 17 12 26 5 23 28 4 8 3 24 1 28 8 15 10 11 9 3 25 1 2 22 22 16 3 1 23 7 15 15 12 10 7 7 14 6 10 28 24 17 25 4 6 10 28 24 10 22 5 12 23 20 11 2 1 19 4 27 3 6 15 2 22 29 20 21 6 25 4 6 10 12 20 8 3 20 19 6 20 19 25 24 9 24 19 12 16 5 18 10 7 12 8 24 16 20 22 6 8 30 4 15 15 7 7 30 20 11 21 16 12 12 18 6 29 1 1 24 8 23 26 28 2 1 27 27 8 22 29 19 6 5 16 29 5 14 17 2 5 16 21 6 14 22 2 22 2 8 24 8 16 14 16 9 13 20 17 8 28 2 5 23 20 11 13 25 24 4 16 25 18 5 8 7 25 6 18 2 12 26 1 22 21 14 7 1 23 6 3 28 21 3 8 17 29 26 7 21 6 2 20 18 23 12 2 14 19 13 6 8 23 27 4 29 29 15 5 23 7 22 8 8 4 4 25 12 2 23 9 13 15 30 16 2 27 2 7 11 27 18 15 19 21 15 3 13 29 26 23 7 11 3 27 25 23 8 8 21 16 13 13 15 29 12 4 24 1 2 27 11 4 25 16 23 17 5 3 14 6 2 7 23 7 26 11 22 25 15 22 28 26 3 7 7 20 7 28 11 19 10 8 5
1 11 10
115 132 244 24 46 326 253 7 164 329
0 17 7
457 311 378 93 472 409 404
0 13 1
363
0 1 4
412 232 319 334
3 5 9
71 239 126 223 187 119 461 449 86
1 13 6
379 304 462 321 28 343
1 9 4
17 272 361 163
1 14 6
107 402 372 439 360 176
5 10 17
246 405 347 485 82 451 210 298 291 144 127 173 188 387 433 407 318
1 17 5
99 78 224 73 81
4 12 11
40 436 242 131 403 480 214 111 240 225 323
0 3 1
90
5 9 11
166 103 137 8 398 453 313 392 277 222 48
0 6 9
69 450 484 331 26 124 483 317 30
6 4 15
492 190 197 300 142 201 262 401 172 45 271 135 184 362 189
5 20 13
280 57 128 482 29 330 195 324 162 308 148 34 108
0 2 3
440 370 494
4 1 11
134 431 315 256 170 66 116 129 193 106 400
0 19 3
282 302 11
1 8 8
113 316 406 92 281 393 465 320
0 2 3
383 211 52
1 3 7
448 58 289 371 421 16 70
4 16 13
470 237 199 345 76 422 368 381 442 150 80 476 413
4 15 12
437 475 169 203 376 122 88 258 427 75 426 367
1 20 15
251 77 183 490 3 226 455 310 306 180 290 396 292 283 257
2 17 12
146 275 21 140 328 67 38 6 456 97 36 161
1 1 11
478 430 266 233 236 37 31 467 364 434 250
6 18 14
198 264 123 22 332 117 474 205 432 346 389 62 101 479
0 8 2
23 141
4 17 9
473 267 293 444 417 464 91 109 284
0 9 1
254
2 3 7
294 206 312 339 295 441 477
1 18 17
377 2 171 410 179 265 384 468 204 351 493 178 348 336 27 98 74
1 14 9
382 274 118 459 443 458 375 143 495
1 17 4
213 261 64 234
2 13 10
386 218 217 338 231 181 349 414 238 51
1 22 1
0
6 26 1
1
4 17 1
4
1 16 1
5
4 27 1
9
1 11 1
10
5 23 1
12
6 31 1
13
7 32 1
14
6 23 1
15
1 28 1
18
2 23 2
19 85
6 18 1
20
1 31 2
25 202
4 11 2
32 89
1 20 1
33
4 21 3
35 247 395
4 4 3
39 133 340
5 23 1
41
3 20 1
42
2 19 1
43
2 22 2
44 322
2 36 2
47 390
4 21 2
49 255
2 33 1
50
1 7 1
53
2 30 1
54
2 32 1
55
4 21 1
56
2 28 2
59 248
8 14 1
60
4 21 1
61
1 12 1
63
10 27 1
65
9 19 1
68
2 38 1
72
1 25 1
79
4 29 1
83
4 18 1
84
4 22 1
87
1 16 1
94
5 18 1
95
1 21 1
96
2 35 2
100 288
4 19 1
102
2 15 1
104
10 30 1
105
4 31 2
110 259
4 25 2
112 151
7 5 1
114
4 23 1
120
3 22 1
121
2 19 1
125
4 16 1
130
6 34 2
136 358
2 11 1
138
7 31 2
139 212
3 25 1
145
10 32 1
147
6 32 1
149
2 18 1
152
4 8 1
153
3 30 1
154
1 22 1
155
3 37 1
156
4 15 2
157 446
4 12 1
158
1 8 1
159
1 12 1
160
2 20 1
165
5 25 1
167
2 14 1
168
4 18 1
174
4 32 3
175 380 438
4 31 1
177
2 16 1
182
7 18 1
185
1 16 2
186 235
4 23 1
191
4 14 1
192
2 3 1
194
4 4 1
196
4 15 1
200
2 9 2
207 273
2 35 1
208
1 19 1
209
4 27 1
215
1 22 1
216
4 29 1
219
4 12 1
220
3 31 1
221
4 5 1
227
4 12 1
228
6 24 1
229
1 16 1
230
2 25 1
241
1 9 1
243
5 8 1
245
5 12 1
249
1 30 1
252
2 24 1
260
2 28 1
263
1 15 1
268
10 21 1
269
6 29 1
270
4 6 1
276
1 19 1
278
2 21 1
279
3 37 1
285
6 29 1
286
3 35 1
287
3 28 1
296
3 27 1
297
4 20 1
299
1 6 1
301
2 34 2
303 391
6 32 1
305
4 22 1
307
4 19 1
309
7 27 1
314
4 19 1
325
4 25 1
327
4 37 1
333
3 27 1
335
1 14 1
337
2 5 1
341
4 25 1
342
4 23 1
344
5 22 1
350
7 16 1
352
1 24 1
353
2 34 1
354
2 24 1
355
9 30 1
356
1 4 1
357
4 27 1
359
8 9 1
365
6 34 1
366
5 18 1
369
1 21 1
373
4 29 1
374
1 24 1
385
5 25 2
388 418
2 26 2
394 487
3 31 1
397
2 19 1
399
2 13 1
408
7 20 1
411
4 17 1
415
1 33 1
416
4 20 1
419
2 27 2
420 499
6 30 1
423
3 28 1
424
4 17 1
425
6 19 1
428
2 25 1
429
5 23 2
435 469
4 26 1
445
2 2 1
447
1 7 1
452
3 36 1
454
10 16 1
460
2 26 1
463
2 34 1
466
1 14 1
471
5 17 1
481
2 19 1
486
5 29 1
488
1 4 1
489
5 27 1
491
1 19 1
496
5 27 1
497
2 17 1
498
