500 206 775 33
18 35 27 16 35 28 28 23 13 32 34 14 39 24 20 22 37 23 17 40 14 31 39 21 11 17 20 15 38 32 21 13 35 37 22 28 18 15 32 29 33 15 16 34 12 31 18 40 19 19 18 24 36 28 39 11 30 40 26 14 28 37 35 14 32 15 12 38 36 35 14 34 13 35 30 24 38 36 35 28 32 24 36 19 22 25 20 19 12 26 37 39 31 12 32 23 34 33 19 22 22 22 12 31 21 24 21 19 33 40 11 34 24 28 33 26 34 20 27 26 37 40 19 25 34 17 33 17 26 35 35 27 18 38 12 28 28 12 21 30 32 33 26 34 15 15 14 14 36 32 40 39 28 16 23 31 38 28 23 19 16 34 11 12 14 36 22 14 30 13 17 17 18 29 17 18 31 24 20 21 18 31 14 24 25 25 14 23 35 19 34 25 28 14 36 37 20 21 14 38 15 13 16 30 30 38 37 27 36 15 30 28 36 22 23 26 21 22 29 15 25 23 35 21 39 21 25 21 24 19 20 22 13 36 12 36 20 21 20 20 39 11 22 39 32 29 14 32 33 39 20 37 38 29 32 12 18 26 26 36 35 35 34 36 27 17 18 37 21 32 19 17 34 16 17 38 40 24 12 24 22 19 19 22 33 16 20 27 19 34 27 31 22 20 27 23 28 37 35 17 18 21 13 34 29 15 36 37 24 15 18 18 39 25 34 14 26 13 24 30 26 28 15 32 28 37 19 24 20 35 15 21 31 13 36 33 20 32 14 12 40 27 20 22 22 21 39 26 40 18 25 11 37 37 30 22 29 35 19 31 38 16 36 22 33 28 13 19 17 18 12 22 13 24 24 12 37 32 11 25 21 30 11 23 19 23 22 38 22 33 37 17 25 34 38 32 36 31 40 25 24 30 31 26 34 32 16 22 20 27 21 36 20 23 11 16 38 36 27 15 40 39 33 11 38 35 13 38 39 26 33 14 34 15 39 33 24 21 27 24 32 39 35 20 25 27 18 16 34 11 19 35 29 38 23 21 11 38 40 14 26 37 16 35 22 33 38 24 30 23 21 32 33 24 36 32 20 38 15 23 30 13 19 13 27 28 30 12 35 19 11 15 11 14 26 33 14 18 40 13
8 25 17 6 25 18 18 13 3 22 24 4 29 14 10 12 27 13 7 30 4 21 29 11 1 7 10 5 28 22 11 3 25 27 12 18 8 5 22 19 23 5 6 24 2 21 8 30 9 9 8 14 26 18 29 1 20 30 16 4 18 27 25 4 22 5 2 28 26 25 4 24 3 25 20 14 28 26 25 18 22 14 26 9 12 15 10 9 2 16 27 29 21 2 22 13 24 23 9 12 12 12 2 21 11 14 11 9 23 30 1 24 14 18 23 16 24 10 17 16 27 30 9 15 24 7 23 7 16 25 25 17 8 28 2 18 18 2 11 20 22 23 16 24 5 5 4 4 26 22 30 29 18 6 13 21 28 18 13 9 6 24 1 2 4 26 12 4 20 3 7 7 8 19 7 8 21 14 10 11 8 21 4 14 15 15 4 13 25 9 24 15 18 4 26 27 10 11 4 28 5 3 6 20 20 28 27 17 26 5 20 18 26 12 13 16 11 12 19 5 15 13 25 11 29 11 15 11 14 9 10 12 3 26 2 26 10 11 10 10 29 1 12 29 22 19 4 22 23 29 10 27 28 19 22 2 8 16 16 26 25 25 24 26 17 7 8 27 11 22 9 7 24 6 7 28 30 14 2 14 12 9 9 12 23 6 10 17 9 24 17 21 12 10 17 13 18 27 25 7 8 11 3 24 19 5 26 27 14 5 8 8 29 15 24 4 16 3 14 20 16 18 5 22 18 27 9 14 10 25 5 11 21 3 26 23 10 22 4 2 30 17 10 12 12 11 29 16 30 8 15 1 27 27 20 12 19 25 9 21 28 6 26 12 23 18 3 9 7 8 2 12 3 14 14 2 27 22 1 15 11 20 1 13 9 13 12 28 12 23 27 7 15 24 28 22 26 21 30 15 14 20 21 16 24 22 6 12 10 17 11 26 10 13 1 6 28 26 17 5 30 29 23 1 28 25 3 28 29 16 23 4 24 5 29 23 14 11 17 14 22 29 25 10 15 17 8 6 24 1 9 25 19 28 13 11 1 28 30 4 16 27 6 25 12 23 28 14 20 13 11 22 23 14 26 22 10 28 5 13 20 3 9 3 17 18 20 2 25 9 1 5 1 4 16 23 4 8 30 3
5 14 9
26 460 474 51 423 187 81 351 256
6 11 15
149 348 352 367 377 129 242 302 404 465 278 91 262 375 46
5 3 16
287 72 115 198 434 332 150 270 406 283 306 417 427 355 114 343
3 2 10
317 2 397 67 369 36 490 349 223 188
0 7 4
200 308 195 180
3 8 13
148 146 122 107 326 467 205 178 477 21 268 422 134
0 7 3
247 429 164
1 2 6
158 440 112 93 370 235
4 13 12
279 41 263 285 151 88 3 120 334 368 157 493
2 6 10
193 228 125 229 483 159 35 100 196 8
1 6 3
45 394 20
3 16 16
234 407 298 80 212 246 47 64 16 329 366 304 284 342 236 491
0 14 12
457 225 441 102 305 130 295 77 29 118 175 327
0 5 9
416 486 174 454 78 224 392 135 451
0 16 4
121 105 403 337
3 8 11
176 410 296 63 110 479 495 431 376 476 264
1 9 5
220 59 438 42 310
0 7 3
260 18 336
3 16 6
345 58 76 333 386 439
0 2 7
437 177 372 240 11 364 127
0 8 2
293 475
1 17 12
209 280 153 68 254 211 101 168 96 24 338 111
0 19 9
57 156 79 147 40 49 252 167 266
4 18 12
328 94 141 362 289 139 43 155 61 413 210 250
4 19 8
19 5 481 275 218 492 215 103
4 9 8
162 203 360 74 39 323 414 463
5 13 13
37 357 261 85 104 97 418 288 206 389 379 363 330
0 19 1
83
0 9 3
380 144 365
1 10 4
166 248 461 14
0 11 9
312 393 382 207 321 425 433 10 208
4 15 9
444 75 190 485 428 226 34 402 294
1 4 14
384 318 142 191 132 172 70 17 316 15 165 282 238 269
4 3 12
309 251 466 398 31 387 494 405 456 267 290 87
2 14 12
25 98 359 137 237 415 22 292 171 482 449 469
3 11 1
0
6 22 1
1
6 14 1
4
2 26 2
6 412
9 31 1
7
1 18 2
9 489
6 19 2
12 126
1 11 1
13
10 24 2
23 400
1 16 1
27
2 13 1
28
4 23 2
30 119
1 20 2
32 361
10 17 1
33
2 28 1
38
6 35 2
44 473
1 7 2
48 230
9 18 1
50
7 11 1
52
1 9 1
53
1 8 4
54 281 435 478
2 24 1
55
6 29 1
56
1 33 1
60
9 14 1
62
1 38 2
65 356
1 23 1
66
4 21 1
69
2 21 3
71 204 291
1 16 1
73
1 21 1
82
2 20 2
84 184
8 14 1
86
1 28 1
89
4 29 1
90
2 38 1
92
1 32 1
95
8 21 1
99
2 26 1
106
2 21 1
108
2 20 1
109
2 22 1
113
2 22 1
116
2 15 2
117 421
2 22 2
123 303
1 34 1
124
8 24 1
128
7 14 1
131
4 15 1
133
2 25 2
136 445
2 11 1
138
8 22 1
140
4 12 1
143
1 22 1
145
1 22 1
152
4 16 1
154
1 21 1
160
3 15 1
161
1 16 1
163
9 37 1
169
1 35 1
170
10 32 1
173
1 23 1
179
2 24 1
181
2 17 1
182
6 24 1
183
4 20 1
185
9 20 1
186
3 31 2
189 299
2 25 1
192
8 9 1
194
1 29 1
197
1 34 1
199
6 25 1
201
2 7 1
202
1 21 1
213
1 8 1
214
2 36 1
216
8 29 1
217
1 23 1
219
6 5 1
221
1 17 1
222
1 11 1
227
3 18 2
231 448
3 20 1
232
1 17 1
233
2 29 2
239 259
2 20 1
241
2 32 1
243
1 25 2
244 257
2 19 1
245
1 18 1
249
7 22 1
253
2 11 1
255
2 29 1
258
3 15 1
265
1 13 1
271
6 24 1
272
6 10 1
273
8 25 1
274
8 23 1
276
1 20 1
277
1 10 1
286
9 29 1
297
2 20 1
300
8 19 1
301
1 33 1
307
7 21 1
311
1 16 1
313
3 32 2
314 340
4 10 1
315
9 23 1
319
6 20 1
320
2 7 1
322
9 31 1
324
2 8 1
325
1 13 1
331
1 26 1
335
1 26 1
339
10 14 2
341 390
6 15 1
344
4 5 2
346 419
2 21 1
347
1 18 1
350
3 15 1
353
1 30 1
354
1 29 1
358
1 19 1
371
6 16 1
373
2 22 1
374
6 9 1
378
4 18 1
381
3 13 1
383
6 25 1
385
1 9 1
388
2 18 1
391
4 18 1
395
6 31 1
396
1 30 1
399
3 22 1
401
4 16 1
408
9 27 1
409
4 17 1
411
1 27 1
420
10 26 1
424
7 21 1
426
2 25 1
430
8 21 1
432
2 11 2
436 471
3 33 1
442
6 21 1
443
2 16 1
446
3 36 1
447
2 24 1
450
2 23 1
452
2 12 2
453 472
1 22 1
455
1 9 1
458
1 15 1
459
8 30 1
462
1 19 1
464
1 27 1
468
1 33 1
470
1 16 1
480
1 10 1
484
2 27 1
487
6 5 1
488
2 21 1
496
2 24 1
497
6 20 1
498
4 17 1
499
