800 304 1240 53
15 35 38 23 15 30 12 14 24 33 28 15 18 18 28 16 25 27 16 14 26 24 34 18 28 16 14 34 21 24 23 20 27 31 13 29 31 22 25 37 37 14 20 36 20 11 37 34 36 38 28 17 12 13 36 34 14 28 30 20 20 40 35 15 35 17 11 20 17 40 33 27 39 40 22 31 37 20 29 37 14 38 21 33 30 40 14 15 16 39 23 22 27 40 18 19 14 36 22 31 39 28 20 40 29 34 24 36 27 16 22 15 32 11 34 18 23 38 27 19 17 25 33 30 27 19 21 31 25 28 18 13 30 22 24 40 16 38 37 31 35 16 37 22 32 12 27 32 14 25 33 13 20 38 23 36 39 27 40 32 13 24 23 22 21 29 14 37 33 19 22 32 25 17 28 39 11 27 11 39 31 22 25 26 34 33 13 32 39 27 33 39 35 18 13 19 16 27 36 31 35 13 30 28 26 26 26 29 11 16 40 24 36 25 38 15 25 31 19 23 29 38 16 31 18 16 13 20 13 40 32 28 21 27 28 19 30 20 28 13 27 16 21 11 40 30 16 34 20 14 26 19 14 20 38 17 40 40 31 40 18 16 14 34 12 17 34 23 15 17 22 34 34 26 12 33 36 39 39 24 15 30 13 25 32 38 11 40 28 37 18 19 32 19 25 22 23 18 17 36 34 35 14 11 23 40 33 26 37 22 16 15 13 25 36 26 32 37 27 30 37 17 20 34 15 38 33 36 33 19 28 24 18 23 31 15 29 28 31 18 20 33 40 35 32 19 30 31 36 33 37 13 21 32 12 15 12 14 37 29 23 38 18 25 27 30 16 23 26 16 15 23 34 19 40 31 23 19 16 11 37 19 17 18 34 23 27 37 34 15 27 11 12 31 13 32 21 33 26 13 27 33 38 18 38 13 14 21 12 17 35 14 15 12 19 22 26 34 16 31 31 11 37 40 39 24 26 29 25 22 11 22 26 13 26 24 34 30 31 15 15 36 36 29 21 33 28 39 23 17 17 37 39 22 29 12 28 32 22 33 33 38 35 26 30 13 16 24 29 15 21 32 28 34 13 22 34 11 27 30 38 13 22 20 34 17 30 38 34 22 35 34 38 38 27 27 19 36 40 39 38 35 33 18 32 36 31 36 29 23 36 18 28 38 12 40 38 19 21 13 13 37 12 20 11 24 37 22 26 34 15 36 13 11 35 26 33 15 14 14 15 25 24 26 24 39 27 25 32 25 25 13 39 27 15 26 36 33 25 20 19 22 30 25 35 11 35 29 19 28 20 21 29 38 24 30 28 14 20 11 14 37 39 19 14 16 40 31 27 39 28 14 40 29 35 28 27 31 14 23 31 35 33 28 38 13 36 36 33 20 37 19 29 36 12 11 28 14 30 24 34 20 14 12 36 29 35 13 36 11 30 14 25 12 27 28 25 26 39 17 24 17 33 28 21 37 13 36 13 28 36 35 27 27 35 36 18 26 11 26 28 16 38 35 11 18 11 37 29 38 12 23 24 39 14 15 11 28 38 40 32 24 16 14 34 33 23 39 36 35 40 11 15 13 28 31 14 39 26 20 13 31 23 25 17 31 28 35 11 13 25 32 27 27 24 18 30 30 16 13 13 39 32 37 24 38 15 14 32 27 39 32 35 32 32 18 22 25 12 27 27 19 19 15 26 31 17 22 34 20 18 32 26 33 20 17 14 13 38 35 19 22 37 36 22 20 36 26 40 35 26 12 35 19 35 34 11 36 27 19 20 33 35 32 33 25 35 27 32 14 33 40 30 39 28 36 11 19 29 38
5 25 28 13 5 20 2 4 14 23 18 5 8 8 18 6 15 17 6 4 16 14 24 8 18 6 4 24 11 14 13 10 17 21 3 19 21 12 15 27 27 4 10 26 10 1 27 24 26 28 18 7 2 3 26 24 4 18 20 10 10 30 25 5 25 7 1 10 7 30 23 17 29 30 12 21 27 10 19 27 4 28 11 23 20 30 4 5 6 29 13 12 17 30 8 9 4 26 12 21 29 18 10 30 19 24 14 26 17 6 12 5 22 1 24 8 13 28 17 9 7 15 23 20 17 9 11 21 15 18 8 3 20 12 14 30 6 28 27 21 25 6 27 12 22 2 17 22 4 15 23 3 10 28 13 26 29 17 30 22 3 14 13 12 11 19 4 27 23 9 12 22 15 7 18 29 1 17 1 29 21 12 15 16 24 23 3 22 29 17 23 29 25 8 3 9 6 17 26 21 25 3 20 18 16 16 16 19 1 6 30 14 26 15 28 5 15 21 9 13 19 28 6 21 8 6 3 10 3 30 22 18 11 17 18 9 20 10 18 3 17 6 11 1 30 20 6 24 10 4 16 9 4 10 28 7 30 30 21 30 8 6 4 24 2 7 24 13 5 7 12 24 24 16 2 23 26 29 29 14 5 20 3 15 22 28 1 30 18 27 8 9 22 9 15 12 13 8 7 26 24 25 4 1 13 30 23 16 27 12 6 5 3 15 26 16 22 27 17 20 27 7 10 24 5 28 23 26 23 9 18 14 8 13 21 5 19 18 21 8 10 23 30 25 22 9 20 21 26 23 27 3 11 22 2 5 2 4 27 19 13 28 8 15 17 20 6 13 16 6 5 13 24 9 30 21 13 9 6 1 27 9 7 8 24 13 17 27 24 5 17 1 2 21 3 22 11 23 16 3 17 23 28 8 28 3 4 11 2 7 25 4 5 2 9 12 16 24 6 21 21 1 27 30 29 14 16 19 15 12 1 12 16 3 16 14 24 20 21 5 5 26 26 19 11 23 18 29 13 7 7 27 29 12 19 2 18 22 12 23 23 28 25 16 20 3 6 14 19 5 11 22 18 24 3 12 24 1 17 20 28 3 12 10 24 7 20 28 24 12 25 24 28 28 17 17 9 26 30 29 28 25 23 8 22 26 21 26 19 13 26 8 18 28 2 30 28 9 11 3 3 27 2 10 1 14 27 12 16 24 5 26 3 1 25 16 23 5 4 4 5 15 14 16 14 29 17 15 22 15 15 3 29 17 5 16 26 23 15 10 9 12 20 15 25 1 25 19 9 18 10 11 19 28 14 20 18 4 10 1 4 27 29 9 4 6 30 21 17 29 18 4 30 19 25 18 17 21 4 13 21 25 23 18 28 3 26 26 23 10 27 9 19 26 2 1 18 4 20 14 24 10 4 2 26 19 25 3 26 1 20 4 15 2 17 18 15 16 29 7 14 7 23 18 11 27 3 26 3 18 26 25 17 17 25 26 8 16 1 16 18 6 28 25 1 8 1 27 19 28 2 13 14 29 4 5 1 18 28 30 22 14 6 4 24 23 13 29 26 25 30 1 5 3 18 21 4 29 16 10 3 21 13 15 7 21 18 25 1 3 15 22 17 17 14 8 20 20 6 3 3 29 22 27 14 28 5 4 22 17 29 22 25 22 22 8 12 15 2 17 17 9 9 5 16 21 7 12 24 10 8 22 16 23 10 7 4 3 28 25 9 12 27 26 12 10 26 16 30 25 16 2 25 9 25 24 1 26 17 9 10 23 25 22 23 15 25 17 22 4 23 30 20 29 18 26 1 9 19 28
5 11 14
393 189 783 663 470 327 329 387 406 440 232 330 211 91
2 8 10
653 607 203 129 756 10 706 368 144 542
0 13 1
339
1 14 11
224 698 526 610 685 33 623 381 78 244 636
5 4 24
324 218 378 693 241 353 498 19 99 116 555 463 181 415 322 520 121 430 412 511 461 624 127 334
7 6 24
472 110 288 42 739 332 297 108 311 286 263 652 602 323 223 732 257 416 96 87 494 535 20 77
5 20 24
50 422 790 609 597 195 507 53 613 775 481 620 213 64 290 577 630 274 712 714 359 362 752 681
1 6 6
171 383 789 777 270 392
0 11 1
125
8 3 19
135 333 469 611 614 491 79 235 447 563 303 561 659 397 414 518 571 89 157
4 2 15
318 149 780 225 510 384 650 524 573 260 166 737 517 749 71
0 8 12
205 137 527 490 509 647 186 35 747 631 583 17
0 19 3
59 388 164
2 19 14
169 432 396 559 301 514 628 683 513 70 148 716 326 639
1 17 27
730 233 236 648 410 84 176 101 655 637 493 328 413 239 466 22 575 799 256 625 375 634 246 419 420 671 264
1 18 6
531 668 72 360 516 37
0 13 1
227
2 3 9
688 557 162 404 459 423 729 467 552
4 18 9
36 175 142 363 757 106 23 300 439
0 8 8
80 93 209 240 201 704 29 229
10 6 22
249 543 272 743 478 505 208 473 338 28 120 532 308 160 146 231 380 394 633 191 55 584
5 9 21
293 574 238 217 280 390 143 156 145 43 11 687 482 745 755 497 60 367 0 632 691
2 14 7
103 539 529 553 427 452 4
1 4 7
190 772 544 673 27 199 364
1 7 10
122 76 38 758 786 302 49 354 523 731
0 12 18
656 319 588 773 313 502 132 770 512 703 294 643 618 405 284 678 269 727
0 15 2
219 740
5 12 19
664 317 702 640 426 41 98 57 245 719 586 61 52 431 47 796 266 366 591
3 5 9
207 66 15 458 549 192 62 670 371
2 18 17
435 696 88 14 791 699 90 606 352 645 299 793 525 455 193 337 445
0 15 9
686 564 344 389 349 545 250 587 358
1 11 7
521 94 230 373 21 601 305
0 15 5
82 335 480 382 428
2 7 19
18 242 298 51 400 150 569 550 111 487 58 769 453 105 386 436 723 279 369
0 19 2
295 155
1 11 5
228 271 778 395 674
3 10 13
65 306 615 556 206 173 768 159 585 346 68 495 258
9 6 21
759 307 283 202 582 403 595 315 7 385 39 450 441 429 519 198 350 776 119 117 399
3 11 11
489 701 56 216 212 795 576 336 596 26 331
2 10 12
74 102 139 572 558 152 418 629 474 692 200 562
2 13 1
1
6 31 1
2
3 34 2
3 220
2 24 1
5
7 15 1
6
3 32 1
8
3 29 1
9
4 21 1
12
4 13 3
13 456 672
4 11 1
16
6 24 2
24 147
6 16 1
25
3 22 1
30
1 24 1
31
3 25 1
32
2 14 2
34 766
2 37 1
40
2 26 2
44 476
2 14 1
45
2 20 1
46
3 16 2
48 642
2 12 2
54 454
3 39 1
63
4 29 2
67 457
1 14 1
69
2 29 1
73
2 19 3
75 141 499
2 34 1
81
3 23 1
83
2 26 1
85
2 26 1
86
5 11 2
92 547
6 10 1
95
8 19 2
97 273
2 32 1
100
2 24 1
104
3 19 1
107
1 32 1
109
6 23 1
112
4 30 1
113
8 23 1
114
1 27 1
115
4 15 1
118
2 14 1
123
2 26 1
124
11 17 3
126 347 533
4 13 2
128 221
2 16 2
130 348
1 23 1
131
2 14 2
133 785
6 25 2
134 172
6 16 1
136
9 6 2
138 247
10 26 1
140
2 15 1
151
6 37 1
153
1 30 4
154 340 690 781
4 12 1
158
2 29 1
161
14 8 2
163 735
2 33 1
165
4 16 2
167 178
2 23 1
168
6 12 1
170
4 18 1
174
4 28 1
177
2 21 1
179
2 15 2
180 253
1 20 2
182 425
10 31 1
183
2 19 2
184 718
1 15 1
185
14 20 1
187
5 26 1
188
4 19 1
194
2 24 2
196 700
8 14 2
197 551
3 26 2
204 291
3 21 2
210 717
3 21 1
214
6 16 1
215
2 17 1
222
6 9 1
226
1 21 2
234 292
7 13 1
237
5 21 2
243 599
1 27 1
248
3 35 1
251
6 9 2
252 713
13 11 1
254
2 11 1
255
2 23 1
259
1 30 1
261
1 24 1
262
6 29 1
265
3 22 1
267
4 15 1
268
4 14 3
275 314 546
4 22 1
276
4 22 1
277
1 21 1
278
4 25 1
281
6 24 1
282
2 35 1
285
3 25 1
287
2 23 1
289
6 20 1
296
5 13 1
304
2 25 2
309 342
1 32 1
310
4 32 1
312
4 13 1
316
6 18 1
320
1 19 2
321 635
4 23 2
325 538
1 31 1
341
3 24 1
343
10 18 1
345
1 25 2
351 376
5 18 1
355
6 11 1
356
2 36 1
357
2 23 1
361
2 26 3
365 665 738
6 12 1
370
2 26 1
372
1 15 1
374
3 18 2
377 649
6 8 1
379
11 14 1
391
6 23 1
398
1 26 1
401
10 30 2
402 566
6 30 1
407
18 9 1
408
2 28 1
409
6 15 1
411
5 16 1
417
15 24 2
421 680
2 35 1
424
2 28 1
433
2 21 1
434
2 20 2
437 534
4 38 3
438 504 580
7 20 1
442
2 22 1
443
4 18 1
444
4 14 2
446 689
2 22 1
448
3 21 1
449
3 33 1
451
10 15 1
460
6 25 1
462
4 17 1
464
10 26 1
465
2 26 1
468
3 25 1
471
8 11 2
475 734
6 6 1
477
1 20 1
479
2 13 1
483
2 22 1
484
1 31 1
485
10 14 1
486
8 15 1
488
6 23 2
492 677
2 21 1
496
3 17 1
500
3 26 1
501
2 19 1
503
2 37 1
506
4 31 1
508
1 31 1
515
10 22 1
522
2 23 1
528
14 24 1
530
6 15 1
536
4 12 1
537
3 26 1
540
8 13 1
541
11 20 1
548
6 20 1
554
5 19 1
560
5 17 1
565
2 28 2
567 779
4 36 2
568 764
1 18 1
570
9 10 1
578
5 25 2
579 782
2 35 1
581
4 30 1
589
2 11 1
590
3 20 1
592
8 26 2
593 720
4 18 1
594
10 23 1
598
6 22 1
600
6 22 1
603
2 19 1
604
3 21 1
605
1 24 1
608
1 27 1
612
1 29 1
616
2 25 1
617
9 24 1
619
1 15 1
621
3 26 1
622
5 18 2
626 784
6 7 1
627
6 12 2
638 666
2 27 1
641
4 15 1
644
3 15 1
646
6 22 1
651
4 20 1
654
4 16 1
657
7 17 1
658
6 28 1
660
2 25 1
661
7 17 2
662 763
13 12 1
667
1 15 1
669
3 18 1
675
9 13 1
676
6 6 1
679
1 27 1
682
2 30 1
684
1 26 1
694
6 5 2
695 744
1 23 1
697
1 26 1
705
6 38 1
707
1 17 1
708
2 27 1
709
1 29 1
710
6 29 1
711
9 15 1
715
2 21 1
721
4 25 1
722
6 26 1
724
3 23 1
725
13 15 1
726
1 18 1
728
5 10 1
733
6 28 2
736 797
2 19 1
741
9 7 1
742
7 14 2
746 798
4 13 1
748
2 22 1
750
4 14 1
751
8 14 1
753
8 14 1
754
4 10 1
760
8 17 1
761
1 18 1
762
3 33 1
765
6 16 1
767
4 29 1
771
10 18 1
774
6 22 1
787
4 21 1
788
1 23 1
792
1 19 1
794
