800 282 1240 53
37 35 24 37 38 20 24 36 13 38 32 13 38 18 27 22 32 36 21 32 18 13 30 14 30 16 36 21 32 39 27 31 24 36 28 32 38 32 26 38 25 24 27 39 14 12 14 27 16 34 20 40 31 35 20 37 40 11 11 28 32 25 18 31 31 29 16 39 30 34 12 15 26 24 28 32 19 14 13 26 35 19 31 22 12 26 19 32 17 24 40 29 38 29 24 18 16 28 29 23 16 17 39 38 34 33 15 28 31 35 15 32 31 21 16 36 18 36 25 24 38 35 28 24 39 15 34 38 11 24 15 17 39 32 27 36 22 21 32 34 16 24 17 11 32 24 34 38 16 21 34 31 12 20 20 38 26 39 11 19 25 28 13 30 22 19 17 17 15 21 40 33 34 11 35 26 34 14 34 40 36 39 12 27 14 28 34 14 15 25 35 26 35 34 32 21 27 34 33 21 15 29 14 30 40 28 17 18 33 35 24 33 14 23 31 37 33 35 36 11 24 19 40 11 11 24 37 25 28 27 11 39 38 28 31 16 19 36 13 32 28 26 33 17 17 17 15 40 23 25 37 35 33 34 22 23 38 36 13 32 35 31 18 32 34 26 14 16 36 11 33 17 40 17 40 25 24 35 24 33 13 15 16 38 16 25 28 30 14 31 17 20 38 21 30 24 18 40 17 33 34 34 11 36 22 11 23 32 16 25 22 19 27 17 17 12 14 32 33 15 21 25 30 32 19 12 38 24 23 40 32 36 17 12 22 30 34 23 36 32 17 27 16 24 17 27 18 37 27 26 21 13 17 23 40 30 26 20 33 25 25 28 38 14 32 33 13 20 14 30 31 15 18 36 12 17 18 26 34 13 23 31 14 32 38 33 18 40 33 11 12 27 38 19 21 19 25 29 31 34 38 28 26 29 12 12 13 11 16 19 14 11 37 27 12 36 37 31 18 13 37 20 15 13 38 26 39 20 16 19 34 26 19 38 37 25 16 33 29 16 13 24 18 18 32 21 20 28 24 32 13 13 40 34 18 36 38 39 24 15 14 32 22 30 25 37 20 40 13 37 18 11 35 29 19 13 14 30 16 28 30 25 24 39 22 28 14 18 31 13 31 11 24 36 18 29 29 18 13 36 27 20 28 39 27 28 31 27 35 11 40 27 12 15 13 26 15 13 26 12 28 14 26 38 11 18 40 40 21 25 35 31 33 23 21 21 23 18 31 30 36 11 14 36 15 13 33 36 39 29 31 12 32 18 18 12 25 36 21 33 21 15 21 38 15 11 24 32 40 26 32 24 26 25 37 23 17 36 33 39 18 20 22 28 39 15 15 40 29 39 37 19 27 38 27 20 13 33 40 24 16 37 11 32 19 26 23 24 36 16 26 23 23 39 22 35 33 32 29 25 30 22 32 33 34 13 29 36 34 12 38 14 30 20 24 31 20 40 39 31 40 11 15 34 35 36 15 37 21 19 23 20 14 13 15 14 20 34 39 39 30 22 17 29 20 23 12 29 36 15 18 35 37 27 23 40 14 19 37 16 38 38 38 15 18 36 25 20 18 33 21 39 32 32 34 13 14 23 12 16 34 17 31 25 39 29 28 21 32 27 33 14 25 24 29 39 11 38 15 35 21 16 38 38 21 28 36 25 18 11 20 32 30 29 11 14 18 38 37 33 22 26 24 39 17 27 30 36 22 23 23 34 17 40 30 35 40 21 39 21 34 37 18 30 24 33 25 12 33 21 32 40 12 24 32 34 40 37 27 39 33 20 39 16 24 30 37 34 15 19 21 25 16 28 29 23 37 20 18 19
27 25 14 27 28 10 14 26 3 28 22 3 28 8 17 12 22 26 11 22 8 3 20 4 20 6 26 11 22 29 17 21 14 26 18 22 28 22 16 28 15 14 17 29 4 2 4 17 6 24 10 30 21 25 10 27 30 1 1 18 22 15 8 21 21 19 6 29 20 24 2 5 16 14 18 22 9 4 3 16 25 9 21 12 2 16 9 22 7 14 30 19 28 19 14 8 6 18 19 13 6 7 29 28 24 23 5 18 21 25 5 22 21 11 6 26 8 26 15 14 28 25 18 14 29 5 24 28 1 14 5 7 29 22 17 26 12 11 22 24 6 14 7 1 22 14 24 28 6 11 24 21 2 10 10 28 16 29 1 9 15 18 3 20 12 9 7 7 5 11 30 23 24 1 25 16 24 4 24 30 26 29 2 17 4 18 24 4 5 15 25 16 25 24 22 11 17 24 23 11 5 19 4 20 30 18 7 8 23 25 14 23 4 13 21 27 23 25 26 1 14 9 30 1 1 14 27 15 18 17 1 29 28 18 21 6 9 26 3 22 18 16 23 7 7 7 5 30 13 15 27 25 23 24 12 13 28 26 3 22 25 21 8 22 24 16 4 6 26 1 23 7 30 7 30 15 14 25 14 23 3 5 6 28 6 15 18 20 4 21 7 10 28 11 20 14 8 30 7 23 24 24 1 26 12 1 13 22 6 15 12 9 17 7 7 2 4 22 23 5 11 15 20 22 9 2 28 14 13 30 22 26 7 2 12 20 24 13 26 22 7 17 6 14 7 17 8 27 17 16 11 3 7 13 30 20 16 10 23 15 15 18 28 4 22 23 3 10 4 20 21 5 8 26 2 7 8 16 24 3 13 21 4 22 28 23 8 30 23 1 2 17 28 9 11 9 15 19 21 24 28 18 16 19 2 2 3 1 6 9 4 1 27 17 2 26 27 21 8 3 27 10 5 3 28 16 29 10 6 9 24 16 9 28 27 15 6 23 19 6 3 14 8 8 22 11 10 18 14 22 3 3 30 24 8 26 28 29 14 5 4 22 12 20 15 27 10 30 3 27 8 1 25 19 9 3 4 20 6 18 20 15 14 29 12 18 4 8 21 3 21 1 14 26 8 19 19 8 3 26 17 10 18 29 17 18 21 17 25 1 30 17 2 5 3 16 5 3 16 2 18 4 16 28 1 8 30 30 11 15 25 21 23 13 11 11 13 8 21 20 26 1 4 26 5 3 23 26 29 19 21 2 22 8 8 2 15 26 11 23 11 5 11 28 5 1 14 22 30 16 22 14 16 15 27 13 7 26 23 29 8 10 12 18 29 5 5 30 19 29 27 9 17 28 17 10 3 23 30 14 6 27 1 22 9 16 13 14 26 6 16 13 13 29 12 25 23 22 19 15 20 12 22 23 24 3 19 26 24 2 28 4 20 10 14 21 10 30 29 21 30 1 5 24 25 26 5 27 11 9 13 10 4 3 5 4 10 24 29 29 20 12 7 19 10 13 2 19 26 5 8 25 27 17 13 30 4 9 27 6 28 28 28 5 8 26 15 10 8 23 11 29 22 22 24 3 4 13 2 6 24 7 21 15 29 19 18 11 22 17 23 4 15 14 19 29 1 28 5 25 11 6 28 28 11 18 26 15 8 1 10 22 20 19 1 4 8 28 27 23 12 16 14 29 7 17 20 26 12 13 13 24 7 30 20 25 30 11 29 11 24 27 8 20 14 23 15 2 23 11 22 30 2 14 22 24 30 27 17 29 23 10 29 6 14 20 27 24 5 9 11 15 6 18 19 13 27 10 8 9
5 3 25
160 433 665 151 89 430 111 768 448 375 730 238 298 623 34 441 596 410 763 627 322 213 694 509 489
7 7 22
520 525 668 215 784 321 5 732 701 157 187 601 773 404 493 236 781 772 17 540 23 631
3 5 16
541 318 156 406 22 405 79 200 425 793 139 45 475 204 660 762
0 8 6
216 120 353 791 790 116
3 4 12
593 445 442 798 502 170 181 343 184 487 144 748
6 2 20
202 177 91 7 41 566 591 90 203 350 496 229 464 112 423 292 449 766 536 450
3 1 22
389 2 311 262 233 460 210 307 743 590 706 583 337 97 622 55 62 664 456 227 284 189
0 6 2
478 95
7 3 18
488 751 736 175 18 127 662 780 560 69 721 754 143 511 776 72 682 327
1 5 18
251 75 395 597 31 340 27 235 0 462 727 102 309 563 647 336 492 418
0 9 18
749 85 316 231 159 624 163 275 495 78 574 465 454 499 789 179 367 99
1 4 7
382 723 620 708 632 658 699
6 20 18
1 414 43 232 121 183 369 205 421 771 372 765 575 530 767 339 757 618
0 2 4
799 534 180 507
1 15 22
217 785 679 326 603 698 60 640 695 342 344 480 70 402 760 26 47 288 726 651 137 582
5 19 19
435 616 63 40 198 271 704 594 654 551 224 357 49 432 130 742 512 684 585
0 7 21
689 332 467 362 313 351 59 13 717 244 16 188 53 673 444 508 291 83 261 239 92
5 1 20
263 424 553 84 162 792 314 359 557 9 278 234 711 794 29 66 315 431 293 93
0 11 6
451 409 87 413 385 219
1 19 6
8 398 580 365 572 750
4 5 16
141 110 360 64 161 286 166 122 266 310 644 345 472 10 128 598
2 5 7
15 140 538 715 672 608 44
2 5 11
100 417 354 787 223 396 438 172 228 571 401
0 3 4
716 528 613 65
11 2 21
573 206 606 486 155 637 503 253 607 194 152 680 21 666 346 552 280 290 192 516 245
3 7 17
526 388 19 3 559 527 738 208 722 302 136 317 461 476 270 390 185
1 17 7
498 117 491 135 416 98 779
0 16 1
96
8 16 19
783 740 565 119 297 153 407 211 548 387 490 296 209 643 276 567 636 429 693
0 19 8
207 731 403 535 400 358 182 285
4 19 12
515 497 173 609 277 167 148 201 774 73 341 132
0 10 2
744 129
5 2 13
378 103 105 6 264 729 422 521 355 471 107 795 338
1 12 8
661 419 545 250 361 46 71 639
0 8 1
434
5 4 20
686 48 576 397 500 529 745 169 656 543 283 178 308 252 463 258 533 125 443 133
1 23 1
4
8 7 1
11
1 21 2
12 439
5 7 1
14
1 26 2
20 373
3 31 1
24
5 9 1
25
2 11 3
28 411 436
10 5 1
30
1 8 2
32 519
1 9 2
33 691
1 7 1
35
4 22 2
36 134
1 30 1
37
7 6 2
38 479
2 14 4
39 247 329 777
4 16 1
42
1 18 1
50
5 6 1
51
1 12 1
52
4 19 1
54
11 39 2
56 562
1 12 1
57
2 12 2
58 164
4 35 1
61
7 17 1
67
1 15 2
68 279
7 8 4
74 392 505 510
3 21 2
76 197
1 24 1
77
4 8 2
80 702
15 4 3
81 168 348
1 38 1
82
1 29 1
86
5 7 3
88 104 725
1 13 1
94
10 23 2
101 501
4 20 2
106 415
2 29 2
108 688
1 10 1
109
13 21 1
113
1 13 1
114
1 18 1
115
1 27 3
118 214 226
15 5 1
123
4 19 1
124
7 39 2
126 611
1 17 1
131
10 5 1
138
9 24 2
142 659
9 10 1
145
12 20 3
146 273 383
3 17 2
147 349
1 28 1
149
9 24 1
150
2 11 1
154
18 5 1
158
8 7 1
165
1 14 1
171
1 21 1
174
8 12 1
176
4 34 1
186
9 12 2
190 697
2 14 1
191
9 21 2
193 700
3 18 1
195
4 32 1
196
3 16 2
199 376
7 3 1
212
4 37 1
218
7 21 2
220 328
1 13 1
221
1 27 2
222 379
1 16 3
225 641 735
12 18 1
230
3 19 1
237
1 4 2
240 427
3 36 1
241
8 10 4
242 259 546 588
9 6 1
243
7 12 2
246 269
10 19 3
248 255 561
4 7 2
249 578
4 22 1
254
9 23 2
256 599
7 11 2
257 295
4 25 2
260 452
5 5 1
265
1 12 1
267
12 4 1
268
3 31 1
272
9 7 1
274
1 16 1
281
1 13 1
282
1 36 1
287
10 4 1
289
1 27 1
294
3 33 1
299
2 21 2
300 678
4 9 2
301 455
2 28 1
303
1 12 1
304
5 8 1
305
3 14 1
306
4 9 4
312 542 569 577
4 20 1
319
2 28 2
320 568
9 7 2
323 482
4 34 2
324 712
7 4 3
325 564 675
3 20 1
330
1 23 1
331
4 17 1
333
1 9 1
334
1 30 2
335 555
8 7 2
347 756
13 22 2
352 628
1 24 1
356
7 2 1
363
4 21 1
364
17 36 2
366 586
7 5 1
368
7 12 2
370 764
1 9 3
371 604 705
1 9 1
374
9 20 1
377
1 15 1
380
8 25 1
381
1 10 2
384 669
1 6 2
386 466
1 26 2
391 667
3 19 2
393 683
13 35 2
394 589
2 10 1
399
4 20 1
408
2 25 2
412 648
1 27 1
420
5 23 1
426
10 12 1
428
2 13 2
437 670
1 10 1
440
1 23 1
446
1 25 1
447
1 13 1
453
18 22 1
457
9 7 1
458
1 9 1
459
4 24 1
468
1 16 1
469
7 10 2
470 718
1 11 1
473
1 11 1
474
1 25 1
477
1 13 1
481
9 8 1
483
4 16 2
484 747
12 3 2
485 657
7 23 1
494
8 6 1
504
12 22 1
506
4 36 1
513
5 24 1
514
2 16 1
517
3 31 1
518
1 26 2
522 753
4 17 1
523
1 25 1
524
7 22 1
531
4 10 2
532 707
1 12 1
537
12 3 1
539
3 23 1
544
7 24 1
547
5 9 1
549
8 7 1
550
2 10 1
554
3 28 1
556
1 13 1
558
1 7 1
570
1 13 1
579
1 24 1
581
1 18 1
584
4 19 1
587
3 13 1
592
4 10 2
595 634
8 24 1
600
10 7 1
602
7 14 2
605 770
4 7 1
610
1 11 1
612
1 24 1
614
1 24 1
615
15 22 1
617
5 6 1
619
1 15 1
621
3 15 1
625
12 21 1
626
1 11 1
629
2 12 1
630
13 10 1
633
1 9 1
635
1 12 1
638
1 27 1
642
4 18 2
645 671
4 24 1
646
1 10 1
649
1 8 1
650
3 21 1
652
5 11 1
653
9 9 1
655
4 12 1
663
2 14 1
674
1 9 1
676
7 21 1
677
1 9 1
681
1 3 1
685
4 9 1
687
1 26 1
690
7 26 1
692
1 15 1
696
10 23 1
703
7 21 2
709 775
3 16 1
710
4 24 1
713
1 14 1
714
13 21 1
719
10 5 2
720 786
1 30 1
724
2 14 1
728
1 7 1
733
8 25 1
734
4 10 1
737
1 12 1
739
7 3 1
741
13 27 1
746
4 34 1
752
1 14 1
755
1 19 1
758
1 12 1
759
8 10 1
761
9 8 1
769
1 20 1
778
7 4 1
782
10 25 1
788
1 11 1
796
7 24 1
797
