500 206 775 33
21 13 30 31 15 27 19 35 23 35 11 11 33 17 32 30 25 11 19 18 32 28 21 33 12 19 36 40 27 40 38 35 14 20 24 27 27 23 18 38 28 35 32 13 17 11 29 37 36 21 24 39 14 35 28 33 16 30 39 28 27 34 12 33 22 27 25 35 15 18 20 25 28 25 24 32 27 23 14 23 33 16 14 16 39 19 13 26 22 34 28 27 22 28 25 21 20 29 25 17 33 21 30 17 30 11 17 19 12 14 24 40 12 18 28 34 16 11 19 15 20 31 39 13 22 16 36 36 30 20 24 39 34 34 18 25 26 37 25 13 31 23 12 20 12 19 26 37 39 21 40 24 33 25 36 23 31 14 40 23 20 21 12 22 33 35 36 11 39 22 23 37 14 33 26 27 21 24 32 18 39 31 36 15 16 25 40 15 36 37 28 35 18 36 27 38 24 19 35 25 25 23 27 21 16 23 28 37 39 26 19 26 15 40 39 33 22 24 36 19 11 38 23 31 19 15 13 21 33 24 21 31 15 37 30 21 33 28 12 18 21 14 22 17 19 35 37 12 19 36 30 35 27 22 27 12 36 20 28 11 28 11 31 23 21 38 32 18 29 25 27 18 28 32 24 17 35 20 24 21 34 36 40 32 37 18 18 31 11 29 21 34 34 19 18 32 26 37 13 39 27 40 32 23 39 19 18 17 34 37 34 37 20 15 12 34 34 34 11 37 19 24 23 39 19 24 32 21 33 24 35 11 37 38 12 24 37 36 25 34 12 20 18 38 39 13 28 28 18 14 11 19 29 35 16 23 22 36 29 15 24 36 19 31 17 34 13 28 20 36 34 22 33 25 18 20 25 35 16 17 16 37 38 37 40 28 31 36 16 25 34 13 36 14 12 11 23 33 16 40 31 17 37 21 31 18 21 23 31 16 28 30 35 14 17 36 28 27 35 28 32 21 13 16 22 37 14 31 30 28 19 29 21 12 14 22 30 40 32 16 40 30 23 17 20 38 17 36 20 34 11 22 22 37 23 25 14 37 32 25 20 16 17 13 12 19 13 37 21 40 35 15 17 32 11 22 22 31 32 38 26 15 25 21 26 15 29 33 29 25 38 22 26 37 25 17 20 31 30 39
11 3 20 21 5 17 9 25 13 25 1 1 23 7 22 20 15 1 9 8 22 18 11 23 2 9 26 30 17 30 28 25 4 10 14 17 17 13 8 28 18 25 22 3 7 1 19 27 26 11 14 29 4 25 18 23 6 20 29 18 17 24 2 23 12 17 15 25 5 8 10 15 18 15 14 22 17 13 4 13 23 6 4 6 29 9 3 16 12 24 18 17 12 18 15 11 10 19 15 7 23 11 20 7 20 1 7 9 2 4 14 30 2 8 18 24 6 1 9 5 10 21 29 3 12 6 26 26 20 10 14 29 24 24 8 15 16 27 15 3 21 13 2 10 2 9 16 27 29 11 30 14 23 15 26 13 21 4 30 13 10 11 2 12 23 25 26 1 29 12 13 27 4 23 16 17 11 14 22 8 29 21 26 5 6 15 30 5 26 27 18 25 8 26 17 28 14 9 25 15 15 13 17 11 6 13 18 27 29 16 9 16 5 30 29 23 12 14 26 9 1 28 13 21 9 5 3 11 23 14 11 21 5 27 20 11 23 18 2 8 11 4 12 7 9 25 27 2 9 26 20 25 17 12 17 2 26 10 18 1 18 1 21 13 11 28 22 8 19 15 17 8 18 22 14 7 25 10 14 11 24 26 30 22 27 8 8 21 1 19 11 24 24 9 8 22 16 27 3 29 17 30 22 13 29 9 8 7 24 27 24 27 10 5 2 24 24 24 1 27 9 14 13 29 9 14 22 11 23 14 25 1 27 28 2 14 27 26 15 24 2 10 8 28 29 3 18 18 8 4 1 9 19 25 6 13 12 26 19 5 14 26 9 21 7 24 3 18 10 26 24 12 23 15 8 10 15 25 6 7 6 27 28 27 30 18 21 26 6 15 24 3 26 4 2 1 13 23 6 30 21 7 27 11 21 8 11 13 21 6 18 20 25 4 7 26 18 17 25 18 22 11 3 6 12 27 4 21 20 18 9 19 11 2 4 12 20 30 22 6 30 20 13 7 10 28 7 26 10 24 1 12 12 27 13 15 4 27 22 15 10 6 7 3 2 9 3 27 11 30 25 5 7 22 1 12 12 21 22 28 16 5 15 11 16 5 19 23 19 15 28 12 16 27 15 7 10 21 20 29
2 19 11
300 365 426 454 293 393 430 37 295 483 441
1 7 13
84 280 376 35 349 272 179 432 406 276 51 171 258
0 16 2
270 283
1 17 11
400 182 112 140 240 167 218 304 395 248 53
0 2 8
55 397 106 243 98 347 72 418
1 11 5
33 71 277 417 152
2 5 16
490 382 273 309 402 176 50 73 411 159 390 342 256 482 473 154
0 11 4
477 408 399 227
0 18 5
447 364 475 327 249
0 19 2
143 444
2 18 6
43 223 427 131 354 413
6 1 14
46 217 434 435 247 83 120 19 333 2 225 238 379 1
4 19 13
236 470 118 162 241 102 27 222 316 443 436 263 298
3 20 7
31 375 250 405 339 421 208
2 15 7
123 481 107 328 457 381 191
5 19 16
420 437 78 313 139 91 471 17 233 239 254 315 231 61 419 0
0 18 5
6 104 294 265 374
0 16 6
307 288 42 352 69 305
1 12 11
335 282 52 141 100 412 330 20 172 458 409
1 13 5
156 488 296 30 188
2 7 13
144 24 148 344 206 183 497 135 101 311 466 496 398
2 4 7
462 66 389 142 82 201 132
0 7 1
343
3 15 18
11 271 150 134 205 306 268 292 336 192 308 425 385 151 163 170 137 252
0 14 5
278 200 244 440 214
5 20 13
114 181 383 57 361 79 260 386 448 362 324 357 129
6 20 13
36 401 253 310 39 209 13 232 460 245 356 38 124
4 10 12
438 136 153 237 423 221 465 358 158 168 99 58
0 3 3
25 212 495
0 11 4
291 494 287 281
1 14 3
111 204 185
5 6 14
63 103 213 62 446 126 194 396 67 289 242 428 345 373
2 4 8
467 453 65 464 86 224 338 404
0 14 5
23 75 90 480 138
1 15 5
353 28 455 160 186
1 22 1
3
3 9 2
4 14
4 6 1
5
4 20 2
7 180
4 27 1
8
1 34 1
9
4 20 2
10 442
8 39 1
12
1 27 1
15
1 33 1
16
1 29 1
18
2 34 1
21
13 21 1
22
3 30 2
26 196
4 19 1
29
10 26 3
32 380 499
4 21 1
34
1 34 1
40
4 31 2
41 257
2 22 1
44
4 29 1
45
2 27 1
47
1 23 1
48
2 32 2
49 230
4 31 1
54
1 20 1
56
3 31 1
59
4 24 2
60 220
3 6 1
64
1 31 1
68
1 34 1
70
5 35 1
74
6 38 1
76
3 17 1
77
3 22 1
80
5 39 1
81
1 35 1
85
1 19 1
87
7 5 1
88
2 26 1
89
4 32 1
92
4 9 1
93
1 22 1
94
4 18 1
95
1 18 2
96 226
3 8 2
97 157
3 21 1
105
4 23 1
108
6 22 1
109
4 15 2
110 184
4 34 3
113 193 301
1 33 2
115 121
3 3 1
116
2 29 1
117
10 25 1
119
1 30 1
122
4 27 1
125
4 12 3
127 369 469
3 20 1
128
3 22 2
130 439
3 27 1
133
8 30 2
145 359
3 16 1
146
3 28 1
147
6 19 1
149
7 24 2
155 312
1 22 1
161
3 21 2
164 190
1 38 1
165
4 9 1
166
2 31 1
169
3 13 1
173
4 30 1
174
4 29 1
175
1 25 2
177 407
6 28 1
178
2 30 1
187
1 14 1
189
3 21 1
195
4 22 1
197
5 30 2
198 450
3 26 3
199 269 355
4 33 1
202
2 26 1
203
4 33 1
207
3 30 1
210
3 34 1
211
3 17 1
215
4 31 2
216 489
1 33 1
219
13 21 1
228
4 37 1
229
1 29 1
234
3 29 2
235 498
8 29 3
246 348 478
1 17 1
251
1 19 1
255
4 20 2
259 451
1 29 1
261
4 24 1
262
1 36 1
264
6 34 1
266
4 29 1
267
4 19 2
274 318
2 31 1
275
4 34 1
279
4 36 1
284
1 21 1
285
2 33 1
286
4 27 1
290
3 17 1
297
11 21 2
299 377
3 30 1
302
4 15 1
303
5 14 1
314
1 30 1
317
4 29 1
319
1 24 1
320
6 34 1
321
5 8 1
322
10 20 1
323
1 22 1
325
6 34 1
326
3 11 1
329
2 20 1
331
2 20 2
332 363
4 36 2
334 394
6 13 1
337
3 31 1
340
6 32 1
341
4 18 2
346 485
3 20 1
350
3 22 1
351
6 27 1
360
6 35 1
366
1 31 1
367
10 39 1
368
2 33 1
370
4 13 1
371
2 33 1
372
5 39 2
378 391
4 16 1
384
4 21 1
387
6 11 2
388 486
5 20 1
392
1 23 1
403
4 32 1
410
1 22 1
414
1 33 2
415 476
1 28 1
416
1 30 1
422
1 17 1
424
1 20 1
429
1 31 1
431
4 21 1
433
1 24 1
445
4 32 1
449
11 40 1
452
7 24 1
456
6 37 1
459
6 27 1
461
4 30 1
463
7 23 1
468
2 36 1
472
6 33 1
474
2 38 1
479
2 32 1
484
1 18 1
487
3 8 1
491
4 14 1
492
10 26 1
493
