1000 354 1550 67
20 23 26 23 28 21 26 38 35 24 38 38 18 21 20 35 22 39 24 29 34 40 24 23 12 27 12 36 28 27 14 13 23 40 30 34 14 31 20 12 22 17 12 40 24 34 16 26 25 19 37 12 34 12 15 15 12 27 34 15 38 33 27 23 27 16 16 14 13 17 16 40 29 40 19 31 38 28 36 30 29 34 26 33 39 32 39 16 28 21 23 18 34 27 31 36 18 38 35 27 12 30 29 40 29 20 22 27 32 24 35 39 12 11 33 35 30 23 24 27 37 11 33 25 18 24 40 21 26 28 26 14 18 15 19 36 28 14 12 11 38 14 21 30 24 21 17 12 36 29 25 30 12 22 16 28 35 15 38 24 18 25 39 34 29 21 27 40 27 31 27 19 12 20 12 37 25 29 23 31 31 25 19 16 38 35 24 39 29 32 29 20 30 29 13 36 28 11 19 28 31 28 25 14 39 17 32 34 38 19 29 15 27 27 21 19 34 16 17 30 19 38 36 31 14 39 31 27 38 33 34 14 17 20 17 32 25 16 25 29 12 20 24 24 26 21 20 38 21 13 27 17 26 35 27 40 13 21 35 38 18 40 18 21 20 33 29 35 11 34 38 33 26 28 13 35 38 25 29 14 29 12 21 33 12 40 19 16 26 28 21 18 30 17 32 14 36 15 21 18 27 32 27 29 24 37 23 23 39 12 26 22 19 33 13 18 12 24 34 22 26 35 29 40 28 31 36 35 32 35 20 11 11 17 29 36 27 32 34 21 30 20 29 21 19 14 40 22 35 33 39 26 27 32 36 33 36 23 23 34 36 30 27 20 16 40 11 16 31 18 28 17 32 12 23 32 19 16 13 28 33 16 24 17 15 33 15 34 33 15 21 28 17 30 14 16 23 24 31 19 37 28 25 28 23 27 23 32 12 13 11 14 25 32 24 40 37 27 13 17 37 22 16 36 22 19 38 19 37 18 22 39 37 40 20 27 11 17 33 25 39 11 18 25 19 23 30 34 13 17 37 30 28 40 27 33 13 19 39 20 35 21 12 38 18 27 23 13 23 14 36 32 36 39 11 38 20 36 28 22 26 30 36 31 33 27 29 14 17 17 26 27 25 20 23 34 35 30 27 31 40 30 32 39 19 14 11 35 38 25 13 33 30 25 13 37 39 31 33 29 38 25 18 32 36 24 40 30 24 28 28 11 11 32 28 34 17 31 39 37 12 34 11 13 39 28 36 14 32 39 25 12 21 19 11 27 38 14 31 15 16 23 32 26 24 27 39 24 22 21 39 14 18 33 23 27 23 25 15 21 30 38 11 12 20 18 23 22 36 23 13 22 29 23 32 39 12 36 35 33 23 17 25 30 13 34 14 21 38 33 18 17 40 25 18 38 32 27 11 27 23 20 26 30 24 11 31 11 27 18 30 29 12 38 17 30 24 30 23 14 25 24 14 23 30 21 25 21 22 34 33 13 40 32 11 18 21 23 21 26 14 33 15 32 18 11 28 32 33 38 36 31 13 40 29 36 38 25 25 11 32 12 39 33 31 17 29 38 26 14 22 30 11 17 19 16 22 12 40 27 22 26 35 24 22 30 16 17 21 11 19 18 11 23 21 40 38 23 30 30 16 34 29 15 24 16 26 25 22 22 28 19 32 32 13 25 12 27 34 26 17 20 33 16 20 33 29 25 18 38 32 35 37 11 34 14 24 18 28 17 30 23 12 36 26 17 38 21 22 14 22 38 34 26 14 21 17 22 31 17 12 22 13 19 22 37 28 23 19 32 25 21 31 27 17 21 20 40 28 29 38 23 18 14 22 23 24 40 14 38 35 23 19 37 11 30 31 12 30 21 20 23 15 31 22 12 26 27 28 27 19 30 11 13 16 25 11 20 23 29 18 25 18 16 24 12 14 32 36 24 17 35 12 33 32 19 31 20 17 22 21 18 37 25 27 33 21 28 25 24 34 15 21 12 19 33 29 17 20 15 15 22 13 36 35 20 11 28 11 17 12 28 21 29 22 17 35 29 24 38 16 33 13 33 34 18 35 16 12 25 34 16 39 16 22 38 26 18 36 18 28 23 37 22 32 20 38 21 19 38 38 18 28 29 30 16 18 29 11 18 14 13 20 15 17 29 21 40 25 12 20 33 30 37 16 25 15 24 21 31 27 14 14 19 34 21 39 19 11 25 13 28 22 20 33 19 14 19 38 23 18 29 17 22 14 25 33 19 40 34 27 40 24 39 17 16 27 23 32 27
10 13 16 13 18 11 16 28 25 14 28 28 8 11 10 25 12 29 14 19 24 30 14 13 2 17 2 26 18 17 4 3 13 30 20 24 4 21 10 2 12 7 2 30 14 24 6 16 15 9 27 2 24 2 5 5 2 17 24 5 28 23 17 13 17 6 6 4 3 7 6 30 19 30 9 21 28 18 26 20 19 24 16 23 29 22 29 6 18 11 13 8 24 17 21 26 8 28 25 17 2 20 19 30 19 10 12 17 22 14 25 29 2 1 23 25 20 13 14 17 27 1 23 15 8 14 30 11 16 18 16 4 8 5 9 26 18 4 2 1 28 4 11 20 14 11 7 2 26 19 15 20 2 12 6 18 25 5 28 14 8 15 29 24 19 11 17 30 17 21 17 9 2 10 2 27 15 19 13 21 21 15 9 6 28 25 14 29 19 22 19 10 20 19 3 26 18 1 9 18 21 18 15 4 29 7 22 24 28 9 19 5 17 17 11 9 24 6 7 20 9 28 26 21 4 29 21 17 28 23 24 4 7 10 7 22 15 6 15 19 2 10 14 14 16 11 10 28 11 3 17 7 16 25 17 30 3 11 25 28 8 30 8 11 10 23 19 25 1 24 28 23 16 18 3 25 28 15 19 4 19 2 11 23 2 30 9 6 16 18 11 8 20 7 22 4 26 5 11 8 17 22 17 19 14 27 13 13 29 2 16 12 9 23 3 8 2 14 24 12 16 25 19 30 18 21 26 25 22 25 10 1 1 7 19 26 17 22 24 11 20 10 19 11 9 4 30 12 25 23 29 16 17 22 26 23 26 13 13 24 26 20 17 10 6 30 1 6 21 8 18 7 22 2 13 22 9 6 3 18 23 6 14 7 5 23 5 24 23 5 11 18 7 20 4 6 13 14 21 9 27 18 15 18 13 17 13 22 2 3 1 4 15 22 14 30 27 17 3 7 27 12 6 26 12 9 28 9 27 8 12 29 27 30 10 17 1 7 23 15 29 1 8 15 9 13 20 24 3 7 27 20 18 30 17 23 3 9 29 10 25 11 2 28 8 17 13 3 13 4 26 22 26 29 1 28 10 26 18 12 16 20 26 21 23 17 19 4 7 7 16 17 15 10 13 24 25 20 17 21 30 20 22 29 9 4 1 25 28 15 3 23 20 15 3 27 29 21 23 19 28 15 8 22 26 14 30 20 14 18 18 1 1 22 18 24 7 21 29 27 2 24 1 3 29 18 26 4 22 29 15 2 11 9 1 17 28 4 21 5 6 13 22 16 14 17 29 14 12 11 29 4 8 23 13 17 13 15 5 11 20 28 1 2 10 8 13 12 26 13 3 12 19 13 22 29 2 26 25 23 13 7 15 20 3 24 4 11 28 23 8 7 30 15 8 28 22 17 1 17 13 10 16 20 14 1 21 1 17 8 20 19 2 28 7 20 14 20 13 4 15 14 4 13 20 11 15 11 12 24 23 3 30 22 1 8 11 13 11 16 4 23 5 22 8 1 18 22 23 28 26 21 3 30 19 26 28 15 15 1 22 2 29 23 21 7 19 28 16 4 12 20 1 7 9 6 12 2 30 17 12 16 25 14 12 20 6 7 11 1 9 8 1 13 11 30 28 13 20 20 6 24 19 5 14 6 16 15 12 12 18 9 22 22 3 15 2 17 24 16 7 10 23 6 10 23 19 15 8 28 22 25 27 1 24 4 14 8 18 7 20 13 2 26 16 7 28 11 12 4 12 28 24 16 4 11 7 12 21 7 2 12 3 9 12 27 18 13 9 22 15 11 21 17 7 11 10 30 18 19 28 13 8 4 12 13 14 30 4 28 25 13 9 27 1 20 21 2 20 11 10 13 5 21 12 2 16 17 18 17 9 20 1 3 6 15 1 10 13 19 8 15 8 6 14 2 4 22 26 14 7 25 2 23 22 9 21 10 7 12 11 8 27 15 17 23 11 18 15 14 24 5 11 2 9 23 19 7 10 5 5 12 3 26 25 10 1 18 1 7 2 18 11 19 12 7 25 19 14 28 6 23 3 23 24 8 25 6 2 15 24 6 29 6 12 28 16 8 26 8 18 13 27 12 22 10 28 11 9 28 28 8 18 19 20 6 8 19 1 8 4 3 10 5 7 19 11 30 15 2 10 23 20 27 6 15 5 14 11 21 17 4 4 9 24 11 29 9 1 15 3 18 12 10 23 9 4 9 28 13 8 19 7 12 4 15 23 9 30 24 17 30 14 29 7 6 17 13 22 17
1 19 9
661 158 677 74 900 221 918 254 81
1 15 7
873 353 406 251 837 556 284
3 10 20
367 327 348 458 220 700 525 576 360 842 184 156 291 77 324 951 434 35 272 6
4 4 29
381 787 845 695 20 712 29 252 907 232 752 962 361 366 478 994 75 997 535 841 170 633 968 388 726 197 540 173 31
5 4 15
414 669 593 603 858 19 971 438 996 269 665 66 823 305 332
3 4 15
391 773 189 78 133 725 149 681 620 313 808 312 18 604 734
2 9 7
21 57 56 944 223 791 2
1 14 8
955 193 903 100 574 728 674 528
8 2 25
816 905 963 651 96 114 554 430 990 159 920 611 484 213 691 722 541 467 67 491 762 298 815 127 531
1 20 6
847 454 544 82 895 239
5 3 19
453 598 915 321 687 266 563 409 257 718 889 736 772 311 626 49 830 228 464
10 2 20
377 42 379 457 909 241 705 981 553 821 572 685 748 570 555 355 707 991 594 372
0 17 1
3
0 14 13
356 947 128 351 274 814 568 183 462 122 782 32 229
8 14 21
795 385 233 192 71 967 103 926 764 452 801 516 836 472 163 662 394 497 113 397 99
0 10 3
463 196 273
0 10 6
38 966 105 771 550 730
2 14 10
690 790 710 827 527 445 590 575 323 440
1 10 4
342 897 715 346
0 18 4
301 942 431 186
1 3 16
518 908 999 357 698 446 132 546 644 833 142 579 960 359 613 551
6 16 17
427 946 589 514 85 210 671 542 628 455 848 55 899 797 175 874 370
3 13 10
437 738 5 141 362 15 638 649 747 693
5 5 19
732 435 28 610 587 708 636 875 901 666 139 289 520 937 804 632 260 802 770
5 18 18
714 828 307 194 984 219 819 303 30 157 688 209 225 43 910 95 977 749
0 11 14
763 911 236 101 617 1 227 259 415 64 548 168 929 723
4 12 16
380 921 943 656 286 244 217 648 709 846 390 880 623 689 564 675
0 13 4
904 150 476 499
5 19 16
202 27 490 294 890 354 337 207 180 673 692 352 956 988 938 319
7 3 21
147 422 524 672 155 12 532 116 177 40 270 58 913 865 7 794 893 461 358 945 851
1 3 27
912 190 517 922 265 255 774 670 512 932 957 799 925 181 856 832 347 959 783 76 405 504 475 879 697 143 861
20 3 36
306 195 344 93 473 387 995 643 86 850 416 450 403 657 667 249 404 701 61 48 125 309 290 507 647 868 645 215 735 886 47 597 933 495 481 500
4 2 10
809 713 46 896 54 883 432 154 614 295
1 17 6
302 719 737 420 887 178
1 14 6
591 10 318 515 978 117
1 4 5
812 485 479 552 586
0 4 1
13
2 17 18
724 537 53 571 885 952 931 441 655 489 969 261 70 45 630 248 237 767
12 5 25
706 596 854 510 364 363 818 89 205 408 622 965 166 751 539 482 717 664 600 606 902 9 686 731 349
1 12 5
214 979 838 315 382
3 1 27
766 580 521 108 275 146 8 621 505 940 0 371 376 976 433 493 238 826 820 140 891 72 869 384 775 368 469
14 13 30
916 393 778 97 975 793 59 322 79 317 148 314 805 234 798 179 51 447 569 788 509 138 162 174 135 581 561 246 573 316
1 17 33
699 917 102 727 547 161 949 44 862 882 549 338 870 41 557 421 894 743 65 640 584 460 480 888 120 118 281 720 258 24 503 878 456
0 1 3
595 160 928
4 24 1
4
5 25 1
11
3 16 1
14
7 3 1
16
1 22 2
17 470
1 15 1
22
7 19 1
23
6 18 1
25
1 17 2
26 761
8 6 3
33 325 876
3 13 3
34 566 602
3 33 1
36
4 25 1
37
1 20 2
39 530
4 19 1
50
4 22 1
52
3 17 2
60 199
5 21 1
62
5 27 1
63
7 4 1
68
4 17 1
69
13 21 1
73
1 28 1
80
2 18 1
83
5 17 1
84
7 14 1
87
3 17 1
88
14 8 1
90
4 8 2
91 501
1 19 2
92 151
4 29 1
94
7 15 1
98
4 22 3
104 863 930
8 9 1
106
12 6 2
107 684
2 4 1
109
3 8 1
110
13 24 3
111 256 765
1 17 1
112
3 19 1
115
10 7 2
119 423
10 15 2
121 560
7 15 2
123 401
7 11 1
124
3 21 2
126 769
16 30 1
129
4 16 1
130
11 20 2
131 502
4 17 1
134
1 28 2
136 829
7 25 1
137
3 16 1
144
4 22 1
145
3 27 2
152 866
8 7 2
153 806
1 8 2
164 754
1 14 2
165 240
7 19 1
167
8 9 1
169
4 10 1
171
7 13 1
172
10 16 1
176
1 12 2
182 789
7 14 1
185
16 19 1
187
4 23 1
188
4 31 1
191
13 22 1
198
3 30 1
200
6 30 3
201 206 334
1 15 2
203 218
1 17 3
204 615 998
4 27 1
208
7 6 2
211 329
4 8 3
212 336 757
3 20 1
216
4 11 1
222
4 35 1
224
1 20 1
226
1 25 2
230 745
3 20 1
231
1 16 3
235 582 953
4 21 3
242 740 834
1 19 2
243 278
5 18 2
245 296
2 6 2
247 429
4 37 1
250
1 24 2
253 310
4 20 1
262
5 36 2
263 658
2 20 1
264
8 23 1
267
16 16 1
268
3 34 1
271
3 30 1
276
1 30 1
277
10 15 1
279
6 20 1
280
8 7 1
282
11 23 1
283
1 14 1
285
11 21 1
287
4 18 1
288
4 14 3
292 369 914
3 19 1
293
7 12 1
297
7 14 1
299
7 22 1
300
1 31 2
304 442
7 30 1
308
7 27 1
320
1 13 1
326
3 21 1
328
4 22 1
330
4 28 1
331
1 24 1
333
1 16 1
335
3 30 2
339 800
3 29 1
340
4 26 1
341
26 8 1
343
4 14 1
345
1 31 1
350
6 31 1
365
3 20 1
373
3 19 2
374 428
7 31 1
375
7 22 1
378
4 17 1
383
19 7 1
386
3 8 2
389 466
6 27 2
392 755
8 20 1
395
10 16 1
396
2 5 1
398
14 21 1
399
1 34 1
400
8 18 1
402
5 30 1
407
3 15 1
410
1 24 1
411
10 6 1
412
10 9 1
413
1 21 1
417
5 16 1
418
1 13 1
419
4 16 1
424
1 26 1
425
24 18 1
426
2 6 1
436
4 17 1
439
1 19 1
443
8 7 1
444
3 14 1
448
1 35 1
449
5 23 1
451
1 21 1
459
10 16 1
465
1 27 1
468
1 14 1
471
13 33 1
474
1 15 1
477
1 6 3
483 488 494
2 4 1
486
4 29 1
487
2 15 2
492 660
3 17 1
496
2 15 1
498
1 22 1
506
2 19 2
508 634
3 6 1
511
4 14 2
513 704
7 28 1
519
10 9 2
522 817
5 30 1
523
2 18 1
526
3 33 1
529
1 18 1
533
6 33 1
534
1 31 1
536
4 5 2
538 881
5 17 1
543
7 20 1
545
7 23 1
558
7 4 1
559
4 18 1
562
1 24 2
565 919
6 29 1
567
1 20 1
577
8 20 3
578 680 825
19 15 1
583
7 19 2
585 992
1 18 1
588
8 7 1
592
8 15 1
599
3 9 1
601
1 27 1
605
4 38 1
607
1 14 1
608
4 7 1
609
3 17 1
612
5 25 1
616
5 15 1
618
4 17 1
619
3 36 1
624
8 21 1
625
3 7 1
627
4 36 1
629
1 13 1
631
7 5 1
635
3 28 2
637 777
3 6 1
639
4 26 1
641
3 19 1
642
14 10 1
646
4 19 1
650
6 22 1
652
14 18 1
653
6 21 1
654
10 18 1
659
8 7 1
663
7 35 1
668
4 11 1
676
3 18 1
678
2 3 1
679
1 15 1
682
10 29 1
683
1 7 1
694
5 31 1
696
1 27 1
702
4 23 1
703
11 34 1
711
1 23 1
716
7 3 1
721
8 5 1
729
5 33 1
733
14 7 1
739
1 14 1
741
1 29 1
742
1 19 1
744
3 20 1
746
5 22 1
750
1 29 1
753
10 17 1
756
3 19 1
758
10 18 2
759 864
1 20 1
760
3 32 1
768
5 18 1
776
4 7 1
779
1 27 1
780
1 31 1
781
4 21 1
784
3 6 1
785
1 31 1
786
8 17 1
792
1 25 1
796
4 17 1
803
1 31 1
807
2 5 1
810
3 22 1
811
12 5 2
813 892
4 34 1
822
12 17 1
824
3 15 1
831
3 22 1
835
7 33 1
839
1 29 1
840
3 16 1
843
3 31 1
844
5 39 1
849
4 28 1
852
5 33 1
853
3 25 1
855
8 23 1
857
3 17 1
859
7 21 1
860
1 20 1
867
7 20 1
871
8 6 1
872
4 6 1
877
8 9 1
884
10 23 1
898
8 17 1
906
16 5 1
923
1 27 1
924
2 17 1
927
3 18 1
934
1 21 1
935
6 36 1
936
1 25 1
939
1 23 1
941
1 33 1
948
1 28 1
950
7 13 1
954
16 27 1
958
4 12 1
961
5 28 1
964
19 5 1
970
1 6 1
972
8 18 1
973
3 5 1
974
1 19 1
980
4 7 1
982
5 37 1
983
3 26 1
985
7 12 1
986
3 16 1
987
1 26 1
989
4 16 1
993
