500 181 775 10
12 32 40 17 26 26 28 36 29 34 28 21 19 27 14 28 27 35 38 23 39 25 31 35 39 38 25 33 29 39 38 24 35 12 21 36 21 12 22 34 40 28 40 37 35 18 11 24 40 36 11 23 16 12 31 28 35 29 13 24 37 31 28 18 20 19 32 16 14 27 38 26 20 36 32 15 33 39 28 39 13 23 13 18 40 20 19 11 35 33 20 28 16 30 40 25 16 33 38 39 21 40 36 39 26 13 32 34 21 20 29 39 39 40 16 21 26 14 37 28 14 28 22 27 11 32 40 16 13 15 21 32 27 17 29 32 13 13 25 31 25 40 35 28 28 35 40 28 38 31 31 31 36 25 16 30 20 31 23 38 14 28 19 24 21 39 27 13 26 29 35 11 24 37 14 34 27 19 14 24 32 32 28 21 38 34 24 24 19 35 30 11 35 23 28 38 34 33 33 38 35 36 33 34 37 13 37 24 30 22 23 31 40 18 14 15 32 25 32 15 37 15 34 32 30 32 36 13 35 20 12 11 21 12 21 37 25 11 14 20 23 32 16 20 32 18 33 13 30 28 27 32 21 23 21 33 31 37 39 37 32 27 21 37 18 35 14 39 13 12 14 17 22 30 35 22 25 25 27 36 28 39 19 18 19 11 13 40 37 14 24 33 39 26 20 15 28 33 37 21 35 40 40 35 11 16 13 15 25 34 22 34 27 19 29 23 29 38 12 32 17 19 21 13 15 29 24 39 40 37 22 33 37 23 21 27 25 40 24 25 20 13 37 40 28 34 17 22 16 21 17 14 22 22 33 29 23 28 33 32 30 14 31 18 40 36 28 24 11 23 17 17 11 23 39 34 19 17 40 14 31 24 15 11 15 13 27 27 36 40 37 33 11 40 35 16 27 35 37 19 32 18 35 21 40 32 17 24 30 25 16 22 25 36 38 25 39 39 12 27 19 19 37 17 24 34 26 29 11 33 18 40 16 35 32 39 17 23 23 19 35 27 40 27 15 40 39 28 24 37 21 13 25 39 30 15 39 36 36 36 19 37 36 11 39 40 40 33 37 37 12 37 25 38 15 37 30 38 19 40 19 31 25 20 18 33 38 30 20 30 32 39 32 28 37 29 11 38 12 20
2 22 30 7 16 16 18 26 19 24 18 11 9 17 4 18 17 25 28 13 29 15 21 25 29 28 15 23 19 29 28 14 25 2 11 26 11 2 12 24 30 18 30 27 25 8 1 14 30 26 1 13 6 2 21 18 25 19 3 14 27 21 18 8 10 9 22 6 4 17 28 16 10 26 22 5 23 29 18 29 3 13 3 8 30 10 9 1 25 23 10 18 6 20 30 15 6 23 28 29 11 30 26 29 16 3 22 24 11 10 19 29 29 30 6 11 16 4 27 18 4 18 12 17 1 22 30 6 3 5 11 22 17 7 19 22 3 3 15 21 15 30 25 18 18 25 30 18 28 21 21 21 26 15 6 20 10 21 13 28 4 18 9 14 11 29 17 3 16 19 25 1 14 27 4 24 17 9 4 14 22 22 18 11 28 24 14 14 9 25 20 1 25 13 18 28 24 23 23 28 25 26 23 24 27 3 27 14 20 12 13 21 30 8 4 5 22 15 22 5 27 5 24 22 20 22 26 3 25 10 2 1 11 2 11 27 15 1 4 10 13 22 6 10 22 8 23 3 20 18 17 22 11 13 11 23 21 27 29 27 22 17 11 27 8 25 4 29 3 2 4 7 12 20 25 12 15 15 17 26 18 29 9 8 9 1 3 30 27 4 14 23 29 16 10 5 18 23 27 11 25 30 30 25 1 6 3 5 15 24 12 24 17 9 19 13 19 28 2 22 7 9 11 3 5 19 14 29 30 27 12 23 27 13 11 17 15 30 14 15 10 3 27 30 18 24 7 12 6 11 7 4 12 12 23 19 13 18 23 22 20 4 21 8 30 26 18 14 1 13 7 7 1 13 29 24 9 7 30 4 21 14 5 1 5 3 17 17 26 30 27 23 1 30 25 6 17 25 27 9 22 8 25 11 30 22 7 14 20 15 6 12 15 26 28 15 29 29 2 17 9 9 27 7 14 24 16 19 1 23 8 30 6 25 22 29 7 13 13 9 25 17 30 17 5 30 29 18 14 27 11 3 15 29 20 5 29 26 26 26 9 27 26 1 29 30 30 23 27 27 2 27 15 28 5 27 20 28 9 30 9 21 15 10 8 23 28 20 10 20 22 29 22 18 27 19 1 28 2 10
0 6 5
113 376 71 272 202
0 7 5
85 319 65 185 199
0 6 8
55 474 241 25 198 369 141 52
0 4 9
260 236 326 1 401 19 408 78 121
0 12 3
17 311 380
0 6 7
303 243 69 462 95 135 203
0 10 2
432 207
0 7 6
309 149 142 409 421 30
0 5 9
28 268 97 150 220 297 485 7 10
0 9 2
345 312
0 5 5
43 42 453 360 458
0 11 1
342
1 7 7
354 265 251 46 471 461 238
0 6 7
137 454 259 124 394 435 293
0 6 7
208 338 67 104 18 402 244
0 16 1
384
0 11 3
152 183 389
0 8 3
322 470 206
1 9 6
248 426 495 84 388 222
0 6 6
12 234 148 414 173 489
0 7 6
348 54 283 298 300 411
0 15 2
160 362
0 10 4
181 473 252 463
0 12 4
21 192 110 457
0 5 8
499 449 49 119 96 204 363 481
0 8 4
325 11 38 331
0 5 8
299 125 469 132 81 158 271 355
0 23 1
159
0 11 3
187 442 448
0 6 7
440 267 130 379 460 239 370
0 9 3
72 176 3
0 15 3
398 194 270
0 6 4
36 45 344 114
0 14 3
210 479 128
0 5 9
157 266 494 193 180 488 164 156 377
0 7 8
184 6 483 145 350 86 365 2
0 15 2
308 452
0 17 1
48
0 6 6
482 77 13 404 88 218
0 6 7
213 313 60 172 153 417 498
0 9 3
118 399 434
0 5 1
219
0 9 5
315 44 395 290 223
0 5 9
190 400 444 34 364 161 429 133 422
0 7 5
441 166 323 151 396
0 17 2
22 59
0 9 5
227 53 438 40 140
0 9 4
387 79 487 307
0 6 7
126 191 410 61 375 233 120
0 10 2
247 381
0 6 7
436 50 472 275 385 111 171
0 5 8
136 224 32 274 62 242 229 169
0 7 6
188 100 26 94 189 31
0 11 2
356 301
0 6 7
366 286 419 123 258 427 209
0 9 4
215 392 237 98
0 10 4
339 182 256 431
0 11 4
93 314 496 486
0 8 4
131 306 340 333
0 6 8
35 147 285 217 305 201 294 478
0 8 7
41 420 231 329 296 116 445
0 10 4
284 343 253 337
0 13 2
228 475
0 14 1
349
0 9 5
246 80 197 117 56
0 7 7
99 167 186 276 39 89 281
0 5 9
76 336 235 416 139 353 245 423 439
0 9 6
292 109 27 437 288 232
0 9 4
63 295 8 371
0 8 5
277 178 263 291 269
1 6 9
225 165 20 358 134 73 212 9 162
0 7 7
357 122 443 47 406 450 491
0 5 7
386 359 477 361 287 476 492
0 10 3
405 143 346
0 11 5
29 335 446 144 480
0 4 6
58 127 407 374 352 14
0 6 8
497 424 226 214 249 216 33 129
0 6 6
413 82 464 64 459 378
0 10 4
372 200 255 332
0 13 1
0
0 14 1
4
0 22 1
5
0 15 1
15
0 20 1
16
0 11 1
23
0 12 1
24
0 9 1
37
0 22 1
51
0 28 1
57
0 16 1
66
0 16 1
68
0 12 1
70
0 16 1
74
0 12 1
75
0 13 1
83
0 11 1
87
0 12 1
90
0 12 2
91 347
0 27 1
92
0 14 1
101
0 12 1
102
0 14 1
103
0 15 1
105
0 20 1
106
0 14 1
107
0 18 1
108
0 12 1
112
0 20 1
115
0 15 1
138
0 17 1
146
0 13 1
154
0 16 1
155
0 17 1
163
0 14 1
168
0 25 1
170
0 12 1
174
0 13 1
175
0 16 1
177
0 12 1
179
0 11 1
195
0 15 1
196
0 15 1
205
0 18 1
211
0 14 1
221
0 17 1
230
0 24 1
240
0 10 1
250
0 15 1
254
0 25 1
257
0 12 1
261
0 17 1
262
0 17 1
264
0 19 1
273
0 14 1
278
0 14 1
279
0 18 1
280
0 20 1
282
0 23 1
289
0 12 1
302
0 19 1
304
0 14 1
310
0 13 1
316
0 11 1
317
0 11 1
318
0 21 1
320
0 9 1
321
0 15 1
324
0 14 1
327
0 20 1
328
0 11 1
330
0 28 1
334
0 10 1
341
0 26 1
351
0 16 1
367
0 21 1
368
0 18 1
373
0 11 1
382
0 16 1
383
0 18 1
390
0 11 1
391
0 24 1
393
0 10 1
397
0 17 1
403
0 17 1
412
0 10 1
415
0 23 1
418
0 9 1
425
0 16 1
428
0 15 1
430
0 29 1
433
0 15 1
447
0 22 1
451
0 16 1
455
0 14 1
456
0 14 1
465
0 13 1
466
0 20 1
467
0 23 1
468
0 15 1
484
0 12 1
490
0 25 1
493
