300 138 465 10
34 35 21 30 36 32 28 17 30 32 25 16 23 19 14 15 33 12 14 33 25 28 34 18 30 32 28 27 20 18 39 15 35 22 18 27 28 27 15 11 12 18 22 14 19 17 11 16 27 30 11 32 27 23 38 34 30 39 34 21 35 24 23 39 13 31 37 33 40 11 12 37 36 18 29 15 12 17 21 26 25 33 23 21 36 14 23 22 30 26 30 35 38 35 14 26 36 33 19 33 29 40 12 17 17 16 37 28 28 40 20 12 16 16 36 18 31 29 25 16 15 30 24 40 23 27 21 20 38 17 12 19 21 22 22 29 35 25 19 28 19 13 36 20 34 27 26 34 13 13 17 38 37 11 12 13 29 40 25 16 31 13 29 40 23 16 11 26 32 17 17 22 34 22 24 21 29 25 25 40 14 40 29 36 13 15 24 39 14 16 20 11 13 40 40 40 21 15 25 36 16 15 24 28 19 27 33 16 18 26 27 18 13 35 16 17 33 23 33 21 17 30 26 27 24 20 11 39 36 24 17 23 34 37 27 11 12 40 19 35 37 36 12 29 36 29 28 11 32 35 40 40 32 28 12 40 12 24 40 28 36 17 33 17 23 13 29 15 27 39 24 31 11 31 37 14 29 37 24 24 20 20 14 37 40 38 13 20 11 18 28 27 18 22 34 29 40 21 37 20
24 25 11 20 26 22 18 7 20 22 15 6 13 9 4 5 23 2 4 23 15 18 24 8 20 22 18 17 10 8 29 5 25 12 8 17 18 17 5 1 2 8 12 4 9 7 1 6 17 20 1 22 17 13 28 24 20 29 24 11 25 14 13 29 3 21 27 23 30 1 2 27 26 8 19 5 2 7 11 16 15 23 13 11 26 4 13 12 20 16 20 25 28 25 4 16 26 23 9 23 19 30 2 7 7 6 27 18 18 30 10 2 6 6 26 8 21 19 15 6 5 20 14 30 13 17 11 10 28 7 2 9 11 12 12 19 25 15 9 18 9 3 26 10 24 17 16 24 3 3 7 28 27 1 2 3 19 30 15 6 21 3 19 30 13 6 1 16 22 7 7 12 24 12 14 11 19 15 15 30 4 30 19 26 3 5 14 29 4 6 10 1 3 30 30 30 11 5 15 26 6 5 14 18 9 17 23 6 8 16 17 8 3 25 6 7 23 13 23 11 7 20 16 17 14 10 1 29 26 14 7 13 24 27 17 1 2 30 9 25 27 26 2 19 26 19 18 1 22 25 30 30 22 18 2 30 2 14 30 18 26 7 23 7 13 3 19 5 17 29 14 21 1 21 27 4 19 27 14 14 10 10 4 27 30 28 3 10 1 8 18 17 8 12 24 19 30 11 27 10
1 14 3
244 291 80
0 10 5
227 82 248 208 204
0 7 4
213 69 140 287
1 15 2
0 215
0 12 5
160 251 109 297 243
0 12 2
65 127
1 8 3
17 61 78
0 22 2
26 66
0 8 4
189 46 138 241
0 22 1
255
0 10 3
298 94 253
0 9 5
216 33 93 156 90
0 14 1
37
0 9 3
9 152 264
0 16 1
278
1 16 2
125 20
0 11 2
173 41
0 17 1
106
0 9 2
4 184
0 10 1
28
0 11 4
47 128 209 192
1 18 3
269 8 239
0 22 2
274 205
0 16 3
221 30 134
0 6 4
145 276 34 79
1 9 5
147 279 212 229 25
0 7 5
263 211 115 260 271
0 9 5
114 42 14 170 162
0 7 5
246 74 64 62 16
0 7 5
44 52 299 199 203
1 16 3
108 59 237
0 6 4
149 77 267 110
0 10 2
232 29
0 12 4
15 35 168 57
0 5 1
150
0 8 5
19 39 266 103 142
0 8 2
129 23
0 19 2
139 3
0 8 4
247 141 296 133
0 7 5
159 202 217 71 231
0 13 2
259 53
0 10 4
87 126 95 60
0 12 4
195 179 280 200
0 8 4
186 10 132 135
0 8 3
234 207 222
1 17 2
73 84
0 7 3
100 171 261
1 9 5
174 89 50 181 178
0 13 2
285 196
0 9 3
206 105 85
1 16 3
6 214 284
0 10 3
75 58 104
0 11 3
70 257 123
0 9 2
226 143
0 5 4
88 83 282 288
0 8 4
155 236 136 233
0 16 2
185 54
0 8 5
262 5 72 131 281
0 5 5
119 120 286 218 180
0 13 4
68 36 165 144
0 5 3
154 12 122
0 9 1
102
0 8 2
49 18
0 8 5
238 27 166 187 31
0 14 3
176 224 96
0 9 4
43 252 268 283
0 15 3
240 225 107
0 9 2
32 111
0 13 3
2 242 250
1 16 2
101 254
0 9 4
190 277 161 272
0 9 5
63 163 153 295 191
0 13 2
182 7
1 9 5
245 117 121 228 158
1 20 1
1
1 15 1
11
1 15 1
13
1 26 1
21
1 17 1
22
1 13 1
24
1 28 1
38
1 18 1
40
1 24 1
45
1 12 1
48
1 26 1
51
1 18 1
55
1 21 1
56
1 19 1
67
1 18 1
76
1 17 1
81
1 15 1
86
1 22 1
91
1 24 1
92
1 19 1
97
1 23 1
98
1 25 1
99
1 19 1
112
1 15 1
113
1 15 1
116
1 18 1
118
1 14 1
124
1 20 1
130
1 21 1
137
1 17 1
146
1 21 1
148
1 21 1
151
1 19 1
157
1 14 1
164
1 19 1
167
1 17 1
169
1 30 1
172
1 24 1
175
1 34 1
177
1 18 1
183
1 17 1
188
1 22 1
193
1 20 1
194
1 20 1
197
1 17 1
198
1 19 1
201
1 16 1
210
1 22 1
219
1 14 1
220
1 19 1
223
1 15 1
230
1 16 1
235
1 25 1
249
1 18 1
256
1 17 1
258
1 15 1
265
1 29 1
270
1 19 1
273
1 26 1
275
1 16 1
289
1 36 1
290
1 17 1
292
1 17 1
293
1 15 1
294
