1000 282 1550 9
25 27 25 35 13 36 27 15 36 16 16 28 13 18 27 21 17 26 31 24 39 38 36 33 27 21 11 11 28 38 33 38 22 17 38 33 23 31 28 22 27 35 14 31 19 32 18 20 12 26 14 35 20 38 40 20 32 14 28 36 31 16 23 18 23 38 12 16 39 28 26 36 27 14 33 39 21 18 37 21 12 11 32 26 14 24 40 22 16 25 38 16 18 28 40 16 36 22 22 34 21 38 35 23 19 24 27 17 14 11 22 28 13 38 36 36 12 14 40 12 30 18 34 35 24 38 12 18 28 36 30 38 13 32 21 19 20 19 20 35 25 24 22 27 28 39 11 20 38 20 17 25 37 22 32 25 12 17 15 14 33 22 13 28 14 19 34 37 12 25 17 23 30 22 37 26 21 32 31 23 13 37 35 17 18 36 36 25 20 35 30 31 18 15 14 12 31 40 17 37 29 32 39 37 34 16 18 17 22 18 11 15 35 26 20 29 40 25 21 35 13 27 20 15 28 32 29 40 17 13 12 37 20 20 25 37 25 18 13 22 18 29 38 13 33 13 29 36 38 24 33 19 26 15 16 34 19 17 15 33 16 19 18 33 36 21 26 27 22 12 37 34 26 21 37 30 24 19 38 34 38 21 33 16 29 38 40 29 17 35 35 11 32 19 12 22 17 17 23 27 22 32 12 39 28 25 32 11 18 36 39 32 21 23 15 22 27 21 35 12 29 40 39 40 14 27 17 34 28 14 30 27 15 11 12 39 17 18 31 15 37 38 27 30 25 17 35 12 28 35 28 20 16 32 17 19 25 22 38 40 22 23 29 24 37 14 29 40 40 29 36 26 22 23 35 34 17 12 18 25 33 12 23 13 40 33 19 36 40 38 31 11 19 13 14 29 38 22 16 32 26 40 11 20 22 12 36 15 28 11 22 25 26 17 27 17 28 35 25 17 36 17 38 26 16 18 39 29 16 29 23 38 14 27 15 13 13 26 24 35 40 33 36 35 14 37 12 28 22 31 40 24 39 33 17 31 40 27 24 11 37 13 31 22 39 40 31 19 17 28 12 24 30 37 28 16 22 22 27 35 27 24 33 38 27 27 31 29 33 32 25 31 27 17 24 31 40 22 39 20 19 37 28 22 11 28 37 34 31 25 14 26 14 37 23 29 11 36 12 13 13 20 15 14 25 14 38 35 28 21 25 11 22 16 23 40 27 37 33 30 30 14 36 35 23 14 25 27 15 40 28 24 25 22 20 21 25 23 34 38 16 29 26 23 31 28 35 33 20 14 37 28 36 13 32 14 13 21 26 26 27 20 25 19 23 36 34 15 38 23 28 28 27 16 32 12 22 33 35 23 30 25 37 26 38 23 30 16 21 31 40 36 35 17 17 14 23 27 38 15 30 18 16 18 39 21 19 37 34 17 22 12 24 11 13 33 28 39 25 19 37 14 32 17 39 11 16 27 19 17 21 15 36 38 34 40 23 33 21 14 32 21 26 12 35 20 20 30 18 25 14 32 15 15 20 31 38 40 39 29 27 19 37 29 30 11 20 27 37 25 31 26 27 17 19 15 35 16 22 19 39 37 38 21 13 31 18 30 24 18 36 25 32 23 27 34 35 33 32 14 31 14 29 32 21 15 40 35 26 18 19 25 25 11 13 35 34 20 22 37 39 30 11 34 19 30 40 23 18 13 36 22 31 30 37 17 17 23 39 13 24 14 25 40 18 37 11 31 19 30 29 32 26 24 37 15 29 34 27 23 29 29 20 32 38 32 25 21 38 25 22 39 14 33 28 27 28 37 12 35 17 16 35 22 27 35 21 21 23 25 36 19 36 36 26 37 14 23 16 21 33 29 12 20 40 17 21 25 17 24 18 36 14 28 38 19 13 22 29 36 36 19 25 32 13 11 33 17 27 37 11 37 15 28 25 34 40 24 20 26 21 23 24 27 19 27 40 20 38 27 16 19 34 38 39 19 12 34 16 16 38 12 19 18 22 21 15 28 12 17 13 40 16 40 37 13 22 20 24 17 27 37 29 38 25 32 26 24 33 19 29 17 26 38 28 16 40 13 16 29 38 28 29 28 13 23 15 11 17 14 34 14 33 37 20 40 28 20 38 21 16 16 19 12 14 13 32 32 20 38 13 25 38 26 24 27 34 14 15 29 34 40 11 38 33 21 40 26 33 32 11 25 38 36 25 13 31 11 19 33 14 33 21 33 22 12 12 28 17 36 12 24 29 39 26 25 22 37 28 36
15 17 15 25 3 26 17 5 26 6 6 18 3 8 17 11 7 16 21 14 29 28 26 23 17 11 1 1 18 28 23 28 12 7 28 23 13 21 18 12 17 25 4 21 9 22 8 10 2 16 4 25 10 28 30 10 22 4 18 26 21 6 13 8 13 28 2 6 29 18 16 26 17 4 23 29 11 8 27 11 2 1 22 16 4 14 30 12 6 15 28 6 8 18 30 6 26 12 12 24 11 28 25 13 9 14 17 7 4 1 12 18 3 28 26 26 2 4 30 2 20 8 24 25 14 28 2 8 18 26 20 28 3 22 11 9 10 9 10 25 15 14 12 17 18 29 1 10 28 10 7 15 27 12 22 15 2 7 5 4 23 12 3 18 4 9 24 27 2 15 7 13 20 12 27 16 11 22 21 13 3 27 25 7 8 26 26 15 10 25 20 21 8 5 4 2 21 30 7 27 19 22 29 27 24 6 8 7 12 8 1 5 25 16 10 19 30 15 11 25 3 17 10 5 18 22 19 30 7 3 2 27 10 10 15 27 15 8 3 12 8 19 28 3 23 3 19 26 28 14 23 9 16 5 6 24 9 7 5 23 6 9 8 23 26 11 16 17 12 2 27 24 16 11 27 20 14 9 28 24 28 11 23 6 19 28 30 19 7 25 25 1 22 9 2 12 7 7 13 17 12 22 2 29 18 15 22 1 8 26 29 22 11 13 5 12 17 11 25 2 19 30 29 30 4 17 7 24 18 4 20 17 5 1 2 29 7 8 21 5 27 28 17 20 15 7 25 2 18 25 18 10 6 22 7 9 15 12 28 30 12 13 19 14 27 4 19 30 30 19 26 16 12 13 25 24 7 2 8 15 23 2 13 3 30 23 9 26 30 28 21 1 9 3 4 19 28 12 6 22 16 30 1 10 12 2 26 5 18 1 12 15 16 7 17 7 18 25 15 7 26 7 28 16 6 8 29 19 6 19 13 28 4 17 5 3 3 16 14 25 30 23 26 25 4 27 2 18 12 21 30 14 29 23 7 21 30 17 14 1 27 3 21 12 29 30 21 9 7 18 2 14 20 27 18 6 12 12 17 25 17 14 23 28 17 17 21 19 23 22 15 21 17 7 14 21 30 12 29 10 9 27 18 12 1 18 27 24 21 15 4 16 4 27 13 19 1 26 2 3 3 10 5 4 15 4 28 25 18 11 15 1 12 6 13 30 17 27 23 20 20 4 26 25 13 4 15 17 5 30 18 14 15 12 10 11 15 13 24 28 6 19 16 13 21 18 25 23 10 4 27 18 26 3 22 4 3 11 16 16 17 10 15 9 13 26 24 5 28 13 18 18 17 6 22 2 12 23 25 13 20 15 27 16 28 13 20 6 11 21 30 26 25 7 7 4 13 17 28 5 20 8 6 8 29 11 9 27 24 7 12 2 14 1 3 23 18 29 15 9 27 4 22 7 29 1 6 17 9 7 11 5 26 28 24 30 13 23 11 4 22 11 16 2 25 10 10 20 8 15 4 22 5 5 10 21 28 30 29 19 17 9 27 19 20 1 10 17 27 15 21 16 17 7 9 5 25 6 12 9 29 27 28 11 3 21 8 20 14 8 26 15 22 13 17 24 25 23 22 4 21 4 19 22 11 5 30 25 16 8 9 15 15 1 3 25 24 10 12 27 29 20 1 24 9 20 30 13 8 3 26 12 21 20 27 7 7 13 29 3 14 4 15 30 8 27 1 21 9 20 19 22 16 14 27 5 19 24 17 13 19 19 10 22 28 22 15 11 28 15 12 29 4 23 18 17 18 27 2 25 7 6 25 12 17 25 11 11 13 15 26 9 26 26 16 27 4 13 6 11 23 19 2 10 30 7 11 15 7 14 8 26 4 18 28 9 3 12 19 26 26 9 15 22 3 1 23 7 17 27 1 27 5 18 15 24 30 14 10 16 11 13 14 17 9 17 30 10 28 17 6 9 24 28 29 9 2 24 6 6 28 2 9 8 12 11 5 18 2 7 3 30 6 30 27 3 12 10 14 7 17 27 19 28 15 22 16 14 23 9 19 7 16 28 18 6 30 3 6 19 28 18 19 18 3 13 5 1 7 4 24 4 23 27 10 30 18 10 28 11 6 6 9 2 4 3 22 22 10 28 3 15 28 16 14 17 24 4 5 19 24 30 1 28 23 11 30 16 23 22 1 15 28 26 15 3 21 1 9 23 4 23 11 23 12 2 2 18 7 26 2 14 19 29 16 15 12 27 18 26
1 6 9
53 754 342 757 243 40 60 841 548
0 5 8
758 442 948 805 543 722 641 773
0 3 13
646 12 766 44 679 266 372 538 739 959 874 602 317
1 15 3
604 590 601
0 9 5
87 452 479 154 31
0 10 3
131 292 504
0 6 5
155 559 585 745 137
0 3 10
134 673 110 449 544 849 328 163 126 734
0 4 12
792 913 218 572 237 890 233 825 715 45 205 905
0 4 9
365 832 399 433 786 423 875 519 683
0 5 7
374 910 937 214 466 815 122
0 3 2
816 347
0 8 2
58 589
0 8 3
592 759 238
0 2 13
964 607 925 912 253 918 802 495 708 838 974 229 19
0 3 2
288 432
0 5 9
936 370 234 582 102 831 416 398 541
0 3 14
35 609 700 961 48 112 147 726 719 621 651 596 429 774
0 3 16
735 355 941 324 781 525 618 498 670 550 557 660 305 611 391 749
0 6 4
271 7 75 817
0 6 7
710 851 539 74 768 97 402
0 3 18
463 76 787 580 332 461 435 307 770 285 671 813 290 969 26 668 828 725
0 7 2
444 222
0 5 2
454 467
0 5 5
857 764 348 798 96
0 2 15
516 771 605 567 436 392 577 952 223 302 532 329 818 614 894
0 3 12
661 90 3 414 587 943 363 25 904 716 965 591
0 4 11
250 11 854 663 656 578 741 425 239 224 692
0 5 5
883 631 472 249 934
0 3 4
512 694 533 751
0 3 12
38 895 207 401 373 680 822 61 954 448 848 190
0 7 5
765 311 385 179 840
0 7 7
856 524 1 686 135 526 988
0 4 9
866 566 846 194 531 70 9 156 588
0 19 1
378
0 3 12
955 850 989 565 640 165 174 718 468 189 705 118
0 3 14
756 738 322 144 485 333 151 811 245 547 464 746 560 750
0 5 9
367 383 944 884 173 788 139 84 353
0 3 17
57 658 760 277 116 761 158 197 652 499 235 178 717 789 703 689 972
0 4 9
209 882 480 105 699 613 990 691 810
0 3 11
897 688 620 581 71 513 187 574 901 377 281
0 11 2
49 437
0 2 18
397 869 865 272 62 868 606 191 396 484 148 244 27 415 966 246 808 753
0 5 9
293 935 182 231 807 141 301 475 784
0 2 17
546 523 304 632 922 337 33 263 690 518 240 635 72 14 8 261 873
0 16 1
95
0 5 7
968 659 957 127 267 66 103
0 11 4
404 845 549 412
0 5 11
242 983 284 836 794 52 69 551 300 83 701
0 5 10
24 755 909 923 228 431 999 330 109 763
0 7 8
902 298 584 920 740 193 633 819
0 11 3
65 150 876
0 3 14
195 203 737 542 73 279 393 321 514 908 593 282 86 211
0 3 15
357 629 721 727 747 862 51 839 776 824 278 627 381 143 752
0 3 15
167 172 82 881 723 413 970 366 326 503 706 469 713 79 136
0 5 11
232 128 422 903 511 797 394 41 785 595 256
0 7 4
124 488 711 297
0 3 16
153 379 515 349 624 880 598 731 428 573 456 157 336 115 225 852
0 3 12
628 991 994 99 665 736 669 996 492 863 386 799
0 18 3
653 662 199
0 3 12
171 821 793 681 529 675 327 247 490 212 695 260
0 3 15
254 829 16 630 426 77 997 169 748 522 537 316 568 493 202
0 5 7
782 860 371 22 63 98 201
0 3 16
104 676 655 21 455 192 949 714 820 276 221 476 406 181 899 59
0 10 4
291 133 615 502
0 16 2
947 445
0 6 3
643 369 121
0 4 12
795 473 384 517 916 447 625 309 68 345 111 827
0 13 2
556 410
0 4 10
390 963 932 388 361 594 78 871 56 339
0 3 14
92 623 772 149 482 864 450 264 702 693 830 183 842 269
0 4 10
804 704 536 145 101 985 313 619 617 603
0 3 12
980 696 779 945 872 343 387 583 575 268 956 81
0 3 13
184 36 323 599 729 306 458 91 924 677 438 835 612
0 5 8
275 55 521 270 569 319 188 166
0 26 2
489 535
0 5 7
350 946 255 942 672 915 993
0 3 20
486 241 892 164 434 303 219 919 129 441 877 113 94 117 979 138 440 642 927 227
1 6 8
462 506 906 886 648 17 762 898
0 8 3
491 953 790
0 15 2
494 299
0 16 1
843
0 5 9
340 720 982 732 977 853 507 286 142
0 3 10
733 395 47 362 248 356 576 981 505 960
0 4 8
501 986 554 730 315 474 5 50
0 7 6
650 220 140 294 855 780
0 18 1
13
0 3 14
483 20 312 409 967 43 200 236 334 120 262 274 37 217
0 2 18
555 89 939 984 198 439 420 712 168 586 32 579 186 283 252 42 477 497
0 2 15
358 552 175 812 570 649 10 545 400 616 215 938 459 93 931
0 7 5
995 826 777 453 162
0 7 4
600 427 15 421
0 9 4
597 119 638 534
0 3 10
527 265 563 626 814 707 417 471 520 654
0 5 6
46 331 376 176 487 100
1 6 1
0
1 8 1
2
1 6 1
4
1 5 1
6
1 12 1
18
1 8 1
23
1 6 1
28
1 8 1
29
1 10 1
30
1 13 1
34
1 17 1
39
1 9 1
54
1 14 1
64
1 8 1
67
1 6 1
80
1 5 1
85
1 10 1
88
1 10 1
106
1 5 1
107
1 10 1
108
1 8 1
114
1 15 1
123
1 23 1
125
1 8 1
130
1 10 1
132
1 7 1
146
1 19 1
152
1 16 1
159
1 14 1
160
1 12 1
161
1 21 1
170
1 9 1
177
1 18 1
180
1 16 1
185
1 14 1
196
1 6 1
204
1 13 1
206
1 8 1
208
1 6 1
210
1 10 1
213
1 8 2
216 230
1 6 1
226
1 8 1
251
1 7 1
257
1 7 2
258 478
1 8 1
259
1 11 1
273
1 9 1
280
1 8 1
287
1 15 1
289
1 9 1
295
1 16 2
296 796
1 11 1
308
1 9 1
310
1 8 1
314
1 5 1
318
1 7 1
320
1 8 1
325
1 11 1
335
1 10 1
338
1 4 1
341
1 6 1
344
1 6 1
346
1 6 1
351
1 7 1
352
1 8 1
354
1 7 1
359
1 12 1
360
1 6 1
364
1 7 1
368
1 14 1
375
1 12 1
380
1 11 1
382
1 16 1
389
1 7 1
403
1 14 1
405
1 11 1
407
1 12 1
408
1 10 1
411
1 11 1
418
1 8 1
419
1 9 1
424
1 22 1
430
1 30 1
443
1 12 1
446
1 10 1
451
1 6 1
457
1 10 1
460
1 22 1
465
1 11 1
470
1 22 1
481
1 8 1
496
1 8 1
500
1 8 1
508
1 10 1
509
1 8 2
510 800
1 8 1
528
1 9 1
530
1 17 1
540
1 8 1
553
1 13 1
558
1 14 1
561
1 11 1
562
1 8 1
564
1 8 1
571
1 14 1
608
1 29 1
610
1 9 1
622
1 10 1
634
1 13 1
636
1 10 1
637
1 18 1
639
1 19 1
644
1 6 1
645
1 9 1
647
1 10 1
657
1 10 1
664
1 6 1
666
1 11 1
667
1 17 1
674
1 7 1
678
1 7 1
682
1 5 1
684
1 6 1
685
1 6 1
687
1 5 1
697
1 9 1
698
1 6 1
709
1 6 1
724
1 19 1
728
1 8 1
742
1 9 1
743
1 15 1
744
1 7 1
767
1 6 1
769
1 11 1
775
1 8 1
778
1 12 1
783
1 8 1
791
1 17 1
801
1 10 1
803
1 8 1
806
1 6 1
809
1 10 1
823
1 6 1
833
1 12 1
834
1 5 1
837
1 8 1
844
1 7 1
847
1 8 1
858
1 10 1
859
1 11 1
861
1 20 1
867
1 8 1
870
1 8 1
878
1 16 1
879
1 5 1
885
1 29 1
887
1 22 1
888
1 7 1
889
1 6 1
891
1 6 1
893
1 9 1
896
1 11 1
900
1 5 1
907
1 7 1
911
1 12 1
914
1 6 1
917
1 14 1
921
1 6 1
926
1 13 1
928
1 14 1
929
1 10 1
930
1 9 1
933
1 13 1
940
1 9 1
950
1 11 1
951
1 9 1
958
1 13 1
962
1 6 1
971
1 7 1
973
1 11 1
975
1 9 1
976
1 8 1
978
1 14 1
987
1 6 1
992
1 6 1
998
