800 266 1240 9
37 28 38 30 33 11 11 22 16 12 11 17 37 22 17 13 32 27 20 15 17 24 11 37 23 19 38 17 29 24 14 33 13 18 11 26 30 16 33 24 16 34 38 29 28 14 11 35 36 11 12 27 18 27 25 18 21 36 14 36 35 40 19 26 34 24 12 22 28 28 16 13 37 26 16 22 29 19 38 21 25 40 26 24 15 18 28 25 23 35 28 32 31 19 40 19 27 33 27 17 19 23 11 16 18 13 39 20 31 35 17 28 17 18 30 30 24 23 29 34 17 33 26 31 22 26 37 38 22 36 37 12 31 24 14 27 19 16 17 14 37 16 11 13 16 27 17 18 18 31 16 12 39 13 13 26 37 27 28 39 14 16 18 26 23 15 17 31 14 32 30 34 39 15 15 31 37 35 39 24 39 39 14 38 31 29 28 20 14 12 30 29 18 28 19 19 35 16 20 21 37 40 30 19 25 30 26 39 21 31 26 38 38 39 31 39 25 34 11 31 21 32 13 23 12 26 11 29 25 17 17 14 29 16 40 18 36 23 16 23 27 14 27 25 18 34 22 30 31 25 15 13 39 24 34 14 34 32 36 39 22 30 17 24 11 15 22 14 36 17 36 35 18 12 17 23 28 27 21 30 32 34 18 31 32 27 40 39 31 21 17 12 29 35 19 22 18 25 35 39 15 26 34 23 17 13 13 20 23 17 18 25 39 11 19 24 38 29 33 11 19 32 34 18 24 37 12 13 34 40 25 19 13 34 31 29 28 40 25 32 34 19 29 28 40 19 37 14 37 39 22 20 14 12 30 20 30 25 14 18 12 35 16 19 29 21 19 26 31 24 20 30 11 33 26 32 35 37 14 15 11 31 35 40 24 34 25 34 38 12 22 15 33 18 37 24 19 21 27 24 16 29 15 39 14 19 21 26 35 15 12 17 25 16 35 38 31 34 17 17 19 22 27 36 40 20 21 27 16 24 14 25 14 20 38 31 15 24 21 37 36 14 24 16 36 37 36 11 11 26 11 31 30 21 19 19 22 20 32 24 27 39 34 12 22 29 14 22 39 26 17 25 38 39 23 12 14 23 37 40 40 36 25 25 24 12 24 24 17 38 27 19 38 29 26 20 30 31 23 37 19 20 22 18 40 18 21 33 18 20 26 33 11 14 22 16 13 29 13 19 21 28 12 12 28 27 36 16 28 16 28 36 32 23 23 15 23 14 40 26 36 21 14 39 24 17 24 26 15 21 39 21 11 38 16 15 12 16 39 18 13 27 37 15 17 26 27 30 25 12 29 28 22 17 29 20 27 19 31 18 24 17 21 33 25 20 34 25 17 40 40 19 39 15 34 38 25 36 22 37 27 26 34 28 24 36 40 14 36 28 11 36 19 34 31 23 33 15 14 37 38 22 13 35 26 39 26 22 16 28 35 30 11 26 29 14 35 21 22 27 17 21 12 28 21 34 23 20 34 33 34 24 30 32 14 30 20 28 21 35 28 37 37 30 33 33 40 33 12 15 32 15 18 13 33 16 31 37 17 29 15 15 18 29 32 40 30 40 39 36 24 30 32 17 39 15 27 26 26 11 20 31 40 22 13 26 29 29 26 13 16 38 25 30 40 19 24 37 27 31 39 22 20 24 39 33 28 36 28 39 35 40 33 37 17 24 30 34 36 15 20 27 14 11 28 17 34 27 19 26 30 40 15 18 29 24 32 38 12 26 20 19 36 40 24 35 19 12 25 19 20 24 37 30 15 31 33 40 27 28 32 17 39 28 38 15 11 15 29 28 13 39 27 22 16 20 35 20 25 36
27 18 28 20 23 1 1 12 6 2 1 7 27 12 7 3 22 17 10 5 7 14 1 27 13 9 28 7 19 14 4 23 3 8 1 16 20 6 23 14 6 24 28 19 18 4 1 25 26 1 2 17 8 17 15 8 11 26 4 26 25 30 9 16 24 14 2 12 18 18 6 3 27 16 6 12 19 9 28 11 15 30 16 14 5 8 18 15 13 25 18 22 21 9 30 9 17 23 17 7 9 13 1 6 8 3 29 10 21 25 7 18 7 8 20 20 14 13 19 24 7 23 16 21 12 16 27 28 12 26 27 2 21 14 4 17 9 6 7 4 27 6 1 3 6 17 7 8 8 21 6 2 29 3 3 16 27 17 18 29 4 6 8 16 13 5 7 21 4 22 20 24 29 5 5 21 27 25 29 14 29 29 4 28 21 19 18 10 4 2 20 19 8 18 9 9 25 6 10 11 27 30 20 9 15 20 16 29 11 21 16 28 28 29 21 29 15 24 1 21 11 22 3 13 2 16 1 19 15 7 7 4 19 6 30 8 26 13 6 13 17 4 17 15 8 24 12 20 21 15 5 3 29 14 24 4 24 22 26 29 12 20 7 14 1 5 12 4 26 7 26 25 8 2 7 13 18 17 11 20 22 24 8 21 22 17 30 29 21 11 7 2 19 25 9 12 8 15 25 29 5 16 24 13 7 3 3 10 13 7 8 15 29 1 9 14 28 19 23 1 9 22 24 8 14 27 2 3 24 30 15 9 3 24 21 19 18 30 15 22 24 9 19 18 30 9 27 4 27 29 12 10 4 2 20 10 20 15 4 8 2 25 6 9 19 11 9 16 21 14 10 20 1 23 16 22 25 27 4 5 1 21 25 30 14 24 15 24 28 2 12 5 23 8 27 14 9 11 17 14 6 19 5 29 4 9 11 16 25 5 2 7 15 6 25 28 21 24 7 7 9 12 17 26 30 10 11 17 6 14 4 15 4 10 28 21 5 14 11 27 26 4 14 6 26 27 26 1 1 16 1 21 20 11 9 9 12 10 22 14 17 29 24 2 12 19 4 12 29 16 7 15 28 29 13 2 4 13 27 30 30 26 15 15 14 2 14 14 7 28 17 9 28 19 16 10 20 21 13 27 9 10 12 8 30 8 11 23 8 10 16 23 1 4 12 6 3 19 3 9 11 18 2 2 18 17 26 6 18 6 18 26 22 13 13 5 13 4 30 16 26 11 4 29 14 7 14 16 5 11 29 11 1 28 6 5 2 6 29 8 3 17 27 5 7 16 17 20 15 2 19 18 12 7 19 10 17 9 21 8 14 7 11 23 15 10 24 15 7 30 30 9 29 5 24 28 15 26 12 27 17 16 24 18 14 26 30 4 26 18 1 26 9 24 21 13 23 5 4 27 28 12 3 25 16 29 16 12 6 18 25 20 1 16 19 4 25 11 12 17 7 11 2 18 11 24 13 10 24 23 24 14 20 22 4 20 10 18 11 25 18 27 27 20 23 23 30 23 2 5 22 5 8 3 23 6 21 27 7 19 5 5 8 19 22 30 20 30 29 26 14 20 22 7 29 5 17 16 16 1 10 21 30 12 3 16 19 19 16 3 6 28 15 20 30 9 14 27 17 21 29 12 10 14 29 23 18 26 18 29 25 30 23 27 7 14 20 24 26 5 10 17 4 1 18 7 24 17 9 16 20 30 5 8 19 14 22 28 2 16 10 9 26 30 14 25 9 2 15 9 10 14 27 20 5 21 23 30 17 18 22 7 29 18 28 5 1 5 19 18 3 29 17 12 6 10 25 10 15 26
0 5 8
796 205 479 285 422 558 298 764
0 6 6
381 541 168 196 452 429
0 4 9
569 173 41 685 406 518 686 99 50
0 4 9
38 163 567 470 164 525 248 250 770
0 12 1
669
0 3 9
463 172 332 334 760 440 214 318 778
0 4 8
104 478 662 92 645 68 612 9
1 11 5
777 317 237 611 264
0 12 2
183 742
0 11 1
521
0 10 3
315 373 389
0 11 4
325 350 213 513
0 3 10
443 110 694 150 532 598 739 759 8 632
0 6 5
442 416 219 412 447
0 5 8
676 654 375 720 615 431 523 522
0 5 4
138 501 327 631
0 12 3
627 236 148
0 3 13
512 119 782 423 619 32 73 58 489 194 488 324 69
0 6 6
135 450 545 653 349 63
0 4 11
596 276 368 617 616 388 105 238 247 30 613
0 4 8
758 700 576 446 198 330 244 458
0 8 2
628 635
0 3 13
486 792 799 359 26 727 305 595 378 303 583 517 154
0 3 13
353 426 734 179 527 121 342 543 444 19 761 184 728
0 12 3
571 530 86
0 21 2
664 354
0 5 3
363 681 548
0 4 12
589 101 85 31 307 147 87 624 84 160 195 338
0 4 7
57 566 693 385 215 511 425
0 5 7
382 621 736 35 741 336 22
0 3 10
137 699 17 647 116 604 745 609 152 6
0 10 3
773 282 449
0 4 12
562 243 504 485 726 206 56 185 542 361 497 246
0 7 8
756 751 469 581 281 323 126 789
0 4 8
177 500 186 400 340 271 299 665
0 8 5
369 14 762 149 642
0 15 1
784
0 4 8
268 539 495 60 603 266 531 166
0 3 9
546 552 417 496 83 436 460 289 134
1 6 9
607 646 438 229 508 364 120 42 2
0 3 14
224 781 456 55 421 287 634 506 312 772 433 709 757 75
0 4 11
786 329 787 300 409 49 434 193 54 320 396
0 3 12
199 257 294 648 574 544 169 746 578 403 228 393
0 5 6
255 459 234 401 451 290
0 7 6
221 718 274 142 209 533
0 18 1
455
0 4 11
370 620 689 637 638 97 779 284 226 36 27
0 4 10
413 445 314 376 29 379 347 240 95 365
0 6 6
464 551 5 117 597 563
0 6 7
579 326 633 643 716 129 277
0 6 6
554 357 462 90 128 721
0 3 9
302 171 106 207 355 570 439 710 556
0 8 2
44 341
0 4 12
279 328 549 514 659 96 752 93 53 419 374 208
0 3 10
372 747 79 34 561 76 366 263 293 203
0 13 3
636 797 564
0 5 7
420 335 649 537 454 220 404
0 13 2
66 200
0 5 6
509 71 204 769 688 457
0 5 7
580 103 639 202 122 230 414
0 4 9
343 197 175 536 472 280 547 437 592
0 4 7
691 321 657 158 484 256 51
0 6 2
65 100
0 5 8
348 145 311 557 272 424 387 702
0 6 7
33 729 483 222 227 109 750
0 7 2
18 367
0 8 4
490 755 768 286
0 14 2
399 791
0 12 2
735 722
0 5 9
510 64 731 295 267 733 261 59 652
0 4 10
91 82 471 313 606 278 319 270 790 465
0 3 10
428 666 360 588 131 705 453 555 730 275
0 9 4
535 322 123 600
0 8 6
89 711 397 337 111 28
0 8 5
308 102 477 291 201
0 7 3
11 259 774
1 9 2
80 139
0 7 7
683 448 217 395 241 48 682
0 4 10
573 687 767 629 783 626 618 559 550 15
0 3 13
1 461 776 754 430 165 553 23 61 534 132 21 677
0 3 13
188 144 10 155 697 703 297 176 12 260 371 432 390
0 11 2
216 143
0 8 6
568 159 785 288 77 749
0 3 11
515 345 586 795 405 560 309 494 467 174 108
0 6 8
81 180 529 212 651 407 113 242
0 18 2
377 715
0 10 5
671 20 744 181 254
0 7 4
712 668 594 794
0 4 9
178 157 601 233 738 25 675 623 743
0 8 5
245 16 62 737 630
0 11 3
141 661 46
0 7 3
519 262 7
0 6 7
695 474 505 192 679 482 127
0 4 8
492 572 520 577 528 162 187 640
1 13 2
0 265
1 14 1
3
1 9 1
4
1 12 1
13
1 10 1
24
1 12 1
37
1 9 1
39
1 15 1
40
1 9 1
43
1 6 1
45
1 11 1
47
1 7 1
52
1 17 1
67
1 13 1
70
1 7 1
72
1 8 1
74
1 21 1
78
1 14 1
88
1 9 1
94
1 16 1
98
1 12 1
107
1 18 1
112
1 12 1
114
1 15 1
115
1 22 1
118
1 17 1
124
1 11 2
125 161
1 6 1
130
1 8 1
133
1 15 1
136
1 10 1
140
1 7 1
146
1 15 1
151
1 9 1
153
1 7 1
156
1 6 1
167
1 17 1
170
1 14 1
182
1 8 1
189
1 9 1
190
1 9 1
191
1 11 1
210
1 21 1
211
1 20 1
218
1 8 2
223 692
1 13 1
225
1 19 1
231
1 7 1
232
1 10 1
235
1 13 1
239
1 8 1
249
1 12 2
251 706
1 17 1
252
1 11 1
253
1 11 1
258
1 11 1
269
1 13 1
273
1 9 1
283
1 12 1
292
1 15 1
296
1 8 1
301
1 10 1
304
1 11 1
306
1 10 1
310
1 22 1
316
1 10 1
331
1 10 1
333
1 16 1
339
1 15 1
344
1 26 1
346
1 14 1
351
1 15 1
352
1 28 1
356
1 12 1
358
1 15 1
362
1 36 1
380
1 19 1
383
1 16 1
384
1 9 1
386
1 6 1
391
1 19 1
392
1 12 1
394
1 8 1
398
1 15 1
402
1 18 1
408
1 12 1
410
1 16 1
411
1 16 1
415
1 18 1
418
1 8 1
427
1 7 1
435
1 8 1
441
1 10 1
466
1 10 1
468
1 15 1
473
1 8 1
475
1 8 1
476
1 18 1
480
1 8 1
481
1 18 1
487
1 16 1
491
1 10 1
493
1 11 1
498
1 9 1
499
1 7 1
502
1 8 1
503
1 24 1
507
1 13 1
516
1 7 1
524
1 8 1
526
1 17 1
538
1 11 1
540
1 8 1
565
1 15 1
575
1 11 1
582
1 9 1
584
1 12 1
585
1 27 1
587
1 7 1
590
1 7 1
591
1 9 1
593
1 17 1
599
1 11 1
602
1 7 1
605
1 14 1
608
1 7 1
610
1 7 1
614
1 9 1
622
1 20 1
625
1 13 1
641
1 16 1
644
1 7 1
650
1 12 1
655
1 12 1
656
1 11 1
658
1 23 1
660
1 16 1
663
1 11 1
667
1 11 1
670
1 12 1
672
1 8 1
673
1 6 1
674
1 8 1
678
1 9 1
680
1 20 1
684
1 8 1
690
1 18 1
696
1 8 1
698
1 18 1
701
1 9 1
704
1 12 1
707
1 11 1
708
1 16 1
713
1 15 1
714
1 7 1
717
1 6 1
719
1 9 1
723
1 8 1
724
1 14 1
725
1 12 1
732
1 8 1
740
1 13 1
748
1 8 1
753
1 8 1
763
1 10 1
765
1 11 1
766
1 8 1
771
1 12 1
775
1 8 1
780
1 16 1
788
1 15 1
793
1 8 1
798
