300 148 465 10
11 35 27 26 24 29 32 31 29 34 39 35 37 14 16 21 30 31 16 20 34 26 15 24 26 24 13 38 36 27 35 24 15 34 34 28 22 17 26 33 25 38 13 25 33 38 22 25 31 20 15 19 14 33 40 38 40 40 24 31 14 36 24 19 32 25 38 37 17 16 40 27 29 36 33 36 11 16 23 32 32 18 33 31 29 39 29 24 25 14 23 33 20 18 20 38 23 18 23 40 18 12 39 38 39 22 22 39 35 14 23 32 39 18 13 35 21 19 35 31 23 34 32 28 31 11 21 20 14 24 15 15 38 37 17 13 24 14 20 11 26 18 37 32 22 11 25 24 20 16 39 40 18 28 38 20 18 18 18 23 26 25 14 29 39 32 12 13 20 24 15 30 28 21 24 24 28 13 38 20 11 17 25 34 28 11 23 39 38 15 23 40 20 18 23 37 33 16 31 14 36 26 16 35 25 34 11 16 24 28 32 34 35 15 11 29 13 16 30 34 18 33 38 19 32 20 35 15 36 21 16 25 15 31 40 39 22 26 27 21 33 37 20 24 37 12 24 11 20 26 24 12 14 16 40 11 30 31 32 22 30 17 24 21 13 34 39 40 31 26 16 30 25 25 37 35 38 19 17 37 39 12 35 19 34 13 23 33 27 26 18 14 31 22 14 34 20 23 17 33
1 25 17 16 14 19 22 21 19 24 29 25 27 4 6 11 20 21 6 10 24 16 5 14 16 14 3 28 26 17 25 14 5 24 24 18 12 7 16 23 15 28 3 15 23 28 12 15 21 10 5 9 4 23 30 28 30 30 14 21 4 26 14 9 22 15 28 27 7 6 30 17 19 26 23 26 1 6 13 22 22 8 23 21 19 29 19 14 15 4 13 23 10 8 10 28 13 8 13 30 8 2 29 28 29 12 12 29 25 4 13 22 29 8 3 25 11 9 25 21 13 24 22 18 21 1 11 10 4 14 5 5 28 27 7 3 14 4 10 1 16 8 27 22 12 1 15 14 10 6 29 30 8 18 28 10 8 8 8 13 16 15 4 19 29 22 2 3 10 14 5 20 18 11 14 14 18 3 28 10 1 7 15 24 18 1 13 29 28 5 13 30 10 8 13 27 23 6 21 4 26 16 6 25 15 24 1 6 14 18 22 24 25 5 1 19 3 6 20 24 8 23 28 9 22 10 25 5 26 11 6 15 5 21 30 29 12 16 17 11 23 27 10 14 27 2 14 1 10 16 14 2 4 6 30 1 20 21 22 12 20 7 14 11 3 24 29 30 21 16 6 20 15 15 27 25 28 9 7 27 29 2 25 9 24 3 13 23 17 16 8 4 21 12 4 24 10 13 7 23
0 14 3
291 266 190
0 5 3
169 93 214
0 11 2
281 233
0 10 2
17 52
0 8 5
158 177 82 7 216
0 18 2
217 274
0 7 5
16 4 237 19 125
0 10 2
29 231
0 22 1
254
0 18 3
28 171 234
0 11 3
148 111 143
0 11 2
290 168
0 12 3
196 195 229
0 11 5
282 240 223 139 56
0 10 4
120 127 102 197
0 23 2
21 70
0 7 5
35 172 80 271 165
0 9 4
39 94 255 3
0 11 3
252 27 66
0 8 4
198 202 34 286
0 4 2
69 141
0 8 3
53 185 113
0 11 2
201 288
0 9 3
41 181 160
0 17 1
48
0 7 4
239 101 220 133
0 16 1
128
0 7 4
277 85 65 242
0 7 5
299 162 204 140 199
0 11 2
137 112
0 15 3
121 91 32
1 13 2
61 145
0 7 4
179 215 232 294
0 14 1
20
0 11 4
122 267 265 228
1 19 2
58 33
0 11 4
235 146 173 87
0 14 2
0 12
0 7 5
11 97 238 51 184
0 10 2
123 149
0 16 1
114
0 11 3
115 273 54
0 8 5
298 72 96 23 57
0 7 2
117 213
1 12 4
109 246 212 221
0 11 4
89 211 268 129
1 8 5
116 227 84 108 106
0 9 2
263 134
0 7 3
30 245 25
0 13 3
99 118 68
0 19 2
10 192
0 9 1
46
0 13 4
284 79 103 248
0 10 3
224 256 161
0 11 5
176 26 95 164 63
1 9 4
107 193 130 247
0 17 1
275
1 11 5
292 8 244 285 45
0 12 2
186 293
0 8 3
258 210 206
0 11 1
126
0 8 2
92 138
0 7 3
88 147 47
0 13 2
182 156
0 2 2
166 189
0 26 1
295
0 11 2
170 225
0 10 5
251 178 257 167 44
0 10 3
67 105 219
0 10 4
6 276 98 42
0 8 3
15 289 205
0 12 2
2 261
0 13 3
135 150 74
0 9 5
203 43 151 73 132
0 22 2
269 222
0 10 4
71 152 236 75
0 7 4
153 131 31 13
1 14 1
1
1 21 1
5
1 19 1
9
1 24 1
14
1 28 1
18
1 26 1
22
1 15 1
24
1 25 1
36
1 22 1
37
1 32 1
38
1 22 1
40
1 15 1
49
1 15 1
50
1 26 1
55
1 17 1
59
1 19 1
60
1 23 1
62
1 24 1
64
1 21 1
76
1 20 1
77
1 27 1
78
1 20 1
81
1 16 1
83
1 17 1
86
1 25 1
90
1 17 1
100
1 24 1
104
1 20 1
110
1 16 1
119
1 16 1
124
1 19 1
136
1 29 1
142
1 22 1
144
1 37 1
154
1 24 1
155
1 17 1
157
1 24 1
159
1 24 1
163
1 23 1
174
1 18 1
175
1 12 1
180
1 31 1
183
1 18 1
187
1 18 1
188
1 23 1
191
1 40 1
194
1 18 1
200
1 21 1
207
1 19 1
208
1 20 1
209
1 22 1
218
1 28 1
226
1 16 1
230
1 19 1
241
1 18 1
243
1 23 1
249
1 16 1
250
1 29 1
253
1 15 1
259
1 19 1
260
1 29 1
262
1 26 1
264
1 18 1
270
1 29 1
272
1 18 1
278
1 34 1
279
1 26 1
280
1 25 1
283
1 23 1
287
1 39 1
296
1 20 1
297
