700 171 1085 10
22 14 21 34 18 16 15 23 16 16 16 17 35 27 28 16 40 32 31 22 19 23 35 31 35 25 12 11 11 14 15 17 33 29 15 34 28 27 31 19 25 14 20 33 24 20 13 17 35 29 22 14 32 34 24 31 26 33 35 28 18 25 29 40 39 27 39 13 32 19 29 34 22 26 38 29 34 11 37 35 32 25 23 40 27 39 26 28 29 34 33 13 28 28 20 25 24 25 18 29 21 32 18 30 33 21 15 17 21 19 27 20 14 26 28 39 19 20 28 20 20 27 12 34 14 31 17 28 16 28 36 25 17 12 36 32 25 23 29 33 26 23 12 36 16 40 20 12 25 32 21 34 21 35 22 33 30 12 17 39 18 29 26 34 23 11 14 19 15 39 23 27 11 30 16 13 23 39 35 14 34 34 20 32 22 19 32 13 38 37 12 27 20 22 35 29 37 13 20 20 38 34 23 21 36 17 38 34 29 12 38 34 22 35 28 14 38 14 28 32 33 21 25 18 30 28 39 26 34 18 35 25 28 40 20 17 21 38 17 13 14 32 22 30 17 27 38 37 11 20 27 37 38 13 33 40 13 31 35 37 27 13 19 11 12 15 33 13 29 19 20 32 35 30 22 15 33 37 16 21 31 11 38 23 14 29 17 16 12 12 34 32 27 38 15 31 25 32 28 37 33 17 27 31 30 25 18 39 21 27 28 25 36 37 18 12 18 36 23 26 39 37 19 33 25 32 30 25 24 19 28 19 26 38 16 15 32 37 33 14 39 22 40 13 40 21 13 40 27 35 20 16 25 37 18 18 16 20 12 28 12 20 28 23 20 14 13 28 24 21 12 25 20 12 29 36 23 17 19 26 32 16 29 27 40 27 13 22 32 34 11 35 39 37 25 28 32 25 11 24 33 38 32 35 38 37 34 21 11 39 31 27 12 15 24 37 34 33 19 29 21 24 14 38 16 23 22 23 22 28 23 11 30 11 17 33 34 25 11 38 24 21 33 15 18 39 17 40 16 31 38 11 36 22 31 27 18 34 17 33 18 22 16 27 20 35 34 39 15 22 17 31 30 28 30 17 12 33 12 35 16 12 37 35 25 11 33 17 38 38 38 21 39 39 15 11 37 40 29 25 22 21 18 19 12 34 38 24 13 39 30 38 12 32 13 25 16 36 21 22 22 22 23 21 17 24 20 19 26 16 23 30 27 30 37 24 31 26 37 29 16 17 29 40 11 30 24 12 18 11 29 34 16 19 32 40 12 24 15 22 27 14 39 35 11 20 38 12 16 37 34 35 11 35 32 29 38 25 14 25 33 22 32 19 27 14 32 22 12 36 13 14 21 18 40 30 18 39 28 32 16 33 14 34 19 39 19 35 28 32 34 36 39 14 35 11 24 26 30 38 31 17 25 27 32 26 29 24 19 12 34 37 37 30 18 40 32 16 21 27 30 24 26 40 24 29 19 11 20 24 21 17 24 13 12 20 39 17 12 30 24 11 31 15 23 32 36 16 16 23 21 28 12 34 23 14 25 25 38 40 36 29 34 22 25 13 14 12 23 36 35 27 33 36 15 24 28 35 30 20
12 4 11 24 8 6 5 13 6 6 6 7 25 17 18 6 30 22 21 12 9 13 25 21 25 15 2 1 1 4 5 7 23 19 5 24 18 17 21 9 15 4 10 23 14 10 3 7 25 19 12 4 22 24 14 21 16 23 25 18 8 15 19 30 29 17 29 3 22 9 19 24 12 16 28 19 24 1 27 25 22 15 13 30 17 29 16 18 19 24 23 3 18 18 10 15 14 15 8 19 11 22 8 20 23 11 5 7 11 9 17 10 4 16 18 29 9 10 18 10 10 17 2 24 4 21 7 18 6 18 26 15 7 2 26 22 15 13 19 23 16 13 2 26 6 30 10 2 15 22 11 24 11 25 12 23 20 2 7 29 8 19 16 24 13 1 4 9 5 29 13 17 1 20 6 3 13 29 25 4 24 24 10 22 12 9 22 3 28 27 2 17 10 12 25 19 27 3 10 10 28 24 13 11 26 7 28 24 19 2 28 24 12 25 18 4 28 4 18 22 23 11 15 8 20 18 29 16 24 8 25 15 18 30 10 7 11 28 7 3 4 22 12 20 7 17 28 27 1 10 17 27 28 3 23 30 3 21 25 27 17 3 9 1 2 5 23 3 19 9 10 22 25 20 12 5 23 27 6 11 21 1 28 13 4 19 7 6 2 2 24 22 17 28 5 21 15 22 18 27 23 7 17 21 20 15 8 29 11 17 18 15 26 27 8 2 8 26 13 16 29 27 9 23 15 22 20 15 14 9 18 9 16 28 6 5 22 27 23 4 29 12 30 3 30 11 3 30 17 25 10 6 15 27 8 8 6 10 2 18 2 10 18 13 10 4 3 18 14 11 2 15 10 2 19 26 13 7 9 16 22 6 19 17 30 17 3 12 22 24 1 25 29 27 15 18 22 15 1 14 23 28 22 25 28 27 24 11 1 29 21 17 2 5 14 27 24 23 9 19 11 14 4 28 6 13 12 13 12 18 13 1 20 1 7 23 24 15 1 28 14 11 23 5 8 29 7 30 6 21 28 1 26 12 21 17 8 24 7 23 8 12 6 17 10 25 24 29 5 12 7 21 20 18 20 7 2 23 2 25 6 2 27 25 15 1 23 7 28 28 28 11 29 29 5 1 27 30 19 15 12 11 8 9 2 24 28 14 3 29 20 28 2 22 3 15 6 26 11 12 12 12 13 11 7 14 10 9 16 6 13 20 17 20 27 14 21 16 27 19 6 7 19 30 1 20 14 2 8 1 19 24 6 9 22 30 2 14 5 12 17 4 29 25 1 10 28 2 6 27 24 25 1 25 22 19 28 15 4 15 23 12 22 9 17 4 22 12 2 26 3 4 11 8 30 20 8 29 18 22 6 23 4 24 9 29 9 25 18 22 24 26 29 4 25 1 14 16 20 28 21 7 15 17 22 16 19 14 9 2 24 27 27 20 8 30 22 6 11 17 20 14 16 30 14 19 9 1 10 14 11 7 14 3 2 10 29 7 2 20 14 1 21 5 13 22 26 6 6 13 11 18 2 24 13 4 15 15 28 30 26 19 24 12 15 3 4 2 13 26 25 17 23 26 5 14 18 25 20 10
0 6 7
335 425 379 295 222 631 507
0 3 13
399 413 505 554 308 408 629 489 579 79 211 43 61
0 3 14
113 459 172 664 561 670 163 650 406 252 529 341 8 691
0 2 21
477 89 440 71 375 217 245 112 151 14 141 483 585 605 42 337 181 52 259 522 673
0 3 13
657 153 124 553 160 169 340 287 95 533 445 625 238
0 11 1
265
0 3 14
555 101 364 488 698 518 404 127 531 271 621 86 273 189
0 8 2
591 665
0 2 17
158 210 362 683 432 452 523 365 164 368 84 616 380 572 442 565 150
0 4 10
274 627 623 155 313 525 352 69 604 254
0 6 4
412 448 54 105
0 2 20
478 573 216 661 118 125 355 567 455 382 521 3 594 680 28 566 201 82 332 302
0 3 9
454 463 90 81 128 430 538 58 398
0 4 10
675 133 660 441 654 536 500 439 628 88
0 6 5
381 237 213 526 162
0 1 25
228 348 83 374 188 659 67 198 686 431 192 35 633 4 527 444 93 215 114 152 685 491 264 72 154
0 2 18
7 167 618 304 73 610 639 283 139 44 687 405 63 200 504 358 519 257
0 2 22
543 225 603 41 171 655 87 177 513 658 549 422 293 598 646 692 98 556 638 27 599 417
0 3 14
325 560 409 462 534 224 699 18 219 285 53 21 136 34
0 3 9
300 126 578 486 418 469 220 131 184
0 2 16
383 135 30 389 428 474 363 695 476 562 19 438 349 359 345 602
0 8 4
624 645 640 494
0 10 2
583 369
0 1 25
366 421 688 223 641 607 681 449 582 279 250 684 390 346 231 378 506 493 202 159 697 179 436 606 510
0 2 20
339 203 46 480 190 138 552 367 60 68 451 343 652 290 6 47 689 2 377 497
0 4 8
94 227 197 470 107 481 546 326
0 1 27
668 156 173 475 176 183 696 608 241 391 360 235 66 315 116 59 669 589 524 328 447 324 443 233 429 85 9
0 2 23
36 292 509 402 161 24 677 120 45 129 472 690 357 385 542 77 331 581 140 575 248 278 5
0 2 19
199 344 651 261 299 309 415 663 25 277 396 117 106 551 446 515 466 143 108
0 4 11
611 508 232 111 587 291 321 185 411 499 384
0 11 3
457 592 544
0 1 23
354 492 577 168 144 336 10 460 679 615 147 102 26 182 272 121 57 230 323 214 296 306 175
0 1 28
333 284 342 226 148 11 545 541 204 157 16 330 609 62 620 260 558 637 424 537 49 347 676 132 512 458 630 388
0 3 14
51 1 109 236 48 419 626 570 427 482 370 392 456 74
0 3 14
563 270 416 244 490 453 22 568 465 103 471 247 434 253
0 2 18
502 249 329 39 205 351 403 601 373 31 361 642 356 91 29 613 234 487
0 7 3
600 322 311
0 6 5
280 269 64 33 319
0 2 22
242 165 410 146 258 276 97 307 212 672 643 479 170 595 196 218 99 297 166 350 597 38
0 2 15
334 530 32 320 473 303 420 275 571 207 115 286 514 239 574
0 3 9
268 414 535 622 318 96 20 263 310
1 9 1
0
1 15 1
12
1 13 1
13
1 3 1
15
1 5 1
17
1 4 1
23
1 3 1
37
1 4 1
40
1 10 1
50
1 5 1
55
1 7 1
56
1 10 1
65
1 5 1
70
1 3 1
75
1 4 1
76
1 4 1
78
1 6 1
80
1 11 1
92
1 6 2
100 450
1 5 1
104
1 4 1
110
1 9 1
119
1 6 2
122 619
1 4 1
123
1 12 1
130
1 3 1
134
1 4 1
137
1 7 1
142
1 9 1
145
1 14 1
149
1 5 1
174
1 5 1
178
1 7 1
180
1 14 1
186
1 17 1
187
1 6 1
191
1 4 2
193 400
1 5 1
194
1 5 1
195
1 13 1
206
1 4 1
208
1 8 1
209
1 5 1
221
1 3 1
229
1 5 1
240
1 5 1
243
1 10 3
246 540 586
1 3 2
251 559
1 5 1
255
1 8 1
256
1 6 1
262
1 8 2
266 353
1 11 1
267
1 6 1
281
1 5 1
282
1 6 1
288
1 8 1
289
1 4 1
294
1 7 1
298
1 2 1
301
1 7 1
305
1 13 1
312
1 6 1
314
1 4 2
316 674
1 2 1
317
1 12 1
327
1 3 1
338
1 4 1
371
1 6 1
372
1 4 1
376
1 4 1
386
1 6 1
387
1 3 1
393
1 3 2
394 693
1 5 2
395 532
1 13 1
397
1 10 1
401
1 4 1
407
1 5 1
423
1 4 2
426 593
1 9 1
433
1 9 1
435
1 7 1
437
1 12 1
461
1 14 1
464
1 3 1
467
1 5 1
468
1 18 1
484
1 10 1
485
1 3 1
495
1 11 1
496
1 14 1
498
1 12 1
501
1 13 1
503
1 2 1
511
1 4 1
516
1 3 1
517
1 4 1
520
1 13 1
528
1 4 1
539
1 7 1
547
1 8 2
548 576
1 3 1
550
1 9 1
557
1 10 1
564
1 3 1
569
1 6 1
580
1 5 1
584
1 12 1
588
1 13 1
590
1 3 1
596
1 4 1
612
1 5 1
614
1 13 1
617
1 5 1
632
1 13 1
634
1 6 1
635
1 5 1
636
1 7 1
644
1 3 1
647
1 8 1
648
1 6 1
649
1 13 1
653
1 5 1
656
1 7 1
662
1 3 2
666 667
1 11 1
671
1 12 1
678
1 5 1
682
1 8 1
694
