1000 226 1550 18
28 17 32 15 28 13 16 35 11 36 35 37 28 31 29 23 26 23 23 16 13 30 32 30 32 27 29 27 13 37 30 36 12 32 22 14 32 21 13 29 23 20 23 22 19 26 21 24 39 38 20 12 29 19 20 29 14 28 40 34 23 33 20 23 34 23 37 12 13 33 24 12 35 32 25 12 13 37 26 17 30 16 15 21 17 11 28 13 26 25 23 40 40 30 37 39 12 29 20 21 24 20 14 21 16 31 19 29 37 31 38 36 25 18 32 36 22 18 14 17 40 25 27 11 11 26 35 37 19 21 11 24 31 24 33 35 28 25 21 27 37 31 35 20 35 12 14 18 20 20 13 35 29 39 13 27 36 15 23 14 24 17 15 15 34 34 30 19 23 34 21 37 20 25 20 16 18 21 34 36 22 40 11 24 37 25 28 14 12 34 19 14 22 15 12 17 29 14 11 31 12 20 28 40 23 12 20 25 38 21 32 19 25 26 16 35 33 28 24 18 15 15 27 27 36 17 28 19 16 39 38 21 39 38 33 34 35 28 26 27 35 40 39 21 20 12 13 16 39 11 26 25 40 33 17 20 16 39 37 25 38 18 14 38 29 26 29 30 32 24 21 11 21 29 32 39 34 20 23 40 14 27 38 14 29 24 36 31 34 26 18 19 31 37 25 22 40 13 27 27 30 17 30 36 11 39 40 31 17 29 13 36 30 24 18 33 15 40 21 38 20 30 26 13 32 20 17 36 26 30 17 27 29 40 39 18 25 13 27 18 39 26 32 39 39 33 34 18 29 32 13 34 32 17 31 13 19 32 27 22 18 16 33 37 29 34 32 20 19 29 27 13 36 25 37 13 37 35 17 20 11 13 17 19 24 27 19 13 16 15 13 13 26 38 17 23 16 21 31 28 14 36 26 25 37 25 23 27 16 19 29 22 26 15 40 40 40 37 17 24 25 31 37 34 40 21 16 34 32 24 16 17 28 17 33 37 17 28 20 27 15 30 39 22 29 35 40 36 13 25 30 16 30 12 16 15 15 22 14 32 24 23 32 24 21 23 21 23 12 17 28 31 34 21 39 38 34 33 29 37 18 32 20 22 18 37 31 20 31 38 28 28 29 18 17 11 35 34 25 12 28 18 20 31 19 24 14 23 38 22 35 31 13 36 32 15 12 15 24 29 22 15 14 12 34 11 13 22 35 20 33 18 31 34 16 28 13 26 39 13 38 11 38 39 23 32 30 15 31 11 38 11 33 18 11 18 34 22 13 18 21 21 38 39 12 35 31 25 38 38 35 16 11 38 20 14 25 14 34 16 18 32 11 17 19 37 19 11 35 12 20 11 27 17 37 32 36 38 18 39 36 34 20 39 15 16 21 19 11 38 40 18 30 26 33 18 32 36 31 18 18 40 23 28 24 36 40 23 35 25 30 18 29 33 31 33 13 38 11 34 27 13 25 12 24 15 37 38 14 14 23 40 34 26 31 13 27 26 14 40 31 11 26 15 35 13 33 26 12 40 17 23 33 40 17 34 39 39 27 25 39 34 24 18 38 36 30 40 21 21 25 18 29 29 25 24 22 32 29 17 29 24 27 16 22 11 13 35 17 29 34 33 28 13 25 14 38 39 33 36 24 28 11 34 17 32 16 32 25 34 13 20 38 16 31 30 29 16 13 36 34 35 26 20 22 21 22 33 35 24 18 26 24 37 29 39 27 28 11 12 30 20 23 32 21 26 21 39 21 12 19 35 35 38 22 19 16 25 26 14 27 16 13 37 18 30 17 33 35 22 27 40 22 39 24 22 24 36 15 35 16 29 38 23 35 18 15 34 23 37 18 35 40 40 32 27 33 26 30 20 13 14 25 28 15 40 19 23 31 39 29 15 13 29 28 38 15 35 28 29 27 30 37 31 39 24 15 29 15 29 21 28 17 16 27 18 36 11 12 18 26 25 40 26 38 19 22 34 27 31 32 21 39 33 18 20 24 26 34 35 26 13 24 22 14 39 36 32 30 25 11 30 34 31 16 11 16 26 12 30 40 19 28 27 20 29 16 39 28 38 24 16 33 38 32 19 16 34 31 31 20 18 20 35 17 27 33 15 13 18 21 29 20 34 22 19 26 38 14 12 32 18 19 35 40 33 23 20 39 36 16 35 12 28 22 24 18 11 34 17 26 25 26 36 18 36 29 28 34 13 37 26 32 19 37 14 34 23 28 36 38 14 26 21 34 15 12 28 23 17 25 15 40 37 14 26 32 29 38 33
18 7 22 5 18 3 6 25 1 26 25 27 18 21 19 13 16 13 13 6 3 20 22 20 22 17 19 17 3 27 20 26 2 22 12 4 22 11 3 19 13 10 13 12 9 16 11 14 29 28 10 2 19 9 10 19 4 18 30 24 13 23 10 13 24 13 27 2 3 23 14 2 25 22 15 2 3 27 16 7 20 6 5 11 7 1 18 3 16 15 13 30 30 20 27 29 2 19 10 11 14 10 4 11 6 21 9 19 27 21 28 26 15 8 22 26 12 8 4 7 30 15 17 1 1 16 25 27 9 11 1 14 21 14 23 25 18 15 11 17 27 21 25 10 25 2 4 8 10 10 3 25 19 29 3 17 26 5 13 4 14 7 5 5 24 24 20 9 13 24 11 27 10 15 10 6 8 11 24 26 12 30 1 14 27 15 18 4 2 24 9 4 12 5 2 7 19 4 1 21 2 10 18 30 13 2 10 15 28 11 22 9 15 16 6 25 23 18 14 8 5 5 17 17 26 7 18 9 6 29 28 11 29 28 23 24 25 18 16 17 25 30 29 11 10 2 3 6 29 1 16 15 30 23 7 10 6 29 27 15 28 8 4 28 19 16 19 20 22 14 11 1 11 19 22 29 24 10 13 30 4 17 28 4 19 14 26 21 24 16 8 9 21 27 15 12 30 3 17 17 20 7 20 26 1 29 30 21 7 19 3 26 20 14 8 23 5 30 11 28 10 20 16 3 22 10 7 26 16 20 7 17 19 30 29 8 15 3 17 8 29 16 22 29 29 23 24 8 19 22 3 24 22 7 21 3 9 22 17 12 8 6 23 27 19 24 22 10 9 19 17 3 26 15 27 3 27 25 7 10 1 3 7 9 14 17 9 3 6 5 3 3 16 28 7 13 6 11 21 18 4 26 16 15 27 15 13 17 6 9 19 12 16 5 30 30 30 27 7 14 15 21 27 24 30 11 6 24 22 14 6 7 18 7 23 27 7 18 10 17 5 20 29 12 19 25 30 26 3 15 20 6 20 2 6 5 5 12 4 22 14 13 22 14 11 13 11 13 2 7 18 21 24 11 29 28 24 23 19 27 8 22 10 12 8 27 21 10 21 28 18 18 19 8 7 1 25 24 15 2 18 8 10 21 9 14 4 13 28 12 25 21 3 26 22 5 2 5 14 19 12 5 4 2 24 1 3 12 25 10 23 8 21 24 6 18 3 16 29 3 28 1 28 29 13 22 20 5 21 1 28 1 23 8 1 8 24 12 3 8 11 11 28 29 2 25 21 15 28 28 25 6 1 28 10 4 15 4 24 6 8 22 1 7 9 27 9 1 25 2 10 1 17 7 27 22 26 28 8 29 26 24 10 29 5 6 11 9 1 28 30 8 20 16 23 8 22 26 21 8 8 30 13 18 14 26 30 13 25 15 20 8 19 23 21 23 3 28 1 24 17 3 15 2 14 5 27 28 4 4 13 30 24 16 21 3 17 16 4 30 21 1 16 5 25 3 23 16 2 30 7 13 23 30 7 24 29 29 17 15 29 24 14 8 28 26 20 30 11 11 15 8 19 19 15 14 12 22 19 7 19 14 17 6 12 1 3 25 7 19 24 23 18 3 15 4 28 29 23 26 14 18 1 24 7 22 6 22 15 24 3 10 28 6 21 20 19 6 3 26 24 25 16 10 12 11 12 23 25 14 8 16 14 27 19 29 17 18 1 2 20 10 13 22 11 16 11 29 11 2 9 25 25 28 12 9 6 15 16 4 17 6 3 27 8 20 7 23 25 12 17 30 12 29 14 12 14 26 5 25 6 19 28 13 25 8 5 24 13 27 8 25 30 30 22 17 23 16 20 10 3 4 15 18 5 30 9 13 21 29 19 5 3 19 18 28 5 25 18 19 17 20 27 21 29 14 5 19 5 19 11 18 7 6 17 8 26 1 2 8 16 15 30 16 28 9 12 24 17 21 22 11 29 23 8 10 14 16 24 25 16 3 14 12 4 29 26 22 20 15 1 20 24 21 6 1 6 16 2 20 30 9 18 17 10 19 6 29 18 28 14 6 23 28 22 9 6 24 21 21 10 8 10 25 7 17 23 5 3 8 11 19 10 24 12 9 16 28 4 2 22 8 9 25 30 23 13 10 29 26 6 25 2 18 12 14 8 1 24 7 16 15 16 26 8 26 19 18 24 3 27 16 22 9 27 4 24 13 18 26 28 4 16 11 24 5 2 18 13 7 15 5 30 27 4 16 22 19 28 23
0 1 40
932 386 21 988 365 287 720 933 625 958 160 399 678 993 620 289 851 214 669 871 62 508 113 369 827 341 178 785 263 682 940 943 835 358 141 792 762 357 367 213
0 3 15
516 89 814 414 813 79 368 434 396 880 614 528 73 853 522
0 10 2
553 704
0 2 21
810 800 56 991 731 881 781 265 2 144 667 677 30 778 74 934 735 714 266 204 665
0 2 17
224 924 690 325 415 844 903 139 959 611 117 989 254 156 938 447 671
0 9 5
209 937 124 379 647
0 10 2
646 564
0 10 5
684 135 75 212 421
0 5 10
545 741 22 588 758 941 251 423 296 382
0 8 4
491 852 897 979
0 1 30
808 895 403 525 340 353 481 44 985 917 195 291 159 401 132 436 636 939 936 589 69 537 236 92 400 717 14 388 912 670
0 6 6
506 442 285 707 250 585
0 13 2
556 738
0 1 39
643 539 102 873 152 998 116 965 721 915 495 150 336 84 165 711 748 33 335 366 816 168 759 383 119 147 578 905 604 724 111 43 790 72 362 384 768 133 243
0 2 18
657 55 219 123 609 314 745 307 922 294 788 760 858 374 57 544 11 960
0 2 16
76 826 324 98 467 864 593 766 333 354 451 579 230 218 88 410
0 2 23
343 658 787 446 890 477 452 709 18 899 164 513 252 702 994 238 375 896 980 279 215 292 64
0 1 24
547 146 836 155 6 962 640 795 329 78 600 786 346 716 370 727 884 554 981 507 83 655 134 910
0 2 28
280 949 112 409 918 378 288 273 875 448 271 40 301 359 862 26 39 618 244 297 364 610 972 58 638 104 198 107
0 1 31
973 708 443 47 602 626 825 490 992 348 843 830 66 968 130 701 34 200 484 822 920 161 925 371 841 142 474 595 31 342 504
0 5 9
914 183 9 505 799 820 24 419 60
0 2 19
5 428 889 676 493 876 196 429 591 732 883 498 569 176 712 440 319 900 848
0 1 30
240 323 685 510 38 887 526 175 49 538 729 192 300 8 223 913 163 523 372 313 262 581 874 424 888 363 747 834 898 267
0 9 3
221 868 332
0 8 4
819 310 246 672
0 1 28
154 315 105 641 901 742 893 106 865 207 109 169 645 349 259 767 776 531 90 293 549 463 469 688 675 824 458 953
0 1 22
453 208 191 59 512 964 499 449 995 668 492 42 565 627 511 575 809 928 629 138 521 350
0 3 14
674 857 12 136 338 377 879 509 652 869 891 393 784 360
0 4 11
422 405 753 779 53 630 919 407 828 744 689
0 4 11
817 122 100 344 911 571 679 713 50 185 633
0 1 33
906 20 755 120 923 41 389 833 811 631 517 255 398 380 617 789 560 232 829 306 460 703 487 327 628 904 642 193 249 951 598 592 28
0 1 38
486 77 85 189 613 479 392 347 757 235 439 607 705 63 743 103 849 394 305 846 850 947 987 352 886 457 231 227 201 475 644 599 710 148 32 459 605 663
0 1 35
432 552 330 303 308 908 13 783 961 577 482 870 660 518 501 927 80 326 454 606 975 131 322 1 435 673 561 542 963 751 750 143 36 253 982
0 4 2
661 952
0 5 9
485 281 46 245 408 173 543 700 892
0 2 19
205 37 863 621 524 210 956 334 878 465 276 468 61 984 70 406 582 376 153
0 3 13
110 706 45 761 171 540 971 806 929 339 866 211 683
0 1 36
54 570 295 502 445 590 94 532 739 29 782 413 68 35 282 970 450 572 983 699 770 749 594 957 496 909 234 228 601 441 387 149 503 182 328 290
0 2 20
275 746 730 312 694 260 395 926 686 733 233 23 916 596 935 722 976 202 586 584
0 2 20
187 948 649 801 546 696 17 580 583 361 859 603 7 170 805 225 942 433 867 206
0 6 9
798 558 534 654 840 839 772 944 861
0 3 11
114 877 997 930 179 563 845 97 0 726 137
0 25 1
471
0 1 36
127 184 247 945 497 662 557 634 635 438 774 838 950 616 316 921 520 815 180 664 954 533 121 464 418 186 473 478 317 536 19 425 483 967 52 256
0 3 12
177 355 385 996 527 559 803 794 283 576 356 258
0 4 11
390 728 404 472 777 650 190 978 765 812 476
1 5 1
3
1 6 1
4
1 4 1
10
1 3 1
15
1 5 1
16
1 5 3
25 87 101
1 10 1
27
1 8 1
48
1 7 2
51 172
1 5 1
65
1 2 1
67
1 4 1
71
1 26 2
81 639
1 3 1
82
1 26 1
86
1 26 1
91
1 5 1
93
1 3 1
95
1 7 1
96
1 15 1
99
1 27 1
108
1 3 2
115 248
1 4 2
118 793
1 7 1
125
1 4 1
126
1 27 1
128
1 9 1
129
1 5 1
140
1 7 1
145
1 3 1
151
1 6 2
157 725
1 5 1
158
1 14 1
162
1 3 2
166 666
1 3 1
167
1 3 3
174 697 855
1 4 1
181
1 3 1
188
1 12 3
194 426 990
1 14 1
197
1 14 1
199
1 9 1
203
1 2 1
216
1 2 1
217
1 26 1
220
1 3 2
222 431
1 3 1
226
1 29 1
229
1 3 1
237
1 3 1
239
1 3 3
241 257 318
1 9 1
242
1 4 1
261
1 5 1
264
1 7 2
268 902
1 3 1
269
1 2 2
270 619
1 4 1
272
1 3 1
274
1 6 1
277
1 2 1
278
1 5 2
284 437
1 2 1
286
1 4 1
298
1 5 1
299
1 7 1
302
1 3 1
304
1 5 1
309
1 14 1
311
1 5 2
320 444
1 3 1
321
1 10 2
331 955
1 3 1
337
1 4 1
345
1 3 1
351
1 5 1
373
1 2 1
381
1 13 1
391
1 8 1
397
1 7 1
402
1 14 1
411
1 4 1
412
1 7 1
416
1 11 1
417
1 5 1
420
1 13 1
427
1 6 1
430
1 2 1
455
1 5 1
456
1 10 1
461
1 9 1
462
1 9 2
466 719
1 3 1
470
1 10 1
480
1 11 1
488
1 4 1
489
1 2 1
494
1 5 1
500
1 7 1
514
1 11 1
515
1 12 1
519
1 5 1
529
1 10 1
530
1 15 1
535
1 6 1
541
1 2 1
548
1 2 1
550
1 5 1
551
1 2 1
555
1 2 1
562
1 4 1
566
1 9 1
567
1 3 1
568
1 5 1
573
1 6 1
574
1 2 1
587
1 11 1
597
1 3 1
608
1 3 2
612 818
1 4 1
615
1 7 1
622
1 2 2
623 872
1 2 1
624
1 4 1
632
1 3 1
637
1 6 2
648 831
1 4 2
651 736
1 7 1
653
1 4 1
656
1 4 2
659 999
1 6 1
680
1 8 1
681
1 11 1
687
1 3 1
691
1 15 1
692
1 6 1
693
1 5 1
695
1 9 1
698
1 6 1
715
1 3 1
718
1 3 1
723
1 4 1
734
1 2 1
737
1 6 1
740
1 3 1
752
1 2 1
754
1 3 1
756
1 5 1
763
1 6 1
764
1 3 1
769
1 2 1
771
1 5 1
773
1 5 1
775
1 6 1
780
1 2 1
791
1 11 1
796
1 2 1
797
1 15 1
802
1 4 1
804
1 4 1
807
1 2 1
821
1 4 1
823
1 2 1
832
1 3 1
837
1 6 1
842
1 4 1
847
1 3 1
854
1 3 1
856
1 9 1
860
1 6 1
882
1 12 1
885
1 6 1
894
1 9 1
907
1 2 1
931
1 3 1
946
1 10 1
966
1 4 1
969
1 2 1
974
1 6 1
977
1 4 1
986
