500 131 775 20
25 18 14 29 37 24 37 37 30 38 26 14 22 40 31 27 21 29 36 11 18 27 25 12 35 23 40 20 33 31 39 12 37 33 20 18 32 27 32 16 26 33 36 12 28 35 23 30 28 32 28 27 35 20 29 36 35 16 14 39 28 20 29 17 31 34 13 24 35 34 12 35 22 31 18 20 11 18 19 32 13 23 37 38 28 36 22 26 21 30 17 18 27 25 28 28 34 27 19 26 33 26 26 39 39 15 34 35 16 19 40 38 35 26 16 34 12 35 40 33 19 20 29 21 14 14 12 38 24 28 19 19 34 33 19 34 23 31 17 25 37 24 13 21 12 30 11 34 15 32 29 32 40 33 24 21 20 11 30 16 11 28 29 12 20 37 12 38 17 37 25 17 24 32 13 23 13 36 23 25 32 14 33 26 13 25 15 40 27 24 40 22 24 16 22 17 37 25 16 21 29 22 15 32 35 16 16 35 12 28 16 21 19 32 33 39 39 32 19 37 14 25 33 35 39 15 39 16 27 20 30 23 25 28 23 31 36 20 37 17 27 40 19 17 32 12 30 17 27 30 39 29 33 31 35 33 31 37 15 18 18 16 27 35 21 15 12 18 38 36 32 40 38 31 23 24 20 38 23 14 22 13 20 27 16 20 15 30 32 14 22 18 17 30 23 25 35 27 39 30 26 23 16 24 12 19 23 31 17 20 30 12 28 27 38 40 29 37 18 30 27 36 23 36 22 13 19 31 27 28 36 21 34 37 23 12 39 16 19 33 21 22 28 24 40 39 19 36 30 36 24 11 26 17 29 28 28 20 40 27 12 27 13 37 31 16 38 22 36 33 30 16 19 39 13 36 17 36 19 29 19 27 34 34 25 38 40 19 20 20 12 31 39 32 12 32 35 25 32 17 15 11 37 26 12 13 38 13 34 22 26 19 30 29 25 20 32 21 39 27 19 35 22 24 24 15 37 19 31 23 35 27 16 25 11 32 17 17 25 21 14 13 30 26 34 23 13 28 37 28 12 12 18 16 18 11 16 31 28 23 35 13 12 18 31 36 24 29 16 18 30 35 23 17 32 24 21 38 26 20 39 22 33 13 32 23 37 34 20 12 17 40 15 25 15 28 19 11 34 38
15 8 4 19 27 14 27 27 20 28 16 4 12 30 21 17 11 19 26 1 8 17 15 2 25 13 30 10 23 21 29 2 27 23 10 8 22 17 22 6 16 23 26 2 18 25 13 20 18 22 18 17 25 10 19 26 25 6 4 29 18 10 19 7 21 24 3 14 25 24 2 25 12 21 8 10 1 8 9 22 3 13 27 28 18 26 12 16 11 20 7 8 17 15 18 18 24 17 9 16 23 16 16 29 29 5 24 25 6 9 30 28 25 16 6 24 2 25 30 23 9 10 19 11 4 4 2 28 14 18 9 9 24 23 9 24 13 21 7 15 27 14 3 11 2 20 1 24 5 22 19 22 30 23 14 11 10 1 20 6 1 18 19 2 10 27 2 28 7 27 15 7 14 22 3 13 3 26 13 15 22 4 23 16 3 15 5 30 17 14 30 12 14 6 12 7 27 15 6 11 19 12 5 22 25 6 6 25 2 18 6 11 9 22 23 29 29 22 9 27 4 15 23 25 29 5 29 6 17 10 20 13 15 18 13 21 26 10 27 7 17 30 9 7 22 2 20 7 17 20 29 19 23 21 25 23 21 27 5 8 8 6 17 25 11 5 2 8 28 26 22 30 28 21 13 14 10 28 13 4 12 3 10 17 6 10 5 20 22 4 12 8 7 20 13 15 25 17 29 20 16 13 6 14 2 9 13 21 7 10 20 2 18 17 28 30 19 27 8 20 17 26 13 26 12 3 9 21 17 18 26 11 24 27 13 2 29 6 9 23 11 12 18 14 30 29 9 26 20 26 14 1 16 7 19 18 18 10 30 17 2 17 3 27 21 6 28 12 26 23 20 6 9 29 3 26 7 26 9 19 9 17 24 24 15 28 30 9 10 10 2 21 29 22 2 22 25 15 22 7 5 1 27 16 2 3 28 3 24 12 16 9 20 19 15 10 22 11 29 17 9 25 12 14 14 5 27 9 21 13 25 17 6 15 1 22 7 7 15 11 4 3 20 16 24 13 3 18 27 18 2 2 8 6 8 1 6 21 18 13 25 3 2 8 21 26 14 19 6 8 20 25 13 7 22 14 11 28 16 10 29 12 23 3 22 13 27 24 10 2 7 30 5 15 5 18 9 1 24 28
0 2 14
74 57 101 36 214 437 54 495 485 442 435 402 282 410
0 2 14
296 308 381 98 141 392 100 467 263 114 72 89 169 40
0 2 16
4 112 236 401 157 321 15 352 448 49 494 31 56 37 266 163
0 4 8
132 240 414 304 405 355 335 470
0 2 15
419 209 230 9 418 434 331 206 459 216 342 18 351 356 3
0 3 14
20 229 492 109 48 107 172 176 497 388 183 55 477 314
0 10 2
450 312
0 28 2
323 386
0 2 17
337 466 102 203 289 190 189 444 232 104 328 35 10 199 383 382 394
0 2 22
148 26 145 64 124 113 396 468 446 162 416 62 219 257 165 68 16 38 280 177 491 436
0 3 13
428 85 226 370 479 168 11 349 29 478 488 185 154
0 2 19
95 307 455 125 301 14 493 438 281 256 17 426 247 261 305 158 267 454 403
0 6 6
193 411 70 481 364 287
0 4 12
122 272 152 344 443 137 182 173 251 484 43 245
0 20 1
28
0 8 5
42 489 303 149 99
0 7 1
472
0 6 8
482 130 120 376 486 51 254 469
0 2 16
286 412 404 231 270 75 262 166 399 5 78 138 180 128 58 348
0 10 3
346 41 449
0 5 8
117 221 298 380 422 235 238 406
0 2 22
350 322 119 81 339 441 23 44 284 259 457 205 195 167 330 398 433 354 250 127 373 246
0 2 19
94 326 156 65 129 222 318 123 423 475 315 460 111 248 325 385 131 400 292
0 2 16
463 116 425 432 461 164 458 135 225 91 207 430 258 211 471 345
0 5 7
278 105 361 88 218 431 363
0 5 12
379 366 1 483 241 147 110 340 309 237 360 343
0 6 4
220 178 174 249
0 9 5
451 87 268 317 196
0 4 10
429 319 126 275 19 187 367 324 329 77
0 3 14
371 161 76 215 97 279 93 269 179 59 293 82 421 424
0 3 12
24 223 377 271 283 227 22 33 30 368 175 21
0 2 20
274 427 53 341 80 118 160 63 378 255 197 208 490 192 372 69 194 133 234 143
0 14 2
86 313
0 2 15
391 499 66 151 12 295 393 186 239 45 253 244 285 439 191
0 5 9
136 362 204 358 108 260 357 171 464
0 8 4
2 140 217 242
0 3 14
201 210 67 387 465 7 408 447 327 440 397 170 277 347
0 8 2
155 202
1 11 1
0
1 24 1
6
1 9 1
8
1 22 1
13
1 8 1
25
1 11 1
27
1 4 1
32
1 8 1
34
1 5 1
39
1 23 1
46
1 7 1
47
1 11 1
50
1 5 1
52
1 7 1
60
1 24 1
61
1 8 1
71
1 13 1
73
1 5 1
79
1 16 1
83
1 12 1
84
1 9 1
90
1 20 1
92
1 32 1
96
1 23 1
103
1 4 1
106
1 8 1
115
1 14 1
121
1 4 2
134 333
1 6 1
139
1 7 1
142
1 21 1
144
1 7 1
146
1 7 1
150
1 6 1
153
1 20 1
159
1 6 1
181
1 7 1
184
1 22 1
188
1 5 1
198
1 4 1
200
1 5 1
212
1 10 1
213
1 12 1
224
1 7 1
228
1 7 1
233
1 6 1
243
1 4 1
252
1 5 1
264
1 12 1
265
1 4 1
273
1 11 1
276
1 9 1
288
1 4 2
290 390
1 16 1
291
1 30 1
294
1 4 1
297
1 13 1
299
1 12 2
300 480
1 4 1
302
1 5 1
306
1 11 1
310
1 4 2
311 473
1 12 1
316
1 12 1
320
1 5 1
332
1 9 1
334
1 8 1
336
1 8 1
338
1 13 1
353
1 8 1
359
1 7 1
365
1 11 1
369
1 5 1
374
1 4 1
375
1 23 1
384
1 10 1
389
1 4 1
395
1 16 1
407
1 5 1
409
1 20 1
413
1 4 1
415
1 8 1
417
1 20 1
420
1 4 1
445
1 9 1
452
1 5 1
453
1 6 1
456
1 10 1
462
1 5 1
474
1 7 1
476
1 4 1
487
1 12 1
496
1 5 1
498
