500 126 775 10
12 32 40 17 26 26 28 36 29 34 28 21 19 27 14 28 27 35 38 23 39 25 31 35 39 38 25 33 29 39 38 24 35 12 21 36 21 12 22 34 40 28 40 37 35 18 11 24 40 36 11 23 16 12 31 28 35 29 13 24 37 31 28 18 20 19 32 16 14 27 38 26 20 36 32 15 33 39 28 39 13 23 13 18 40 20 19 11 35 33 20 28 16 30 40 25 16 33 38 39 21 40 36 39 26 13 32 34 21 20 29 39 39 40 16 21 26 14 37 28 14 28 22 27 11 32 40 16 13 15 21 32 27 17 29 32 13 13 25 31 25 40 35 28 28 35 40 28 38 31 31 31 36 25 16 30 20 31 23 38 14 28 19 24 21 39 27 13 26 29 35 11 24 37 14 34 27 19 14 24 32 32 28 21 38 34 24 24 19 35 30 11 35 23 28 38 34 33 33 38 35 36 33 34 37 13 37 24 30 22 23 31 40 18 14 15 32 25 32 15 37 15 34 32 30 32 36 13 35 20 12 11 21 12 21 37 25 11 14 20 23 32 16 20 32 18 33 13 30 28 27 32 21 23 21 33 31 37 39 37 32 27 21 37 18 35 14 39 13 12 14 17 22 30 35 22 25 25 27 36 28 39 19 18 19 11 13 40 37 14 24 33 39 26 20 15 28 33 37 21 35 40 40 35 11 16 13 15 25 34 22 34 27 19 29 23 29 38 12 32 17 19 21 13 15 29 24 39 40 37 22 33 37 23 21 27 25 40 24 25 20 13 37 40 28 34 17 22 16 21 17 14 22 22 33 29 23 28 33 32 30 14 31 18 40 36 28 24 11 23 17 17 11 23 39 34 19 17 40 14 31 24 15 11 15 13 27 27 36 40 37 33 11 40 35 16 27 35 37 19 32 18 35 21 40 32 17 24 30 25 16 22 25 36 38 25 39 39 12 27 19 19 37 17 24 34 26 29 11 33 18 40 16 35 32 39 17 23 23 19 35 27 40 27 15 40 39 28 24 37 21 13 25 39 30 15 39 36 36 36 19 37 36 11 39 40 40 33 37 37 12 37 25 38 15 37 30 38 19 40 19 31 25 20 18 33 38 30 20 30 32 39 32 28 37 29 11 38 12 20
2 22 30 7 16 16 18 26 19 24 18 11 9 17 4 18 17 25 28 13 29 15 21 25 29 28 15 23 19 29 28 14 25 2 11 26 11 2 12 24 30 18 30 27 25 8 1 14 30 26 1 13 6 2 21 18 25 19 3 14 27 21 18 8 10 9 22 6 4 17 28 16 10 26 22 5 23 29 18 29 3 13 3 8 30 10 9 1 25 23 10 18 6 20 30 15 6 23 28 29 11 30 26 29 16 3 22 24 11 10 19 29 29 30 6 11 16 4 27 18 4 18 12 17 1 22 30 6 3 5 11 22 17 7 19 22 3 3 15 21 15 30 25 18 18 25 30 18 28 21 21 21 26 15 6 20 10 21 13 28 4 18 9 14 11 29 17 3 16 19 25 1 14 27 4 24 17 9 4 14 22 22 18 11 28 24 14 14 9 25 20 1 25 13 18 28 24 23 23 28 25 26 23 24 27 3 27 14 20 12 13 21 30 8 4 5 22 15 22 5 27 5 24 22 20 22 26 3 25 10 2 1 11 2 11 27 15 1 4 10 13 22 6 10 22 8 23 3 20 18 17 22 11 13 11 23 21 27 29 27 22 17 11 27 8 25 4 29 3 2 4 7 12 20 25 12 15 15 17 26 18 29 9 8 9 1 3 30 27 4 14 23 29 16 10 5 18 23 27 11 25 30 30 25 1 6 3 5 15 24 12 24 17 9 19 13 19 28 2 22 7 9 11 3 5 19 14 29 30 27 12 23 27 13 11 17 15 30 14 15 10 3 27 30 18 24 7 12 6 11 7 4 12 12 23 19 13 18 23 22 20 4 21 8 30 26 18 14 1 13 7 7 1 13 29 24 9 7 30 4 21 14 5 1 5 3 17 17 26 30 27 23 1 30 25 6 17 25 27 9 22 8 25 11 30 22 7 14 20 15 6 12 15 26 28 15 29 29 2 17 9 9 27 7 14 24 16 19 1 23 8 30 6 25 22 29 7 13 13 9 25 17 30 17 5 30 29 18 14 27 11 3 15 29 20 5 29 26 26 26 9 27 26 1 29 30 30 23 27 27 2 27 15 28 5 27 20 28 9 30 9 21 15 10 8 23 28 20 10 20 22 29 22 18 27 19 1 28 2 10
0 2 21
317 466 376 154 71 272 383 202 85 70 412 319 65 185 205 199 55 474 241 25 198
0 2 16
163 141 52 260 236 326 1 401 408 78 264 17 273 311 380 303
0 2 16
243 69 95 135 203 101 432 207 309 451 142 30 28 97 150 220
0 2 15
485 312 146 43 42 453 316 360 397 155 458 320 342 230 265
0 6 5
46 238 174 137 454
0 2 18
102 259 394 435 293 208 338 254 67 104 402 244 384 257 351 115 152 389
0 16 3
470 74 206
0 3 12
68 426 495 84 388 222 108 195 234 175 414 173
0 2 19
489 348 54 283 298 411 302 160 362 433 181 447 252 463 21 192 457 499 449
0 3 13
119 403 96 204 363 481 325 11 38 240 331 382 299
0 2 19
125 112 469 132 81 158 271 355 159 187 448 440 267 130 379 455 460 239 370
0 7 3
3 398 194
0 3 17
168 45 344 114 210 479 128 157 266 494 193 180 391 488 164 156 377
0 2 14
6 483 350 86 365 2 308 289 48 13 428 91 88 218
0 3 14
313 172 153 417 498 261 118 399 434 106 219 334 324 315
0 11 4
44 395 290 223
0 4 10
415 444 34 364 161 429 133 422 441 166
0 4 13
490 323 396 22 59 227 170 53 438 40 140 387 79
0 4 8
279 307 410 61 66 375 233 120
0 2 18
493 381 436 50 472 275 385 111 136 224 32 274 62 242 229 169 278 188
0 3 14
100 26 94 189 31 368 356 367 366 286 87 123 258 209
0 7 6
215 392 237 177 98 339
0 5 10
182 304 431 93 314 328 496 486 131 306
0 6 4
333 35 147 285
0 2 18
201 294 478 41 420 296 445 284 343 253 337 228 475 280 349 5 390 246
0 4 9
80 197 117 56 99 186 211 276 89
0 2 20
281 76 336 235 250 416 353 245 423 439 292 27 437 288 232 63 295 8 371 4
0 12 4
277 178 263 291
0 8 6
269 225 165 20 358 134
0 2 19
73 212 9 162 357 47 327 406 450 491 386 359 477 361 37 107 287 476 23
0 8 4
492 405 143 138
0 11 5
29 335 446 144 480
0 5 11
179 58 83 0 127 407 374 352 14 497 424
0 9 4
226 214 249 216
0 3 11
129 330 464 64 24 459 15 372 200 255 332
0 6 2
7 196
0 5 1
10
0 5 1
12
0 5 1
16
0 14 1
18
0 14 1
19
0 11 1
33
0 9 1
36
0 6 1
39
0 5 1
49
0 4 1
51
0 7 1
57
0 7 1
60
0 7 1
72
0 7 2
75 268
0 4 1
77
0 5 1
82
0 8 1
90
0 4 2
92 116
0 8 1
103
0 13 1
105
0 5 1
109
0 4 1
110
0 8 1
113
0 4 1
121
0 5 1
122
0 4 1
124
0 10 1
126
0 10 1
139
0 6 1
145
0 6 1
148
0 5 1
149
0 7 1
151
0 15 1
167
0 4 1
171
0 9 1
176
0 4 1
183
0 6 1
184
0 7 1
190
0 6 2
191 247
0 7 1
213
0 13 1
217
0 5 1
221
0 6 1
231
0 15 1
248
0 9 1
251
0 9 1
256
0 15 1
262
0 23 1
270
0 7 1
282
0 10 2
297 462
0 4 1
300
0 9 1
301
0 8 1
305
0 15 1
310
0 6 1
318
0 13 1
321
0 6 1
322
0 4 1
329
0 10 1
340
0 4 1
341
0 5 1
345
0 10 1
346
0 5 1
347
0 9 1
354
0 13 1
369
0 5 1
373
0 10 1
378
0 4 1
393
0 20 1
400
0 5 2
404 452
0 5 1
409
0 8 1
413
0 4 1
418
0 5 1
419
0 4 1
421
0 5 1
425
0 5 1
427
0 7 1
430
0 4 1
442
0 5 1
443
0 8 1
456
0 12 1
461
0 12 1
465
0 13 1
467
0 5 1
468
0 9 1
471
0 13 1
473
0 4 1
482
0 10 1
484
0 7 1
487
