700 155 1085 20
12 32 27 33 28 23 13 30 13 34 23 14 36 35 19 24 28 20 29 13 12 18 14 28 35 30 29 40 13 38 32 27 27 22 29 29 34 28 26 25 40 25 18 39 16 20 19 19 20 15 34 16 21 22 27 17 22 33 23 36 38 30 40 39 26 20 20 13 24 20 20 29 12 21 27 30 30 14 11 21 13 21 21 22 29 13 28 36 34 26 27 16 16 20 22 13 24 34 30 11 20 17 30 17 19 21 18 26 16 32 29 37 36 19 12 35 36 34 30 28 33 21 17 36 34 17 37 34 30 38 19 38 30 33 35 14 27 25 35 26 36 16 15 18 33 19 29 35 17 33 24 12 21 25 30 34 34 22 32 33 36 24 12 19 38 11 36 20 21 11 31 28 19 14 12 12 24 28 15 16 27 13 22 21 18 16 33 21 27 18 12 19 21 15 20 18 33 40 31 37 36 17 32 32 24 26 34 19 32 24 14 21 30 24 12 27 39 15 26 11 26 25 22 30 27 35 18 32 32 38 19 25 19 21 13 40 14 16 32 30 22 18 14 14 29 33 25 33 25 20 33 26 26 32 30 39 23 20 21 25 28 17 29 35 16 16 19 34 25 37 13 12 39 31 35 39 18 18 17 26 16 23 33 15 17 14 14 23 32 34 19 21 18 30 16 40 11 21 32 20 35 25 18 28 27 29 22 29 31 32 13 26 19 38 24 16 19 38 37 21 29 31 16 40 11 40 23 29 26 29 34 21 11 17 13 32 20 27 13 30 16 40 26 33 25 11 21 40 17 17 13 32 19 22 16 36 37 30 36 37 12 27 28 37 22 28 25 25 12 34 40 37 19 31 27 22 19 33 11 37 11 18 37 37 24 20 29 19 37 18 12 25 38 11 12 38 29 15 24 32 40 26 15 35 20 38 22 16 15 35 39 26 40 29 21 24 28 24 17 31 13 29 36 31 34 30 12 37 11 30 28 21 40 22 22 31 24 33 21 28 16 16 33 40 23 15 14 12 33 23 11 35 17 15 11 18 28 30 12 28 14 15 37 21 12 13 11 20 19 11 36 25 26 24 39 37 19 37 13 38 27 31 36 21 21 36 25 36 27 18 34 29 23 32 26 40 29 39 21 36 23 30 38 14 28 23 18 30 17 29 27 26 19 21 20 12 16 35 18 25 19 22 14 38 29 19 31 11 21 20 21 12 33 36 19 29 26 30 16 38 14 31 12 30 21 20 14 27 22 13 12 34 32 23 33 17 19 36 38 25 39 14 24 33 24 29 39 20 33 12 39 22 14 31 11 27 20 29 35 25 22 28 34 16 15 31 11 14 25 30 20 38 12 12 22 30 23 30 24 21 28 40 39 28 34 14 11 23 27 19 20 29 40 25 22 38 24 40 18 30 34 32 37 22 16 16 16 25 20 12 39 21 30 21 24 22 39 25 37 28 33 18 39 30 22 37 11 28 25 37 32 32 34 19 17 26 31 14 37 20 22 38 27 36 14 34 37 30 14 12 35 29 22 33 27 24 25 29 37 16 22 27 25 23 21 38 27 35 24 18 13 14 22 19 28 25 14 36 30 12
2 22 17 23 18 13 3 20 3 24 13 4 26 25 9 14 18 10 19 3 2 8 4 18 25 20 19 30 3 28 22 17 17 12 19 19 24 18 16 15 30 15 8 29 6 10 9 9 10 5 24 6 11 12 17 7 12 23 13 26 28 20 30 29 16 10 10 3 14 10 10 19 2 11 17 20 20 4 1 11 3 11 11 12 19 3 18 26 24 16 17 6 6 10 12 3 14 24 20 1 10 7 20 7 9 11 8 16 6 22 19 27 26 9 2 25 26 24 20 18 23 11 7 26 24 7 27 24 20 28 9 28 20 23 25 4 17 15 25 16 26 6 5 8 23 9 19 25 7 23 14 2 11 15 20 24 24 12 22 23 26 14 2 9 28 1 26 10 11 1 21 18 9 4 2 2 14 18 5 6 17 3 12 11 8 6 23 11 17 8 2 9 11 5 10 8 23 30 21 27 26 7 22 22 14 16 24 9 22 14 4 11 20 14 2 17 29 5 16 1 16 15 12 20 17 25 8 22 22 28 9 15 9 11 3 30 4 6 22 20 12 8 4 4 19 23 15 23 15 10 23 16 16 22 20 29 13 10 11 15 18 7 19 25 6 6 9 24 15 27 3 2 29 21 25 29 8 8 7 16 6 13 23 5 7 4 4 13 22 24 9 11 8 20 6 30 1 11 22 10 25 15 8 18 17 19 12 19 21 22 3 16 9 28 14 6 9 28 27 11 19 21 6 30 1 30 13 19 16 19 24 11 1 7 3 22 10 17 3 20 6 30 16 23 15 1 11 30 7 7 3 22 9 12 6 26 27 20 26 27 2 17 18 27 12 18 15 15 2 24 30 27 9 21 17 12 9 23 1 27 1 8 27 27 14 10 19 9 27 8 2 15 28 1 2 28 19 5 14 22 30 16 5 25 10 28 12 6 5 25 29 16 30 19 11 14 18 14 7 21 3 19 26 21 24 20 2 27 1 20 18 11 30 12 12 21 14 23 11 18 6 6 23 30 13 5 4 2 23 13 1 25 7 5 1 8 18 20 2 18 4 5 27 11 2 3 1 10 9 1 26 15 16 14 29 27 9 27 3 28 17 21 26 11 11 26 15 26 17 8 24 19 13 22 16 30 19 29 11 26 13 20 28 4 18 13 8 20 7 19 17 16 9 11 10 2 6 25 8 15 9 12 4 28 19 9 21 1 11 10 11 2 23 26 9 19 16 20 6 28 4 21 2 20 11 10 4 17 12 3 2 24 22 13 23 7 9 26 28 15 29 4 14 23 14 19 29 10 23 2 29 12 4 21 1 17 10 19 25 15 12 18 24 6 5 21 1 4 15 20 10 28 2 2 12 20 13 20 14 11 18 30 29 18 24 4 1 13 17 9 10 19 30 15 12 28 14 30 8 20 24 22 27 12 6 6 6 15 10 2 29 11 20 11 14 12 29 15 27 18 23 8 29 20 12 27 1 18 15 27 22 22 24 9 7 16 21 4 27 10 12 28 17 26 4 24 27 20 4 2 25 19 12 23 17 14 15 19 27 6 12 17 15 13 11 28 17 25 14 8 3 4 12 9 18 15 4 26 20 2
0 1 29
454 381 531 263 70 629 12 277 623 524 173 552 567 265 676 481 559 484 503 699 197 500 335 456 633 601 209 439 543
0 1 30
383 6 62 179 136 113 685 463 432 318 632 350 274 645 435 422 280 444 464 234 67 593 8 401 372 319 566 446 317 242
0 4 11
376 110 392 394 697 236 198 284 141 164 303
0 4 5
190 181 514 201 148
0 10 2
349 607
0 2 21
525 14 448 490 11 655 296 498 295 307 652 320 638 443 694 362 380 479 69 551 407
0 2 16
375 660 501 37 589 622 423 46 311 611 461 159 477 161 342 683
0 5 3
195 420 332
0 1 24
591 81 310 51 436 94 293 688 351 260 314 370 232 674 499 248 47 427 354 550 556 416 299 473
0 1 27
32 290 144 610 441 636 486 548 628 253 279 478 542 541 63 165 256 5 13 233 631 228 264 206 191 410 642
0 2 23
245 547 403 475 156 532 483 428 613 281 661 581 608 534 684 415 334 97 553 353 480 321 4
0 7 7
102 656 259 598 2 275 430
0 5 6
85 217 440 568 53 575
0 1 27
366 177 324 145 219 298 98 308 357 592 588 497 677 130 400 387 186 41 96 680 398 305 250 229 504 147 287
0 2 24
579 602 421 292 153 128 271 667 72 673 15 449 306 603 384 379 691 282 3 411 665 270 135 679
0 1 25
90 640 669 482 76 272 39 580 31 61 48 378 634 620 33 538 402 447 251 103 404 45 291 590 616
0 9 5
609 413 485 385 621
0 5 7
690 433 80 127 596 215 445
0 5 8
213 615 466 143 227 261 399 467
0 4 4
635 414 34 469
0 15 2
56 509
0 5 10
230 157 419 570 537 23 457 364 617 26
0 7 6
554 304 114 453 606 507
0 3 12
216 460 523 374 331 644 286 333 458 283 73 491
0 4 11
488 618 437 641 106 560 363 171 150 412 122
0 5 10
678 654 386 513 341 71 355 149 528 123
0 4 9
309 489 668 405 240 409 124 604 569
0 1 27
348 109 406 58 346 327 297 624 140 578 388 262 692 429 367 225 646 231 356 647 544 530 30 258 22 343 44
0 2 22
36 116 185 630 35 494 637 300 24 325 468 643 555 470 360 450 226 64 574 312 204 112
0 2 19
659 597 288 536 391 492 175 241 95 315 627 696 105 583 168 77 40 516 252
0 4 9
178 529 658 520 347 158 59 424 199
0 1 21
129 368 155 389 522 462 1 626 417 16 19 79 549 418 65 442 519 510 211 82 20
0 2 17
517 21 506 146 243 585 269 7 373 508 651 220 89 169 612 29 326
0 2 17
496 60 369 87 49 57 512 451 222 527 78 474 698 472 653 639 176
0 2 23
323 371 203 189 587 564 54 183 235 111 671 255 670 687 614 329 38 238 563 28 246 301 180
0 2 20
682 689 471 681 397 521 693 166 540 257 408 426 545 152 126 573 42 365 493 328
0 1 29
313 267 294 358 582 434 533 359 120 170 224 214 133 557 584 276 194 662 118 182 68 558 526 117 648 244 17 539 302
1 3 1
0
1 3 1
9
1 3 2
10 202
1 6 1
18
1 6 1
25
1 6 1
27
1 5 1
43
1 3 1
50
1 4 1
52
1 6 1
55
1 3 3
66 390 650
1 8 1
74
1 6 1
75
1 7 1
83
1 4 1
84
1 7 1
86
1 2 1
88
1 4 1
91
1 8 1
92
1 6 1
93
1 7 1
99
1 6 1
100
1 8 1
101
1 4 1
104
1 6 2
107 431
1 3 1
108
1 4 1
115
1 3 1
119
1 8 1
121
1 3 1
125
1 3 1
131
1 3 1
132
1 4 1
134
1 15 1
137
1 4 1
138
1 11 2
139 289
1 3 2
142 518
1 11 1
151
1 2 1
154
1 16 1
160
1 7 1
162
1 3 1
163
1 16 1
167
1 3 1
172
1 4 1
174
1 5 1
184
1 5 1
187
1 11 1
188
1 8 1
192
1 3 1
193
1 9 1
196
1 5 1
200
1 8 1
205
1 7 1
207
1 12 1
208
1 3 2
210 352
1 2 1
212
1 8 1
218
1 6 1
221
1 3 1
223
1 2 1
237
1 5 1
239
1 11 1
247
1 6 1
249
1 5 1
254
1 8 2
266 285
1 8 1
268
1 9 1
273
1 3 1
278
1 2 1
316
1 11 1
322
1 9 1
330
1 9 2
336 339
1 3 1
337
1 5 1
338
1 5 1
340
1 2 3
344 455 666
1 6 1
345
1 5 1
361
1 3 1
377
1 7 1
382
1 4 1
393
1 3 1
395
1 3 2
396 562
1 17 1
425
1 7 1
438
1 6 1
452
1 4 1
459
1 5 1
465
1 6 1
476
1 3 1
487
1 3 1
495
1 3 2
502 546
1 3 1
505
1 6 1
511
1 3 1
515
1 3 1
535
1 9 1
561
1 9 1
565
1 5 1
571
1 5 1
572
1 8 1
576
1 3 2
577 649
1 3 1
586
1 2 1
594
1 3 1
595
1 7 1
599
1 16 1
600
1 2 1
605
1 5 1
619
1 5 1
625
1 4 1
657
1 15 1
663
1 8 1
664
1 2 1
672
1 9 1
675
1 3 1
686
1 5 1
695
