500 134 775 10
20 32 21 30 24 28 29 40 14 35 21 27 29 12 15 19 37 14 25 19 25 39 40 18 25 20 39 26 27 15 14 29 13 34 11 19 26 27 20 20 27 17 38 13 23 14 33 39 24 30 16 39 22 21 25 40 29 16 29 31 36 37 38 12 18 29 35 40 29 13 12 12 21 35 13 29 11 29 12 20 11 30 19 18 28 15 31 28 23 33 40 17 14 33 27 36 29 27 15 22 17 24 18 23 40 11 21 29 18 37 34 12 28 12 21 20 15 30 24 18 15 25 25 13 38 23 22 14 38 28 14 26 38 20 36 18 14 25 34 36 12 20 20 23 14 12 16 24 17 17 32 24 34 15 22 24 22 22 13 27 18 30 15 35 40 39 27 40 16 31 37 25 21 40 30 29 15 39 18 27 32 12 37 37 25 30 24 37 40 23 32 21 20 12 20 16 19 33 25 19 16 26 14 21 19 36 18 37 18 33 28 13 28 24 39 29 29 16 28 31 37 30 11 40 30 24 38 14 30 19 21 30 12 24 24 24 12 40 33 17 16 34 28 11 34 32 13 19 19 21 17 11 16 34 40 18 29 32 29 26 39 35 39 12 26 22 22 39 34 26 32 33 22 31 30 12 28 24 17 20 34 39 40 14 40 26 16 14 32 31 35 32 30 19 15 20 11 19 22 24 26 12 19 37 18 18 24 37 40 12 16 38 26 40 12 26 11 22 12 17 18 13 22 36 19 11 25 18 33 32 14 14 18 31 20 25 39 23 36 39 20 16 18 27 12 22 13 15 40 17 34 26 37 34 31 34 39 18 26 34 20 18 24 31 27 11 27 25 28 20 26 40 12 29 12 19 29 15 33 38 29 17 15 15 19 12 37 19 39 37 11 39 33 13 26 25 32 32 30 37 34 36 25 29 16 25 29 34 34 35 25 26 36 38 32 20 13 22 13 12 17 33 17 12 12 14 28 39 17 36 11 28 19 21 39 25 26 16 11 34 21 20 28 19 15 21 38 29 33 32 16 14 15 22 35 37 30 29 38 26 23 11 11 35 22 35 28 36 14 35 13 18 32 13 25 31 29 13 16 35 14 19 30 19 29 33 18 25 26 19 39 11 19 35 14 38 12 34 19 38
10 22 11 20 14 18 19 30 4 25 11 17 19 2 5 9 27 4 15 9 15 29 30 8 15 10 29 16 17 5 4 19 3 24 1 9 16 17 10 10 17 7 28 3 13 4 23 29 14 20 6 29 12 11 15 30 19 6 19 21 26 27 28 2 8 19 25 30 19 3 2 2 11 25 3 19 1 19 2 10 1 20 9 8 18 5 21 18 13 23 30 7 4 23 17 26 19 17 5 12 7 14 8 13 30 1 11 19 8 27 24 2 18 2 11 10 5 20 14 8 5 15 15 3 28 13 12 4 28 18 4 16 28 10 26 8 4 15 24 26 2 10 10 13 4 2 6 14 7 7 22 14 24 5 12 14 12 12 3 17 8 20 5 25 30 29 17 30 6 21 27 15 11 30 20 19 5 29 8 17 22 2 27 27 15 20 14 27 30 13 22 11 10 2 10 6 9 23 15 9 6 16 4 11 9 26 8 27 8 23 18 3 18 14 29 19 19 6 18 21 27 20 1 30 20 14 28 4 20 9 11 20 2 14 14 14 2 30 23 7 6 24 18 1 24 22 3 9 9 11 7 1 6 24 30 8 19 22 19 16 29 25 29 2 16 12 12 29 24 16 22 23 12 21 20 2 18 14 7 10 24 29 30 4 30 16 6 4 22 21 25 22 20 9 5 10 1 9 12 14 16 2 9 27 8 8 14 27 30 2 6 28 16 30 2 16 1 12 2 7 8 3 12 26 9 1 15 8 23 22 4 4 8 21 10 15 29 13 26 29 10 6 8 17 2 12 3 5 30 7 24 16 27 24 21 24 29 8 16 24 10 8 14 21 17 1 17 15 18 10 16 30 2 19 2 9 19 5 23 28 19 7 5 5 9 2 27 9 29 27 1 29 23 3 16 15 22 22 20 27 24 26 15 19 6 15 19 24 24 25 15 16 26 28 22 10 3 12 3 2 7 23 7 2 2 4 18 29 7 26 1 18 9 11 29 15 16 6 1 24 11 10 18 9 5 11 28 19 23 22 6 4 5 12 25 27 20 19 28 16 13 1 1 25 12 25 18 26 4 25 3 8 22 3 15 21 19 3 6 25 4 9 20 9 19 23 8 15 16 9 29 1 9 25 4 28 2 24 9 28
0 4 9
238 108 78 308 146 74 301 251 295
0 16 2
352 382
0 11 2
48 248
0 10 4
128 46 135 400
0 4 6
83 477 404 488 334 297
0 2 18
452 30 353 495 434 142 282 391 272 417 25 28 156 65 309 203 458 6
0 11 3
201 125 371
0 3 14
333 292 260 60 345 61 102 253 347 474 112 451 220 87
0 2 18
360 467 493 139 492 315 490 472 336 127 3 464 445 294 130 94 179 228
0 2 15
33 271 450 344 480 241 324 485 257 233 237 392 88 350 337
0 2 15
268 419 116 190 34 231 133 247 274 154 359 150 319 245 230
0 7 4
144 143 395 468
0 10 4
254 414 374 36
0 2 18
399 89 497 429 438 363 300 246 398 126 148 103 453 418 444 62 397 106
0 4 14
410 375 40 178 323 59 311 37 121 330 356 407 68 403
0 4 7
415 243 32 265 64 207 14
0 2 14
367 4 338 421 192 469 496 273 222 249 200 15 151 168
0 4 9
326 98 185 226 187 21 394 320 340
0 13 3
306 183 416
0 2 22
173 39 278 35 346 491 441 386 197 80 486 5 449 307 389 372 58 180 285 208 304 23
0 4 10
442 280 162 287 131 198 138 63 217 136
1 3 12
211 147 277 229 17 194 430 119 262 172 471 405
0 12 2
269 204
0 3 16
354 348 303 349 2 165 149 289 275 291 159 145 457 153 423 302
0 3 13
489 79 210 432 214 137 56 393 235 117 195 487 166
0 2 17
84 305 433 463 167 424 296 43 134 498 105 466 310 77 242 425 232
0 3 12
313 327 66 219 22 426 123 413 408 8 266 18
0 2 17
110 99 45 351 267 170 470 104 283 41 164 476 225 373 9 71 255
0 4 11
163 199 47 120 92 50 332 339 252 26 202
0 7 3
82 97 91
0 4 8
223 368 321 331 236 357 0 259
0 2 16
341 93 448 53 193 460 328 101 390 20 461 113 216 431 38 494
0 2 18
329 388 412 129 100 355 420 286 342 69 288 114 276 436 370 152 140 175
0 4 7
221 234 322 365 293 218 174
0 2 17
318 263 49 376 27 479 281 481 406 364 196 312 384 16 422 184 383
0 11 3
258 107 475
0 6 7
111 284 456 81 13 369 206
0 10 4
270 484 366 462
0 11 4
465 51 443 446
0 6 1
1
0 9 2
7 171
0 13 1
10
0 4 1
11
0 5 1
12
0 4 1
19
0 18 1
24
0 13 1
29
0 4 1
31
0 9 1
42
0 6 1
44
0 6 1
52
0 12 1
54
0 5 1
55
0 13 1
57
0 10 2
67 157
0 4 2
70 96
0 5 1
72
0 4 1
73
0 6 1
75
0 4 2
76 141
0 12 2
85 325
0 7 1
86
0 12 1
90
0 6 1
95
0 13 1
109
0 19 1
115
0 15 1
118
0 4 1
122
0 16 1
124
0 6 1
132
0 8 1
155
0 6 1
158
0 20 1
160
0 18 1
161
0 5 1
169
0 13 1
176
0 6 1
177
0 6 1
181
0 13 1
182
0 6 1
186
0 15 1
188
0 13 2
189 473
0 7 1
191
0 4 1
205
0 12 1
209
0 6 1
212
0 15 1
213
0 12 1
215
0 7 1
224
0 12 1
227
0 17 1
239
0 10 1
240
0 4 2
244 455
0 8 1
250
0 7 1
256
0 13 1
261
0 6 1
264
0 7 1
279
0 7 1
290
0 6 1
298
0 4 1
299
0 4 1
314
0 6 1
316
0 11 1
317
0 14 1
335
0 9 1
343
0 12 1
358
0 15 1
361
0 5 1
362
0 4 1
377
0 13 1
378
0 7 1
379
0 4 1
380
0 8 1
381
0 4 1
385
0 6 1
387
0 6 1
396
0 14 1
401
0 5 1
402
0 5 1
409
0 14 1
411
0 5 1
427
0 14 1
428
0 13 1
435
0 4 1
437
0 4 1
439
0 5 1
440
0 6 1
447
0 6 1
454
0 12 1
459
0 11 1
478
0 14 1
482
0 6 1
483
0 6 1
499
