300 74 465 20
9 12 22 5 27 16 23 12 27 2 18 7 4 1 10 23 20 19 9 30 20 13 21 29 12 15 27 4 7 14 23 13 27 30 4 27 30 3 23 10 29 15 21 9 5 12 30 7 23 10 20 27 28 11 22 12 5 6 25 5 2 1 4 10 16 3 9 17 3 7 16 10 18 16 25 30 11 28 28 26 19 16 11 16 1 1 14 8 28 29 22 8 12 18 16 6 12 30 1 5 7 28 14 4 21 30 30 14 13 5 12 10 7 7 1 5 26 13 14 21 24 6 2 27 19 25 29 22 7 17 25 1 2 27 26 18 1 9 23 20 24 26 7 7 21 10 10 10 13 4 28 8 5 1 1 1 26 4 4 8 25 5 3 13 25 17 29 13 20 19 30 21 18 19 9 20 20 11 30 1 21 27 17 14 27 22 25 19 29 7 4 3 20 15 2 21 16 16 4 20 24 21 16 20 12 23 12 20 25 1 6 10 9 23 14 6 8 7 20 8 3 22 28 25 6 2 5 26 26 26 27 11 22 12 15 20 16 13 28 2 6 7 21 26 30 2 18 25 10 3 25 11 17 29 6 12 4 12 14 29 18 7 15 29 10 7 28 30 9 29 26 24 2 29 18 4 16 8 5 9 14 4 4 22 10 8 6 19 22 9 26 21 13 30 23 9 3 24 3 22
4 3 27 6 24 7 10 7 5 20 20 11 16 4 21 7 4 23 9 11 6 28 4 3 19 11 22 13 18 28 11 17 3 14 25 9 23 13 24 3 2 14 28 13 30 6 15 2 15 13 23 26 17 26 13 7 27 12 1 2 10 4 24 8 24 30 26 20 4 9 9 4 4 2 25 30 17 9 8 21 16 19 17 23 13 17 11 21 23 7 22 28 8 20 25 22 2 29 21 24 5 4 28 7 11 17 9 10 10 26 28 19 23 29 29 21 23 24 30 6 29 1 3 23 20 18 3 12 13 10 8 17 14 19 2 11 26 1 6 10 22 21 16 5 19 23 16 1 11 8 27 1 3 23 20 15 12 13 3 4 7 27 14 4 4 27 10 4 17 1 4 12 10 27 1 29 23 30 20 17 19 26 9 30 27 13 17 20 17 30 17 10 10 27 25 5 21 4 19 8 23 14 11 30 14 16 23 26 28 28 27 5 4 20 20 24 10 4 14 20 14 19 7 21 5 15 6 11 30 25 21 28 8 25 8 6 19 10 24 27 22 21 16 7 26 30 14 23 24 26 26 12 4 28 4 30 22 11 10 3 23 17 5 9 19 16 12 25 30 1 30 13 9 23 22 30 6 19 23 22 23 11 6 30 14 18 16 15 13 26 11 21 2 30 13 12 24 22 15 15
1 2 4
20 190 214 239
1 9 3
99 179 94
2 15 7
296 39 65 203 57 219 172
1 19 6
202 236 21 157 208 217
1 18 6
12 166 86 252 232 151
1 19 7
168 174 161 211 194 230 219
1 6 5
143 10 32 129 190
4 14 8
74 254 16 50 115 239 95 212
1 2 8
11 120 287 128 114 34 130 258
2 4 8
64 262 8 220 276 106 47 293
2 4 5
279 270 267 49 290
1 14 3
191 110 14
1 9 5
266 91 54 87 89
3 1 8
297 29 263 224 155 30 154 160
1 13 3
62 283 144
1 19 6
129 135 68 2 196 209
2 5 7
158 183 157 250 238 38 266
2 5 7
151 169 176 171 246 203 223
1 19 8
187 26 46 17 45 84 85 134
1 1 5
60 180 103 248 65
2 12 9
192 258 142 218 184 196 126 161 269
3 15 7
31 162 53 7 77 255 288
2 6 6
265 9 241 29 110 155
1 19 4
227 117 6 12
1 2 3
58 197 138
3 17 7
257 111 243 136 138 7 28
1 2 5
125 149 247 128 274
1 2 7
210 145 3 207 152 220 254
1 1 4
82 205 0 36
1 3 2
137 235
1 8 5
52 242 101 88 139
1 4 4
107 5 92 159
1 14 7
299 163 165 43 121 108 211
2 13 9
21 96 94 22 148 0 242 260 270
3 7 6
35 215 51 109 251 79
1 15 6
200 131 280 150 88 96
2 11 7
118 1 290 217 4 199 280
1 12 4
49 67 14 97
1 5 5
34 146 282 112 55
2 16 9
48 221 286 175 51 143 185 231 259
2 6 5
75 89 84 245 294
1 8 3
63 208 206
1 18 5
15 126 228 24 25
2 6 6
123 23 223 193 170 137
1 13 3
144 253 86
2 5 10
188 61 18 59 66 204 45 118 131 184
2 16 7
41 147 139 249 289 85 40
1 12 5
167 292 256 215 284
2 11 5
154 78 244 116 119
2 14 5
133 95 273 46 182
3 14 6
240 213 160 25 269 40
2 15 4
281 222 116 210
3 14 11
209 288 274 132 153 119 100 162 168 235 268
1 10 5
277 6 285 26 56
2 15 8
93 92 140 122 102 37 176 238
1 20 5
275 19 124 98 224
2 12 7
234 271 130 134 169 233 286
1 10 6
69 108 186 185 27 90
2 7 7
225 56 272 173 260 135 228
2 3 4
73 198 278 281
2 6 8
189 100 76 206 298 295 58 261
2 14 5
245 233 80 37 103
1 4 8
259 199 13 70 182 159 114 164
2 9 6
30 105 178 152 72 77
2 13 5
47 113 284 291 68
1 13 2
164 97
3 11 6
44 195 214 54 104 293
1 7 5
83 181 127 72 287
1 14 4
177 24 261 216
2 5 4
81 33 255 222
1 20 3
156 172 141
1 2 4
201 231 140 243
1 20 7
42 264 79 87 294 212 188
4 8 9
237 55 71 28 268 226 229 50 125
