500 84 775 33
12 13 17 9 29 6 11 19 27 4 4 10 14 20 5 7 26 6 23 7 10 16 20 3 15 22 17 14 18 2 10 16 25 21 13 20 24 1 3 15 4 11 21 20 21 15 11 10 7 17 8 20 12 5 9 1 9 19 29 2 6 17 14 12 9 8 13 2 27 30 8 27 26 5 25 23 17 16 17 29 28 30 15 7 6 6 19 30 16 30 5 18 21 25 2 20 15 23 30 3 11 17 19 28 23 9 18 25 3 12 25 23 27 17 16 29 23 16 12 10 23 18 12 4 3 25 26 25 12 20 19 28 22 10 10 1 16 8 25 11 30 4 3 11 22 1 25 15 30 16 12 11 9 28 15 16 3 17 12 16 17 13 3 5 19 28 2 26 28 3 30 30 24 12 25 11 23 1 15 6 27 1 5 11 23 20 27 15 9 3 20 10 4 28 3 27 6 4 16 2 25 30 7 27 24 24 12 7 17 21 2 15 30 15 9 8 18 8 20 19 14 19 25 8 18 22 24 15 27 5 19 10 22 22 7 9 10 23 28 1 19 24 13 20 13 10 24 28 2 14 12 15 7 21 10 2 5 21 14 26 23 15 14 5 13 29 3 13 22 30 4 27 17 12 28 3 29 27 27 1 15 20 1 17 17 24 25 11 27 18 30 30 18 8 26 10 12 6 18 3 16 29 7 13 15 24 19 15 4 17 13 9 11 12 5 8 11 27 1 17 9 13 17 7 14 19 2 26 20 24 21 7 10 29 30 10 26 20 13 11 26 28 20 6 27 21 28 12 16 3 26 13 21 11 5 10 10 26 1 6 7 5 23 3 21 22 28 12 22 22 7 26 22 18 1 24 11 20 13 22 30 13 5 27 20 29 12 6 23 12 27 10 14 17 9 17 11 3 13 14 21 20 8 11 11 6 29 12 24 7 26 5 17 27 23 5 25 18 16 17 21 22 21 9 15 3 23 22 25 16 4 13 1 29 24 23 28 4 3 9 20 28 30 6 29 23 28 30 26 11 29 26 24 13 10 19 12 1 6 2 21 19 27 23 30 16 9 1 1 3 4 11 16 18 3 5 6 3 23 19 11 13 1 7 21 10 4 23 30 19 22 12 12 2 22 29 3 11 21 30
13 23 9 9 11 21 26 24 25 12 4 2 19 30 23 3 9 25 20 10 20 29 22 3 19 11 21 7 5 15 7 20 6 21 11 24 25 25 4 30 24 18 19 3 22 29 14 5 8 16 16 9 18 4 19 1 11 28 9 30 14 10 19 19 9 21 19 3 15 10 2 16 5 21 11 11 19 26 6 7 27 1 27 3 2 21 30 17 25 29 18 24 25 11 23 23 4 19 22 16 1 12 16 18 10 3 28 1 17 24 12 4 1 25 4 4 15 30 18 21 8 6 22 5 29 28 12 10 17 19 22 19 1 6 13 27 9 12 15 6 8 20 9 30 3 19 6 26 1 23 25 7 5 1 3 6 11 16 25 5 18 20 13 17 20 8 3 23 15 4 29 12 3 26 21 20 18 3 25 1 5 15 13 30 10 16 15 12 22 23 1 26 21 28 19 11 30 16 7 21 23 24 1 4 30 20 16 3 22 5 11 20 2 27 14 14 10 18 24 10 22 16 19 24 19 30 12 16 23 13 15 28 28 20 11 23 10 19 23 28 23 11 4 22 28 8 2 19 12 3 15 25 4 11 25 28 12 28 23 3 8 2 23 26 1 3 9 9 4 19 21 27 8 19 21 3 11 14 13 15 12 13 13 7 26 8 5 25 15 12 11 2 16 15 2 15 19 10 19 2 30 14 5 13 26 21 10 17 10 1 5 9 21 10 28 11 13 27 26 2 30 8 9 13 11 24 20 1 20 29 24 22 17 14 21 6 8 3 13 15 5 30 30 10 28 18 18 6 13 17 25 12 6 11 13 9 15 22 11 21 22 3 29 19 27 5 15 6 22 13 17 26 23 10 19 23 8 3 30 25 27 15 16 28 13 3 5 18 1 10 15 20 19 10 30 29 29 30 2 11 14 5 25 25 29 13 10 22 4 14 13 9 28 8 18 20 12 21 28 17 20 5 14 22 18 14 7 3 12 26 7 3 14 23 21 21 14 24 14 18 13 18 18 13 20 7 13 27 28 19 20 1 20 27 24 4 21 2 15 3 4 25 26 16 29 14 21 21 12 23 29 23 3 20 15 4 11 27 24 24 2 8 9 20 13 20 1 22 15 17 19 5 23 12 11 8 17 19 1 7
2 3 6
450 265 57 231 230 226
2 11 8
233 384 74 89 327 87 160 281
2 8 7
437 96 297 412 497 161 349
1 3 4
258 153 194 211
4 2 9
299 284 37 277 353 47 181 143 485
1 8 3
15 171 489
1 4 9
283 434 426 255 173 127 416 423 456
2 8 11
163 56 115 477 229 366 97 235 480 60 241
3 9 9
387 305 285 361 48 466 187 429 453
1 6 10
259 195 211 85 136 198 55 107 244 459
1 18 11
329 205 250 401 326 29 70 128 190 282 290
2 9 4
484 223 436 27
1 5 8
409 332 214 21 240 254 289 382
2 13 9
147 276 281 207 68 230 401 451 466
3 20 9
67 213 243 234 248 354 78 257 462
2 15 10
26 18 102 208 404 414 86 263 296 409
2 6 13
282 391 440 88 410 272 50 191 394 11 142 288 475
1 3 5
145 446 495 359 146
2 13 13
360 346 392 98 25 130 254 124 352 275 66 216 394
1 4 10
483 261 144 289 465 265 328 385 411 486
3 3 12
303 109 424 459 317 54 370 160 491 350 386 452
1 3 6
64 304 119 397 19 238
1 2 6
114 312 69 446 449 467
1 16 13
270 23 438 180 177 122 81 334 100 91 80 268 304
2 15 5
400 83 293 224 457
1 19 5
308 441 428 214 264
1 9 9
315 168 75 32 65 73 170 294 454
2 11 7
172 468 52 182 357 395 420
3 19 8
274 82 451 42 287 48 277 340
4 16 9
456 125 407 455 238 63 302 339 271
5 17 10
461 76 236 44 28 348 347 358 202 29
1 7 7
164 36 445 152 158 157 323
2 18 6
269 174 365 76 192 210
1 2 8
443 379 251 162 139 207 331 487
3 10 9
266 405 393 14 71 6 321 93 303
3 9 9
182 31 179 40 369 65 142 104 417
3 8 9
53 377 12 300 378 267 156 161 492
1 4 6
462 262 94 143 189 433
1 17 6
41 38 112 111 176 473
6 6 11
84 141 185 10 375 94 247 120 324 45 180
6 13 11
113 268 194 381 108 291 242 435 271 46 236
1 7 11
206 222 246 386 499 123 298 135 209 337 293
1 20 3
46 476 312
4 10 8
137 447 335 212 376 33 8 198
1 5 6
331 494 415 68 82 175
4 4 8
72 421 34 106 134 408 364 39
2 15 6
296 121 138 78 136 298
2 19 6
105 58 368 463 71 379
2 3 10
323 439 149 227 448 330 192 186 54 341
2 9 6
127 189 420 79 135 490
3 13 10
22 336 481 118 390 73 176 232 49 183
2 20 4
475 309 257 432
2 20 9
80 19 444 492 403 224 372 337 424
3 14 10
200 35 341 429 343 157 306 264 197 15
1 19 4
249 117 13 159
1 4 9
467 217 253 493 150 3 228 279 200
1 14 10
252 472 389 292 97 311 343 396 399 477
1 3 9
382 51 486 225 290 43 69 151 201
2 15 5
311 126 215 30 472
1 8 7
383 488 263 1 398 40 106
2 17 16
139 240 452 216 103 301 169 95 314 26 36 79 181 234 270 439
1 5 8
356 325 362 146 318 413 204 21
2 11 9
380 203 49 430 66 457 411 104 64
2 16 6
416 116 61 87 153 335
4 5 13
357 99 395 24 196 140 345 195 228 272 316 436 484
2 10 5
328 210 471 20 399
1 3 13
133 454 310 320 294 148 422 458 27 417 252 307 367
3 12 8
11 280 132 351 371 188 150 152
2 7 4
59 431 218 101
3 11 9
286 7 288 170 478 490 2 63 493
1 9 10
184 406 101 498 344 402 199 485 0 129
4 6 13
86 355 165 313 470 423 4 239 32 427 30 74 286
1 20 9
482 260 396 9 1 130 284 438 470
3 9 11
92 460 190 154 221 175 122 148 167 256 352
2 4 6
350 464 333 193 487 278
1 13 13
418 155 110 295 473 16 496 385 219 256 53 124 274
5 4 13
237 338 316 322 5 77 156 167 442 16 179 362 488
1 4 6
388 178 319 245 6 95
1 6 7
374 273 419 105 112 330 383
4 12 11
432 131 425 62 433 469 17 479 453 114 227
1 2 3
183 474 226
1 7 8
307 363 244 340 23 332 469 478
3 4 11
367 128 241 90 449 342 201 349 147 336 440
2 5 5
166 220 373 140 445
