1000 89 1550 67
8 25 26 20 5 8 19 22 6 29 10 16 14 4 17 21 29 16 28 6 17 19 16 28 15 1 21 16 1 9 21 19 17 19 30 2 14 14 24 15 20 14 14 23 16 14 21 20 10 24 5 16 10 22 6 11 22 1 6 29 26 1 17 25 30 10 23 3 15 3 6 3 9 2 11 23 28 1 19 18 16 5 28 20 9 24 12 26 4 15 6 18 25 18 23 8 7 26 3 14 21 1 25 18 28 26 28 26 26 10 7 29 1 4 14 5 14 3 12 25 11 9 3 11 30 11 23 21 14 29 2 18 30 19 2 21 22 13 24 4 3 1 21 7 24 23 23 2 23 25 24 13 12 14 17 6 11 25 2 7 16 20 18 18 8 5 7 25 13 12 21 19 8 30 8 11 2 22 8 25 17 20 24 15 26 9 21 14 15 1 4 7 10 10 8 29 30 19 6 23 3 23 2 10 18 19 8 18 21 20 13 18 5 6 17 17 2 26 8 23 22 13 2 8 19 12 30 4 24 5 27 13 16 15 4 3 23 18 12 11 9 4 13 21 25 25 4 27 18 24 11 2 6 28 23 29 4 26 16 2 2 21 3 25 16 17 4 8 2 13 21 30 27 27 25 14 21 1 16 28 11 26 22 22 14 27 30 11 12 26 24 29 21 30 15 13 22 9 6 23 30 12 20 5 23 12 21 4 3 1 7 2 20 8 4 4 19 21 9 28 21 27 18 18 11 7 18 27 15 18 30 19 10 20 12 26 10 25 30 24 15 12 16 14 13 21 5 29 5 8 24 8 1 23 30 29 28 9 13 12 24 13 11 21 15 3 12 7 4 27 4 24 9 20 9 21 13 28 3 29 5 2 26 3 18 29 22 13 20 7 12 9 23 21 25 27 7 25 5 12 2 19 8 17 26 22 7 5 30 15 27 20 18 16 5 18 19 30 22 9 14 30 20 17 23 18 10 29 11 18 3 7 9 14 24 21 17 21 12 11 9 12 1 22 15 5 10 14 17 4 20 27 14 9 9 6 11 12 12 28 22 17 5 16 30 25 7 24 17 18 11 27 13 3 15 23 15 26 21 26 25 15 8 7 8 25 12 5 14 21 3 4 17 11 29 12 26 10 22 15 11 2 25 5 21 22 9 7 12 30 6 27 23 1 10 18 3 14 15 10 3 18 19 10 9 23 1 6 28 28 12 11 19 13 3 29 5 28 25 13 11 14 11 9 11 26 22 22 5 27 5 7 12 15 16 25 2 15 26 27 7 1 2 16 6 8 13 18 18 17 25 12 27 5 5 17 9 28 7 8 1 5 30 18 5 4 3 5 1 9 26 19 24 17 17 10 30 6 30 7 15 29 14 25 5 27 26 29 24 8 3 28 25 1 7 23 13 23 30 1 22 15 26 4 13 18 1 7 10 7 4 26 23 16 19 26 2 16 9 1 4 1 19 27 13 23 28 26 19 3 28 28 7 17 3 6 8 24 8 5 23 27 13 9 9 24 16 26 24 13 26 23 4 5 4 11 23 4 25 6 4 8 21 28 12 14 22 27 7 8 11 11 28 26 13 4 20 5 30 14 24 30 21 19 3 11 20 7 30 25 22 6 19 9 18 3 1 21 10 24 4 27 12 21 7 4 11 5 10 8 16 14 18 24 15 17 10 5 19 26 9 16 7 29 2 12 1 28 22 22 5 12 5 23 6 19 1 7 22 14 22 7 13 22 28 8 7 15 26 7 10 20 24 7 1 11 11 5 22 24 21 18 20 16 27 25 12 18 19 14 13 2 7 29 22 19 6 22 23 15 6 16 6 17 2 20 26 25 26 2 25 4 22 22 20 19 10 6 14 22 12 11 30 24 27 29 22 17 29 10 9 24 29 19 23 27 14 16 1 22 12 23 14 15 21 27 28 4 30 1 15 10 21 28 27 4 8 15 7 19 21 21 25 28 6 28 16 19 8 19 2 16 1 26 7 10 26 1 9 15 13 3 25 15 10 2 12 14 23 3 7 28 29 14 23 1 21 29 2 16 23 3 1 7 23 8 19 3 21 9 4 28 11 6 24 27 1 10 28 15 3 4 6 3 30 14 3 1 2 1 9 16 25 12 9 7 30 18 28 6 25 17 30 2 22 14 4 26 3 8 19 29 22 5 22 1 3 25 18 21 24 24 13 12 12 23 19 12 30 29 1 7 16 25 3 12 29 9 25 4 7 21 1 7 4 22 21 9 18 10 30 25 20 26 20 20 20 29 29 11
20 22 24 10 28 1 5 16 13 21 20 9 28 10 30 25 11 19 19 15 24 10 23 1 12 1 13 13 27 20 17 29 27 28 15 6 1 30 16 2 2 12 8 2 11 2 20 2 5 25 30 20 5 24 9 23 27 19 13 3 13 28 11 12 30 15 13 3 7 10 3 7 25 13 26 26 16 16 21 5 30 25 24 5 27 12 23 9 30 14 26 12 20 17 3 27 25 26 11 10 2 21 4 14 10 10 19 23 4 19 26 27 23 25 9 28 15 3 25 10 8 19 30 26 13 7 27 6 25 19 26 5 13 29 8 19 25 30 9 3 15 26 29 11 26 17 28 7 25 19 9 18 17 16 10 5 13 24 19 26 20 13 16 1 23 17 13 23 25 16 16 8 3 3 23 13 23 19 19 9 7 5 13 1 11 23 16 21 15 21 2 23 8 16 24 8 18 8 20 9 17 22 21 2 25 20 14 3 12 18 11 24 12 27 25 6 15 6 22 19 12 21 22 29 6 7 17 7 12 26 26 10 9 23 10 12 18 1 13 6 25 21 15 16 6 23 14 15 22 23 20 15 10 6 3 30 12 19 2 23 21 24 5 6 18 16 6 18 9 6 28 5 10 15 6 4 16 2 6 2 19 28 30 3 19 12 22 11 17 18 9 8 4 8 11 3 19 30 26 4 5 21 21 15 16 13 13 5 24 29 13 2 20 22 17 13 22 18 29 28 24 15 19 14 10 23 23 11 27 12 12 28 22 4 10 14 15 5 28 29 21 9 9 28 4 5 9 1 3 19 5 11 28 15 13 27 15 19 28 22 8 28 4 25 4 16 8 13 17 25 22 26 13 28 3 14 4 11 3 29 11 21 21 8 8 13 10 5 8 13 28 2 2 13 9 4 9 28 19 20 20 30 6 20 3 21 28 30 28 15 7 4 12 4 26 23 26 13 23 1 21 23 21 2 8 4 1 26 26 20 19 23 5 10 30 2 1 18 26 8 19 15 7 16 10 29 9 27 6 12 21 26 29 8 23 26 24 16 30 29 17 11 21 11 30 4 18 3 7 1 17 13 27 22 15 2 12 6 7 7 24 11 16 6 16 21 17 8 1 10 27 14 14 19 25 6 11 4 8 21 19 21 16 15 2 28 2 28 24 3 22 1 16 24 9 12 1 10 25 17 22 17 23 19 24 9 5 20 20 19 2 22 24 11 3 14 26 8 2 21 7 11 12 21 21 10 21 24 21 13 9 12 5 21 13 14 9 28 5 30 20 18 11 20 16 16 14 14 25 7 13 2 2 29 11 3 10 11 27 1 26 28 28 18 2 29 4 15 24 3 1 5 16 30 23 4 19 29 14 3 2 14 22 9 18 8 16 12 25 16 24 27 30 25 23 3 8 18 16 20 21 8 17 29 13 10 4 27 4 25 25 16 19 29 8 6 29 9 25 3 22 12 2 20 6 4 26 13 30 9 14 24 1 16 11 16 24 9 17 16 30 28 16 10 18 20 12 26 8 4 14 17 17 2 29 13 26 9 3 10 17 12 24 15 27 8 6 11 1 9 26 19 8 17 4 29 11 4 2 19 14 17 4 16 18 26 27 22 25 4 2 9 28 26 7 21 19 19 13 21 23 13 15 5 15 9 26 1 3 18 21 12 24 15 19 18 1 22 11 12 27 17 27 20 29 17 9 20 20 10 12 12 28 27 16 1 18 17 16 17 29 8 27 8 23 8 10 3 1 14 28 10 4 23 15 1 5 29 7 16 18 25 9 10 18 25 7 12 22 16 16 18 30 28 14 26 30 15 19 22 1 25 29 13 7 22 5 12 22 2 21 7 3 25 8 17 22 17 1 7 1 10 4 19 4 15 8 16 14 2 18 28 22 9 20 8 9 8 24 13 14 7 11 29 9 29 6 9 25 24 22 13 18 27 21 26 2 11 12 8 24 23 4 22 5 18 28 16 14 1 16 6 4 18 19 20 18 15 20 17 15 18 13 19 22 4 1 1 4 12 28 14 26 4 5 20 25 14 7 6 21 18 4 14 17 23 4 25 16 3 13 19 30 9 25 11 8 20 19 10 18 7 28 24 1 10 27 9 6 23 3 5 6 5 10 9 25 12 23 20 9 22 10 20 25 6 29 20 2 4 26 25 7 2 14 1 26 11 24 2 12 23 22 3 22 20 11 13 15 24 10 12 17 15 26 12 3 17 30 14 2 13 19 29 26 14 13 20 23 3 12 17 7 8 12 30 25 29 9 22
6 14 22
104 871 643 345 534 693 852 46 142 905 210 548 627 40 161 649 879 231 355 359 865 906
1 12 13
227 457 76 292 993 719 922 71 33 325 346 412 827
11 14 22
252 344 950 818 754 169 644 237 116 216 134 990 351 633 461 250 523 144 183 309 370 608
1 20 19
556 235 983 977 968 349 495 578 224 88 469 276 792 615 378 24 321 527 616
4 8 19
73 22 346 734 145 801 11 343 319 568 528 279 29 929 168 85 131 161 963
6 9 16
456 566 862 833 699 592 412 811 370 317 650 232 237 564 567 823
1 5 12
750 557 994 766 484 297 733 68 203 254 649 809
3 2 8
932 672 718 797 394 610 683 857
5 1 17
403 868 822 850 299 996 117 969 148 674 553 262 158 181 304 314 872
11 13 24
50 138 795 475 172 863 431 243 178 576 953 889 302 380 550 937 406 673 973 85 108 114 411 917
5 16 9
272 494 780 488 686 12 956 23 930
4 4 18
696 36 768 864 710 942 543 163 743 221 665 614 269 415 434 38 83 362
7 17 21
799 69 298 379 668 735 622 118 188 647 751 853 698 635 997 336 184 34 104 128 175
2 13 16
264 952 791 294 508 936 545 447 315 81 230 982 611 427 421 612
4 17 12
10 207 935 78 924 100 747 886 640 201 529 631
3 1 21
727 788 109 827 9 429 20 245 781 717 856 329 236 532 212 423 427 595 633 720 911
2 12 21
313 141 561 869 913 182 433 821 980 533 228 971 707 229 31 146 236 308 656 658 688
4 6 18
211 836 285 1 111 115 872 685 62 93 832 436 291 7 164 444 613 728
3 15 21
626 479 736 849 825 726 151 373 703 402 660 505 179 772 28 809 659 61 243 652 851
2 1 15
482 212 289 870 651 284 458 712 439 123 7 255 132 365 581
9 16 20
225 354 666 397 356 275 636 859 890 521 909 363 283 98 321 318 893 536 340 493
4 12 16
882 199 470 2 840 669 716 930 327 425 143 988 798 852 878 957
6 2 16
281 960 976 916 944 671 554 907 844 704 967 120 30 197 447 956
2 20 11
432 82 794 306 28 206 226 375 472 736 896
5 6 22
569 63 546 106 654 793 600 945 442 246 816 382 724 165 260 757 288 335 426 723 729 988
2 10 10
756 842 86 452 127 60 223 337 533 910
2 14 17
74 964 191 972 923 617 133 624 314 915 223 518 130 333 440 670 924
1 13 2
987 249
1 18 10
702 681 26 491 730 880 758 145 312 415
1 5 9
110 301 136 182 213 235 307 530 582
1 2 17
500 892 999 839 722 130 684 662 954 14 887 606 102 247 291 653 789
7 18 15
238 783 325 830 596 925 242 158 828 140 311 328 450 548 955
5 17 20
970 939 653 894 201 387 854 66 846 124 847 567 89 419 938 119 3 593 880 932
2 6 11
903 372 206 586 679 126 474 0 91 453 974
1 4 9
323 352 189 695 192 343 537 759 926
8 10 19
857 802 524 303 399 579 741 459 471 485 607 408 503 589 895 452 461 464 814
2 12 10
167 708 174 170 16 234 280 848 854 969
4 2 19
819 259 547 240 70 992 300 42 985 790 337 658 835 459 481 672 709 810 913
1 9 13
424 97 697 562 609 64 991 277 308 94 101 283 868
8 19 21
5 563 820 984 763 359 904 107 678 233 360 376 749 715 428 443 611 623 760 762 891
1 13 15
196 198 418 601 593 263 714 305 941 332 195 56 378 556 630
4 13 13
6 648 405 540 156 516 247 808 955 313 429 718 842
3 18 15
914 529 558 542 841 129 140 188 257 270 477 522 578 586 808
4 7 15
934 316 504 213 256 711 349 372 388 451 454 712 740 787 959
8 10 19
478 94 67 501 829 509 646 190 43 959 334 512 146 88 265 400 590 732 909
4 13 14
137 787 274 296 535 398 544 35 70 220 260 379 439 602
10 18 19
52 37 555 257 700 721 83 122 796 181 13 728 65 883 667 164 784 652 680
6 7 16
486 19 891 838 559 232 330 530 35 888 159 605 241 505 763 795
5 13 24
779 267 204 44 384 940 414 400 99 160 877 449 865 194 241 620 437 753 515 675 86 109 233 947
3 2 25
598 200 824 764 661 369 595 851 817 778 348 454 53 498 426 737 324 258 112 239 326 422 543 654 954
3 8 11
113 239 154 492 966 129 318 347 635 711 751
3 10 22
911 472 572 948 920 927 629 519 978 455 738 468 933 786 56 285 330 401 436 466 508 820
2 6 21
951 390 974 642 961 286 539 446 465 186 725 975 451 957 776 657 176 77 422 768 907
6 5 17
823 18 467 608 72 166 591 58 340 493 287 612 61 216 615 876 982
1 18 23
171 511 876 219 810 588 837 149 421 912 731 350 812 112 177 769 375 845 157 8 200 256 344
7 2 19
910 410 965 339 266 428 155 619 226 502 560 401 513 342 8 800 170 519 558
7 9 25
570 881 762 393 634 618 625 963 670 641 139 150 805 931 254 906 395 331 128 4 327 457 546 588 765
1 2 8
310 689 151 555 575 703 781 890
3 2 12
677 108 162 565 655 409 458 474 689 700 713 968
7 11 20
748 583 603 499 15 582 683 430 222 946 616 701 740 21 367 334 391 448 791 967
8 12 18
17 860 522 187 623 125 450 602 92 409 885 884 175 40 152 185 269 998
1 9 11
752 392 407 47 989 981 68 253 542 614 666
3 2 13
205 80 902 49 307 680 3 998 198 210 557 806 908
3 20 16
338 75 358 460 333 473 694 220 80 244 539 678 733 850 934 937
5 9 15
388 309 383 312 371 637 584 366 27 362 692 249 470 520 976
11 2 22
526 420 867 638 590 135 628 682 706 782 423 814 573 251 413 385 761 377 293 103 172 938
4 14 19
218 197 55 755 265 585 759 30 192 525 855 24 167 222 341 604 664 782 875
1 9 11
639 368 32 90 173 360 488 662 744 949 992
1 9 19
0 958 203 404 806 215 775 57 826 483 919 193 273 103 261 632 928 571 648
4 20 9
807 691 896 464 153 477 767 54 997
1 7 24
594 777 898 270 527 943 848 687 435 900 803 462 268 631 476 25 798 720 962 147 84 639 694 991
2 9 10
875 453 280 507 986 396 252 338 471 690
1 20 5
926 813 162 395 545
3 9 7
917 506 664 949 481 509 863
1 3 9
480 552 58 296 399 405 455 637 931
1 3 19
4 353 918 320 282 571 575 760 581 979 33 87 42 78 111 339 376 693 849
4 7 22
873 278 746 411 587 341 604 357 335 580 416 51 91 347 443 510 66 176 514 603 788 834
7 18 19
549 688 538 364 386 95 114 60 183 729 271 921 248 866 490 185 20 371 521
2 17 8
831 739 90 745 244 16 834 517
10 9 19
663 152 48 564 448 897 496 531 288 217 947 487 908 489 551 386 518 636 928
4 15 18
31 744 445 574 577 440 328 41 79 770 84 610 391 874 444 2 191 437
2 18 16
365 304 326 541 381 613 732 676 290 630 322 148 317 501 550 701
1 19 10
899 537 514 217 554 569 673 682 721 948
5 11 15
815 804 597 361 497 690 374 878 202 645 45 96 135 433 629
2 18 9
253 858 39 789 54 166 190 462 770
3 18 13
102 621 101 209 208 59 785 466 599 57 121 828 912
4 20 25
214 771 441 180 843 389 723 861 713 709 705 773 355 295 742 995 121 417 520 497 572 710 722 797 943
3 4 13
774 765 132 656 463 901 438 123 155 492 513 583 737
1 2 4
173 234 105 642
