500 87 775 33
20 18 28 13 1 9 19 14 9 17 24 20 7 24 16 21 18 22 14 20 13 4 8 29 17 27 5 9 11 12 20 11 14 13 15 21 6 26 10 19 17 6 8 24 11 29 14 30 8 14 12 11 8 23 9 1 6 12 4 29 1 7 9 30 11 7 12 14 28 14 30 5 23 20 27 20 30 14 9 17 7 8 1 20 14 1 15 5 13 11 11 6 7 24 17 5 24 23 20 18 21 1 19 7 22 13 27 13 1 22 2 13 22 10 28 23 11 20 16 26 23 6 3 23 23 11 23 2 9 9 9 24 17 14 3 12 12 18 25 25 28 26 29 19 19 12 16 13 2 10 8 7 2 25 3 19 12 15 23 7 28 4 22 3 9 21 18 3 30 12 19 21 15 2 26 25 4 22 7 22 4 10 26 16 29 13 7 13 21 23 13 18 28 14 26 23 17 30 17 19 18 12 25 4 22 17 2 12 10 12 20 28 18 4 7 26 4 4 21 17 7 8 10 12 2 5 19 29 8 26 7 23 19 6 22 30 28 24 6 9 15 15 20 21 3 16 3 4 29 10 16 13 7 5 12 4 12 4 28 4 5 20 2 20 20 14 3 16 13 10 24 9 4 12 28 19 6 9 10 3 30 9 11 2 29 25 3 18 2 12 29 9 6 20 18 14 28 22 17 27 8 3 23 17 12 7 2 19 3 15 15 28 10 18 24 6 16 12 6 4 26 10 1 20 16 11 22 7 5 2 24 25 3 6 15 17 16 7 22 3 2 23 10 20 7 11 28 11 13 15 19 11 6 5 30 26 18 1 29 24 29 14 5 27 29 26 14 12 13 9 19 29 16 26 12 30 8 13 17 24 23 9 1 14 23 9 7 23 11 18 25 22 12 10 8 12 15 13 3 1 30 6 8 12 5 17 7 19 5 19 12 2 17 26 21 27 11 22 6 4 27 14 11 21 22 1 16 6 16 6 21 1 12 5 25 1 7 13 30 6 9 1 23 1 28 9 5 26 30 7 24 30 3 7 6 19 12 14 22 12 28 24 28 18 11 24 17 2 29 6 11 26 20 16 22 21 17 14 29 26 15 27 10 21 29 2 3 9 24 16 4 28 19 12 25 1 8 23 18 16
30 18 11 10 9 1 26 11 3 17 28 14 27 1 13 24 17 9 18 29 8 6 28 28 13 30 2 15 11 1 23 21 27 10 13 10 29 7 19 16 8 14 29 1 29 6 11 23 30 17 14 24 17 3 18 18 21 1 2 2 11 10 16 4 5 18 11 27 10 26 29 23 26 24 3 6 17 12 21 15 19 4 18 19 22 11 26 22 18 22 17 25 18 2 19 6 14 16 11 29 27 18 4 2 8 5 5 18 6 30 3 4 6 18 24 10 1 9 15 6 23 11 5 30 21 23 10 28 5 1 5 10 25 29 27 6 12 14 18 12 11 1 27 21 24 5 1 15 12 23 14 8 2 18 1 8 30 1 18 13 22 22 17 13 27 15 5 1 9 5 20 1 2 28 11 27 10 23 25 14 12 8 24 6 29 13 6 20 8 5 23 27 27 25 15 6 26 7 14 15 22 29 12 19 30 18 2 18 27 9 14 30 9 21 17 18 25 29 13 24 27 28 17 27 20 19 14 16 2 26 3 18 7 15 14 20 17 23 11 8 23 25 29 5 3 29 11 8 24 13 12 9 7 14 24 11 13 21 1 19 18 19 21 16 3 3 5 30 6 7 12 4 11 24 20 16 1 16 15 26 16 27 29 30 6 28 3 16 20 2 1 13 12 27 2 22 14 14 1 2 22 7 14 17 20 4 29 12 14 26 10 26 11 24 26 28 9 15 29 16 2 12 28 9 8 27 4 1 4 12 26 5 14 13 6 20 23 9 12 25 5 26 2 23 4 19 11 8 17 27 2 4 13 28 24 2 12 29 17 2 25 10 1 28 13 15 23 12 23 9 13 14 25 3 22 29 9 6 6 18 23 10 19 28 8 8 30 20 18 29 18 23 5 21 4 8 21 16 8 28 4 25 12 12 9 16 6 6 1 5 15 29 19 1 15 9 10 27 21 16 12 29 23 7 19 13 14 15 24 11 2 15 18 6 17 3 13 7 7 8 11 17 5 4 29 23 8 30 26 7 23 17 14 28 12 15 8 28 18 29 13 10 30 1 18 16 7 12 25 10 6 19 3 29 27 19 20 19 12 12 23 5 21 9 10 21 30 17 12 22 27 1 15 2 5 15 20 2 18 22
3 2 13
378 80 324 207 433 166 343 395 366 428 192 204 458
1 11 3
31 22 206
4 9 13
476 469 66 35 89 300 362 229 480 147 60 329 439
2 11 13
277 23 363 298 311 398 186 292 245 196 2 148 179
1 9 7
230 355 215 93 1 108 209
2 9 10
175 140 12 143 465 285 316 338 385 485
4 17 8
204 488 192 220 268 381 88 477
3 19 10
52 340 392 190 373 68 183 205 220 268
2 7 4
406 384 43 309
1 12 4
156 335 129 423
1 8 6
6 368 36 116 117 174
1 17 8
149 158 294 92 408 189 131 180
1 3 5
394 410 225 312 402
4 3 11
248 21 439 351 14 353 310 42 380 224 354
3 15 11
176 27 29 19 473 418 85 90 357 394 490
1 19 7
142 3 140 397 421 433 436
2 18 9
344 463 396 337 231 306 426 51 370
3 3 9
348 387 422 255 494 481 447 10 232
1 2 7
486 15 45 62 253 278 376
6 3 13
28 423 475 61 203 83 16 111 185 76 59 80 442
5 5 16
134 123 164 197 424 205 106 259 12 20 65 120 212 284 430 482
2 1 5
113 440 225 22 136
2 14 6
438 435 84 242 344 381
1 7 14
9 484 115 450 154 374 38 472 320 63 42 74 306 318
1 11 5
241 471 11 264 343
2 3 5
479 278 330 409 32
4 20 10
110 282 71 257 383 161 270 59 66 119
2 15 9
217 177 188 288 243 0 210 325 340
5 12 13
349 267 216 69 172 133 367 482 145 60 195 223 232
1 16 8
121 412 492 178 443 314 271 310
3 15 8
466 219 296 263 319 64 68 348
1 14 6
434 210 157 430 321 366
1 16 6
371 209 165 146 459 498
2 2 9
271 114 150 455 425 490 39 47 419
3 1 6
388 305 262 5 290 168
1 18 3
237 75 14
1 17 4
182 441 98 38
2 19 6
405 82 457 183 4 48
2 13 7
129 235 11 458 342 437 123
1 13 5
119 81 25 362 455
2 8 4
483 358 193 156
1 6 5
386 431 77 489 410
5 20 10
187 456 163 293 47 17 382 46 357 208
4 10 10
173 377 393 118 122 334 213 67 52 100
1 4 5
295 411 61 219 496
3 4 9
214 497 40 184 131 283 70 97 352
2 11 5
107 252 153 226 478
1 18 10
79 361 376 26 160 50 41 287 324 492
5 14 14
496 64 401 180 375 250 474 244 179 194 72 243 475 489
2 16 11
116 390 478 370 331 148 453 55 98 267 351
2 10 10
212 308 128 200 137 404 251 112 202 470
4 6 7
299 211 414 454 495 369 266
5 19 12
53 168 48 151 273 226 436 327 188 198 262 418
6 11 10
417 139 350 352 234 467 318 449 333 322
2 5 8
354 364 281 222 109 18 194 360
2 17 5
272 30 108 130 326
1 7 7
389 246 445 15 75 334 453
2 9 7
280 399 345 141 145 254 353
1 7 6
317 360 18 379 284 176
1 8 12
477 240 249 104 228 289 239 279 413 202 277 495
2 16 6
100 462 365 152 58 82
2 15 6
117 260 159 253 248 295
1 1 3
171 242 137
3 16 14
54 78 372 57 102 62 33 451 223 274 170 289 315 480
4 3 9
336 302 341 470 491 90 162 238 465
3 17 11
97 138 322 2 20 498 468 304 332 261 330
1 15 8
303 44 328 144 63 78 184 426
1 17 4
32 276 76 355
4 8 10
307 91 87 99 329 199 167 95 162 241
3 12 9
312 96 181 464 170 221 288 335 467
1 10 4
135 415 112 297
2 11 10
419 45 126 266 1 141 4 444 218 497
5 8 13
49 74 416 402 191 24 397 0 403 264 178 313 437
1 4 4
72 65 385 34
1 3 10
201 265 427 258 95 94 321 313 236 7
4 7 11
356 452 347 297 39 227 125 323 109 293 393
1 15 4
120 359 238 432
4 2 11
221 400 256 499 339 269 139 197 245 286 448
1 6 11
325 101 346 85 13 275 448 25 70 283 400
2 13 7
195 127 169 8 460 239 263
1 17 7
391 174 291 37 173 302 314
3 7 11
55 461 286 247 88 446 86 190 240 296 429
1 5 6
254 105 155 9 104 435
2 15 6
429 487 421 420 315 282
2 20 6
407 124 485 105 364 488
3 4 8
136 132 198 309 233 103 40 304
2 2 9
73 301 56 442 493 200 320 369 387
