300 76 465 20
2 15 1 13 20 11 23 23 11 23 17 2 26 29 1 18 10 30 15 28 28 4 30 18 6 20 14 13 13 3 13 18 24 15 11 1 2 22 2 5 1 27 24 1 18 6 9 18 24 15 27 25 16 14 16 16 12 4 10 15 22 11 12 20 14 28 9 24 30 5 6 22 13 21 12 5 20 22 28 23 2 1 23 3 8 4 28 17 20 19 17 24 12 18 24 22 6 18 9 8 12 12 20 12 7 19 30 13 2 26 8 16 21 10 30 13 6 25 18 12 18 30 10 10 1 16 25 19 6 30 20 15 12 28 13 26 22 22 27 4 30 9 22 3 15 14 23 28 1 3 20 3 2 22 23 11 17 5 6 30 2 17 22 9 30 29 20 1 8 10 8 8 22 7 4 19 11 29 22 6 1 23 4 30 29 19 7 24 15 4 8 29 11 18 2 6 3 5 13 23 3 10 13 15 4 5 30 19 27 16 13 8 20 26 19 13 20 8 16 6 23 4 2 16 22 2 5 29 25 26 7 22 5 17 12 22 29 22 2 14 21 25 2 23 2 10 16 22 21 3 12 28 22 12 5 9 20 18 25 22 27 18 24 12 27 13 7 12 13 18 17 27 5 8 7 2 12 24 10 19 2 13 10 18 6 21 15 22 22 28 18 12 21 25 25 17 1 13 17 5
1 28 13 3 5 10 23 19 29 5 6 30 3 22 15 17 22 16 28 18 19 12 13 16 15 13 27 7 7 15 22 5 18 7 11 21 7 21 7 9 3 17 27 20 28 19 28 29 23 10 28 25 6 20 29 9 17 3 27 23 25 5 8 2 26 3 3 29 4 7 12 10 6 19 29 26 10 14 30 29 1 16 13 30 13 29 9 22 13 28 21 6 13 15 4 16 8 18 10 15 22 20 13 5 29 28 26 23 2 9 30 30 20 1 15 9 5 22 4 12 13 7 10 10 18 24 28 27 5 7 3 1 23 12 12 30 28 13 10 3 26 7 4 25 13 8 28 17 2 21 22 3 23 1 3 27 19 7 6 28 27 3 12 20 7 14 29 20 18 3 11 5 16 28 16 7 19 20 30 5 9 21 25 29 7 3 21 8 26 7 1 18 14 12 18 22 16 14 23 23 20 2 9 5 1 23 14 2 14 24 26 16 2 30 8 21 29 28 23 29 20 27 22 13 4 16 14 1 24 6 3 9 23 14 4 15 6 1 16 7 5 22 30 21 10 3 21 20 25 12 9 19 21 26 29 28 5 23 5 24 6 29 21 8 25 25 19 3 24 3 1 1 14 1 23 13 23 27 22 24 27 16 24 4 5 3 18 5 16 8 29 9 10 4 21 2 2 3 14 1
1 15 4
40 122 209 275
3 8 6
92 127 45 240 251 268
1 1 5
286 208 17 191 109
1 16 4
172 46 290 93
1 19 5
87 190 153 7 121
1 2 5
207 80 82 287 196
2 5 3
30 28 169
1 16 4
54 256 180 116
1 15 5
38 160 2 35 218
1 12 8
217 102 67 34 188 198 231 286
2 9 7
99 173 271 154 103 0 144
3 19 5
27 298 66 105 114
1 13 4
95 130 3 260
2 1 3
225 299 60
1 1 2
238 112
1 5 5
106 278 261 239 156
1 17 2
237 98
2 3 5
12 37 141 176 171
2 4 5
295 62 138 76 126
1 18 7
25 165 86 116 73 55 211
1 11 6
230 184 204 274 212 244
1 4 5
77 161 183 123 251
1 13 5
234 177 24 157 254
3 13 7
13 19 269 140 163 130 176
1 4 7
47 64 255 123 48 254 70
2 3 7
253 158 216 219 83 131 276
2 3 3
282 270 5
2 6 8
61 57 242 10 13 44 97 266
4 17 7
79 224 118 9 88 185 36
1 11 5
229 43 249 11 220
1 10 4
120 291 157 77
1 12 5
21 134 236 103 182
2 10 5
1 213 210 111 78
1 17 4
226 42 166 134
3 15 5
6 18 4 113 228
1 9 4
221 144 163 190
1 7 6
272 196 2 241 80 168
2 15 6
262 96 243 132 26 99
4 18 10
78 252 69 94 266 76 7 11 42 183
4 2 8
231 168 31 58 143 128 142 264
2 6 5
197 206 275 170 17
1 17 2
267 16
2 2 4
209 139 108 85
1 20 2
259 124
1 10 3
288 202 296
2 12 7
188 283 89 137 143 177 239
1 5 5
257 232 73 137 259
3 15 7
292 178 33 193 186 191 219
1 17 8
201 146 23 129 15 20 147 269
2 13 4
152 155 91 245
3 1 7
75 85 26 284 293 33 256
1 20 9
181 72 194 167 258 45 102 206 293
2 10 7
90 263 179 101 81 145 205
1 13 7
36 107 148 70 83 160 230
1 11 6
68 29 264 37 61 170
2 11 3
117 32 276
3 2 7
187 97 294 296 195 65 62
2 6 8
39 119 151 214 285 57 167 268
1 20 3
126 260 146
1 16 7
233 71 74 111 179 247 271
1 1 4
110 55 149 182
2 4 4
297 244 49 101
1 6 7
200 199 265 100 215 54 274
1 15 5
53 133 205 39 186
3 17 7
59 222 115 63 14 277 15
1 6 6
44 211 250 136 35 280
1 20 3
52 175 173
1 7 8
189 223 24 164 273 66 94 128
1 11 5
22 51 135 192 249
2 17 7
150 125 203 104 12 201 283
1 10 2
248 93
1 8 6
50 289 227 115 237 299
2 13 8
56 84 235 41 246 8 64 204
3 9 8
279 147 74 162 142 281 90 158
2 3 8
159 218 121 247 109 34 75 262
1 14 2
198 174
