300 72 465 20
25 28 26 18 22 26 13 6 1 23 17 16 13 11 6 17 3 6 8 29 29 3 16 30 15 9 15 13 11 10 18 29 12 25 7 19 28 3 23 13 5 29 23 19 15 19 27 17 20 7 18 17 29 13 11 5 29 10 1 14 4 18 13 23 24 17 16 2 22 26 3 16 30 25 19 13 9 21 25 18 2 12 5 13 6 12 7 5 13 11 2 25 30 16 8 18 3 25 28 5 25 19 8 11 19 9 14 23 10 18 15 18 5 20 1 29 8 18 21 4 8 24 27 12 17 25 15 2 12 23 4 9 15 4 23 17 17 17 20 28 6 19 24 14 16 28 10 4 28 28 14 30 25 21 7 21 17 30 17 26 20 7 27 30 2 19 1 4 7 8 13 3 2 19 23 5 15 17 23 6 17 20 7 13 30 20 3 30 30 24 2 2 1 3 19 8 13 16 17 20 13 1 6 27 21 21 3 6 19 22 16 27 14 4 22 7 16 27 26 30 3 18 24 4 12 14 2 10 16 14 29 20 27 13 16 11 3 19 7 24 17 16 20 14 19 11 6 29 29 21 10 29 1 23 7 12 30 3 15 8 16 21 13 26 7 17 5 9 15 12 8 26 26 16 16 6 4 9 16 4 15 7 12 11 1 14 4 15 7 8 27 5 30 17 14 23 17 3 29 4
29 18 19 22 1 15 17 16 12 19 13 22 5 10 4 22 4 10 27 3 15 8 30 7 15 27 17 13 7 15 6 4 23 21 25 1 10 27 17 10 15 23 28 13 11 24 30 4 5 12 14 23 5 28 8 15 12 3 10 8 19 6 1 12 28 9 25 24 19 5 5 15 20 8 30 6 10 29 24 21 8 14 4 12 28 25 16 18 23 18 6 3 4 22 27 30 20 12 5 18 13 11 13 5 14 27 8 23 15 23 7 30 8 21 25 11 25 5 23 13 18 21 9 15 10 20 3 10 26 28 2 7 12 25 6 10 24 19 10 30 3 9 21 10 30 13 13 3 26 5 7 21 9 17 13 10 13 16 26 6 14 11 25 29 20 26 15 27 28 5 21 6 4 8 18 6 9 25 16 21 4 25 12 20 29 14 12 2 24 3 26 12 2 7 2 4 29 4 10 4 20 30 6 2 22 20 12 7 7 29 1 1 16 7 19 22 5 13 3 7 19 1 2 3 1 21 27 3 30 6 30 21 21 21 1 16 5 7 4 30 7 22 12 7 23 28 11 26 29 19 18 2 17 18 24 26 8 16 3 23 30 2 23 1 17 14 14 17 30 13 4 13 10 30 14 12 7 21 24 23 15 3 17 7 6 9 11 29 8 7 30 5 11 11 28 7 22 12 17 17
2 3 5
147 203 287 201 148
1 16 4
158 49 162 239
2 9 4
266 77 286 79
2 12 5
140 35 251 85 191
3 3 6
119 89 236 112 70 60
1 15 2
274 292
2 5 7
285 275 214 216 124 258 246
2 5 4
97 135 86 3
3 1 8
110 174 23 237 59 278 71 184
1 9 5
118 163 235 73 92
1 10 7
221 116 133 247 279 173 122
2 13 9
191 26 150 32 1 291 76 80 99
2 8 8
98 172 90 166 15 152 259 299
2 19 6
259 206 12 30 129 267
1 7 6
254 176 102 139 124 214
1 14 2
189 219
1 19 4
177 223 100 242
1 6 5
0 40 296 271 140
2 17 3
185 249 153
1 6 3
195 255 101
1 8 6
5 57 99 136 238 20
1 11 7
60 171 283 19 50 66 292
1 15 8
92 39 137 3 14 85 155 248
2 17 8
183 129 55 53 210 123 65 204
1 11 6
190 289 136 173 196 295
2 14 6
75 290 31 202 77 177
2 11 8
192 128 63 269 164 28 216 250
1 15 5
277 250 244 257 284
1 6 5
187 252 199 180 118
2 1 5
264 253 196 33 126
2 18 7
37 226 71 2 107 207 297
1 13 7
284 225 20 121 7 164 165
3 14 6
205 246 16 106 105 132
1 13 5
67 181 87 228 116
1 20 3
68 33 117
1 20 3
51 69 272
2 11 5
125 234 108 262 175
4 7 10
76 222 122 130 82 244 72 224 241 289
1 15 5
160 263 213 6 194
4 18 7
8 156 281 218 30 9 24
3 8 9
54 144 260 28 6 131 149 181 210
1 3 9
141 242 167 80 25 68 169 206 230
1 20 6
96 229 293 42 114 157
3 8 7
273 161 61 267 62 248 200
1 1 3
224 29 90
3 15 11
117 217 233 230 159 211 26 51 55 61 185
2 9 7
198 154 243 31 53 141 254
1 14 6
4 288 272 215 35 211
1 14 2
209 149
3 6 7
109 148 297 134 74 56 212
1 18 6
94 142 299 83 166 288
1 7 4
11 17 2 58
2 6 5
43 93 294 115 213
1 3 3
151 212 265
4 18 8
13 48 27 10 91 178 37 103
2 9 4
193 65 52 70
1 15 7
47 265 127 208 104 186 237
1 15 6
36 38 298 146 200 204
1 16 4
270 169 150 231
3 14 10
101 220 145 170 78 45 133 198 225 287
2 15 5
268 186 240 72 47
1 2 6
113 232 44 41 95 168
2 7 7
194 165 138 188 64 93 189
1 7 4
132 261 22 130
2 1 6
197 276 282 46 245 295
1 17 5
100 231 21 67 188
3 20 7
18 34 182 84 257 0 190
2 9 5
81 58 88 155 171
2 13 6
103 280 179 120 22 143
2 5 6
21 227 126 241 111 217
1 18 2
256 56
1 15 6
24 184 64 32 157 161
