700 86 1085 47
25 12 27 23 27 30 8 24 7 23 30 5 8 16 30 1 29 12 24 5 15 9 14 24 18 25 4 29 4 17 10 6 9 22 18 12 29 13 20 13 29 2 20 23 1 25 20 8 22 5 28 10 6 12 14 9 3 17 19 12 4 14 5 26 25 26 24 12 11 10 7 18 24 28 1 12 21 21 21 10 9 23 1 2 4 27 12 20 23 12 9 14 27 13 11 23 4 1 3 17 4 10 14 9 2 19 15 5 5 9 28 30 12 22 8 22 17 30 1 5 22 26 13 25 25 2 17 18 14 25 17 15 24 28 20 15 17 2 17 10 12 16 17 6 26 15 30 15 23 5 22 14 22 11 15 7 4 7 8 2 2 26 24 13 26 22 14 22 19 8 25 24 22 11 4 27 12 11 28 30 18 11 4 29 14 18 12 9 30 17 22 19 24 24 4 13 25 14 7 2 14 4 15 2 25 22 23 27 29 27 8 27 29 1 16 4 5 28 8 15 28 3 9 27 3 7 21 7 30 29 29 4 3 9 23 5 27 3 23 1 26 30 21 19 26 17 3 4 16 26 28 20 16 16 13 3 2 24 18 19 5 5 3 19 11 17 20 13 10 7 20 21 3 24 7 4 19 17 9 20 16 27 3 10 26 30 17 1 14 3 8 8 22 17 15 8 24 6 25 19 11 14 20 7 2 23 10 20 21 2 3 20 16 13 26 9 12 23 19 22 22 8 30 22 4 15 17 20 20 22 9 19 2 17 21 7 3 22 14 10 22 12 10 15 8 18 3 1 19 5 15 8 17 11 17 15 13 9 10 4 30 8 16 17 17 6 26 2 19 12 24 24 3 27 10 12 16 10 2 3 18 29 22 29 2 29 23 19 3 7 19 22 25 16 22 6 1 5 7 21 24 27 8 6 24 4 23 23 6 17 15 11 5 4 13 19 30 20 23 28 27 23 8 3 30 21 23 12 23 27 28 28 13 23 3 2 3 18 8 12 20 2 24 19 16 12 25 16 9 2 8 7 26 14 11 4 20 12 14 29 17 24 3 3 10 22 8 17 29 22 2 19 25 27 7 18 29 29 9 21 11 15 2 9 7 3 20 14 10 10 9 9 12 16 13 25 28 21 27 8 19 22 14 22 2 3 23 25 26 7 22 13 13 26 26 26 18 7 25 10 14 28 27 24 15 10 24 21 21 4 16 25 24 27 11 19 23 11 11 28 12 29 25 16 8 14 22 13 16 17 18 26 2 3 9 9 23 29 24 20 28 28 25 4 21 3 20 16 1 27 16 3 14 28 5 22 30 29 13 24 17 24 4 19 19 18 27 29 28 28 29 24 6 27 11 4 7 16 3 3 1 28 5 3 30 10 12 3 26 23 9 16 27 28 22 2 24 6 4 6 25 16 28 4 9 26 8 3 16 24 23 6 19 19 26 6 29 1 25 3 6 15 23 3 28 13 5 28 10 4 22 18 3 9 17 17 27 18 14 4 3 16 17 15 6 14 23 28 2 29 21 13 8 19 13 28 10 1 3 9 18 2 14 11 21 28 4 23 8 7 14 22 5 13 4 11 30 12 4 24
10 7 24 10 11 1 15 5 11 10 9 1 12 25 24 4 14 12 16 7 19 19 23 8 23 2 3 13 1 20 24 7 5 8 13 10 12 13 12 24 11 27 19 3 25 15 4 11 6 26 30 23 4 10 17 30 12 14 20 3 27 3 24 27 18 5 21 28 19 18 26 8 16 13 16 18 10 2 17 9 28 28 25 20 17 1 11 6 21 8 22 12 15 6 9 5 20 9 28 16 22 1 6 12 8 13 27 8 19 5 25 25 8 26 13 29 10 16 2 5 13 20 18 5 20 1 7 7 11 19 15 27 16 19 11 30 24 14 28 27 15 18 10 18 3 6 18 18 4 23 1 17 29 6 20 24 28 23 21 28 1 5 23 16 2 12 3 4 12 15 23 6 13 21 27 25 28 21 5 2 10 16 10 16 9 30 29 10 8 23 12 9 9 26 14 6 12 17 26 20 9 13 19 19 6 6 18 12 19 24 28 19 20 12 25 30 23 9 2 30 1 23 2 10 23 16 5 29 2 6 19 1 12 25 25 21 3 5 1 1 25 25 18 15 10 9 18 25 15 8 5 8 5 12 20 1 9 26 2 1 12 7 6 7 8 14 2 3 15 15 11 4 28 17 29 8 13 28 26 2 13 25 5 19 17 16 18 24 4 25 3 30 29 12 16 16 18 9 10 22 20 23 15 24 19 18 22 25 19 9 13 1 18 19 10 15 23 22 22 1 21 19 24 6 15 25 15 1 28 28 12 16 10 11 30 26 18 22 17 3 4 5 13 19 1 4 26 15 17 26 7 3 22 1 20 25 24 23 20 21 22 8 27 24 5 5 28 22 11 5 7 21 14 27 1 5 13 13 21 22 16 24 22 15 29 15 27 17 13 26 18 25 10 28 28 22 24 4 9 3 6 20 20 13 21 2 4 20 26 10 20 20 30 9 25 13 15 12 14 14 1 5 26 13 3 12 10 12 6 5 1 1 5 9 8 3 16 5 18 26 22 12 11 2 17 7 27 5 16 30 6 4 23 29 1 30 29 10 6 26 19 8 21 23 3 13 21 4 22 17 15 12 29 16 19 28 10 19 5 17 20 24 2 7 9 24 15 8 18 24 2 14 18 28 18 11 30 24 30 21 22 27 2 7 10 16 3 10 26 3 2 4 25 1 20 29 11 11 2 21 25 1 27 14 7 16 18 12 10 10 26 11 1 6 1 26 12 30 8 19 30 25 17 24 27 21 29 14 24 27 13 24 26 18 8 12 18 27 15 14 21 27 17 29 7 6 6 10 13 14 9 1 27 26 17 2 2 24 8 13 6 22 13 10 28 17 14 16 4 19 12 14 23 22 8 20 13 1 8 8 11 2 6 15 8 5 26 22 11 2 29 30 18 19 11 10 29 5 24 7 19 11 30 8 21 11 16 10 25 22 13 11 23 19 13 22 3 30 19 24 29 19 14 17 27 27 14 18 17 9 20 20 18 7 9 12 6 19 4 9 14 5 18 15 27 22 13 11 17 8 6 10 22 28 17 6 2 12 5 13 8 26 17 21 20 14 1 5 10 10 29 17 19 15 17 28 7 6 7 21
2 16 4
662 450 309 269
1 2 10
530 68 229 452 584 178 35 368 579 645
3 6 15
541 590 157 389 553 609 50 468 544 476 672 170 192 394 602
3 16 7
31 300 61 302 147 318 600
8 12 14
234 218 447 604 290 29 653 637 388 273 195 598 2 241
3 2 14
12 610 552 82 67 608 298 249 546 357 435 4 437 596
2 5 4
102 687 170 616
1 18 8
118 475 101 238 290 489 535 690
2 18 9
554 350 682 162 13 300 570 584 658
3 5 15
514 599 404 370 222 422 334 217 88 548 223 11 176 215 564
3 6 13
367 299 399 589 209 227 137 384 9 148 196 640 660
2 15 16
203 583 425 509 239 85 456 274 434 501 38 106 485 531 552 632
2 19 12
307 652 59 202 405 13 231 460 36 206 337 428
4 2 11
123 63 238 408 557 25 121 419 627 156 295
5 14 16
83 571 603 53 310 684 591 393 634 394 132 51 227 265 553 649
1 4 14
136 8 642 373 625 543 125 291 139 179 681 253 400 518
4 3 11
611 398 433 635 36 64 565 110 499 302 516
2 11 6
444 364 581 427 22 355
2 13 9
277 65 500 144 340 415 539 545 582
2 19 5
288 146 594 465 72
4 13 12
469 219 441 677 282 378 172 182 597 606 613 661
4 13 12
272 671 113 697 648 1 513 313 451 383 465 488
4 19 13
371 342 316 666 480 459 574 268 130 2 77 195 442
3 16 17
134 91 35 658 281 71 78 164 454 411 423 116 555 43 110 309 566
7 9 12
567 253 448 354 566 6 692 519 156 579 696 52
2 9 5
267 330 446 99 523
5 18 11
237 199 333 602 358 171 228 66 445 373 546
1 17 13
207 656 0 311 141 20 262 620 90 4 101 470 533
4 4 9
572 597 622 167 431 628 64 158 306
4 8 8
670 221 462 392 244 186 231 459
1 19 13
15 252 359 413 539 184 235 337 86 111 369 240 450
5 9 20
43 503 331 510 516 563 28 308 23 26 643 379 314 20 82 311 347 417 572 591
4 14 11
593 72 210 420 42 482 160 284 495 226 277
3 9 7
69 486 647 569 260 177 483
8 14 15
312 498 7 690 508 487 182 37 402 353 10 560 150 242 388
1 14 5
200 257 24 201 108
2 6 9
99 587 676 33 633 47 88 106 328
5 13 14
73 629 115 533 14 512 75 332 606 414 248 24 453 467
2 4 8
547 142 96 430 318 522 571 615
2 6 11
326 600 328 216 345 108 478 144 180 599 694
3 11 9
220 79 351 9 417 61 387 420 680
3 2 11
49 385 30 562 481 561 104 374 466 559 659
8 19 18
325 657 386 432 349 659 382 242 76 540 47 409 421 28 42 137 283 376
2 17 17
230 397 319 400 515 306 283 293 471 303 624 669 391 607 86 153 208
5 16 15
117 323 352 246 258 390 426 636 577 196 570 467 270 523 268
3 18 16
699 626 56 442 528 505 416 559 208 166 623 564 188 336 583 639
4 9 9
455 129 153 3 329 168 18 155 624
5 16 12
578 372 457 280 5 127 225 159 375 398 462 617
3 11 8
287 527 214 154 612 680 201 316
3 13 12
81 582 363 407 525 180 631 168 209 249 255 330
4 5 11
335 490 474 321 348 605 613 87 114 204 478
4 3 9
403 679 163 366 211 151 449 490 651
3 19 10
148 674 133 678 294 172 285 60 344 366
1 7 6
98 145 279 55 383 670
4 8 15
152 122 261 675 665 128 645 17 689 380 233 396 74 621 392
3 3 16
524 410 429 304 48 177 496 406 691 95 529 453 347 226 129 134
3 6 15
169 479 263 616 494 484 155 470 206 639 343 522 109 407 556
1 14 7
344 80 19 53 125 449 593
1 1 13
191 131 511 301 619 614 395 618 32 538 41 174 608
3 5 15
341 688 473 667 497 586 44 54 276 58 95 162 235 293 416
5 15 13
173 491 120 138 259 40 46 39 641 159 278 354 550
1 12 13
428 94 387 412 440 376 694 215 489 368 558 305 362
1 20 8
165 673 630 650 436 145 234 271
1 10 7
320 255 65 71 81 289 561
5 13 15
472 365 443 660 45 105 93 119 551 362 297 549 463 100 697
2 18 9
537 250 317 149 16 292 192 588 164
1 9 4
664 89 225 230
1 16 7
542 175 143 48 322 626 666
4 1 13
698 18 34 632 189 356 1 73 224 313 357 395 646
2 9 17
401 355 568 275 418 507 245 693 212 502 595 550 651 424 163 171 199
8 16 16
322 534 466 265 161 126 532 27 124 295 556 240 243 372 375 473
2 6 5
649 324 661 178 194
3 12 10
103 112 617 517 296 241 536 596 640 149
5 14 17
289 55 19 464 84 518 181 504 483 254 205 488 243 213 105 329 547
1 10 5
271 576 340 76 430
1 13 4
198 193 54 458
2 20 14
247 187 57 668 374 97 381 60 438 360 521 493 281 681
2 14 8
174 236 190 194 173 183 510 654
3 10 15
686 140 315 62 278 585 104 663 264 492 461 248 406 511 689
2 19 14
41 232 545 336 135 266 107 338 100 158 229 236 476 499
2 1 8
580 77 644 70 219 356 514 641
1 3 5
573 183 267 491 569
2 2 15
646 286 526 150 204 439 21 654 377 520 197 94 481 521 685
1 20 5
695 615 92 685 30
3 11 15
327 346 535 638 477 683 506 601 251 655 339 415 575 123 502
4 8 13
458 224 305 256 70 437 361 592 185 422 480 551 590
