1000 45 1550 67
27 22 11 2 10 6 18 19 26 22 18 3 19 5 19 21 4 3 21 22 14 5 28 1 21 3 11 30 9 23 26 26 30 1 12 8 27 9 13 4 28 20 1 21 7 18 28 15 12 26 18 6 29 25 28 7 20 21 7 30 8 17 29 1 5 17 26 24 23 2 6 2 6 5 9 3 14 9 24 21 9 8 9 1 25 27 3 14 6 15 1 22 28 7 22 28 22 24 18 29 25 12 4 21 18 9 19 26 2 5 13 7 8 27 21 13 6 25 11 17 24 18 27 20 11 8 22 16 9 25 16 14 25 25 11 30 3 27 22 21 9 10 3 28 25 11 19 10 16 28 19 30 11 19 24 28 4 12 25 3 21 15 27 14 5 26 24 4 30 8 26 5 9 17 29 13 12 18 21 22 3 25 29 26 5 16 12 24 17 9 11 28 6 13 15 9 21 22 12 27 16 26 11 8 14 3 2 20 19 19 12 20 9 10 27 26 14 2 24 15 21 24 13 16 10 25 27 6 21 25 24 6 22 4 4 29 13 2 4 17 28 9 2 19 9 27 25 15 21 6 7 27 16 18 21 13 7 28 3 13 24 25 19 10 14 10 27 28 19 8 13 16 16 19 2 26 19 30 29 11 16 20 24 13 10 13 24 19 9 15 20 24 1 2 19 13 9 17 29 1 21 13 9 7 14 26 7 11 25 26 23 8 20 11 5 4 30 13 29 13 8 6 27 1 15 13 2 11 12 16 1 11 24 25 18 10 2 20 14 28 15 22 22 27 30 20 14 22 20 6 27 29 6 12 14 18 25 5 14 20 26 30 11 12 19 25 28 17 2 3 6 12 19 28 11 23 20 13 14 5 2 20 6 12 25 20 10 1 26 22 14 17 25 5 10 8 29 8 3 23 7 5 14 23 9 4 14 27 24 24 26 21 1 21 21 15 7 11 1 14 24 25 6 17 28 2 15 19 4 10 24 19 22 15 26 19 12 11 30 21 15 8 27 25 22 1 21 17 3 28 16 8 12 17 23 13 13 9 12 4 13 14 30 17 6 26 18 8 2 3 29 18 6 25 3 16 3 30 6 5 17 4 11 8 14 29 19 6 17 3 28 10 14 1 25 15 2 25 28 28 21 29 13 16 25 29 30 13 26 10 1 4 9 25 20 23 26 9 9 25 29 13 30 17 26 15 23 25 7 16 17 16 26 16 11 12 4 16 29 1 2 8 8 19 9 9 6 25 16 1 9 23 1 15 4 27 5 15 29 19 11 28 4 9 20 5 5 27 22 22 11 25 28 30 1 29 1 2 13 4 11 2 18 25 8 10 22 24 25 27 26 5 3 13 15 13 17 10 1 29 30 19 10 2 7 24 10 26 17 18 11 21 8 25 12 19 7 5 19 19 10 23 22 24 1 4 7 28 5 29 24 21 12 29 26 1 10 21 3 17 7 27 22 13 10 20 28 16 26 27 26 14 10 6 21 29 23 30 8 7 14 17 16 17 3 12 1 18 14 30 14 24 12 9 1 12 7 19 12 16 3 13 28 7 5 1 16 26 30 29 17 26 19 8 29 20 23 13 15 8 12 10 17 13 20 10 21 15 24 26 12 12 21 26 4 21 5 2 22 29 12 24 5 17 12 10 23 25 16 16 30 11 4 16 20 17 27 10 28 13 12 17 14 8 21 30 14 13 10 12 15 23 1 4 22 11 20 14 21 8 8 15 6 18 4 12 28 15 3 14 29 28 9 30 12 9 23 19 4 13 16 18 13 3 3 12 30 27 15 5 14 18 14 10 12 20 12 3 19 27 9 30 27 20 23 3 5 29 10 10 28 29 29 18 8 6 12 2 14 16 30 5 2 20 15 1 2 10 22 25 18 13 1 29 27 28 10 29 7 15 15 23 27 6 13 14 27 18 18 18 2 7 13 25 4 27 6 18 25 19 7 16 9 12 7 19 24 1 25 30 15 26 13 12 24 23 25 10 2 30 5 13 7 23 23 19 8 26 17 10 21 20 11 21 29 15 13 23 16 20 18 8 30 16 23 4 3 14 23 19 18 11 22 9 6 25 20 5 26 30 1 26 24 17 28 17 12 22 21 28 26 22 27 26 20 30 20 2 1 30 12 3 5 28 16 16 25 29 11 11 2 27 6 12 3 6 17 9 9 23 24 20 8 11 24 12 25 16 1 1 11 4 17 5 21 8 15 11 12 1 6 8 30 21 8 5 4 29 4 10 13 28 29 21 25 16 23 3 19 5
24 28 4 18 13 21 11 30 4 2 13 28 8 12 15 29 29 7 11 16 30 7 2 4 24 18 17 23 18 27 2 8 29 6 21 14 1 25 25 15 22 28 19 21 1 25 2 14 5 14 2 2 11 28 24 23 14 16 1 9 17 15 14 22 15 26 28 9 10 19 23 25 2 27 9 29 1 17 4 11 18 13 4 11 14 15 18 10 13 2 21 24 28 27 8 14 16 23 24 23 17 25 27 2 27 18 13 1 22 23 10 12 20 15 20 18 8 8 28 10 16 10 5 2 7 2 30 7 4 1 17 29 2 28 6 20 8 21 1 17 22 10 24 22 24 28 10 26 7 20 24 20 13 2 27 12 27 24 26 27 7 26 12 22 3 24 20 6 22 1 16 24 7 15 18 9 14 23 17 17 15 8 11 17 2 15 22 25 6 27 9 27 20 20 19 12 4 23 1 27 21 7 15 19 21 28 9 10 11 9 1 14 11 17 7 14 11 26 15 24 8 3 1 21 27 16 23 1 13 27 10 6 4 29 27 24 30 26 14 30 8 16 26 18 3 24 4 1 4 10 26 4 25 6 19 3 7 12 14 3 27 8 25 23 12 15 23 16 28 4 23 13 2 30 21 2 24 14 18 23 25 3 22 4 11 25 28 23 29 28 8 18 6 7 23 19 26 23 5 27 18 11 19 12 17 21 30 1 17 25 15 6 11 11 1 17 20 8 30 5 19 30 19 30 5 22 10 1 17 26 9 1 30 4 5 10 8 14 30 22 13 25 15 8 16 23 23 4 5 24 20 29 3 18 2 14 18 4 15 16 21 27 18 19 2 24 11 1 2 14 21 21 3 16 29 17 26 6 9 5 24 19 6 13 5 7 24 27 12 22 22 18 13 10 8 27 11 28 3 6 24 23 27 12 29 26 10 6 12 11 8 10 12 20 13 7 19 18 10 2 2 29 28 10 26 16 12 9 7 4 21 14 19 28 11 8 5 17 21 28 28 1 9 26 13 19 6 26 23 22 3 12 11 12 6 20 4 29 3 24 12 14 7 22 14 28 19 26 5 17 12 28 18 11 7 24 17 9 20 23 30 25 14 5 7 27 22 25 20 17 15 25 25 30 24 1 6 2 12 16 9 26 1 6 22 11 29 30 1 6 15 9 2 5 3 14 6 20 8 11 7 10 27 30 13 30 30 23 29 20 8 30 2 18 30 7 13 12 11 14 2 7 22 26 10 27 8 28 26 20 21 23 26 26 9 21 10 23 5 16 30 18 30 24 3 18 22 11 25 25 19 15 24 15 11 19 12 7 3 19 14 13 4 14 10 6 24 21 8 25 10 24 20 28 26 18 25 23 15 10 21 10 18 8 20 21 27 2 16 13 11 29 28 8 3 8 27 27 19 23 12 4 10 8 28 16 9 3 20 29 18 11 19 30 24 25 11 27 7 24 2 29 24 16 3 10 11 2 23 2 19 7 22 12 27 7 11 27 9 2 11 2 2 11 10 5 1 20 7 27 25 1 4 1 16 29 9 12 22 11 29 18 12 9 17 16 15 4 25 5 21 17 17 6 9 21 9 5 10 10 11 21 19 18 13 11 14 10 2 10 15 7 7 17 20 11 1 20 4 27 14 12 5 28 10 9 29 23 4 3 26 26 14 2 6 10 24 11 22 3 14 27 8 15 17 15 11 19 13 15 8 1 22 14 5 7 24 8 11 10 30 1 17 12 19 17 22 4 22 16 19 20 16 7 24 29 26 26 9 5 21 18 29 4 16 1 8 5 1 9 2 22 6 29 2 22 20 10 11 14 12 7 23 22 22 13 19 26 3 1 24 22 13 20 4 22 17 6 15 22 13 26 19 1 7 25 27 21 6 21 1 20 18 7 19 24 10 18 22 27 24 24 16 12 22 28 20 6 6 30 2 8 21 26 13 14 13 19 25 28 10 20 5 10 28 5 20 22 23 10 3 22 1 4 15 10 8 23 18 28 15 20 6 29 28 12 3 8 27 5 5 27 19 3 6 10 5 7 10 22 6 25 30 1 18 17 22 17 6 24 18 28 5 12 24 3 15 5 4 15 24 13 4 16 6 27 28 13 2 7 15 25 24 17 30 8 28 5 29 14 3 30 20 27 12 13 10 25 23 16 2 27 14 1 25 24 4 15 2 18 11 24 8 28 28 3 30 1 11 27 6 2 3 6 13 17 2 26 17 22 5 13 12 17 1 1 5 10 14 20 14 29 17 15 11 6 18 28 17 14
3 1 26
604 486 494 950 927 934 358 633 96 919 297 82 86 296 327 404 462 521 533 550 569 658 661 753 799 839
22 13 52
185 982 567 153 707 321 136 60 574 121 444 774 790 580 853 299 529 932 697 49 412 605 305 125 967 270 181 253 848 369 164 407 92 196 289 830 544 127 182 223 637 960 341 145 225 227 311 482 583 652 689 695
4 7 42
546 93 199 839 355 334 614 322 943 28 575 399 327 86 772 380 732 365 964 475 690 240 348 292 599 876 759 72 477 601 488 258 204 762 9 253 493 517 578 587 933 936
7 11 51
14 300 209 847 989 654 855 591 698 36 939 470 284 90 941 884 807 283 992 135 995 216 868 76 916 499 238 808 757 845 128 331 449 489 540 702 455 473 573 362 525 696 780 121 173 248 420 586 596 898 912
22 16 48
767 404 655 745 683 68 74 615 973 760 695 890 801 949 507 306 648 779 471 620 155 970 396 721 822 273 930 6 610 150 24 360 873 280 11 126 239 299 319 361 464 591 614 646 647 789 875 908
5 16 27
817 139 553 451 421 197 671 176 179 92 99 136 206 211 228 334 352 483 503 546 650 705 780 834 880 897 940
9 16 26
415 345 368 617 259 75 464 44 508 243 95 815 749 372 79 165 309 338 349 418 449 515 553 641 722 899
1 2 27
346 743 603 722 420 456 159 688 487 255 879 178 357 421 470 541 547 590 617 624 814 816 857 947 959 966 986
2 4 23
628 534 851 866 195 10 968 886 501 3 83 135 177 265 318 345 413 551 564 664 749 759 962
1 18 31
942 213 612 312 325 426 557 354 854 296 250 663 975 28 62 189 251 391 394 460 473 572 608 619 833 909 910 928 948 950 982
12 13 36
184 562 38 15 734 485 495 539 713 260 339 114 282 338 323 370 50 227 54 349 578 100 119 193 197 329 401 417 461 536 595 706 787 866 902 955
1 17 41
717 438 791 5 647 274 907 618 738 771 705 519 938 384 33 538 747 31 664 269 233 64 85 110 183 213 412 451 505 565 660 719 741 769 810 819 823 835 854 974 995
1 5 15
461 700 528 402 651 419 48 59 66 226 245 407 607 758 937
2 19 27
160 652 440 200 947 731 541 911 608 892 117 123 196 203 302 325 339 484 497 501 508 874 896 931 964 980 994
4 5 39
972 865 622 816 701 55 23 78 588 893 20 129 446 711 607 754 985 411 51 123 58 596 141 172 190 769 797 739 324 623 37 233 340 488 531 747 808 901 920
15 12 40
827 147 836 590 83 763 119 389 143 506 935 234 694 857 439 726 510 806 497 173 712 120 261 3 14 81 148 308 371 426 480 525 557 630 638 639 691 807 840 915
5 15 32
70 810 812 225 37 969 310 278 201 445 550 556 158 314 244 395 869 496 978 800 77 768 63 129 259 294 303 398 504 522 581 620
11 1 45
522 183 813 170 102 393 794 422 359 413 535 99 902 999 986 929 287 106 262 724 753 458 922 874 336 318 891 523 917 814 961 406 826 130 895 571 47 90 260 347 490 662 720 892 916
2 9 21
295 888 672 112 649 7 70 171 286 315 331 414 518 534 576 636 729 843 887 957 983
12 15 65
188 376 632 8 211 937 965 863 667 231 383 564 285 521 277 766 171 79 215 148 559 41 381 635 298 226 304 834 286 962 825 435 117 955 913 882 787 178 63 775 25 582 232 824 448 307 515 385 798 217 56 207 258 276 427 487 526 593 731 832 870 895 911 951 969
10 11 62
629 870 467 29 641 12 899 974 80 391 194 584 940 918 62 781 302 611 275 351 228 994 673 661 686 134 531 756 88 878 627 551 625 755 401 516 821 293 996 222 880 665 460 34 687 15 84 195 272 280 310 375 393 492 506 828 829 848 884 886 961 985
8 19 29
490 110 493 533 98 658 803 186 850 740 208 704 594 650 909 583 692 500 669 991 81 335 802 2 91 255 656 728 869
21 2 52
103 709 727 819 69 18 47 43 957 235 925 398 881 330 547 773 453 405 347 151 21 177 842 517 301 236 910 242 674 410 820 928 581 162 67 729 210 142 746 980 23 54 176 365 392 415 601 764 801 862 876 978
9 11 35
906 555 748 356 366 963 319 706 741 871 329 646 715 966 352 246 361 481 9 60 164 185 278 314 316 354 359 456 520 571 588 597 603 672 872
5 11 25
131 390 998 394 761 954 990 165 576 442 20 33 139 269 358 438 439 486 519 539 645 793 904 926 993
22 19 49
214 39 585 901 397 626 364 514 903 48 247 849 340 266 248 653 483 703 256 268 545 859 400 482 378 889 154 350 392 548 149 723 174 474 94 128 182 295 379 434 446 632 659 713 827 831 883 917 968
3 12 24
837 730 180 465 132 953 416 846 569 265 491 585 622 653 657 721 739 768 781 805 809 863 868 891
18 14 40
570 710 660 619 579 157 796 317 693 634 205 206 167 87 675 427 565 685 116 639 357 572 593 520 793 459 558 35 162 168 282 445 450 466 468 613 806 836 838 932
8 4 60
598 342 552 926 680 56 237 908 951 126 905 987 613 478 480 245 944 59 443 840 207 230 111 504 192 337 82 403 864 30 316 313 333 19 409 452 751 997 219 595 343 554 113 146 424 795 169 8 172 362 386 416 428 429 454 651 676 685 736 760
3 15 57
377 592 122 281 432 271 977 783 367 198 320 203 898 786 676 914 408 353 560 27 750 887 434 491 733 272 841 818 586 35 679 640 140 714 388 511 988 518 479 437 52 577 66 17 10 13 30 105 137 146 202 453 459 723 757 881 900
9 3 31
105 642 856 778 371 609 124 979 71 804 311 423 414 7 885 936 61 0 50 67 68 98 109 159 199 348 560 599 788 803 889
1 8 21
457 662 509 716 428 26 57 236 242 297 455 512 537 544 556 671 752 766 784 865 963
2 11 22
189 833 382 24 74 94 114 144 231 241 250 273 335 336 364 374 479 489 548 605 634 663
3 5 22
279 291 597 530 784 630 212 332 923 220 537 21 208 277 300 326 463 733 765 811 818 846
23 17 49
450 166 513 931 64 805 175 466 875 844 894 785 644 828 542 861 344 689 681 387 144 823 433 616 843 290 374 758 788 168 948 145 904 526 915 983 251 527 425 6 55 96 161 545 598 600 773 882 903
3 9 22
498 85 945 430 666 418 896 44 65 307 360 399 457 535 584 618 643 820 824 842 873 952
1 20 29
566 32 657 852 4 463 971 386 152 263 744 912 587 492 18 39 49 125 150 216 288 346 441 514 644 771 844 893 925
15 2 59
294 16 862 484 691 308 84 40 621 770 638 163 22 379 670 53 454 799 264 502 91 737 45 792 643 252 42 505 536 161 133 137 224 933 668 89 659 809 326 678 363 532 115 147 151 291 333 341 342 411 472 509 527 566 655 698 779 841 984
5 8 29
677 429 309 897 708 900 257 728 589 191 776 138 267 720 288 51 87 131 140 205 220 256 289 570 611 665 737 888 906
4 19 17
156 606 984 441 249 858 120 322 419 444 678 693 707 802 822 851 942
10 5 29
524 97 563 462 46 956 303 920 187 777 239 100 877 447 373 215 264 323 384 575 629 667 742 761 794 849 867 924 939
15 3 33
193 736 436 472 115 684 725 860 543 811 2 108 1 0 202 11 375 735 561 254 512 57 568 838 752 764 241 36 337 642 703 800 976
20 9 44
831 73 682 476 782 993 503 718 468 645 636 602 65 959 109 104 315 699 624 921 276 765 719 981 469 872 417 789 958 976 631 952 328 218 829 107 230 500 552 683 701 858 879 960
4 18 23
832 118 13 835 101 229 431 71 143 237 270 275 279 380 383 562 640 682 821 856 894 914 953
1 20 24
549 883 221 924 742 600 946 656 867 25 34 181 188 274 320 395 494 621 625 692 724 927 945 965
