500 40 775 20
35 12 25 28 35 35 30 27 17 38 35 26 40 20 40 29 26 25 29 36 36 11 17 21 17 28 11 21 33 17 11 21 34 29 26 24 16 36 37 16 24 33 40 16 36 35 14 24 30 23 27 17 31 12 24 34 25 34 40 27 34 13 30 24 11 40 12 23 29 17 36 12 40 39 35 31 12 15 31 22 32 17 18 28 28 31 17 26 11 37 27 13 24 14 16 38 15 25 34 38 26 27 30 21 31 33 20 30 36 37 11 24 24 20 22 18 36 34 11 21 25 26 28 37 38 40 17 11 29 23 13 18 22 28 33 11 32 39 16 35 26 21 39 22 35 22 19 40 24 23 35 16 32 22 32 32 16 31 32 27 27 12 29 28 31 39 32 38 11 11 14 31 33 16 19 37 25 20 35 38 13 35 36 28 40 28 27 36 32 20 39 37 29 21 38 11 19 14 23 32 36 19 14 12 33 29 18 26 24 12 20 13 36 31 24 13 19 13 17 17 17 19 31 13 35 11 12 30 33 31 26 40 14 21 19 17 17 22 26 37 13 30 19 23 40 14 18 13 37 32 16 40 12 39 26 40 40 29 19 19 14 31 26 21 40 16 35 38 33 20 18 40 18 31 23 33 39 13 31 39 11 26 24 29 33 18 18 23 39 35 18 29 24 13 34 17 27 27 18 36 11 19 23 34 30 27 40 14 31 25 19 27 23 20 34 22 40 39 18 22 22 30 15 28 25 22 37 38 30 23 32 18 14 32 17 14 23 15 20 18 24 26 33 40 26 38 33 14 26 26 13 31 26 30 16 39 38 19 22 36 39 34 28 37 17 33 12 29 26 39 18 39 14 21 23 15 38 24 15 26 25 15 11 33 22 19 32 24 32 16 14 11 32 34 18 34 15 16 14 28 25 25 40 40 12 13 30 11 30 40 24 27 25 15 13 18 27 40 19 34 26 35 13 31 36 22 31 17 32 17 36 33 37 13 34 28 37 39 36 27 13 13 15 31 40 32 39 37 33 14 18 34 32 30 33 13 26 38 33 28 34 14 32 31 40 25 29 20 11 40 11 39 19 20 29 25 11 23 37 31 18 34 35 13 30 29 29 33 24 24 15 12 32 24 16 19 32 36 25 27
25 2 15 18 25 25 20 17 7 28 25 16 30 10 30 19 16 15 19 26 26 1 7 11 7 18 1 11 23 7 1 11 24 19 16 14 6 26 27 6 14 23 30 6 26 25 4 14 20 13 17 7 21 2 14 24 15 24 30 17 24 3 20 14 1 30 2 13 19 7 26 2 30 29 25 21 2 5 21 12 22 7 8 18 18 21 7 16 1 27 17 3 14 4 6 28 5 15 24 28 16 17 20 11 21 23 10 20 26 27 1 14 14 10 12 8 26 24 1 11 15 16 18 27 28 30 7 1 19 13 3 8 12 18 23 1 22 29 6 25 16 11 29 12 25 12 9 30 14 13 25 6 22 12 22 22 6 21 22 17 17 2 19 18 21 29 22 28 1 1 4 21 23 6 9 27 15 10 25 28 3 25 26 18 30 18 17 26 22 10 29 27 19 11 28 1 9 4 13 22 26 9 4 2 23 19 8 16 14 2 10 3 26 21 14 3 9 3 7 7 7 9 21 3 25 1 2 20 23 21 16 30 4 11 9 7 7 12 16 27 3 20 9 13 30 4 8 3 27 22 6 30 2 29 16 30 30 19 9 9 4 21 16 11 30 6 25 28 23 10 8 30 8 21 13 23 29 3 21 29 1 16 14 19 23 8 8 13 29 25 8 19 14 3 24 7 17 17 8 26 1 9 13 24 20 17 30 4 21 15 9 17 13 10 24 12 30 29 8 12 12 20 5 18 15 12 27 28 20 13 22 8 4 22 7 4 13 5 10 8 14 16 23 30 16 28 23 4 16 16 3 21 16 20 6 29 28 9 12 26 29 24 18 27 7 23 2 19 16 29 8 29 4 11 13 5 28 14 5 16 15 5 1 23 12 9 22 14 22 6 4 1 22 24 8 24 5 6 4 18 15 15 30 30 2 3 20 1 20 30 14 17 15 5 3 8 17 30 9 24 16 25 3 21 26 12 21 7 22 7 26 23 27 3 24 18 27 29 26 17 3 3 5 21 30 22 29 27 23 4 8 24 22 20 23 3 16 28 23 18 24 4 22 21 30 15 19 10 1 30 1 29 9 10 19 15 1 13 27 21 8 24 25 3 20 19 19 23 14 14 5 2 22 14 6 9 22 26 15 17
1 10 4
481 257 35 76
1 5 9
119 191 227 50 96 305 331 192 143
1 3 16
478 236 205 394 499 3 162 261 489 129 37 136 65 279 491 469
1 8 4
440 127 154 149
1 3 16
197 166 82 345 463 242 386 170 135 300 62 439 249 248 321 193
1 5 11
494 131 409 73 314 64 72 271 482 81 240
1 3 13
8 329 411 86 457 296 459 216 462 172 425 293 158
1 10 4
180 456 173 430
1 6 7
285 374 202 336 404 24 14
1 2 20
232 335 4 328 334 243 455 30 291 447 147 475 121 164 2 266 110 29 347 426
1 4 14
209 42 344 280 424 485 15 348 400 496 324 38 58 252
1 3 19
497 435 239 159 282 276 124 338 488 189 93 323 311 109 259 31 313 52 9
1 16 2
349 59
1 2 23
33 54 137 264 211 479 450 395 238 195 298 223 449 310 357 200 301 383 467 480 17 352 498
1 3 19
297 255 258 220 340 379 464 97 217 260 20 384 401 406 339 372 398 437 251
1 3 14
74 206 392 123 326 199 175 80 171 342 453 267 11 98
1 7 8
153 471 307 414 415 12 114 493
1 5 10
235 446 275 104 391 377 174 1 402 303
1 3 17
36 484 40 212 273 387 128 472 23 270 141 304 306 433 370 218 186
1 7 8
150 343 237 292 183 442 350 116
1 3 18
361 366 278 477 281 360 225 79 470 380 67 32 353 417 105 190 365 56
1 4 11
351 208 71 320 13 277 302 466 388 441 436
1 4 9
428 385 90 443 25 468 473 272 445
1 3 17
84 312 393 389 51 283 403 465 420 288 85 138 122 241 156 284 286
1 7 7
364 198 356 309 60 196 250
1 2 19
233 134 359 107 483 354 423 262 228 245 492 16 194 207 103 39 187 0 113
1 2 20
397 367 452 289 99 69 294 418 157 376 44 139 126 163 256 378 268 495 106 160
1 6 9
369 95 230 178 152 431 185 337 486
1 2 25
315 476 45 66 168 204 341 408 327 41 48 390 229 19 287 308 176 412 115 269 75 382 28 182 146
1 3 16
221 213 381 333 458 53 355 55 26 317 155 363 47 21 46 49
1 10 5
474 346 253 203 434
1 2 22
362 427 181 63 87 140 246 396 70 318 429 214 188 18 57 27 422 92 416 438 371 254
1 3 16
132 405 61 460 22 444 210 421 118 222 34 101 117 407 91 448
1 3 14
330 169 7 6 224 130 263 68 332 100 142 413 490 43
1 9 3
399 375 373
1 3 20
165 5 111 108 410 226 454 83 451 94 295 167 215 89 77 231 10 368 102 125
1 11 4
78 247 219 299
1 16 3
145 432 487
1 3 16
265 144 112 358 419 148 325 322 234 319 177 133 151 161 120 316
1 7 8
244 201 184 274 290 461 179 88
