300 38 465 20
11 35 27 26 24 29 32 31 29 34 39 35 37 14 16 21 30 31 16 20 34 26 15 24 26 24 13 38 36 27 35 24 15 34 34 28 22 17 26 33 25 38 13 25 33 38 22 25 31 20 15 19 14 33 40 38 40 40 24 31 14 36 24 19 32 25 38 37 17 16 40 27 29 36 33 36 11 16 23 32 32 18 33 31 29 39 29 24 25 14 23 33 20 18 20 38 23 18 23 40 18 12 39 38 39 22 22 39 35 14 23 32 39 18 13 35 21 19 35 31 23 34 32 28 31 11 21 20 14 24 15 15 38 37 17 13 24 14 20 11 26 18 37 32 22 11 25 24 20 16 39 40 18 28 38 20 18 18 18 23 26 25 14 29 39 32 12 13 20 24 15 30 28 21 24 24 28 13 38 20 11 17 25 34 28 11 23 39 38 15 23 40 20 18 23 37 33 16 31 14 36 26 16 35 25 34 11 16 24 28 32 34 35 15 11 29 13 16 30 34 18 33 38 19 32 20 35 15 36 21 16 25 15 31 40 39 22 26 27 21 33 37 20 24 37 12 24 11 20 26 24 12 14 16 40 11 30 31 32 22 30 17 24 21 13 34 39 40 31 26 16 30 25 25 37 35 38 19 17 37 39 12 35 19 34 13 23 33 27 26 18 14 31 22 14 34 20 23 17 33
1 25 17 16 14 19 22 21 19 24 29 25 27 4 6 11 20 21 6 10 24 16 5 14 16 14 3 28 26 17 25 14 5 24 24 18 12 7 16 23 15 28 3 15 23 28 12 15 21 10 5 9 4 23 30 28 30 30 14 21 4 26 14 9 22 15 28 27 7 6 30 17 19 26 23 26 1 6 13 22 22 8 23 21 19 29 19 14 15 4 13 23 10 8 10 28 13 8 13 30 8 2 29 28 29 12 12 29 25 4 13 22 29 8 3 25 11 9 25 21 13 24 22 18 21 1 11 10 4 14 5 5 28 27 7 3 14 4 10 1 16 8 27 22 12 1 15 14 10 6 29 30 8 18 28 10 8 8 8 13 16 15 4 19 29 22 2 3 10 14 5 20 18 11 14 14 18 3 28 10 1 7 15 24 18 1 13 29 28 5 13 30 10 8 13 27 23 6 21 4 26 16 6 25 15 24 1 6 14 18 22 24 25 5 1 19 3 6 20 24 8 23 28 9 22 10 25 5 26 11 6 15 5 21 30 29 12 16 17 11 23 27 10 14 27 2 14 1 10 16 14 2 4 6 30 1 20 21 22 12 20 7 14 11 3 24 29 30 21 16 6 20 15 15 27 25 28 9 7 27 29 2 25 9 24 3 13 23 17 16 8 4 21 12 4 24 10 13 7 23
1 14 3
279 38 291
1 8 5
266 190 169 93 18
1 5 8
214 281 233 17 52 260 22 158
1 11 4
177 82 7 216
1 6 9
217 142 274 16 4 237 19 125 90
1 5 11
29 231 262 254 28 171 234 148 111 143 249
1 9 6
241 104 290 168 283 196
1 5 10
195 78 229 282 240 223 139 56 120 127
1 9 6
102 197 21 70 1 35
1 14 3
172 80 271
1 9 5
165 39 94 255 3
1 7 8
252 218 27 66 209 187 198 202
1 4 11
253 34 286 69 76 141 53 185 36 113 208
1 5 9
201 288 41 297 83 181 160 194 48
1 5 11
239 101 220 133 100 128 55 277 85 65 270
1 5 8
242 272 299 162 204 59 140 199
1 11 4
137 112 155 40
1 4 13
121 91 32 61 145 179 215 188 50 232 294 174 20
1 7 8
163 122 207 267 265 228 58 33
1 5 11
235 146 173 87 0 12 11 77 97 238 51
1 4 14
184 175 123 149 114 280 115 81 273 278 54 24 298 72
1 6 7
96 23 57 117 213 109 246
1 7 7
212 221 89 211 268 129 116
1 7 6
227 84 108 106 263 134
1 4 12
110 30 64 245 119 25 99 118 68 37 10 192
1 11 4
230 46 284 79
1 4 12
103 248 224 256 157 161 176 26 95 164 63 107
1 4 3
193 130 247
1 3 15
296 275 292 8 244 285 45 186 293 60 258 136 210 206 126
1 3 14
144 92 49 9 138 287 88 124 147 264 47 182 183 156
1 7 8
166 189 180 295 154 191 243 170
1 8 6
225 251 178 257 167 44
1 17 3
200 67 105
1 4 13
219 5 159 6 276 98 42 15 250 289 259 205 2
1 9 6
261 135 150 74 14 203
1 5 11
43 151 73 62 132 269 222 226 71 152 236
1 11 4
75 153 131 31
1 11 2
86 13
