300 30 465 20
28 15 21 31 17 39 18 38 24 39 17 32 12 12 35 33 28 31 29 13 18 21 16 34 12 20 29 30 32 24 15 14 19 21 15 29 34 21 24 20 24 24 21 29 21 32 34 22 36 25 25 13 38 31 25 29 22 25 15 15 19 17 13 30 24 37 13 14 35 39 25 16 26 33 19 34 16 21 25 12 34 18 39 32 18 26 24 35 37 28 21 34 40 31 26 28 25 39 35 23 21 24 26 22 11 27 15 24 12 11 21 29 20 31 18 40 34 14 20 38 30 19 38 40 23 11 28 31 31 26 35 32 34 13 37 33 28 15 34 21 40 28 22 38 21 36 38 19 12 29 38 25 12 29 14 18 40 18 36 23 39 12 18 19 26 37 19 23 22 12 35 33 32 40 18 39 28 38 24 13 14 37 13 18 19 20 25 37 23 37 24 21 25 37 32 32 26 13 12 35 38 29 19 14 32 12 34 28 20 39 24 29 20 18 29 23 37 31 24 23 26 17 31 17 16 16 30 15 15 24 15 28 36 11 23 34 11 25 27 17 33 30 29 33 25 19 21 26 14 13 19 19 16 29 25 19 18 19 12 23 32 14 15 31 15 20 39 19 17 36 37 25 13 24 25 39 17 25 22 20 40 20 21 25 27 28 20 26 22 24 20 28 33 11 40 16 19 29 30 37
18 5 11 21 7 29 8 28 14 29 7 22 2 2 25 23 18 21 19 3 8 11 6 24 2 10 19 20 22 14 5 4 9 11 5 19 24 11 14 10 14 14 11 19 11 22 24 12 26 15 15 3 28 21 15 19 12 15 5 5 9 7 3 20 14 27 3 4 25 29 15 6 16 23 9 24 6 11 15 2 24 8 29 22 8 16 14 25 27 18 11 24 30 21 16 18 15 29 25 13 11 14 16 12 1 17 5 14 2 1 11 19 10 21 8 30 24 4 10 28 20 9 28 30 13 1 18 21 21 16 25 22 24 3 27 23 18 5 24 11 30 18 12 28 11 26 28 9 2 19 28 15 2 19 4 8 30 8 26 13 29 2 8 9 16 27 9 13 12 2 25 23 22 30 8 29 18 28 14 3 4 27 3 8 9 10 15 27 13 27 14 11 15 27 22 22 16 3 2 25 28 19 9 4 22 2 24 18 10 29 14 19 10 8 19 13 27 21 14 13 16 7 21 7 6 6 20 5 5 14 5 18 26 1 13 24 1 15 17 7 23 20 19 23 15 9 11 16 4 3 9 9 6 19 15 9 8 9 2 13 22 4 5 21 5 10 29 9 7 26 27 15 3 14 15 29 7 15 12 10 30 10 11 15 17 18 10 16 12 14 10 18 23 1 30 6 9 19 20 27
1 17 3
172 228 280
1 7 7
120 6 21 150 57 204 188
1 5 7
261 99 111 17 293 33 241
1 5 10
294 32 96 284 246 202 20 259 118 14
1 5 9
194 43 62 187 56 29 47 288 215
1 5 8
0 72 180 276 247 138 169 207
1 4 12
146 231 48 185 84 224 98 71 147 125 22 103
1 10 4
83 297 30 59
1 5 10
130 88 42 108 239 40 139 154 236 227
1 4 10
15 183 273 132 28 281 80 255 128 277
1 3 15
163 226 195 60 123 245 213 232 16 238 274 264 265 133 179
1 5 9
234 295 233 257 275 55 95 229 289
1 5 10
208 221 279 131 38 225 192 122 31 167
1 7 6
165 182 282 129 101 41
1 4 13
93 283 177 176 278 35 68 193 197 249 2 121 296
1 7 2
74 137
1 3 15
198 145 158 258 148 186 161 24 152 140 49 86 94 8 25
1 4 11
110 170 287 243 171 203 270 10 223 168 253
1 3 14
191 9 285 153 190 155 46 222 106 44 75 105 104 19
1 5 11
1 216 97 217 189 173 91 127 76 220 119
1 4 12
78 4 11 134 100 50 85 159 51 54 181 218
1 5 11
141 23 156 7 250 272 184 251 63 178 252
1 4 13
267 201 164 199 70 230 212 244 160 162 112 240 136
1 3 15
52 73 290 175 211 114 254 235 209 262 81 214 143 77 36
1 4 9
109 64 26 219 166 61 260 149 117
1 4 14
124 12 242 87 291 116 286 157 69 90 266 45 37 269
1 3 14
18 292 65 3 151 256 66 34 126 205 174 299 196 142
1 5 10
113 82 135 67 13 298 248 107 206 115
1 4 12
263 39 92 79 89 27 58 102 200 5 271 53
1 7 4
144 210 237 268
