300 35 465 20
2 15 1 13 20 11 23 23 11 23 17 2 26 29 1 18 10 30 15 28 28 4 30 18 6 20 14 13 13 3 13 18 24 15 11 1 2 22 2 5 1 27 24 1 18 6 9 18 24 15 27 25 16 14 16 16 12 4 10 15 22 11 12 20 14 28 9 24 30 5 6 22 13 21 12 5 20 22 28 23 2 1 23 3 8 4 28 17 20 19 17 24 12 18 24 22 6 18 9 8 12 12 20 12 7 19 30 13 2 26 8 16 21 10 30 13 6 25 18 12 18 30 10 10 1 16 25 19 6 30 20 15 12 28 13 26 22 22 27 4 30 9 22 3 15 14 23 28 1 3 20 3 2 22 23 11 17 5 6 30 2 17 22 9 30 29 20 1 8 10 8 8 22 7 4 19 11 29 22 6 1 23 4 30 29 19 7 24 15 4 8 29 11 18 2 6 3 5 13 23 3 10 13 15 4 5 30 19 27 16 13 8 20 26 19 13 20 8 16 6 23 4 2 16 22 2 5 29 25 26 7 22 5 17 12 22 29 22 2 14 21 25 2 23 2 10 16 22 21 3 12 28 22 12 5 9 20 18 25 22 27 18 24 12 27 13 7 12 13 18 17 27 5 8 7 2 12 24 10 19 2 13 10 18 6 21 15 22 22 28 18 12 21 25 25 17 1 13 17 5
1 28 13 3 5 10 23 19 29 5 6 30 3 22 15 17 22 16 28 18 19 12 13 16 15 13 27 7 7 15 22 5 18 7 11 21 7 21 7 9 3 17 27 20 28 19 28 29 23 10 28 25 6 20 29 9 17 3 27 23 25 5 8 2 26 3 3 29 4 7 12 10 6 19 29 26 10 14 30 29 1 16 13 30 13 29 9 22 13 28 21 6 13 15 4 16 8 18 10 15 22 20 13 5 29 28 26 23 2 9 30 30 20 1 15 9 5 22 4 12 13 7 10 10 18 24 28 27 5 7 3 1 23 12 12 30 28 13 10 3 26 7 4 25 13 8 28 17 2 21 22 3 23 1 3 27 19 7 6 28 27 3 12 20 7 14 29 20 18 3 11 5 16 28 16 7 19 20 30 5 9 21 25 29 7 3 21 8 26 7 1 18 14 12 18 22 16 14 23 23 20 2 9 5 1 23 14 2 14 24 26 16 2 30 8 21 29 28 23 29 20 27 22 13 4 16 14 1 24 6 3 9 23 14 4 15 6 1 16 7 5 22 30 21 10 3 21 20 25 12 9 19 21 26 29 28 5 23 5 24 6 29 21 8 25 25 19 3 24 3 1 1 14 1 23 13 23 27 22 24 27 16 24 4 5 3 18 5 16 8 29 9 10 4 21 2 2 3 14 1
1 3 6
40 122 10 94 203 259
6 12 24
92 127 45 240 251 268 286 208 17 191 172 46 290 87 190 47 57 108 195 242 250 273 282 294
6 19 11
153 7 207 80 82 287 30 28 169 79 101
3 4 9
54 256 180 38 160 217 102 140 287
3 4 16
67 34 99 173 271 154 103 0 27 298 26 64 125 211 238 290
1 12 10
66 105 114 95 130 3 225 32 93 270
1 13 9
299 60 238 112 106 278 28 184 198
4 10 12
261 239 156 237 98 12 37 103 197 208 213 243
1 14 6
141 176 63 99 127 286
4 19 11
171 295 62 138 25 165 86 116 73 74 102
5 8 17
230 184 204 274 212 77 161 183 234 177 13 19 269 140 109 130 138
4 18 15
163 47 64 255 123 48 254 253 158 216 219 83 24 31 266
3 4 13
131 282 270 5 61 57 242 18 22 124 183 246 267
1 10 9
10 79 224 118 9 88 185 233 256
1 8 5
229 43 129 190 235
6 5 14
249 11 220 120 291 157 21 134 236 1 213 210 217 289
1 18 7
111 226 117 174 240 248 260
8 1 14
42 166 6 18 4 113 228 221 144 272 196 2 5 135
3 12 9
241 262 96 243 132 78 62 97 222
4 4 17
252 69 94 266 76 231 168 31 58 143 128 197 206 25 75 160 272
3 17 15
275 170 267 16 209 139 108 259 124 288 37 49 113 147 155
4 13 8
202 188 283 89 137 257 82 156
2 15 7
232 292 178 33 92 137 269
6 8 18
193 186 201 146 23 129 15 20 152 155 91 245 29 66 120 148 157 239
4 1 14
75 85 26 284 293 181 72 194 167 258 90 263 179 123
3 16 17
101 81 145 36 107 148 70 68 29 264 117 32 276 187 14 181 204
1 19 11
97 294 296 195 65 39 119 54 70 166 176
3 2 13
151 214 285 126 260 233 71 110 55 114 185 187 280
9 5 16
149 182 297 244 49 200 199 265 100 215 53 133 205 59 40 192
2 16 16
222 115 63 14 277 44 211 250 136 35 280 52 89 193 227 234
3 4 12
175 189 223 24 164 273 22 11 42 73 139 158
2 8 9
51 135 192 150 125 111 236 275 281
3 18 13
203 104 248 93 50 289 227 56 84 9 48 51 96
3 6 8
235 41 246 8 279 81 145 152
6 20 16
147 74 162 142 281 159 218 121 247 109 198 174 45 202 214 264
