500 42 775 33
20 18 28 13 1 9 19 14 9 17 24 20 7 24 16 21 18 22 14 20 13 4 8 29 17 27 5 9 11 12 20 11 14 13 15 21 6 26 10 19 17 6 8 24 11 29 14 30 8 14 12 11 8 23 9 1 6 12 4 29 1 7 9 30 11 7 12 14 28 14 30 5 23 20 27 20 30 14 9 17 7 8 1 20 14 1 15 5 13 11 11 6 7 24 17 5 24 23 20 18 21 1 19 7 22 13 27 13 1 22 2 13 22 10 28 23 11 20 16 26 23 6 3 23 23 11 23 2 9 9 9 24 17 14 3 12 12 18 25 25 28 26 29 19 19 12 16 13 2 10 8 7 2 25 3 19 12 15 23 7 28 4 22 3 9 21 18 3 30 12 19 21 15 2 26 25 4 22 7 22 4 10 26 16 29 13 7 13 21 23 13 18 28 14 26 23 17 30 17 19 18 12 25 4 22 17 2 12 10 12 20 28 18 4 7 26 4 4 21 17 7 8 10 12 2 5 19 29 8 26 7 23 19 6 22 30 28 24 6 9 15 15 20 21 3 16 3 4 29 10 16 13 7 5 12 4 12 4 28 4 5 20 2 20 20 14 3 16 13 10 24 9 4 12 28 19 6 9 10 3 30 9 11 2 29 25 3 18 2 12 29 9 6 20 18 14 28 22 17 27 8 3 23 17 12 7 2 19 3 15 15 28 10 18 24 6 16 12 6 4 26 10 1 20 16 11 22 7 5 2 24 25 3 6 15 17 16 7 22 3 2 23 10 20 7 11 28 11 13 15 19 11 6 5 30 26 18 1 29 24 29 14 5 27 29 26 14 12 13 9 19 29 16 26 12 30 8 13 17 24 23 9 1 14 23 9 7 23 11 18 25 22 12 10 8 12 15 13 3 1 30 6 8 12 5 17 7 19 5 19 12 2 17 26 21 27 11 22 6 4 27 14 11 21 22 1 16 6 16 6 21 1 12 5 25 1 7 13 30 6 9 1 23 1 28 9 5 26 30 7 24 30 3 7 6 19 12 14 22 12 28 24 28 18 11 24 17 2 29 6 11 26 20 16 22 21 17 14 29 26 15 27 10 21 29 2 3 9 24 16 4 28 19 12 25 1 8 23 18 16
30 18 11 10 9 1 26 11 3 17 28 14 27 1 13 24 17 9 18 29 8 6 28 28 13 30 2 15 11 1 23 21 27 10 13 10 29 7 19 16 8 14 29 1 29 6 11 23 30 17 14 24 17 3 18 18 21 1 2 2 11 10 16 4 5 18 11 27 10 26 29 23 26 24 3 6 17 12 21 15 19 4 18 19 22 11 26 22 18 22 17 25 18 2 19 6 14 16 11 29 27 18 4 2 8 5 5 18 6 30 3 4 6 18 24 10 1 9 15 6 23 11 5 30 21 23 10 28 5 1 5 10 25 29 27 6 12 14 18 12 11 1 27 21 24 5 1 15 12 23 14 8 2 18 1 8 30 1 18 13 22 22 17 13 27 15 5 1 9 5 20 1 2 28 11 27 10 23 25 14 12 8 24 6 29 13 6 20 8 5 23 27 27 25 15 6 26 7 14 15 22 29 12 19 30 18 2 18 27 9 14 30 9 21 17 18 25 29 13 24 27 28 17 27 20 19 14 16 2 26 3 18 7 15 14 20 17 23 11 8 23 25 29 5 3 29 11 8 24 13 12 9 7 14 24 11 13 21 1 19 18 19 21 16 3 3 5 30 6 7 12 4 11 24 20 16 1 16 15 26 16 27 29 30 6 28 3 16 20 2 1 13 12 27 2 22 14 14 1 2 22 7 14 17 20 4 29 12 14 26 10 26 11 24 26 28 9 15 29 16 2 12 28 9 8 27 4 1 4 12 26 5 14 13 6 20 23 9 12 25 5 26 2 23 4 19 11 8 17 27 2 4 13 28 24 2 12 29 17 2 25 10 1 28 13 15 23 12 23 9 13 14 25 3 22 29 9 6 6 18 23 10 19 28 8 8 30 20 18 29 18 23 5 21 4 8 21 16 8 28 4 25 12 12 9 16 6 6 1 5 15 29 19 1 15 9 10 27 21 16 12 29 23 7 19 13 14 15 24 11 2 15 18 6 17 3 13 7 7 8 11 17 5 4 29 23 8 30 26 7 23 17 14 28 12 15 8 28 18 29 13 10 30 1 18 16 7 12 25 10 6 19 3 29 27 19 20 19 12 12 23 5 21 9 10 21 30 17 12 22 27 1 15 2 5 15 20 2 18 22
16 15 30
378 80 324 207 433 166 343 395 366 428 31 22 206 476 469 66 35 89 300 362 229 480 147 277 0 78 309 315 320 358
1 13 12
23 363 298 311 398 186 116 263 350 399 459 474
4 16 26
292 245 196 230 355 215 93 175 140 12 143 465 285 316 338 204 488 192 220 268 381 52 340 392 363 460
15 12 29
190 373 68 406 384 43 156 335 6 368 36 149 158 294 92 408 189 394 410 248 21 439 351 14 380 392 466 469 486
4 11 13
353 310 42 380 224 176 27 29 8 248 296 406 494
10 18 24
19 473 418 142 3 344 463 396 337 231 306 426 51 348 387 422 255 494 481 1 67 172 310 339
4 9 16
447 10 232 486 15 28 423 475 61 203 83 16 111 185 48 128
2 4 16
76 134 123 164 197 424 205 106 259 113 440 225 438 95 183 427
2 19 9
435 84 9 484 115 450 122 274 487
1 7 13
154 374 38 472 42 114 159 207 208 214 235 316 336
1 19 11
320 63 241 471 479 278 54 229 240 367 445
6 20 15
330 409 110 282 71 257 383 161 270 59 217 177 188 120 485
1 6 7
288 243 202 246 306 311 440
1 13 29
349 267 216 69 172 133 367 482 145 60 121 412 492 178 443 314 466 219 296 263 319 434 210 157 430 49 151 231 272
3 3 18
371 209 165 146 459 271 114 150 455 425 490 388 305 133 161 188 442 476
1 18 10
262 5 7 58 70 318 362 372 461 483
11 5 24
290 237 75 182 441 98 405 82 457 183 129 235 11 458 342 437 119 81 24 92 108 285 327 449
14 14 28
25 483 358 193 386 431 77 489 187 456 163 293 47 17 382 46 357 208 173 377 393 118 90 138 243 325 368 407
1 6 10
122 334 47 76 185 189 245 249 376 434
7 13 29
213 67 295 411 214 497 40 184 131 283 70 107 252 153 79 361 376 26 160 50 41 287 496 32 88 126 130 278 394
6 5 23
64 401 180 375 250 474 244 179 194 116 390 478 370 331 148 453 212 308 128 200 156 174 268
2 4 10
137 404 251 299 211 52 60 167 187 312
2 5 9
414 454 495 369 53 168 238 273 347
8 15 28
48 151 273 226 436 327 417 139 350 352 234 467 318 449 333 354 364 281 222 109 272 30 108 130 326 223 294 369
1 2 10
389 246 445 26 61 75 164 265 396 400
2 11 17
280 399 345 317 360 18 379 284 477 64 162 163 197 226 334 450 470
8 9 24
240 249 104 228 289 239 279 413 202 100 462 365 152 58 117 260 159 253 171 23 112 242 430 480
3 11 18
242 54 78 372 57 102 62 33 451 223 274 79 100 171 262 281 384 405
2 9 30
336 302 341 470 491 90 162 97 138 322 2 20 498 468 304 332 261 303 44 328 144 32 276 307 91 21 45 308 422 435
3 9 20
87 99 329 199 167 312 96 181 464 170 135 415 112 101 148 266 326 377 389 398
6 17 16
419 45 126 266 1 141 4 444 218 49 50 53 300 360 436 496
4 19 9
74 416 402 191 24 397 0 403 264
6 7 12
72 65 385 34 201 265 427 258 95 94 251 293
5 7 16
321 313 236 7 356 452 347 297 39 227 125 323 120 256 260 457
3 1 13
359 238 432 221 400 256 499 339 269 325 101 91 135
2 3 11
346 85 13 84 147 198 224 258 317 409 475
3 3 8
275 448 195 127 169 8 313 342
4 15 11
460 391 174 291 37 55 461 286 247 321 448
8 8 18
88 446 86 254 105 155 429 487 421 420 315 407 124 82 152 288 301 458
3 10 9
485 136 132 198 309 10 83 160 454
1 2 8
233 103 73 301 56 59 355 495
1 18 6
442 493 314 333 403 420
