700 46 1085 47
8 7 28 16 1 16 11 4 4 26 20 30 24 24 14 23 4 18 6 22 22 28 18 3 1 3 4 30 30 11 12 26 9 13 27 18 25 24 28 18 27 28 9 13 22 26 21 12 16 15 24 6 30 8 9 26 16 21 10 15 2 21 1 30 2 29 7 10 17 1 17 1 20 11 12 24 27 25 10 2 14 9 24 6 8 2 25 3 21 21 16 24 21 6 29 19 20 22 16 26 30 27 6 6 9 13 13 20 28 8 26 18 24 9 22 9 6 21 23 10 30 26 16 7 20 30 27 12 20 5 5 17 23 14 24 14 8 17 9 14 14 16 29 15 30 18 8 19 29 16 28 20 22 26 29 20 8 27 16 30 23 1 16 24 22 1 21 24 24 3 2 5 6 20 14 16 9 17 25 10 26 21 7 15 10 7 21 14 29 25 13 3 3 16 14 26 29 30 29 26 30 18 21 14 16 7 28 11 23 11 30 24 19 4 9 29 10 13 13 15 23 6 8 26 19 1 16 5 15 1 15 2 11 27 12 8 19 15 5 9 3 12 25 13 30 23 5 23 26 24 14 7 21 4 5 4 7 20 27 10 9 19 7 25 17 21 19 5 4 30 11 22 5 15 23 28 14 12 26 8 13 3 9 18 16 28 3 9 22 11 21 6 26 25 10 1 26 4 7 26 24 15 27 12 7 24 2 13 13 4 23 25 25 9 25 6 28 21 13 18 20 25 9 2 7 15 8 20 23 7 25 6 21 29 7 6 17 10 19 29 15 30 12 14 15 14 26 2 5 26 10 24 29 10 17 5 3 3 11 20 24 10 18 13 6 7 14 22 7 9 1 29 7 3 17 24 28 4 6 19 18 20 30 19 20 2 24 14 18 18 22 21 9 26 17 18 12 2 1 8 26 24 30 10 24 5 12 3 22 11 8 4 19 18 23 30 1 9 20 9 7 21 4 7 11 9 23 3 26 23 23 9 26 11 26 2 22 28 10 16 11 10 6 30 9 9 29 6 29 27 22 17 20 8 28 19 4 25 20 5 8 5 16 22 16 27 2 13 22 17 4 20 12 30 16 6 5 8 21 12 9 17 23 2 23 10 8 27 16 2 28 28 17 27 12 14 23 2 15 11 5 15 19 13 1 19 19 10 24 4 1 6 23 14 2 3 2 29 13 6 16 16 24 8 28 14 9 21 18 13 9 30 25 29 16 4 2 14 28 10 3 29 4 2 21 6 30 24 18 4 23 9 25 2 20 15 6 20 17 17 1 2 9 19 20 19 3 24 27 20 5 12 6 22 6 11 27 27 19 21 24 12 20 21 23 19 20 11 24 2 15 3 16 13 22 8 16 3 9 24 20 10 9 26 25 27 4 1 18 24 14 29 28 5 6 21 29 19 7 25 6 19 8 8 20 17 16 18 17 1 22 5 30 16 10 16 3 4 7 13 6 4 8 15 9 30 18 9 6 15 3 27 8 14 30 5 14 13 28 7 8 19 10 17 24 1 12 25 15 3 6 3 3 20 4 1 24 12 3 25 23 15 20 16 14 1 9 5 5 16 18 15 9 11 29 2 8 13 8 6
10 29 10 24 8 21 14 27 17 13 29 22 1 8 14 3 20 25 23 4 13 28 14 7 12 11 12 17 26 28 30 15 24 29 11 6 9 7 10 23 9 20 12 8 11 12 4 23 17 27 16 30 27 20 15 2 30 16 11 1 10 18 7 15 4 23 1 1 14 6 22 28 17 27 8 16 10 27 18 1 3 18 12 16 2 1 26 5 22 11 18 9 1 12 8 28 15 22 18 16 11 23 17 20 21 29 14 8 6 26 23 7 19 16 9 24 9 7 19 18 28 3 29 8 13 2 8 27 14 16 8 15 28 9 10 17 21 7 11 14 4 10 27 16 30 5 5 9 21 1 7 13 28 24 24 13 13 23 9 21 26 29 28 6 18 4 18 30 14 3 22 12 19 2 13 22 14 14 22 9 24 30 18 1 22 13 23 10 3 22 21 28 3 19 25 25 13 7 6 16 26 9 12 14 14 11 28 27 2 23 23 19 17 12 7 10 9 17 28 18 15 13 2 5 14 17 1 23 21 3 20 20 23 11 4 19 14 11 14 2 16 26 23 17 4 19 5 9 24 18 24 22 16 29 28 30 5 4 10 16 4 28 20 11 28 15 12 24 14 17 12 8 9 11 1 30 26 4 1 8 7 18 11 10 2 5 6 13 26 14 17 16 10 12 17 24 29 3 11 24 27 19 26 2 22 10 9 23 2 23 3 7 21 10 10 26 10 10 25 18 3 25 20 12 2 28 28 21 13 27 13 24 11 22 19 27 17 20 18 16 12 7 10 26 25 9 23 28 3 28 19 17 16 17 19 11 8 11 24 7 2 7 25 25 15 18 8 13 22 9 29 2 9 20 28 2 21 27 27 2 14 17 25 16 3 17 28 13 30 1 5 2 28 7 5 14 9 27 24 2 28 16 19 25 8 3 25 20 8 1 28 20 26 26 3 24 15 26 24 26 20 4 13 3 28 15 22 15 26 6 8 17 12 7 7 15 12 8 7 30 5 30 30 10 8 17 11 3 13 24 7 12 1 7 9 1 6 23 19 17 11 26 8 13 30 27 22 12 7 29 25 28 26 29 19 5 20 7 26 21 20 10 4 16 6 12 30 21 6 5 11 27 26 8 14 26 9 15 18 9 20 29 9 13 20 10 4 21 19 20 13 17 3 23 30 26 25 23 10 14 29 10 5 24 15 24 4 11 6 22 5 26 8 26 26 30 5 26 8 2 25 11 16 11 19 6 22 24 13 5 24 19 19 27 8 7 10 12 26 11 16 7 25 19 25 14 24 16 22 17 14 9 28 13 26 22 17 28 21 21 11 7 20 24 12 20 19 7 14 11 9 16 20 1 30 7 7 22 19 10 7 17 1 29 21 2 3 6 4 15 14 15 8 1 24 3 11 26 28 7 3 12 24 21 27 15 17 1 5 7 9 13 14 14 22 11 16 9 11 27 8 11 15 11 9 17 23 4 16 3 27 29 13 25 27 16 26 4 29 19 22 10 23 29 8 22 22 14 28 26 29 24 19 24 22 22 23 14 26 17 1 1 15 7 21 27 19 10 22 20 26 23 30 13 9 3 15 24 16 28
1 8 11
473 252 107 121 138 279 326 461 488 514 579
1 3 14
420 74 601 238 38 634 526 134 66 302 332 380 594 661
18 3 33
132 561 626 651 611 524 439 485 395 430 565 161 142 305 137 347 648 191 222 612 65 128 112 44 317 217 124 504 548 3 224 306 311
7 9 29
178 694 57 281 0 593 80 411 631 244 481 392 307 351 688 90 660 403 699 547 76 643 467 533 630 209 12 355 615
1 20 14
341 469 415 396 499 304 178 213 352 419 454 526 593 638
5 16 14
536 356 9 673 181 585 398 164 14 67 105 534 544 545
3 12 24
486 678 480 584 667 551 99 665 92 326 258 243 500 508 519 344 214 305 351 400 473 610 639 677
2 12 17
358 280 369 277 629 389 502 208 231 258 324 345 445 507 603 620 658
12 14 28
553 676 100 451 200 498 376 680 475 223 388 476 309 568 428 242 101 226 686 282 479 50 16 189 266 289 634 663
15 7 39
546 422 560 324 220 570 361 103 138 541 353 518 297 435 515 380 576 352 436 193 14 607 153 625 404 368 239 163 71 319 194 445 329 98 588 68 76 425 542
7 20 22
176 155 550 160 67 563 299 539 599 35 91 692 655 501 315 136 96 345 256 403 557 607
10 13 18
431 168 669 514 120 595 195 63 421 578 426 413 697 373 656 294 43 368
3 20 14
27 377 624 16 391 362 46 78 161 210 233 319 432 453
2 16 18
19 248 70 419 635 196 446 494 321 265 73 129 96 408 479 546 670 675
7 9 19
503 323 310 507 257 432 148 75 441 531 89 653 620 679 650 186 693 87 362
8 3 23
118 590 314 465 482 169 671 367 117 610 549 393 233 349 636 60 505 84 291 333 343 459 466
3 15 9
206 383 39 363 490 270 451 468 612
5 9 14
135 240 54 79 675 644 464 264 19 51 110 223 268 476
11 2 32
463 598 522 234 397 449 81 143 203 201 279 175 552 690 442 333 183 270 457 2 662 251 623 259 600 602 11 22 292 443 509 529
16 9 35
381 113 400 325 342 199 574 107 41 666 516 72 33 684 17 162 292 640 386 241 406 22 254 125 119 250 189 587 559 267 48 140 280 283 520
2 5 10
387 575 77 301 537 637 37 55 134 439
5 13 13
23 306 613 538 86 354 287 677 70 100 172 209 566
14 7 31
166 69 458 603 589 170 261 126 300 262 145 215 229 416 198 154 586 20 131 510 511 179 6 363 382 502 530 575 582 595 650
8 4 23
438 211 682 484 594 34 461 440 617 37 109 268 492 231 360 562 596 215 232 257 349 462 519
5 10 14
372 495 237 225 525 188 289 236 452 38 109 475 535 560
2 12 19
49 488 313 247 207 290 115 303 66 263 698 123 194 299 392 436 559 657 671
1 14 10
197 320 116 157 108 330 195 216 508 617
17 20 33
43 649 97 59 412 84 654 114 332 529 418 663 133 228 554 104 322 121 399 105 158 530 151 402 167 130 497 367 386 416 533 571 596
1 11 18
521 122 558 88 695 468 604 641 513 379 50 183 204 296 373 540 598 693
1 9 21
462 106 394 308 7 227 487 401 338 350 384 141 535 5 92 185 193 212 364 666 672
2 15 9
691 245 31 133 155 341 365 450 489
1 16 13
448 327 348 661 370 311 190 659 390 24 77 247 431
15 13 38
316 172 147 657 184 95 340 564 573 334 478 455 174 443 26 15 385 556 180 674 606 527 42 165 459 433 53 58 540 149 260 284 394 563 576 616 618 625
6 20 42
32 483 219 6 346 447 55 335 567 437 645 127 171 156 355 110 185 579 642 374 577 30 450 517 597 460 339 685 275 283 13 664 147 251 264 372 414 452 553 569 584 592
6 3 31
192 512 205 474 378 633 621 286 269 273 506 256 4 619 453 622 532 639 302 111 328 318 253 405 199 308 336 379 420 558 585
11 5 28
29 509 11 616 608 683 68 408 274 658 218 581 3 491 152 638 288 140 284 12 555 423 615 173 87 207 313 321
2 14 13
410 591 489 45 213 632 523 97 259 277 317 567 684
3 7 12
46 271 249 646 528 216 580 359 545 171 236 385
3 3 13
272 221 614 18 51 89 145 298 377 389 423 587 680
6 12 25
429 434 542 224 582 144 375 214 260 230 557 672 150 471 10 337 78 62 543 93 534 101 538 565 635
2 3 23
652 566 61 572 544 472 295 52 583 382 343 177 312 94 56 609 647 371 470 0 158 412 547
2 8 5
285 235 477 136 537
14 15 35
291 278 85 47 24 417 520 493 276 424 102 365 668 298 266 427 687 336 208 48 456 569 31 93 173 182 184 393 487 515 531 619 632 640 691
4 4 17
159 681 628 187 202 357 366 605 425 689 149 29 225 322 329 446 456
12 16 33
293 409 414 496 40 454 592 696 255 627 8 204 571 1 466 83 331 407 212 25 618 182 123 246 7 82 127 191 282 301 518 681 687
4 4 19
146 5 139 36 364 670 21 28 232 82 210 444 296 64 335 387 458 517 621
