1000 40 1550 67
28 6 28 22 18 23 24 19 23 13 13 16 2 2 6 11 30 17 6 6 20 18 5 2 13 4 10 6 16 12 12 10 9 26 26 24 19 2 20 7 18 14 7 28 14 21 3 19 11 29 16 29 24 24 17 8 17 26 11 25 10 13 18 11 11 3 14 1 21 25 4 12 10 4 17 21 29 18 4 19 8 25 5 26 3 9 8 19 26 6 22 18 1 15 18 11 9 15 26 19 23 18 21 13 17 30 6 16 1 9 23 5 13 21 26 18 10 23 15 11 4 28 14 3 11 30 28 15 29 1 11 11 20 29 30 4 8 24 20 2 19 4 2 13 20 25 28 29 5 18 18 30 17 26 6 16 4 8 12 28 12 20 24 30 30 12 14 19 3 17 2 24 1 3 14 26 27 12 18 24 21 9 26 18 12 16 29 2 17 7 10 30 9 30 6 29 2 29 1 28 22 15 27 17 3 14 14 30 21 30 10 3 16 29 16 29 9 1 4 25 6 28 26 5 21 30 9 14 29 26 12 3 30 25 17 8 7 28 1 6 30 2 27 8 21 21 19 3 8 30 28 6 29 9 21 29 15 17 6 1 6 30 7 29 6 30 20 16 21 22 19 14 30 24 15 20 4 26 8 24 24 15 2 16 14 11 16 14 9 29 7 27 22 2 23 2 6 14 20 20 16 12 11 29 6 17 15 12 23 1 18 22 9 26 12 21 28 19 29 6 10 3 26 14 14 4 6 14 29 6 12 21 17 8 5 24 5 3 27 25 28 5 5 15 28 7 21 27 10 12 3 30 17 9 24 2 19 17 27 14 2 20 18 19 26 28 2 20 8 18 20 9 5 3 16 9 28 3 28 6 21 27 17 30 2 27 27 8 10 11 12 3 26 26 26 18 13 23 3 21 20 12 22 14 28 11 18 14 26 9 1 1 15 7 25 13 24 16 3 9 9 29 24 18 8 28 30 25 10 2 4 6 11 14 13 14 22 21 9 14 3 18 7 5 12 16 29 23 12 6 25 22 23 29 1 21 1 25 8 12 5 1 12 29 4 30 11 5 24 4 12 5 25 3 1 2 25 10 26 13 3 11 17 28 27 22 13 29 23 8 19 7 23 19 26 5 9 6 13 12 11 19 8 12 5 13 26 19 1 6 21 13 2 16 20 21 25 4 7 7 27 24 3 24 4 24 26 25 20 24 15 3 8 17 2 14 10 6 20 28 8 7 17 17 27 11 2 2 22 24 5 17 24 2 17 22 9 7 8 28 6 5 21 19 29 6 23 22 21 5 6 27 8 23 17 2 20 23 12 2 5 3 14 23 24 20 5 5 4 28 25 16 25 5 18 27 29 29 16 23 12 24 23 1 21 24 28 15 4 29 29 10 20 9 22 27 5 27 1 27 2 30 30 8 9 16 30 9 28 24 9 3 27 9 26 6 17 8 16 12 30 21 30 22 3 2 4 6 1 9 12 29 18 29 7 26 13 10 8 6 9 2 10 30 20 23 23 17 9 21 20 27 16 3 6 5 8 18 20 8 18 26 11 5 10 13 4 23 18 28 24 24 5 13 29 3 18 10 8 17 26 21 13 11 1 20 3 17 7 13 25 15 27 19 30 17 5 23 11 5 20 20 1 9 29 3 25 17 3 28 29 6 5 5 3 14 7 6 26 6 16 11 8 23 25 26 1 5 26 11 13 21 24 27 1 16 10 8 4 30 28 22 19 11 1 30 21 14 2 5 9 22 30 29 2 1 19 6 17 16 15 14 1 15 19 9 9 19 30 21 28 13 27 9 27 18 24 17 20 6 27 25 13 5 12 23 24 22 3 26 11 10 12 29 30 19 4 16 25 10 4 23 25 18 26 5 11 15 12 11 20 28 16 26 18 2 27 9 25 21 2 2 18 25 4 24 4 8 1 21 18 17 9 10 17 16 25 15 22 8 14 19 27 3 21 25 27 27 21 27 28 29 17 13 11 4 2 4 28 6 28 22 13 26 2 13 5 18 25 11 19 19 18 26 6 11 5 13 10 4 25 8 15 11 5 6 26 15 8 12 21 24 20 6 14 21 9 12 19 1 16 8 1 6 18 10 18 24 8 25 17 20 23 16 21 19 19 23 11 24 19 10 7 17 10 28 15 6 14 29 22 18 30 1 21 22 8 18 15 6 10 27 28 17 21 29 7 6 15 17 7 6 18 18 1 29 17 24 28 21 21 13 15 8 18 22 21 11 26 5 9 10 30 10 13 9 20 12 18 2
13 2 21 23 11 5 17 24 25 5 3 8 1 25 14 15 26 2 9 19 13 12 8 29 17 2 14 20 1 19 24 19 23 1 1 24 4 9 24 23 2 23 3 29 6 29 18 7 20 15 27 3 29 28 2 25 17 3 25 7 25 16 22 2 13 12 2 4 17 19 25 28 13 8 20 2 24 20 5 10 22 24 17 3 21 22 8 24 5 21 17 13 30 25 24 25 7 16 21 12 23 22 8 5 7 16 7 12 20 25 18 16 17 17 26 6 7 10 17 12 14 26 17 27 27 24 13 5 11 27 1 17 29 27 4 6 12 1 8 14 12 5 5 3 28 27 24 17 30 15 10 17 3 5 17 4 16 21 26 20 22 17 9 3 2 17 6 20 1 11 30 9 23 6 29 10 14 8 11 13 26 15 2 22 14 26 7 9 21 15 11 29 24 6 5 16 13 19 27 21 17 6 28 24 27 3 26 1 25 9 28 29 4 5 10 6 27 25 27 5 15 16 8 9 17 1 11 20 20 19 4 18 14 23 5 18 7 23 6 28 23 1 6 29 12 3 22 14 26 1 20 1 23 30 7 21 14 21 23 16 20 1 9 5 11 15 14 1 4 4 13 11 16 5 27 5 10 16 8 28 29 27 13 5 8 3 12 17 5 25 18 4 1 5 29 28 30 26 6 19 5 15 25 6 25 5 13 28 4 2 23 13 5 30 5 23 18 15 8 19 2 14 15 25 5 18 15 20 16 11 21 1 29 8 18 2 1 14 24 5 21 17 13 23 20 18 5 30 2 16 7 24 2 16 5 18 6 20 21 11 4 17 24 22 9 4 22 30 12 19 3 6 1 9 5 27 8 12 29 16 5 5 22 15 10 22 6 11 25 27 16 29 20 15 27 25 6 8 6 5 17 13 4 4 25 13 22 4 9 6 19 22 4 20 2 18 13 19 30 3 7 24 19 6 19 8 24 26 15 30 24 6 10 16 6 29 22 26 27 21 5 8 30 9 23 15 14 26 23 28 19 8 6 20 5 29 25 15 23 7 26 19 24 28 3 25 9 18 5 2 16 9 28 6 23 4 11 17 11 24 1 28 1 19 21 8 6 24 10 4 9 1 28 21 19 4 12 12 23 17 13 10 13 27 24 23 16 29 24 25 2 6 11 1 12 22 11 13 8 17 22 22 25 23 13 20 30 4 2 25 23 15 17 1 17 28 15 3 11 10 17 29 12 5 22 25 5 30 24 24 23 2 1 24 6 6 23 29 10 17 16 3 12 1 21 18 29 14 22 24 6 27 24 23 9 26 23 10 15 9 21 26 29 1 29 28 5 23 22 2 18 18 5 22 19 11 19 4 10 21 19 7 27 10 22 14 28 29 5 30 23 2 19 28 7 25 20 12 10 12 18 27 25 16 26 10 17 3 6 25 30 15 16 1 7 9 30 10 28 11 17 2 21 15 27 2 17 16 25 16 17 27 28 28 24 23 14 6 21 10 12 12 10 19 9 24 24 4 14 28 12 17 25 2 4 12 4 27 6 2 20 20 4 13 3 6 23 12 9 17 12 13 11 24 5 26 5 8 14 22 13 3 13 7 15 6 22 30 30 26 11 7 16 8 21 27 5 5 19 14 10 20 1 11 29 5 28 14 21 28 29 23 21 2 19 17 26 18 10 30 29 2 4 21 29 16 24 7 4 2 22 27 7 18 27 30 27 6 23 18 23 24 20 11 21 3 9 25 6 28 4 17 26 2 29 15 10 22 15 5 6 22 6 23 20 26 1 9 23 18 16 3 18 25 19 5 4 6 15 5 20 1 17 27 13 17 15 7 11 8 25 10 12 18 21 16 30 3 20 9 2 20 28 19 29 5 14 5 4 7 25 1 8 11 17 25 25 4 27 6 3 10 7 24 14 9 7 15 5 16 12 2 17 7 20 18 25 4 8 18 23 1 16 23 13 5 20 12 29 22 23 7 26 10 12 26 17 8 24 6 27 12 25 12 13 25 28 8 17 7 3 1 7 11 24 28 13 28 9 20 11 30 6 14 16 10 21 11 19 8 2 26 15 9 25 11 9 19 5 5 6 5 24 14 5 13 9 26 20 22 18 18 9 25 18 17 10 16 6 22 15 6 17 24 7 13 1 4 25 28 28 25 9 10 23 13 23 10 7 20 21 22 5 24 26 26 28 14 20 13 25 15 12 27 18 11 18 29 9 23 17 12 30 13 17 28 20 6 22 19 24 11 10 7 13 6 17 6 18 27
26 16 59
923 33 954 10 641 906 99 810 580 703 902 368 463 161 937 860 76 759 145 676 396 229 808 577 890 504 358 364 206 721 343 274 698 372 91 931 426 184 881 219 185 821 272 176 247 452 420 26 125 203 249 389 413 487 494 512 595 904 909
7 9 17
221 92 437 287 2 309 632 415 562 610 655 165 602 806 838 887 928
6 15 40
805 41 574 731 124 461 214 820 908 975 431 615 13 567 829 164 98 734 8 935 897 646 864 212 378 667 936 289 260 93 179 183 243 250 314 424 637 691 813 819
7 17 21
89 967 201 46 147 718 112 794 444 584 366 410 471 109 223 372 626 650 852 902 962
9 13 60
998 65 405 188 266 796 213 756 918 978 482 417 714 742 984 117 501 239 253 606 727 852 56 811 153 321 473 120 203 479 62 608 947 434 903 847 645 172 915 801 819 28 675 142 856 95 736 133 318 84 108 220 229 233 264 464 498 520 699 949
21 17 53
619 720 709 481 21 508 688 883 682 414 511 476 843 648 57 792 134 36 600 799 14 332 963 342 730 766 795 312 680 920 199 421 855 369 139 362 231 334 845 34 187 214 291 292 330 436 474 560 621 678 821 868 958
10 8 24
168 523 359 173 670 61 597 187 83 512 39 861 788 776 292 15 41 153 355 543 569 807 939 960
6 19 44
492 733 532 69 950 651 402 350 391 917 301 100 880 566 752 418 27 717 534 111 495 745 846 103 114 370 232 101 555 596 997 79 462 159 973 432 660 54 219 265 359 394 568 956
6 20 33
180 557 60 769 422 457 771 240 449 345 456 267 781 93 862 780 719 952 121 75 248 413 68 262 335 523 571 670 710 861 955 969 976
7 12 30
681 406 832 82 30 506 331 583 836 525 713 839 773 758 26 25 63 323 348 351 410 561 563 654 677 755 900 912 947 977
11 20 35
564 19 679 602 992 630 400 130 933 294 86 284 704 385 510 696 715 323 115 573 445 32 833 166 664 196 613 88 48 114 415 624 877 940 950
3 19 15
125 11 877 755 374 86 147 193 216 290 318 382 703 889 908
19 14 44
466 626 728 951 105 633 813 568 52 536 51 929 518 346 322 160 980 700 146 395 429 241 876 220 563 122 141 428 77 705 209 181 588 522 53 178 684 50 866 119 403 451 856 991
8 16 56
594 909 879 67 453 692 656 814 672 974 710 264 257 155 458 224 353 66 300 278 762 661 171 636 110 982 262 995 972 245 339 488 356 447 895 3 382 922 921 859 550 138 169 273 561 507 760 513 303 308 397 473 553 564 766 796
3 19 55
570 74 571 271 158 484 352 560 971 470 999 605 38 964 627 770 765 183 35 116 673 956 851 244 135 729 775 313 265 898 392 357 208 748 789 910 913 514 281 450 538 761 433 301 428 439 504 508 535 544 609 680 860 905 982
9 16 61
802 238 47 543 327 191 251 958 515 394 349 503 198 994 298 537 489 107 78 237 126 381 858 317 725 749 886 162 411 747 486 669 29 81 892 824 335 189 750 137 969 989 425 732 763 49 938 365 275 723 57 119 145 170 511 648 722 767 831 906 915
5 17 27
990 711 491 386 73 20 988 399 376 739 575 631 889 217 498 401 177 590 175 365 377 391 497 505 725 768 953
10 4 53
751 699 393 416 40 900 685 341 884 509 966 666 246 825 934 822 337 912 379 72 996 228 767 785 216 109 962 930 787 965 658 601 842 529 946 474 544 804 764 202 916 654 5 9 97 112 151 174 294 723 734 823 888
11 18 38
407 299 397 383 706 430 905 904 724 344 871 671 614 256 128 270 647 205 106 891 464 547 427 599 716 591 701 403 49 130 162 242 275 384 613 840 853 944
2 2 28
136 500 455 782 768 1 649 97 702 874 857 924 928 243 740 490 475 882 107 152 197 210 230 383 466 556 615 618
4 9 22
363 0 690 835 559 6 373 603 955 80 926 907 45 111 194 472 506 557 752 911 961 981
1 4 22
70 22 170 540 62 118 182 228 244 342 369 411 416 422 551 579 651 787 895 927 970 984
19 19 45
192 236 609 585 316 639 797 888 197 308 830 441 282 200 140 64 726 741 118 665 132 674 143 556 44 697 582 90 144 283 827 607 250 553 43 240 409 478 633 782 800 850 883 891 992
9 2 52
887 329 419 581 943 54 340 542 738 548 151 735 404 878 230 779 108 233 333 945 793 707 285 315 875 868 617 638 927 15 754 293 806 96 533 131 280 286 384 4 40 60 77 180 191 266 425 518 531 715 876 972
3 1 20
854 541 193 948 291 629 303 31 43 693 371 110 149 192 623 769 870 959 964 978
3 4 29
870 87 165 853 896 941 578 539 686 899 377 757 443 753 3 83 136 158 224 239 285 338 455 529 549 584 708 729 867
1 16 14
351 784 73 267 320 334 350 353 361 388 559 656 709 788
20 5 52
623 34 210 249 152 625 380 465 653 652 324 451 552 448 618 841 746 942 800 389 127 460 502 319 744 423 296 424 554 320 330 949 4 558 18 156 234 545 259 494 885 932 311 521 30 175 489 542 606 702 798 848
1 5 25
480 677 624 305 940 360 865 149 211 355 354 163 295 817 87 315 477 575 669 718 732 759 772 794 933
3 11 34
816 42 459 326 961 454 288 635 981 235 48 983 979 516 336 659 307 263 611 207 314 604 254 487 78 139 257 300 538 652 783 841 903 974
1 20 13
440 712 8 91 161 176 205 238 622 649 720 818 843
2 14 37
438 478 519 944 737 268 469 869 953 778 310 911 668 435 468 493 387 691 621 807 442 9 678 576 276 174 528 976 98 167 231 241 441 573 730 833 913
29 13 57
683 408 643 436 640 535 258 587 167 809 622 255 774 565 398 828 25 531 598 592 694 215 227 894 970 650 279 218 361 925 505 777 483 831 687 390 637 37 708 306 297 616 772 367 549 58 164 204 245 509 541 597 629 641 779 816 829
4 19 26
818 546 689 472 485 786 722 190 849 527 497 844 242 7 517 59 89 260 281 325 362 583 749 799 842 873
4 13 38
148 823 595 102 225 798 499 439 24 325 252 375 186 63 657 791 872 348 850 154 388 848 85 530 261 195 105 278 363 405 431 459 514 672 866 907 923 973
1 17 14
612 586 194 277 24 195 254 697 721 792 814 869 951 997
3 19 31
328 123 338 986 520 129 551 16 914 304 226 182 72 102 169 190 251 371 429 452 453 465 599 611 762 795 827 832 875 934 987
3 10 18
526 993 901 620 634 37 218 235 304 402 458 460 493 607 659 696 751 983
13 15 46
959 919 873 662 644 991 113 524 838 71 223 58 642 987 446 12 977 840 593 157 968 17 589 23 94 628 269 826 59 412 743 957 803 939 815 812 467 783 204 867 258 343 376 485 630 924
6 20 33
695 985 179 863 477 834 150 222 104 84 347 55 960 893 409 569 663 290 837 572 790 496 579 302 74 79 206 421 547 593 640 668 921
