700 38 1085 47
3 17 30 23 18 19 27 22 15 18 16 28 29 8 6 26 24 7 11 24 1 29 9 26 4 29 26 8 4 15 10 16 25 18 2 10 13 27 25 12 20 14 12 3 18 8 10 15 24 30 19 29 29 21 20 23 16 19 1 28 30 15 12 16 24 30 7 9 15 25 17 1 18 19 10 18 15 26 7 11 1 4 28 11 24 7 10 17 6 24 29 4 14 4 23 19 8 29 30 30 8 14 25 11 22 7 17 12 15 21 18 22 5 1 2 24 13 21 18 20 29 18 23 8 13 24 30 9 12 24 14 3 6 21 21 20 30 28 10 27 25 6 3 4 11 10 28 19 18 12 29 13 30 24 8 8 27 12 6 1 10 7 11 11 19 21 6 26 2 3 23 19 2 24 30 6 20 24 23 6 5 9 20 21 22 24 17 8 20 8 17 18 29 13 13 15 13 14 5 16 15 23 9 4 28 16 30 15 9 19 24 14 10 26 7 11 11 25 6 12 27 27 8 18 3 30 3 24 17 24 25 8 27 18 23 24 13 13 20 12 22 8 2 20 8 21 14 12 9 16 16 6 1 7 19 29 25 14 20 20 30 18 19 19 4 29 13 3 6 21 28 17 30 4 19 13 26 14 21 8 25 21 1 26 8 11 25 27 3 11 30 15 20 29 25 29 4 13 13 8 17 12 28 24 15 1 3 10 11 3 15 13 17 6 1 7 5 6 24 14 30 22 21 15 21 3 25 18 21 8 12 11 2 30 19 9 10 7 9 7 12 28 3 3 17 3 5 30 17 30 28 16 3 13 26 16 1 25 19 24 15 17 9 19 26 27 7 8 6 1 21 25 26 20 13 15 14 3 18 18 27 13 1 7 1 27 27 2 11 27 8 22 13 14 3 19 7 2 11 25 9 8 3 3 26 4 21 21 6 29 6 1 4 12 28 7 2 27 14 21 23 23 23 24 4 26 24 23 27 25 30 29 22 26 11 30 23 12 24 8 16 5 7 22 24 16 2 29 14 17 13 12 15 19 1 30 14 14 23 5 7 6 20 25 5 8 24 10 12 21 3 30 2 25 18 15 5 4 21 6 6 10 1 5 26 21 8 7 12 13 19 30 10 23 20 3 17 20 11 27 19 3 23 18 19 9 29 27 12 3 14 4 30 9 23 25 23 16 6 11 19 9 3 13 7 2 15 25 11 16 9 17 19 22 1 30 10 27 4 28 26 16 17 18 12 21 1 11 4 29 19 27 19 8 22 6 7 7 22 26 22 12 13 6 22 12 28 7 14 4 2 1 3 7 2 19 1 16 8 28 17 16 9 28 16 15 10 5 10 18 28 10 26 14 12 7 8 21 28 28 28 10 20 12 28 25 5 20 4 7 5 16 25 18 29 21 27 23 3 10 5 13 4 19 23 16 19 13 1 25 3 9 25 25 27 13 4 2 18 6 29 30 3 17 29 26 3 22 28 28 16 24 20 11 29 26 21 29 18 30 16 5 17 3 24 6 29 23 19 3 14 10 29 15 28 28 22 7 16 28 4 17 28 13 9 8 20 11 22 12 5 13 29 1 7 5 18 9 1 29
2 5 21 15 25 13 6 22 19 17 24 9 19 13 24 5 28 29 11 2 7 6 2 20 22 11 26 10 28 26 11 5 28 8 19 4 29 28 3 29 3 20 8 19 29 8 17 5 16 13 8 10 29 16 10 8 2 11 2 19 28 20 7 2 13 20 22 1 7 9 2 29 17 26 11 16 28 27 15 21 27 16 7 25 5 15 18 23 19 1 15 19 5 23 1 16 25 18 3 21 3 11 18 7 13 8 10 19 8 28 3 30 9 23 20 2 12 5 9 6 27 16 14 1 14 30 7 16 17 10 28 13 20 18 28 14 9 17 11 20 2 26 15 23 17 23 8 12 6 12 26 14 13 30 18 7 10 29 5 21 18 18 20 18 10 23 9 7 11 19 25 8 23 6 30 7 16 27 24 30 14 19 25 8 13 6 21 2 10 20 22 15 20 19 7 14 9 29 30 4 15 8 22 17 15 29 23 22 16 17 29 30 28 10 18 26 13 10 14 17 21 27 24 3 4 18 28 21 19 13 9 12 30 12 5 9 5 9 13 25 11 28 24 25 1 26 19 26 20 18 7 7 24 30 23 13 16 4 22 25 10 16 11 22 13 17 14 10 25 23 27 5 9 15 1 26 8 28 27 8 8 6 1 19 24 1 11 7 13 8 14 16 24 17 23 18 17 20 5 3 15 8 8 22 16 27 7 15 26 2 4 28 5 15 12 6 22 24 13 4 21 22 16 9 10 30 14 19 6 8 14 9 15 25 7 24 8 14 1 29 9 24 26 2 16 17 9 8 6 9 14 16 26 11 4 1 23 2 1 22 21 2 5 30 1 6 16 20 14 11 15 3 18 11 28 18 22 28 24 14 9 13 18 10 16 4 23 6 16 13 20 1 25 24 13 20 2 27 16 17 2 3 11 10 16 28 11 29 4 10 5 24 12 19 19 2 16 29 9 19 22 20 20 17 25 7 18 21 21 13 14 5 4 14 24 29 4 27 18 17 25 16 22 13 28 18 4 4 8 22 26 5 15 11 29 10 19 18 8 5 18 21 4 21 10 10 7 13 25 25 29 1 11 5 26 16 8 22 21 27 16 1 5 13 23 13 16 20 1 18 19 19 15 24 19 28 27 21 30 6 28 3 30 14 17 10 5 7 23 23 5 17 19 28 7 27 8 23 19 24 18 1 4 24 9 14 1 23 1 1 22 24 8 9 17 19 9 10 25 29 11 29 27 26 5 10 22 18 19 21 29 22 6 29 29 28 3 13 21 4 15 18 10 26 24 14 12 2 7 30 12 12 29 13 12 19 20 5 7 23 7 4 19 6 21 28 15 11 30 25 14 13 3 9 29 2 22 29 3 25 7 14 3 24 14 5 25 22 22 16 26 9 9 8 5 10 14 11 20 9 17 19 29 25 8 25 3 13 8 27 20 30 28 24 21 16 10 18 26 7 16 4 7 10 4 11 23 23 3 24 23 24 13 26 12 26 4 13 30 21 28 17 16 7 27 16 14 21 21 27 1 23 23 4 19 16 27 30 24 11 18 15 10 25 16 5 20 18 1 21 20 11 27 14 20 7 30 21 6 22
10 14 45
85 525 541 321 490 594 26 344 118 247 249 22 618 232 131 526 591 135 348 386 666 506 431 260 155 417 470 39 220 678 107 208 253 21 31 110 126 143 333 419 469 523 573 595 670
12 10 35
10 199 648 104 519 571 48 615 179 568 292 103 141 285 512 24 265 158 213 102 184 56 165 194 208 219 297 299 461 515 542 599 626 645 689
14 6 30
498 78 560 644 660 209 341 513 592 186 156 483 368 524 616 539 665 171 175 517 320 77 408 106 211 250 352 418 486 610
13 8 34
270 586 224 637 555 397 268 63 496 465 448 473 36 373 364 345 304 363 639 366 59 164 72 599 314 468 128 257 328 377 482 545 616 664
22 1 41
699 537 202 90 89 508 279 454 70 91 93 246 412 149 469 629 170 237 354 176 218 590 608 610 18 302 614 108 511 504 43 360 640 1 9 22 164 213 271 290 564
16 14 36
376 544 143 656 241 17 207 655 384 316 405 152 584 398 535 446 361 88 416 659 165 421 689 569 129 631 435 481 309 676 43 92 112 233 359 366
3 13 18
100 522 670 573 428 651 407 272 25 263 499 277 495 282 84 408 559 581
3 11 22
698 500 73 95 520 343 227 663 160 622 576 190 688 5 61 111 354 392 513 578 600 665
12 19 40
356 556 280 369 559 273 191 514 612 669 675 94 583 332 390 477 293 134 328 214 362 96 49 574 127 262 401 74 218 236 242 254 256 399 409 463 499 623 653 678
5 17 21
81 46 548 154 122 553 422 327 486 427 34 65 68 160 288 364 365 439 474 494 652
17 10 38
464 288 230 600 466 145 538 680 518 215 311 459 687 126 225 480 445 440 76 243 379 609 342 289 286 38 283 55 2 261 31 122 203 207 226 276 607 686
2 6 12
685 29 234 161 9 123 146 191 235 416 421 585
2 12 12
424 133 381 564 64 37 66 144 348 452 642 699
3 9 19
349 206 178 546 664 463 271 346 137 545 695 425 19 91 108 127 159 381 445
9 7 36
187 374 98 617 136 192 650 97 266 645 313 606 177 619 195 57 589 53 326 40 392 451 474 325 47 297 11 107 169 323 360 375 423 577 588 663
1 12 39
694 509 605 239 359 561 248 441 661 115 693 458 549 551 484 303 443 62 130 654 204 291 109 595 628 13 132 306 124 529 42 182 249 266 369 478 532 641 668
9 15 19
329 298 69 353 333 336 534 696 174 169 114 212 67 278 44 185 451 631 681
4 19 15
331 41 296 690 580 319 16 88 129 184 244 403 462 526 586
8 12 24
391 146 449 71 120 641 450 66 259 23 530 488 252 630 531 426 161 209 245 427 489 601 650 682
5 12 14
334 647 437 355 579 307 185 257 339 256 295 163 503 223
7 8 26
575 11 365 166 335 679 242 442 633 205 92 409 180 697 14 112 638 515 45 42 294 32 4 87 153 647
1 3 10
403 429 78 90 251 357 504 506 548 692
4 4 21
683 393 598 532 461 351 642 28 251 400 35 438 410 15 82 206 212 241 502 618 649
5 5 21
0 668 301 542 210 61 231 604 27 684 318 233 671 686 180 188 273 524 552 557 658
1 3 10
382 255 123 285 312 344 372 508 680 690
12 6 33
347 60 507 168 219 275 389 87 117 643 607 528 414 593 533 578 439 667 682 572 543 162 5 493 258 132 134 167 302 353 485 488 604
16 10 39
264 238 82 68 367 673 603 523 308 482 491 462 460 172 203 497 627 281 626 385 84 221 570 300 228 80 315 235 413 585 457 404 200 536 62 96 326 455 479
9 6 33
479 245 229 406 489 467 110 290 565 505 492 487 74 677 453 395 106 30 554 691 375 557 157 217 204 223 224 253 317 347 379 413 446
4 7 19
419 587 433 182 167 44 310 582 624 562 20 67 136 362 560 576 660 666 679
10 14 24
138 322 672 420 105 411 56 6 674 558 113 358 198 244 653 181 119 220 401 533 566 643 654 667
12 17 25
550 527 383 125 501 476 399 357 226 402 128 372 436 692 51 472 188 83 58 59 296 308 420 426 698
8 20 28
189 634 475 267 147 434 287 662 471 657 173 15 276 613 597 2 6 49 145 197 310 367 383 450 603 605 632 640
18 11 34
4 101 236 596 21 140 601 196 456 111 330 625 150 658 388 197 12 452 378 139 444 418 269 588 183 240 99 39 163 281 294 432 553 628
3 14 13
216 338 254 620 121 478 299 29 267 510 544 558 688
1 3 17
510 447 521 415 317 377 194 323 337 75 58 20 221 287 448 541 656
10 10 35
567 86 563 148 681 652 621 153 33 3 65 649 387 16 201 632 623 1 211 577 646 193 494 516 85 303 319 327 345 351 371 497 514 530 633
2 10 36
380 636 312 394 430 370 396 274 8 142 352 305 540 222 151 611 547 371 159 119 602 635 423 144 485 7 52 284 581 552 54 189 243 503 613 627
5 1 17
432 502 79 324 340 50 116 566 455 37 350 250 23 230 543 592 620
