800 403 1240 18
21 35 39 23 12 23 17 33 31 30 21 29 14 36 30 37 23 32 31 13 23 40 25 38 20 12 32 34 12 25 38 21 28 20 39 40 35 38 31 30 13 29 22 37 27 21 25 23 37 28 29 23 21 22 22 28 23 12 16 25 23 19 33 27 13 24 33 31 25 11 20 31 27 14 35 27 31 24 27 26 40 16 27 12 17 14 39 32 16 22 11 29 34 21 30 24 20 38 32 12 18 23 28 39 35 19 33 23 21 22 28 11 38 32 26 16 40 21 20 24 15 17 39 26 30 40 36 15 18 11 11 22 27 19 18 23 13 17 39 14 12 21 24 12 21 19 29 18 26 18 23 31 29 25 25 37 38 28 37 31 15 23 26 24 14 19 33 21 35 28 18 39 25 12 19 29 25 14 29 38 12 29 19 30 19 16 13 33 27 15 25 20 23 11 19 11 11 18 14 27 18 34 31 22 32 32 40 16 21 15 14 37 19 20 12 13 22 22 13 40 15 35 35 11 40 11 31 13 26 33 39 21 19 25 20 40 33 19 31 12 25 26 17 25 24 14 39 38 35 24 18 29 31 25 31 31 37 26 34 25 31 14 23 34 15 39 14 18 22 24 27 12 18 33 39 30 21 21 27 39 34 37 18 34 16 22 39 36 15 34 29 35 27 25 36 38 30 25 24 29 31 22 11 15 32 31 12 23 39 29 19 32 17 24 23 12 14 35 16 23 12 39 14 33 31 36 39 39 35 20 21 27 24 28 35 20 32 39 16 36 30 30 12 23 16 14 23 18 11 15 39 18 19 29 33 11 39 12 24 25 13 11 40 36 39 33 11 22 25 19 31 35 28 25 40 39 16 30 31 26 14 39 12 16 34 36 38 13 35 27 35 23 34 28 15 32 14 29 21 14 26 20 40 18 34 13 21 17 21 37 17 13 32 16 22 21 34 26 40 22 28 40 18 25 39 36 16 37 21 26 13 28 35 12 15 30 33 24 15 33 34 27 26 34 18 13 26 22 24 11 27 13 16 22 17 13 37 22 38 20 19 19 35 15 11 16 18 17 19 12 16 17 39 30 33 25 37 11 17 29 34 11 14 30 31 37 30 38 25 15 33 38 39 39 19 17 22 29 38 38 30 13 39 22 24 23 30 34 26 12 18 25 14 14 32 29 28 39 11 18 34 21 34 28 28 26 26 12 33 38 34 12 37 18 36 24 11 12 38 25 24 17 23 17 19 22 39 34 24 15 32 24 31 14 32 37 34 22 15 29 29 14 23 23 21 30 24 32 31 37 40 22 22 33 17 22 38 37 22 38 40 18 12 11 12 24 24 12 12 13 14 34 34 21 15 18 21 35 26 37 14 29 29 26 18 26 19 33 25 40 19 37 39 13 20 15 20 33 32 31 34 36 13 33 15 36 32 20 35 36 32 25 29 24 35 14 37 17 17 32 40 38 21 31 20 37 21 37 27 39 12 32 23 28 36 39 23 40 29 27 21 14 27 39 19 11 13 36 19 14 26 25 24 18 25 26 18 26 27 19 30 16 13 27 19 20 18 22 19 14 35 23 23 14 33 37 40 12 31 26 12 34 26 39 23 21 20 27 29 13 27 25 15 34 24 17 37 39 14 24 23 19 28 32 36 34 14 26 21 12 19 27 34 26 36 33 23 24 12 37 18 39 29 38 25 13 30 37 36 23 19 23 27 13 13 24 16 38 23 28 31 28 28 34 17 20 36 35 32 32 19 22 32 35 19 34 35 13 32 26 21 27 14 11 36 28 21 12 22 27 13 18 40 22 23 31 34 22 26 13
11 25 29 13 2 13 7 23 21 20 11 19 4 26 20 27 13 22 21 3 13 30 15 28 10 2 22 24 2 15 28 11 18 10 29 30 25 28 21 20 3 19 12 27 17 11 15 13 27 18 19 13 11 12 12 18 13 2 6 15 13 9 23 17 3 14 23 21 15 1 10 21 17 4 25 17 21 14 17 16 30 6 17 2 7 4 29 22 6 12 1 19 24 11 20 14 10 28 22 2 8 13 18 29 25 9 23 13 11 12 18 1 28 22 16 6 30 11 10 14 5 7 29 16 20 30 26 5 8 1 1 12 17 9 8 13 3 7 29 4 2 11 14 2 11 9 19 8 16 8 13 21 19 15 15 27 28 18 27 21 5 13 16 14 4 9 23 11 25 18 8 29 15 2 9 19 15 4 19 28 2 19 9 20 9 6 3 23 17 5 15 10 13 1 9 1 1 8 4 17 8 24 21 12 22 22 30 6 11 5 4 27 9 10 2 3 12 12 3 30 5 25 25 1 30 1 21 3 16 23 29 11 9 15 10 30 23 9 21 2 15 16 7 15 14 4 29 28 25 14 8 19 21 15 21 21 27 16 24 15 21 4 13 24 5 29 4 8 12 14 17 2 8 23 29 20 11 11 17 29 24 27 8 24 6 12 29 26 5 24 19 25 17 15 26 28 20 15 14 19 21 12 1 5 22 21 2 13 29 19 9 22 7 14 13 2 4 25 6 13 2 29 4 23 21 26 29 29 25 10 11 17 14 18 25 10 22 29 6 26 20 20 2 13 6 4 13 8 1 5 29 8 9 19 23 1 29 2 14 15 3 1 30 26 29 23 1 12 15 9 21 25 18 15 30 29 6 20 21 16 4 29 2 6 24 26 28 3 25 17 25 13 24 18 5 22 4 19 11 4 16 10 30 8 24 3 11 7 11 27 7 3 22 6 12 11 24 16 30 12 18 30 8 15 29 26 6 27 11 16 3 18 25 2 5 20 23 14 5 23 24 17 16 24 8 3 16 12 14 1 17 3 6 12 7 3 27 12 28 10 9 9 25 5 1 6 8 7 9 2 6 7 29 20 23 15 27 1 7 19 24 1 4 20 21 27 20 28 15 5 23 28 29 29 9 7 12 19 28 28 20 3 29 12 14 13 20 24 16 2 8 15 4 4 22 19 18 29 1 8 24 11 24 18 18 16 16 2 23 28 24 2 27 8 26 14 1 2 28 15 14 7 13 7 9 12 29 24 14 5 22 14 21 4 22 27 24 12 5 19 19 4 13 13 11 20 14 22 21 27 30 12 12 23 7 12 28 27 12 28 30 8 2 1 2 14 14 2 2 3 4 24 24 11 5 8 11 25 16 27 4 19 19 16 8 16 9 23 15 30 9 27 29 3 10 5 10 23 22 21 24 26 3 23 5 26 22 10 25 26 22 15 19 14 25 4 27 7 7 22 30 28 11 21 10 27 11 27 17 29 2 22 13 18 26 29 13 30 19 17 11 4 17 29 9 1 3 26 9 4 16 15 14 8 15 16 8 16 17 9 20 6 3 17 9 10 8 12 9 4 25 13 13 4 23 27 30 2 21 16 2 24 16 29 13 11 10 17 19 3 17 15 5 24 14 7 27 29 4 14 13 9 18 22 26 24 4 16 11 2 9 17 24 16 26 23 13 14 2 27 8 29 19 28 15 3 20 27 26 13 9 13 17 3 3 14 6 28 13 18 21 18 18 24 7 10 26 25 22 22 9 12 22 25 9 24 25 3 22 16 11 17 4 1 26 18 11 2 12 17 3 8 30 12 13 21 24 12 16 3
0 6 3
337 739 192
0 5 4
730 145 411 377
0 6 6
492 434 691 211 447 468
0 4 7
73 528 384 715 87 537 753
0 4 6
372 123 84 150 373 218
0 4 5
738 501 406 47 636
0 7 1
306
0 3 9
612 569 462 557 677 27 459 641 773
0 3 9
39 314 215 668 81 348 4 717 424
0 3 10
412 77 705 472 220 139 46 310 359 369
0 3 12
529 685 313 559 512 156 792 544 396 793 430 96
0 6 5
250 352 288 189 743
0 3 11
149 684 713 687 137 224 259 263 404 400 556
0 4 7
395 194 176 423 102 762 513
0 8 1
345
0 3 10
518 185 686 238 515 692 672 787 741 10
0 12 1
425
0 8 3
775 118 233
0 5 4
665 292 444 547
0 14 1
493
0 8 3
479 106 770
0 5 7
403 703 633 779 256 728 258
0 3 9
786 293 198 449 375 606 577 85 37
0 8 1
626
0 3 9
165 287 554 134 664 587 670 622 431
0 7 4
61 747 524 242
0 3 8
680 558 520 324 264 389 774 147
0 3 9
58 55 627 113 516 16 750 413 563
0 3 10
597 734 564 82 799 129 140 455 187 110
0 4 8
34 316 500 788 71 435 184 757
0 4 7
392 15 334 428 598 760 724
0 4 8
304 700 91 312 131 505 172 485
0 3 3
371 300 417
0 3 3
267 330 526
0 8 3
109 331 148
0 3 8
378 335 764 121 29 571 608 0
0 9 1
460
0 4 4
237 101 67 521
0 4 10
239 49 621 152 340 180 63 382 638 655
0 7 6
499 745 426 65 694 75
0 4 6
128 695 567 153 456 243
0 3 9
132 607 236 592 195 146 615 360 658
0 7 2
688 367
0 5 8
674 402 174 634 205 746 725 618
0 11 4
766 511 183 379
0 11 4
164 219 380 204
0 8 5
51 278 186 649 390
0 7 5
399 161 93 797 648
0 5 7
534 298 794 303 248 704 22
0 4 10
509 503 1 443 341 308 796 24 702 401
0 3 8
76 541 105 398 100 673 283 727
0 15 1
506
0 7 5
346 280 586 701 281
0 4 8
72 538 784 286 611 235 737 362
0 6 4
230 508 393 624
0 4 8
222 157 654 122 95 54 536 31
0 3 11
517 742 523 457 663 25 226 614 344 466 223
0 14 1
477
0 4 6
583 754 78 20 514 582
0 6 5
487 295 539 19 640
0 13 1
721
0 11 2
605 589
0 6 4
751 209 729 548
0 4 2
320 699
0 5 3
365 716 676
0 4 8
660 783 651 782 752 628 476 525
0 4 7
562 572 650 212 438 588 798
0 5 7
549 610 353 45 386 740 141
0 12 3
463 560 35
0 10 2
448 772
0 4 8
731 103 99 732 635 756 111 241
0 6 6
439 723 387 551 566 616
0 8 3
322 667 50
0 4 8
527 190 363 347 748 578 366 83
0 5 1
662
0 3 12
669 693 208 158 778 80 420 59 273 552 632 32
0 3 10
450 169 433 625 108 336 8 327 575 391
0 7 6
696 629 166 18 656 452
0 5 3
94 115 440
0 5 4
419 454 253 333
0 7 3
427 130 749
0 13 2
568 653
0 6 6
755 351 464 553 777 530
1 11 1
2
1 13 1
3
1 8 1
5
1 12 1
6
1 8 1
7
1 10 2
9 617
1 10 1
11
1 9 1
12
1 10 1
13
1 25 1
14
1 11 1
17
1 11 1
21
1 10 1
23
1 28 1
26
1 14 1
28
1 10 2
30 43
1 15 1
33
1 6 1
36
1 14 1
38
1 17 1
40
1 30 1
41
1 12 1
42
1 9 1
44
1 14 1
48
1 9 1
52
1 9 1
53
1 17 1
56
1 7 1
57
1 9 1
60
1 10 1
62
1 18 1
64
1 20 1
66
1 7 2
68 510
1 17 1
69
1 6 1
70
1 19 2
74 175
1 13 1
79
1 16 1
86
1 11 1
88
1 19 1
89
1 10 1
90
1 8 1
92
1 22 1
97
1 10 1
98
1 20 1
104
1 11 1
107
1 12 1
112
1 15 1
114
1 14 1
116
1 14 1
117
1 7 1
119
1 17 1
120
1 11 2
124 609
1 8 1
125
1 11 1
126
1 7 1
127
1 7 1
133
1 8 1
135
1 10 1
136
1 15 1
138
1 7 1
142
1 10 1
143
1 15 1
144
1 8 1
151
1 13 1
154
1 11 1
155
1 13 1
159
1 11 1
160
1 17 1
162
1 23 1
163
1 6 1
167
1 18 1
168
1 9 1
170
1 28 1
171
1 7 1
173
1 19 1
177
1 6 1
178
1 7 2
179 332
1 8 1
181
1 7 1
182
1 17 1
188
1 8 1
191
1 13 1
193
1 8 1
196
1 12 1
197
1 10 1
199
1 16 1
200
1 19 1
201
1 14 1
202
1 21 1
203
1 17 1
206
1 9 1
207
1 8 1
210
1 8 1
213
1 10 1
214
1 8 1
216
1 10 1
217
1 12 1
221
1 8 1
225
1 10 1
227
1 12 1
228
1 11 1
229
1 9 1
231
1 6 1
232
1 16 1
234
1 9 1
240
1 8 1
244
1 11 1
245
1 7 1
246
1 12 1
247
1 10 1
249
1 13 2
251 482
1 28 1
252
1 14 1
254
1 8 1
255
1 7 1
257
1 10 1
260
1 11 1
261
1 10 1
262
1 9 1
265
1 10 1
266
1 12 1
268
1 9 1
269
1 12 1
270
1 11 1
271
1 7 1
272
1 8 2
274 376
1 18 1
275
1 7 2
276 326
1 9 1
277
1 14 1
279
1 10 1
282
1 8 1
284
1 11 1
285
1 15 1
289
1 11 1
290
1 9 1
291
1 6 1
294
1 11 1
296
1 13 1
297
1 11 1
299
1 9 1
301
1 6 1
302
1 7 1
305
1 11 1
307
1 9 1
309
1 16 1
311
1 8 1
315
1 13 2
317 441
1 9 1
318
1 8 2
319 522
1 12 1
321
1 15 1
323
1 12 1
325
1 7 1
328
1 16 1
329
1 10 1
338
1 11 1
339
1 7 2
342 343
1 8 1
349
1 16 1
350
1 11 1
354
1 8 1
355
1 11 1
356
1 11 1
357
1 7 1
358
1 7 1
361
1 9 1
364
1 6 1
368
1 20 1
370
1 7 1
374
1 8 1
381
1 11 1
383
1 13 1
385
1 8 1
388
1 8 1
394
1 9 1
397
1 7 1
405
1 10 1
407
1 16 1
408
1 12 1
409
1 23 1
410
1 13 1
414
1 7 1
415
1 9 1
416
1 19 1
418
1 7 1
421
1 8 1
422
1 10 1
429
1 7 1
432
1 16 1
436
1 7 1
437
1 9 1
442
1 13 1
445
1 12 1
446
1 10 1
451
1 19 1
453
1 14 1
458
1 9 2
461 591
1 7 1
465
1 12 1
467
1 7 1
469
1 8 2
470 581
1 9 1
471
1 10 1
473
1 11 1
474
1 10 1
475
1 7 1
478
1 7 1
480
1 9 1
481
1 10 1
483
1 12 1
484
1 13 1
486
1 10 1
488
1 24 1
489
1 22 1
490
1 9 1
491
1 15 1
494
1 14 1
495
1 9 1
496
1 22 1
497
1 15 1
498
1 12 1
502
1 8 1
504
1 11 1
507
1 15 1
519
1 8 1
531
1 13 1
532
1 7 1
533
1 9 1
535
1 8 1
540
1 9 1
542
1 19 1
543
1 10 1
545
1 24 1
546
1 10 1
550
1 12 1
555
1 9 1
561
1 15 1
565
1 18 1
570
1 12 1
573
1 12 1
574
1 17 1
576
1 8 1
579
1 10 1
580
1 11 2
584 652
1 7 1
585
1 10 1
590
1 11 1
593
1 23 1
594
1 10 1
595
1 8 1
596
1 19 1
599
1 20 1
600
1 11 1
601
1 6 1
602
1 9 1
603
1 15 1
604
1 15 1
613
1 13 1
619
1 13 1
620
1 9 1
623
1 10 1
630
1 13 1
631
1 10 1
637
1 15 1
639
1 8 1
642
1 11 1
643
1 10 1
644
1 14 1
645
1 10 1
646
1 7 1
647
1 11 1
657
1 6 1
659
1 16 1
661
1 9 1
666
1 20 1
671
1 11 1
675
1 7 1
678
1 10 2
679 771
1 8 1
681
1 9 1
682
1 7 1
683
1 7 1
689
1 6 1
690
1 7 1
697
1 12 1
698
1 8 1
706
1 16 1
707
1 15 1
708
1 14 1
709
1 7 1
710
1 12 1
711
1 16 1
712
1 9 1
714
1 6 1
718
1 11 1
719
1 19 1
720
1 9 1
722
1 12 1
726
1 6 1
733
1 7 1
735
1 8 1
736
1 17 1
744
1 6 1
758
1 8 1
759
1 15 1
761
1 7 1
763
1 10 1
765
1 20 1
767
1 8 1
768
1 12 1
769
1 10 1
776
1 11 1
780
1 10 1
781
1 7 1
785
1 8 1
789
1 13 1
790
1 8 1
791
1 11 1
795
