500 290 775 20
38 13 35 35 40 19 19 24 13 23 37 20 14 39 39 33 11 40 40 21 20 35 16 33 18 34 20 15 37 33 25 37 15 13 12 40 30 29 39 21 40 40 16 18 24 28 21 33 21 36 11 15 14 16 16 17 16 11 37 34 35 25 21 20 27 26 16 28 12 28 20 14 35 17 21 31 22 36 23 19 11 21 37 36 34 32 39 15 28 38 39 17 35 15 16 24 17 23 25 19 21 11 31 18 40 31 30 24 20 39 39 37 36 36 30 14 31 34 21 31 27 38 35 23 28 12 36 14 31 38 22 15 19 14 31 36 21 30 27 22 16 28 30 30 21 39 12 36 14 31 16 26 34 30 26 12 12 24 23 31 39 26 24 19 25 23 22 40 24 34 21 36 22 24 26 40 26 13 38 16 13 35 23 20 15 14 39 13 24 24 38 12 40 16 11 37 23 36 15 11 38 22 25 31 22 24 26 33 26 22 36 23 37 38 24 30 27 27 14 24 16 28 32 17 22 35 32 24 30 32 29 11 25 39 14 11 18 15 19 22 27 32 13 39 38 34 23 40 33 20 30 24 31 34 26 25 33 26 22 39 11 30 22 18 28 15 22 36 19 34 20 18 29 26 30 33 13 27 24 16 26 14 35 35 40 39 29 34 17 19 36 35 15 29 24 28 15 40 15 25 38 13 24 31 35 24 22 20 24 19 34 24 35 27 13 13 34 12 26 28 26 32 32 32 11 17 38 27 13 29 18 18 22 22 38 25 35 28 38 24 38 19 18 13 28 15 11 26 33 21 12 14 35 12 31 28 38 30 33 27 39 27 25 28 28 17 19 24 19 27 18 36 23 13 19 18 19 32 28 23 16 22 17 30 27 31 29 32 27 14 30 18 22 13 36 22 38 32 37 27 33 29 26 27 37 26 25 24 38 31 27 38 22 12 20 24 39 18 30 38 25 36 28 29 35 12 26 34 26 35 33 20 33 16 20 21 22 18 19 28 22 20 11 22 18 27 23 14 16 12 39 27 25 26 23 38 11 25 12 13 11 14 20 19 39 11 33 16 23 31 18 14 23 38 30 32 26 26 16 15 29 39 29 11 24 33 39 26 12 19 21 32 21 20 39 21 23 36 40 14
28 3 25 25 30 9 9 14 3 13 27 10 4 29 29 23 1 30 30 11 10 25 6 23 8 24 10 5 27 23 15 27 5 3 2 30 20 19 29 11 30 30 6 8 14 18 11 23 11 26 1 5 4 6 6 7 6 1 27 24 25 15 11 10 17 16 6 18 2 18 10 4 25 7 11 21 12 26 13 9 1 11 27 26 24 22 29 5 18 28 29 7 25 5 6 14 7 13 15 9 11 1 21 8 30 21 20 14 10 29 29 27 26 26 20 4 21 24 11 21 17 28 25 13 18 2 26 4 21 28 12 5 9 4 21 26 11 20 17 12 6 18 20 20 11 29 2 26 4 21 6 16 24 20 16 2 2 14 13 21 29 16 14 9 15 13 12 30 14 24 11 26 12 14 16 30 16 3 28 6 3 25 13 10 5 4 29 3 14 14 28 2 30 6 1 27 13 26 5 1 28 12 15 21 12 14 16 23 16 12 26 13 27 28 14 20 17 17 4 14 6 18 22 7 12 25 22 14 20 22 19 1 15 29 4 1 8 5 9 12 17 22 3 29 28 24 13 30 23 10 20 14 21 24 16 15 23 16 12 29 1 20 12 8 18 5 12 26 9 24 10 8 19 16 20 23 3 17 14 6 16 4 25 25 30 29 19 24 7 9 26 25 5 19 14 18 5 30 5 15 28 3 14 21 25 14 12 10 14 9 24 14 25 17 3 3 24 2 16 18 16 22 22 22 1 7 28 17 3 19 8 8 12 12 28 15 25 18 28 14 28 9 8 3 18 5 1 16 23 11 2 4 25 2 21 18 28 20 23 17 29 17 15 18 18 7 9 14 9 17 8 26 13 3 9 8 9 22 18 13 6 12 7 20 17 21 19 22 17 4 20 8 12 3 26 12 28 22 27 17 23 19 16 17 27 16 15 14 28 21 17 28 12 2 10 14 29 8 20 28 15 26 18 19 25 2 16 24 16 25 23 10 23 6 10 11 12 8 9 18 12 10 1 12 8 17 13 4 6 2 29 17 15 16 13 28 1 15 2 3 1 4 10 9 29 1 23 6 13 21 8 4 13 28 20 22 16 16 6 5 19 29 19 1 14 23 29 16 2 9 11 22 11 10 29 11 13 26 30 4
0 6 3
228 124 468
0 14 2
419 284
0 13 2
383 487
0 7 4
318 331 466 56
0 8 1
280
0 13 3
140 3 186
0 5 1
227
1 22 2
261 122
0 12 1
239
0 7 5
470 81 427 438 431
0 10 1
216
0 10 1
356
0 10 2
136 20
0 7 3
236 123 127
0 5 3
446 294 292
0 5 7
125 270 324 162 479 411 491
0 11 2
48 36
0 7 3
364 389 353
0 9 3
12 200 118
0 16 2
311 355
0 6 1
198
0 12 2
453 150
1 18 3
153 58 89
0 6 7
0 26 18 322 415 191 184
0 8 4
100 245 112 413
0 5 3
188 310 482
0 6 6
375 240 133 313 60 398
0 4 5
80 302 400 187 402
0 9 3
52 218 299
0 6 5
113 246 335 149 199
0 14 2
160 454
0 11 4
465 90 287 35
0 6 5
148 329 273 181 423
0 18 3
404 57 244
0 10 1
129
0 5 8
46 225 151 111 483 95 433 348
0 10 2
282 78
0 6 2
392 101
0 4 4
309 119 278 102
0 4 1
73
0 20 1
257
0 7 5
167 108 253 471 172
0 10 1
82
0 11 4
109 4 177 179
0 4 4
30 96 406 472
0 8 2
461 178
0 8 3
463 289 343
0 12 3
305 138 390
0 6 7
15 396 42 223 98 442 201
0 7 2
272 2
0 8 1
332
0 7 6
315 97 338 301 254 5
0 15 2
241 62
0 15 2
180 213
0 15 3
439 275 269
0 7 2
295 222
0 12 3
175 314 339
0 5 7
373 489 367 7 378 190 76
0 9 3
316 403 152
0 9 3
87 422 349
0 11 2
374 182
0 6 4
344 130 417 425
0 14 3
141 255 135
0 6 5
264 51 38 168 434
0 7 1
83
0 3 5
449 202 460 382 158
0 11 2
233 139
0 6 4
440 6 435 154
0 13 2
306 121
0 13 3
103 126 105
0 17 1
363
0 8 5
381 464 410 485 206
0 14 3
37 85 159
0 10 3
346 497 164
0 17 1
173
0 11 2
354 379
0 7 2
33 448
0 8 6
297 22 161 365 106 474
0 5 6
436 226 296 40 298 330
0 6 5
409 238 456 204 397
0 4 7
478 24 357 45 268 337 499
0 8 2
262 307
0 5 4
420 120 428 450
0 9 2
170 68
0 9 2
210 451
0 5 7
416 484 53 258 176 29 342
0 6 6
424 477 212 281 104 235
0 14 1
69
0 5 8
260 286 325 362 490 340 196 71
0 6 4
459 63 249 384
0 5 4
462 277 399 341
1 12 1
1
1 23 1
8
1 15 1
9
1 13 1
10
1 10 1
11
1 13 1
13
1 19 1
14
1 14 1
16
1 15 1
17
1 15 1
19
1 12 1
21
1 13 1
23
1 26 1
25
1 12 1
27
1 16 1
28
1 19 2
31 157
1 11 1
32
1 21 1
34
1 13 1
39
1 16 1
41
1 12 1
43
1 11 1
44
1 20 1
47
1 22 1
49
1 17 1
50
1 9 1
54
1 17 1
55
1 28 1
59
1 13 1
61
1 17 1
64
1 11 1
65
1 18 1
66
1 11 1
67
1 19 1
70
1 20 1
72
1 14 1
74
1 14 1
75
1 17 1
77
1 7 1
79
1 29 1
84
1 18 1
86
1 12 1
88
1 13 1
91
1 17 1
92
1 19 1
93
1 12 1
94
1 20 1
99
1 14 1
107
1 17 1
110
1 12 1
114
1 18 1
115
1 23 1
116
1 12 2
117 395
1 10 1
128
1 23 1
131
1 21 1
132
1 10 1
134
1 12 1
137
1 19 1
142
1 18 1
143
1 21 1
144
1 13 1
145
1 18 1
146
1 27 1
147
1 22 1
155
1 23 1
156
1 15 1
163
1 15 1
165
1 25 1
166
1 14 1
169
1 16 1
171
1 18 1
174
1 14 1
183
1 16 1
185
1 17 1
189
1 11 1
192
1 14 1
193
1 26 1
194
1 14 1
195
1 22 1
197
1 16 1
203
1 13 1
205
1 12 1
207
1 10 1
208
1 15 1
209
1 9 1
211
1 16 1
214
1 11 1
215
1 12 1
217
1 12 1
219
1 10 1
220
1 22 1
221
1 14 1
224
1 18 1
229
1 13 1
230
1 23 1
231
1 24 1
232
1 12 1
234
1 20 1
237
1 17 1
242
1 18 1
243
1 20 1
247
1 16 1
248
1 12 1
250
1 19 1
251
1 27 1
252
1 20 1
256
1 20 1
259
1 14 1
263
1 15 1
265
1 11 1
266
1 31 1
267
1 17 1
271
1 13 1
274
1 19 1
276
1 10 1
279
1 19 1
283
1 17 2
285 317
1 11 1
288
1 19 1
290
1 16 1
291
1 19 1
293
1 19 1
300
1 12 1
303
1 16 1
304
1 15 1
308
1 9 1
312
1 24 1
319
1 16 1
320
1 14 1
321
1 10 1
323
1 17 1
326
1 26 1
327
1 9 1
328
1 10 1
333
1 16 1
334
1 12 1
336
1 23 1
345
1 27 1
347
1 21 1
350
1 19 1
351
1 14 1
352
1 14 1
358
1 13 1
359
1 28 1
360
1 10 1
361
1 12 1
366
1 19 1
368
1 13 1
369
1 21 1
370
1 11 1
371
1 16 1
372
1 15 1
376
1 10 1
377
1 19 1
380
1 14 1
385
1 19 1
386
1 26 1
387
1 21 1
388
1 18 1
391
1 12 1
393
1 14 1
394
1 21 1
401
1 14 1
405
1 12 1
407
1 17 1
408
1 19 1
412
1 11 1
414
1 27 1
418
1 23 1
421
1 24 1
426
1 9 1
429
1 16 1
430
1 25 1
432
1 17 1
437
1 13 1
441
1 15 1
443
1 19 1
444
1 18 1
445
1 19 1
447
1 10 1
452
1 22 1
455
1 9 1
457
1 14 1
458
1 11 1
467
1 18 1
469
1 20 1
473
1 10 1
475
1 13 1
476
1 11 1
480
1 17 1
481
1 22 1
486
1 18 1
488
1 11 1
492
1 12 1
493
1 11 1
494
1 13 1
495
1 16 1
496
1 13 1
498
