500 286 775 20
13 21 18 18 34 39 18 12 23 36 39 33 31 36 30 37 24 27 33 13 22 11 34 11 23 13 28 17 27 31 19 32 24 27 31 23 23 15 31 24 28 38 31 19 31 32 30 38 37 31 17 20 19 19 28 26 35 35 38 32 28 18 35 21 28 36 12 13 35 12 21 35 35 21 36 33 39 28 13 40 31 11 13 25 23 11 12 16 34 30 40 20 39 36 27 17 38 31 35 17 27 28 22 16 35 28 13 12 18 18 19 27 20 20 29 37 13 35 14 11 15 12 38 20 28 37 28 19 18 14 29 40 40 31 27 23 19 23 29 34 24 21 19 30 34 16 33 15 34 11 36 23 36 34 28 17 25 39 28 25 26 18 30 20 18 25 14 37 26 36 18 18 35 12 14 26 24 32 23 17 40 25 31 22 36 33 21 30 20 30 38 13 28 31 11 11 27 14 31 12 28 39 31 35 34 39 11 37 39 24 30 13 15 23 19 38 24 39 20 25 25 11 19 40 30 25 32 14 30 11 18 29 28 15 12 12 27 17 38 37 14 16 39 40 11 30 29 33 11 17 27 11 26 14 13 14 30 34 12 13 22 14 16 34 35 33 29 26 20 40 32 29 16 21 25 14 27 17 11 21 21 34 25 20 39 16 27 23 28 39 39 21 21 35 26 34 38 34 12 18 26 21 29 21 19 11 24 35 12 40 31 21 32 27 13 15 38 20 38 14 28 20 26 23 34 22 28 27 32 34 11 37 14 11 36 14 38 38 11 34 24 35 28 18 29 20 38 31 25 40 20 31 22 35 38 16 24 33 27 33 26 38 17 21 25 21 28 32 21 39 22 22 34 34 19 27 11 14 30 28 16 17 40 23 27 22 28 25 20 14 37 18 38 23 29 25 11 29 19 12 23 23 15 24 29 29 28 35 11 29 30 23 21 20 25 28 22 22 12 13 17 14 20 35 30 11 35 20 16 15 27 35 22 34 20 31 19 31 28 25 20 16 32 14 37 35 17 40 20 22 11 34 35 14 28 20 20 15 39 26 26 24 40 18 24 17 11 24 27 24 39 28 33 12 27 28 39 15 33 29 28 33 34 30 27 39 35 16 16 34 21 35 16 11 34 24 15 11 28 22
3 11 8 8 24 29 8 2 13 26 29 23 21 26 20 27 14 17 23 3 12 1 24 1 13 3 18 7 17 21 9 22 14 17 21 13 13 5 21 14 18 28 21 9 21 22 20 28 27 21 7 10 9 9 18 16 25 25 28 22 18 8 25 11 18 26 2 3 25 2 11 25 25 11 26 23 29 18 3 30 21 1 3 15 13 1 2 6 24 20 30 10 29 26 17 7 28 21 25 7 17 18 12 6 25 18 3 2 8 8 9 17 10 10 19 27 3 25 4 1 5 2 28 10 18 27 18 9 8 4 19 30 30 21 17 13 9 13 19 24 14 11 9 20 24 6 23 5 24 1 26 13 26 24 18 7 15 29 18 15 16 8 20 10 8 15 4 27 16 26 8 8 25 2 4 16 14 22 13 7 30 15 21 12 26 23 11 20 10 20 28 3 18 21 1 1 17 4 21 2 18 29 21 25 24 29 1 27 29 14 20 3 5 13 9 28 14 29 10 15 15 1 9 30 20 15 22 4 20 1 8 19 18 5 2 2 17 7 28 27 4 6 29 30 1 20 19 23 1 7 17 1 16 4 3 4 20 24 2 3 12 4 6 24 25 23 19 16 10 30 22 19 6 11 15 4 17 7 1 11 11 24 15 10 29 6 17 13 18 29 29 11 11 25 16 24 28 24 2 8 16 11 19 11 9 1 14 25 2 30 21 11 22 17 3 5 28 10 28 4 18 10 16 13 24 12 18 17 22 24 1 27 4 1 26 4 28 28 1 24 14 25 18 8 19 10 28 21 15 30 10 21 12 25 28 6 14 23 17 23 16 28 7 11 15 11 18 22 11 29 12 12 24 24 9 17 1 4 20 18 6 7 30 13 17 12 18 15 10 4 27 8 28 13 19 15 1 19 9 2 13 13 5 14 19 19 18 25 1 19 20 13 11 10 15 18 12 12 2 3 7 4 10 25 20 1 25 10 6 5 17 25 12 24 10 21 9 21 18 15 10 6 22 4 27 25 7 30 10 12 1 24 25 4 18 10 10 5 29 16 16 14 30 8 14 7 1 14 17 14 29 18 23 2 17 18 29 5 23 19 18 23 24 20 17 29 25 6 6 24 11 25 6 1 24 14 5 1 18 12
0 18 2
133 282
0 9 4
448 334 145 62
0 6 5
208 59 418 358 45
0 16 3
60 269 344
0 11 2
132 75
0 10 2
238 168
0 6 3
452 465 444
0 7 3
172 493 414
0 6 3
285 115 63
0 6 2
173 474
0 7 4
490 336 34 319
0 5 6
164 194 41 8 116 204
0 11 2
272 171
0 26 1
339
0 13 1
58
0 6 5
25 20 475 464 258
0 5 2
249 263
0 8 3
461 151 225
0 5 5
112 37 434 402 140
0 6 5
69 256 359 454 440
0 5 8
283 347 93 398 405 84 159 415
0 12 2
370 259
0 8 3
363 455 221
0 8 1
412
0 9 2
210 196
0 10 3
50 251 137
0 5 6
329 31 42 109 123 163
0 4 7
369 326 36 450 286 449 394
0 8 3
89 226 488
0 7 5
239 451 5 496 379
0 5 7
315 1 421 104 386 157 15
0 5 4
307 201 280 308
0 5 7
97 188 322 335 214 212 330
0 5 3
320 453 182
0 10 3
406 304 312
0 5 7
436 482 81 118 167 420 17
0 12 2
433 85
0 5 5
498 437 484 74 404
0 12 2
129 270
0 7 6
486 100 55 373 142 29
0 10 1
385
0 19 2
438 187
0 9 3
328 274 255
0 7 3
346 407 122
0 5 3
234 348 156
0 8 2
446 432
0 14 2
237 462
0 6 7
121 82 232 102 424 153 143
0 15 1
228
0 5 8
227 177 169 289 86 287 345 149
0 6 2
268 110
0 9 4
354 190 101 297
0 8 4
103 264 134 352
0 5 8
67 351 95 113 207 316 191 278
0 6 3
192 19 463
0 4 5
267 471 176 154 489
0 4 7
70 305 497 80 378 12 299
0 16 3
365 337 483
0 12 2
380 246
0 18 2
318 127
0 15 4
382 43 243 460
0 7 1
456
0 13 3
28 56 296
0 5 6
397 306 476 383 98 387
0 10 2
0 217
0 5 7
341 262 7 40 430 393 400
0 5 5
338 220 24 485 174
0 10 1
124
0 7 4
68 457 139 399
0 4 5
257 425 281 33 374
0 6 4
311 162 480 203
0 3 7
2 473 303 364 213 155 135
0 6 3
302 478 44
0 7 6
76 349 403 57 327 266
0 7 3
195 38 340
0 8 2
64 332
0 7 3
371 152 21
1 12 1
3
1 10 1
4
1 11 2
6 130
1 29 1
9
1 16 1
10
1 11 2
11 78
1 11 1
13
1 14 1
14
1 10 1
16
1 14 1
18
1 24 1
22
1 13 1
23
1 12 1
26
1 9 1
27
1 14 1
30
1 22 1
32
1 10 1
35
1 26 1
39
1 12 1
46
1 23 1
47
1 15 1
48
1 14 1
49
1 11 1
51
1 11 1
52
1 9 1
53
1 15 1
54
1 18 1
61
1 16 1
65
1 11 1
66
1 10 1
71
1 20 1
72
1 26 1
73
1 9 1
77
1 20 1
79
1 11 1
83
1 11 1
87
1 14 1
88
1 12 1
90
1 16 1
91
1 14 1
92
1 12 1
94
1 20 1
96
1 18 1
99
1 16 1
105
1 19 1
106
1 18 1
107
1 19 1
108
1 10 1
111
1 11 1
114
1 14 1
117
1 11 1
119
1 9 1
120
1 12 1
125
1 20 1
126
1 14 1
128
1 13 1
131
1 11 2
136 443
1 11 1
138
1 12 1
141
1 13 1
144
1 34 1
146
1 18 1
147
1 11 1
148
1 20 1
150
1 15 1
158
1 11 1
160
1 20 1
161
1 24 1
165
1 12 1
166
1 8 1
170
1 25 1
175
1 21 1
178
1 13 1
179
1 14 1
180
1 31 1
181
1 19 1
183
1 15 1
184
1 14 1
185
1 12 1
186
1 15 1
189
1 12 1
193
1 17 1
197
1 11 2
198 459
1 9 1
199
1 10 1
200
1 18 1
202
1 21 1
205
1 13 1
206
1 12 1
209
1 18 1
211
1 23 1
215
1 18 1
216
1 21 1
218
1 18 1
219
1 18 1
222
1 14 1
223
1 14 1
224
1 17 1
229
1 12 1
230
1 22 1
231
1 22 1
233
1 14 1
235
1 11 1
236
1 11 1
240
1 12 1
241
1 16 1
242
1 15 1
244
1 26 1
245
1 24 1
247
1 19 1
248
1 20 1
250
1 12 1
252
1 16 1
253
1 14 1
254
1 17 1
260
1 14 1
261
1 24 1
265
1 18 1
271
1 23 1
273
1 12 1
275
1 15 1
276
1 11 1
277
1 11 1
279
1 19 1
284
1 15 1
288
1 27 1
290
1 9 1
291
1 10 1
292
1 11 1
293
1 20 1
294
1 11 1
295
1 16 1
298
1 15 1
300
1 17 1
301
1 11 1
309
1 10 1
310
1 11 1
313
1 10 1
314
1 12 1
317
1 10 1
321
1 16 1
323
1 10 1
324
1 16 1
325
1 17 1
331
1 9 1
333
1 21 1
342
1 12 1
343
1 16 1
350
1 12 1
353
1 8 1
355
1 15 1
356
1 23 1
357
1 18 1
360
1 31 1
361
1 33 1
362
1 10 1
366
1 14 1
367
1 15 1
368
1 16 1
372
1 24 1
375
1 12 1
376
1 17 1
377
1 11 1
381
1 11 1
384
1 23 1
388
1 19 1
389
1 17 1
390
1 12 1
391
1 28 1
392
1 13 1
395
1 24 1
396
1 10 1
401
1 26 1
408
1 20 1
409
1 16 1
410
1 12 1
411
1 15 1
413
1 13 1
416
1 27 1
417
1 12 1
419
1 12 1
422
1 10 1
423
1 12 1
426
1 12 1
427
1 19 1
428
1 27 1
429
1 14 1
431
1 28 1
435
1 12 1
439
1 11 1
441
1 12 1
442
1 10 1
445
1 11 1
447
1 29 1
458
1 10 1
466
1 16 1
467
1 13 1
468
1 14 1
469
1 23 1
470
1 19 1
472
1 13 1
477
1 10 1
479
1 10 1
481
1 13 1
487
1 18 1
491
1 11 1
492
1 9 1
494
1 11 1
495
1 24 1
499
