300 181 465 20
29 19 32 37 18 12 20 36 21 18 28 30 40 19 18 11 30 39 12 12 27 12 27 12 16 27 34 23 18 12 15 32 25 34 31 11 18 33 33 39 34 28 20 37 36 21 37 27 22 22 12 13 15 28 25 39 33 15 12 32 14 38 15 25 21 32 28 14 35 13 18 17 16 34 31 12 14 25 32 31 35 31 34 36 26 31 16 19 39 27 13 32 11 28 40 16 21 17 14 30 22 24 20 34 24 29 26 19 25 32 38 38 20 23 30 24 24 39 38 23 27 25 24 11 26 14 27 38 37 21 16 35 29 20 27 28 31 33 28 28 11 29 20 26 33 18 30 40 21 23 14 38 36 26 32 21 19 37 23 11 12 16 30 12 38 34 39 31 19 33 27 24 22 25 21 33 15 26 37 34 30 12 14 35 16 23 27 17 25 17 21 31 34 23 26 13 26 17 40 23 20 29 28 21 11 36 33 32 24 27 35 29 22 15 25 16 25 32 17 24 26 37 33 33 32 31 20 20 25 38 16 22 35 24 12 16 12 25 13 23 36 34 34 32 24 17 40 31 27 22 25 38 24 16 21 36 22 28 24 33 32 39 20 40 35 28 13 32 13 15 18 23 33 38 29 13 24 25 16 22 28 20 39 18 38 14 37 39 35 21 35 13 21 40 14 38 27 33 31 22
19 9 22 27 8 2 10 26 11 8 18 20 30 9 8 1 20 29 2 2 17 2 17 2 6 17 24 13 8 2 5 22 15 24 21 1 8 23 23 29 24 18 10 27 26 11 27 17 12 12 2 3 5 18 15 29 23 5 2 22 4 28 5 15 11 22 18 4 25 3 8 7 6 24 21 2 4 15 22 21 25 21 24 26 16 21 6 9 29 17 3 22 1 18 30 6 11 7 4 20 12 14 10 24 14 19 16 9 15 22 28 28 10 13 20 14 14 29 28 13 17 15 14 1 16 4 17 28 27 11 6 25 19 10 17 18 21 23 18 18 1 19 10 16 23 8 20 30 11 13 4 28 26 16 22 11 9 27 13 1 2 6 20 2 28 24 29 21 9 23 17 14 12 15 11 23 5 16 27 24 20 2 4 25 6 13 17 7 15 7 11 21 24 13 16 3 16 7 30 13 10 19 18 11 1 26 23 22 14 17 25 19 12 5 15 6 15 22 7 14 16 27 23 23 22 21 10 10 15 28 6 12 25 14 2 6 2 15 3 13 26 24 24 22 14 7 30 21 17 12 15 28 14 6 11 26 12 18 14 23 22 29 10 30 25 18 3 22 3 5 8 13 23 28 19 3 14 15 6 12 18 10 29 8 28 4 27 29 25 11 25 3 11 30 4 28 17 23 21 12
0 11 1
169
0 5 2
92 243
0 6 2
248 227
0 6 6
299 249 58 44 197 292
0 8 4
97 23 142 242
0 12 2
209 96
0 6 4
141 16 173 253
0 15 2
88 181
0 11 3
43 123 240
0 13 3
110 109 82
0 8 4
0 86 217 1
0 17 3
222 94 174
0 8 4
170 116 281 91
0 10 3
269 46 195
0 12 3
50 241 207
0 15 1
37
0 10 3
280 17 80
0 9 6
228 258 45 56 261 183
0 9 4
48 107 246 278
0 7 5
62 104 160 247 105
0 11 3
89 277 22
0 24 1
201
0 5 4
19 32 159 139
0 13 2
136 154
0 7 4
4 239 156 29
0 7 5
70 220 225 90 230
0 15 1
26
0 14 1
72
0 13 3
145 98 267
0 7 1
27
0 4 5
231 187 216 95 42
0 21 2
157 124
0 19 2
20 79
0 7 4
143 291 36 237
0 7 3
234 67 113
0 8 4
257 288 236 244
0 16 2
122 167
0 21 2
290 10
0 11 2
155 2
0 21 2
108 128
0 6 2
133 176
0 7 4
9 223 266 218
0 9 1
114
0 8 3
190 121 279
0 25 1
127
0 7 3
40 265 272
0 10 2
259 164
0 12 2
179 185
1 9 4
106 191 202 276
0 17 2
151 140
0 8 2
224 41
0 9 3
132 295 85
0 8 3
172 208 298
0 10 1
119
0 13 1
38
0 8 2
149 262
0 9 3
14 287 61
0 10 1
268
0 9 3
171 77 182
0 19 1
168
0 12 3
199 103 204
0 14 3
102 251 111
0 4 4
25 64 87 76
0 18 2
71 229
0 13 1
274
0 10 2
186 214
0 10 3
200 63 289
0 18 1
180
0 6 2
49 252
0 9 2
188 211
1 33 1
3
1 30 1
5
1 32 1
6
1 17 1
7
1 17 1
8
1 32 1
11
1 20 1
12
1 17 2
13 163
1 17 1
15
1 27 1
18
1 10 1
21
1 19 1
24
1 14 1
28
1 24 1
30
1 21 1
31
1 22 1
33
1 21 1
34
1 10 1
35
1 20 1
39
1 14 1
47
1 15 1
51
1 15 1
52
1 30 1
53
1 17 2
54 192
1 23 1
55
1 26 1
57
1 14 1
59
1 12 1
60
1 24 1
65
1 15 1
66
1 42 1
68
1 20 1
69
1 19 1
73
1 16 1
74
1 15 1
75
1 17 1
78
1 38 1
81
1 31 1
83
1 20 1
84
1 23 1
93
1 14 1
99
1 15 1
100
1 16 1
101
1 19 1
112
1 19 1
115
1 17 1
117
1 18 1
118
1 21 1
120
1 21 1
125
1 13 1
126
1 20 1
129
1 25 1
130
1 18 1
131
1 21 1
134
1 32 1
135
1 17 1
137
1 18 1
138
1 30 1
144
1 13 1
146
1 31 1
147
1 15 1
148
1 17 1
150
1 23 1
152
1 20 1
153
1 20 1
158
1 20 1
161
1 33 1
162
1 32 1
165
1 44 2
166 255
1 27 1
175
1 19 1
177
1 33 1
178
1 25 1
184
1 21 2
189 212
1 14 1
193
1 14 1
194
1 16 1
196
1 19 1
198
1 20 1
203
1 20 1
205
1 21 1
206
1 19 1
210
1 15 1
213
1 31 1
215
1 21 1
219
1 23 1
221
1 16 1
226
1 25 1
232
1 19 1
233
1 30 1
235
1 26 1
238
1 19 1
245
1 14 1
250
1 24 1
254
1 20 1
256
1 33 1
260
1 21 1
263
1 21 1
264
1 22 1
270
1 28 1
271
1 35 1
273
1 19 1
275
1 21 1
282
1 28 1
283
1 32 1
284
1 16 1
285
1 17 1
286
1 21 1
293
1 12 1
294
1 17 1
296
1 26 1
297
