300 183 465 20
19 30 31 20 25 38 31 16 11 15 20 30 22 39 21 29 26 31 36 28 35 14 32 31 23 25 20 17 35 18 34 38 24 11 35 30 14 20 22 29 32 19 29 25 34 30 21 25 31 19 39 32 16 14 30 34 11 32 34 19 40 20 18 28 29 14 39 13 12 18 17 24 40 17 37 31 30 24 22 11 20 20 26 13 30 28 15 20 21 36 24 18 24 39 16 23 31 26 34 38 32 25 33 28 30 15 11 24 40 37 30 36 32 11 30 29 33 26 16 40 38 35 15 21 35 31 22 19 33 24 36 15 23 40 28 22 23 26 27 37 23 32 23 15 19 37 13 36 33 11 30 11 38 35 24 26 12 37 18 20 11 28 11 17 14 25 12 29 30 23 30 19 22 23 33 29 25 17 34 27 18 29 26 36 16 19 12 27 40 19 29 36 15 30 37 24 28 34 36 18 40 11 33 23 25 34 40 37 34 19 33 35 14 40 26 40 23 28 35 31 33 37 11 11 36 12 31 28 25 30 18 23 20 17 24 27 27 32 11 38 20 40 18 40 26 38 23 40 12 26 33 25 29 28 39 30 35 39 18 32 27 11 15 16 31 31 28 40 37 16 13 24 11 20 28 18 25 36 36 33 15 34 28 31 37 12 18 29 33 31 35 38 19 40 30 14 23 17 33 22
9 20 21 10 15 28 21 6 1 5 10 20 12 29 11 19 16 21 26 18 25 4 22 21 13 15 10 7 25 8 24 28 14 1 25 20 4 10 12 19 22 9 19 15 24 20 11 15 21 9 29 22 6 4 20 24 1 22 24 9 30 10 8 18 19 4 29 3 2 8 7 14 30 7 27 21 20 14 12 1 10 10 16 3 20 18 5 10 11 26 14 8 14 29 6 13 21 16 24 28 22 15 23 18 20 5 1 14 30 27 20 26 22 1 20 19 23 16 6 30 28 25 5 11 25 21 12 9 23 14 26 5 13 30 18 12 13 16 17 27 13 22 13 5 9 27 3 26 23 1 20 1 28 25 14 16 2 27 8 10 1 18 1 7 4 15 2 19 20 13 20 9 12 13 23 19 15 7 24 17 8 19 16 26 6 9 2 17 30 9 19 26 5 20 27 14 18 24 26 8 30 1 23 13 15 24 30 27 24 9 23 25 4 30 16 30 13 18 25 21 23 27 1 1 26 2 21 18 15 20 8 13 10 7 14 17 17 22 1 28 10 30 8 30 16 28 13 30 2 16 23 15 19 18 29 20 25 29 8 22 17 1 5 6 21 21 18 30 27 6 3 14 1 10 18 8 15 26 26 23 5 24 18 21 27 2 8 19 23 21 25 28 9 30 20 4 13 7 23 12
0 15 2
236 234
0 5 2
222 195
0 17 1
249
0 9 3
33 114 21
0 13 1
46
0 5 4
129 285 172 7
0 18 3
192 93 145
0 11 2
122 161
0 12 1
78
0 8 6
205 83 105 256 44 109
0 8 3
177 186 263
0 23 2
157 150
0 13 2
29 278
1 13 4
297 178 206 57
0 9 2
231 107
0 10 2
292 87
0 9 3
22 143 225
0 11 4
197 270 243 142
0 7 2
199 151
0 8 5
89 185 250 102 180
0 8 5
118 19 191 294 221
1 11 5
42 119 284 61 13
0 16 1
296
0 12 3
86 27 108
0 11 3
165 239 25
0 8 4
229 40 67 144
0 12 4
39 62 116 139
0 5 1
171
0 13 2
200 24
0 7 3
299 59 38
0 8 3
4 190 16
1 22 2
241 32
0 8 4
212 262 155 58
0 11 4
153 101 223 35
0 9 2
147 267
0 15 2
69 194
0 20 1
247
0 7 4
164 126 26 169
0 6 3
286 280 189
0 4 1
9
0 9 3
207 282 141
0 11 1
133
0 9 2
132 219
0 15 2
134 50
0 6 4
214 135 253 3
0 7 3
64 193 159
0 8 3
187 92 281
0 18 2
277 287
0 4 5
271 203 77 123 228
0 9 1
96
0 7 4
136 127 2 237
0 6 2
248 233
0 25 2
211 111
0 7 3
217 95 73
0 12 1
210
0 10 3
48 167 5
0 11 3
115 209 30
0 10 4
283 1 257 47
0 16 1
17
0 10 3
120 53 162
0 13 1
154
0 12 1
88
0 10 2
110 232
0 14 3
60 226 183
0 23 1
174
0 6 3
258 156 52
0 8 3
244 106 113
0 10 2
79 288
0 12 4
84 74 265 227
0 15 1
81
0 11 4
254 80 245 128
1 26 1
0
1 10 1
6
1 12 1
8
1 16 1
10
1 18 1
11
1 17 1
12
1 28 1
14
1 28 1
15
1 21 1
18
1 15 1
20
1 27 1
23
1 13 1
28
1 23 1
31
1 34 1
34
1 34 1
36
1 15 1
37
1 19 1
41
1 18 1
43
1 14 1
45
1 23 1
49
1 16 1
51
1 32 1
54
1 31 1
55
1 32 1
56
1 21 1
63
1 14 1
65
1 34 1
66
1 15 1
68
1 23 1
70
1 15 1
71
1 14 1
72
1 21 1
75
1 20 1
76
1 22 1
82
1 13 1
85
1 19 1
90
1 17 1
91
1 23 1
94
1 28 1
97
1 24 1
98
1 23 1
99
1 18 1
100
1 19 1
103
1 16 1
104
1 33 1
112
1 22 1
117
1 22 1
121
1 16 1
124
1 16 1
125
1 21 1
130
1 11 1
131
1 21 1
137
1 15 1
138
1 27 1
140
1 17 1
146
1 18 1
148
1 28 1
149
1 31 1
152
1 17 1
158
1 18 1
160
1 13 1
163
1 17 1
166
1 18 1
168
1 18 1
170
1 25 1
173
1 29 1
175
1 25 1
176
1 13 1
179
1 28 1
181
1 38 1
182
1 26 1
184
1 16 1
188
1 18 1
196
1 20 1
198
1 24 1
201
1 18 1
202
1 17 1
204
1 16 1
208
1 30 1
213
1 24 1
215
1 13 1
216
1 21 1
218
1 24 1
220
1 38 1
224
1 28 1
230
1 19 1
235
1 22 1
238
1 27 1
240
1 18 1
242
1 19 1
246
1 14 1
251
1 17 1
252
1 40 1
255
1 18 1
259
1 22 1
260
1 16 1
261
1 15 1
264
1 13 1
266
1 19 1
268
1 23 1
269
1 16 1
272
1 14 1
273
1 21 1
274
1 21 1
275
1 12 1
276
1 32 1
279
1 16 1
289
1 20 1
290
1 21 1
291
1 26 1
293
1 18 1
295
1 18 1
298
