1000 465 1550 18
14 17 39 25 25 30 21 18 34 26 13 19 23 15 40 26 31 25 33 12 25 19 19 32 13 13 15 30 34 35 34 28 33 12 37 28 11 38 17 40 26 25 39 19 19 17 23 26 28 29 14 39 40 11 38 14 19 13 38 15 17 23 36 39 15 33 19 14 18 25 22 32 35 14 26 21 26 19 31 24 34 37 21 17 30 13 27 33 24 20 23 29 27 20 30 18 14 29 37 11 12 12 12 33 16 27 29 32 31 28 23 33 21 30 15 39 34 23 31 13 11 18 37 26 31 38 33 36 24 19 22 11 37 22 22 18 15 30 17 15 28 37 15 32 12 39 29 36 39 30 31 11 37 22 26 31 35 32 38 15 18 17 13 18 11 36 32 38 38 35 40 34 30 34 15 15 18 18 26 33 12 38 31 29 31 29 23 18 16 39 15 39 23 40 13 17 38 11 13 30 25 19 38 28 21 20 31 33 16 26 40 13 38 19 19 11 40 33 37 30 37 23 38 35 34 23 15 30 22 33 35 17 33 26 30 26 11 20 19 20 26 21 11 16 16 24 19 26 40 40 23 17 36 39 27 17 38 20 29 34 31 30 38 20 19 19 36 35 13 17 22 16 38 22 19 16 40 30 32 19 12 31 40 23 34 31 36 26 12 13 11 24 27 38 34 29 38 23 11 24 22 30 17 27 32 35 16 30 20 34 17 19 33 31 11 24 39 33 38 39 19 16 35 25 26 40 39 13 35 31 24 13 36 13 32 32 22 13 17 37 13 35 21 37 35 16 39 11 27 15 40 37 19 27 30 22 37 36 25 35 17 36 32 21 24 32 40 19 35 14 39 25 26 35 17 40 35 38 26 34 30 17 39 13 18 33 26 24 23 19 29 32 20 17 14 16 14 21 33 17 12 14 11 23 38 21 12 26 12 28 14 14 25 12 34 16 13 22 21 15 39 16 15 12 36 11 39 14 33 37 35 31 38 18 34 36 37 11 37 28 30 24 25 33 22 15 39 33 35 25 22 23 30 19 23 22 20 29 40 28 12 16 35 14 30 35 29 26 39 29 12 26 11 23 40 32 12 34 24 34 13 39 37 32 23 33 32 22 18 35 38 21 30 14 21 19 37 14 32 15 14 22 11 35 38 31 31 28 13 33 26 17 33 20 12 31 36 33 22 30 13 27 13 13 36 35 19 19 23 24 17 21 31 23 31 17 29 30 35 17 17 24 17 24 15 15 22 21 14 20 30 29 12 15 15 14 34 40 31 38 32 26 16 28 22 33 28 25 35 25 14 38 35 36 30 37 25 28 21 29 19 24 29 21 37 30 39 11 25 29 19 35 37 37 26 31 29 24 25 23 39 32 38 36 36 33 19 39 35 13 33 17 35 27 39 29 24 16 32 26 29 31 21 29 18 28 26 26 12 17 20 22 38 13 12 14 40 38 37 33 25 32 27 39 34 22 11 18 22 31 29 39 14 40 30 24 18 21 14 38 23 20 16 40 39 12 21 25 29 20 17 14 23 16 13 39 16 21 15 12 18 37 36 18 29 25 24 19 12 14 29 39 25 40 29 12 17 26 27 20 34 34 40 37 22 12 33 14 11 11 33 23 11 28 11 21 35 37 16 13 22 36 40 17 21 13 15 25 38 34 26 28 33 23 37 29 21 35 18 39 29 36 15 15 29 21 35 40 12 30 22 35 19 15 14 24 35 21 36 13 40 18 34 23 31 14 28 30 35 16 21 21 26 18 26 26 18 14 17 18 31 26 11 24 13 13 17 33 24 38 30 12 28 33 34 19 29 33 24 15 16 17 29 33 16 18 31 27 24 19 16 15 38 26 33 12 39 24 40 21 23 24 38 14 12 13 32 26 17 29 36 34 33 36 17 19 30 20 20 22 27 15 38 31 35 23 35 30 39 30 39 14 17 18 22 13 24 35 14 13 29 37 37 13 19 19 29 34 31 17 37 35 19 21 27 38 11 37 16 35 34 33 21 22 12 30 34 27 39 17 21 16 28 34 21 29 33 34 16 23 18 37 25 21 33 35 21 34 37 30 15 40 32 32 18 19 28 36 17 30 13 35 27 40 26 23 40 23 19 30 26 29 17 17 23 17 31 22 23 20 13 19 31 34 28 38 20 32 18 31 35 24 19 16 25 33 19 17 39 37 22 40 14 12 30 15 21 27 32 31 16 18 35 29 12 30 23 17 28 33 26 40 27 21 21 24 19 34 31 26 11 35 40 31 25 25 11 19 34 30
4 7 29 15 15 20 11 8 24 16 3 9 13 5 30 16 21 15 23 2 15 9 9 22 3 3 5 20 24 25 24 18 23 2 27 18 1 28 7 30 16 15 29 9 9 7 13 16 18 19 4 29 30 1 28 4 9 3 28 5 7 13 26 29 5 23 9 4 8 15 12 22 25 4 16 11 16 9 21 14 24 27 11 7 20 3 17 23 14 10 13 19 17 10 20 8 4 19 27 1 2 2 2 23 6 17 19 22 21 18 13 23 11 20 5 29 24 13 21 3 1 8 27 16 21 28 23 26 14 9 12 1 27 12 12 8 5 20 7 5 18 27 5 22 2 29 19 26 29 20 21 1 27 12 16 21 25 22 28 5 8 7 3 8 1 26 22 28 28 25 30 24 20 24 5 5 8 8 16 23 2 28 21 19 21 19 13 8 6 29 5 29 13 30 3 7 28 1 3 20 15 9 28 18 11 10 21 23 6 16 30 3 28 9 9 1 30 23 27 20 27 13 28 25 24 13 5 20 12 23 25 7 23 16 20 16 1 10 9 10 16 11 1 6 6 14 9 16 30 30 13 7 26 29 17 7 28 10 19 24 21 20 28 10 9 9 26 25 3 7 12 6 28 12 9 6 30 20 22 9 2 21 30 13 24 21 26 16 2 3 1 14 17 28 24 19 28 13 1 14 12 20 7 17 22 25 6 20 10 24 7 9 23 21 1 14 29 23 28 29 9 6 25 15 16 30 29 3 25 21 14 3 26 3 22 22 12 3 7 27 3 25 11 27 25 6 29 1 17 5 30 27 9 17 20 12 27 26 15 25 7 26 22 11 14 22 30 9 25 4 29 15 16 25 7 30 25 28 16 24 20 7 29 3 8 23 16 14 13 9 19 22 10 7 4 6 4 11 23 7 2 4 1 13 28 11 2 16 2 18 4 4 15 2 24 6 3 12 11 5 29 6 5 2 26 1 29 4 23 27 25 21 28 8 24 26 27 1 27 18 20 14 15 23 12 5 29 23 25 15 12 13 20 9 13 12 10 19 30 18 2 6 25 4 20 25 19 16 29 19 2 16 1 13 30 22 2 24 14 24 3 29 27 22 13 23 22 12 8 25 28 11 20 4 11 9 27 4 22 5 4 12 1 25 28 21 21 18 3 23 16 7 23 10 2 21 26 23 12 20 3 17 3 3 26 25 9 9 13 14 7 11 21 13 21 7 19 20 25 7 7 14 7 14 5 5 12 11 4 10 20 19 2 5 5 4 24 30 21 28 22 16 6 18 12 23 18 15 25 15 4 28 25 26 20 27 15 18 11 19 9 14 19 11 27 20 29 1 15 19 9 25 27 27 16 21 19 14 15 13 29 22 28 26 26 23 9 29 25 3 23 7 25 17 29 19 14 6 22 16 19 21 11 19 8 18 16 16 2 7 10 12 28 3 2 4 30 28 27 23 15 22 17 29 24 12 1 8 12 21 19 29 4 30 20 14 8 11 4 28 13 10 6 30 29 2 11 15 19 10 7 4 13 6 3 29 6 11 5 2 8 27 26 8 19 15 14 9 2 4 19 29 15 30 19 2 7 16 17 10 24 24 30 27 12 2 23 4 1 1 23 13 1 18 1 11 25 27 6 3 12 26 30 7 11 3 5 15 28 24 16 18 23 13 27 19 11 25 8 29 19 26 5 5 19 11 25 30 2 20 12 25 9 5 4 14 25 11 26 3 30 8 24 13 21 4 18 20 25 6 11 11 16 8 16 16 8 4 7 8 21 16 1 14 3 3 7 23 14 28 20 2 18 23 24 9 19 23 14 5 6 7 19 23 6 8 21 17 14 9 6 5 28 16 23 2 29 14 30 11 13 14 28 4 2 3 22 16 7 19 26 24 23 26 7 9 20 10 10 12 17 5 28 21 25 13 25 20 29 20 29 4 7 8 12 3 14 25 4 3 19 27 27 3 9 9 19 24 21 7 27 25 9 11 17 28 1 27 6 25 24 23 11 12 2 20 24 17 29 7 11 6 18 24 11 19 23 24 6 13 8 27 15 11 23 25 11 24 27 20 5 30 22 22 8 9 18 26 7 20 3 25 17 30 16 13 30 13 9 20 16 19 7 7 13 7 21 12 13 10 3 9 21 24 18 28 10 22 8 21 25 14 9 6 15 23 9 7 29 27 12 30 4 2 20 5 11 17 22 21 6 8 25 19 2 20 13 7 18 23 16 30 17 11 11 14 9 24 21 16 1 25 30 21 15 15 1 9 24 20
0 15 3
247 0 191
0 4 2
455 513
0 5 6
340 540 921 547 758 693
0 14 4
52 320 316 643
0 3 13
271 883 517 915 583 249 917 187 872 356 775 208 612
0 6 2
415 634
0 6 1
131
0 5 2
918 180
0 10 2
953 646
0 4 7
31 245 81 228 550 421 601
0 3 12
295 458 333 960 250 82 834 858 853 484 812 681
0 8 2
777 916
0 4 7
93 616 653 778 40 516 591
0 3 7
221 923 868 416 657 212 374
0 18 3
734 871 272
0 7 8
541 189 932 436 865 742 94 460
0 3 10
75 524 579 829 217 901 80 12 926 241
0 3 14
749 962 469 903 201 170 532 371 656 95 263 32 409 621
0 3 8
857 235 509 746 861 852 985 737
0 4 6
296 485 625 733 451 125
0 3 11
181 196 751 288 885 423 6 105 398 637 844
0 9 3
269 22 731
0 4 5
347 466 130 773 506
0 4 9
341 426 137 186 158 542 839 741 121
0 8 4
938 678 691 255
0 6 5
759 178 73 165 275
0 3 7
809 381 312 772 577 311 826
0 10 1
21
0 5 5
929 164 120 280 302
0 17 3
467 607 512
0 3 11
875 10 14 277 988 818 978 55 582 922 879
0 2 12
136 991 845 127 150 718 820 574 190 974 984 947
0 5 6
676 216 767 748 813 41
0 3 14
291 239 739 229 366 380 244 143 670 218 652 543 556 651
0 9 2
313 898
0 12 1
443
0 2 13
999 159 475 114 738 650 407 482 629 234 140 286 78
0 4 7
474 854 786 348 154 959 67
0 2 16
162 611 525 722 627 71 727 596 902 521 424 631 413 24 706 862
0 2 14
907 268 661 493 200 905 309 633 169 763 895 665 576 925
0 13 2
954 72
0 2 8
635 806 401 673 98 528 497 686
0 3 12
501 595 511 276 626 350 588 44 792 243 972 298
0 9 1
687
0 4 8
833 536 935 908 321 723 166 719
0 2 10
352 470 106 726 110 821 330 976 704 740
0 4 7
265 906 60 884 128 338 975
0 2 11
132 157 899 324 225 672 230 422 411 293 793
0 3 11
716 145 927 359 514 569 623 408 931 529 56
0 3 12
282 863 89 339 933 15 315 257 728 515 329 163
0 4 8
860 77 172 666 224 760 266 92
0 3 8
389 575 453 535 638 270 859 939
0 3 8
824 139 553 133 146 382 476 967
0 8 4
776 900 603 799
0 2 12
355 615 176 982 508 498 97 551 433 832 370 349
0 5 6
471 109 558 134 590 897
0 6 6
199 393 565 891 712 155
0 4 11
256 226 184 499 660 761 797 491 663 986 966
0 8 2
973 534
0 4 8
559 805 397 327 479 26 683 968
0 5 4
238 873 303 122
0 3 8
998 970 431 586 735 449 695 317
0 5 7
138 781 756 206 319 365 345
0 3 6
222 240 769 613 7 37
0 3 12
549 977 955 357 372 279 103 675 410 667 477 961
0 3 8
993 161 604 600 435 452 351 284
0 8 4
572 701 677 96
0 3 8
503 111 964 457 505 207 360 33
0 9 5
504 99 440 198 941
0 4 5
669 948 662 456 867
0 4 8
957 116 388 599 597 943 385 705
0 6 6
405 123 152 890 185 11
0 18 2
292 919
0 8 2
391 34
0 5 3
546 783 300
0 4 9
428 587 894 594 66 732 581 2 5
0 7 5
210 782 849 16 27
0 14 3
640 417 167
0 14 1
570
0 5 7
404 220 375 387 248 989 803
0 7 2
730 819
0 9 5
289 160 571 658 252
0 7 2
654 273
0 9 2
494 83
0 6 8
294 711 838 418 62 395 602 144
0 5 6
568 4 527 102 717 606
0 2 10
227 851 837 639 682 236 59 232 981 942
0 4 10
403 174 645 887 445 548 800 790 434 636
0 4 5
618 465 314 983 28
0 10 3
930 406 118
0 6 5
480 18 332 19 48
0 4 8
801 994 376 679 183 632 246 258
0 3 10
171 843 197 655 39 965 745 425 254 664
0 8 4
215 30 242 507
1 14 1
1
1 9 1
3
1 6 1
8
1 7 2
9 87
1 14 1
13
1 9 1
17
1 16 1
20
1 5 2
23 794
1 18 1
25
1 4 1
29
1 8 1
35
1 5 1
36
1 12 1
38
1 13 1
42
1 14 1
43
1 9 1
45
1 8 1
46
1 5 1
47
1 6 1
49
1 8 1
50
1 6 1
51
1 8 1
53
1 6 1
54
1 7 1
57
1 8 1
58
1 7 1
61
1 20 1
63
1 8 1
64
1 12 1
65
1 13 1
68
1 6 1
69
1 11 1
70
1 8 1
74
1 11 1
76
1 10 2
79 557
1 13 1
84
1 7 1
85
1 11 1
86
1 4 1
88
1 9 1
90
1 6 2
91 561
1 13 1
100
1 9 1
101
1 9 1
104
1 10 1
107
1 14 1
108
1 7 1
112
1 9 1
113
1 6 1
115
1 6 1
117
1 8 1
119
1 8 1
124
1 9 1
126
1 7 1
129
1 7 2
135 344
1 7 2
141 608
1 6 1
142
1 9 1
147
1 6 1
148
1 9 1
149
1 5 1
151
1 6 1
153
1 13 1
156
1 8 1
168
1 5 2
173 335
1 11 1
175
1 9 1
177
1 6 1
179
1 7 1
182
1 7 1
188
1 8 1
192
1 6 1
193
1 11 1
194
1 24 1
195
1 8 1
202
1 7 1
203
1 13 1
204
1 14 1
205
1 10 1
209
1 7 1
211
1 13 1
213
1 9 1
214
1 6 1
219
1 12 1
223
1 16 1
231
1 9 1
233
1 22 1
237
1 6 1
251
1 14 1
253
1 8 1
259
1 5 1
260
1 8 1
261
1 6 1
262
1 16 1
264
1 8 1
267
1 5 1
274
1 10 1
278
1 17 2
281 699
1 16 1
283
1 10 1
285
1 7 1
287
1 7 1
290
1 6 1
297
1 8 1
299
1 10 1
301
1 10 1
304
1 9 1
305
1 10 1
306
1 15 2
307 318
1 12 1
308
1 5 2
310 580
1 9 1
322
1 11 1
323
1 20 1
325
1 19 1
326
1 10 1
328
1 7 2
331 856
1 8 1
334
1 7 1
336
1 10 1
337
1 13 1
342
1 12 1
343
1 8 1
346
1 13 1
353
1 12 1
354
1 8 1
358
1 10 1
361
1 6 1
362
1 7 1
363
1 17 1
364
1 7 1
367
1 7 1
368
1 5 1
369
1 18 2
373 610
1 6 1
377
1 8 1
378
1 7 1
379
1 7 1
383
1 9 1
384
1 21 1
386
1 12 1
390
1 8 1
392
1 6 1
394
1 7 1
396
1 8 1
399
1 14 1
400
1 7 1
402
1 6 1
412
1 6 1
414
1 15 1
419
1 7 1
420
1 11 1
427
1 7 1
429
1 8 1
430
1 13 1
432
1 6 1
437
1 12 1
438
1 12 1
439
1 6 1
441
1 13 1
442
1 10 1
444
1 9 1
446
1 11 1
447
1 8 1
448
1 17 1
450
1 22 1
454
1 12 1
459
1 11 1
461
1 13 1
462
1 8 1
463
1 9 1
464
1 10 1
468
1 7 1
472
1 20 1
473
1 8 1
478
1 9 1
481
1 11 1
483
1 8 1
486
1 6 1
487
1 9 1
488
1 12 1
489
1 21 1
490
1 13 1
492
1 13 1
495
1 14 1
496
1 9 1
500
1 10 1
502
1 10 1
510
1 14 1
518
1 10 1
519
1 10 1
520
1 18 1
522
1 10 1
523
1 6 1
526
1 10 1
530
1 13 1
531
1 13 1
533
1 13 1
537
1 9 1
538
1 5 1
539
1 7 1
544
1 12 1
545
1 6 1
552
1 9 1
554
1 13 1
555
1 12 1
560
1 6 1
562
1 10 1
563
1 7 1
564
1 9 1
566
1 5 1
567
1 15 1
573
1 4 1
578
1 6 1
584
1 12 1
585
1 6 1
589
1 17 1
592
1 5 1
593
1 4 1
598
1 6 1
605
1 9 1
609
1 12 1
614
1 6 1
617
1 10 1
619
1 13 1
620
1 9 1
622
1 7 1
624
1 12 1
628
1 17 1
630
1 13 1
641
1 13 1
642
1 8 1
644
1 8 1
647
1 8 1
648
1 7 1
649
1 16 1
659
1 7 1
668
1 7 1
671
1 7 1
674
1 8 1
680
1 9 1
684
1 8 1
685
1 9 1
688
1 9 1
689
1 11 1
690
1 6 1
692
1 13 1
694
1 11 1
696
1 21 1
697
1 8 1
698
1 7 1
700
1 17 1
702
1 18 1
703
1 6 1
707
1 20 1
708
1 23 1
709
1 10 1
710
1 7 1
713
1 10 1
714
1 6 1
715
1 10 1
720
1 5 1
721
1 11 1
724
1 21 1
725
1 6 1
729
1 15 1
736
1 10 1
743
1 10 1
744
1 7 1
747
1 20 1
750
1 13 1
752
1 6 1
753
1 10 1
754
1 17 1
755
1 7 1
757
1 8 1
762
1 6 1
764
1 18 1
765
1 5 1
766
1 8 1
768
1 6 2
770 920
1 8 1
771
1 7 1
774
1 8 1
779
1 7 1
780
1 7 1
784
1 7 1
785
1 10 1
787
1 8 1
788
1 9 1
789
1 6 1
791
1 18 1
795
1 13 1
796
1 7 1
798
1 11 1
802
1 17 1
804
1 7 1
807
1 10 1
808
1 7 1
810
1 9 1
811
1 10 1
814
1 11 1
815
1 9 1
816
1 14 1
817
1 9 1
822
1 9 1
823
1 16 1
825
1 11 1
827
1 21 1
828
1 8 1
830
1 8 1
831
1 13 1
835
1 16 1
836
1 7 1
840
1 9 1
841
1 7 1
842
1 5 1
846
1 7 1
847
1 17 1
848
1 6 1
850
1 11 1
855
1 6 1
864
1 7 1
866
1 9 1
869
1 20 1
870
1 9 1
874
1 10 1
876
1 12 1
877
1 10 1
878
1 8 1
880
1 9 1
881
1 6 1
882
1 8 1
886
1 6 1
888
1 6 1
889
1 9 1
892
1 8 1
893
1 7 1
896
1 8 1
904
1 10 1
909
1 9 1
910
1 9 1
911
1 11 1
912
1 10 1
913
1 15 1
914
1 11 1
924
1 12 1
928
1 17 1
934
1 8 1
936
1 6 1
937
1 6 1
940
1 8 1
944
1 8 1
945
1 12 1
946
1 13 1
949
1 7 1
950
1 5 1
951
1 9 1
952
1 23 1
956
1 18 1
958
1 8 1
963
1 18 1
969
1 7 1
971
1 16 1
979
1 12 1
980
1 6 1
987
1 13 1
990
1 7 1
992
1 7 1
995
1 18 1
996
1 10 1
997
