700 349 1085 20
28 29 37 23 30 39 33 32 11 12 28 27 21 24 21 28 23 31 20 13 38 15 40 26 38 34 32 39 18 36 40 27 16 15 15 15 32 31 20 34 25 40 23 11 18 15 16 33 23 37 26 40 12 12 26 28 21 32 35 25 27 37 21 23 21 40 36 33 13 24 36 33 31 13 26 21 16 15 40 27 20 14 34 36 28 32 25 27 25 16 11 18 36 20 23 11 36 40 27 19 17 40 39 23 16 11 17 29 19 23 20 22 38 25 24 30 36 34 18 37 21 39 40 28 22 16 13 24 17 32 37 39 26 12 23 35 27 25 13 34 31 14 38 13 25 32 36 19 22 16 34 21 29 20 33 33 11 28 33 30 30 39 11 37 21 28 24 27 20 23 22 32 33 19 21 25 36 39 11 34 13 13 17 27 20 40 23 16 29 27 38 33 38 11 18 13 14 38 21 40 38 39 17 15 12 37 23 24 28 16 13 17 40 14 37 17 30 14 13 24 11 24 13 20 17 13 24 33 40 26 22 27 12 16 25 26 12 35 12 28 34 33 30 24 37 12 21 31 38 28 26 13 19 38 35 16 27 28 18 26 12 25 22 29 35 24 30 13 28 37 13 11 25 33 16 27 17 38 18 31 13 15 40 18 26 39 28 36 23 27 39 19 21 12 18 14 29 37 38 18 15 33 30 31 24 32 27 19 13 36 24 26 15 23 30 39 11 12 25 32 16 35 30 33 25 20 22 36 16 35 33 14 31 24 38 25 13 35 36 35 38 15 33 32 17 30 28 21 13 16 26 17 16 40 19 34 24 38 11 31 37 34 38 37 20 28 22 12 13 40 37 33 35 36 26 37 23 33 17 25 34 14 20 11 16 38 32 33 22 15 20 31 37 39 19 14 12 17 18 34 35 11 22 26 37 28 22 11 19 40 31 17 21 14 18 29 11 25 38 34 39 17 11 11 12 31 22 14 32 28 36 22 16 31 14 11 36 32 25 39 11 36 32 38 33 26 30 16 39 22 40 26 23 14 21 32 28 33 25 22 15 27 21 34 26 23 11 39 19 36 27 27 26 26 27 26 14 27 30 32 20 25 16 17 24 29 24 34 32 39 39 18 26 29 24 15 22 32 32 20 11 32 40 24 30 34 19 26 24 36 34 13 13 31 39 15 21 31 27 27 19 13 23 21 12 23 37 22 11 17 33 32 24 34 26 26 16 11 22 11 37 26 35 34 25 30 17 39 16 11 21 32 39 29 39 21 31 38 40 30 40 34 24 39 22 34 38 29 34 33 28 34 28 35 33 20 11 30 23 40 30 36 24 34 20 24 38 29 17 21 25 23 30 18 14 25 23 16 16 33 27 16 17 13 15 20 18 20 16 33 28 28 21 15 39 29 11 26 27 11 34 31 28 15 16 14 17 12 39 18 26 24 29 13 38 17 32 33 36 34 37 12 24 21 14 14 34 26 33 21 26 35 13 36 39 22 39 26 11 24 13 27 29 38 35 32 39 12 21 30 12 25 21 33 19 26 17 25 25 13 33 34 14 24 16 20 13 38 40 36 27 16 22 25 32 29 39 36 26 25
18 19 27 13 20 29 23 22 1 2 18 17 11 14 11 18 13 21 10 3 28 5 30 16 28 24 22 29 8 26 30 17 6 5 5 5 22 21 10 24 15 30 13 1 8 5 6 23 13 27 16 30 2 2 16 18 11 22 25 15 17 27 11 13 11 30 26 23 3 14 26 23 21 3 16 11 6 5 30 17 10 4 24 26 18 22 15 17 15 6 1 8 26 10 13 1 26 30 17 9 7 30 29 13 6 1 7 19 9 13 10 12 28 15 14 20 26 24 8 27 11 29 30 18 12 6 3 14 7 22 27 29 16 2 13 25 17 15 3 24 21 4 28 3 15 22 26 9 12 6 24 11 19 10 23 23 1 18 23 20 20 29 1 27 11 18 14 17 10 13 12 22 23 9 11 15 26 29 1 24 3 3 7 17 10 30 13 6 19 17 28 23 28 1 8 3 4 28 11 30 28 29 7 5 2 27 13 14 18 6 3 7 30 4 27 7 20 4 3 14 1 14 3 10 7 3 14 23 30 16 12 17 2 6 15 16 2 25 2 18 24 23 20 14 27 2 11 21 28 18 16 3 9 28 25 6 17 18 8 16 2 15 12 19 25 14 20 3 18 27 3 1 15 23 6 17 7 28 8 21 3 5 30 8 16 29 18 26 13 17 29 9 11 2 8 4 19 27 28 8 5 23 20 21 14 22 17 9 3 26 14 16 5 13 20 29 1 2 15 22 6 25 20 23 15 10 12 26 6 25 23 4 21 14 28 15 3 25 26 25 28 5 23 22 7 20 18 11 3 6 16 7 6 30 9 24 14 28 1 21 27 24 28 27 10 18 12 2 3 30 27 23 25 26 16 27 13 23 7 15 24 4 10 1 6 28 22 23 12 5 10 21 27 29 9 4 2 7 8 24 25 1 12 16 27 18 12 1 9 30 21 7 11 4 8 19 1 15 28 24 29 7 1 1 2 21 12 4 22 18 26 12 6 21 4 1 26 22 15 29 1 26 22 28 23 16 20 6 29 12 30 16 13 4 11 22 18 23 15 12 5 17 11 24 16 13 1 29 9 26 17 17 16 16 17 16 4 17 20 22 10 15 6 7 14 19 14 24 22 29 29 8 16 19 14 5 12 22 22 10 1 22 30 14 20 24 9 16 14 26 24 3 3 21 29 5 11 21 17 17 9 3 13 11 2 13 27 12 1 7 23 22 14 24 16 16 6 1 12 1 27 16 25 24 15 20 7 29 6 1 11 22 29 19 29 11 21 28 30 20 30 24 14 29 12 24 28 19 24 23 18 24 18 25 23 10 1 20 13 30 20 26 14 24 10 14 28 19 7 11 15 13 20 8 4 15 13 6 6 23 17 6 7 3 5 10 8 10 6 23 18 18 11 5 29 19 1 16 17 1 24 21 18 5 6 4 7 2 29 8 16 14 19 3 28 7 22 23 26 24 27 2 14 11 4 4 24 16 23 11 16 25 3 26 29 12 29 16 1 14 3 17 19 28 25 22 29 2 11 20 2 15 11 23 9 16 7 15 15 3 23 24 4 14 6 10 3 28 30 26 17 6 12 15 22 19 29 26 16 15
0 8 3
264 124 456
0 5 8
36 168 650 74 355 448 251 97
0 9 3
285 598 348
0 3 8
23 140 332 454 39 428 387 608
0 4 5
235 412 343 243 503
0 6 8
43 295 408 187 190 368 217 108
0 5 7
177 462 533 69 502 493 646
0 3 6
413 581 28 521 346 358
0 5 6
563 615 67 84 40 599
0 6 5
130 10 146 471 583
0 4 10
418 278 301 537 321 483 2 81 154 329
0 4 8
485 76 55 487 287 203 131 547
0 3 7
624 432 164 160 612 229 317
0 10 3
165 272 416
0 11 3
260 6 541
0 5 5
662 661 316 635 141
0 4 6
169 488 536 622 497 236
0 6 6
280 249 431 590 282 42
0 5 8
618 403 193 302 656 211 100 114
0 4 5
197 314 58 429 552
0 6 3
423 50 444
0 3 9
246 366 556 596 512 248 136 247 668
0 4 8
215 51 87 27 481 594 233 550
0 14 4
672 277 184 353
0 5 9
163 665 453 30 653 479 113 519 297
0 10 1
605
0 13 3
64 63 200
0 10 5
419 148 651 298 496
0 3 9
683 629 415 19 223 377 257 527 671
0 6 5
411 16 56 530 551
0 9 2
364 99
0 5 6
194 214 338 546 327 388
0 5 7
372 150 626 166 75 34 514
0 6 6
482 525 170 443 473 54
0 6 7
652 65 199 279 625 461 283
0 5 6
290 300 636 291 325 253
0 4 5
120 318 38 538 310
0 11 1
128
0 10 2
468 32
1 15 3
430 587 513
0 6 3
378 689 686
0 4 8
68 531 499 641 112 634 109 528
0 5 6
698 561 609 22 78 489
0 3 9
46 47 359 137 586 520 592 555 181
0 9 1
289
0 5 5
102 375 402 77 422
0 6 5
409 523 196 274 396
0 4 5
103 347 425 226 447
0 4 4
424 82 286 59
0 8 2
33 505
0 6 5
490 390 399 567 115
0 8 5
495 66 191 504 467
0 8 4
18 227 144 267
0 6 8
398 224 452 526 142 29 336 458
0 6 8
393 354 524 395 673 219 328 680
0 4 9
91 118 369 466 645 518 404 385 121
0 9 3
179 480 478
0 9 2
4 534
0 8 4
511 351 405 436
0 4 7
273 135 49 463 293 237 126
0 9 4
654 639 660 305
0 8 4
400 232 258 477
0 9 1
435
0 6 2
330 666
0 12 2
578 648
0 5 6
621 569 676 209 96 491
0 11 2
474 341
0 7 4
133 460 638 319
0 7 4
539 255 506 549
0 9 4
695 439 588 322
0 5 8
276 234 440 60 664 201 80 603
0 6 5
26 188 367 340 307
0 4 6
566 516 434 600 446 649
0 5 6
7 678 602 616 542 593
0 4 9
655 475 476 24 15 562 457 44 241
0 14 1
441
0 15 2
79 94
0 3 5
3 365 86 379 151
0 4 6
14 335 535 472 574 12
0 4 6
376 95 674 356 663 517
0 4 10
579 110 21 324 155 244 352 208 185 670
0 4 5
591 442 73 597 350
1 13 1
0
1 7 1
1
1 9 1
5
1 10 1
8
1 8 1
9
1 14 1
11
1 22 1
13
1 9 1
17
1 9 1
20
1 20 1
25
1 9 1
31
1 9 1
35
1 15 1
37
1 17 1
41
1 8 1
45
1 10 1
48
1 7 1
52
1 8 1
53
1 11 1
57
1 11 1
61
1 7 1
62
1 10 1
70
1 9 1
71
1 19 1
72
1 9 1
83
1 9 1
85
1 19 1
88
1 11 1
89
1 9 1
90
1 12 1
92
1 11 1
93
1 10 1
98
1 12 1
101
1 14 1
104
1 8 1
105
1 19 1
106
1 11 1
107
1 8 1
111
1 12 1
116
1 12 1
117
1 25 1
119
1 8 2
122 685
1 19 1
123
1 9 1
125
1 22 1
127
1 11 1
129
1 9 1
132
1 13 1
134
1 8 1
138
1 20 1
139
1 19 1
143
1 14 1
145
1 14 1
147
1 17 1
149
1 11 1
152
1 7 1
153
1 9 1
156
1 9 1
157
1 11 1
158
1 8 1
159
1 14 1
161
1 15 1
162
1 20 1
167
1 15 1
171
1 12 1
172
1 9 1
173
1 8 1
174
1 10 1
175
1 9 1
176
1 9 1
178
1 9 1
180
1 10 1
182
1 9 1
183
1 18 1
186
1 12 1
189
1 13 1
192
1 17 1
195
1 12 1
198
1 8 1
202
1 14 1
204
1 11 1
205
1 14 1
206
1 9 1
207
1 8 1
210
1 12 2
212 363
1 15 1
213
1 8 1
216
1 12 1
218
1 9 1
220
1 9 1
221
1 10 1
222
1 15 1
225
1 9 1
228
1 8 1
230
1 11 1
231
1 12 1
238
1 10 1
239
1 12 1
240
1 11 1
242
1 9 1
245
1 8 2
250 357
1 9 1
252
1 15 1
254
1 18 1
256
1 8 1
259
1 15 1
261
1 9 2
262 381
1 9 1
263
1 18 1
265
1 11 1
266
1 17 1
268
1 12 1
269
1 7 1
270
1 17 1
271
1 19 1
275
1 11 1
281
1 10 1
284
1 18 1
288
1 10 1
292
1 10 1
294
1 12 1
296
1 7 1
299
1 12 1
303
1 9 1
304
1 18 1
306
1 7 1
308
1 13 1
309
1 14 1
311
1 14 1
312
1 12 1
313
1 10 1
315
1 9 1
320
1 21 1
323
1 12 1
326
1 8 1
331
1 14 1
333
1 8 1
334
1 11 1
337
1 15 1
339
1 10 1
342
1 7 1
344
1 13 1
345
1 9 1
349
1 16 1
360
1 9 1
361
1 8 1
362
1 8 1
370
1 7 1
371
1 9 1
373
1 12 1
374
1 10 1
380
1 10 2
382 464
1 8 1
383
1 20 1
384
1 19 1
386
1 13 1
389
1 12 1
391
1 8 1
392
1 9 1
394
1 7 1
397
1 8 1
401
1 12 1
406
1 8 1
407
1 16 1
410
1 17 1
414
1 12 1
417
1 9 2
420 515
1 14 1
421
1 11 1
426
1 13 1
427
1 12 1
433
1 7 1
437
1 8 1
438
1 8 1
445
1 8 1
449
1 12 1
450
1 10 1
451
1 9 1
455
1 12 1
459
1 7 1
465
1 9 1
469
1 9 1
470
1 14 1
484
1 8 1
486
1 9 1
492
1 8 1
494
1 7 1
498
1 15 1
500
1 15 1
501
1 8 1
507
1 9 1
508
1 11 1
509
1 12 1
510
1 8 1
522
1 12 1
529
1 18 1
532
1 13 1
540
1 12 1
543
1 15 1
544
1 8 1
545
1 7 1
548
1 11 1
553
1 13 1
554
1 19 1
557
1 10 1
558
1 15 1
559
1 11 1
560
1 11 1
564
1 8 1
565
1 6 1
568
1 12 1
570
1 12 1
571
1 14 1
572
1 13 1
573
1 13 1
575
1 10 1
576
1 18 1
577
1 7 1
580
1 7 1
582
1 9 1
584
1 11 1
585
1 13 1
589
1 8 1
595
1 7 1
601
1 9 1
604
1 7 1
606
1 15 1
607
1 9 1
610
1 15 1
611
1 13 1
613
1 8 1
614
1 7 1
617
1 11 1
619
1 12 1
620
1 9 2
623 669
1 17 1
627
1 9 1
628
1 12 1
630
1 9 1
631
1 7 1
632
1 11 1
633
1 12 1
637
1 14 1
640
1 22 1
642
1 8 1
643
1 11 1
644
1 15 1
647
1 10 1
657
1 14 1
658
1 16 1
659
1 9 1
667
1 13 1
675
1 10 1
677
1 15 1
679
1 9 1
681
1 14 1
682
1 19 1
684
1 11 1
687
1 10 1
688
1 6 1
690
1 19 1
691
1 9 1
692
1 18 1
693
1 12 1
694
1 14 1
696
1 11 1
697
1 12 1
699
