300 206 465 20
11 35 27 26 24 29 32 31 29 34 39 35 37 14 16 21 30 31 16 20 34 26 15 24 26 24 13 38 36 27 35 24 15 34 34 28 22 17 26 33 25 38 13 25 33 38 22 25 31 20 15 19 14 33 40 38 40 40 24 31 14 36 24 19 32 25 38 37 17 16 40 27 29 36 33 36 11 16 23 32 32 18 33 31 29 39 29 24 25 14 23 33 20 18 20 38 23 18 23 40 18 12 39 38 39 22 22 39 35 14 23 32 39 18 13 35 21 19 35 31 23 34 32 28 31 11 21 20 14 24 15 15 38 37 17 13 24 14 20 11 26 18 37 32 22 11 25 24 20 16 39 40 18 28 38 20 18 18 18 23 26 25 14 29 39 32 12 13 20 24 15 30 28 21 24 24 28 13 38 20 11 17 25 34 28 11 23 39 38 15 23 40 20 18 23 37 33 16 31 14 36 26 16 35 25 34 11 16 24 28 32 34 35 15 11 29 13 16 30 34 18 33 38 19 32 20 35 15 36 21 16 25 15 31 40 39 22 26 27 21 33 37 20 24 37 12 24 11 20 26 24 12 14 16 40 11 30 31 32 22 30 17 24 21 13 34 39 40 31 26 16 30 25 25 37 35 38 19 17 37 39 12 35 19 34 13 23 33 27 26 18 14 31 22 14 34 20 23 17 33
1 25 17 16 14 19 22 21 19 24 29 25 27 4 6 11 20 21 6 10 24 16 5 14 16 14 3 28 26 17 25 14 5 24 24 18 12 7 16 23 15 28 3 15 23 28 12 15 21 10 5 9 4 23 30 28 30 30 14 21 4 26 14 9 22 15 28 27 7 6 30 17 19 26 23 26 1 6 13 22 22 8 23 21 19 29 19 14 15 4 13 23 10 8 10 28 13 8 13 30 8 2 29 28 29 12 12 29 25 4 13 22 29 8 3 25 11 9 25 21 13 24 22 18 21 1 11 10 4 14 5 5 28 27 7 3 14 4 10 1 16 8 27 22 12 1 15 14 10 6 29 30 8 18 28 10 8 8 8 13 16 15 4 19 29 22 2 3 10 14 5 20 18 11 14 14 18 3 28 10 1 7 15 24 18 1 13 29 28 5 13 30 10 8 13 27 23 6 21 4 26 16 6 25 15 24 1 6 14 18 22 24 25 5 1 19 3 6 20 24 8 23 28 9 22 10 25 5 26 11 6 15 5 21 30 29 12 16 17 11 23 27 10 14 27 2 14 1 10 16 14 2 4 6 30 1 20 21 22 12 20 7 14 11 3 24 29 30 21 16 6 20 15 15 27 25 28 9 7 27 29 2 25 9 24 3 13 23 17 16 8 4 21 12 4 24 10 13 7 23
0 21 1
279
0 14 1
266
0 8 3
158 177 7
0 18 2
142 274
0 7 1
125
0 10 3
90 29 231
0 22 2
262 254
0 18 2
171 234
0 11 3
148 111 249
0 11 2
290 168
0 12 3
195 78 229
0 11 3
240 223 139
0 10 2
127 197
0 23 2
21 70
0 7 3
1 35 172
0 9 2
39 255
0 11 2
66 209
0 8 2
198 34
0 8 2
53 113
0 11 2
208 288
0 9 3
41 297 83
0 17 2
194 48
0 7 3
239 220 133
0 16 2
128 55
0 7 6
277 85 65 270 242 272
0 7 1
199
0 11 1
112
0 15 2
121 91
0 13 1
145
0 7 5
179 215 50 232 294
0 14 3
174 20 163
0 11 3
207 265 228
0 19 2
58 33
0 11 1
235
0 14 1
12
0 7 3
238 51 184
0 10 2
123 149
0 16 1
280
0 11 2
115 273
0 8 2
23 57
0 7 1
213
0 12 2
246 221
0 11 4
89 211 268 129
0 8 4
116 84 108 106
0 7 2
119 25
0 13 2
118 37
1 19 2
10 192
1 9 2
230 46
0 10 1
256
0 11 4
176 95 164 63
0 9 3
107 193 247
0 17 1
296
0 11 2
292 45
0 12 2
186 293
0 8 4
258 136 210 206
0 11 1
126
0 8 2
92 49
0 7 4
287 88 264 47
0 13 2
182 156
0 2 2
189 180
0 26 1
154
0 11 3
191 170 225
0 10 5
251 178 257 167 44
0 10 2
67 105
0 10 2
159 6
0 8 2
15 259
0 12 1
261
0 13 3
135 150 74
0 9 4
203 43 151 62
1 22 2
269 222
0 10 1
152
0 7 2
131 31
1 22 1
0
1 20 1
2
1 17 1
3
1 24 1
4
1 23 2
5 14
1 18 1
8
1 15 1
9
1 23 1
11
1 18 1
13
1 18 1
16
1 20 1
17
1 16 1
18
1 14 1
19
1 21 1
22
1 18 1
24
1 24 1
26
1 22 1
27
1 30 1
28
1 22 1
30
1 26 1
32
1 16 1
36
1 28 1
38
1 21 1
40
1 21 1
42
1 21 1
52
1 22 1
54
1 16 1
56
1 14 1
59
1 15 1
60
1 30 1
61
1 19 2
64 110
1 20 1
68
1 11 1
69
1 21 1
71
1 19 1
72
1 26 1
73
1 17 1
75
1 12 1
76
1 21 1
77
1 15 1
79
1 16 1
80
1 19 1
81
1 17 1
82
1 18 1
86
1 19 1
87
1 31 1
93
1 20 1
94
1 21 1
96
1 18 1
97
1 20 1
98
1 24 1
99
1 16 1
100
1 19 1
101
1 17 1
102
1 23 1
103
1 22 1
104
1 23 1
109
1 21 1
114
1 14 1
117
1 20 1
120
1 28 1
122
1 17 1
124
1 16 1
130
1 22 1
132
1 24 1
134
1 18 1
137
1 13 1
138
1 15 1
140
1 11 1
141
1 19 1
143
1 24 1
144
1 22 1
146
1 12 1
147
1 20 1
153
1 21 1
155
1 19 1
157
1 16 1
160
1 31 1
161
1 18 1
162
1 14 1
165
1 13 1
166
1 12 1
169
1 29 1
173
1 17 1
175
1 16 1
181
1 23 1
183
1 29 1
185
1 21 1
187
1 23 1
188
1 25 1
190
1 23 1
196
1 22 1
200
1 28 1
201
1 16 1
202
1 14 1
204
1 19 1
205
1 27 1
212
1 16 1
214
1 19 1
216
1 40 1
217
1 23 1
218
1 12 1
219
1 22 1
224
1 21 1
226
1 16 1
227
1 19 1
233
1 18 1
236
1 21 1
237
1 21 1
241
1 22 1
243
1 37 1
244
1 14 1
245
1 24 1
248
1 19 1
250
1 21 1
252
1 31 1
253
1 17 1
260
1 19 1
263
1 30 1
267
1 16 1
271
1 25 1
275
1 17 1
276
1 20 1
278
1 19 1
281
1 22 1
282
1 29 1
283
1 26 1
284
1 18 1
285
1 15 1
286
1 16 1
289
1 21 1
291
1 36 1
295
1 26 1
298
1 18 1
299
