800 31 1240 18
39 40 31 18 13 17 33 28 21 29 17 35 21 21 26 20 12 25 27 34 38 13 30 28 22 28 31 25 33 30 21 11 39 32 16 13 20 34 19 36 24 15 32 34 28 34 33 38 16 37 40 31 36 40 23 20 31 25 32 20 40 26 25 31 16 31 33 20 34 28 19 16 18 34 30 11 28 37 12 14 37 29 33 13 20 18 25 37 18 11 28 38 25 21 31 40 26 15 40 31 30 14 15 23 16 34 15 37 14 32 18 36 13 22 38 29 18 22 34 33 17 16 23 12 40 27 26 21 22 28 30 19 23 31 33 19 36 29 31 36 32 23 25 16 11 34 22 21 20 25 23 15 28 34 19 17 36 19 14 39 24 16 20 14 29 39 20 33 39 34 32 33 20 30 24 24 27 23 38 19 17 24 29 18 23 11 37 29 24 32 14 29 40 39 32 33 22 38 22 14 17 38 15 15 11 26 22 18 21 32 30 13 29 38 23 36 36 19 20 25 35 27 30 14 39 38 40 22 27 17 12 28 26 25 24 19 18 11 21 20 14 32 26 37 13 12 21 29 38 39 13 26 29 39 29 13 19 32 33 39 32 38 16 35 21 24 26 22 12 12 21 35 30 24 23 24 34 25 15 38 32 20 38 26 32 36 23 16 31 26 29 19 37 21 36 39 21 24 17 34 37 19 25 26 14 27 39 26 19 20 13 34 29 30 23 37 37 24 15 21 11 18 39 30 18 21 36 19 29 18 40 35 30 38 23 28 22 15 11 33 27 24 35 31 32 30 12 25 29 29 11 32 27 13 22 25 35 19 36 13 25 20 17 22 36 28 30 28 38 12 25 30 15 26 14 34 21 29 20 28 24 40 38 39 21 37 12 13 25 31 18 31 33 13 40 36 29 13 31 12 19 36 35 33 21 38 39 28 28 35 27 11 17 18 25 19 30 11 18 37 16 37 20 24 34 24 13 15 29 33 38 30 18 24 16 40 13 22 37 25 39 32 35 25 38 35 34 15 31 26 14 32 38 11 21 34 14 25 19 22 34 22 40 31 30 37 31 40 35 17 15 12 20 37 14 27 38 11 27 14 35 27 32 30 21 25 22 21 20 14 12 11 17 28 27 35 30 39 23 15 36 35 36 26 29 13 32 15 39 26 35 31 35 23 16 14 11 16 27 40 24 12 15 24 11 15 39 26 12 15 20 22 23 37 13 35 28 20 15 29 29 28 11 26 23 25 13 38 34 15 12 25 27 24 33 23 22 17 11 16 26 28 19 29 18 11 40 35 13 15 14 33 38 26 38 15 30 40 12 13 31 29 34 14 20 39 16 18 13 18 28 28 19 36 11 11 15 18 34 22 35 23 14 13 39 20 35 24 19 27 14 19 38 29 18 35 33 33 20 31 36 35 40 22 31 37 29 20 21 29 21 17 19 19 11 38 23 32 13 17 34 13 38 38 38 37 21 39 40 23 27 18 17 34 21 12 19 21 12 33 18 22 26 16 15 27 27 31 29 27 19 40 18 26 33 38 15 34 34 33 13 14 18 16 31 34 29 23 29 40 11 35 36 23 39 33 38 40 22 16 28 28 36 23 11 18 18 33 27 13 30 28 38 40 29 20 24 25 13 12 25 16 26 33 26 20 16 18 17 24 31 22 15 29 35 23 28 14 40 17 34 22 38 23 18 36 30 30 13 40 28 17 13 35 22 30 19 39 16 37 28 30 22 23 32 38 34 20 39 12 34 17 37 33 29 28 23 16 15 33 27 23 19 22 14 24 13 39 29 37 11 38 32 15 25 38 14 33 35 16
29 30 21 8 3 7 23 18 11 19 7 25 11 11 16 10 2 15 17 24 28 3 20 18 12 18 21 15 23 20 11 1 29 22 6 3 10 24 9 26 14 5 22 24 18 24 23 28 6 27 30 21 26 30 13 10 21 15 22 10 30 16 15 21 6 21 23 10 24 18 9 6 8 24 20 1 18 27 2 4 27 19 23 3 10 8 15 27 8 1 18 28 15 11 21 30 16 5 30 21 20 4 5 13 6 24 5 27 4 22 8 26 3 12 28 19 8 12 24 23 7 6 13 2 30 17 16 11 12 18 20 9 13 21 23 9 26 19 21 26 22 13 15 6 1 24 12 11 10 15 13 5 18 24 9 7 26 9 4 29 14 6 10 4 19 29 10 23 29 24 22 23 10 20 14 14 17 13 28 9 7 14 19 8 13 1 27 19 14 22 4 19 30 29 22 23 12 28 12 4 7 28 5 5 1 16 12 8 11 22 20 3 19 28 13 26 26 9 10 15 25 17 20 4 29 28 30 12 17 7 2 18 16 15 14 9 8 1 11 10 4 22 16 27 3 2 11 19 28 29 3 16 19 29 19 3 9 22 23 29 22 28 6 25 11 14 16 12 2 2 11 25 20 14 13 14 24 15 5 28 22 10 28 16 22 26 13 6 21 16 19 9 27 11 26 29 11 14 7 24 27 9 15 16 4 17 29 16 9 10 3 24 19 20 13 27 27 14 5 11 1 8 29 20 8 11 26 9 19 8 30 25 20 28 13 18 12 5 1 23 17 14 25 21 22 20 2 15 19 19 1 22 17 3 12 15 25 9 26 3 15 10 7 12 26 18 20 18 28 2 15 20 5 16 4 24 11 19 10 18 14 30 28 29 11 27 2 3 15 21 8 21 23 3 30 26 19 3 21 2 9 26 25 23 11 28 29 18 18 25 17 1 7 8 15 9 20 1 8 27 6 27 10 14 24 14 3 5 19 23 28 20 8 14 6 30 3 12 27 15 29 22 25 15 28 25 24 5 21 16 4 22 28 1 11 24 4 15 9 12 24 12 30 21 20 27 21 30 25 7 5 2 10 27 4 17 28 1 17 4 25 17 22 20 11 15 12 11 10 4 2 1 7 18 17 25 20 29 13 5 26 25 26 16 19 3 22 5 29 16 25 21 25 13 6 4 1 6 17 30 14 2 5 14 1 5 29 16 2 5 10 12 13 27 3 25 18 10 5 19 19 18 1 16 13 15 3 28 24 5 2 15 17 14 23 13 12 7 1 6 16 18 9 19 8 1 30 25 3 5 4 23 28 16 28 5 20 30 2 3 21 19 24 4 10 29 6 8 3 8 18 18 9 26 1 1 5 8 24 12 25 13 4 3 29 10 25 14 9 17 4 9 28 19 8 25 23 23 10 21 26 25 30 12 21 27 19 10 11 19 11 7 9 9 1 28 13 22 3 7 24 3 28 28 28 27 11 29 30 13 17 8 7 24 11 2 9 11 2 23 8 12 16 6 5 17 17 21 19 17 9 30 8 16 23 28 5 24 24 23 3 4 8 6 21 24 19 13 19 30 1 25 26 13 29 23 28 30 12 6 18 18 26 13 1 8 8 23 17 3 20 18 28 30 19 10 14 15 3 2 15 6 16 23 16 10 6 8 7 14 21 12 5 19 25 13 18 4 30 7 24 12 28 13 8 26 20 20 3 30 18 7 3 25 12 20 9 29 6 27 18 20 12 13 22 28 24 10 29 2 24 7 27 23 19 18 13 6 5 23 17 13 9 12 4 14 3 29 19 27 1 28 22 5 15 28 4 23 25 6
1 1 50
34 233 696 552 787 591 741 451 505 379 653 581 397 444 339 743 410 347 384 177 276 618 293 695 213 716 781 722 28 145 774 601 382 19 56 141 175 200 328 351 406 426 435 495 579 616 683 740 744 762
1 7 24
436 288 171 519 493 217 140 39 51 108 146 177 187 208 257 271 357 381 525 534 592 643 646 748
1 1 51
78 69 344 105 18 689 424 350 234 521 426 789 313 772 7 768 386 128 528 440 59 323 259 142 616 111 483 263 333 63 720 21 762 190 239 284 299 342 349 380 427 439 508 509 533 594 621 622 661 672 735
1 3 36
85 65 126 795 413 592 180 625 604 54 645 264 46 240 445 740 198 82 60 131 165 232 255 283 316 339 401 467 506 512 536 595 629 731 739 798
1 1 45
254 52 577 196 372 355 779 17 467 632 783 156 23 447 715 725 712 191 459 354 508 404 10 603 248 710 643 422 450 778 542 137 166 209 106 515 118 204 243 308 413 573 578 585 670
1 2 45
651 83 612 45 608 659 22 228 711 318 631 626 535 278 75 551 120 607 633 634 549 117 194 418 295 107 3 33 43 87 90 142 250 260 262 323 396 405 421 487 591 609 617 686 707
1 2 31
256 242 507 319 92 671 221 431 236 442 225 550 268 718 685 492 5 231 297 381 271 4 57 121 124 293 345 390 562 773 791
1 1 47
732 673 623 766 353 304 562 785 461 524 348 267 514 211 380 468 227 464 302 769 396 253 414 168 224 94 48 27 432 190 691 12 287 416 611 157 191 197 327 364 412 476 540 635 668 678 743
1 4 24
609 773 780 212 270 357 311 448 648 739 93 28 48 285 344 360 416 454 458 464 538 544 605 628
1 1 54
33 8 84 340 703 471 699 118 138 153 244 274 644 726 222 114 239 407 598 361 621 540 77 100 245 727 250 363 742 178 73 437 719 42 683 677 306 332 154 642 23 60 89 203 217 227 241 265 272 319 333 370 709 746
1 1 52
62 584 368 279 164 472 771 275 590 71 617 376 687 544 102 103 203 647 135 759 792 501 366 125 420 336 150 509 141 412 569 484 14 16 29 66 122 161 302 309 355 359 362 466 532 543 551 582 613 638 653 733
1 1 49
277 686 560 674 159 575 183 748 41 439 265 127 488 370 793 91 667 596 324 731 201 517 571 446 218 662 29 654 310 664 709 567 219 0 32 53 73 95 119 134 192 199 211 453 516 539 623 649 757
1 1 48
602 537 419 104 98 337 365 181 215 700 523 373 706 765 147 433 391 352 289 11 394 511 717 570 745 791 672 697 649 393 232 684 534 12 21 61 70 74 167 251 311 432 441 572 593 608 679 782
1 1 43
669 588 188 729 512 579 167 37 770 466 185 317 79 320 152 688 482 182 738 494 243 184 557 658 207 174 175 205 303 44 216 59 63 170 195 248 277 329 363 502 566 704 719
1 2 51
1 449 146 195 728 247 788 620 469 251 777 136 624 510 31 714 775 86 149 477 435 650 124 423 627 527 144 369 338 230 24 35 36 67 68 113 117 154 155 242 326 367 375 462 505 524 589 611 654 664 688
1 1 47
476 489 395 761 460 70 204 582 457 734 531 443 346 398 4 89 282 665 403 16 782 169 578 229 155 74 656 26 705 475 13 75 151 173 194 222 261 300 338 493 501 513 521 602 642 677 708
1 1 46
564 58 751 555 553 200 329 223 294 299 583 131 597 798 538 64 547 119 586 594 675 408 322 606 246 272 784 157 133 11 42 72 80 174 198 220 229 231 249 269 447 601 639 699 717 718
1 5 25
13 358 341 101 585 116 39 129 400 619 135 228 298 335 373 392 397 443 465 485 488 620 685 691 737
1 4 30
266 108 193 122 724 66 326 312 707 406 545 561 176 491 105 234 315 340 395 409 479 497 498 597 669 693 700 766 768 769
1 4 21
499 474 522 429 554 637 387 356 750 690 161 78 112 183 376 436 632 648 659 682 783
1 2 38
316 441 497 374 498 298 495 548 452 767 179 349 260 532 389 572 776 605 546 797 513 678 30 53 32 401 132 35 189 97 153 212 219 233 280 504 637 671
1 1 54
595 364 622 375 325 470 462 255 163 752 208 235 600 273 563 790 526 456 300 390 399 321 99 192 97 657 574 794 76 377 170 351 427 109 702 121 307 641 668 10 127 196 209 259 263 324 334 461 599 615 619 721 758 784
1 2 40
455 123 309 241 335 628 36 640 290 518 162 421 749 284 502 660 3 367 599 286 68 704 90 91 152 206 235 245 287 353 369 372 463 491 542 545 580 753 774 775
1 2 43
663 210 362 20 463 593 187 692 328 430 533 342 280 490 799 747 285 679 481 661 143 57 530 730 629 25 65 101 109 132 172 193 292 354 366 422 474 520 523 558 626 657 785
1 5 26
708 693 589 473 252 757 614 257 525 568 454 5 18 77 129 186 226 297 410 531 590 598 603 710 747 772
1 3 30
2 283 15 214 0 308 576 95 402 496 199 378 500 158 558 296 25 610 24 81 100 102 123 188 253 306 437 567 728 752
1 2 34
587 249 61 360 565 486 411 38 238 197 281 40 220 262 50 796 330 383 723 652 701 694 613 9 52 184 216 322 415 445 494 555 714 732
1 1 51
764 134 314 415 206 556 160 506 56 763 541 635 737 301 520 566 87 559 504 417 760 676 733 636 580 130 479 55 438 115 487 746 26 62 88 138 223 236 296 325 352 389 456 459 496 552 564 581 675 698 727
1 3 30
6 305 371 186 359 80 458 226 88 485 43 425 112 173 202 646 30 71 140 159 238 318 361 428 434 473 481 554 618 755
1 1 53
753 392 67 744 269 516 81 573 680 786 428 755 735 113 543 385 758 292 72 670 756 110 14 139 47 331 655 96 736 480 638 9 334 19 388 529 345 536 58 218 240 258 282 294 295 347 358 489 530 574 636 689 694
1 1 52
49 639 261 539 666 453 51 327 409 465 258 165 172 405 721 698 237 713 630 148 615 503 682 291 315 434 754 478 343 681 151 31 93 116 210 213 268 371 400 430 449 490 514 565 576 588 612 650 696 729 776 794
