300 34 465 20
32 26 26 33 26 22 12 12 11 27 34 22 32 28 33 12 25 37 12 25 26 26 18 29 38 30 31 16 25 32 30 36 34 28 21 40 31 24 29 27 17 26 15 28 12 29 31 21 23 29 13 36 15 33 24 14 17 15 27 17 24 22 19 13 35 37 34 35 38 21 21 13 33 14 30 13 14 17 16 23 25 38 12 35 25 12 19 19 35 20 19 22 13 34 11 17 15 15 11 20 16 11 20 12 34 22 20 27 26 36 23 34 12 27 27 19 19 36 35 32 28 37 15 34 25 19 39 24 24 37 15 26 14 22 31 38 24 32 14 18 20 13 21 31 21 38 40 21 37 38 38 11 35 26 31 25 33 11 24 17 31 19 26 20 21 30 34 12 27 31 19 26 21 30 26 40 16 21 20 34 13 32 21 36 11 31 35 17 13 20 24 37 27 22 28 38 22 18 29 15 19 24 35 19 33 15 28 22 29 36 31 18 14 14 31 23 34 34 23 37 37 28 21 22 19 35 15 13 19 26 39 33 19 21 13 18 29 33 33 31 33 12 20 32 19 34 24 34 22 16 13 35 14 20 26 40 40 25 17 37 35 29 14 26 32 11 37 11 35 12 18 39 34 39 22 39 17 26 33 13 34 31 33 36 26 40 38 29 17 34 28 16 11 28 36 20 13 20 35 13
22 16 16 23 16 12 2 2 1 17 24 12 22 18 23 2 15 27 2 15 16 16 8 19 28 20 21 6 15 22 20 26 24 18 11 30 21 14 19 17 7 16 5 18 2 19 21 11 13 19 3 26 5 23 14 4 7 5 17 7 14 12 9 3 25 27 24 25 28 11 11 3 23 4 20 3 4 7 6 13 15 28 2 25 15 2 9 9 25 10 9 12 3 24 1 7 5 5 1 10 6 1 10 2 24 12 10 17 16 26 13 24 2 17 17 9 9 26 25 22 18 27 5 24 15 9 29 14 14 27 5 16 4 12 21 28 14 22 4 8 10 3 11 21 11 28 30 11 27 28 28 1 25 16 21 15 23 1 14 7 21 9 16 10 11 20 24 2 17 21 9 16 11 20 16 30 6 11 10 24 3 22 11 26 1 21 25 7 3 10 14 27 17 12 18 28 12 8 19 5 9 14 25 9 23 5 18 12 19 26 21 8 4 4 21 13 24 24 13 27 27 18 11 12 9 25 5 3 9 16 29 23 9 11 3 8 19 23 23 21 23 2 10 22 9 24 14 24 12 6 3 25 4 10 16 30 30 15 7 27 25 19 4 16 22 1 27 1 25 2 8 29 24 29 12 29 7 16 23 3 24 21 23 26 16 30 28 19 7 24 18 6 1 18 26 10 3 10 25 3
1 4 15
96 251 23 12 64 264 103 209 226 258 79 51 41 192 198
1 3 17
39 210 1 134 29 57 111 24 216 285 224 73 83 54 114 17 164
1 3 21
164 245 104 240 289 32 161 74 167 153 274 206 46 122 89 121 126 188 260 273 288
1 12 6
282 265 132 135 204 262
1 7 13
31 250 105 68 102 149 61 197 67 190 222 228 246
1 4 14
243 201 5 221 278 238 121 254 230 155 139 211 133 191
1 11 9
151 170 202 37 93 148 175 195 234
1 11 9
35 203 298 246 293 70 173 201 233
1 9 15
124 109 85 256 67 88 48 56 69 116 196 219 237 270 280
1 8 12
267 268 106 232 5 32 60 84 91 145 236 294
1 4 13
241 7 290 55 168 178 143 200 64 105 136 221 287
1 18 5
191 228 49 52 290
1 4 15
33 173 59 70 156 179 277 130 58 20 171 42 161 265 268
1 5 12
269 181 72 225 276 97 299 247 172 22 106 138
1 4 15
294 95 94 116 242 62 13 218 235 93 38 117 141 168 281
1 6 7
131 144 89 138 80 1 27
1 7 15
248 28 112 215 38 53 58 109 118 142 186 209 217 250 255
1 4 20
129 270 220 119 78 236 140 44 17 162 120 186 21 40 51 130 256 263 276 277
1 3 17
30 227 63 263 86 60 208 81 159 3 15 222 11 34 273 80 112
1 10 10
281 157 182 39 65 139 143 180 238 240
1 4 20
108 187 91 147 255 284 280 82 25 142 137 141 0 12 43 75 156 162 169 244
1 6 12
291 47 84 196 184 199 146 153 227 254 267 284
1 4 16
237 194 148 26 183 219 40 180 271 66 174 212 135 9 102 249
1 5 18
292 213 231 53 52 190 158 295 283 45 47 74 76 79 82 177 235 266
1 4 15
266 234 92 233 48 133 257 101 127 99 259 15 73 187 199
1 4 20
253 217 71 152 117 169 165 204 252 8 207 100 62 127 167 171 189 291 295 296
1 5 16
244 36 76 123 185 160 166 41 223 35 114 129 181 212 289 292
1 5 19
176 126 261 107 193 286 192 154 145 297 128 46 88 101 144 147 185 225 229
1 10 9
132 150 50 2 11 30 140 194 279
1 3 23
249 189 118 22 125 75 2 113 198 42 205 0 195 260 87 31 81 97 122 131 193 213 223
1 5 12
239 27 272 6 98 296 188 69 275 21 176 200
1 4 12
136 110 77 4 163 18 45 279 214 72 174 297
1 7 11
37 65 175 115 287 16 56 43 119 216 257
1 4 15
14 9 90 19 49 262 10 177 288 229 77 100 155 182 285
