700 40 1085 20
19 22 23 32 34 32 32 33 28 35 35 38 17 36 35 24 33 19 17 14 20 34 23 36 39 31 34 38 37 14 18 17 39 23 18 22 34 32 34 35 27 40 11 24 22 14 11 35 35 13 22 18 27 25 36 27 38 13 32 29 27 34 21 38 29 13 13 11 27 26 11 14 17 14 38 23 21 11 32 14 30 32 22 17 11 19 13 40 21 31 33 24 15 15 28 22 27 39 30 38 33 27 26 25 17 14 14 35 36 36 15 30 27 38 32 24 30 32 19 24 35 26 20 32 11 20 37 31 22 12 15 17 37 17 39 39 39 23 28 31 33 16 30 15 39 17 39 22 13 11 20 18 31 31 23 18 26 13 34 36 21 29 32 27 33 40 16 28 29 17 19 32 33 17 17 15 28 20 39 17 27 13 15 20 28 29 27 21 12 19 17 11 24 17 16 19 14 34 27 39 14 15 28 25 35 34 12 13 20 24 19 35 25 13 37 32 40 23 34 34 31 39 27 37 22 18 15 38 28 29 15 13 36 21 30 24 38 12 17 38 25 15 34 31 26 17 32 11 34 35 21 35 14 27 33 18 33 39 18 21 22 38 34 30 36 40 36 40 25 29 20 13 19 15 15 28 35 32 25 21 24 29 12 19 35 31 40 29 21 32 30 24 30 21 12 18 20 17 11 36 27 31 29 25 23 37 29 24 28 29 13 21 31 14 11 16 17 19 14 24 35 24 23 36 14 13 12 35 36 32 14 38 14 36 13 35 24 21 19 15 38 27 35 17 12 33 20 20 26 40 11 36 15 31 22 32 21 38 13 30 25 27 27 40 35 13 30 40 37 37 38 31 20 30 26 31 27 27 23 32 27 15 21 20 22 34 30 35 28 25 37 38 30 31 13 28 34 40 36 15 29 24 38 26 19 23 38 12 38 18 22 27 30 40 33 13 24 35 12 20 11 19 15 39 15 32 34 17 31 30 35 29 39 33 39 13 15 21 17 40 28 33 26 22 26 24 19 33 28 34 32 35 39 25 25 11 17 25 13 38 18 13 23 31 17 38 37 18 28 13 23 23 33 19 29 16 28 38 28 39 15 18 24 19 27 31 28 14 39 32 23 36 24 39 32 12 17 28 22 21 11 31 31 40 26 17 31 19 19 20 17 31 17 26 17 12 31 15 28 39 37 21 16 16 19 19 32 28 24 33 39 22 24 24 22 12 24 29 38 18 29 11 24 27 20 12 11 14 26 23 14 13 38 26 40 39 30 22 22 38 35 20 34 32 19 35 17 24 29 25 26 39 11 24 24 40 13 38 32 20 18 14 31 24 27 32 14 11 40 17 21 27 19 31 17 35 40 35 32 25 14 15 13 26 40 28 27 40 29 22 11 25 29 32 13 25 24 34 30 35 16 37 26 34 21 28 40 35 17 38 23 29 18 14 14 38 17 36 23 13 33 22 21 28 24 25 24 36 30 19 18 19 28 18 13 18 26 12 15 28 33 17 31 21 23 21 37 17 26 32 40 40 39 20 40 24 16 17 20 40 11 35 21 15 26 21 20 15 40 11 19 14 11 40 18 40 38 38 39 39
9 12 13 22 24 22 22 23 18 25 25 28 7 26 25 14 23 9 7 4 10 24 13 26 29 21 24 28 27 4 8 7 29 13 8 12 24 22 24 25 17 30 1 14 12 4 1 25 25 3 12 8 17 15 26 17 28 3 22 19 17 24 11 28 19 3 3 1 17 16 1 4 7 4 28 13 11 1 22 4 20 22 12 7 1 9 3 30 11 21 23 14 5 5 18 12 17 29 20 28 23 17 16 15 7 4 4 25 26 26 5 20 17 28 22 14 20 22 9 14 25 16 10 22 1 10 27 21 12 2 5 7 27 7 29 29 29 13 18 21 23 6 20 5 29 7 29 12 3 1 10 8 21 21 13 8 16 3 24 26 11 19 22 17 23 30 6 18 19 7 9 22 23 7 7 5 18 10 29 7 17 3 5 10 18 19 17 11 2 9 7 1 14 7 6 9 4 24 17 29 4 5 18 15 25 24 2 3 10 14 9 25 15 3 27 22 30 13 24 24 21 29 17 27 12 8 5 28 18 19 5 3 26 11 20 14 28 2 7 28 15 5 24 21 16 7 22 1 24 25 11 25 4 17 23 8 23 29 8 11 12 28 24 20 26 30 26 30 15 19 10 3 9 5 5 18 25 22 15 11 14 19 2 9 25 21 30 19 11 22 20 14 20 11 2 8 10 7 1 26 17 21 19 15 13 27 19 14 18 19 3 11 21 4 1 6 7 9 4 14 25 14 13 26 4 3 2 25 26 22 4 28 4 26 3 25 14 11 9 5 28 17 25 7 2 23 10 10 16 30 1 26 5 21 12 22 11 28 3 20 15 17 17 30 25 3 20 30 27 27 28 21 10 20 16 21 17 17 13 22 17 5 11 10 12 24 20 25 18 15 27 28 20 21 3 18 24 30 26 5 19 14 28 16 9 13 28 2 28 8 12 17 20 30 23 3 14 25 2 10 1 9 5 29 5 22 24 7 21 20 25 19 29 23 29 3 5 11 7 30 18 23 16 12 16 14 9 23 18 24 22 25 29 15 15 1 7 15 3 28 8 3 13 21 7 28 27 8 18 3 13 13 23 9 19 6 18 28 18 29 5 8 14 9 17 21 18 4 29 22 13 26 14 29 22 2 7 18 12 11 1 21 21 30 16 7 21 9 9 10 7 21 7 16 7 2 21 5 18 29 27 11 6 6 9 9 22 18 14 23 29 12 14 14 12 2 14 19 28 8 19 1 14 17 10 2 1 4 16 13 4 3 28 16 30 29 20 12 12 28 25 10 24 22 9 25 7 14 19 15 16 29 1 14 14 30 3 28 22 10 8 4 21 14 17 22 4 1 30 7 11 17 9 21 7 25 30 25 22 15 4 5 3 16 30 18 17 30 19 12 1 15 19 22 3 15 14 24 20 25 6 27 16 24 11 18 30 25 7 28 13 19 8 4 4 28 7 26 13 3 23 12 11 18 14 15 14 26 20 9 8 9 18 8 3 8 16 2 5 18 23 7 21 11 13 11 27 7 16 22 30 30 29 10 30 14 6 7 10 30 1 25 11 5 16 11 10 5 30 1 9 4 1 30 8 30 28 28 29 29
1 2 30
236 636 375 189 574 483 535 424 344 686 488 437 17 300 639 683 531 283 513 582 461 174 312 130 289 338 350 409 452 532
1 5 23
264 591 64 484 673 1 584 371 14 663 139 162 171 175 265 270 321 367 392 433 587 597 674
1 4 22
689 370 562 322 249 152 104 92 559 315 151 620 198 46 131 202 382 439 441 476 679 696
1 8 16
9 183 586 675 156 18 73 112 195 411 422 489 509 519 574 600
1 4 20
317 305 304 687 235 227 68 425 7 6 184 216 389 93 99 154 238 423 475 540
1 6 7
150 173 163 589 117 207 610
1 2 31
218 599 631 21 402 641 400 206 672 378 55 442 577 346 652 313 80 108 536 629 452 501 58 102 95 342 353 404 450 459 490
1 2 32
556 135 430 188 549 79 567 27 11 250 587 696 397 444 122 128 492 242 420 13 324 32 200 120 351 395 57 205 247 303 389 503
1 12 18
49 329 172 126 293 394 419 427 447 484 485 536 585 620 639 673 694 697
1 4 25
124 532 476 20 602 368 84 522 601 646 594 0 40 83 108 137 158 275 283 344 362 523 539 626 641
1 11 14
670 157 334 56 122 145 218 391 471 535 559 612 616 699
1 2 36
297 232 479 202 199 512 263 180 607 78 690 318 23 667 278 243 654 524 194 239 359 507 15 70 210 235 326 358 373 407 446 467 537 623 625 695
1 2 36
176 99 460 609 383 37 83 657 225 101 24 640 357 669 125 287 306 393 35 121 311 558 132 288 555 547 230 38 94 184 224 239 301 432 581 642
1 3 22
560 405 573 364 557 499 51 100 471 254 517 627 147 421 62 141 180 396 448 473 527 638
1 2 34
129 611 606 259 66 217 195 496 269 590 111 261 303 533 65 12 45 82 664 593 688 192 142 62 440 410 55 243 292 365 425 463 591 599
1 1 40
485 248 233 467 480 691 130 391 54 382 569 50 94 139 279 487 155 181 19 348 201 406 44 257 355 237 642 187 25 1 59 76 116 151 343 377 378 462 496 589
1 2 43
386 662 333 281 462 274 598 623 551 502 676 541 72 453 493 538 296 153 340 88 678 619 57 5 537 290 212 37 61 82 111 176 267 327 345 400 438 440 578 586 592 627 648
1 2 31
379 96 275 4 693 75 52 671 268 596 301 648 105 93 162 433 482 204 185 97 411 363 408 27 211 245 294 299 359 437 518
1 3 27
214 403 422 561 622 320 473 511 515 399 116 215 466 505 446 451 450 19 29 53 65 193 249 261 417 646 662
1 1 44
46 674 338 149 222 161 330 228 568 600 221 387 530 544 415 635 542 146 523 350 103 138 137 595 373 518 426 449 87 284 308 34 44 49 71 75 150 187 372 418 442 526 554 577
1 1 44
277 158 251 134 73 342 616 190 358 164 520 294 633 390 618 438 299 61 660 605 256 86 15 455 109 603 209 168 681 114 255 4 90 125 136 219 288 310 320 465 486 501 530 683
1 1 41
597 328 643 339 191 110 697 131 41 564 396 470 472 445 3 112 677 85 651 630 592 506 545 632 434 464 53 495 491 668 685 9 155 173 201 279 330 474 579 590 619
1 2 43
205 167 398 571 367 119 30 246 519 265 223 441 293 28 63 443 563 331 684 280 341 177 435 508 260 447 694 115 179 56 2 74 84 135 190 203 225 271 399 444 511 663 691
1 2 34
0 477 570 475 40 478 354 384 428 407 247 336 220 392 608 59 319 468 439 552 583 33 427 24 86 97 107 230 276 300 314 403 430 520
1 5 20
307 526 366 679 171 521 699 588 431 34 241 10 39 127 250 340 412 466 504 550
1 2 32
661 170 469 91 388 494 581 210 565 136 365 638 376 615 575 178 107 349 612 133 352 327 624 361 165 95 266 572 614 128 322 645
1 5 21
540 291 332 154 625 429 649 372 604 71 31 101 140 237 258 328 390 472 602 605 640
1 9 10
106 47 529 362 245 153 191 371 500 636
1 4 21
637 39 548 98 509 224 656 401 326 416 175 436 129 142 206 262 364 381 414 633 667
1 7 20
271 465 144 314 234 459 310 253 3 45 120 179 197 385 451 494 558 594 595 681
1 3 24
516 240 655 498 270 36 207 417 653 665 404 474 325 160 133 149 257 375 415 470 543 569 593 689
1 5 25
347 282 38 208 534 22 650 554 566 514 85 110 159 164 220 226 278 280 287 313 370 397 455 491 682
1 3 30
16 658 456 169 510 127 695 302 353 166 423 489 219 193 140 659 610 197 413 458 170 214 231 356 379 435 449 477 573 634
1 3 25
550 123 69 298 546 394 229 273 385 276 343 634 258 578 680 295 48 212 348 424 428 481 483 529 629
1 2 26
457 528 525 412 576 159 244 143 118 43 31 374 70 580 617 196 543 113 89 11 185 208 291 387 416 563
1 3 21
148 231 579 463 285 272 289 117 644 81 186 321 147 182 192 436 534 545 598 675 686
1 3 21
527 42 647 381 553 418 585 182 74 141 335 211 60 486 77 432 240 277 395 479 502
1 1 42
490 454 414 213 26 692 316 252 292 10 448 503 360 337 67 8 682 369 238 267 2 500 409 48 29 377 345 380 286 504 621 323 497 645 25 106 333 384 445 460 637 678
1 4 20
698 18 666 76 628 419 613 262 226 626 356 203 90 5 28 100 102 493 624 685
1 6 18
145 539 309 481 64 88 161 217 273 305 383 541 562 596 604 607 635 693
