800 288 1240 18
39 15 36 16 16 11 13 25 35 31 17 18 13 34 13 40 33 16 19 39 21 31 29 25 18 38 13 23 22 26 39 27 40 28 40 14 18 17 35 25 30 27 19 27 40 14 21 30 16 28 14 28 12 24 24 12 11 40 28 16 19 12 31 39 28 35 28 18 34 12 25 22 31 34 28 29 19 29 20 28 26 32 36 34 37 20 14 20 28 16 30 11 31 17 33 19 13 26 30 14 23 14 27 30 14 33 33 39 32 26 35 32 25 12 17 30 14 35 20 35 30 14 24 29 27 13 14 13 26 23 30 28 39 31 27 27 19 29 30 40 16 39 33 15 14 19 23 29 33 11 35 22 27 18 23 38 20 12 25 13 23 21 11 37 19 13 32 19 20 11 24 11 30 22 38 29 39 12 23 26 11 14 16 19 13 38 30 14 33 23 38 29 31 11 30 14 38 28 15 25 31 23 34 32 17 34 33 11 13 29 32 36 12 40 11 30 19 29 34 25 12 23 36 13 25 30 14 15 26 21 15 18 33 25 31 28 38 24 26 31 20 22 13 16 31 38 13 31 15 28 13 16 15 21 23 23 15 33 28 16 15 35 20 28 22 16 38 34 18 20 30 30 39 40 21 11 19 12 40 33 36 23 12 35 13 18 29 39 19 21 36 36 35 27 32 20 25 21 32 24 14 16 25 39 33 25 17 36 15 28 18 24 24 28 22 26 14 23 20 37 26 34 36 25 18 11 26 39 35 27 30 27 20 31 22 29 16 31 38 33 29 24 36 35 16 16 35 39 23 18 32 25 19 24 14 29 31 38 35 15 36 25 27 34 16 13 14 39 12 22 21 26 17 12 11 40 22 14 27 29 14 39 38 19 17 13 14 13 29 11 40 20 13 34 32 30 21 34 12 12 12 16 27 15 11 12 29 39 38 12 25 36 28 25 27 15 36 39 31 12 11 20 12 27 15 24 34 35 11 24 20 21 26 36 15 12 27 37 13 34 38 22 28 29 32 35 13 36 28 16 21 37 24 25 32 26 29 32 28 29 12 26 32 32 17 23 22 13 18 33 19 19 16 23 20 19 13 30 31 11 22 15 32 35 21 15 11 13 19 40 15 13 17 20 29 23 32 33 31 12 21 21 21 35 23 23 20 31 26 38 14 38 25 14 28 21 40 37 31 26 28 11 21 12 19 20 17 16 29 22 18 13 22 30 29 15 34 16 12 12 32 34 12 38 28 39 35 27 30 30 24 23 22 39 28 11 38 29 36 25 35 15 24 39 12 12 31 24 25 40 11 22 14 29 15 40 33 13 28 31 18 20 39 28 26 24 37 14 12 16 34 25 22 34 17 26 40 16 35 30 26 12 20 18 18 16 23 27 24 25 30 34 14 35 27 36 30 17 33 37 28 12 40 31 28 16 39 31 37 27 12 38 28 26 19 12 39 29 17 21 30 16 11 36 21 24 22 33 31 18 36 12 15 18 31 18 38 40 21 24 32 29 38 40 19 12 16 26 38 34 27 27 28 23 12 18 36 26 24 23 12 30 22 29 37 29 30 14 35 19 31 32 17 18 38 21 20 17 38 28 16 36 39 28 17 18 14 27 28 25 40 27 35 39 33 12 35 12 28 17 16 19 24 30 30 29 28 33 17 11 21 19 25 35 18 38 29 36 29 16 24 28 23 26 33 35 27 23 16 17 35 22 21 15 27 30 13 14 37 38 27 26 14 39 13 14 37 12 35 35 36 29 14 32 14 39 18 32 31 37 32 28 35 12 38 17 21 25 13 23 31 26 29 36 12 12 14 24 28 17
29 5 26 6 6 1 3 15 25 21 7 8 3 24 3 30 23 6 9 29 11 21 19 15 8 28 3 13 12 16 29 17 30 18 30 4 8 7 25 15 20 17 9 17 30 4 11 20 6 18 4 18 2 14 14 2 1 30 18 6 9 2 21 29 18 25 18 8 24 2 15 12 21 24 18 19 9 19 10 18 16 22 26 24 27 10 4 10 18 6 20 1 21 7 23 9 3 16 20 4 13 4 17 20 4 23 23 29 22 16 25 22 15 2 7 20 4 25 10 25 20 4 14 19 17 3 4 3 16 13 20 18 29 21 17 17 9 19 20 30 6 29 23 5 4 9 13 19 23 1 25 12 17 8 13 28 10 2 15 3 13 11 1 27 9 3 22 9 10 1 14 1 20 12 28 19 29 2 13 16 1 4 6 9 3 28 20 4 23 13 28 19 21 1 20 4 28 18 5 15 21 13 24 22 7 24 23 1 3 19 22 26 2 30 1 20 9 19 24 15 2 13 26 3 15 20 4 5 16 11 5 8 23 15 21 18 28 14 16 21 10 12 3 6 21 28 3 21 5 18 3 6 5 11 13 13 5 23 18 6 5 25 10 18 12 6 28 24 8 10 20 20 29 30 11 1 9 2 30 23 26 13 2 25 3 8 19 29 9 11 26 26 25 17 22 10 15 11 22 14 4 6 15 29 23 15 7 26 5 18 8 14 14 18 12 16 4 13 10 27 16 24 26 15 8 1 16 29 25 17 20 17 10 21 12 19 6 21 28 23 19 14 26 25 6 6 25 29 13 8 22 15 9 14 4 19 21 28 25 5 26 15 17 24 6 3 4 29 2 12 11 16 7 2 1 30 12 4 17 19 4 29 28 9 7 3 4 3 19 1 30 10 3 24 22 20 11 24 2 2 2 6 17 5 1 2 19 29 28 2 15 26 18 15 17 5 26 29 21 2 1 10 2 17 5 14 24 25 1 14 10 11 16 26 5 2 17 27 3 24 28 12 18 19 22 25 3 26 18 6 11 27 14 15 22 16 19 22 18 19 2 16 22 22 7 13 12 3 8 23 9 9 6 13 10 9 3 20 21 1 12 5 22 25 11 5 1 3 9 30 5 3 7 10 19 13 22 23 21 2 11 11 11 25 13 13 10 21 16 28 4 28 15 4 18 11 30 27 21 16 18 1 11 2 9 10 7 6 19 12 8 3 12 20 19 5 24 6 2 2 22 24 2 28 18 29 25 17 20 20 14 13 12 29 18 1 28 19 26 15 25 5 14 29 2 2 21 14 15 30 1 12 4 19 5 30 23 3 18 21 8 10 29 18 16 14 27 4 2 6 24 15 12 24 7 16 30 6 25 20 16 2 10 8 8 6 13 17 14 15 20 24 4 25 17 26 20 7 23 27 18 2 30 21 18 6 29 21 27 17 2 28 18 16 9 2 29 19 7 11 20 6 1 26 11 14 12 23 21 8 26 2 5 8 21 8 28 30 11 14 22 19 28 30 9 2 6 16 28 24 17 17 18 13 2 8 26 16 14 13 2 20 12 19 27 19 20 4 25 9 21 22 7 8 28 11 10 7 28 18 6 26 29 18 7 8 4 17 18 15 30 17 25 29 23 2 25 2 18 7 6 9 14 20 20 19 18 23 7 1 11 9 15 25 8 28 19 26 19 6 14 18 13 16 23 25 17 13 6 7 25 12 11 5 17 20 3 4 27 28 17 16 4 29 3 4 27 2 25 25 26 19 4 22 4 29 8 22 21 27 22 18 25 2 28 7 11 15 3 13 21 16 19 26 2 2 4 14 18 7
0 3 8
126 27 116 466 129 402 211 604
0 11 4
61 375 791 609
0 11 2
508 286
0 2 12
432 654 499 615 461 729 321 774 247 561 322 145
0 4 7
590 640 788 204 795 219 165
0 1 15
35 11 31 178 565 177 445 130 500 669 377 182 298 522 151
0 1 17
558 356 678 751 315 742 345 480 405 263 79 539 118 117 340 197 535
0 1 22
652 761 556 759 372 635 745 123 91 71 316 502 395 676 688 224 714 686 712 478 102 186
0 15 1
677
0 2 17
752 689 195 304 137 511 706 187 184 732 433 347 66 220 17 81 365
0 1 20
62 694 98 191 548 174 25 717 29 472 13 477 128 612 421 651 661 287 785 115
0 7 4
267 266 734 430
0 2 17
762 226 111 775 342 723 254 784 667 32 258 726 350 58 397 97 181
0 11 1
325
0 2 13
501 351 444 581 425 334 330 196 401 243 344 140 213
0 2 18
391 664 696 412 190 360 747 550 8 418 575 740 335 265 741 710 521 504
0 1 22
411 349 705 792 523 124 621 15 92 387 193 666 674 44 369 323 574 176 163 320 41 571
0 1 17
392 748 409 593 222 660 88 119 573 763 546 448 281 490 233 318 110
0 1 20
702 362 749 326 215 341 698 687 755 557 56 657 120 487 336 620 562 0 3 403
0 2 17
107 1 601 798 142 485 307 251 127 135 39 544 99 100 230 132 332
0 1 24
650 422 588 259 70 378 112 371 373 429 158 484 248 619 750 218 456 245 668 138 170 736 528 14
0 7 6
9 542 274 440 188 83
0 4 7
131 684 149 600 294 634 797
0 1 18
329 46 616 276 464 766 644 364 617 672 157 396 579 253 435 313 737 374
0 1 25
645 780 515 12 203 439 76 262 427 564 160 631 82 516 779 270 113 139 549 697 793 406 37 171 629
0 2 9
776 659 753 781 730 670 458 87 152
0 10 4
675 796 496 663
0 18 1
554
0 7 6
417 630 596 507 543 198
0 2 15
606 250 613 327 366 479 483 769 30 463 168 455 86 679 498
0 2 12
164 591 627 718 214 739 720 709 388 297 53 308
0 1 24
314 475 59 302 682 599 524 166 353 354 381 586 442 179 719 205 519 148 209 22 614 208 647 232
0 4 4
457 656 7 34
0 4 9
622 639 225 238 770 771 465 566 491
0 2 15
699 716 547 300 227 618 246 256 628 607 352 655 541 572 221
0 1 24
447 536 343 570 271 383 441 700 488 597 202 368 143 592 529 312 6 19 293 95 509 685 626 175
0 1 24
576 390 436 379 470 68 681 413 632 783 331 10 47 494 84 563 641 279 451 772 758 109 74 55
0 8 2
454 419
1 3 1
2
1 9 1
4
1 3 1
5
1 6 1
16
1 13 1
18
1 2 1
20
1 4 1
21
1 2 1
23
1 6 1
24
1 3 1
26
1 2 1
28
1 3 1
33
1 3 1
36
1 3 1
38
1 3 3
40 410 708
1 2 1
42
1 9 2
43 49
1 4 1
45
1 5 2
48 773
1 2 1
50
1 2 1
51
1 16 1
52
1 12 1
54
1 3 1
57
1 3 1
60
1 5 2
63 531
1 8 1
64
1 12 1
65
1 4 1
67
1 4 1
69
1 2 2
72 510
1 2 2
73 348
1 2 2
75 338
1 4 1
77
1 3 1
78
1 2 1
80
1 6 2
85 415
1 3 1
89
1 5 1
90
1 2 1
93
1 3 2
94 611
1 3 1
96
1 4 2
101 223
1 2 1
103
1 2 2
104 400
1 3 1
105
1 3 2
106 474
1 3 2
108 384
1 3 3
114 346 505
1 2 1
121
1 2 2
122 359
1 2 1
125
1 12 2
133 768
1 4 1
134
1 9 1
136
1 2 1
141
1 2 2
144 446
1 4 1
146
1 9 1
147
1 3 2
150 217
1 9 1
153
1 2 1
154
1 3 2
155 683
1 4 1
156
1 13 1
159
1 3 1
161
1 9 1
162
1 2 1
167
1 8 1
169
1 12 1
172
1 4 1
173
1 3 1
180
1 5 1
183
1 4 2
185 370
1 13 1
189
1 4 1
192
1 3 2
194 738
1 3 1
199
1 3 1
200
1 2 1
201
1 17 1
206
1 12 2
207 568
1 3 1
210
1 12 1
212
1 8 2
216 537
1 2 3
228 244 261
1 9 1
229
1 3 1
231
1 8 1
234
1 4 1
235
1 9 1
236
1 3 1
237
1 2 1
239
1 12 1
240
1 3 1
241
1 2 3
242 282 284
1 8 1
249
1 15 1
252
1 16 2
255 680
1 3 1
257
1 3 1
260
1 3 2
264 589
1 5 1
268
1 11 1
269
1 19 3
272 459 497
1 26 2
273 636
1 4 2
275 633
1 12 1
277
1 13 1
278
1 5 1
280
1 8 1
283
1 3 2
285 476
1 5 3
288 525 725
1 13 1
289
1 11 2
290 552
1 17 1
291
1 3 1
292
1 4 2
295 595
1 2 1
296
1 12 1
299
1 6 1
301
1 19 1
303
1 22 1
305
1 4 1
306
1 3 2
309 469
1 20 2
310 642
1 2 2
311 585
1 8 1
317
1 16 4
319 638 648 728
1 9 1
324
1 2 2
328 711
1 3 1
333
1 3 2
337 754
1 9 1
339
1 20 1
355
1 4 1
357
1 9 1
358
1 6 1
361
1 2 1
363
1 2 1
367
1 22 1
376
1 12 1
380
1 5 1
382
1 2 2
385 743
1 3 1
386
1 5 1
389
1 4 2
393 532
1 5 1
394
1 18 1
398
1 9 1
399
1 5 1
404
1 14 1
407
1 9 1
408
1 3 1
414
1 2 2
416 533
1 3 1
420
1 4 1
423
1 17 2
424 665
1 8 2
426 692
1 3 1
428
1 3 1
431
1 3 1
434
1 2 2
437 733
1 4 2
438 765
1 6 1
443
1 6 2
449 787
1 4 1
450
1 3 1
452
1 13 1
453
1 3 1
460
1 5 1
462
1 2 1
467
1 13 2
468 580
1 4 1
471
1 2 1
473
1 19 1
481
1 2 1
482
1 5 1
486
1 5 1
489
1 3 1
492
1 2 1
493
1 3 2
495 530
1 6 1
503
1 2 1
506
1 3 2
512 577
1 6 1
513
1 5 1
514
1 11 1
517
1 15 1
518
1 5 1
520
1 3 1
526
1 4 1
527
1 2 1
534
1 3 1
538
1 2 1
540
1 8 1
545
1 9 1
551
1 6 2
553 582
1 8 1
555
1 9 1
559
1 3 1
560
1 4 1
567
1 3 1
569
1 5 1
578
1 7 1
583
1 3 1
584
1 8 2
587 722
1 5 2
594 713
1 5 1
598
1 3 1
602
1 3 1
603
1 5 1
605
1 3 2
608 693
1 2 1
610
1 8 1
623
1 2 1
624
1 2 1
625
1 2 1
637
1 3 1
643
1 16 1
646
1 4 2
649 695
1 8 1
653
1 4 1
658
1 2 1
662
1 4 1
671
1 5 1
673
1 5 1
690
1 5 1
691
1 3 1
701
1 3 2
703 721
1 13 1
704
1 12 2
707 731
1 3 1
715
1 4 1
724
1 5 1
727
1 5 1
735
1 6 1
744
1 11 1
746
1 3 1
756
1 6 1
757
1 13 2
760 786
1 8 1
764
1 4 1
767
1 15 1
777
1 13 1
778
1 3 1
782
1 3 1
789
1 8 1
790
1 3 1
794
1 5 1
799
