1000 337 1550 18
36 18 30 18 22 18 22 30 28 27 31 28 30 19 15 37 36 32 23 32 29 17 18 35 37 34 13 39 15 29 32 40 30 36 35 17 40 16 38 39 29 20 14 30 35 37 11 39 25 33 23 33 23 33 38 16 21 32 22 26 24 20 12 33 16 23 33 30 40 11 24 20 30 39 39 36 35 20 27 32 20 32 14 11 20 39 20 22 38 11 25 31 23 13 17 13 11 12 23 24 28 33 21 31 15 15 19 28 16 32 12 18 24 22 18 31 21 12 30 28 38 40 28 13 24 26 17 25 34 18 19 21 28 15 23 33 34 34 27 18 26 27 30 19 29 29 25 35 11 37 16 40 21 25 31 14 38 12 40 40 38 12 19 40 27 18 36 29 29 20 22 37 13 38 23 34 29 16 22 18 11 11 38 15 20 38 23 28 14 27 14 14 38 38 19 29 38 27 34 31 26 24 38 11 32 30 39 19 35 20 18 12 13 17 25 11 38 15 12 31 14 27 33 40 26 34 17 31 26 11 27 23 35 15 11 40 11 14 16 12 19 13 36 15 14 12 22 40 26 33 16 31 24 24 27 32 40 23 16 35 23 39 24 21 21 38 19 13 38 33 22 33 20 34 25 12 32 16 36 26 40 37 39 37 38 30 33 18 38 28 18 14 38 31 30 15 17 20 22 20 23 14 36 15 23 17 33 26 18 32 30 13 22 21 38 14 24 21 14 16 30 29 16 34 27 25 17 13 22 17 38 11 18 22 24 12 18 31 22 32 36 38 14 38 14 31 38 12 13 31 37 11 16 12 35 12 18 34 28 29 21 30 20 13 27 37 26 18 17 24 38 31 25 38 16 28 28 24 24 21 39 20 29 11 30 32 40 24 25 16 13 27 17 28 19 30 11 24 25 36 17 29 13 20 39 14 23 38 13 13 33 19 38 40 11 20 19 20 34 19 26 38 12 26 28 27 24 30 21 25 11 39 38 34 22 13 23 15 11 24 25 18 37 29 28 38 31 23 40 24 13 29 17 12 23 40 17 28 30 38 20 19 32 21 25 21 27 39 39 27 21 11 37 40 35 27 34 31 21 13 17 38 36 30 23 20 25 34 28 14 13 34 16 22 20 14 36 22 38 17 29 34 36 21 17 34 25 38 23 28 24 34 15 24 13 25 25 37 40 36 28 36 11 30 31 15 28 32 24 37 11 15 13 25 26 14 20 20 20 16 19 21 24 19 36 29 34 20 23 21 16 21 27 18 15 17 36 14 26 23 36 17 28 39 29 25 27 33 32 22 12 11 15 35 27 21 21 32 16 37 15 33 27 19 22 37 25 21 25 14 23 26 23 38 18 26 34 35 31 35 33 17 35 17 35 28 17 28 29 22 27 18 22 18 30 32 13 35 31 33 26 34 35 20 16 24 20 40 16 25 38 22 28 16 17 19 30 24 22 16 28 25 39 29 25 26 26 30 16 23 27 18 39 39 28 30 12 18 33 11 31 35 14 23 12 40 28 34 34 23 18 27 12 20 16 26 32 34 23 34 32 32 33 33 25 31 39 27 19 25 31 24 18 13 36 31 21 28 34 20 33 33 18 11 24 12 23 21 26 35 40 30 34 15 11 11 25 35 33 36 18 33 13 15 27 12 25 39 13 16 15 35 15 18 29 21 20 20 23 20 37 16 20 31 12 17 17 34 34 34 16 26 11 12 40 35 27 37 39 12 15 29 25 17 34 40 19 21 36 33 26 11 12 30 30 26 20 34 30 17 18 14 36 22 11 37 22 28 15 21 17 14 25 15 28 38 33 28 15 16 29 15 20 29 39 25 30 30 35 26 26 39 15 13 30 36 36 15 31 34 40 37 34 33 31 24 33 15 22 23 21 11 25 39 36 25 21 31 37 35 39 33 22 39 22 15 18 31 38 20 33 27 37 33 39 19 24 16 25 14 16 40 19 28 40 29 11 26 38 13 19 13 30 33 34 13 19 33 16 32 28 38 31 29 20 13 38 30 25 14 38 24 14 27 24 22 33 34 23 21 31 30 18 27 16 20 14 32 34 33 23 39 22 21 33 34 35 13 13 38 21 32 19 29 15 14 22 24 11 18 11 38 31 12 37 25 31 29 16 27 33 26 29 20 25 15 14 20 13 35 13 19 23 18 13 40 19 37 13 21 14 27 27 19 12 37 19 34 17 21 29 20 30 28 13 26 29 26 36 36 16 22 27 26 22 30 13 39 13 30 14 21 16 37 40 17 20 33 37 27
26 8 20 8 12 8 12 20 18 17 21 18 20 9 5 27 26 22 13 22 19 7 8 25 27 24 3 29 5 19 22 30 20 26 25 7 30 6 28 29 19 10 4 20 25 27 1 29 15 23 13 23 13 23 28 6 11 22 12 16 14 10 2 23 6 13 23 20 30 1 14 10 20 29 29 26 25 10 17 22 10 22 4 1 10 29 10 12 28 1 15 21 13 3 7 3 1 2 13 14 18 23 11 21 5 5 9 18 6 22 2 8 14 12 8 21 11 2 20 18 28 30 18 3 14 16 7 15 24 8 9 11 18 5 13 23 24 24 17 8 16 17 20 9 19 19 15 25 1 27 6 30 11 15 21 4 28 2 30 30 28 2 9 30 17 8 26 19 19 10 12 27 3 28 13 24 19 6 12 8 1 1 28 5 10 28 13 18 4 17 4 4 28 28 9 19 28 17 24 21 16 14 28 1 22 20 29 9 25 10 8 2 3 7 15 1 28 5 2 21 4 17 23 30 16 24 7 21 16 1 17 13 25 5 1 30 1 4 6 2 9 3 26 5 4 2 12 30 16 23 6 21 14 14 17 22 30 13 6 25 13 29 14 11 11 28 9 3 28 23 12 23 10 24 15 2 22 6 26 16 30 27 29 27 28 20 23 8 28 18 8 4 28 21 20 5 7 10 12 10 13 4 26 5 13 7 23 16 8 22 20 3 12 11 28 4 14 11 4 6 20 19 6 24 17 15 7 3 12 7 28 1 8 12 14 2 8 21 12 22 26 28 4 28 4 21 28 2 3 21 27 1 6 2 25 2 8 24 18 19 11 20 10 3 17 27 16 8 7 14 28 21 15 28 6 18 18 14 14 11 29 10 19 1 20 22 30 14 15 6 3 17 7 18 9 20 1 14 15 26 7 19 3 10 29 4 13 28 3 3 23 9 28 30 1 10 9 10 24 9 16 28 2 16 18 17 14 20 11 15 1 29 28 24 12 3 13 5 1 14 15 8 27 19 18 28 21 13 30 14 3 19 7 2 13 30 7 18 20 28 10 9 22 11 15 11 17 29 29 17 11 1 27 30 25 17 24 21 11 3 7 28 26 20 13 10 15 24 18 4 3 24 6 12 10 4 26 12 28 7 19 24 26 11 7 24 15 28 13 18 14 24 5 14 3 15 15 27 30 26 18 26 1 20 21 5 18 22 14 27 1 5 3 15 16 4 10 10 10 6 9 11 14 9 26 19 24 10 13 11 6 11 17 8 5 7 26 4 16 13 26 7 18 29 19 15 17 23 22 12 2 1 5 25 17 11 11 22 6 27 5 23 17 9 12 27 15 11 15 4 13 16 13 28 8 16 24 25 21 25 23 7 25 7 25 18 7 18 19 12 17 8 12 8 20 22 3 25 21 23 16 24 25 10 6 14 10 30 6 15 28 12 18 6 7 9 20 14 12 6 18 15 29 19 15 16 16 20 6 13 17 8 29 29 18 20 2 8 23 1 21 25 4 13 2 30 18 24 24 13 8 17 2 10 6 16 22 24 13 24 22 22 23 23 15 21 29 17 9 15 21 14 8 3 26 21 11 18 24 10 23 23 8 1 14 2 13 11 16 25 30 20 24 5 1 1 15 25 23 26 8 23 3 5 17 2 15 29 3 6 5 25 5 8 19 11 10 10 13 10 27 6 10 21 2 7 7 24 24 24 6 16 1 2 30 25 17 27 29 2 5 19 15 7 24 30 9 11 26 23 16 1 2 20 20 16 10 24 20 7 8 4 26 12 1 27 12 18 5 11 7 4 15 5 18 28 23 18 5 6 19 5 10 19 29 15 20 20 25 16 16 29 5 3 20 26 26 5 21 24 30 27 24 23 21 14 23 5 12 13 11 1 15 29 26 15 11 21 27 25 29 23 12 29 12 5 8 21 28 10 23 17 27 23 29 9 14 6 15 4 6 30 9 18 30 19 1 16 28 3 9 3 20 23 24 3 9 23 6 22 18 28 21 19 10 3 28 20 15 4 28 14 4 17 14 12 23 24 13 11 21 20 8 17 6 10 4 22 24 23 13 29 12 11 23 24 25 3 3 28 11 22 9 19 5 4 12 14 1 8 1 28 21 2 27 15 21 19 6 17 23 16 19 10 15 5 4 10 3 25 3 9 13 8 3 30 9 27 3 11 4 17 17 9 2 27 9 24 7 11 19 10 20 18 3 16 19 16 26 26 6 12 17 16 12 20 3 29 3 20 4 11 6 27 30 7 10 23 27 17
0 9 3
547 505 246
0 1 21
162 276 201 677 639 168 183 898 437 172 737 685 439 788 794 85 191 818 873 789 62
0 10 3
562 758 69
0 1 30
45 631 83 273 140 711 230 874 974 353 126 211 455 815 534 848 778 477 227 204 153 188 987 578 375 365 853 553 957 913
0 2 11
307 68 745 427 823 78 759 483 225 928 461
0 6 4
676 649 444 610
0 1 30
656 488 392 19 91 445 979 503 170 79 500 703 740 996 142 914 845 905 329 736 451 334 899 127 485 475 688 195 576 713
0 18 2
597 563
0 1 27
159 95 783 200 270 614 380 564 863 543 916 958 229 666 152 453 13 232 476 926 941 506 196 679 128 424 171
0 1 20
938 155 154 272 167 294 333 426 238 199 287 862 923 448 748 228 699 696 906 686
0 1 21
166 84 359 16 6 998 456 919 896 652 4 436 583 94 404 843 77 93 763 64 662
0 1 21
165 870 695 612 308 283 169 756 801 47 805 779 5 829 812 136 545 638 340 385 720
0 1 31
741 98 454 724 993 205 133 391 235 911 682 922 366 659 668 1 289 386 226 39 341 841 297 964 693 116 599 762 772 73 582
0 13 3
247 963 492
0 1 29
687 704 206 593 932 369 315 490 594 422 466 526 244 842 176 622 728 796 934 411 775 710 872 918 351 182 995 664 886
0 2 13
81 354 434 601 977 420 428 260 285 615 398 795 584
0 2 10
850 122 698 609 80 925 186 429 185 504
0 10 3
364 252 286
0 2 14
885 134 265 66 566 344 446 243 435 949 493 742 972 70
0 2 13
474 27 537 192 119 418 402 861 314 46 236 55 626
0 1 26
412 141 198 723 487 954 771 58 302 416 41 463 519 480 944 554 729 799 310 248 744 893 207 190 816 606
0 4 7
568 701 635 840 114 481 113
0 2 17
118 197 74 203 513 367 888 747 417 654 511 535 734 220 959 857 945
0 4 6
978 897 25 145 532 431
0 1 23
692 99 988 706 636 780 34 877 921 854 767 530 413 838 130 496 96 531 465 661 304 827 766
0 7 4
266 879 883 643
0 2 19
968 449 810 955 544 512 651 630 962 295 515 572 125 746 497 757 907 571 628
0 1 21
158 72 967 705 619 642 727 570 342 164 525 732 989 414 184 318 442 538 908 930 621
0 2 6
793 617 237 210 580 138
0 1 25
665 60 839 479 178 50 193 826 415 35 15 239 587 866 52 212 632 860 10 657 912 482 691 929 214
0 1 25
910 31 11 102 328 813 683 251 575 520 42 966 889 869 67 533 115 28 627 467 680 986 591 558 406
0 5 7
336 712 330 618 112 623 994
0 2 14
499 3 903 399 425 673 421 876 951 782 904 822 409 400
0 1 23
946 305 844 419 735 40 278 51 121 600 716 917 552 790 836 785 529 939 514 189 261 274 847
0 1 22
645 259 180 803 797 49 163 177 299 12 105 752 107 577 809 312 143 356 441 895 669 382
0 2 17
646 71 970 880 684 527 150 773 388 852 498 953 787 438 123 234 156
0 1 15
36 658 629 714 37 743 57 990 339 59 175 395 556 350 76
1 3 1
0
1 3 2
2 458
1 2 1
7
1 11 1
8
1 5 2
9 284
1 3 1
14
1 4 1
17
1 3 2
18 694
1 3 2
20 560
1 3 2
21 240
1 5 1
22
1 2 2
23 263
1 6 2
24 960
1 2 2
26 509
1 3 2
29 981
1 3 4
30 377 516 800
1 3 1
32
1 3 2
33 604
1 2 2
38 90
1 3 2
43 53
1 3 2
44 559
1 10 1
48
1 3 1
54
1 3 2
56 536
1 19 2
61 824
1 6 3
63 726 804
1 2 1
65
1 2 1
75
1 7 2
82 301
1 2 3
86 264 605
1 3 1
87
1 3 1
88
1 7 3
89 254 751
1 19 1
92
1 6 1
97
1 20 1
100
1 5 1
101
1 2 1
103
1 4 1
104
1 12 1
106
1 2 1
108
1 3 2
109 389
1 9 1
110
1 11 1
111
1 3 1
117
1 2 2
120 491
1 4 1
124
1 19 3
129 473 894
1 2 2
131 222
1 3 2
132 362
1 3 3
135 309 655
1 3 4
137 151 588 802
1 4 1
139
1 14 1
144
1 3 1
146
1 3 2
147 231
1 11 2
148 733
1 11 1
149
1 8 2
157 624
1 15 1
160
1 3 1
161
1 3 1
173
1 3 1
174
1 3 1
179
1 10 1
181
1 3 2
187 681
1 3 2
194 221
1 2 4
202 347 501 976
1 8 1
208
1 3 3
209 405 440
1 2 1
213
1 2 1
215
1 3 1
216
1 2 1
217
1 3 3
218 241 489
1 2 2
219 510
1 2 3
223 647 770
1 3 1
224
1 8 3
233 517 828
1 4 1
242
1 2 2
245 296
1 8 1
249
1 3 1
250
1 3 1
253
1 8 2
255 269
1 3 1
256
1 7 1
257
1 14 2
258 948
1 8 1
262
1 5 1
267
1 5 1
268
1 10 2
271 282
1 20 1
275
1 2 2
277 820
1 2 3
279 637 808
1 2 1
280
1 11 2
281 765
1 4 1
288
1 3 1
290
1 2 3
291 313 468
1 5 1
292
1 6 1
293
1 3 1
298
1 2 1
300
1 3 2
303 598
1 2 1
306
1 2 3
311 739 825
1 2 1
316
1 2 1
317
1 3 1
319
1 7 1
320
1 3 1
321
1 2 3
322 390 868
1 2 2
323 407
1 2 1
324
1 3 1
325
1 3 2
326 430
1 4 1
327
1 3 2
331 718
1 2 3
332 555 581
1 2 1
335
1 3 1
337
1 3 1
338
1 2 3
343 565 947
1 3 1
345
1 2 2
346 750
1 2 2
348 397
1 11 1
349
1 3 1
352
1 2 4
355 478 522 833
1 6 1
357
1 6 1
358
1 12 1
360
1 11 2
361 749
1 2 2
363 721
1 2 1
368
1 5 2
370 401
1 3 1
371
1 2 2
372 871
1 6 1
373
1 3 1
374
1 19 1
376
1 20 1
378
1 12 1
379
1 2 2
381 523
1 6 1
383
1 2 1
384
1 3 2
387 915
1 3 2
393 715
1 3 1
394
1 2 1
396
1 11 1
403
1 7 1
408
1 3 1
410
1 3 1
423
1 4 1
432
1 2 1
433
1 2 2
443 690
1 2 1
447
1 11 1
450
1 3 1
452
1 6 1
457
1 3 1
459
1 14 1
460
1 2 1
462
1 6 1
464
1 7 1
469
1 2 1
470
1 12 1
471
1 3 2
472 792
1 2 1
484
1 2 1
486
1 9 1
494
1 2 1
495
1 4 1
502
1 3 1
507
1 19 1
508
1 2 2
518 608
1 6 1
521
1 3 1
524
1 7 1
528
1 4 1
539
1 3 1
540
1 2 4
541 764 777 875
1 8 1
542
1 10 1
546
1 7 1
548
1 2 1
549
1 19 1
550
1 3 2
551 760
1 3 3
557 660 969
1 9 1
561
1 15 1
567
1 19 1
569
1 2 1
573
1 2 1
574
1 3 1
579
1 2 1
585
1 3 1
586
1 3 1
589
1 3 2
590 674
1 11 1
592
1 4 1
595
1 2 3
596 667 835
1 2 2
602 961
1 3 1
603
1 2 1
607
1 5 1
611
1 3 1
613
1 2 2
616 781
1 4 1
620
1 3 2
625 878
1 5 1
633
1 2 1
634
1 10 1
640
1 3 3
641 831 956
1 6 1
644
1 3 1
648
1 3 2
650 940
1 3 1
653
1 2 1
663
1 6 1
670
1 3 1
671
1 19 1
672
1 2 1
675
1 3 1
678
1 4 1
689
1 11 1
697
1 2 1
700
1 2 1
702
1 4 2
707 754
1 3 1
708
1 5 1
709
1 5 1
717
1 2 1
719
1 2 1
722
1 5 1
725
1 5 1
730
1 11 1
731
1 20 1
738
1 5 1
753
1 5 3
755 901 927
1 28 1
761
1 14 1
768
1 3 1
769
1 6 1
774
1 11 1
776
1 3 3
784 858 924
1 4 1
786
1 3 1
791
1 2 1
798
1 4 2
806 881
1 6 1
807
1 2 1
811
1 5 2
814 837
1 4 1
817
1 4 1
819
1 6 1
821
1 3 1
830
1 6 1
832
1 3 1
834
1 8 1
846
1 4 1
849
1 2 1
851
1 3 1
855
1 7 1
856
1 7 1
859
1 7 1
864
1 8 1
865
1 2 1
867
1 4 1
882
1 2 1
884
1 3 1
887
1 3 1
890
1 2 1
891
1 2 1
892
1 4 2
900 983
1 2 1
902
1 3 1
909
1 3 1
920
1 25 1
931
1 2 1
933
1 6 1
935
1 2 1
936
1 2 1
937
1 2 1
942
1 2 1
943
1 3 1
950
1 6 1
952
1 3 2
965 971
1 11 1
973
1 2 1
975
1 12 1
980
1 3 1
982
1 3 1
984
1 2 1
985
1 2 1
991
1 2 1
992
1 3 1
997
1 3 1
999
