300 141 465 20
28 15 21 31 17 39 18 38 24 39 17 32 12 12 35 33 28 31 29 13 18 21 16 34 12 20 29 30 32 24 15 14 19 21 15 29 34 21 24 20 24 24 21 29 21 32 34 22 36 25 25 13 38 31 25 29 22 25 15 15 19 17 13 30 24 37 13 14 35 39 25 16 26 33 19 34 16 21 25 12 34 18 39 32 18 26 24 35 37 28 21 34 40 31 26 28 25 39 35 23 21 24 26 22 11 27 15 24 12 11 21 29 20 31 18 40 34 14 20 38 30 19 38 40 23 11 28 31 31 26 35 32 34 13 37 33 28 15 34 21 40 28 22 38 21 36 38 19 12 29 38 25 12 29 14 18 40 18 36 23 39 12 18 19 26 37 19 23 22 12 35 33 32 40 18 39 28 38 24 13 14 37 13 18 19 20 25 37 23 37 24 21 25 37 32 32 26 13 12 35 38 29 19 14 32 12 34 28 20 39 24 29 20 18 29 23 37 31 24 23 26 17 31 17 16 16 30 15 15 24 15 28 36 11 23 34 11 25 27 17 33 30 29 33 25 19 21 26 14 13 19 19 16 29 25 19 18 19 12 23 32 14 15 31 15 20 39 19 17 36 37 25 13 24 25 39 17 25 22 20 40 20 21 25 27 28 20 26 22 24 20 28 33 11 40 16 19 29 30 37
18 5 11 21 7 29 8 28 14 29 7 22 2 2 25 23 18 21 19 3 8 11 6 24 2 10 19 20 22 14 5 4 9 11 5 19 24 11 14 10 14 14 11 19 11 22 24 12 26 15 15 3 28 21 15 19 12 15 5 5 9 7 3 20 14 27 3 4 25 29 15 6 16 23 9 24 6 11 15 2 24 8 29 22 8 16 14 25 27 18 11 24 30 21 16 18 15 29 25 13 11 14 16 12 1 17 5 14 2 1 11 19 10 21 8 30 24 4 10 28 20 9 28 30 13 1 18 21 21 16 25 22 24 3 27 23 18 5 24 11 30 18 12 28 11 26 28 9 2 19 28 15 2 19 4 8 30 8 26 13 29 2 8 9 16 27 9 13 12 2 25 23 22 30 8 29 18 28 14 3 4 27 3 8 9 10 15 27 13 27 14 11 15 27 22 22 16 3 2 25 28 19 9 4 22 2 24 18 10 29 14 19 10 8 19 13 27 21 14 13 16 7 21 7 6 6 20 5 5 14 5 18 26 1 13 24 1 15 17 7 23 20 19 23 15 9 11 16 4 3 9 9 6 19 15 9 8 9 2 13 22 4 5 21 5 10 29 9 7 26 27 15 3 14 15 29 7 15 12 10 30 10 11 15 17 18 10 16 12 14 10 18 23 1 30 6 9 19 20 27
0 17 2
228 280
0 7 4
120 6 21 204
0 5 5
261 99 111 293 33
0 5 6
294 32 246 202 20 14
0 5 7
194 43 62 187 56 47 215
0 5 4
72 180 247 138
0 4 7
146 231 48 98 71 125 22
0 10 2
83 59
0 5 6
42 108 239 139 154 227
0 4 9
15 183 132 28 281 80 255 128 277
0 3 7
226 60 123 213 264 265 133
0 5 7
234 295 275 55 95 229 289
0 5 3
38 192 31
0 7 2
165 129
0 4 5
93 278 193 249 2
0 7 1
137
0 3 7
145 258 186 161 24 49 94
0 4 5
243 203 270 10 168
0 3 9
191 9 155 46 222 106 75 104 19
0 5 3
216 220 119
0 4 8
78 4 11 50 85 54 181 218
0 5 3
156 7 63
0 4 6
199 70 212 162 112 240
0 3 9
52 73 290 175 235 209 81 214 36
0 4 5
109 26 219 260 149
0 4 11
124 12 242 87 291 116 157 90 45 37 269
0 3 9
18 65 3 151 66 34 205 299 196
0 5 5
113 135 13 107 206
0 4 6
92 89 58 102 271 53
0 7 1
268
1 12 2
0 41
1 10 3
1 91 97
1 9 1
5
1 8 1
8
1 7 1
16
1 10 1
17
1 9 1
23
1 7 1
25
1 7 1
27
1 9 1
29
1 15 2
30 122
1 7 3
35 176 197
1 9 2
39 96
1 9 2
40 100
1 6 2
44 105
1 21 1
51
1 11 1
57
1 7 1
61
1 9 1
64
1 10 1
67
1 9 2
68 177
1 8 1
69
1 10 1
74
1 10 1
76
1 7 2
77 84
1 8 1
79
1 12 1
82
1 7 1
86
1 10 1
88
1 12 2
101 182
1 9 1
103
1 21 2
110 171
1 6 1
114
1 9 1
115
1 9 1
117
1 9 2
118 159
1 8 2
121 200
1 8 1
126
1 15 2
127 189
1 12 1
130
1 9 1
131
1 9 1
134
1 8 1
136
1 10 1
140
1 8 1
141
1 8 1
142
1 20 1
143
1 17 1
144
1 14 1
147
1 7 1
148
1 12 1
150
1 8 1
152
1 7 1
153
1 6 1
158
1 9 1
160
1 7 1
163
1 7 1
164
1 8 1
166
1 10 1
167
1 15 2
169 207
1 9 1
170
1 24 2
172 188
1 8 2
173 285
1 8 1
174
1 10 2
178 184
1 8 1
179
1 9 1
185
1 7 1
190
1 7 1
195
1 13 1
198
1 9 2
201 236
1 9 1
208
1 11 1
210
1 8 2
211 252
1 9 1
217
1 8 1
221
1 7 1
223
1 21 1
224
1 9 1
225
1 8 1
230
1 7 1
232
1 12 1
233
1 12 1
237
1 8 2
238 274
1 9 1
241
1 7 1
244
1 7 1
245
1 8 1
248
1 9 1
250
1 22 1
251
1 9 1
253
1 8 1
254
1 8 1
256
1 9 1
257
1 12 1
259
1 6 1
262
1 7 1
263
1 8 1
266
1 8 1
267
1 12 2
272 282
1 9 1
273
1 10 1
276
1 22 1
279
1 7 1
283
1 8 1
284
1 9 1
286
1 9 1
287
1 8 2
288 292
1 9 1
296
1 13 1
297
1 9 1
298
