800 271 1240 18
39 40 31 18 13 17 33 28 21 29 17 35 21 21 26 20 12 25 27 34 38 13 30 28 22 28 31 25 33 30 21 11 39 32 16 13 20 34 19 36 24 15 32 34 28 34 33 38 16 37 40 31 36 40 23 20 31 25 32 20 40 26 25 31 16 31 33 20 34 28 19 16 18 34 30 11 28 37 12 14 37 29 33 13 20 18 25 37 18 11 28 38 25 21 31 40 26 15 40 31 30 14 15 23 16 34 15 37 14 32 18 36 13 22 38 29 18 22 34 33 17 16 23 12 40 27 26 21 22 28 30 19 23 31 33 19 36 29 31 36 32 23 25 16 11 34 22 21 20 25 23 15 28 34 19 17 36 19 14 39 24 16 20 14 29 39 20 33 39 34 32 33 20 30 24 24 27 23 38 19 17 24 29 18 23 11 37 29 24 32 14 29 40 39 32 33 22 38 22 14 17 38 15 15 11 26 22 18 21 32 30 13 29 38 23 36 36 19 20 25 35 27 30 14 39 38 40 22 27 17 12 28 26 25 24 19 18 11 21 20 14 32 26 37 13 12 21 29 38 39 13 26 29 39 29 13 19 32 33 39 32 38 16 35 21 24 26 22 12 12 21 35 30 24 23 24 34 25 15 38 32 20 38 26 32 36 23 16 31 26 29 19 37 21 36 39 21 24 17 34 37 19 25 26 14 27 39 26 19 20 13 34 29 30 23 37 37 24 15 21 11 18 39 30 18 21 36 19 29 18 40 35 30 38 23 28 22 15 11 33 27 24 35 31 32 30 12 25 29 29 11 32 27 13 22 25 35 19 36 13 25 20 17 22 36 28 30 28 38 12 25 30 15 26 14 34 21 29 20 28 24 40 38 39 21 37 12 13 25 31 18 31 33 13 40 36 29 13 31 12 19 36 35 33 21 38 39 28 28 35 27 11 17 18 25 19 30 11 18 37 16 37 20 24 34 24 13 15 29 33 38 30 18 24 16 40 13 22 37 25 39 32 35 25 38 35 34 15 31 26 14 32 38 11 21 34 14 25 19 22 34 22 40 31 30 37 31 40 35 17 15 12 20 37 14 27 38 11 27 14 35 27 32 30 21 25 22 21 20 14 12 11 17 28 27 35 30 39 23 15 36 35 36 26 29 13 32 15 39 26 35 31 35 23 16 14 11 16 27 40 24 12 15 24 11 15 39 26 12 15 20 22 23 37 13 35 28 20 15 29 29 28 11 26 23 25 13 38 34 15 12 25 27 24 33 23 22 17 11 16 26 28 19 29 18 11 40 35 13 15 14 33 38 26 38 15 30 40 12 13 31 29 34 14 20 39 16 18 13 18 28 28 19 36 11 11 15 18 34 22 35 23 14 13 39 20 35 24 19 27 14 19 38 29 18 35 33 33 20 31 36 35 40 22 31 37 29 20 21 29 21 17 19 19 11 38 23 32 13 17 34 13 38 38 38 37 21 39 40 23 27 18 17 34 21 12 19 21 12 33 18 22 26 16 15 27 27 31 29 27 19 40 18 26 33 38 15 34 34 33 13 14 18 16 31 34 29 23 29 40 11 35 36 23 39 33 38 40 22 16 28 28 36 23 11 18 18 33 27 13 30 28 38 40 29 20 24 25 13 12 25 16 26 33 26 20 16 18 17 24 31 22 15 29 35 23 28 14 40 17 34 22 38 23 18 36 30 30 13 40 28 17 13 35 22 30 19 39 16 37 28 30 22 23 32 38 34 20 39 12 34 17 37 33 29 28 23 16 15 33 27 23 19 22 14 24 13 39 29 37 11 38 32 15 25 38 14 33 35 16
29 30 21 8 3 7 23 18 11 19 7 25 11 11 16 10 2 15 17 24 28 3 20 18 12 18 21 15 23 20 11 1 29 22 6 3 10 24 9 26 14 5 22 24 18 24 23 28 6 27 30 21 26 30 13 10 21 15 22 10 30 16 15 21 6 21 23 10 24 18 9 6 8 24 20 1 18 27 2 4 27 19 23 3 10 8 15 27 8 1 18 28 15 11 21 30 16 5 30 21 20 4 5 13 6 24 5 27 4 22 8 26 3 12 28 19 8 12 24 23 7 6 13 2 30 17 16 11 12 18 20 9 13 21 23 9 26 19 21 26 22 13 15 6 1 24 12 11 10 15 13 5 18 24 9 7 26 9 4 29 14 6 10 4 19 29 10 23 29 24 22 23 10 20 14 14 17 13 28 9 7 14 19 8 13 1 27 19 14 22 4 19 30 29 22 23 12 28 12 4 7 28 5 5 1 16 12 8 11 22 20 3 19 28 13 26 26 9 10 15 25 17 20 4 29 28 30 12 17 7 2 18 16 15 14 9 8 1 11 10 4 22 16 27 3 2 11 19 28 29 3 16 19 29 19 3 9 22 23 29 22 28 6 25 11 14 16 12 2 2 11 25 20 14 13 14 24 15 5 28 22 10 28 16 22 26 13 6 21 16 19 9 27 11 26 29 11 14 7 24 27 9 15 16 4 17 29 16 9 10 3 24 19 20 13 27 27 14 5 11 1 8 29 20 8 11 26 9 19 8 30 25 20 28 13 18 12 5 1 23 17 14 25 21 22 20 2 15 19 19 1 22 17 3 12 15 25 9 26 3 15 10 7 12 26 18 20 18 28 2 15 20 5 16 4 24 11 19 10 18 14 30 28 29 11 27 2 3 15 21 8 21 23 3 30 26 19 3 21 2 9 26 25 23 11 28 29 18 18 25 17 1 7 8 15 9 20 1 8 27 6 27 10 14 24 14 3 5 19 23 28 20 8 14 6 30 3 12 27 15 29 22 25 15 28 25 24 5 21 16 4 22 28 1 11 24 4 15 9 12 24 12 30 21 20 27 21 30 25 7 5 2 10 27 4 17 28 1 17 4 25 17 22 20 11 15 12 11 10 4 2 1 7 18 17 25 20 29 13 5 26 25 26 16 19 3 22 5 29 16 25 21 25 13 6 4 1 6 17 30 14 2 5 14 1 5 29 16 2 5 10 12 13 27 3 25 18 10 5 19 19 18 1 16 13 15 3 28 24 5 2 15 17 14 23 13 12 7 1 6 16 18 9 19 8 1 30 25 3 5 4 23 28 16 28 5 20 30 2 3 21 19 24 4 10 29 6 8 3 8 18 18 9 26 1 1 5 8 24 12 25 13 4 3 29 10 25 14 9 17 4 9 28 19 8 25 23 23 10 21 26 25 30 12 21 27 19 10 11 19 11 7 9 9 1 28 13 22 3 7 24 3 28 28 28 27 11 29 30 13 17 8 7 24 11 2 9 11 2 23 8 12 16 6 5 17 17 21 19 17 9 30 8 16 23 28 5 24 24 23 3 4 8 6 21 24 19 13 19 30 1 25 26 13 29 23 28 30 12 6 18 18 26 13 1 8 8 23 17 3 20 18 28 30 19 10 14 15 3 2 15 6 16 23 16 10 6 8 7 14 21 12 5 19 25 13 18 4 30 7 24 12 28 13 8 26 20 20 3 30 18 7 3 25 12 20 9 29 6 27 18 20 12 13 22 28 24 10 29 2 24 7 27 23 19 18 13 6 5 23 17 13 9 12 4 14 3 29 19 27 1 28 22 5 15 28 4 23 25 6
0 1 20
233 696 552 591 741 451 505 397 444 743 347 384 293 213 722 28 145 774 601 382
0 7 4
436 288 493 140
0 1 21
78 105 18 424 350 234 521 789 768 528 440 59 323 259 616 111 483 263 63 720 21
0 3 12
85 65 795 592 180 604 264 240 445 740 82 60
0 1 20
52 577 779 156 447 715 725 191 459 354 508 10 248 710 778 542 137 209 106 515
0 2 17
83 608 659 22 228 711 631 278 75 120 607 633 549 117 194 295 107
0 2 17
256 242 507 319 92 671 236 442 225 550 718 685 492 5 231 297 381
0 1 24
732 623 304 562 785 461 524 348 267 211 380 468 227 302 769 396 414 168 94 27 432 190 287 611
0 4 7
773 357 311 448 648 739 93
0 1 20
8 84 340 699 138 153 244 274 222 114 239 540 100 245 363 73 677 306 332 642
0 1 16
62 584 771 275 590 617 687 102 501 125 420 336 150 141 569 484
0 1 17
674 575 41 439 265 127 667 324 201 571 446 218 662 29 654 310 709
0 1 19
537 419 104 181 215 700 523 706 765 391 289 394 717 570 791 672 232 684 534
0 1 22
512 579 167 37 770 466 185 317 79 320 152 688 482 182 494 243 184 175 205 303 44 216
0 2 20
1 728 247 777 136 624 510 31 714 775 86 149 477 435 650 627 527 144 369 338
0 1 13
489 734 346 398 89 665 403 16 782 155 656 26 475
0 1 15
58 555 200 329 294 299 583 64 547 586 606 246 272 784 157
0 5 5
13 358 101 129 400
0 4 4
266 326 707 545
0 4 6
522 637 387 750 690 161
0 2 15
316 497 452 179 260 389 572 776 797 513 678 32 401 132 189
0 1 28
595 364 622 325 470 462 163 600 563 790 526 456 300 399 321 99 192 794 76 377 170 351 427 109 702 121 307 641
0 2 10
455 309 241 640 290 162 749 286 68 90
0 2 12
663 210 463 692 328 533 342 280 490 799 481 143
0 5 9
708 693 473 252 757 614 257 525 454
0 3 12
2 15 214 0 308 576 496 378 158 296 25 610
0 2 15
587 249 61 565 486 411 238 197 40 220 262 330 383 694 613
0 1 21
764 415 556 506 56 763 635 737 520 566 87 559 504 417 760 676 580 55 438 115 746
0 3 10
6 371 186 359 80 458 485 425 173 646
0 1 23
67 744 81 680 786 428 735 113 385 758 670 110 14 139 655 736 638 334 19 388 529 345 536
0 1 20
639 539 666 327 258 165 172 405 721 698 237 713 148 503 291 434 754 478 343 681
1 3 2
3 488
1 8 2
4 705
1 8 1
7
1 3 2
9 96
1 8 1
11
1 4 3
12 224 766
1 3 1
17
1 4 1
20
1 2 2
23 467
1 5 1
24
1 3 1
30
1 2 2
33 154
1 3 2
34 276
1 4 2
35 593
1 4 1
36
1 4 2
38 281
1 9 1
39
1 2 1
42
1 5 1
43
1 3 1
45
1 5 2
46 53
1 6 1
47
1 2 1
48
1 8 1
49
1 4 1
50
1 2 2
51 615
1 4 2
54 103
1 4 1
57
1 6 2
66 605
1 2 1
69
1 4 2
70 578
1 4 1
71
1 4 2
72 516
1 2 3
74 457 603
1 2 1
77
1 4 2
88 202
1 3 2
91 731
1 6 1
95
1 2 1
97
1 2 2
98 630
1 5 1
108
1 8 1
112
1 6 1
116
1 4 3
118 558 719
1 4 1
119
1 9 1
122
1 3 2
123 134
1 3 1
124
1 8 2
126 625
1 3 1
128
1 5 1
130
1 2 3
131 479 751
1 3 2
133 223
1 2 1
135
1 2 1
142
1 5 1
146
1 2 1
147
1 2 1
151
1 2 3
159 370 416
1 3 2
160 251
1 2 3
164 279 472
1 3 1
166
1 3 1
169
1 9 2
171 519
1 2 1
174
1 7 1
176
1 2 4
177 339 422 781
1 3 2
178 742
1 3 2
183 219
1 4 2
187 730
1 6 1
188
1 5 2
193 561
1 3 1
195
1 8 1
196
1 4 1
198
1 4 1
199
1 3 1
203
1 2 2
204 443
1 5 1
206
1 3 1
207
1 3 1
208
1 5 1
212
1 11 1
217
1 7 1
221
1 4 1
226
1 3 1
229
1 5 1
230
1 2 1
235
1 6 1
250
1 6 1
253
1 3 2
254 423
1 6 2
255 657
1 3 1
261
1 3 1
268
1 3 1
269
1 5 1
270
1 5 1
271
1 4 2
273 752
1 3 2
277 796
1 5 1
282
1 6 1
283
1 3 2
284 599
1 7 1
285
1 2 3
292 602 649
1 7 2
298 568
1 8 1
301
1 4 1
305
1 5 1
312
1 3 1
313
1 2 2
314 756
1 3 1
315
1 6 2
318 418
1 6 1
322
1 6 2
331 480
1 2 3
333 355 689
1 4 1
335
1 2 2
337 697
1 6 2
341 393
1 2 1
344
1 3 2
349 487
1 3 3
352 430 530
1 2 1
353
1 9 1
356
1 7 1
360
1 3 1
361
1 5 1
362
1 2 2
365 683
1 4 3
366 402 412
1 3 2
367 628
1 2 1
368
1 2 2
372 573
1 2 1
373
1 5 1
374
1 3 1
375
1 5 1
376
1 2 3
379 437 471
1 2 1
386
1 5 1
390
1 4 1
392
1 3 1
395
1 6 1
404
1 6 1
406
1 2 3
407 621 727
1 2 1
408
1 6 2
409 589
1 5 1
410
1 7 1
413
1 4 1
421
1 4 1
426
1 5 1
429
1 3 1
431
1 2 1
433
1 5 1
441
1 7 1
449
1 2 2
450 647
1 2 1
453
1 3 1
460
1 3 1
464
1 2 1
465
1 4 1
469
1 6 1
474
1 2 2
476 509
1 5 1
491
1 3 2
495 767
1 3 1
498
1 5 1
499
1 7 1
500
1 9 3
502 518 704
1 2 1
511
1 5 3
514 691 780
1 3 1
517
1 2 1
531
1 4 1
532
1 9 1
535
1 2 1
538
1 5 1
541
1 2 1
543
1 2 1
544
1 4 1
546
1 6 1
548
1 3 1
551
1 4 1
553
1 6 2
554 651
1 3 2
557 588
1 2 1
560
1 3 1
564
1 6 2
567 619
1 2 1
574
1 2 1
581
1 2 2
582 669
1 8 1
585
1 2 1
594
1 4 1
596
1 8 1
597
1 2 1
598
1 5 1
609
1 3 1
612
1 3 1
618
1 4 1
620
1 7 1
626
1 3 1
629
1 3 1
632
1 3 1
634
1 6 1
636
1 2 1
643
1 5 1
644
1 4 1
645
1 3 2
652 783
1 2 2
653 787
1 4 1
658
1 3 2
660 682
1 7 2
661 747
1 4 1
664
1 2 1
668
1 4 1
673
1 2 1
675
1 3 1
679
1 5 1
686
1 3 1
695
1 4 1
701
1 2 1
703
1 5 1
712
1 2 2
716 792
1 3 1
723
1 7 1
724
1 8 1
726
1 2 1
729
1 2 1
733
1 4 1
738
1 5 1
745
1 6 1
748
1 3 1
753
1 5 1
755
1 8 1
759
1 6 1
761
1 3 1
762
1 5 1
772
1 3 1
788
1 2 1
793
1 2 1
798
