800 306 1240 18
24 11 39 30 15 28 38 38 32 19 30 40 22 22 33 19 35 18 34 27 29 23 13 16 19 19 13 36 22 11 32 39 21 29 39 17 12 21 27 12 29 30 22 30 19 24 19 25 26 36 38 30 39 15 24 35 18 26 12 27 15 35 17 27 25 22 29 23 23 15 21 15 17 14 11 17 22 15 21 23 39 30 40 28 24 38 17 18 32 21 34 32 33 34 11 28 11 40 13 24 34 38 18 19 27 17 36 37 14 31 27 24 25 26 27 23 29 24 25 17 25 11 32 40 11 21 29 30 26 17 16 25 17 26 21 18 20 11 23 27 38 15 27 22 32 15 12 36 38 20 14 29 33 19 39 33 35 35 18 35 15 25 36 36 22 26 33 29 28 15 35 39 23 40 40 37 33 26 30 38 26 32 28 27 34 22 14 40 17 14 27 20 24 21 12 18 21 20 24 24 34 21 14 25 33 37 15 38 38 19 11 22 21 37 32 21 38 37 20 21 18 14 25 23 30 35 30 29 12 12 29 24 35 18 36 31 34 26 31 24 38 28 39 32 30 38 17 12 18 13 19 14 37 29 16 37 39 14 36 27 31 17 29 40 15 29 23 17 39 14 14 38 20 18 24 21 15 38 34 31 15 37 20 18 39 18 26 28 21 25 12 14 26 34 18 39 13 27 25 15 25 35 38 22 28 15 25 24 20 30 12 34 21 31 19 18 40 30 40 27 28 25 39 32 28 17 39 16 35 22 34 29 24 24 34 27 24 33 28 24 27 11 37 15 15 39 34 23 30 25 38 36 13 16 20 23 11 20 25 11 30 37 15 25 18 34 20 28 28 37 16 14 23 22 35 18 35 20 37 29 29 31 16 21 35 28 16 34 25 40 20 31 28 37 30 12 11 25 15 37 35 11 37 29 21 38 36 33 38 14 31 22 15 21 21 15 33 25 32 27 24 36 13 35 38 35 11 11 16 32 33 38 27 34 17 11 30 18 40 15 18 30 31 20 38 40 26 23 29 31 24 37 19 39 25 32 15 19 21 21 34 17 24 40 14 21 17 36 36 11 30 14 37 37 19 39 17 37 22 23 34 17 35 12 19 32 29 31 37 32 12 29 39 21 27 14 33 14 22 23 32 34 32 39 37 13 12 17 31 37 25 28 15 38 35 19 13 37 31 19 36 32 19 39 37 17 36 21 35 40 33 34 32 15 33 24 34 19 13 22 15 28 20 22 13 22 29 31 33 36 12 19 35 20 26 13 19 26 37 15 39 23 26 16 26 38 13 19 31 37 33 29 14 40 11 34 13 24 26 39 25 28 31 19 19 35 36 35 25 20 39 38 14 36 12 17 12 36 33 20 13 19 28 19 20 38 36 39 39 15 12 27 30 29 17 31 17 28 13 11 26 13 37 36 18 34 34 21 14 13 39 22 29 17 13 40 28 37 23 23 28 21 22 16 11 11 34 29 35 13 38 32 21 35 18 11 21 31 23 20 40 28 19 34 39 22 24 29 23 29 40 38 21 17 16 25 12 35 31 36 29 31 20 16 26 17 29 29 12 21 16 25 31 22 30 25 23 39 26 23 29 12 32 30 27 23 16 12 29 12 11 15 18 33 20 22 13 39 40 24 17 37 30 40 12 30 23 39 23 23 27 35 13 18 23 17 31 36 25 15 22 19 28 14 18 28 40 18 32 19 40 38 27 37 11 36 36 24 40 23 17 32 22 15 21 28 40 28 31 25 31 19 21 25 36 13 33 30 17 26 23 22 17 17 35 19 22 24 24 32 26 17 32 40 35 28 19 33 27 13
14 1 29 20 5 18 28 28 22 9 20 30 12 12 23 9 25 8 24 17 19 13 3 6 9 9 3 26 12 1 22 29 11 19 29 7 2 11 17 2 19 20 12 20 9 14 9 15 16 26 28 20 29 5 14 25 8 16 2 17 5 25 7 17 15 12 19 13 13 5 11 5 7 4 1 7 12 5 11 13 29 20 30 18 14 28 7 8 22 11 24 22 23 24 1 18 1 30 3 14 24 28 8 9 17 7 26 27 4 21 17 14 15 16 17 13 19 14 15 7 15 1 22 30 1 11 19 20 16 7 6 15 7 16 11 8 10 1 13 17 28 5 17 12 22 5 2 26 28 10 4 19 23 9 29 23 25 25 8 25 5 15 26 26 12 16 23 19 18 5 25 29 13 30 30 27 23 16 20 28 16 22 18 17 24 12 4 30 7 4 17 10 14 11 2 8 11 10 14 14 24 11 4 15 23 27 5 28 28 9 1 12 11 27 22 11 28 27 10 11 8 4 15 13 20 25 20 19 2 2 19 14 25 8 26 21 24 16 21 14 28 18 29 22 20 28 7 2 8 3 9 4 27 19 6 27 29 4 26 17 21 7 19 30 5 19 13 7 29 4 4 28 10 8 14 11 5 28 24 21 5 27 10 8 29 8 16 18 11 15 2 4 16 24 8 29 3 17 15 5 15 25 28 12 18 5 15 14 10 20 2 24 11 21 9 8 30 20 30 17 18 15 29 22 18 7 29 6 25 12 24 19 14 14 24 17 14 23 18 14 17 1 27 5 5 29 24 13 20 15 28 26 3 6 10 13 1 10 15 1 20 27 5 15 8 24 10 18 18 27 6 4 13 12 25 8 25 10 27 19 19 21 6 11 25 18 6 24 15 30 10 21 18 27 20 2 1 15 5 27 25 1 27 19 11 28 26 23 28 4 21 12 5 11 11 5 23 15 22 17 14 26 3 25 28 25 1 1 6 22 23 28 17 24 7 1 20 8 30 5 8 20 21 10 28 30 16 13 19 21 14 27 9 29 15 22 5 9 11 11 24 7 14 30 4 11 7 26 26 1 20 4 27 27 9 29 7 27 12 13 24 7 25 2 9 22 19 21 27 22 2 19 29 11 17 4 23 4 12 13 22 24 22 29 27 3 2 7 21 27 15 18 5 28 25 9 3 27 21 9 26 22 9 29 27 7 26 11 25 30 23 24 22 5 23 14 24 9 3 12 5 18 10 12 3 12 19 21 23 26 2 9 25 10 16 3 9 16 27 5 29 13 16 6 16 28 3 9 21 27 23 19 4 30 1 24 3 14 16 29 15 18 21 9 9 25 26 25 15 10 29 28 4 26 2 7 2 26 23 10 3 9 18 9 10 28 26 29 29 5 2 17 20 19 7 21 7 18 3 1 16 3 27 26 8 24 24 11 4 3 29 12 19 7 3 30 18 27 13 13 18 11 12 6 1 1 24 19 25 3 28 22 11 25 8 1 11 21 13 10 30 18 9 24 29 12 14 19 13 19 30 28 11 7 6 15 2 25 21 26 19 21 10 6 16 7 19 19 2 11 6 15 21 12 20 15 13 29 16 13 19 2 22 20 17 13 6 2 19 2 1 5 8 23 10 12 3 29 30 14 7 27 20 30 2 20 13 29 13 13 17 25 3 8 13 7 21 26 15 5 12 9 18 4 8 18 30 8 22 9 30 28 17 27 1 26 26 14 30 13 7 22 12 5 11 18 30 18 21 15 21 9 11 15 26 3 23 20 7 16 13 12 7 7 25 9 12 14 14 22 16 7 22 30 25 18 9 23 17 3
0 7 1
542
0 1 15
377 41 327 168 59 631 429 749 311 196 137 713 370 355 449
0 1 16
581 634 367 587 688 612 720 40 23 395 762 383 295 54 384 697
0 4 8
575 407 217 292 686 1 714 266
0 2 12
467 120 278 50 307 351 163 535 639 490 232 406
0 2 13
18 438 645 722 113 2 213 737 780 427 652 430 553
0 3 10
337 488 353 628 299 91 190 538 677 776
0 3 13
286 781 388 342 20 110 205 254 460 265 606 775 123
0 3 9
660 674 613 16 136 69 326 471 505
0 1 16
470 101 481 518 420 214 620 78 563 321 99 547 426 578 250 787
0 1 19
22 338 755 29 102 625 412 500 81 726 658 328 246 287 437 37 139 472 12
0 7 3
66 169 721
0 2 11
289 719 515 263 416 617 789 53 267 600 653
0 6 6
756 165 523 313 375 608
0 6 6
698 706 766 501 530 531
0 5 6
577 372 293 258 274 33
0 3 10
723 474 398 597 184 325 689 603 649 80
0 19 1
632
0 3 12
475 483 135 559 85 291 712 402 173 30 96 392
0 3 11
731 710 629 788 461 596 428 452 82 253 655
0 3 11
284 487 227 216 791 779 188 640 95 543 507
0 4 7
521 241 368 661 641 424 212
0 1 26
702 584 662 366 36 551 663 687 192 680 269 201 782 745 503 397 579 151 302 792 638 786 730 759 757 413
0 1 20
58 524 699 132 49 209 352 149 494 206 255 288 152 76 564 770 24 709 532 519
0 2 16
141 312 499 248 650 334 71 607 42 45 273 443 345 739 199 48
0 7 5
182 797 611 389 319
0 2 21
451 34 671 758 540 115 703 381 317 316 121 529 79 93 354 356 626 134 104 618 268
0 1 30
549 390 14 382 457 646 432 602 340 609 70 46 365 440 260 147 676 657 485 75 512 793 333 708 200 344 219 439 414 435
0 18 2
718 346
0 1 17
6 506 588 773 747 218 194 208 478 760 408 403 106 107 55 480 743
0 2 19
244 504 656 150 477 484 508 385 404 605 752 675 659 711 305 167 380 482 493
0 3 12
561 294 387 583 545 784 423 306 595 767 236 573
0 1 28
516 621 52 765 492 118 229 309 422 627 453 771 479 556 525 666 60 648 748 238 43 391 560 796 161 496 222 171
0 5 4
140 727 761 285
0 1 17
283 409 349 303 783 594 401 371 728 526 114 144 361 610 690 623 769
0 2 12
215 314 614 373 528 433 668 419 203 598 251 736
0 9 5
32 633 176 204 396
0 1 19
700 330 654 74 226 498 441 145 552 231 665 466 198 0 243 131 308 178 63
0 3 11
684 189 162 405 68 252 320 124 455 207 593
1 6 2
3 682
1 5 1
4
1 2 1
5
1 9 2
7 146
1 5 2
8 158
1 2 1
9
1 4 1
10
1 5 1
11
1 2 2
13 374
1 8 2
15 153
1 2 1
17
1 5 1
19
1 4 1
21
1 4 1
25
1 7 2
26 585
1 8 2
27 242
1 10 5
28 393 520 619 705
1 2 1
31
1 3 1
35
1 8 2
38 442
1 8 1
39
1 9 1
44
1 4 1
47
1 8 1
51
1 5 2
56 410
1 8 1
57
1 3 1
61
1 4 2
62 777
1 2 3
64 257 582
1 10 2
65 768
1 7 1
67
1 5 1
72
1 3 1
73
1 19 2
77 681
1 3 1
83
1 4 1
84
1 2 1
86
1 18 1
87
1 2 1
88
1 2 1
89
1 20 1
90
1 19 2
92 444
1 3 1
94
1 2 2
97 742
1 5 2
98 616
1 5 2
100 695
1 2 1
103
1 5 1
105
1 10 1
108
1 8 1
109
1 4 2
111 210
1 6 1
112
1 7 1
116
1 3 1
117
1 4 1
119
1 2 1
122
1 2 2
125 546
1 21 1
126
1 9 1
127
1 12 1
128
1 4 2
129 590
1 3 1
130
1 3 1
133
1 4 1
138
1 3 1
142
1 4 1
143
1 8 1
148
1 6 1
154
1 2 1
155
1 2 1
156
1 3 2
157 193
1 10 2
159 604
1 7 1
160
1 4 1
164
1 4 2
166 527
1 10 1
170
1 6 3
172 511 576
1 4 2
174 275
1 19 1
175
1 4 1
177
1 2 1
179
1 4 1
180
1 3 1
181
1 4 1
183
1 2 1
185
1 5 1
186
1 5 2
187 228
1 2 1
191
1 4 1
195
1 5 3
197 202 450
1 8 1
211
1 3 1
220
1 13 1
221
1 3 3
223 341 667
1 4 1
224
1 21 1
225
1 3 1
230
1 3 1
233
1 5 1
234
1 9 1
235
1 20 1
237
1 8 1
239
1 7 1
240
1 6 1
245
1 2 1
247
1 14 1
249
1 8 1
256
1 11 2
259 264
1 2 2
261 624
1 19 2
262 763
1 5 1
270
1 8 2
271 359
1 3 3
272 281 282
1 8 1
276
1 8 1
277
1 4 1
279
1 9 1
280
1 19 1
290
1 7 1
296
1 2 1
297
1 5 1
298
1 4 1
300
1 4 1
301
1 3 1
304
1 5 1
310
1 7 1
315
1 8 1
318
1 3 1
322
1 7 1
323
1 4 1
324
1 7 1
329
1 4 1
331
1 3 1
332
1 12 1
335
1 7 1
336
1 20 1
339
1 9 1
343
1 10 1
347
1 23 1
348
1 4 2
350 459
1 22 1
357
1 7 1
358
1 2 1
360
1 4 1
362
1 7 2
363 630
1 3 1
364
1 4 1
369
1 4 1
376
1 12 1
378
1 3 1
379
1 20 1
386
1 4 2
394 683
1 7 1
399
1 2 1
400
1 11 1
411
1 3 1
415
1 3 2
417 539
1 5 1
418
1 2 1
421
1 9 1
425
1 4 2
431 554
1 6 1
434
1 6 1
436
1 3 1
445
1 9 1
446
1 6 1
447
1 4 1
448
1 10 1
454
1 4 1
456
1 10 1
458
1 4 1
462
1 5 1
463
1 2 2
464 729
1 2 1
465
1 7 1
468
1 4 1
469
1 3 1
473
1 3 1
476
1 2 1
486
1 4 2
489 685
1 12 2
491 672
1 10 1
495
1 3 1
497
1 2 1
502
1 4 1
509
1 11 1
510
1 4 1
513
1 8 1
514
1 10 1
517
1 8 1
522
1 3 1
533
1 6 1
534
1 10 1
536
1 4 1
537
1 20 2
541 704
1 22 1
544
1 7 1
548
1 4 1
550
1 6 1
555
1 5 1
557
1 20 1
558
1 4 1
562
1 7 1
565
1 4 2
566 601
1 8 1
567
1 5 1
568
1 4 1
569
1 4 1
570
1 5 1
571
1 20 1
572
1 10 1
574
1 5 1
580
1 4 1
586
1 19 1
589
1 9 1
591
1 8 1
592
1 7 1
599
1 10 1
615
1 4 1
622
1 7 1
635
1 5 1
636
1 20 1
637
1 4 2
642 799
1 3 1
643
1 3 1
644
1 12 1
647
1 4 1
651
1 9 1
664
1 22 1
669
1 5 1
670
1 7 1
673
1 2 1
678
1 4 1
679
1 9 1
691
1 4 1
692
1 8 1
693
1 8 1
694
1 6 1
696
1 2 1
701
1 3 1
707
1 8 1
715
1 4 1
716
1 5 1
717
1 4 1
724
1 10 1
725
1 3 1
732
1 2 1
733
1 5 1
734
1 4 1
735
1 4 1
738
1 2 1
740
1 9 1
741
1 22 1
744
1 3 1
746
1 4 1
750
1 2 1
751
1 8 1
753
1 7 1
754
1 6 1
764
1 6 1
772
1 4 1
774
1 10 1
778
1 19 1
785
1 2 1
790
1 3 1
794
1 5 1
795
1 4 1
798
