500 216 775 20
35 12 25 28 35 35 30 27 17 38 35 26 40 20 40 29 26 25 29 36 36 11 17 21 17 28 11 21 33 17 11 21 34 29 26 24 16 36 37 16 24 33 40 16 36 35 14 24 30 23 27 17 31 12 24 34 25 34 40 27 34 13 30 24 11 40 12 23 29 17 36 12 40 39 35 31 12 15 31 22 32 17 18 28 28 31 17 26 11 37 27 13 24 14 16 38 15 25 34 38 26 27 30 21 31 33 20 30 36 37 11 24 24 20 22 18 36 34 11 21 25 26 28 37 38 40 17 11 29 23 13 18 22 28 33 11 32 39 16 35 26 21 39 22 35 22 19 40 24 23 35 16 32 22 32 32 16 31 32 27 27 12 29 28 31 39 32 38 11 11 14 31 33 16 19 37 25 20 35 38 13 35 36 28 40 28 27 36 32 20 39 37 29 21 38 11 19 14 23 32 36 19 14 12 33 29 18 26 24 12 20 13 36 31 24 13 19 13 17 17 17 19 31 13 35 11 12 30 33 31 26 40 14 21 19 17 17 22 26 37 13 30 19 23 40 14 18 13 37 32 16 40 12 39 26 40 40 29 19 19 14 31 26 21 40 16 35 38 33 20 18 40 18 31 23 33 39 13 31 39 11 26 24 29 33 18 18 23 39 35 18 29 24 13 34 17 27 27 18 36 11 19 23 34 30 27 40 14 31 25 19 27 23 20 34 22 40 39 18 22 22 30 15 28 25 22 37 38 30 23 32 18 14 32 17 14 23 15 20 18 24 26 33 40 26 38 33 14 26 26 13 31 26 30 16 39 38 19 22 36 39 34 28 37 17 33 12 29 26 39 18 39 14 21 23 15 38 24 15 26 25 15 11 33 22 19 32 24 32 16 14 11 32 34 18 34 15 16 14 28 25 25 40 40 12 13 30 11 30 40 24 27 25 15 13 18 27 40 19 34 26 35 13 31 36 22 31 17 32 17 36 33 37 13 34 28 37 39 36 27 13 13 15 31 40 32 39 37 33 14 18 34 32 30 33 13 26 38 33 28 34 14 32 31 40 25 29 20 11 40 11 39 19 20 29 25 11 23 37 31 18 34 35 13 30 29 29 33 24 24 15 12 32 24 16 19 32 36 25 27
25 2 15 18 25 25 20 17 7 28 25 16 30 10 30 19 16 15 19 26 26 1 7 11 7 18 1 11 23 7 1 11 24 19 16 14 6 26 27 6 14 23 30 6 26 25 4 14 20 13 17 7 21 2 14 24 15 24 30 17 24 3 20 14 1 30 2 13 19 7 26 2 30 29 25 21 2 5 21 12 22 7 8 18 18 21 7 16 1 27 17 3 14 4 6 28 5 15 24 28 16 17 20 11 21 23 10 20 26 27 1 14 14 10 12 8 26 24 1 11 15 16 18 27 28 30 7 1 19 13 3 8 12 18 23 1 22 29 6 25 16 11 29 12 25 12 9 30 14 13 25 6 22 12 22 22 6 21 22 17 17 2 19 18 21 29 22 28 1 1 4 21 23 6 9 27 15 10 25 28 3 25 26 18 30 18 17 26 22 10 29 27 19 11 28 1 9 4 13 22 26 9 4 2 23 19 8 16 14 2 10 3 26 21 14 3 9 3 7 7 7 9 21 3 25 1 2 20 23 21 16 30 4 11 9 7 7 12 16 27 3 20 9 13 30 4 8 3 27 22 6 30 2 29 16 30 30 19 9 9 4 21 16 11 30 6 25 28 23 10 8 30 8 21 13 23 29 3 21 29 1 16 14 19 23 8 8 13 29 25 8 19 14 3 24 7 17 17 8 26 1 9 13 24 20 17 30 4 21 15 9 17 13 10 24 12 30 29 8 12 12 20 5 18 15 12 27 28 20 13 22 8 4 22 7 4 13 5 10 8 14 16 23 30 16 28 23 4 16 16 3 21 16 20 6 29 28 9 12 26 29 24 18 27 7 23 2 19 16 29 8 29 4 11 13 5 28 14 5 16 15 5 1 23 12 9 22 14 22 6 4 1 22 24 8 24 5 6 4 18 15 15 30 30 2 3 20 1 20 30 14 17 15 5 3 8 17 30 9 24 16 25 3 21 26 12 21 7 22 7 26 23 27 3 24 18 27 29 26 17 3 3 5 21 30 22 29 27 23 4 8 24 22 20 23 3 16 28 23 18 24 4 22 21 30 15 19 10 1 30 1 29 9 10 19 15 1 13 27 21 8 24 25 3 20 19 19 23 14 14 5 2 22 14 6 9 22 26 15 17
0 10 3
481 257 76
0 5 6
119 191 227 50 96 192
0 3 9
478 236 205 394 499 162 136 491 469
0 8 3
440 127 149
0 3 8
166 345 242 386 135 62 249 193
0 5 6
409 314 64 72 271 81
0 3 10
8 329 411 86 296 459 216 425 293 158
0 10 3
456 173 430
0 6 3
285 24 14
0 2 10
243 455 30 291 447 147 121 164 266 426
0 4 8
209 42 344 485 15 38 58 252
0 3 8
239 282 276 124 93 31 313 9
0 2 14
54 264 395 298 449 310 357 200 301 383 467 17 352 498
0 3 12
297 258 220 340 379 464 217 401 406 339 398 437
0 3 11
74 392 123 326 199 80 171 453 267 11 98
0 7 6
153 471 307 414 114 493
0 5 7
235 446 104 391 377 1 402
0 3 9
484 212 387 128 472 23 304 306 433
0 7 3
150 442 350
0 3 9
361 281 360 225 380 67 32 190 365
0 4 6
351 208 13 277 388 436
0 4 6
385 443 25 473 272 445
0 3 12
84 51 283 403 465 420 85 138 122 241 156 284
0 7 2
364 356
0 2 14
134 107 483 354 423 262 245 492 194 207 103 39 187 0
0 2 13
367 452 289 99 294 418 157 376 126 163 256 106 160
0 6 5
95 230 152 185 337
0 2 11
315 204 341 408 327 41 390 229 19 28 182
0 3 11
221 381 333 458 53 355 317 155 363 21 49
0 10 4
474 346 253 434
0 2 12
362 181 63 87 140 318 214 18 57 422 438 371
0 3 9
405 22 210 421 118 101 407 91 448
0 3 8
330 7 6 130 332 100 142 413
0 9 3
399 375 373
0 3 16
165 5 111 108 410 454 94 295 167 215 89 231 10 368 102 125
0 11 2
247 219
0 16 1
432
0 3 11
144 358 419 148 325 319 177 133 151 161 316
0 7 4
184 274 179 88
1 4 1
2
1 10 1
3
1 7 1
4
1 10 1
12
1 12 1
16
1 6 1
20
1 6 2
26 55
1 8 2
27 70
1 5 1
29
1 10 1
33
1 6 1
34
1 20 1
35
1 19 1
36
1 5 2
37 416
1 6 1
40
1 13 1
43
1 11 1
44
1 5 1
45
1 6 1
46
1 11 1
47
1 5 2
48 321
1 6 3
52 109 439
1 9 1
56
1 19 2
59 349
1 13 1
60
1 10 2
61 132
1 8 1
65
1 5 2
66 77
1 5 1
68
1 6 1
69
1 15 1
71
1 8 2
73 494
1 7 1
75
1 14 2
78 82
1 6 1
79
1 11 1
83
1 7 2
90 288
1 10 1
92
1 6 1
97
1 5 1
105
1 5 2
110 328
1 12 1
112
1 4 1
113
1 9 1
115
1 10 1
116
1 6 1
117
1 9 1
120
1 6 1
129
1 7 1
131
1 6 1
137
1 5 1
139
1 19 1
141
1 8 1
143
1 19 1
145
1 12 1
146
1 10 1
154
1 5 1
159
1 8 1
168
1 9 2
169 178
1 10 1
170
1 8 1
172
1 14 1
174
1 10 1
175
1 5 1
176
1 16 1
180
1 10 1
183
1 11 1
186
1 5 1
188
1 13 1
189
1 9 1
195
1 17 1
196
1 6 2
197 489
1 9 1
198
1 11 1
201
1 9 1
202
1 13 1
203
1 9 1
206
1 4 1
211
1 5 1
213
1 5 1
218
1 13 1
222
1 5 1
223
1 14 1
224
1 7 2
226 424
1 4 1
228
1 4 3
232 287 334
1 5 1
233
1 6 1
234
1 11 1
237
1 5 1
238
1 7 1
240
1 18 1
244
1 11 1
246
1 13 1
248
1 9 1
250
1 6 1
251
1 12 1
254
1 6 2
255 260
1 19 1
259
1 6 1
261
1 11 1
263
1 8 2
265 303
1 5 1
268
1 6 1
269
1 6 1
270
1 6 1
273
1 11 1
275
1 12 1
278
1 13 1
279
1 12 2
280 348
1 13 1
286
1 10 1
290
1 10 1
292
1 19 1
299
1 8 1
300
1 7 2
302 393
1 7 1
305
1 7 1
308
1 17 1
309
1 5 1
311
1 6 1
312
1 7 1
320
1 14 1
322
1 10 2
323 338
1 10 1
324
1 15 1
331
1 5 1
335
1 10 1
336
1 5 1
342
1 16 1
343
1 12 1
347
1 14 1
353
1 5 2
359 457
1 5 1
366
1 9 1
369
1 10 1
370
1 6 1
372
1 15 1
374
1 7 1
378
1 5 2
382 476
1 6 1
384
1 6 1
389
1 5 1
396
1 5 1
397
1 9 1
400
1 8 1
404
1 10 1
412
1 12 1
415
1 13 1
417
1 5 1
427
1 12 1
428
1 13 1
429
1 16 1
431
1 6 1
435
1 7 1
441
1 10 1
444
1 5 1
450
1 10 1
451
1 19 1
460
1 11 1
461
1 14 1
462
1 10 1
463
1 8 1
466
1 11 1
468
1 8 1
470
1 18 1
475
1 7 1
477
1 7 1
479
1 5 1
480
1 21 1
482
1 8 1
486
1 23 1
487
1 12 1
488
1 6 1
490
1 10 1
495
1 6 1
496
1 10 1
497
