500 218 775 20
12 32 40 17 26 26 28 36 29 34 28 21 19 27 14 28 27 35 38 23 39 25 31 35 39 38 25 33 29 39 38 24 35 12 21 36 21 12 22 34 40 28 40 37 35 18 11 24 40 36 11 23 16 12 31 28 35 29 13 24 37 31 28 18 20 19 32 16 14 27 38 26 20 36 32 15 33 39 28 39 13 23 13 18 40 20 19 11 35 33 20 28 16 30 40 25 16 33 38 39 21 40 36 39 26 13 32 34 21 20 29 39 39 40 16 21 26 14 37 28 14 28 22 27 11 32 40 16 13 15 21 32 27 17 29 32 13 13 25 31 25 40 35 28 28 35 40 28 38 31 31 31 36 25 16 30 20 31 23 38 14 28 19 24 21 39 27 13 26 29 35 11 24 37 14 34 27 19 14 24 32 32 28 21 38 34 24 24 19 35 30 11 35 23 28 38 34 33 33 38 35 36 33 34 37 13 37 24 30 22 23 31 40 18 14 15 32 25 32 15 37 15 34 32 30 32 36 13 35 20 12 11 21 12 21 37 25 11 14 20 23 32 16 20 32 18 33 13 30 28 27 32 21 23 21 33 31 37 39 37 32 27 21 37 18 35 14 39 13 12 14 17 22 30 35 22 25 25 27 36 28 39 19 18 19 11 13 40 37 14 24 33 39 26 20 15 28 33 37 21 35 40 40 35 11 16 13 15 25 34 22 34 27 19 29 23 29 38 12 32 17 19 21 13 15 29 24 39 40 37 22 33 37 23 21 27 25 40 24 25 20 13 37 40 28 34 17 22 16 21 17 14 22 22 33 29 23 28 33 32 30 14 31 18 40 36 28 24 11 23 17 17 11 23 39 34 19 17 40 14 31 24 15 11 15 13 27 27 36 40 37 33 11 40 35 16 27 35 37 19 32 18 35 21 40 32 17 24 30 25 16 22 25 36 38 25 39 39 12 27 19 19 37 17 24 34 26 29 11 33 18 40 16 35 32 39 17 23 23 19 35 27 40 27 15 40 39 28 24 37 21 13 25 39 30 15 39 36 36 36 19 37 36 11 39 40 40 33 37 37 12 37 25 38 15 37 30 38 19 40 19 31 25 20 18 33 38 30 20 30 32 39 32 28 37 29 11 38 12 20
2 22 30 7 16 16 18 26 19 24 18 11 9 17 4 18 17 25 28 13 29 15 21 25 29 28 15 23 19 29 28 14 25 2 11 26 11 2 12 24 30 18 30 27 25 8 1 14 30 26 1 13 6 2 21 18 25 19 3 14 27 21 18 8 10 9 22 6 4 17 28 16 10 26 22 5 23 29 18 29 3 13 3 8 30 10 9 1 25 23 10 18 6 20 30 15 6 23 28 29 11 30 26 29 16 3 22 24 11 10 19 29 29 30 6 11 16 4 27 18 4 18 12 17 1 22 30 6 3 5 11 22 17 7 19 22 3 3 15 21 15 30 25 18 18 25 30 18 28 21 21 21 26 15 6 20 10 21 13 28 4 18 9 14 11 29 17 3 16 19 25 1 14 27 4 24 17 9 4 14 22 22 18 11 28 24 14 14 9 25 20 1 25 13 18 28 24 23 23 28 25 26 23 24 27 3 27 14 20 12 13 21 30 8 4 5 22 15 22 5 27 5 24 22 20 22 26 3 25 10 2 1 11 2 11 27 15 1 4 10 13 22 6 10 22 8 23 3 20 18 17 22 11 13 11 23 21 27 29 27 22 17 11 27 8 25 4 29 3 2 4 7 12 20 25 12 15 15 17 26 18 29 9 8 9 1 3 30 27 4 14 23 29 16 10 5 18 23 27 11 25 30 30 25 1 6 3 5 15 24 12 24 17 9 19 13 19 28 2 22 7 9 11 3 5 19 14 29 30 27 12 23 27 13 11 17 15 30 14 15 10 3 27 30 18 24 7 12 6 11 7 4 12 12 23 19 13 18 23 22 20 4 21 8 30 26 18 14 1 13 7 7 1 13 29 24 9 7 30 4 21 14 5 1 5 3 17 17 26 30 27 23 1 30 25 6 17 25 27 9 22 8 25 11 30 22 7 14 20 15 6 12 15 26 28 15 29 29 2 17 9 9 27 7 14 24 16 19 1 23 8 30 6 25 22 29 7 13 13 9 25 17 30 17 5 30 29 18 14 27 11 3 15 29 20 5 29 26 26 26 9 27 26 1 29 30 30 23 27 27 2 27 15 28 5 27 20 28 9 30 9 21 15 10 8 23 28 20 10 20 22 29 22 18 27 19 1 28 2 10
0 2 13
113 154 71 272 383 202 85 412 185 205 199 241 198
0 2 12
163 52 260 236 1 401 19 121 264 273 221 303
0 2 15
243 69 135 203 101 432 309 149 451 142 409 421 268 150 220
0 2 15
7 10 312 146 105 467 42 453 316 360 397 155 458 342 354
0 6 3
471 238 454
0 2 6
124 338 104 384 183 322
0 16 1
470
0 3 8
68 222 108 195 12 234 175 414
0 2 17
348 283 300 411 302 160 362 433 181 473 447 252 463 21 110 457 456
0 3 8
403 96 363 325 11 240 331 299
0 2 15
112 469 81 158 271 355 159 57 442 448 440 455 460 370 418
0 7 2
194 270
0 3 11
344 114 210 128 266 193 180 391 488 164 377
0 2 13
184 6 483 86 365 2 289 482 13 347 404 428 91
0 3 12
213 313 60 172 468 417 261 310 434 106 219 334
0 11 3
395 290 223
0 4 7
190 444 364 429 133 422 166
0 4 6
151 22 59 227 438 140
0 4 10
279 487 262 126 410 66 430 375 233 120
0 2 10
493 436 472 275 62 242 341 229 278 188
0 3 13
100 26 94 189 31 356 367 301 366 419 87 258 209
0 7 3
215 392 98
0 5 4
304 314 496 306
0 6 5
333 35 147 285 217
0 2 13
201 294 478 41 420 329 296 116 253 92 349 5 246
0 4 8
80 197 117 56 186 211 276 89
0 2 11
281 336 416 139 353 439 292 232 8 393 4
0 12 2
277 291
0 8 4
269 225 165 20
0 2 14
73 212 9 162 122 443 47 406 491 477 361 107 287 23
0 8 4
492 405 143 346
0 11 2
335 144
0 5 5
179 83 407 374 424
0 9 3
226 214 249
0 3 11
129 413 330 82 64 24 459 200 255 484 332
1 11 1
0
1 11 1
3
1 7 1
14
1 14 1
15
1 11 1
16
1 4 2
17 78
1 5 1
18
1 5 2
25 494
1 4 2
27 295
1 4 1
28
1 13 2
29 326
1 8 2
30 461
1 18 1
32
1 16 1
33
1 6 1
34
1 9 1
36
1 4 2
37 485
1 9 1
38
1 15 1
39
1 9 2
40 497
1 9 1
43
1 19 1
44
1 15 1
45
1 9 2
46 173
1 18 2
48 206
1 5 2
49 449
1 4 2
50 321
1 18 1
51
1 6 2
53 169
1 4 1
54
1 13 1
55
1 13 1
58
1 7 1
61
1 18 1
63
1 14 1
65
1 4 1
67
1 18 1
70
1 8 1
72
1 25 1
74
1 6 1
75
1 4 1
76
1 4 1
77
1 6 1
79
1 14 2
84 248
1 8 1
88
1 18 1
90
1 7 1
93
1 4 1
95
1 4 1
97
1 11 1
99
1 10 1
102
1 10 1
103
1 5 2
109 437
1 4 1
111
1 5 1
115
1 19 1
118
1 6 2
119 204
1 5 1
123
1 5 1
125
1 9 1
127
1 5 1
130
1 13 1
131
1 10 2
132 358
1 10 1
134
1 14 2
136 171
1 8 2
137 327
1 10 1
138
1 6 1
141
1 5 1
145
1 6 1
148
1 5 2
152 259
1 10 1
153
1 8 1
156
1 6 1
157
1 13 1
161
1 6 1
167
1 12 1
168
1 20 2
170 396
1 17 1
174
1 10 1
176
1 9 1
177
1 16 1
178
1 21 1
182
1 4 1
187
1 6 2
191 284
1 4 1
192
1 5 1
196
1 7 1
207
1 6 1
208
1 12 1
216
1 4 1
218
1 6 1
224
1 14 1
228
1 13 1
230
1 10 1
231
1 14 1
235
1 10 1
237
1 9 1
239
1 4 1
244
1 5 1
245
1 10 1
247
1 10 3
250 288 371
1 9 2
251 315
1 7 1
254
1 12 1
256
1 13 1
257
1 19 1
263
1 4 1
265
1 13 1
267
1 4 1
274
1 4 1
280
1 5 1
282
1 5 1
286
1 14 2
293 402
1 4 1
297
1 5 1
298
1 14 1
305
1 6 1
307
1 6 1
308
1 5 1
311
1 6 1
317
1 6 1
318
1 4 2
319 376
1 11 1
320
1 9 1
323
1 8 1
324
1 11 1
328
1 5 2
337 390
1 11 1
339
1 22 1
340
1 8 1
343
1 4 1
345
1 4 1
350
1 6 1
351
1 7 1
352
1 4 1
357
1 14 1
359
1 8 1
368
1 13 1
369
1 5 1
372
1 8 1
373
1 10 1
378
1 6 2
379 400
1 5 1
380
1 10 1
381
1 5 1
382
1 5 1
385
1 7 1
386
1 8 1
387
1 6 1
388
1 9 1
389
1 18 1
394
1 9 1
398
1 5 1
399
1 11 1
408
1 7 1
415
1 4 1
423
1 4 1
425
1 7 1
426
1 5 1
427
1 16 1
431
1 10 1
435
1 6 1
441
1 5 1
445
1 15 1
446
1 5 1
450
1 13 1
452
1 5 1
462
1 15 1
464
1 14 1
465
1 7 1
466
1 11 1
474
1 13 1
475
1 9 1
476
1 6 1
479
1 15 1
480
1 5 1
481
1 7 1
486
1 6 1
489
1 6 1
490
1 6 1
495
1 8 1
498
1 11 1
499
