300 151 465 20
29 19 32 37 18 12 20 36 21 18 28 30 40 19 18 11 30 39 12 12 27 12 27 12 16 27 34 23 18 12 15 32 25 34 31 11 18 33 33 39 34 28 20 37 36 21 37 27 22 22 12 13 15 28 25 39 33 15 12 32 14 38 15 25 21 32 28 14 35 13 18 17 16 34 31 12 14 25 32 31 35 31 34 36 26 31 16 19 39 27 13 32 11 28 40 16 21 17 14 30 22 24 20 34 24 29 26 19 25 32 38 38 20 23 30 24 24 39 38 23 27 25 24 11 26 14 27 38 37 21 16 35 29 20 27 28 31 33 28 28 11 29 20 26 33 18 30 40 21 23 14 38 36 26 32 21 19 37 23 11 12 16 30 12 38 34 39 31 19 33 27 24 22 25 21 33 15 26 37 34 30 12 14 35 16 23 27 17 25 17 21 31 34 23 26 13 26 17 40 23 20 29 28 21 11 36 33 32 24 27 35 29 22 15 25 16 25 32 17 24 26 37 33 33 32 31 20 20 25 38 16 22 35 24 12 16 12 25 13 23 36 34 34 32 24 17 40 31 27 22 25 38 24 16 21 36 22 28 24 33 32 39 20 40 35 28 13 32 13 15 18 23 33 38 29 13 24 25 16 22 28 20 39 18 38 14 37 39 35 21 35 13 21 40 14 38 27 33 31 22
19 9 22 27 8 2 10 26 11 8 18 20 30 9 8 1 20 29 2 2 17 2 17 2 6 17 24 13 8 2 5 22 15 24 21 1 8 23 23 29 24 18 10 27 26 11 27 17 12 12 2 3 5 18 15 29 23 5 2 22 4 28 5 15 11 22 18 4 25 3 8 7 6 24 21 2 4 15 22 21 25 21 24 26 16 21 6 9 29 17 3 22 1 18 30 6 11 7 4 20 12 14 10 24 14 19 16 9 15 22 28 28 10 13 20 14 14 29 28 13 17 15 14 1 16 4 17 28 27 11 6 25 19 10 17 18 21 23 18 18 1 19 10 16 23 8 20 30 11 13 4 28 26 16 22 11 9 27 13 1 2 6 20 2 28 24 29 21 9 23 17 14 12 15 11 23 5 16 27 24 20 2 4 25 6 13 17 7 15 7 11 21 24 13 16 3 16 7 30 13 10 19 18 11 1 26 23 22 14 17 25 19 12 5 15 6 15 22 7 14 16 27 23 23 22 21 10 10 15 28 6 12 25 14 2 6 2 15 3 13 26 24 24 22 14 7 30 21 17 12 15 28 14 6 11 26 12 18 14 23 22 29 10 30 25 18 3 22 3 5 8 13 23 28 19 3 14 15 6 12 18 10 29 8 28 4 27 29 25 11 25 3 11 30 4 28 17 23 21 12
0 5 4
13 254 169 52
0 3 10
60 28 248 227 163 299 249 44 197 292
0 4 7
97 23 142 146 242 209 96
0 3 10
16 253 161 47 181 273 34 123 240 82
0 4 10
69 8 0 86 217 1 222 94 174 170
0 9 3
281 91 46
0 4 6
255 3 205 241 226 80
0 14 1
228
0 4 6
258 56 261 107 278 212
0 5 2
62 247
0 6 7
147 19 32 5 159 139 263
0 9 3
73 59 137
0 3 5
239 29 70 90 230
0 10 2
145 267
0 17 1
27
0 4 5
296 129 187 216 21
0 12 1
79
0 4 6
143 291 12 67 113 283
0 3 11
18 236 122 167 221 290 10 264 115 57 117
0 4 3
2 108 176
0 10 1
223
0 3 7
135 74 138 114 285 121 279
0 10 2
40 265
0 12 1
272
0 4 5
259 15 179 215 151
0 5 5
224 41 24 293 132
0 3 9
172 208 51 245 119 282 38 33 75
0 4 7
256 61 192 125 54 39 171
0 8 4
77 168 199 103
0 5 1
204
0 6 6
251 25 35 64 100 87
0 5 8
83 229 11 93 274 186 189 214
0 4 8
200 63 131 180 152 49 177 203
0 12 1
188
1 12 1
4
1 8 1
6
1 7 2
7 14
1 15 2
9 165
1 7 2
17 270
1 29 1
20
1 22 2
22 105
1 7 2
26 206
1 17 2
30 153
1 23 1
31
1 7 1
36
1 8 1
37
1 8 1
42
1 8 1
43
1 8 1
45
1 12 2
48 55
1 9 1
50
1 16 1
53
1 13 1
58
1 16 1
65
1 8 2
66 140
1 18 1
68
1 13 1
71
1 8 2
72 225
1 11 1
76
1 14 1
78
1 7 1
81
1 7 1
84
1 8 1
85
1 6 1
88
1 9 1
89
1 9 1
92
1 9 1
95
1 14 1
98
1 18 1
99
1 9 1
101
1 9 1
102
1 9 1
104
1 9 1
106
1 11 1
109
1 7 1
110
1 10 1
111
1 7 1
112
1 13 1
116
1 17 1
118
1 8 2
120 235
1 16 1
124
1 16 2
126 286
1 22 1
127
1 8 1
128
1 10 2
130 238
1 7 1
133
1 9 1
134
1 10 1
136
1 7 1
141
1 10 1
144
1 20 1
148
1 15 1
149
1 14 1
150
1 21 1
154
1 13 1
155
1 13 1
156
1 7 1
157
1 17 1
158
1 19 1
160
1 13 1
162
1 9 1
164
1 12 1
166
1 8 1
173
1 8 1
175
1 9 1
178
1 20 1
182
1 7 1
183
1 13 1
184
1 9 2
185 191
1 6 1
190
1 14 1
193
1 7 1
194
1 8 1
195
1 18 2
196 246
1 22 1
198
1 18 1
201
1 10 1
202
1 9 1
207
1 15 2
210 243
1 21 1
211
1 9 1
213
1 6 1
218
1 8 1
219
1 6 1
220
1 7 1
231
1 7 1
232
1 12 1
233
1 8 1
234
1 9 1
237
1 13 1
244
1 14 1
250
1 14 1
252
1 9 1
257
1 8 1
260
1 13 1
262
1 22 1
266
1 14 1
268
1 12 1
269
1 7 1
271
1 6 1
275
1 10 1
276
1 14 1
277
1 16 1
280
1 9 1
284
1 7 1
287
1 15 1
288
1 10 1
289
1 8 1
294
1 8 1
295
1 19 1
297
1 7 1
298
