700 274 1085 20
22 14 21 34 18 16 15 23 16 16 16 17 35 27 28 16 40 32 31 22 19 23 35 31 35 25 12 11 11 14 15 17 33 29 15 34 28 27 31 19 25 14 20 33 24 20 13 17 35 29 22 14 32 34 24 31 26 33 35 28 18 25 29 40 39 27 39 13 32 19 29 34 22 26 38 29 34 11 37 35 32 25 23 40 27 39 26 28 29 34 33 13 28 28 20 25 24 25 18 29 21 32 18 30 33 21 15 17 21 19 27 20 14 26 28 39 19 20 28 20 20 27 12 34 14 31 17 28 16 28 36 25 17 12 36 32 25 23 29 33 26 23 12 36 16 40 20 12 25 32 21 34 21 35 22 33 30 12 17 39 18 29 26 34 23 11 14 19 15 39 23 27 11 30 16 13 23 39 35 14 34 34 20 32 22 19 32 13 38 37 12 27 20 22 35 29 37 13 20 20 38 34 23 21 36 17 38 34 29 12 38 34 22 35 28 14 38 14 28 32 33 21 25 18 30 28 39 26 34 18 35 25 28 40 20 17 21 38 17 13 14 32 22 30 17 27 38 37 11 20 27 37 38 13 33 40 13 31 35 37 27 13 19 11 12 15 33 13 29 19 20 32 35 30 22 15 33 37 16 21 31 11 38 23 14 29 17 16 12 12 34 32 27 38 15 31 25 32 28 37 33 17 27 31 30 25 18 39 21 27 28 25 36 37 18 12 18 36 23 26 39 37 19 33 25 32 30 25 24 19 28 19 26 38 16 15 32 37 33 14 39 22 40 13 40 21 13 40 27 35 20 16 25 37 18 18 16 20 12 28 12 20 28 23 20 14 13 28 24 21 12 25 20 12 29 36 23 17 19 26 32 16 29 27 40 27 13 22 32 34 11 35 39 37 25 28 32 25 11 24 33 38 32 35 38 37 34 21 11 39 31 27 12 15 24 37 34 33 19 29 21 24 14 38 16 23 22 23 22 28 23 11 30 11 17 33 34 25 11 38 24 21 33 15 18 39 17 40 16 31 38 11 36 22 31 27 18 34 17 33 18 22 16 27 20 35 34 39 15 22 17 31 30 28 30 17 12 33 12 35 16 12 37 35 25 11 33 17 38 38 38 21 39 39 15 11 37 40 29 25 22 21 18 19 12 34 38 24 13 39 30 38 12 32 13 25 16 36 21 22 22 22 23 21 17 24 20 19 26 16 23 30 27 30 37 24 31 26 37 29 16 17 29 40 11 30 24 12 18 11 29 34 16 19 32 40 12 24 15 22 27 14 39 35 11 20 38 12 16 37 34 35 11 35 32 29 38 25 14 25 33 22 32 19 27 14 32 22 12 36 13 14 21 18 40 30 18 39 28 32 16 33 14 34 19 39 19 35 28 32 34 36 39 14 35 11 24 26 30 38 31 17 25 27 32 26 29 24 19 12 34 37 37 30 18 40 32 16 21 27 30 24 26 40 24 29 19 11 20 24 21 17 24 13 12 20 39 17 12 30 24 11 31 15 23 32 36 16 16 23 21 28 12 34 23 14 25 25 38 40 36 29 34 22 25 13 14 12 23 36 35 27 33 36 15 24 28 35 30 20
12 4 11 24 8 6 5 13 6 6 6 7 25 17 18 6 30 22 21 12 9 13 25 21 25 15 2 1 1 4 5 7 23 19 5 24 18 17 21 9 15 4 10 23 14 10 3 7 25 19 12 4 22 24 14 21 16 23 25 18 8 15 19 30 29 17 29 3 22 9 19 24 12 16 28 19 24 1 27 25 22 15 13 30 17 29 16 18 19 24 23 3 18 18 10 15 14 15 8 19 11 22 8 20 23 11 5 7 11 9 17 10 4 16 18 29 9 10 18 10 10 17 2 24 4 21 7 18 6 18 26 15 7 2 26 22 15 13 19 23 16 13 2 26 6 30 10 2 15 22 11 24 11 25 12 23 20 2 7 29 8 19 16 24 13 1 4 9 5 29 13 17 1 20 6 3 13 29 25 4 24 24 10 22 12 9 22 3 28 27 2 17 10 12 25 19 27 3 10 10 28 24 13 11 26 7 28 24 19 2 28 24 12 25 18 4 28 4 18 22 23 11 15 8 20 18 29 16 24 8 25 15 18 30 10 7 11 28 7 3 4 22 12 20 7 17 28 27 1 10 17 27 28 3 23 30 3 21 25 27 17 3 9 1 2 5 23 3 19 9 10 22 25 20 12 5 23 27 6 11 21 1 28 13 4 19 7 6 2 2 24 22 17 28 5 21 15 22 18 27 23 7 17 21 20 15 8 29 11 17 18 15 26 27 8 2 8 26 13 16 29 27 9 23 15 22 20 15 14 9 18 9 16 28 6 5 22 27 23 4 29 12 30 3 30 11 3 30 17 25 10 6 15 27 8 8 6 10 2 18 2 10 18 13 10 4 3 18 14 11 2 15 10 2 19 26 13 7 9 16 22 6 19 17 30 17 3 12 22 24 1 25 29 27 15 18 22 15 1 14 23 28 22 25 28 27 24 11 1 29 21 17 2 5 14 27 24 23 9 19 11 14 4 28 6 13 12 13 12 18 13 1 20 1 7 23 24 15 1 28 14 11 23 5 8 29 7 30 6 21 28 1 26 12 21 17 8 24 7 23 8 12 6 17 10 25 24 29 5 12 7 21 20 18 20 7 2 23 2 25 6 2 27 25 15 1 23 7 28 28 28 11 29 29 5 1 27 30 19 15 12 11 8 9 2 24 28 14 3 29 20 28 2 22 3 15 6 26 11 12 12 12 13 11 7 14 10 9 16 6 13 20 17 20 27 14 21 16 27 19 6 7 19 30 1 20 14 2 8 1 19 24 6 9 22 30 2 14 5 12 17 4 29 25 1 10 28 2 6 27 24 25 1 25 22 19 28 15 4 15 23 12 22 9 17 4 22 12 2 26 3 4 11 8 30 20 8 29 18 22 6 23 4 24 9 29 9 25 18 22 24 26 29 4 25 1 14 16 20 28 21 7 15 17 22 16 19 14 9 2 24 27 27 20 8 30 22 6 11 17 20 14 16 30 14 19 9 1 10 14 11 7 14 3 2 10 29 7 2 20 14 1 21 5 13 22 26 6 6 13 11 18 2 24 13 4 15 15 28 30 26 19 24 12 15 3 4 2 13 26 25 17 23 26 5 14 18 25 20 10
0 6 7
335 425 187 379 295 222 507
0 3 8
399 294 55 408 79 211 43 61
0 3 7
113 459 664 267 561 650 691
0 2 19
477 89 71 245 112 151 14 141 338 585 605 42 433 337 181 52 259 522 673
0 3 10
153 160 340 95 520 533 445 625 191 238
0 11 3
12 265 634
0 3 7
518 127 531 271 621 273 189
0 8 5
149 591 540 665 92
0 2 16
13 210 362 683 432 523 365 70 23 164 368 137 84 616 572 150
0 4 7
627 155 313 525 69 604 254
0 6 4
412 448 54 105
0 2 18
206 478 401 661 118 125 355 674 455 521 3 680 28 566 82 332 302 316
0 3 12
56 454 584 100 90 128 430 614 538 58 398 195
0 4 9
675 496 133 660 441 314 500 439 628
0 6 6
298 237 213 180 209 162
0 1 20
83 374 188 547 550 67 198 431 35 633 4 444 93 215 114 685 395 491 666 154
0 2 16
7 167 618 304 73 610 612 639 139 632 193 468 687 405 200 358
0 2 14
225 603 171 655 87 15 513 658 549 485 646 692 98 417
0 3 7
560 462 534 699 219 53 34
0 3 6
17 300 126 122 486 174
0 2 17
135 389 474 363 695 476 562 386 649 19 312 438 349 359 345 602 288
0 8 4
624 671 645 494
0 1 11
366 223 582 495 346 231 378 506 159 697 179
0 2 18
339 46 564 480 289 190 138 552 60 343 134 652 6 47 2 377 243 497
0 4 5
94 197 470 107 546
0 1 18
156 608 371 360 66 123 116 59 669 589 524 328 447 324 443 233 429 9
0 2 14
292 509 402 372 161 677 120 690 77 581 575 248 221 5
0 2 12
651 261 299 423 110 277 117 106 551 446 143 108
0 4 7
387 508 232 587 321 499 384
0 11 2
484 397
0 1 20
0 354 168 501 144 336 10 679 615 539 26 393 272 121 57 230 323 214 296 306
0 1 20
333 284 11 559 204 157 16 260 558 637 424 537 593 49 347 676 240 512 630 388
0 3 11
1 109 48 419 626 570 427 482 370 456 142
0 3 10
270 416 244 568 103 78 471 247 434 253
0 2 8
502 39 205 601 373 75 642 91
0 7 1
322
0 6 5
461 145 64 33 437
0 2 17
242 410 258 65 276 266 353 212 672 479 170 218 99 656 297 166 350
0 2 12
516 32 473 303 420 275 571 528 514 239 574 104
0 3 7
464 535 662 450 20 407 310
1 6 1
8
1 5 1
18
1 4 2
21 315
1 9 1
22
1 5 2
24 140
1 4 1
25
1 8 1
27
1 6 1
29
1 4 3
30 504 617
1 4 1
31
1 3 1
36
1 4 2
37 385
1 4 1
38
1 3 2
40 305
1 13 1
41
1 5 3
44 63 579
1 8 1
45
1 6 2
50 654
1 6 3
51 236 281
1 12 4
62 342 426 592
1 5 2
68 290
1 3 1
72
1 5 1
74
1 5 1
76
1 6 1
80
1 6 1
81
1 3 1
85
1 5 2
86 488
1 14 1
88
1 4 1
96
1 5 1
97
1 11 1
101
1 9 2
102 569
1 7 1
111
1 5 1
115
1 4 1
119
1 7 1
124
1 3 1
129
1 3 1
130
1 5 1
131
1 3 2
132 567
1 6 3
136 224 325
1 4 1
146
1 3 1
147
1 12 1
148
1 4 1
152
1 4 2
158 556
1 5 2
163 638
1 6 1
165
1 4 2
169 186
1 6 1
172
1 4 1
173
1 7 1
175
1 2 3
176 421 449
1 5 2
177 463
1 8 1
178
1 5 1
182
1 4 1
183
1 13 2
184 369
1 5 1
185
1 9 2
192 644
1 5 1
194
1 8 1
196
1 4 1
199
1 5 1
201
1 5 1
202
1 8 1
203
1 4 1
207
1 6 1
208
1 5 1
216
1 13 1
217
1 6 1
220
1 5 1
226
1 7 2
227 326
1 12 1
228
1 12 1
229
1 4 3
234 344 376
1 3 1
235
1 4 1
241
1 10 2
246 565
1 4 1
249
1 12 1
250
1 3 2
251 301
1 14 1
252
1 11 1
255
1 14 1
256
1 8 1
257
1 6 1
262
1 6 2
263 635
1 9 1
264
1 4 1
268
1 10 1
269
1 6 1
274
1 4 1
278
1 5 1
279
1 8 1
280
1 6 1
282
1 10 1
283
1 9 1
285
1 4 1
286
1 6 1
287
1 6 1
291
1 5 1
293
1 5 1
307
1 6 1
308
1 5 1
309
1 10 1
311
1 2 1
317
1 6 2
318 453
1 10 1
319
1 5 2
320 489
1 6 1
327
1 12 1
329
1 3 1
330
1 10 1
331
1 5 1
334
1 9 1
341
1 3 1
348
1 4 2
351 653
1 10 1
352
1 8 2
356 403
1 4 1
357
1 5 2
361 563
1 5 1
364
1 5 3
367 555 698
1 8 1
375
1 5 1
380
1 13 1
381
1 6 1
382
1 13 1
383
1 3 1
390
1 12 1
391
1 5 1
392
1 8 1
394
1 5 1
396
1 4 1
400
1 6 1
404
1 14 1
406
1 5 1
409
1 12 1
411
1 14 1
413
1 9 1
414
1 13 1
415
1 7 1
418
1 8 1
422
1 4 1
428
1 14 1
435
1 7 1
436
1 5 1
440
1 8 1
442
1 6 1
451
1 3 1
452
1 13 1
457
1 4 1
458
1 12 1
460
1 6 1
465
1 4 1
466
1 3 1
467
1 4 1
469
1 3 1
472
1 9 1
475
1 5 1
481
1 13 1
483
1 5 1
487
1 11 1
490
1 4 1
492
1 3 2
493 588
1 14 1
498
1 4 1
503
1 5 1
505
1 4 1
510
1 4 1
511
1 8 1
515
1 7 1
517
1 12 1
519
1 7 1
526
1 3 1
527
1 6 1
529
1 5 1
530
1 12 1
532
1 8 1
536
1 4 1
541
1 3 1
542
1 5 1
543
1 17 1
544
1 9 1
545
1 6 1
548
1 13 1
553
1 9 1
554
1 10 2
557 578
1 5 1
573
1 7 1
576
1 4 1
577
1 5 1
580
1 11 3
583 607 641
1 6 1
586
1 8 1
590
1 8 1
594
1 4 1
595
1 9 1
596
1 5 1
597
1 6 1
598
1 10 1
599
1 9 1
600
1 4 1
606
1 7 1
609
1 7 1
611
1 4 1
613
1 10 1
619
1 3 1
620
1 4 2
622 668
1 8 1
623
1 5 1
629
1 17 1
631
1 5 1
636
1 10 1
640
1 4 1
643
1 3 1
647
1 5 1
648
1 6 1
657
1 7 1
659
1 3 1
663
1 2 1
667
1 6 1
670
1 7 1
678
1 3 1
681
1 12 1
682
1 3 1
684
1 3 1
686
1 4 1
688
1 13 1
689
1 3 1
693
1 4 1
694
1 8 1
696
