700 248 1085 20
19 13 12 29 22 11 18 39 26 20 30 12 14 33 33 32 35 11 16 34 34 32 35 23 22 12 32 17 23 36 11 21 14 23 26 32 36 37 12 22 27 39 24 40 14 13 31 12 30 40 22 34 17 29 28 22 40 11 35 24 27 39 17 25 35 21 35 36 36 34 29 32 14 40 22 18 38 19 38 26 37 25 39 13 21 39 33 11 37 39 35 35 32 16 15 19 40 30 40 11 38 20 19 17 25 31 35 29 36 13 39 35 25 34 31 26 28 35 13 14 14 22 27 32 37 32 21 11 33 30 13 36 12 30 27 16 23 38 15 12 11 39 39 39 24 29 27 23 40 21 31 36 32 34 21 24 38 23 13 12 27 34 28 29 29 22 32 21 14 19 11 36 11 32 31 26 13 30 35 26 12 31 24 27 35 32 36 40 19 33 32 34 38 26 12 20 39 34 32 27 38 14 17 37 32 25 15 40 19 13 40 23 19 28 26 15 21 29 30 14 30 29 21 32 26 13 11 25 14 30 26 27 35 40 18 17 29 28 11 33 20 37 36 40 16 36 39 24 37 13 11 20 22 17 18 15 33 36 19 29 15 33 32 12 22 36 29 28 14 21 37 36 25 13 27 30 19 38 27 23 21 21 40 14 13 13 24 38 25 32 12 18 28 37 19 35 20 31 37 12 21 33 11 35 18 27 26 18 22 38 33 13 27 17 29 35 17 18 21 22 18 27 27 14 29 38 24 16 11 31 36 29 15 24 26 25 39 17 39 16 31 31 40 28 17 35 29 18 18 25 40 21 23 24 31 25 37 23 17 26 30 28 12 18 21 24 28 36 11 20 36 15 32 13 23 21 32 33 39 12 32 38 18 34 18 38 40 28 31 38 12 28 18 28 36 22 11 20 13 26 30 36 34 29 34 34 38 27 36 12 23 21 16 20 18 26 37 26 27 18 13 15 21 17 13 16 11 17 27 15 30 27 31 27 16 21 34 36 31 18 32 18 12 28 26 25 30 14 23 40 34 21 33 26 28 35 34 32 14 12 13 17 27 25 30 31 23 31 26 32 19 36 18 24 34 24 20 18 18 36 18 31 39 20 36 26 19 32 36 40 29 21 28 14 19 30 24 12 36 21 12 17 23 28 17 11 32 40 19 29 35 38 34 21 17 22 32 37 18 35 14 32 34 39 13 36 29 31 39 34 28 15 36 40 38 24 13 24 39 16 40 37 25 35 11 31 25 39 26 31 26 20 24 11 14 40 15 26 28 30 16 35 24 18 15 36 18 39 34 16 17 15 11 31 13 40 11 12 39 20 22 27 33 34 26 11 15 36 20 12 11 22 26 26 13 39 25 16 15 34 35 28 23 19 39 11 35 19 38 12 36 34 38 17 26 40 26 27 19 14 32 14 39 17 28 32 30 24 37 15 11 36 15 35 25 29 28 24 15 12 14 19 27 38 19 11 29 26 36 14 35 26 37 16 25 22 17 34 17 22 16 19 22 27 36 11 22 33 19 35 34 24 11 35 40 33 34 37 36 29 14 16 25 20 13 38 11 22 18 20 23 32 23 30 21 29 12 37 28 24
9 3 2 19 12 1 8 29 16 10 20 2 4 23 23 22 25 1 6 24 24 22 25 13 12 2 22 7 13 26 1 11 4 13 16 22 26 27 2 12 17 29 14 30 4 3 21 2 20 30 12 24 7 19 18 12 30 1 25 14 17 29 7 15 25 11 25 26 26 24 19 22 4 30 12 8 28 9 28 16 27 15 29 3 11 29 23 1 27 29 25 25 22 6 5 9 30 20 30 1 28 10 9 7 15 21 25 19 26 3 29 25 15 24 21 16 18 25 3 4 4 12 17 22 27 22 11 1 23 20 3 26 2 20 17 6 13 28 5 2 1 29 29 29 14 19 17 13 30 11 21 26 22 24 11 14 28 13 3 2 17 24 18 19 19 12 22 11 4 9 1 26 1 22 21 16 3 20 25 16 2 21 14 17 25 22 26 30 9 23 22 24 28 16 2 10 29 24 22 17 28 4 7 27 22 15 5 30 9 3 30 13 9 18 16 5 11 19 20 4 20 19 11 22 16 3 1 15 4 20 16 17 25 30 8 7 19 18 1 23 10 27 26 30 6 26 29 14 27 3 1 10 12 7 8 5 23 26 9 19 5 23 22 2 12 26 19 18 4 11 27 26 15 3 17 20 9 28 17 13 11 11 30 4 3 3 14 28 15 22 2 8 18 27 9 25 10 21 27 2 11 23 1 25 8 17 16 8 12 28 23 3 17 7 19 25 7 8 11 12 8 17 17 4 19 28 14 6 1 21 26 19 5 14 16 15 29 7 29 6 21 21 30 18 7 25 19 8 8 15 30 11 13 14 21 15 27 13 7 16 20 18 2 8 11 14 18 26 1 10 26 5 22 3 13 11 22 23 29 2 22 28 8 24 8 28 30 18 21 28 2 18 8 18 26 12 1 10 3 16 20 26 24 19 24 24 28 17 26 2 13 11 6 10 8 16 27 16 17 8 3 5 11 7 3 6 1 7 17 5 20 17 21 17 6 11 24 26 21 8 22 8 2 18 16 15 20 4 13 30 24 11 23 16 18 25 24 22 4 2 3 7 17 15 20 21 13 21 16 22 9 26 8 14 24 14 10 8 8 26 8 21 29 10 26 16 9 22 26 30 19 11 18 4 9 20 14 2 26 11 2 7 13 18 7 1 22 30 9 19 25 28 24 11 7 12 22 27 8 25 4 22 24 29 3 26 19 21 29 24 18 5 26 30 28 14 3 14 29 6 30 27 15 25 1 21 15 29 16 21 16 10 14 1 4 30 5 16 18 20 6 25 14 8 5 26 8 29 24 6 7 5 1 21 3 30 1 2 29 10 12 17 23 24 16 1 5 26 10 2 1 12 16 16 3 29 15 6 5 24 25 18 13 9 29 1 25 9 28 2 26 24 28 7 16 30 16 17 9 4 22 4 29 7 18 22 20 14 27 5 1 26 5 25 15 19 18 14 5 2 4 9 17 28 9 1 19 16 26 4 25 16 27 6 15 12 7 24 7 12 6 9 12 17 26 1 12 23 9 25 24 14 1 25 30 23 24 27 26 19 4 6 15 10 3 28 1 12 8 10 13 22 13 20 11 19 2 27 18 14
0 8 4
505 588 446 535
0 7 6
688 393 506 670 186 643
0 11 2
162 135
0 2 17
397 582 34 28 76 236 424 502 259 63 684 301 64 377 279 621 592
0 2 19
240 459 511 375 208 194 142 302 191 146 155 635 557 101 2 383 88 368 134
0 2 19
408 152 452 619 227 201 410 546 680 38 652 624 625 468 106 216 184 630 132
0 1 19
206 57 458 556 74 587 419 686 676 356 681 306 136 324 690 140 473 199 342
0 1 18
211 124 455 224 382 287 605 96 228 520 682 389 320 37 538 403 112 173
0 2 12
637 292 666 340 662 415 178 91 117 525 462 562
0 5 8
343 84 449 354 14 13 50 79
0 3 16
286 487 168 512 555 329 139 167 25 478 290 439 503 390 94 147
0 1 17
68 69 628 584 523 85 148 315 380 183 71 351 509 440 352 665 116
0 1 18
381 103 40 612 362 237 649 423 66 467 125 307 418 80 212 358 256 171
0 2 11
217 672 529 48 374 388 350 150 1 299 614
0 7 7
153 344 130 232 620 83 219
0 6 4
414 613 100 661
0 1 19
493 131 215 527 697 477 480 149 627 448 553 70 514 205 668 119 95 361 532
0 1 27
298 214 495 689 222 189 122 296 432 636 220 453 544 463 564 638 104 566 145 157 416 243 294 27 67 187 608
0 3 9
170 551 313 6 226 60 254 644 641
0 8 3
239 123 4
0 2 16
98 366 696 365 318 314 312 283 156 113 158 540 528 99 319 251
0 2 15
433 107 263 185 293 594 284 428 394 120 159 694 560 250 508
0 7 5
141 295 687 230 193
0 3 10
133 49 305 474 409 412 441 615 586 5
0 19 2
522 385
0 2 12
679 81 616 268 59 693 349 454 376 234 603 659
0 9 4
434 392 444 288
0 7 3
456 128 565
0 14 1
190
0 6 5
369 451 677 597 53
0 2 10
492 445 41 255 470 303 202 78 253 357
0 4 6
507 656 36 30 573 436
0 2 15
542 235 42 160 277 395 165 543 658 163 675 55 646 213 229
0 2 17
430 17 339 175 491 401 126 578 596 391 435 569 411 386 378 530 154
0 2 14
417 15 384 31 465 370 472 97 203 570 519 138 534 24
0 2 13
280 674 241 648 182 475 653 261 660 550 333 590 129
0 1 17
402 524 188 72 195 151 266 539 626 281 334 247 272 33 257 559 267
0 4 7
209 332 244 177 404 618 238
0 4 8
23 421 304 379 51 631 598 516
1 10 3
0 548 655
1 6 1
3
1 3 1
7
1 8 1
8
1 3 2
9 181
1 3 2
10 422
1 8 1
11
1 2 1
12
1 4 1
16
1 8 1
18
1 5 3
19 21 58
1 3 2
20 642
1 3 2
22 316
1 9 1
26
1 6 3
29 413 447
1 6 1
32
1 3 1
35
1 12 1
39
1 8 1
43
1 6 2
44 561
1 8 1
45
1 7 1
46
1 3 1
47
1 4 1
52
1 10 1
54
1 21 1
56
1 3 1
61
1 4 1
62
1 4 1
65
1 8 1
73
1 8 1
75
1 3 1
77
1 9 2
82 338
1 6 1
86
1 6 1
87
1 3 2
89 164
1 6 1
90
1 10 1
92
1 10 1
93
1 4 1
102
1 3 1
105
1 16 1
108
1 2 2
109 437
1 7 1
110
1 3 1
111
1 3 3
114 274 669
1 4 2
115 469
1 6 1
118
1 21 1
121
1 7 1
127
1 4 1
137
1 3 2
143 657
1 3 1
144
1 18 1
161
1 5 1
166
1 6 1
169
1 9 1
172
1 4 1
174
1 8 1
176
1 4 1
179
1 8 1
180
1 8 2
192 485
1 6 1
196
1 15 1
197
1 5 1
198
1 4 1
200
1 5 1
204
1 11 1
207
1 7 1
210
1 21 3
218 271 633
1 3 1
221
1 4 3
223 285 396
1 5 1
225
1 3 2
231 331
1 10 2
233 326
1 16 1
242
1 6 1
245
1 4 3
246 367 545
1 9 2
248 499
1 5 1
249
1 11 1
252
1 8 1
258
1 5 1
260
1 9 1
262
1 3 3
264 273 602
1 4 2
265 450
1 8 1
269
1 11 1
270
1 13 1
275
1 2 1
276
1 2 1
278
1 3 2
282 526
1 2 2
289 533
1 7 2
291 464
1 7 1
297
1 9 1
300
1 8 2
308 359
1 7 1
309
1 6 1
310
1 9 1
311
1 5 2
317 405
1 3 1
321
1 3 2
322 457
1 4 1
323
1 9 1
325
1 10 1
327
1 4 1
328
1 13 1
330
1 9 1
335
1 4 1
336
1 3 3
337 531 547
1 5 2
341 695
1 3 1
345
1 11 1
346
1 4 2
347 574
1 6 1
348
1 9 1
353
1 3 3
355 571 577
1 4 1
360
1 7 1
363
1 10 1
364
1 10 2
371 399
1 10 1
372
1 4 1
373
1 3 2
387 558
1 21 2
398 568
1 5 1
400
1 9 1
406
1 5 1
407
1 4 3
420 513 583
1 3 2
425 683
1 7 1
426
1 4 1
427
1 8 2
429 466
1 10 2
431 541
1 22 1
438
1 4 1
442
1 4 2
443 572
1 13 1
460
1 7 1
461
1 3 1
471
1 13 2
476 663
1 5 1
479
1 4 1
481
1 8 2
482 673
1 9 1
483
1 4 2
484 575
1 4 1
486
1 4 1
488
1 3 1
489
1 4 1
490
1 10 1
494
1 4 1
496
1 5 1
497
1 4 1
498
1 8 1
500
1 9 1
501
1 7 1
504
1 8 1
510
1 4 1
515
1 3 1
517
1 5 1
518
1 14 1
521
1 3 1
536
1 3 1
537
1 9 1
549
1 12 1
552
1 10 1
554
1 6 2
563 567
1 4 1
576
1 3 1
579
1 6 1
580
1 3 1
581
1 5 1
585
1 7 1
589
1 11 1
591
1 3 1
593
1 7 1
595
1 8 1
599
1 9 1
600
1 5 1
601
1 3 1
604
1 2 1
606
1 13 1
607
1 11 1
609
1 10 1
610
1 8 1
611
1 10 1
617
1 2 1
622
1 3 1
623
1 8 1
629
1 3 1
632
1 12 1
634
1 2 1
639
1 4 1
640
1 6 1
645
1 5 1
647
1 3 1
650
1 3 1
651
1 9 1
654
1 4 1
664
1 3 1
667
1 3 1
671
1 9 1
678
1 5 1
685
1 9 1
691
1 20 1
692
1 3 1
698
1 9 1
699
