300 123 465 20
19 30 31 20 25 38 31 16 11 15 20 30 22 39 21 29 26 31 36 28 35 14 32 31 23 25 20 17 35 18 34 38 24 11 35 30 14 20 22 29 32 19 29 25 34 30 21 25 31 19 39 32 16 14 30 34 11 32 34 19 40 20 18 28 29 14 39 13 12 18 17 24 40 17 37 31 30 24 22 11 20 20 26 13 30 28 15 20 21 36 24 18 24 39 16 23 31 26 34 38 32 25 33 28 30 15 11 24 40 37 30 36 32 11 30 29 33 26 16 40 38 35 15 21 35 31 22 19 33 24 36 15 23 40 28 22 23 26 27 37 23 32 23 15 19 37 13 36 33 11 30 11 38 35 24 26 12 37 18 20 11 28 11 17 14 25 12 29 30 23 30 19 22 23 33 29 25 17 34 27 18 29 26 36 16 19 12 27 40 19 29 36 15 30 37 24 28 34 36 18 40 11 33 23 25 34 40 37 34 19 33 35 14 40 26 40 23 28 35 31 33 37 11 11 36 12 31 28 25 30 18 23 20 17 24 27 27 32 11 38 20 40 18 40 26 38 23 40 12 26 33 25 29 28 39 30 35 39 18 32 27 11 15 16 31 31 28 40 37 16 13 24 11 20 28 18 25 36 36 33 15 34 28 31 37 12 18 29 33 31 35 38 19 40 30 14 23 17 33 22
9 20 21 10 15 28 21 6 1 5 10 20 12 29 11 19 16 21 26 18 25 4 22 21 13 15 10 7 25 8 24 28 14 1 25 20 4 10 12 19 22 9 19 15 24 20 11 15 21 9 29 22 6 4 20 24 1 22 24 9 30 10 8 18 19 4 29 3 2 8 7 14 30 7 27 21 20 14 12 1 10 10 16 3 20 18 5 10 11 26 14 8 14 29 6 13 21 16 24 28 22 15 23 18 20 5 1 14 30 27 20 26 22 1 20 19 23 16 6 30 28 25 5 11 25 21 12 9 23 14 26 5 13 30 18 12 13 16 17 27 13 22 13 5 9 27 3 26 23 1 20 1 28 25 14 16 2 27 8 10 1 18 1 7 4 15 2 19 20 13 20 9 12 13 23 19 15 7 24 17 8 19 16 26 6 9 2 17 30 9 19 26 5 20 27 14 18 24 26 8 30 1 23 13 15 24 30 27 24 9 23 25 4 30 16 30 13 18 25 21 23 27 1 1 26 2 21 18 15 20 8 13 10 7 14 17 17 22 1 28 10 30 8 30 16 28 13 30 2 16 23 15 19 18 29 20 25 29 8 22 17 1 5 6 21 21 18 30 27 6 3 14 1 10 18 8 15 26 26 23 5 24 18 21 27 2 8 19 23 21 25 28 9 30 20 4 13 7 23 12
0 9 3
236 234 222
0 6 4
195 249 33 114
0 12 1
21
0 5 6
220 46 7 49 192 93
0 7 1
140
0 4 7
105 256 177 28 263 157 29
0 10 3
130 224 278
0 13 3
206 57 55
0 14 2
63 121
0 4 8
272 11 292 76 22 197 198 243
0 5 7
163 276 151 289 89 185 250
0 19 1
137
0 6 6
180 191 294 221 42 119
0 6 8
284 61 13 152 296 23 86 108
0 17 1
165
0 21 1
25
0 4 8
229 40 67 160 62 139 196 204
0 7 4
235 273 171 259
0 7 4
299 59 38 179
0 5 7
4 188 75 241 262 291 125
0 4 6
58 101 35 147 36 201
0 4 10
194 181 14 164 126 72 26 169 266 189
0 3 13
9 207 282 31 251 54 141 12 34 133 246 269 219
0 4 8
20 170 134 214 274 202 253 3
0 7 4
193 146 103 159
0 8 4
158 208 187 92
0 7 5
277 293 287 271 203
0 3 10
123 228 56 242 216 68 136 45 127 71
0 6 6
237 248 175 233 211 217
0 4 7
73 210 104 18 48 238 100
0 6 6
99 268 30 283 1 257
0 7 6
47 66 17 230 53 162
0 3 11
154 176 82 88 173 110 117 168 275 60 183
0 11 3
279 174 156
0 3 12
6 52 244 106 124 113 290 70 79 260 295 84
0 6 7
265 227 255 98 254 80 128
1 9 1
0
1 15 1
2
1 10 1
5
1 13 1
8
1 7 1
10
1 27 1
15
1 8 1
16
1 9 2
19 298
1 11 2
24 97
1 13 1
27
1 11 2
32 190
1 7 2
37 74
1 10 1
39
1 25 1
41
1 12 1
43
1 10 2
44 186
1 10 1
50
1 7 1
51
1 16 1
64
1 7 1
65
1 11 2
69 122
1 18 1
77
1 11 1
78
1 11 1
81
1 11 1
83
1 10 1
85
1 10 1
87
1 9 1
90
1 12 1
91
1 20 1
94
1 9 1
95
1 7 1
96
1 24 1
102
1 8 1
107
1 8 1
109
1 14 1
111
1 25 1
112
1 10 2
115 209
1 11 1
116
1 10 1
118
1 20 1
120
1 26 1
129
1 13 1
131
1 11 1
132
1 16 1
135
1 9 1
138
1 11 1
142
1 10 1
143
1 8 1
144
1 10 1
145
1 18 2
148 223
1 12 1
149
1 10 1
150
1 13 1
153
1 11 1
155
1 24 1
161
1 13 1
166
1 8 1
167
1 22 2
172 252
1 29 1
178
1 18 1
182
1 20 1
184
1 24 1
199
1 14 1
200
1 28 1
205
1 9 2
212 231
1 13 1
213
1 18 1
215
1 19 1
218
1 11 1
225
1 9 1
226
1 9 1
232
1 35 1
239
1 7 1
240
1 12 1
245
1 8 1
247
1 20 1
258
1 14 1
261
1 12 1
264
1 10 1
267
1 8 1
270
1 10 1
280
1 11 1
281
1 12 1
285
1 8 1
286
1 7 1
288
1 16 1
297
