300 147 465 20
17 23 17 27 14 15 35 31 24 35 25 37 35 25 23 17 33 15 18 39 34 36 27 38 14 37 29 33 35 38 22 36 40 35 22 21 25 20 31 15 22 37 17 35 11 38 12 28 31 16 27 16 13 31 37 36 27 30 37 24 28 25 24 26 23 19 12 24 25 38 31 33 34 27 25 40 36 38 11 36 39 16 35 29 26 22 17 19 37 11 38 21 32 16 14 25 34 22 34 32 16 29 37 36 18 30 27 36 14 32 35 23 18 16 18 12 31 32 21 15 22 11 21 20 12 28 26 13 19 14 29 27 26 20 36 17 22 34 27 38 14 12 35 31 14 27 13 36 32 35 18 23 31 24 38 23 30 36 22 19 39 38 31 23 15 15 35 33 19 40 21 19 35 17 16 24 15 33 17 37 40 39 22 31 22 21 25 29 33 39 14 32 17 34 16 25 12 26 34 38 16 35 37 23 27 39 32 35 34 21 28 23 22 23 17 17 39 22 22 14 34 36 15 13 26 35 24 14 34 37 30 23 36 12 35 36 31 39 35 16 30 22 14 15 17 25 19 32 27 25 26 21 16 38 21 29 25 35 18 28 18 25 15 32 17 25 16 12 31 36 14 25 35 20 16 36 16 40 29 29 38 20 21 40 30 38 36 32 38 24 14 38 17 21 35 15 32 36 27 12
7 13 7 17 4 5 25 21 14 25 15 27 25 15 13 7 23 5 8 29 24 26 17 28 4 27 19 23 25 28 12 26 30 25 12 11 15 10 21 5 12 27 7 25 1 28 2 18 21 6 17 6 3 21 27 26 17 20 27 14 18 15 14 16 13 9 2 14 15 28 21 23 24 17 15 30 26 28 1 26 29 6 25 19 16 12 7 9 27 1 28 11 22 6 4 15 24 12 24 22 6 19 27 26 8 20 17 26 4 22 25 13 8 6 8 2 21 22 11 5 12 1 11 10 2 18 16 3 9 4 19 17 16 10 26 7 12 24 17 28 4 2 25 21 4 17 3 26 22 25 8 13 21 14 28 13 20 26 12 9 29 28 21 13 5 5 25 23 9 30 11 9 25 7 6 14 5 23 7 27 30 29 12 21 12 11 15 19 23 29 4 22 7 24 6 15 2 16 24 28 6 25 27 13 17 29 22 25 24 11 18 13 12 13 7 7 29 12 12 4 24 26 5 3 16 25 14 4 24 27 20 13 26 2 25 26 21 29 25 6 20 12 4 5 7 15 9 22 17 15 16 11 6 28 11 19 15 25 8 18 8 15 5 22 7 15 6 2 21 26 4 15 25 10 6 26 6 30 19 19 28 10 11 30 20 28 26 22 28 14 4 28 7 11 25 5 22 26 17 2
0 5 5
69 288 51 274 275
0 5 5
145 214 32 38 117
0 7 4
247 154 193 165
0 3 9
157 258 211 120 159 41 242 99 141
0 12 2
271 231
0 9 3
28 8 85
0 3 7
191 58 68 147 176 217 88
0 9 1
197
0 5 7
216 19 18 139 9 179 213
0 14 1
272
0 5 7
31 23 156 261 250 268 136
0 4 9
81 151 126 235 204 15 277 286 163
0 6 3
219 101 152
0 4 9
118 233 241 269 226 174 104 36 111
0 5 5
244 273 248 17 153
0 15 2
21 222
0 15 1
45
0 10 4
167 138 97 26
0 3 7
65 13 190 130 158 186 57
0 4 6
115 212 128 82 255 48
0 9 4
194 96 73 11
0 23 2
279 253
0 3 12
50 183 127 5 263 164 34 294 284 20 207 134
0 6 7
87 109 276 49 0 103 278
0 13 1
232
0 5 3
129 25 221
0 10 3
86 187 72
0 4 5
166 61 172 178 2
0 7 5
260 79 37 175 137
0 3 11
170 162 42 108 121 132 95 1 293 140 7
0 4 11
245 210 200 292 64 180 110 93 122 177 282
0 10 1
35
0 8 2
281 124
0 5 8
43 220 40 252 208 290 125 29
0 9 4
296 155 149 265
0 4 1
78
0 5 6
12 52 63 202 224 227
0 13 2
83 237
1 16 1
3
1 11 1
4
1 11 1
6
1 15 1
10
1 9 1
14
1 23 1
16
1 12 1
22
1 6 1
24
1 16 1
27
1 16 1
30
1 15 1
33
1 12 2
39 146
1 12 1
44
1 32 1
46
1 6 1
47
1 24 2
53 285
1 18 1
54
1 18 1
55
1 9 1
56
1 20 1
59
1 8 2
60 150
1 20 1
62
1 18 1
66
1 11 1
67
1 8 1
70
1 14 1
71
1 14 1
74
1 32 1
75
1 12 1
76
1 14 1
77
1 12 1
80
1 20 2
84 289
1 9 1
89
1 11 1
90
1 8 1
91
1 10 2
92 266
1 10 1
94
1 17 1
98
1 9 1
100
1 13 1
102
1 17 1
105
1 10 1
106
1 28 1
107
1 9 1
112
1 28 1
113
1 8 1
114
1 27 1
116
1 16 1
119
1 13 1
123
1 7 1
131
1 16 1
133
1 38 1
135
1 17 1
142
1 28 1
143
1 11 1
144
1 9 1
148
1 10 1
160
1 21 1
161
1 11 1
168
1 28 1
169
1 19 1
171
1 23 1
173
1 13 1
181
1 14 1
182
1 8 1
184
1 10 2
185 283
1 22 1
188
1 18 1
189
1 17 1
192
1 18 1
195
1 21 1
196
1 14 1
198
1 13 1
199
1 11 1
201
1 18 1
203
1 12 1
205
1 22 1
206
1 13 1
209
1 21 1
215
1 14 1
218
1 19 1
223
1 13 1
225
1 14 1
228
1 10 1
229
1 16 1
230
1 24 1
234
1 8 1
236
1 8 1
238
1 19 1
239
1 9 1
240
1 8 1
243
1 23 1
246
1 7 1
249
1 14 1
251
1 8 1
254
1 18 1
256
1 10 1
257
1 34 1
259
1 7 1
262
1 11 1
264
1 14 1
267
1 9 1
270
1 22 1
280
1 10 1
287
1 10 1
291
1 6 1
295
1 7 1
297
1 7 1
298
1 24 1
299
