700 83 1085 47
28 29 37 23 30 39 33 32 11 12 28 27 21 24 21 28 23 31 20 13 38 15 40 26 38 34 32 39 18 36 40 27 16 15 15 15 32 31 20 34 25 40 23 11 18 15 16 33 23 37 26 40 12 12 26 28 21 32 35 25 27 37 21 23 21 40 36 33 13 24 36 33 31 13 26 21 16 15 40 27 20 14 34 36 28 32 25 27 25 16 11 18 36 20 23 11 36 40 27 19 17 40 39 23 16 11 17 29 19 23 20 22 38 25 24 30 36 34 18 37 21 39 40 28 22 16 13 24 17 32 37 39 26 12 23 35 27 25 13 34 31 14 38 13 25 32 36 19 22 16 34 21 29 20 33 33 11 28 33 30 30 39 11 37 21 28 24 27 20 23 22 32 33 19 21 25 36 39 11 34 13 13 17 27 20 40 23 16 29 27 38 33 38 11 18 13 14 38 21 40 38 39 17 15 12 37 23 24 28 16 13 17 40 14 37 17 30 14 13 24 11 24 13 20 17 13 24 33 40 26 22 27 12 16 25 26 12 35 12 28 34 33 30 24 37 12 21 31 38 28 26 13 19 38 35 16 27 28 18 26 12 25 22 29 35 24 30 13 28 37 13 11 25 33 16 27 17 38 18 31 13 15 40 18 26 39 28 36 23 27 39 19 21 12 18 14 29 37 38 18 15 33 30 31 24 32 27 19 13 36 24 26 15 23 30 39 11 12 25 32 16 35 30 33 25 20 22 36 16 35 33 14 31 24 38 25 13 35 36 35 38 15 33 32 17 30 28 21 13 16 26 17 16 40 19 34 24 38 11 31 37 34 38 37 20 28 22 12 13 40 37 33 35 36 26 37 23 33 17 25 34 14 20 11 16 38 32 33 22 15 20 31 37 39 19 14 12 17 18 34 35 11 22 26 37 28 22 11 19 40 31 17 21 14 18 29 11 25 38 34 39 17 11 11 12 31 22 14 32 28 36 22 16 31 14 11 36 32 25 39 11 36 32 38 33 26 30 16 39 22 40 26 23 14 21 32 28 33 25 22 15 27 21 34 26 23 11 39 19 36 27 27 26 26 27 26 14 27 30 32 20 25 16 17 24 29 24 34 32 39 39 18 26 29 24 15 22 32 32 20 11 32 40 24 30 34 19 26 24 36 34 13 13 31 39 15 21 31 27 27 19 13 23 21 12 23 37 22 11 17 33 32 24 34 26 26 16 11 22 11 37 26 35 34 25 30 17 39 16 11 21 32 39 29 39 21 31 38 40 30 40 34 24 39 22 34 38 29 34 33 28 34 28 35 33 20 11 30 23 40 30 36 24 34 20 24 38 29 17 21 25 23 30 18 14 25 23 16 16 33 27 16 17 13 15 20 18 20 16 33 28 28 21 15 39 29 11 26 27 11 34 31 28 15 16 14 17 12 39 18 26 24 29 13 38 17 32 33 36 34 37 12 24 21 14 14 34 26 33 21 26 35 13 36 39 22 39 26 11 24 13 27 29 38 35 32 39 12 21 30 12 25 21 33 19 26 17 25 25 13 33 34 14 24 16 20 13 38 40 36 27 16 22 25 32 29 39 36 26 25
18 19 27 13 20 29 23 22 1 2 18 17 11 14 11 18 13 21 10 3 28 5 30 16 28 24 22 29 8 26 30 17 6 5 5 5 22 21 10 24 15 30 13 1 8 5 6 23 13 27 16 30 2 2 16 18 11 22 25 15 17 27 11 13 11 30 26 23 3 14 26 23 21 3 16 11 6 5 30 17 10 4 24 26 18 22 15 17 15 6 1 8 26 10 13 1 26 30 17 9 7 30 29 13 6 1 7 19 9 13 10 12 28 15 14 20 26 24 8 27 11 29 30 18 12 6 3 14 7 22 27 29 16 2 13 25 17 15 3 24 21 4 28 3 15 22 26 9 12 6 24 11 19 10 23 23 1 18 23 20 20 29 1 27 11 18 14 17 10 13 12 22 23 9 11 15 26 29 1 24 3 3 7 17 10 30 13 6 19 17 28 23 28 1 8 3 4 28 11 30 28 29 7 5 2 27 13 14 18 6 3 7 30 4 27 7 20 4 3 14 1 14 3 10 7 3 14 23 30 16 12 17 2 6 15 16 2 25 2 18 24 23 20 14 27 2 11 21 28 18 16 3 9 28 25 6 17 18 8 16 2 15 12 19 25 14 20 3 18 27 3 1 15 23 6 17 7 28 8 21 3 5 30 8 16 29 18 26 13 17 29 9 11 2 8 4 19 27 28 8 5 23 20 21 14 22 17 9 3 26 14 16 5 13 20 29 1 2 15 22 6 25 20 23 15 10 12 26 6 25 23 4 21 14 28 15 3 25 26 25 28 5 23 22 7 20 18 11 3 6 16 7 6 30 9 24 14 28 1 21 27 24 28 27 10 18 12 2 3 30 27 23 25 26 16 27 13 23 7 15 24 4 10 1 6 28 22 23 12 5 10 21 27 29 9 4 2 7 8 24 25 1 12 16 27 18 12 1 9 30 21 7 11 4 8 19 1 15 28 24 29 7 1 1 2 21 12 4 22 18 26 12 6 21 4 1 26 22 15 29 1 26 22 28 23 16 20 6 29 12 30 16 13 4 11 22 18 23 15 12 5 17 11 24 16 13 1 29 9 26 17 17 16 16 17 16 4 17 20 22 10 15 6 7 14 19 14 24 22 29 29 8 16 19 14 5 12 22 22 10 1 22 30 14 20 24 9 16 14 26 24 3 3 21 29 5 11 21 17 17 9 3 13 11 2 13 27 12 1 7 23 22 14 24 16 16 6 1 12 1 27 16 25 24 15 20 7 29 6 1 11 22 29 19 29 11 21 28 30 20 30 24 14 29 12 24 28 19 24 23 18 24 18 25 23 10 1 20 13 30 20 26 14 24 10 14 28 19 7 11 15 13 20 8 4 15 13 6 6 23 17 6 7 3 5 10 8 10 6 23 18 18 11 5 29 19 1 16 17 1 24 21 18 5 6 4 7 2 29 8 16 14 19 3 28 7 22 23 26 24 27 2 14 11 4 4 24 16 23 11 16 25 3 26 29 12 29 16 1 14 3 17 19 28 25 22 29 2 11 20 2 15 11 23 9 16 7 15 15 3 23 24 4 14 6 10 3 28 30 26 17 6 12 15 22 19 29 26 16 15
2 12 7
264 572 124 254 456 573 482
1 5 18
36 168 650 74 355 448 251 420 97 220 16 259 396 475 488 564 578 660
3 16 6
285 696 598 348 256 501
9 14 14
23 140 417 437 414 332 454 39 428 387 245 149 568 608
6 12 11
438 235 412 589 275 343 52 243 503 237 270
5 9 10
43 295 408 687 187 190 368 217 108 167
2 8 12
116 177 554 462 533 69 502 493 646 294 393 428
8 9 15
413 178 263 180 581 28 510 521 107 346 564 358 173 401 81
2 7 11
563 615 183 152 67 84 334 40 204 89 599
1 6 13
130 10 146 198 471 342 129 41 583 110 352 529 681
3 8 14
418 278 301 537 321 483 667 2 81 62 154 329 117 424
3 7 16
485 202 76 189 55 487 640 287 643 203 669 131 156 547 112 427
5 8 15
210 1 270 507 624 345 216 432 164 61 160 612 229 317 134
2 14 5
339 165 272 416 420
1 11 5
260 6 541 386 672
1 5 11
88 662 380 661 316 604 635 141 159 314 540
6 11 11
169 488 174 536 111 374 677 622 497 236 451
2 7 12
280 249 48 431 590 282 125 42 135 289 608 671
4 9 12
631 618 403 522 193 302 540 656 211 100 114 620
7 14 14
197 314 595 613 222 45 206 370 58 429 552 492 371 576
1 6 8
423 268 391 320 281 50 444 102
9 12 16
246 262 366 556 596 512 248 136 247 83 668 606 259 381 457 549
5 12 12
138 215 51 87 27 362 481 515 594 233 92 550
1 14 4
672 277 184 353
4 11 13
658 176 228 163 665 453 30 653 479 113 519 297 283
1 10 5
145 605 627 178 233
2 17 5
64 63 200 319 615
3 17 5
419 148 651 298 496
2 5 15
683 629 308 690 415 19 565 223 377 257 527 671 484 344 439
3 11 9
688 464 411 16 56 530 551 333 699
1 9 2
364 99
4 13 12
194 147 214 469 338 546 296 327 388 113 183 306
4 10 12
372 659 150 626 166 426 75 34 682 20 514 93
1 6 7
482 525 170 394 443 473 54
2 9 10
652 172 65 459 199 279 625 461 283 696
5 12 12
290 300 636 291 325 584 105 449 253 85 87 355
3 7 10
120 104 318 38 617 538 445 580 310 453
1 11 7
128 647 43 49 268 505 570
2 12 4
119 468 32 265
1 15 4
430 587 513 216
1 6 9
633 239 619 158 326 378 689 686 64
5 10 14
284 68 531 288 681 499 641 112 634 109 331 528 508 392
4 12 13
698 561 9 609 349 623 22 78 489 0 357 258 351
5 9 14
309 46 53 47 359 137 35 586 520 383 592 410 555 181
2 10 7
143 289 389 557 312 284 328
3 10 12
102 375 373 402 240 451 77 231 422 610 305 534
5 10 10
644 409 630 523 196 266 274 396 207 373
4 10 11
103 576 347 470 425 261 226 447 109 280 387
3 7 14
424 159 532 82 299 699 286 433 397 692 59 614 48 198
3 15 7
101 360 33 694 57 505 269
3 11 8
182 313 490 390 399 567 115 167
2 12 8
495 171 66 450 191 504 467 224
1 8 6
620 18 25 227 144 267
1 6 10
657 398 224 452 526 142 29 336 458 432
5 14 10
393 354 524 395 673 219 328 628 680 132
7 13 15
91 118 369 466 645 518 252 11 404 385 303 642 121 153 192
1 18 4
323 127 54 656
3 15 5
213 179 480 478 139
1 9 4
186 675 4 534
4 13 7
543 511 351 421 405 436 350
4 9 16
273 135 601 691 31 71 49 463 293 611 237 126 407 209 248 384
1 9 6
192 654 693 639 660 305
1 8 5
400 500 232 258 477
1 9 6
435 123 508 520 649 666
1 6 10
330 666 406 509 70 90 72 553 246 386
2 13 3
195 578 648
2 7 13
621 559 569 679 676 209 96 175 491 13 330 419 483
1 11 2
474 341
1 7 9
133 460 638 607 319 106 571 18 407
3 9 8
539 255 506 549 161 225 558 271
3 16 11
695 439 588 322 212 384 8 145 214 537 682
6 14 12
276 234 560 440 60 664 201 304 80 361 603 203
2 8 10
529 26 455 205 188 134 367 340 307 184
4 8 13
162 117 566 516 13 434 600 311 37 238 577 446 649
3 10 9
544 242 7 678 602 616 542 593 104
2 5 17
486 655 475 476 24 15 562 221 457 5 44 632 157 241 4 353 525
1 14 3
684 306 441
1 15 2
79 94
5 9 17
17 3 548 365 250 86 363 379 582 93 151 132 637 337 247 297 304
3 6 12
382 207 230 344 697 465 14 335 535 472 574 12
4 10 15
575 545 376 685 95 674 122 356 315 663 517 494 75 282 579
1 4 17
579 110 21 498 292 324 155 244 352 8 208 185 670 585 501 562 595
5 10 10
591 98 442 73 427 218 570 597 350 266
