800 93 1240 53
13 32 19 20 15 11 11 29 12 37 16 38 22 35 21 34 24 22 17 19 36 13 20 40 38 25 11 18 23 32 13 31 26 12 35 35 18 21 13 35 13 22 27 24 12 16 12 14 23 21 15 13 18 21 27 34 15 24 17 38 29 31 11 26 19 37 21 34 14 37 19 14 14 27 36 30 11 15 17 25 21 33 21 25 24 12 15 29 39 13 24 12 30 24 31 14 24 39 30 40 40 14 32 35 36 36 38 38 24 22 33 18 40 20 28 32 18 12 11 40 38 22 19 23 33 16 36 29 35 33 37 24 18 15 18 11 38 22 18 18 24 32 19 36 28 18 32 17 28 33 20 38 20 28 40 37 15 19 23 39 39 29 16 33 31 36 23 26 28 29 26 30 20 37 40 21 30 18 21 40 28 37 29 38 14 25 16 33 28 33 15 31 17 29 24 20 40 28 35 20 34 22 40 33 33 24 40 19 33 19 31 34 33 35 14 16 37 14 38 22 29 25 15 15 21 18 24 21 32 26 19 30 11 29 23 22 17 17 19 15 30 24 13 27 22 18 40 40 31 40 35 20 26 18 35 23 11 38 24 21 36 35 37 21 33 11 23 36 25 14 30 39 12 23 18 38 37 27 40 35 31 37 24 11 31 20 30 40 39 22 35 13 16 27 18 34 40 27 24 25 13 32 11 38 40 31 11 23 20 16 21 37 30 36 30 26 20 33 32 25 15 33 37 25 37 36 39 24 21 34 37 40 15 37 13 29 34 29 28 31 17 38 37 36 39 39 12 18 31 23 40 29 36 35 20 38 37 39 25 26 28 37 26 36 36 12 27 11 21 17 31 24 12 37 14 38 20 37 16 12 33 23 14 32 21 34 36 23 27 38 20 39 40 31 31 27 23 21 40 27 23 36 33 13 25 22 18 28 25 29 30 14 15 25 12 27 11 28 16 37 11 21 31 19 24 12 23 11 37 17 39 11 40 40 29 17 24 11 14 40 13 40 29 18 11 22 35 15 20 25 25 29 18 17 36 34 11 25 22 20 22 12 11 16 21 16 21 14 29 37 18 25 32 16 13 14 24 36 38 31 11 31 20 39 19 11 24 37 15 39 30 19 38 13 39 28 37 36 29 28 29 15 16 31 33 15 36 15 16 31 34 36 25 17 20 28 22 26 18 33 34 20 34 31 28 40 31 25 11 27 12 28 14 14 39 15 25 21 17 24 20 37 18 20 26 27 16 22 17 39 23 14 36 18 16 33 27 22 36 26 24 11 40 36 35 24 21 13 37 38 24 23 20 17 40 12 32 22 39 32 30 21 17 26 18 24 22 27 28 15 16 29 33 35 17 34 18 35 28 28 32 36 23 23 37 30 26 40 29 22 37 15 40 32 20 17 17 31 15 20 31 27 30 11 14 13 13 34 36 22 21 26 31 27 11 30 36 26 31 27 29 29 37 40 32 16 18 36 18 22 28 31 12 22 32 22 14 14 28 24 29 15 19 23 40 32 26 30 20 32 25 40 14 24 19 32 32 14 35 31 33 39 36 27 20 39 27 34 37 30 12 24 17 19 36 37 13 12 33 31 14 17 26 21 25 40 27 24 33 24 35 23 17 24 17 38 18 18 12 30 30 38 27 31 28 40 19 14 32 28 34 23 20 25 17 18 29 29 35 28 17 33 19 27 12 30 38 27 24 13 12 19 36 16 12 31 27 32 35 29 34 26 13 30 17 23 37 18 32 39 22 11 20 36 35 22 37 33 34 37 17 20 20 18 15 21 33 21 21 37 19 32 37 30 15 38 26 21 17 23
3 22 9 10 5 1 1 19 2 27 6 28 12 25 11 24 14 12 7 9 26 3 10 30 28 15 1 8 13 22 3 21 16 2 25 25 8 11 3 25 3 12 17 14 2 6 2 4 13 11 5 3 8 11 17 24 5 14 7 28 19 21 1 16 9 27 11 24 4 27 9 4 4 17 26 20 1 5 7 15 11 23 11 15 14 2 5 19 29 3 14 2 20 14 21 4 14 29 20 30 30 4 22 25 26 26 28 28 14 12 23 8 30 10 18 22 8 2 1 30 28 12 9 13 23 6 26 19 25 23 27 14 8 5 8 1 28 12 8 8 14 22 9 26 18 8 22 7 18 23 10 28 10 18 30 27 5 9 13 29 29 19 6 23 21 26 13 16 18 19 16 20 10 27 30 11 20 8 11 30 18 27 19 28 4 15 6 23 18 23 5 21 7 19 14 10 30 18 25 10 24 12 30 23 23 14 30 9 23 9 21 24 23 25 4 6 27 4 28 12 19 15 5 5 11 8 14 11 22 16 9 20 1 19 13 12 7 7 9 5 20 14 3 17 12 8 30 30 21 30 25 10 16 8 25 13 1 28 14 11 26 25 27 11 23 1 13 26 15 4 20 29 2 13 8 28 27 17 30 25 21 27 14 1 21 10 20 30 29 12 25 3 6 17 8 24 30 17 14 15 3 22 1 28 30 21 1 13 10 6 11 27 20 26 20 16 10 23 22 15 5 23 27 15 27 26 29 14 11 24 27 30 5 27 3 19 24 19 18 21 7 28 27 26 29 29 2 8 21 13 30 19 26 25 10 28 27 29 15 16 18 27 16 26 26 2 17 1 11 7 21 14 2 27 4 28 10 27 6 2 23 13 4 22 11 24 26 13 17 28 10 29 30 21 21 17 13 11 30 17 13 26 23 3 15 12 8 18 15 19 20 4 5 15 2 17 1 18 6 27 1 11 21 9 14 2 13 1 27 7 29 1 30 30 19 7 14 1 4 30 3 30 19 8 1 12 25 5 10 15 15 19 8 7 26 24 1 15 12 10 12 2 1 6 11 6 11 4 19 27 8 15 22 6 3 4 14 26 28 21 1 21 10 29 9 1 14 27 5 29 20 9 28 3 29 18 27 26 19 18 19 5 6 21 23 5 26 5 6 21 24 26 15 7 10 18 12 16 8 23 24 10 24 21 18 30 21 15 1 17 2 18 4 4 29 5 15 11 7 14 10 27 8 10 16 17 6 12 7 29 13 4 26 8 6 23 17 12 26 16 14 1 30 26 25 14 11 3 27 28 14 13 10 7 30 2 22 12 29 22 20 11 7 16 8 14 12 17 18 5 6 19 23 25 7 24 8 25 18 18 22 26 13 13 27 20 16 30 19 12 27 5 30 22 10 7 7 21 5 10 21 17 20 1 4 3 3 24 26 12 11 16 21 17 1 20 26 16 21 17 19 19 27 30 22 6 8 26 8 12 18 21 2 12 22 12 4 4 18 14 19 5 9 13 30 22 16 20 10 22 15 30 4 14 9 22 22 4 25 21 23 29 26 17 10 29 17 24 27 20 2 14 7 9 26 27 3 2 23 21 4 7 16 11 15 30 17 14 23 14 25 13 7 14 7 28 8 8 2 20 20 28 17 21 18 30 9 4 22 18 24 13 10 15 7 8 19 19 25 18 7 23 9 17 2 20 28 17 14 3 2 9 26 6 2 21 17 22 25 19 24 16 3 20 7 13 27 8 22 29 12 1 10 26 25 12 27 23 24 27 7 10 10 8 5 11 23 11 11 27 9 22 27 20 5 28 16 11 7 13
1 9 2
282 382
4 13 8
136 307 768 590 548 70 282 712
1 26 6
128 373 61 141 524 773
3 12 7
102 444 446 76 417 484 101
2 5 15
670 227 427 202 148 99 781 798 609 78 225 366 761 381 316
2 14 4
611 545 617 353
2 6 12
347 428 69 752 756 538 71 445 36 797 240 468
3 8 16
145 721 652 11 794 574 256 383 787 362 201 267 777 28 457 725
1 3 14
557 292 702 539 395 238 448 139 269 33 412 214 507 789
8 11 18
72 493 194 65 470 402 528 420 259 680 482 396 151 462 267 662 663 673
6 12 17
92 239 262 233 104 154 623 613 230 173 51 673 34 415 149 36 441
2 7 8
352 43 765 491 571 582 657 80
2 5 19
299 285 93 751 220 481 531 772 521 433 113 360 23 322 48 56 107 234 648
4 13 10
288 477 158 75 77 475 4 20 573 770
1 6 7
371 261 129 388 632 116 742
1 5 14
784 155 686 540 8 476 601 450 67 175 24 129 190 640
1 16 3
615 333 394
6 11 16
387 604 257 661 140 480 363 236 637 626 407 691 430 452 677 717
1 11 5
212 459 232 386 402
2 6 14
749 566 287 695 336 0 126 726 535 658 796 647 373 720
1 20 5
49 249 449 491 630
1 5 9
260 697 390 602 523 699 753 438 694
3 8 14
254 727 297 620 353 165 133 605 600 74 769 209 368 558
10 16 18
60 219 183 645 789 502 330 358 325 304 46 780 510 15 469 431 205 680
3 19 5
738 512 692 35 432
3 8 15
3 644 274 351 737 735 338 228 518 725 708 208 235 568 679
3 14 7
213 688 707 513 83 160 193
5 11 15
723 558 100 44 709 422 156 141 460 372 515 586 716 727 771
2 12 7
791 569 42 792 319 146 270
2 9 10
397 563 293 713 90 305 429 357 9 788
1 7 9
755 313 778 719 283 514 411 21 479
4 10 7
40 732 706 315 339 467 596
4 11 11
370 162 739 451 544 68 242 270 393 112 241
1 3 15
416 712 120 465 584 790 628 717 724 57 694 369 543 763 729
4 9 16
87 640 203 525 291 567 583 45 224 111 675 676 355 53 277 517
2 22 4
562 207 24 183
1 9 8
107 378 766 84 498 745 159 701
6 8 16
138 268 189 646 332 349 559 10 134 39 190 5 426 254 530 772
3 9 11
734 122 252 506 740 150 457 125 603 616 797
1 19 3
271 119 627
3 19 6
746 522 748 595 786 410
6 14 13
82 263 541 546 550 231 440 174 345 66 308 562 587
2 12 9
199 744 250 696 710 105 346 513 661
2 8 9
799 234 447 342 473 143 703 770 740
4 13 7
767 684 592 689 130 108 56
3 7 17
235 114 552 537 206 89 553 775 733 554 142 115 489 181 642 199 665
4 13 9
21 782 91 311 384 216 314 317 520
3 9 12
359 731 660 26 597 568 495 464 633 171 299 544
6 10 16
290 300 47 608 200 527 503 418 795 215 631 375 443 52 693 648
1 8 9
81 266 20 205 54 63 229 366 655
2 8 12
316 98 561 430 728 549 409 50 278 720 301 269
2 6 15
762 759 754 132 264 634 97 598 86 170 526 331 157 260 548
1 11 8
286 246 294 391 276 10 632 674
9 14 16
121 441 576 312 458 698 722 19 192 127 649 736 741 499 555 713
1 9 9
22 253 419 551 263 443 467 550 691
2 8 12
196 2 80 511 398 674 191 368 272 211 296 778
2 23 4
681 350 310 227
4 12 10
329 94 361 280 575 27 85 335 588 741
6 11 14
572 159 137 147 486 295 214 413 659 73 701 38 340 508
1 5 10
606 210 578 500 519 449 245 123 376 1
7 12 15
639 690 125 389 718 485 404 244 534 37 281 326 204 166 136
2 12 5
279 284 95 750 273
7 12 17
275 479 392 434 599 524 324 247 222 255 237 492 161 683 306 265 709
2 19 7
669 454 529 59 29 377 611
5 10 18
106 55 251 61 715 704 580 118 343 456 478 610 685 385 564 356 54 384
1 3 17
496 399 677 135 229 641 88 365 410 327 38 309 663 483 163 104 244
3 9 8
565 536 101 453 591 619 341 756
6 12 17
168 221 124 303 730 653 463 302 672 774 656 509 42 151 578 669 693
3 7 12
144 241 630 589 612 195 758 406 466 743 298 452
1 15 2
474 218
3 11 8
760 223 490 455 258 776 12 655
1 13 3
32 354 43
8 16 12
152 667 665 603 556 131 321 13 505 705 622 187
6 12 10
198 585 711 423 421 172 6 96 318 617
4 7 17
687 340 651 31 109 664 581 400 547 289 184 110 488 14 337 565 796
1 8 6
248 334 346 161 310 426
1 8 6
186 635 533 471 564 764
4 14 10
226 662 542 103 771 401 487 98 315 473
3 11 5
403 58 442 28 167
2 15 6
650 53 621 123 419 605
3 12 8
296 570 30 367 317 178 671 793
9 11 16
182 436 320 79 618 64 424 573 579 169 374 638 504 379 607 62
2 12 4
587 516 594 14
2 11 6
747 425 773 217 484 688
4 16 8
530 461 380 678 643 679 264 590
4 11 7
41 273 714 364 783 18 684
3 11 7
437 636 16 348 243 17 188
2 7 10
153 408 29 785 176 779 625 328 532 424
9 11 17
439 593 180 323 197 668 185 414 508 405 716 616 517 764 341 177 357
2 5 17
308 666 497 386 179 555 277 501 624 117 757 507 654 614 577 32 724
1 11 7
682 629 164 700 106 126 364
5 16 12
560 208 435 788 377 520 7 494 472 44 274 751
1 22 3
25 344 140
