300 77 465 20
40 17 19 11 20 39 25 30 38 37 19 28 29 29 26 40 36 26 18 27 30 24 21 36 12 25 32 16 12 31 40 29 37 32 36 19 13 23 17 25 18 16 37 20 26 15 34 25 29 24 15 35 18 24 28 38 11 16 32 26 40 15 32 29 20 25 38 27 34 16 20 22 14 32 38 39 25 35 33 21 12 26 30 30 26 27 18 32 16 35 17 25 37 18 12 21 27 20 29 18 33 38 37 24 18 38 14 15 25 21 21 11 18 12 11 31 11 25 13 27 32 14 27 40 37 32 28 31 31 15 35 40 13 15 38 37 11 15 31 16 20 11 31 20 16 26 16 19 17 32 15 27 16 12 32 39 29 17 29 17 35 17 39 35 37 17 34 15 14 14 19 24 16 22 23 31 35 23 31 38 40 17 37 39 25 28 16 20 33 28 28 38 19 28 30 17 16 27 25 21 38 27 21 12 18 37 40 29 30 13 15 28 40 22 30 13 21 29 27 37 27 40 26 19 22 24 27 23 11 29 22 31 40 16 30 11 27 27 19 13 23 19 29 22 26 35 14 22 31 14 21 34 23 40 32 39 18 37 33 21 27 40 22 18 33 15 23 30 17 11 18 18 21 18 11 14 36 34 25 11 13 13 11 26 15 16 16 30 15 25 28 22 37 13 27 16 31 33 33 27
30 7 9 1 10 29 15 20 28 27 9 18 19 19 16 30 26 16 8 17 20 14 11 26 2 15 22 6 2 21 30 19 27 22 26 9 3 13 7 15 8 6 27 10 16 5 24 15 19 14 5 25 8 14 18 28 1 6 22 16 30 5 22 19 10 15 28 17 24 6 10 12 4 22 28 29 15 25 23 11 2 16 20 20 16 17 8 22 6 25 7 15 27 8 2 11 17 10 19 8 23 28 27 14 8 28 4 5 15 11 11 1 8 2 1 21 1 15 3 17 22 4 17 30 27 22 18 21 21 5 25 30 3 5 28 27 1 5 21 6 10 1 21 10 6 16 6 9 7 22 5 17 6 2 22 29 19 7 19 7 25 7 29 25 27 7 24 5 4 4 9 14 6 12 13 21 25 13 21 28 30 7 27 29 15 18 6 10 23 18 18 28 9 18 20 7 6 17 15 11 28 17 11 2 8 27 30 19 20 3 5 18 30 12 20 3 11 19 17 27 17 30 16 9 12 14 17 13 1 19 12 21 30 6 20 1 17 17 9 3 13 9 19 12 16 25 4 12 21 4 11 24 13 30 22 29 8 27 23 11 17 30 12 8 23 5 13 20 7 1 8 8 11 8 1 4 26 24 15 1 3 3 1 16 5 6 6 20 5 15 18 12 27 3 17 6 21 23 23 17
1 15 5
56 8 292 224 164
2 12 5
202 148 155 150 18
1 20 5
95 63 290 132 117
1 11 3
67 269 276
3 18 8
279 28 275 76 174 68 182 260
2 11 8
258 25 173 66 177 52 109 119
3 12 9
92 152 184 176 134 264 41 206 292
2 17 4
200 266 235 291
1 16 6
85 79 160 18 224 247
1 14 9
39 124 31 247 97 2 54 120 218
3 3 7
17 112 69 135 206 28 289
1 17 5
111 57 210 70 27
2 8 4
248 37 215 299
2 16 3
78 231 234
1 13 3
172 94 213
1 11 6
129 43 20 143 208 266
3 15 5
272 299 52 84 49
2 8 5
30 42 274 34 95
1 16 5
104 130 145 173 264
1 8 4
120 162 24 111
2 5 7
220 297 153 241 187 88 234
3 7 7
259 270 229 146 230 250 61
3 7 7
282 1 102 44 294 55 205
2 10 8
33 263 106 81 4 257 35 44
2 12 8
29 217 192 271 7 126 193 287
1 20 3
170 58 91
1 16 7
253 45 293 142 14 175 157
2 9 3
12 82 165
2 17 5
219 71 283 201 75
2 11 5
61 237 164 90 214
2 12 7
207 141 64 289 124 219 251
1 7 3
103 227 272
2 13 5
203 101 100 93 248
1 17 3
261 196 165
1 12 3
115 137 151
3 1 7
256 147 105 182 127 107 221
2 12 4
46 11 131 186
1 3 2
89 221
1 15 5
50 180 113 154 240
2 1 6
194 158 118 88 109 251
2 4 11
298 216 288 242 138 48 90 135 195 243 245
1 15 4
114 68 53 263
1 2 3
157 139 24
2 17 6
265 178 277 37 60 213
4 13 7
245 208 190 199 136 26 56
3 3 8
286 149 6 3 244 10 11 118
1 8 5
116 167 77 209 296
2 17 5
122 278 226 71 265
1 7 2
273 254
3 3 8
255 60 41 38 185 29 67 82
2 14 6
246 128 285 168 243 83
2 4 7
73 262 166 183 16 225 110
1 12 6
161 228 84 107 241 259
2 3 11
223 110 96 205 10 42 48 80 121 279 298
2 14 7
145 204 54 181 6 78 104
1 9 5
233 238 98 31 89
2 4 5
91 240 163 25 183
1 17 4
267 125 108 162
1 2 5
211 171 72 112 132
4 8 7
47 232 86 295 191 119 98
3 3 8
65 212 281 133 236 74 103 191
1 14 3
35 15 57
2 18 7
9 144 189 19 239 97 101
1 11 3
27 252 216
1 14 3
5 222 36
1 12 5
198 296 178 199 277
1 12 8
80 156 13 75 43 62 223 269
2 10 9
59 40 280 32 0 218 74 196 256
2 19 6
284 287 51 23 99 30
1 11 6
72 169 113 154 159 69
1 8 3
87 123 32
1 20 7
195 21 16 114 128 214 258
2 19 5
151 193 108 79 198
3 1 7
179 22 197 121 260 158 187
1 11 3
249 268 238
2 14 5
209 291 62 188 85
1 10 4
140 83 94 271
