500 82 775 33
13 31 37 34 25 38 13 39 37 11 27 39 16 21 40 33 38 25 39 19 39 37 32 25 31 40 37 25 30 24 22 31 11 25 15 33 29 18 22 20 33 25 12 16 32 16 20 20 26 30 32 27 40 36 36 39 21 16 31 27 33 17 31 32 40 37 38 30 29 35 31 33 35 13 35 33 24 15 11 31 36 27 38 14 28 11 38 26 36 40 21 20 16 15 17 36 36 34 14 39 33 12 20 13 16 29 29 37 20 25 29 40 36 23 22 29 26 12 18 23 39 38 29 34 12 27 32 39 19 19 12 16 14 29 39 36 32 19 21 15 39 33 30 26 34 34 31 37 19 35 37 15 24 37 27 11 22 19 18 37 15 32 40 20 23 26 36 25 22 28 30 39 28 30 39 29 39 30 29 18 11 29 21 37 17 28 25 19 24 22 17 19 23 39 20 26 34 12 25 22 38 25 14 33 33 35 19 35 13 12 22 40 20 11 18 20 14 37 14 23 40 18 27 30 35 39 25 38 37 31 36 19 23 25 32 14 26 14 30 33 29 36 33 28 23 12 24 38 37 24 33 34 18 26 30 38 23 28 34 15 29 23 18 35 27 36 29 38 14 26 34 17 35 16 25 33 38 25 32 29 33 36 13 28 19 15 33 20 22 30 15 40 11 14 39 37 39 36 20 30 18 24 31 20 32 16 26 28 20 39 24 21 18 23 16 37 40 31 17 22 39 37 39 39 19 38 24 37 13 24 12 28 17 31 36 29 40 30 16 12 26 19 37 33 37 14 11 12 40 20 27 17 24 12 33 11 27 21 12 18 29 23 23 38 12 24 28 12 29 18 12 11 38 14 22 15 36 17 20 16 36 31 21 27 39 11 40 12 30 13 30 19 32 12 37 36 13 19 28 16 25 30 35 27 36 34 33 26 38 28 37 14 27 26 16 19 32 39 24 35 35 40 38 29 33 15 17 38 36 29 31 13 37 23 30 15 36 19 18 14 23 35 13 40 40 39 21 11 27 32 14 38 14 21 34 34 21 22 28 37 35 39 23 22 24 29 34 36 39 33 28 38 14 31 36 30 27 13 17 11 21 28 35 23 24 40 32 37 20 38 18 20 35 31 37 20 36 13 32 40
3 21 27 24 15 28 3 29 27 1 17 29 6 11 30 23 28 15 29 9 29 27 22 15 21 30 27 15 20 14 12 21 1 15 5 23 19 8 12 10 23 15 2 6 22 6 10 10 16 20 22 17 30 26 26 29 11 6 21 17 23 7 21 22 30 27 28 20 19 25 21 23 25 3 25 23 14 5 1 21 26 17 28 4 18 1 28 16 26 30 11 10 6 5 7 26 26 24 4 29 23 2 10 3 6 19 19 27 10 15 19 30 26 13 12 19 16 2 8 13 29 28 19 24 2 17 22 29 9 9 2 6 4 19 29 26 22 9 11 5 29 23 20 16 24 24 21 27 9 25 27 5 14 27 17 1 12 9 8 27 5 22 30 10 13 16 26 15 12 18 20 29 18 20 29 19 29 20 19 8 1 19 11 27 7 18 15 9 14 12 7 9 13 29 10 16 24 2 15 12 28 15 4 23 23 25 9 25 3 2 12 30 10 1 8 10 4 27 4 13 30 8 17 20 25 29 15 28 27 21 26 9 13 15 22 4 16 4 20 23 19 26 23 18 13 2 14 28 27 14 23 24 8 16 20 28 13 18 24 5 19 13 8 25 17 26 19 28 4 16 24 7 25 6 15 23 28 15 22 19 23 26 3 18 9 5 23 10 12 20 5 30 1 4 29 27 29 26 10 20 8 14 21 10 22 6 16 18 10 29 14 11 8 13 6 27 30 21 7 12 29 27 29 29 9 28 14 27 3 14 2 18 7 21 26 19 30 20 6 2 16 9 27 23 27 4 1 2 30 10 17 7 14 2 23 1 17 11 2 8 19 13 13 28 2 14 18 2 19 8 2 1 28 4 12 5 26 7 10 6 26 21 11 17 29 1 30 2 20 3 20 9 22 2 27 26 3 9 18 6 15 20 25 17 26 24 23 16 28 18 27 4 17 16 6 9 22 29 14 25 25 30 28 19 23 5 7 28 26 19 21 3 27 13 20 5 26 9 8 4 13 25 3 30 30 29 11 1 17 22 4 28 4 11 24 24 11 12 18 27 25 29 13 12 14 19 24 26 29 23 18 28 4 21 26 20 17 3 7 1 11 18 25 13 14 30 22 27 10 28 8 10 25 21 27 10 26 3 22 30
1 11 6
78 482 0 114 247 377
1 13 12
154 321 251 189 253 309 376 142 31 188 342 365
4 16 12
186 21 199 244 428 12 421 354 270 250 339 397
1 20 4
434 129 296 388
4 10 11
46 217 219 290 32 279 205 194 181 230 446
1 8 13
486 449 143 312 391 195 269 209 324 145 259 346 432
1 8 4
297 288 156 385
2 16 7
191 92 473 316 443 120 50
3 3 11
271 139 16 48 414 262 86 18 485 357 363
1 17 3
8 183 443
1 4 13
390 71 313 395 254 396 459 149 345 283 77 261 430
4 7 12
261 469 243 67 91 490 84 113 265 380 403 408
1 10 11
73 425 407 274 38 98 44 16 60 256 394
1 15 14
93 371 370 284 248 13 403 41 185 325 75 200 305 433
2 7 7
252 175 349 144 15 22 161
5 5 14
95 148 69 394 366 327 241 444 229 266 6 100 468 492
6 16 12
196 402 356 76 246 17 50 239 233 353 151 266
5 19 10
427 74 113 107 435 467 289 287 200 111
2 16 7
440 447 323 198 7 79 458
4 14 11
58 431 359 303 448 415 64 185 281 308 479
1 17 3
358 25 327
1 11 7
36 334 461 352 398 407 434
6 14 11
432 300 218 39 385 22 294 132 235 474 497
1 8 2
453 123
2 4 7
27 491 344 89 168 210 481
2 3 4
63 465 52 57
4 11 12
418 85 83 164 130 207 498 59 487 95 235 258
2 8 9
29 190 28 180 392 451 468 342 411
1 6 15
439 291 393 108 1 304 348 208 124 179 142 269 351 462 495
2 20 9
319 337 165 57 151 272 298 462 90
1 9 5
188 381 85 209 368
2 6 5
170 426 331 476 118
1 16 5
137 147 70 94 297
2 13 10
31 134 352 228 375 423 455 62 205 470
1 16 8
295 104 94 273 45 59 250 379
2 10 6
332 488 302 116 320 349
3 3 11
350 259 441 203 24 404 210 105 112 174 469
2 1 10
472 227 377 450 457 2 20 193 284 392
1 6 10
442 481 5 346 382 162 232 156 38 226
1 1 10
102 389 128 460 112 412 5 11 415 472
4 1 11
267 135 197 326 33 436 306 34 42 10 218
3 16 6
10 121 496 263 277 319
4 19 7
242 483 372 54 177 138 80
1 6 8
268 293 454 89 180 183 214 485
2 18 11
35 99 68 223 249 276 399 106 79 247 87
2 13 8
305 126 51 23 446 380 212 390
1 3 9
341 361 140 19 463 413 58 181 435
3 14 10
329 280 176 236 401 260 37 76 248 475
4 6 12
477 178 493 97 184 245 383 308 88 128 252 321
6 15 10
204 53 478 322 216 82 330 458 364 475
2 20 8
388 317 9 99 154 208 299 489
4 10 9
202 133 100 11 281 347 162 231 418
1 12 6
14 141 315 152 109 167
3 20 6
238 206 65 187 495 207
4 17 13
386 168 7 408 215 484 240 492 35 213 286 429 457
2 19 8
101 275 265 115 125 130 391 410
2 14 10
499 26 320 70 338 339 201 360 56 41
1 17 7
285 81 136 219 253 301 336
2 6 9
125 40 416 374 494 480 117 326 421
2 10 5
157 226 60 378 486
3 8 11
335 131 55 470 365 333 45 307 220 422 467
6 8 14
211 221 153 111 301 286 167 49 213 466 74 86 116 270
1 12 15
30 387 192 362 4 424 61 176 195 224 240 345 356 360 404
2 20 8
222 258 163 255 173 117 225 131
1 2 6
452 182 282 298 384 425
1 16 9
122 411 430 193 146 282 318 400 272
1 8 9
47 397 6 456 66 43 410 179 229
6 4 10
343 75 234 379 409 420 367 150 314 368
1 17 7
355 474 169 299 437 257 350
2 4 6
479 292 214 497 201 374
2 14 8
171 489 429 405 230 398 4 225
2 2 5
84 369 174 20 40
2 17 6
351 264 155 15 61 157
2 4 4
417 363 119 478
1 7 4
278 72 304 439
1 6 9
96 3 296 103 172 422 166 234 245
4 3 9
88 336 445 310 87 166 433 105 278
3 19 8
161 340 373 212 160 68 159 330
1 19 6
471 328 231 127 277 437
2 15 9
159 419 311 438 83 158 222 263 303
4 1 8
384 256 77 158 464 406 224 172
1 20 5
257 237 127 110 56
