300 74 465 20
35 31 38 40 23 15 34 11 34 11 37 30 18 25 28 17 17 23 22 18 40 16 13 39 30 27 26 40 32 36 35 15 37 20 22 26 24 32 32 29 15 37 18 39 14 12 21 27 20 28 39 14 25 31 21 12 21 35 25 29 33 35 38 23 37 25 30 35 39 21 14 29 17 22 18 21 21 17 36 22 34 27 12 40 38 21 38 37 29 16 40 19 25 23 22 34 18 17 38 40 32 28 34 38 28 37 26 39 28 12 18 11 23 35 29 17 11 38 25 25 33 19 20 25 35 19 34 14 39 23 27 20 32 15 37 26 32 27 21 37 21 33 11 29 19 35 34 30 36 24 32 38 19 40 23 26 28 32 36 15 33 22 32 30 12 32 34 34 15 29 15 17 31 33 39 14 21 31 13 18 16 40 38 20 13 34 40 15 33 21 25 19 28 15 17 24 26 30 39 31 18 16 40 38 12 24 16 40 35 40 16 29 13 21 40 34 33 29 30 22 25 37 16 35 36 29 33 17 23 36 22 33 19 20 24 24 21 22 14 25 37 24 18 35 15 13 32 12 14 37 22 28 29 34 37 14 25 19 25 33 27 35 19 35 32 34 19 11 13 16 39 29 39 20 15 36 21 12 32 24 26 31 32 17 16 15 14 27 14 33 15 39 23 28 11 20 26 39 25 40
25 21 28 30 13 5 24 1 24 1 27 20 8 15 18 7 7 13 12 8 30 6 3 29 20 17 16 30 22 26 25 5 27 10 12 16 14 22 22 19 5 27 8 29 4 2 11 17 10 18 29 4 15 21 11 2 11 25 15 19 23 25 28 13 27 15 20 25 29 11 4 19 7 12 8 11 11 7 26 12 24 17 2 30 28 11 28 27 19 6 30 9 15 13 12 24 8 7 28 30 22 18 24 28 18 27 16 29 18 2 8 1 13 25 19 7 1 28 15 15 23 9 10 15 25 9 24 4 29 13 17 10 22 5 27 16 22 17 11 27 11 23 1 19 9 25 24 20 26 14 22 28 9 30 13 16 18 22 26 5 23 12 22 20 2 22 24 24 5 19 5 7 21 23 29 4 11 21 3 8 6 30 28 10 3 24 30 5 23 11 15 9 18 5 7 14 16 20 29 21 8 6 30 28 2 14 6 30 25 30 6 19 3 11 30 24 23 19 20 12 15 27 6 25 26 19 23 7 13 26 12 23 9 10 14 14 11 12 4 15 27 14 8 25 5 3 22 2 4 27 12 18 19 24 27 4 15 9 15 23 17 25 9 25 22 24 9 1 3 6 29 19 29 10 5 26 11 2 22 14 16 21 22 7 6 5 4 17 4 23 5 29 13 18 1 10 16 29 15 30
2 10 7
273 242 281 54 120 169 282
1 1 7
148 167 205 53 28 88 164
1 6 5
272 94 35 69 109
1 12 7
170 223 282 102 155 189 269
1 6 6
133 62 299 107 247 259
3 20 6
228 23 64 215 250 295
1 13 5
294 231 186 25 243
1 16 2
22 20
1 18 5
199 197 175 111 145
2 16 5
74 258 112 32 248
1 20 8
85 83 209 180 270 287 11 212
1 3 7
187 235 5 44 182 172 151
2 19 5
128 280 224 188 287
3 5 7
264 147 103 21 184 223 292
1 17 8
1 274 134 144 243 47 44 234
2 3 6
153 54 75 140 288 266
3 3 7
69 49 43 200 296 143 74
1 6 11
218 216 239 275 268 97 57 157 172 211 245
1 14 4
131 41 16 192
2 19 9
160 93 71 151 237 47 187 277 290
1 9 3
63 253 162
2 2 4
255 190 220 277
2 9 7
95 33 146 63 64 155 196
1 20 2
198 35
4 18 9
166 110 125 284 269 211 66 107 156
1 9 7
40 262 120 152 43 50 180
1 16 2
208 185
1 6 5
234 156 50 59 249
1 9 6
78 58 267 179 173 203
1 15 5
194 260 26 110 289
2 8 8
32 241 68 251 86 157 174 281
1 11 2
292 37
2 14 7
98 72 77 132 18 76 146
3 4 5
122 87 181 276 206
1 10 6
19 254 11 14 142 132
4 14 8
283 141 158 226 81 9 191 293
1 8 5
139 293 5 12 276
1 13 7
244 286 229 65 124 152 213
1 3 6
17 183 45 117 204 278
1 13 5
100 289 12 31 178
1 17 7
36 265 46 82 52 83 160
1 13 4
51 246 7 80
3 1 12
10 238 201 176 278 279 20 56 72 184 232 246
1 5 4
101 114 73 7
1 10 5
164 8 248 163 30
2 3 6
15 162 123 108 230 263
1 7 8
105 290 26 51 91 183 227 255
3 5 8
99 222 177 193 2 71 103 216
1 14 2
92 297
2 14 9
113 42 245 118 196 39 121 168 285
2 18 3
106 271 192
2 16 5
214 56 79 138 0
2 9 5
257 263 119 202 105
1 11 6
252 171 24 129 6 75
1 4 2
169 61
1 14 2
116 28
1 10 5
57 90 2 93 233
2 13 7
249 159 168 149 10 158 186
1 17 4
96 225 119 161
1 10 4
227 127 80 98
2 14 3
66 207 145
1 10 5
29 45 236 42 265
1 6 6
285 212 115 4 125 175
1 16 5
70 232 230 25 96
1 18 6
189 195 0 76 233 61
2 2 5
55 117 89 84 87
1 12 6
121 188 48 126 8 65
4 5 7
60 154 39 16 109 13 33
4 10 6
261 219 210 67 30 217
1 13 6
38 135 130 137 118 283
1 8 7
104 291 298 124 88 55 130
4 19 6
221 191 150 165 213 136
1 5 4
174 3 111 272
3 2 8
204 27 256 91 240 34 161 19
