500 83 775 33
35 25 27 36 13 19 25 31 39 15 29 39 12 12 12 33 19 23 15 19 36 29 18 32 28 34 40 33 34 38 19 29 28 38 12 25 17 14 15 13 13 34 40 33 23 21 27 28 31 37 29 26 27 18 27 16 33 26 13 36 18 22 36 14 20 15 19 38 23 32 19 25 16 38 20 20 19 38 16 24 25 18 23 29 32 24 26 26 36 16 27 33 24 24 15 26 37 36 22 26 30 16 27 15 23 22 17 34 11 18 24 13 11 11 31 40 35 36 33 25 15 39 22 30 11 11 11 27 31 40 28 32 21 40 28 24 12 33 26 16 18 31 32 11 19 37 38 18 12 33 18 26 11 38 29 30 18 19 15 23 38 11 40 30 30 14 21 39 38 37 25 13 11 39 18 33 15 38 32 38 23 35 35 39 19 37 32 18 26 11 31 12 18 39 25 23 27 17 27 22 36 15 33 38 14 18 13 34 11 38 18 25 20 21 19 13 35 11 12 32 32 26 13 11 33 17 25 25 22 20 17 17 24 16 20 38 34 27 35 14 16 20 38 34 20 32 15 22 33 30 21 12 11 29 14 37 13 16 25 12 32 39 30 31 16 35 14 16 20 22 30 18 13 30 29 16 30 29 35 34 19 34 29 22 26 15 28 20 17 22 18 34 26 30 32 16 18 40 14 25 25 17 17 40 30 21 31 26 22 22 28 16 39 11 11 34 18 33 36 38 12 11 37 37 18 32 39 29 16 15 26 39 15 24 27 12 15 26 31 16 24 32 12 32 12 18 34 18 26 24 26 19 23 30 27 18 38 12 15 33 30 21 23 35 34 14 26 35 28 15 18 17 35 16 28 12 22 36 11 32 31 24 17 11 33 16 13 38 31 13 18 27 39 36 17 31 16 12 30 28 33 22 12 24 29 23 16 18 33 37 14 39 39 25 15 33 17 32 18 18 14 14 35 22 12 33 19 23 25 40 26 12 37 12 17 21 37 28 25 29 31 25 13 23 39 36 33 17 21 13 37 35 33 18 18 31 26 23 23 25 39 22 14 34 11 12 37 21 14 35 26 33 27 15 13 24 16 12 17 33 17 36 21 32 35 25 32 38 36 13 17 17 30 17 38 21 29 20 18 15
25 15 17 26 3 9 15 21 29 5 19 29 2 2 2 23 9 13 5 9 26 19 8 22 18 24 30 23 24 28 9 19 18 28 2 15 7 4 5 3 3 24 30 23 13 11 17 18 21 27 19 16 17 8 17 6 23 16 3 26 8 12 26 4 10 5 9 28 13 22 9 15 6 28 10 10 9 28 6 14 15 8 13 19 22 14 16 16 26 6 17 23 14 14 5 16 27 26 12 16 20 6 17 5 13 12 7 24 1 8 14 3 1 1 21 30 25 26 23 15 5 29 12 20 1 1 1 17 21 30 18 22 11 30 18 14 2 23 16 6 8 21 22 1 9 27 28 8 2 23 8 16 1 28 19 20 8 9 5 13 28 1 30 20 20 4 11 29 28 27 15 3 1 29 8 23 5 28 22 28 13 25 25 29 9 27 22 8 16 1 21 2 8 29 15 13 17 7 17 12 26 5 23 28 4 8 3 24 1 28 8 15 10 11 9 3 25 1 2 22 22 16 3 1 23 7 15 15 12 10 7 7 14 6 10 28 24 17 25 4 6 10 28 24 10 22 5 12 23 20 11 2 1 19 4 27 3 6 15 2 22 29 20 21 6 25 4 6 10 12 20 8 3 20 19 6 20 19 25 24 9 24 19 12 16 5 18 10 7 12 8 24 16 20 22 6 8 30 4 15 15 7 7 30 20 11 21 16 12 12 18 6 29 1 1 24 8 23 26 28 2 1 27 27 8 22 29 19 6 5 16 29 5 14 17 2 5 16 21 6 14 22 2 22 2 8 24 8 16 14 16 9 13 20 17 8 28 2 5 23 20 11 13 25 24 4 16 25 18 5 8 7 25 6 18 2 12 26 1 22 21 14 7 1 23 6 3 28 21 3 8 17 29 26 7 21 6 2 20 18 23 12 2 14 19 13 6 8 23 27 4 29 29 15 5 23 7 22 8 8 4 4 25 12 2 23 9 13 15 30 16 2 27 2 7 11 27 18 15 19 21 15 3 13 29 26 23 7 11 3 27 25 23 8 8 21 16 13 13 15 29 12 4 24 1 2 27 11 4 25 16 23 17 5 3 14 6 2 7 23 7 26 11 22 25 15 22 28 26 3 7 7 20 7 28 11 19 10 8 5
3 2 8
247 115 132 35 395 244 24 481
3 8 7
46 326 219 253 7 140 185
2 5 8
299 154 164 110 186 190 318 380
1 16 4
329 457 399 484
4 10 9
311 378 93 472 303 409 349 358 438
2 16 6
100 404 230 155 252 499
3 9 7
471 268 363 412 152 57 451
4 3 9
232 319 334 71 239 153 126 223 160
1 18 11
428 187 95 119 452 461 276 449 86 99 390
1 14 8
379 12 278 23 41 130 209 216
4 17 10
304 462 54 321 28 343 497 216 87 138
1 9 2
17 272
3 3 9
160 309 228 296 361 163 415 443 488
1 2 9
182 342 446 107 402 423 27 122 156
2 10 15
372 439 360 13 491 366 397 15 215 157 26 50 113 252 464
4 9 13
176 246 405 347 485 82 451 210 298 65 281 417 491
1 11 4
291 144 127 133
2 18 12
173 188 263 387 433 94 106 134 219 351 455 495
1 20 7
297 314 407 89 221 269 485
3 19 7
318 99 78 224 73 81 391
1 8 2
40 436
2 14 8
337 242 131 374 105 403 200 24
2 3 9
480 214 168 111 388 460 240 153 265
5 8 13
327 225 408 269 323 418 147 191 90 96 0 120 238
2 6 13
53 166 103 499 137 8 398 463 453 60 63 250 465
2 16 11
313 420 392 277 222 68 48 147 273 375 385
4 19 12
69 450 209 484 331 159 26 353 124 483 277 356
5 20 11
317 30 365 492 4 190 301 249 197 300 155
2 17 8
142 201 114 45 48 239 290 475
2 10 7
20 262 401 172 341 112 493
1 10 6
45 271 222 287 312 364
1 18 5
135 184 362 49 379
6 8 11
189 411 156 280 358 83 57 72 128 36 198
2 3 12
136 482 29 330 344 195 324 356 82 201 262 433
3 13 6
162 308 148 34 333 169
1 13 12
108 440 194 370 357 494 134 431 315 256 195 230
3 15 7
170 66 352 116 489 487 492
4 11 7
129 220 193 106 400 84 391
2 10 6
335 424 282 187 256 365
2 20 9
302 11 469 145 113 316 435 102 406
2 19 5
92 281 393 54 246
2 14 9
10 112 465 320 59 151 56 135 449
3 3 8
383 211 52 186 243 192 175 343
1 6 3
448 32 333
5 9 10
58 289 196 371 421 63 419 16 165 180
2 17 6
121 89 70 470 51 381
6 16 9
79 237 199 345 488 76 139 422 368
4 14 9
381 442 150 80 476 413 65 3 163
2 16 8
498 437 14 18 475 438 169 29
3 18 7
286 203 376 122 212 174 496
1 5 10
88 270 258 427 208 75 47 284 304 476
2 11 9
380 426 367 369 251 55 77 162 355
2 20 11
183 490 3 416 226 279 455 18 146 202 285
3 13 10
310 306 180 85 290 396 87 145 370 470
4 14 13
241 292 283 260 248 19 257 146 217 232 408 414 459
1 15 10
275 21 175 140 328 67 38 6 454 244
2 10 7
456 97 307 36 161 177 425
3 5 8
478 430 447 266 233 42 227 53
3 4 14
236 207 37 31 467 12 19 86 93 104 234 288 308 441
1 13 7
39 340 10 37 81 199 336
3 9 12
130 158 273 364 434 61 133 250 325 198 70 473
2 15 7
394 149 264 390 123 22 128
1 9 5
487 332 64 139 460
1 3 5
117 25 385 474 11
2 2 10
205 432 346 389 62 101 479 287 255 435
2 3 5
202 47 285 74 210
2 6 12
355 44 429 23 322 141 473 267 92 143 419 427
1 9 12
185 293 486 444 167 417 464 91 109 284 151 225
3 14 6
254 0 294 245 206 468
1 8 7
312 339 91 150 228 263 328
1 1 11
295 41 441 477 50 377 2 4 16 166 469
1 11 5
171 373 21 141 212
6 17 15
410 125 179 265 384 468 204 43 351 95 118 303 341 394 405
2 18 12
493 178 348 336 27 33 288 98 74 305 176 360
3 2 7
104 354 481 382 221 61 338
3 3 6
120 274 118 459 229 474
1 15 2
443 359
1 14 5
458 350 2 129 295
1 11 10
375 143 1 235 495 15 102 347 402 454
1 20 5
445 213 46 105 181
1 15 11
466 261 110 9 259 64 234 75 183 218 387
3 19 10
496 255 386 218 5 217 338 231 174 264
3 3 6
181 349 414 238 51 421
