500 83 775 33
11 39 33 16 37 22 38 28 29 26 37 15 16 31 29 29 22 23 30 21 27 29 40 24 40 24 34 11 28 16 17 39 22 27 18 19 11 12 18 27 39 40 17 18 25 29 20 28 19 28 20 39 24 38 21 28 33 25 33 16 37 29 23 37 11 15 33 39 21 22 16 34 36 22 26 12 17 13 24 20 22 34 31 38 37 14 21 11 30 17 38 21 32 26 40 34 23 11 35 27 33 36 32 24 36 11 12 18 15 38 35 27 38 20 28 16 29 37 36 17 30 36 21 30 34 11 36 33 13 38 35 23 20 12 26 35 15 37 25 27 13 33 33 24 28 20 24 38 32 21 16 19 16 17 28 38 36 33 25 34 21 38 12 11 23 30 16 39 31 26 31 28 39 26 12 35 30 26 27 13 22 27 12 32 16 14 28 12 29 13 33 36 40 11 32 26 22 35 23 36 39 19 32 13 38 31 27 23 38 20 35 35 31 33 11 17 11 16 26 38 22 29 34 12 24 39 11 23 21 13 16 25 38 17 19 20 15 20 33 15 33 34 38 32 37 21 33 26 21 34 23 15 16 20 15 28 34 21 31 28 32 40 20 32 17 15 18 20 31 11 17 14 30 15 18 29 29 12 25 27 16 15 40 18 33 16 11 31 33 17 39 28 21 21 11 23 20 21 16 29 13 21 12 20 17 36 26 14 28 18 27 27 38 17 36 15 14 18 15 28 29 39 28 37 21 15 14 30 16 38 37 40 21 35 12 32 33 35 36 35 17 16 11 11 36 36 21 37 27 18 26 19 22 25 25 14 28 28 19 33 24 37 16 21 36 31 17 29 14 24 26 20 18 39 39 31 37 23 37 11 15 39 24 14 31 31 18 14 37 24 38 27 11 17 37 25 34 13 38 16 40 11 23 18 36 23 23 23 25 31 26 40 30 26 37 38 34 24 29 14 20 28 11 38 19 25 26 28 40 12 35 36 39 32 24 36 13 27 29 39 29 28 30 17 32 19 20 12 23 26 33 16 16 40 32 20 27 33 29 18 39 30 30 19 11 23 40 26 20 30 19 33 23 15 16 15 38 33 24 11 23 17 27 16 40 16 37 17 32 27 40 35 30 18 36 29 40 16 11 30
1 29 23 6 27 12 28 18 19 16 27 5 6 21 19 19 12 13 20 11 17 19 30 14 30 14 24 1 18 6 7 29 12 17 8 9 1 2 8 17 29 30 7 8 15 19 10 18 9 18 10 29 14 28 11 18 23 15 23 6 27 19 13 27 1 5 23 29 11 12 6 24 26 12 16 2 7 3 14 10 12 24 21 28 27 4 11 1 20 7 28 11 22 16 30 24 13 1 25 17 23 26 22 14 26 1 2 8 5 28 25 17 28 10 18 6 19 27 26 7 20 26 11 20 24 1 26 23 3 28 25 13 10 2 16 25 5 27 15 17 3 23 23 14 18 10 14 28 22 11 6 9 6 7 18 28 26 23 15 24 11 28 2 1 13 20 6 29 21 16 21 18 29 16 2 25 20 16 17 3 12 17 2 22 6 4 18 2 19 3 23 26 30 1 22 16 12 25 13 26 29 9 22 3 28 21 17 13 28 10 25 25 21 23 1 7 1 6 16 28 12 19 24 2 14 29 1 13 11 3 6 15 28 7 9 10 5 10 23 5 23 24 28 22 27 11 23 16 11 24 13 5 6 10 5 18 24 11 21 18 22 30 10 22 7 5 8 10 21 1 7 4 20 5 8 19 19 2 15 17 6 5 30 8 23 6 1 21 23 7 29 18 11 11 1 13 10 11 6 19 3 11 2 10 7 26 16 4 18 8 17 17 28 7 26 5 4 8 5 18 19 29 18 27 11 5 4 20 6 28 27 30 11 25 2 22 23 25 26 25 7 6 1 1 26 26 11 27 17 8 16 9 12 15 15 4 18 18 9 23 14 27 6 11 26 21 7 19 4 14 16 10 8 29 29 21 27 13 27 1 5 29 14 4 21 21 8 4 27 14 28 17 1 7 27 15 24 3 28 6 30 1 13 8 26 13 13 13 15 21 16 30 20 16 27 28 24 14 19 4 10 18 1 28 9 15 16 18 30 2 25 26 29 22 14 26 3 17 19 29 19 18 20 7 22 9 10 2 13 16 23 6 6 30 22 10 17 23 19 8 29 20 20 9 1 13 30 16 10 20 9 23 13 5 6 5 28 23 14 1 13 7 17 6 30 6 27 7 22 17 30 25 20 8 26 19 30 6 1 20
3 2 13
350 287 386 380 1 446 425 257 95 3 112 217 413
5 13 9
341 361 97 271 10 195 240 298 164
2 10 10
451 395 4 196 118 26 131 157 11 78
5 2 15
294 134 295 101 436 119 205 326 23 38 105 197 222 395 457
5 7 11
186 177 189 223 324 203 449 62 82 390 14
1 4 8
153 128 304 307 335 23 139 203
1 14 5
151 269 30 41 486
4 6 10
469 491 103 263 215 488 285 348 384 401
2 9 10
7 230 422 444 130 470 364 155 336 482
1 9 4
299 290 37 474
3 7 9
93 181 244 428 473 366 25 387 432
2 20 15
77 169 94 251 12 376 409 99 33 211 21 91 108 184 310
3 9 5
40 206 41 398 197
1 7 9
209 117 283 362 36 182 443 293 477
1 8 4
317 155 59 473
1 1 4
476 413 442 281
4 2 10
239 332 120 16 394 173 19 45 172 479
1 11 5
88 175 264 160 430
4 4 13
314 154 147 431 498 471 465 365 129 202 368 449 470
1 16 6
396 28 432 50 226 422
2 4 7
252 32 265 347 70 16 460
2 3 5
411 374 141 293 267
2 3 7
136 461 401 54 42 179 441
2 18 6
482 479 22 26 193 374
1 19 5
325 47 74 290 340
2 7 8
116 167 69 334 217 8 27 399
4 15 15
321 68 45 243 11 455 27 393 9 91 29 136 330 442 471
2 8 7
194 74 81 322 267 111 371
2 7 8
24 379 485 38 435 46 319 429
2 10 8
250 466 262 59 39 417 286 334
3 8 6
228 179 183 55 112 125
3 11 5
135 344 53 80 92
1 20 5
276 420 20 356 450
3 14 13
424 301 138 437 415 102 359 472 221 406 227 242 392
1 10 3
355 247 22
2 10 9
58 232 349 142 238 137 82 279 400
2 18 5
15 72 51 75 171
1 15 9
76 165 254 207 102 133 190 326 372
5 3 12
452 0 338 407 187 106 246 75 229 352 135 458
4 4 12
439 371 399 310 453 273 270 84 86 247 369 437
2 20 3
377 323 480
5 18 10
121 382 462 231 356 201 149 354 60 275
3 15 6
378 370 430 275 464 327
5 18 12
373 258 433 172 174 384 159 126 175 240 343 418
1 17 12
180 225 224 418 259 302 484 392 281 62 118 253
4 5 13
300 214 306 345 17 410 388 427 144 177 405 424 491
3 20 10
192 13 34 261 336 308 493 148 7 39
2 20 6
260 66 353 37 346 274
2 14 10
490 499 67 337 327 193 107 235 162 184
4 18 7
279 29 89 291 268 454 360
2 3 5
20 213 319 109 163
2 2 7
248 111 408 162 170 342 350
1 12 5
312 391 311 412 314
5 19 10
52 3 303 87 368 5 486 426 90 338
1 19 7
272 397 122 109 188 159 377
6 3 13
284 44 158 441 328 289 494 497 367 13 134 147 428
1 10 7
339 383 96 214 270 300 463
1 16 2
403 460
4 4 9
6 220 115 204 191 108 166 245 100
1 4 10
176 381 389 85 256 333 178 65 210 186
1 8 7
278 218 253 456 132 429 241
1 15 8
416 98 282 164 445 150 129 216
2 10 4
266 18 185 343
2 2 12
421 46 492 320 18 57 157 246 280 296 380 438
3 20 10
114 288 143 255 123 309 90 8 30 489
4 13 11
78 475 133 423 242 360 199 315 148 180 406
2 1 7
49 402 249 458 318 54 298
1 20 6
274 357 40 106 435 444
4 20 10
110 208 375 19 139 474 237 163 330 144
4 16 12
369 296 280 483 43 42 477 202 71 170 323 425
2 4 9
64 63 171 25 76 233 344 407 447
1 18 4
297 35 93 156
5 18 11
105 438 96 457 495 440 236 463 146 252 353
4 13 11
2 14 450 313 478 305 60 56 69 101 145
5 7 11
216 448 61 459 200 127 145 400 468 161 260
2 10 5
331 351 152 218 258
1 5 3
83 124 316
3 8 10
222 277 198 358 31 434 405 113 419 190
2 4 5
292 57 219 146 385
6 9 11
73 496 340 227 79 160 21 329 342 234 465
4 4 14
100 404 156 447 385 481 56 233 467 168 207 257 320 362
6 9 11
487 489 363 414 372 125 48 104 234 466 469
1 15 3
212 140 181
