500 83 775 33
21 33 24 30 13 23 36 20 19 24 35 30 12 11 40 23 40 29 18 24 16 13 32 11 24 39 31 13 22 39 16 11 22 24 15 26 16 26 18 34 14 27 36 35 29 38 38 15 33 19 29 20 19 29 30 13 19 34 20 23 29 33 36 16 24 23 34 12 39 40 38 31 39 11 13 29 38 20 15 39 18 30 28 33 29 25 12 27 22 28 29 11 15 13 38 33 34 33 34 29 12 25 29 31 34 24 28 12 15 27 18 22 22 29 29 16 26 25 26 18 37 35 38 25 23 26 36 22 27 35 15 24 16 34 17 12 20 24 24 14 32 30 39 12 15 13 13 34 28 13 20 24 13 35 26 38 26 32 36 28 33 39 34 15 17 30 24 14 39 36 30 28 27 29 22 36 13 17 24 38 16 19 36 38 40 27 35 28 27 34 14 22 27 26 32 21 28 39 19 32 19 33 15 30 37 30 36 30 34 29 30 33 29 11 17 15 31 39 30 31 14 38 15 36 20 14 25 19 37 31 18 38 37 11 26 32 33 29 38 22 11 18 11 23 26 35 15 21 11 19 22 39 35 18 25 12 25 14 22 14 11 39 18 20 16 15 13 36 15 34 26 27 21 24 20 25 22 36 25 19 20 29 37 38 36 40 37 11 17 25 40 32 36 37 24 20 38 38 21 20 39 24 21 19 31 21 18 35 23 29 25 12 37 37 16 19 23 23 39 38 36 19 30 28 32 14 13 37 28 35 20 20 21 14 15 24 36 33 25 32 28 22 28 31 20 34 34 31 40 24 25 27 38 35 19 21 24 16 25 15 31 29 15 38 30 26 36 20 27 36 22 19 18 36 13 15 23 22 28 29 38 40 33 15 17 31 40 36 26 13 34 33 36 17 29 37 16 35 32 35 32 20 15 22 14 11 12 33 24 14 36 38 26 11 18 39 23 31 19 39 25 32 24 12 30 28 35 12 27 39 33 27 14 34 28 16 20 24 38 11 28 27 39 32 24 39 20 21 33 34 32 11 21 40 34 24 16 29 26 25 34 22 27 14 36 34 11 21 36 25 40 17 12 23 35 38 34 28 34 25 13 18 40 12 35 38 24 19 40 36 13 23 16 37 36 40 19 18 31 14
11 23 14 20 3 13 26 10 9 14 25 20 2 1 30 13 30 19 8 14 6 3 22 1 14 29 21 3 12 29 6 1 12 14 5 16 6 16 8 24 4 17 26 25 19 28 28 5 23 9 19 10 9 19 20 3 9 24 10 13 19 23 26 6 14 13 24 2 29 30 28 21 29 1 3 19 28 10 5 29 8 20 18 23 19 15 2 17 12 18 19 1 5 3 28 23 24 23 24 19 2 15 19 21 24 14 18 2 5 17 8 12 12 19 19 6 16 15 16 8 27 25 28 15 13 16 26 12 17 25 5 14 6 24 7 2 10 14 14 4 22 20 29 2 5 3 3 24 18 3 10 14 3 25 16 28 16 22 26 18 23 29 24 5 7 20 14 4 29 26 20 18 17 19 12 26 3 7 14 28 6 9 26 28 30 17 25 18 17 24 4 12 17 16 22 11 18 29 9 22 9 23 5 20 27 20 26 20 24 19 20 23 19 1 7 5 21 29 20 21 4 28 5 26 10 4 15 9 27 21 8 28 27 1 16 22 23 19 28 12 1 8 1 13 16 25 5 11 1 9 12 29 25 8 15 2 15 4 12 4 1 29 8 10 6 5 3 26 5 24 16 17 11 14 10 15 12 26 15 9 10 19 27 28 26 30 27 1 7 15 30 22 26 27 14 10 28 28 11 10 29 14 11 9 21 11 8 25 13 19 15 2 27 27 6 9 13 13 29 28 26 9 20 18 22 4 3 27 18 25 10 10 11 4 5 14 26 23 15 22 18 12 18 21 10 24 24 21 30 14 15 17 28 25 9 11 14 6 15 5 21 19 5 28 20 16 26 10 17 26 12 9 8 26 3 5 13 12 18 19 28 30 23 5 7 21 30 26 16 3 24 23 26 7 19 27 6 25 22 25 22 10 5 12 4 1 2 23 14 4 26 28 16 1 8 29 13 21 9 29 15 22 14 2 20 18 25 2 17 29 23 17 4 24 18 6 10 14 28 1 18 17 29 22 14 29 10 11 23 24 22 1 11 30 24 14 6 19 16 15 24 12 17 4 26 24 1 11 26 15 30 7 2 13 25 28 24 18 24 15 3 8 30 2 25 28 14 9 30 26 3 13 6 27 26 30 9 8 21 4
2 2 7
202 23 358 329 31 289 420
1 2 7
254 183 305 102 60 461 483
5 19 12
420 418 323 473 328 325 223 431 281 407 288 409
1 14 8
186 174 18 378 75 179 226 345
2 12 5
399 243 386 186 438
2 2 4
224 55 348 425
2 9 6
490 194 266 493 160 442
4 7 6
310 401 320 27 347 387
1 5 5
3 496 37 376 458
2 12 10
295 309 165 159 244 355 199 152 299 323
3 4 11
246 317 116 148 344 14 483 452 273 259 331
2 20 10
170 79 129 255 304 58 409 104 366 487
4 18 12
43 70 400 74 9 277 235 11 106 144 297 436
3 8 11
37 156 289 216 67 249 134 79 225 286 445
2 16 8
449 396 105 39 66 206 267 459
1 1 10
349 115 197 267 475 294 330 354 384 402
1 3 7
381 286 236 140 115 137 353
5 20 15
311 109 49 271 57 181 83 293 14 215 300 304 391 440 468
1 12 8
360 299 375 365 135 485 495 498
2 12 6
343 342 482 144 68 108
2 19 10
433 435 173 406 392 410 357 498 22 293
1 14 10
61 87 459 214 104 62 171 80 253 325
3 9 6
460 160 182 6 314 439
1 18 5
356 180 488 44 411
4 4 8
178 442 404 258 434 417 69 373
2 3 13
65 426 146 219 128 47 318 298 148 254 311 324 482
4 18 10
239 284 193 382 205 75 276 5 173 416
1 12 7
451 8 208 413 19 111 285
3 8 10
15 486 191 497 479 135 390 63 389 430
1 4 6
470 495 302 397 133 486
2 17 12
491 446 84 7 89 352 12 336 213 169 309 441
2 14 14
121 221 439 220 225 405 143 424 21 94 83 90 146 335
2 11 13
388 461 201 206 31 96 362 54 230 237 316 364 398
4 10 12
99 287 481 25 290 354 272 0 164 471 96 255
3 4 6
149 90 41 332 97 313
2 10 7
436 268 346 279 367 72 317
1 20 4
101 172 428 125
2 11 5
130 92 245 178 359
6 1 12
36 153 185 256 241 32 154 313 285 114 327 369
3 18 9
107 467 265 123 1 414 168 187 475
1 2 5
361 40 159 245 413
4 11 10
203 432 26 484 95 450 176 457 36 218
2 20 8
440 443 384 377 60 494 64 412
2 2 13
372 240 275 260 137 17 270 393 338 179 13 103 320
1 1 4
445 126 198 4
1 9 6
73 448 164 213 321 341
1 9 6
103 2 112 478 242 275
1 14 8
297 88 168 351 321 145 437 126
1 17 5
456 316 337 370 414
1 11 3
251 162 209
3 10 8
133 301 166 250 333 315 207 363
5 11 11
184 86 326 359 345 150 93 142 454 188 365
2 13 7
204 296 371 395 312 247 352
2 5 11
429 379 209 232 350 327 422 30 215 138 443
6 15 12
322 19 380 113 264 54 71 188 455 339 465 492
2 15 5
308 119 438 462 53
3 5 9
210 353 167 4 132 269 45 141 271
1 10 9
300 416 106 161 196 226 84 234 460
2 17 8
477 228 335 252 25 134 266 456
2 18 8
138 42 453 303 136 118 411 156
2 7 7
499 82 412 398 38 35 87
1 16 8
403 480 218 68 220 291 410 476
5 10 13
472 238 391 217 366 131 368 369 341 53 113 165 447
6 15 13
370 340 85 189 337 110 50 464 476 71 251 357 374
3 4 12
28 29 408 402 363 374 34 212 385 117 340 488
3 18 13
211 98 489 195 111 192 485 280 33 40 78 121 308
1 17 3
415 81 70
2 14 8
383 463 147 233 177 238 278 431
2 12 7
108 141 51 263 13 109 290
5 11 10
59 234 447 319 20 230 91 139 261 419
1 18 12
52 175 274 294 430 46 257 77 441 20 95 490
1 16 6
69 56 67 74 93 315
4 15 11
11 187 339 127 474 421 222 42 172 302 454
5 18 11
200 364 22 444 253 158 282 331 424 450 493
1 15 9
458 423 324 427 177 63 258 360 396
4 7 13
227 242 24 248 487 16 468 307 469 78 85 191 232
1 12 8
163 80 278 246 303 348 371 463
3 10 11
492 389 124 76 288 247 157 394 306 8 276
4 12 11
466 117 283 190 229 465 425 39 124 158 478
1 2 6
100 10 334 326 405 449
2 7 8
5 122 120 207 237 155 376 91
4 7 6
48 373 262 231 259 151
2 19 5
292 291 330 257 455
