300 78 465 20
34 11 29 25 11 14 12 18 29 20 30 31 33 19 28 35 29 23 15 11 14 40 39 39 22 39 22 24 24 17 26 27 14 27 19 25 39 21 37 19 23 40 20 24 21 36 13 24 32 11 13 31 36 36 30 39 11 25 29 38 29 16 18 12 39 37 18 17 37 28 31 11 24 18 31 33 19 18 37 39 32 25 39 19 35 22 33 15 32 11 27 32 26 31 13 33 12 28 23 22 17 33 25 13 21 21 17 19 31 15 13 30 21 13 32 16 29 39 18 33 27 30 12 31 33 36 19 33 22 33 22 28 20 24 14 11 27 16 12 21 18 12 24 13 31 33 37 35 26 14 29 20 32 21 25 38 25 15 14 20 20 27 29 30 31 36 30 16 14 22 11 17 12 33 18 33 11 32 36 29 12 18 34 34 36 35 22 13 15 40 27 21 38 40 18 34 34 23 17 31 26 23 23 39 28 32 36 27 22 11 22 28 18 13 40 23 26 15 29 23 33 29 18 21 30 32 15 17 35 12 31 31 12 18 29 25 16 29 16 30 35 23 19 26 24 17 36 30 21 37 35 35 40 37 25 22 22 21 33 18 33 14 19 25 34 36 40 40 36 39 14 14 26 33 24 17 35 24 33 35 23 23 29 30 38 22 37 39 18 14 13 21 24 23 34 40 21 11 15 31
24 1 19 15 1 4 2 8 19 10 20 21 23 9 18 25 19 13 5 1 4 30 29 29 12 29 12 14 14 7 16 17 4 17 9 15 29 11 27 9 13 30 10 14 11 26 3 14 22 1 3 21 26 26 20 29 1 15 19 28 19 6 8 2 29 27 8 7 27 18 21 1 14 8 21 23 9 8 27 29 22 15 29 9 25 12 23 5 22 1 17 22 16 21 3 23 2 18 13 12 7 23 15 3 11 11 7 9 21 5 3 20 11 3 22 6 19 29 8 23 17 20 2 21 23 26 9 23 12 23 12 18 10 14 4 1 17 6 2 11 8 2 14 3 21 23 27 25 16 4 19 10 22 11 15 28 15 5 4 10 10 17 19 20 21 26 20 6 4 12 1 7 2 23 8 23 1 22 26 19 2 8 24 24 26 25 12 3 5 30 17 11 28 30 8 24 24 13 7 21 16 13 13 29 18 22 26 17 12 1 12 18 8 3 30 13 16 5 19 13 23 19 8 11 20 22 5 7 25 2 21 21 2 8 19 15 6 19 6 20 25 13 9 16 14 7 26 20 11 27 25 25 30 27 15 12 12 11 23 8 23 4 9 15 24 26 30 30 26 29 4 4 16 23 14 7 25 14 23 25 13 13 19 20 28 12 27 29 8 4 3 11 14 13 24 30 11 1 5 21
2 13 5
43 98 97 214 237
3 10 6
79 199 86 132 183 77
1 5 7
274 21 164 210 61 120 186
2 14 5
129 130 91 149 150
1 13 7
135 285 175 78 223 37 257
2 8 5
140 165 29 68 259
2 8 6
282 287 224 253 39 109
2 13 5
153 2 244 222 79
1 6 4
75 59 213 276
1 1 4
160 162 58 70
2 9 8
166 76 0 41 47 155 156 273
2 5 3
281 56 45
1 16 7
213 64 148 247 216 187 299
1 2 7
231 121 108 7 102 271 284
1 8 9
270 158 92 236 57 76 144 251 258
1 2 6
63 122 277 11 88 90
1 5 8
85 69 149 15 276 35 264 286
2 9 7
275 250 123 138 294 60 185
1 16 8
133 131 119 184 256 42 20 38
2 18 6
6 264 118 75 240 287
3 12 6
17 190 189 249 13 85
1 10 7
32 83 203 225 111 4 140
2 14 6
144 180 65 38 3 272
2 1 7
218 115 298 31 200 93 278
2 10 7
90 106 211 273 110 214 274
2 13 8
107 96 150 41 207 52 113 172
1 19 3
209 240 72
1 7 4
147 279 62 211
1 14 5
237 255 25 155 258
1 10 5
88 10 280 101 262
1 17 3
99 182 179
1 17 8
174 27 215 170 11 124 202 236
1 4 3
245 293 241
1 4 2
36 201
1 1 3
243 254 1
1 8 4
46 217 286 197
2 5 6
44 295 299 94 235 171
1 5 6
82 73 51 219 289 269
2 1 8
229 54 126 142 134 122 227 256
2 5 7
192 137 72 186 128 153 212
1 14 4
23 139 77 91
1 3 8
291 292 204 297 226 110 102 160
1 18 4
68 117 133 177
2 3 8
105 173 195 146 17 44 178 267
2 13 8
141 104 196 81 162 208 231 277
2 18 5
238 169 20 114 100
1 4 2
127 113
2 3 5
239 33 145 168 7
1 9 8
205 14 136 45 71 78 173 181
1 5 2
188 28
2 8 3
143 290 55
3 19 5
193 103 260 12 185
2 15 3
220 177 251
2 16 5
50 47 89 181 247
1 17 4
24 4 112 188
3 16 5
221 154 208 263 40
1 14 7
167 197 74 1 62 12 121
1 4 6
296 212 125 261 272 297
2 16 5
156 30 161 50 164
3 11 7
84 259 176 288 278 269 80
1 6 6
5 48 16 100 124 57
1 6 6
202 26 95 284 5 165
2 16 4
151 266 58 55
2 17 9
246 66 171 22 198 228 119 125 194
1 10 4
71 163 179 224
1 7 3
8 81 23
1 11 9
230 262 232 252 14 18 32 183 296
1 13 5
157 60 241 87 16
1 2 5
112 93 18 9 267
2 20 7
116 248 233 206 49 154 281
2 4 5
172 159 187 70 26
1 11 6
34 152 191 98 209 260
1 16 5
120 283 61 39 132
1 4 3
194 67 204
1 17 5
242 80 37 3 158
2 1 4
268 178 53 182
2 10 6
52 227 19 234 84 295
1 6 5
265 257 34 229 230
