800 92 1240 53
15 35 38 23 15 30 12 14 24 33 28 15 18 18 28 16 25 27 16 14 26 24 34 18 28 16 14 34 21 24 23 20 27 31 13 29 31 22 25 37 37 14 20 36 20 11 37 34 36 38 28 17 12 13 36 34 14 28 30 20 20 40 35 15 35 17 11 20 17 40 33 27 39 40 22 31 37 20 29 37 14 38 21 33 30 40 14 15 16 39 23 22 27 40 18 19 14 36 22 31 39 28 20 40 29 34 24 36 27 16 22 15 32 11 34 18 23 38 27 19 17 25 33 30 27 19 21 31 25 28 18 13 30 22 24 40 16 38 37 31 35 16 37 22 32 12 27 32 14 25 33 13 20 38 23 36 39 27 40 32 13 24 23 22 21 29 14 37 33 19 22 32 25 17 28 39 11 27 11 39 31 22 25 26 34 33 13 32 39 27 33 39 35 18 13 19 16 27 36 31 35 13 30 28 26 26 26 29 11 16 40 24 36 25 38 15 25 31 19 23 29 38 16 31 18 16 13 20 13 40 32 28 21 27 28 19 30 20 28 13 27 16 21 11 40 30 16 34 20 14 26 19 14 20 38 17 40 40 31 40 18 16 14 34 12 17 34 23 15 17 22 34 34 26 12 33 36 39 39 24 15 30 13 25 32 38 11 40 28 37 18 19 32 19 25 22 23 18 17 36 34 35 14 11 23 40 33 26 37 22 16 15 13 25 36 26 32 37 27 30 37 17 20 34 15 38 33 36 33 19 28 24 18 23 31 15 29 28 31 18 20 33 40 35 32 19 30 31 36 33 37 13 21 32 12 15 12 14 37 29 23 38 18 25 27 30 16 23 26 16 15 23 34 19 40 31 23 19 16 11 37 19 17 18 34 23 27 37 34 15 27 11 12 31 13 32 21 33 26 13 27 33 38 18 38 13 14 21 12 17 35 14 15 12 19 22 26 34 16 31 31 11 37 40 39 24 26 29 25 22 11 22 26 13 26 24 34 30 31 15 15 36 36 29 21 33 28 39 23 17 17 37 39 22 29 12 28 32 22 33 33 38 35 26 30 13 16 24 29 15 21 32 28 34 13 22 34 11 27 30 38 13 22 20 34 17 30 38 34 22 35 34 38 38 27 27 19 36 40 39 38 35 33 18 32 36 31 36 29 23 36 18 28 38 12 40 38 19 21 13 13 37 12 20 11 24 37 22 26 34 15 36 13 11 35 26 33 15 14 14 15 25 24 26 24 39 27 25 32 25 25 13 39 27 15 26 36 33 25 20 19 22 30 25 35 11 35 29 19 28 20 21 29 38 24 30 28 14 20 11 14 37 39 19 14 16 40 31 27 39 28 14 40 29 35 28 27 31 14 23 31 35 33 28 38 13 36 36 33 20 37 19 29 36 12 11 28 14 30 24 34 20 14 12 36 29 35 13 36 11 30 14 25 12 27 28 25 26 39 17 24 17 33 28 21 37 13 36 13 28 36 35 27 27 35 36 18 26 11 26 28 16 38 35 11 18 11 37 29 38 12 23 24 39 14 15 11 28 38 40 32 24 16 14 34 33 23 39 36 35 40 11 15 13 28 31 14 39 26 20 13 31 23 25 17 31 28 35 11 13 25 32 27 27 24 18 30 30 16 13 13 39 32 37 24 38 15 14 32 27 39 32 35 32 32 18 22 25 12 27 27 19 19 15 26 31 17 22 34 20 18 32 26 33 20 17 14 13 38 35 19 22 37 36 22 20 36 26 40 35 26 12 35 19 35 34 11 36 27 19 20 33 35 32 33 25 35 27 32 14 33 40 30 39 28 36 11 19 29 38
5 25 28 13 5 20 2 4 14 23 18 5 8 8 18 6 15 17 6 4 16 14 24 8 18 6 4 24 11 14 13 10 17 21 3 19 21 12 15 27 27 4 10 26 10 1 27 24 26 28 18 7 2 3 26 24 4 18 20 10 10 30 25 5 25 7 1 10 7 30 23 17 29 30 12 21 27 10 19 27 4 28 11 23 20 30 4 5 6 29 13 12 17 30 8 9 4 26 12 21 29 18 10 30 19 24 14 26 17 6 12 5 22 1 24 8 13 28 17 9 7 15 23 20 17 9 11 21 15 18 8 3 20 12 14 30 6 28 27 21 25 6 27 12 22 2 17 22 4 15 23 3 10 28 13 26 29 17 30 22 3 14 13 12 11 19 4 27 23 9 12 22 15 7 18 29 1 17 1 29 21 12 15 16 24 23 3 22 29 17 23 29 25 8 3 9 6 17 26 21 25 3 20 18 16 16 16 19 1 6 30 14 26 15 28 5 15 21 9 13 19 28 6 21 8 6 3 10 3 30 22 18 11 17 18 9 20 10 18 3 17 6 11 1 30 20 6 24 10 4 16 9 4 10 28 7 30 30 21 30 8 6 4 24 2 7 24 13 5 7 12 24 24 16 2 23 26 29 29 14 5 20 3 15 22 28 1 30 18 27 8 9 22 9 15 12 13 8 7 26 24 25 4 1 13 30 23 16 27 12 6 5 3 15 26 16 22 27 17 20 27 7 10 24 5 28 23 26 23 9 18 14 8 13 21 5 19 18 21 8 10 23 30 25 22 9 20 21 26 23 27 3 11 22 2 5 2 4 27 19 13 28 8 15 17 20 6 13 16 6 5 13 24 9 30 21 13 9 6 1 27 9 7 8 24 13 17 27 24 5 17 1 2 21 3 22 11 23 16 3 17 23 28 8 28 3 4 11 2 7 25 4 5 2 9 12 16 24 6 21 21 1 27 30 29 14 16 19 15 12 1 12 16 3 16 14 24 20 21 5 5 26 26 19 11 23 18 29 13 7 7 27 29 12 19 2 18 22 12 23 23 28 25 16 20 3 6 14 19 5 11 22 18 24 3 12 24 1 17 20 28 3 12 10 24 7 20 28 24 12 25 24 28 28 17 17 9 26 30 29 28 25 23 8 22 26 21 26 19 13 26 8 18 28 2 30 28 9 11 3 3 27 2 10 1 14 27 12 16 24 5 26 3 1 25 16 23 5 4 4 5 15 14 16 14 29 17 15 22 15 15 3 29 17 5 16 26 23 15 10 9 12 20 15 25 1 25 19 9 18 10 11 19 28 14 20 18 4 10 1 4 27 29 9 4 6 30 21 17 29 18 4 30 19 25 18 17 21 4 13 21 25 23 18 28 3 26 26 23 10 27 9 19 26 2 1 18 4 20 14 24 10 4 2 26 19 25 3 26 1 20 4 15 2 17 18 15 16 29 7 14 7 23 18 11 27 3 26 3 18 26 25 17 17 25 26 8 16 1 16 18 6 28 25 1 8 1 27 19 28 2 13 14 29 4 5 1 18 28 30 22 14 6 4 24 23 13 29 26 25 30 1 5 3 18 21 4 29 16 10 3 21 13 15 7 21 18 25 1 3 15 22 17 17 14 8 20 20 6 3 3 29 22 27 14 28 5 4 22 17 29 22 25 22 22 8 12 15 2 17 17 9 9 5 16 21 7 12 24 10 8 22 16 23 10 7 4 3 28 25 9 12 27 26 12 10 26 16 30 25 16 2 25 9 25 24 1 26 17 9 10 23 25 22 23 15 25 17 22 4 23 30 20 29 18 26 1 9 19 28
5 11 10
347 393 503 189 783 663 470 44 327 115
3 16 9
355 711 329 387 276 406 440 232 109
1 5 4
330 211 476 105
5 5 9
91 653 348 97 607 203 129 170 790
8 8 19
756 273 600 10 706 368 144 551 542 361 262 612 339 31 750 224 283 770 788
6 10 18
224 698 471 526 161 287 451 610 8 685 48 33 725 623 381 78 347 404
7 5 16
244 636 324 218 378 398 603 578 693 241 353 498 19 99 427 441
1 18 9
547 6 116 555 203 234 602 607 748
2 16 5
463 181 415 307 719
5 10 15
322 520 715 121 268 742 430 488 107 627 412 92 511 354 473
5 15 18
138 461 624 127 334 472 110 221 288 785 42 739 332 533 126 423 452 618
2 15 11
297 592 658 345 108 311 214 462 794 286 47
2 7 3
263 652 128
3 5 12
602 323 223 732 257 416 754 342 331 398 659 692
4 19 19
96 304 87 494 535 20 309 123 77 63 183 50 113 422 790 43 382 670 743
4 5 9
609 597 195 507 465 707 163 420 679
1 10 3
433 53 598
3 12 12
613 775 481 485 620 213 64 218 278 299 557 749
4 12 13
282 290 540 577 630 274 712 714 619 438 83 284 572
2 14 6
359 362 752 681 171 383
4 15 15
789 777 434 270 392 621 705 69 125 131 135 333 469 706 708
8 15 20
611 614 491 79 235 546 447 563 303 477 561 275 734 475 798 659 153 510 605 777
2 19 8
391 500 397 651 32 462 469 682
1 11 12
414 746 518 598 571 89 314 142 223 585 592 604
1 18 17
157 247 370 318 149 780 744 185 654 106 120 162 216 357 379 509 700
1 4 16
296 25 225 158 642 163 510 384 650 522 541 735 187 129 146 707
1 8 8
524 573 260 66 394 576 662 663
5 6 15
179 486 669 166 737 517 13 449 254 456 237 749 333 649 665
1 16 11
679 71 75 590 205 137 102 257 262 327 432
2 10 11
182 661 527 180 490 718 509 499 647 186 35
2 15 7
184 747 425 766 631 583 644
4 10 10
17 133 34 59 388 40 235 336 686 753
2 17 7
684 164 736 352 528 568 599
4 9 18
169 432 220 396 559 301 188 514 589 628 683 513 70 148 96 147 411 740
1 15 7
716 326 639 61 345 384 671
1 19 10
134 730 233 236 357 100 207 487 543 709
5 13 10
648 410 84 176 101 655 534 437 538 651
2 14 18
637 493 328 409 413 665 239 466 22 448 575 285 799 256 738 383 407 714
4 9 11
625 375 604 634 246 419 420 182 293 395 456
7 10 12
671 264 261 531 24 668 765 660 265 72 724 677
6 14 14
153 360 516 37 109 227 252 666 713 695 688 557 460 741
5 10 15
162 675 356 404 459 423 729 467 552 36 128 393 527 548 739
2 17 15
680 175 402 142 363 690 616 340 757 165 720 106 400 454 542
4 6 9
566 593 530 23 300 506 771 101 698
1 13 3
439 568 160
5 3 11
581 80 93 209 483 255 240 201 130 704 641
3 18 7
29 528 229 45 249 71 541
6 4 15
543 272 743 478 505 717 140 210 208 473 338 567 640 655 725
3 8 8
721 28 147 120 532 308 160 551
1 12 5
146 231 380 289 466
5 5 15
394 726 554 633 191 55 763 584 638 417 26 217 250 326 713
2 1 6
797 442 293 574 238 433
5 14 12
167 217 280 390 143 700 222 677 206 243 504 638
3 17 21
156 779 145 548 43 11 687 482 745 667 755 497 60 492 479 646 220 413 490 631 680
3 14 11
367 178 0 365 196 632 567 691 676 484 431
2 18 9
103 539 529 553 427 452 39 443 702
1 10 8
115 4 708 91 132 623 666 720
1 17 15
16 190 772 95 544 673 54 454 320 74 196 229 642 693 759
9 13 20
112 787 741 27 199 364 788 122 76 5 722 38 464 443 728 45 249 482 595 752
1 15 11
758 786 302 8 125 143 166 190 421 429 747
1 1 15
118 49 174 354 537 760 523 86 731 656 42 93 117 205 716
1 3 6
319 608 588 438 544 697
1 17 8
792 351 773 37 72 298 313 715
1 11 8
313 154 515 682 278 502 570 653
1 10 13
248 132 770 376 512 703 294 140 472 500 529 622 656
6 3 18
310 374 643 618 405 284 678 269 727 341 781 401 219 81 740 30 319 419
4 11 12
259 664 2 649 317 702 325 640 233 267 322 635
2 15 22
426 560 41 98 57 245 767 719 460 586 61 52 431 46 47 15 88 396 647 673 695 792
1 12 5
796 536 0 422 480
3 16 18
377 266 366 591 644 207 66 15 458 549 192 1 379 62 380 674 772 795
6 19 14
762 670 371 435 580 696 88 504 14 791 699 90 317 325
2 2 19
606 424 352 312 645 299 124 764 793 457 525 343 455 193 337 232 294 386 414
7 18 18
445 710 686 564 344 389 9 291 349 545 622 181 189 273 306 340 547 591
3 1 16
250 3 587 251 358 521 372 94 538 230 17 252 277 436 442 718
1 9 9
373 21 594 508 4 364 434 619 703
8 15 18
601 444 672 305 82 335 480 382 428 694 18 579 599 782 242 104 390 760
4 18 17
298 689 51 400 150 569 550 111 267 487 58 85 769 565 446 28 78
2 5 9
453 105 151 733 5 310 464 590 727
3 2 9
253 281 386 436 243 723 279 194 565
3 13 19
369 784 295 83 30 155 501 662 228 277 407 411 271 468 778 134 175 339 415
3 8 7
626 204 395 674 234 65 22
3 4 11
306 615 556 206 177 697 173 768 159 540 756
2 14 10
585 346 617 292 136 68 495 258 402 798
6 9 18
421 759 496 307 215 226 197 172 635 32 283 316 202 582 168 403 35 459
1 8 16
595 315 7 321 385 39 450 441 429 774 605 519 211 222 467 573
4 18 12
198 350 776 119 408 657 117 399 489 121 138 499
2 15 7
701 56 753 141 210 511 684
3 14 11
216 212 761 795 114 123 506 562 596 668 735
4 5 10
576 336 596 67 26 331 74 478 559 721
1 3 7
102 139 314 468 475 581 763
4 15 15
572 12 748 558 751 152 194 418 629 474 176 191 373 463 652
3 9 8
692 200 73 562 709 246 308 794
