1000 96 1550 67
31 26 30 34 30 39 22 31 34 38 40 23 26 29 32 23 27 34 21 39 32 30 28 29 26 27 35 34 29 29 29 28 30 25 20 14 23 39 31 30 28 16 28 16 26 23 26 17 22 32 36 29 12 28 31 25 34 16 23 21 34 20 13 24 12 21 33 17 32 33 16 37 38 15 18 27 40 35 30 18 12 31 36 38 40 26 25 40 36 15 22 35 13 19 24 38 18 37 29 30 34 18 24 14 15 21 36 39 40 11 37 18 15 36 34 40 11 14 30 33 37 33 21 23 22 22 26 21 26 31 36 36 40 35 19 19 31 40 12 37 27 22 27 16 16 16 36 24 18 35 27 25 40 13 36 28 15 12 22 28 29 22 28 22 14 13 34 32 17 23 36 17 16 27 23 29 34 16 38 22 30 35 29 25 25 29 37 27 22 31 17 26 37 16 12 19 29 26 34 11 21 33 29 30 36 26 20 37 17 20 39 31 18 30 39 20 33 34 28 23 38 32 16 12 27 12 28 18 30 25 32 27 40 38 29 25 31 21 19 22 30 32 11 27 34 16 16 40 22 19 18 31 35 13 34 37 36 28 31 33 26 32 15 36 23 12 33 19 20 32 27 29 17 15 18 15 32 20 37 36 20 27 39 22 31 27 19 25 13 19 27 32 36 30 26 13 30 34 18 14 13 33 33 35 23 15 19 38 30 35 15 20 32 15 16 25 22 38 23 24 33 26 34 23 24 28 30 21 35 14 34 31 28 23 26 23 32 21 35 12 22 39 25 36 11 14 26 16 15 30 26 16 24 17 25 28 20 28 19 14 34 21 23 18 20 25 13 28 19 20 32 18 24 27 35 33 27 26 20 23 13 27 17 31 12 23 16 21 17 22 26 27 22 37 30 18 30 40 14 31 14 13 34 39 34 12 26 37 38 36 16 13 31 21 19 35 37 20 30 34 19 37 16 16 40 18 17 39 24 31 31 21 35 38 34 22 17 14 12 26 14 23 32 28 14 33 13 16 16 34 11 23 33 16 24 37 30 40 16 38 15 26 19 22 16 38 34 31 36 25 25 17 39 40 19 34 19 39 14 33 23 32 12 13 23 15 29 23 28 27 32 19 33 39 34 25 30 26 38 19 35 29 16 34 13 27 25 23 37 12 38 39 39 26 21 28 19 33 33 20 19 23 30 34 21 26 21 21 39 39 17 18 21 40 32 12 35 22 17 12 28 19 28 32 24 40 24 21 15 40 13 36 33 26 29 26 22 19 16 31 13 20 17 14 31 25 23 25 16 29 26 26 12 25 19 24 20 16 14 34 23 13 32 18 35 37 18 20 12 34 23 37 24 23 34 20 24 14 38 13 37 12 21 28 39 11 12 12 26 40 29 30 32 38 24 28 14 11 16 32 37 24 18 25 39 13 15 23 15 40 26 37 34 30 25 27 39 26 19 11 23 25 22 18 25 40 14 27 19 26 40 11 14 20 19 23 34 22 28 21 21 24 21 22 36 13 23 37 39 34 22 25 24 22 12 30 15 26 24 13 30 27 26 32 18 30 24 21 33 15 30 12 15 30 16 30 38 30 25 33 31 38 15 39 14 14 30 34 38 12 15 20 18 16 31 17 19 25 30 33 13 11 11 19 11 29 15 14 27 21 19 25 13 13 24 35 20 33 29 22 25 30 19 35 12 32 27 30 19 32 33 26 11 27 23 27 27 37 21 20 14 21 26 20 18 19 20 11 18 22 38 28 25 20 37 24 39 19 37 12 25 35 39 26 38 17 24 12 18 35 27 25 15 32 22 12 15 26 17 32 30 35 11 11 31 14 27 32 28 29 20 29 14 28 39 35 24 23 28 24 39 23 23 40 20 15 19 18 34 17 26 14 22 34 15 35 15 19 27 18 34 14 15 32 35 34 18 40 14 32 23 37 19 35 40 26 16 16 37 12 30 21 21 29 34 32 17 40 39 33 29 26 12 39 14 30 22 12 15 39 35 39 15 40 39 36 18 32 12 20 33 27 31 32 14 17 39 36 36 27 30 30 38 26 19 25 17 30 39 21 37 18 14 36 28 20 27 24 16 31 27 38 38 18 39 34 21 29 21 40 18 39 39 24 20 28 33 28 33 20 13 25 24 29 19 11 22 36 37 13 12 24 20 20 31 20 32 26 22 12 14 17 23 11 27 18 21 17 20 22 24 19 27 35 31 19 21 37 23 11 36 19 19 16 37 13 36 18 25 28 31 17 23 13 28 36 22 25 38 14
21 16 20 24 20 29 12 21 24 28 30 13 16 19 22 13 17 24 11 29 22 20 18 19 16 17 25 24 19 19 19 18 20 15 10 4 13 29 21 20 18 6 18 6 16 13 16 7 12 22 26 19 2 18 21 15 24 6 13 11 24 10 3 14 2 11 23 7 22 23 6 27 28 5 8 17 30 25 20 8 2 21 26 28 30 16 15 30 26 5 12 25 3 9 14 28 8 27 19 20 24 8 14 4 5 11 26 29 30 1 27 8 5 26 24 30 1 4 20 23 27 23 11 13 12 12 16 11 16 21 26 26 30 25 9 9 21 30 2 27 17 12 17 6 6 6 26 14 8 25 17 15 30 3 26 18 5 2 12 18 19 12 18 12 4 3 24 22 7 13 26 7 6 17 13 19 24 6 28 12 20 25 19 15 15 19 27 17 12 21 7 16 27 6 2 9 19 16 24 1 11 23 19 20 26 16 10 27 7 10 29 21 8 20 29 10 23 24 18 13 28 22 6 2 17 2 18 8 20 15 22 17 30 28 19 15 21 11 9 12 20 22 1 17 24 6 6 30 12 9 8 21 25 3 24 27 26 18 21 23 16 22 5 26 13 2 23 9 10 22 17 19 7 5 8 5 22 10 27 26 10 17 29 12 21 17 9 15 3 9 17 22 26 20 16 3 20 24 8 4 3 23 23 25 13 5 9 28 20 25 5 10 22 5 6 15 12 28 13 14 23 16 24 13 14 18 20 11 25 4 24 21 18 13 16 13 22 11 25 2 12 29 15 26 1 4 16 6 5 20 16 6 14 7 15 18 10 18 9 4 24 11 13 8 10 15 3 18 9 10 22 8 14 17 25 23 17 16 10 13 3 17 7 21 2 13 6 11 7 12 16 17 12 27 20 8 20 30 4 21 4 3 24 29 24 2 16 27 28 26 6 3 21 11 9 25 27 10 20 24 9 27 6 6 30 8 7 29 14 21 21 11 25 28 24 12 7 4 2 16 4 13 22 18 4 23 3 6 6 24 1 13 23 6 14 27 20 30 6 28 5 16 9 12 6 28 24 21 26 15 15 7 29 30 9 24 9 29 4 23 13 22 2 3 13 5 19 13 18 17 22 9 23 29 24 15 20 16 28 9 25 19 6 24 3 17 15 13 27 2 28 29 29 16 11 18 9 23 23 10 9 13 20 24 11 16 11 11 29 29 7 8 11 30 22 2 25 12 7 2 18 9 18 22 14 30 14 11 5 30 3 26 23 16 19 16 12 9 6 21 3 10 7 4 21 15 13 15 6 19 16 16 2 15 9 14 10 6 4 24 13 3 22 8 25 27 8 10 2 24 13 27 14 13 24 10 14 4 28 3 27 2 11 18 29 1 2 2 16 30 19 20 22 28 14 18 4 1 6 22 27 14 8 15 29 3 5 13 5 30 16 27 24 20 15 17 29 16 9 1 13 15 12 8 15 30 4 17 9 16 30 1 4 10 9 13 24 12 18 11 11 14 11 12 26 3 13 27 29 24 12 15 14 12 2 20 5 16 14 3 20 17 16 22 8 20 14 11 23 5 20 2 5 20 6 20 28 20 15 23 21 28 5 29 4 4 20 24 28 2 5 10 8 6 21 7 9 15 20 23 3 1 1 9 1 19 5 4 17 11 9 15 3 3 14 25 10 23 19 12 15 20 9 25 2 22 17 20 9 22 23 16 1 17 13 17 17 27 11 10 4 11 16 10 8 9 10 1 8 12 28 18 15 10 27 14 29 9 27 2 15 25 29 16 28 7 14 2 8 25 17 15 5 22 12 2 5 16 7 22 20 25 1 1 21 4 17 22 18 19 10 19 4 18 29 25 14 13 18 14 29 13 13 30 10 5 9 8 24 7 16 4 12 24 5 25 5 9 17 8 24 4 5 22 25 24 8 30 4 22 13 27 9 25 30 16 6 6 27 2 20 11 11 19 24 22 7 30 29 23 19 16 2 29 4 20 12 2 5 29 25 29 5 30 29 26 8 22 2 10 23 17 21 22 4 7 29 26 26 17 20 20 28 16 9 15 7 20 29 11 27 8 4 26 18 10 17 14 6 21 17 28 28 8 29 24 11 19 11 30 8 29 29 14 10 18 23 18 23 10 3 15 14 19 9 1 12 26 27 3 2 14 10 10 21 10 22 16 12 2 4 7 13 1 17 8 11 7 10 12 14 9 17 25 21 9 11 27 13 1 26 9 9 6 27 3 26 8 15 18 21 7 13 3 18 26 12 15 28 4
9 2 22
816 206 272 185 178 507 453 826 635 253 480 911 591 667 103 819 32 65 182 216 757 866
1 17 10
182 425 59 254 666 405 25 321 557 761
8 2 26
503 839 549 515 414 485 114 361 50 763 811 127 973 84 787 327 138 765 975 601 21 330 567 586 625 993
2 14 12
124 27 654 935 30 529 406 708 802 854 123 954
5 13 17
412 598 342 243 691 657 23 493 63 199 817 118 334 147 963 148 824
1 20 7
851 382 42 127 310 535 906
4 8 15
618 75 384 741 528 181 497 340 943 140 835 109 57 876 989
2 19 16
673 1 504 849 437 525 192 259 3 37 58 68 387 401 488 947
5 11 14
76 912 672 547 722 55 93 372 569 293 482 196 887 970
2 4 12
285 300 653 818 994 100 71 623 151 246 275 923
1 10 6
212 34 117 462 550 739
10 20 21
934 179 379 263 413 374 593 597 106 857 16 951 216 174 821 538 868 840 223 384 385
5 4 13
677 221 823 875 364 198 430 502 131 202 233 376 724
10 1 25
961 903 101 804 78 47 776 980 369 241 745 358 727 353 527 784 490 633 96 226 268 294 528 702 870
3 18 10
439 164 999 48 810 609 40 235 545 914
6 9 16
316 107 649 235 546 919 201 167 205 472 311 4 126 212 357 399
1 2 5
831 237 50 134 504
9 12 22
420 44 564 981 565 662 73 796 575 989 189 954 619 853 162 554 702 126 427 605 690 698
10 4 25
750 281 403 434 541 977 748 615 778 443 388 186 896 447 689 35 828 733 531 97 381 607 716 840 960
3 3 12
699 588 510 930 166 133 557 535 775 104 207 909
1 19 12
519 116 301 82 33 692 687 298 521 559 614 674
2 6 6
913 123 885 706 425 573
9 15 22
266 621 456 74 337 139 142 680 684 860 676 725 246 130 573 110 39 201 269 587 629 673
5 9 18
671 95 276 476 343 416 940 67 218 927 786 274 841 350 312 331 774 899
2 14 9
129 651 833 326 177 344 363 723 938
1 15 4
585 890 386 743
4 5 18
660 442 298 4 445 545 15 830 520 400 111 411 788 856 168 711 70 34
1 11 8
761 909 110 140 468 546 581 904
1 3 8
570 513 53 631 333 303 195 373
5 19 22
54 163 891 642 383 697 102 883 37 336 308 486 902 380 381 22 230 347 362 617 677 701
2 10 11
427 247 373 705 262 337 471 474 699 825 848
6 16 23
718 905 200 825 132 836 544 809 173 407 158 128 11 533 278 863 997 207 7 322 547 784 968
1 19 4
749 542 630 878
7 3 18
744 924 260 92 605 791 77 156 410 283 984 556 454 915 36 220 411 501
2 15 15
864 762 122 22 286 798 865 65 800 498 284 434 519 826 946
1 13 19
143 356 893 49 459 46 582 134 972 592 578 481 770 136 735 767 171 754 984
6 4 12
756 724 290 847 746 870 269 530 125 228 409 579
1 8 15
368 929 771 834 81 991 0 785 559 827 366 458 371 231 452
2 4 10
552 614 291 522 594 41 69 532 560 763
2 12 11
617 656 3 709 30 43 145 239 499 537 769
8 4 18
644 233 496 747 402 121 869 794 916 995 590 150 16 166 413 749 839 967
5 8 17
712 846 79 580 874 719 145 230 499 487 793 501 779 222 450 491 505
2 4 18
273 815 69 478 419 536 949 154 707 275 948 431 475 138 367 562 682 688
2 3 9
859 850 759 895 27 309 661 836 898
4 17 23
471 359 736 769 645 213 349 417 953 508 108 157 202 589 441 567 90 107 339 554 704 857 859
2 5 21
814 43 768 257 955 574 461 967 120 548 897 280 983 581 20 801 187 494 32 77 972
8 4 16
720 426 539 606 713 845 360 966 655 214 659 610 24 98 843 865
2 6 11
882 917 723 873 440 189 282 342 490 635 924
4 10 13
844 339 627 960 861 880 467 622 958 806 115 300 919
5 10 11
641 294 959 310 620 636 982 848 565 589 827
2 6 18
265 932 217 543 625 587 782 495 797 194 813 60 113 463 432 260 369 795
2 1 13
436 643 261 104 10 457 970 987 183 403 660 851 927
1 2 17
990 561 251 335 397 950 141 304 415 526 586 115 62 161 314 184 286
1 5 10
376 40 807 284 238 647 599 276 283 622
1 20 12
220 377 751 624 637 19 229 481 631 662 752 943
6 14 21
484 729 921 511 952 675 879 822 611 777 355 877 149 664 986 685 249 862 886 354 916
5 12 21
317 753 177 603 348 688 319 262 14 330 638 299 979 755 6 175 470 154 219 514 822
3 11 25
244 155 584 717 500 534 988 925 239 602 829 894 68 234 509 287 640 170 146 179 237 422 679 722 778
4 20 22
396 289 13 878 604 191 937 752 435 38 772 889 579 600 488 734 634 566 599 725 976 994
2 12 14
305 98 974 742 450 332 773 867 60 391 440 544 598 807
1 2 11
306 462 268 838 404 130 199 484 710 783 872
1 18 19
732 568 346 942 558 90 296 270 131 224 908 89 553 36 232 66 165 135 903
1 16 9
774 674 87 552 580 639 808 877 901
5 16 10
820 465 51 946 252 479 196 255 94 797
10 19 17
144 250 931 137 738 72 422 87 665 328 941 690 80 282 315 842 553
9 16 23
180 757 572 728 190 920 322 438 119 83 151 460 632 737 21 866 523 52 555 613 46 241 782
2 7 10
344 871 790 888 165 255 443 445 802 942
7 14 24
907 700 996 267 563 418 389 803 408 28 976 978 695 226 386 210 222 944 661 612 20 470 732 830
1 19 11
370 740 616 347 898 424 180 449 680 735 879
2 3 8
532 197 225 9 380 561 762 787
5 14 12
650 172 576 710 338 971 892 264 884 307 221 335
4 12 10
551 169 248 876 29 492 274 320 365 796
2 4 9
957 352 58 448 900 618 623 785 964
4 2 13
97 446 345 94 743 595 194 228 243 301 430 584 788
1 5 20
375 231 808 362 208 901 240 550 146 608 629 204 161 197 383 407 509 570 686 756
2 7 5
694 843 288 361 538
2 15 11
789 918 681 184 277 473 634 667 780 846 952
8 17 20
477 279 392 26 5 512 904 881 153 766 663 429 696 714 29 114 124 531 748 856
3 6 11
596 152 964 12 302 409 203 648 59 336 955
1 19 21
320 812 922 985 993 19 171 211 505 760 491 858 936 683 18 939 540 449 193 9 908
5 5 15
628 329 566 385 455 99 354 105 524 319 435 621 636 814 881
2 15 11
363 730 390 395 398 783 514 10 57 345 412
6 6 20
88 8 242 923 313 998 630 962 652 309 799 577 421 562 135 120 441 495 819 936
9 6 22
715 716 297 321 64 679 639 117 365 914 926 393 521 428 378 704 887 670 118 139 203 650
3 9 13
42 17 318 754 85 24 91 678 183 805 190 670 990
10 11 19
781 739 928 899 387 795 469 780 517 444 945 726 452 992 731 500 619 869 934
5 20 23
236 852 682 583 86 910 394 45 693 464 466 215 401 489 391 112 721 428 563 741 760 948 951
1 3 8
947 686 483 31 119 421 520 966
1 13 5
560 837 325 208 794
1 7 6
832 872 56 188 718 981
6 13 11
668 703 258 607 969 256 473 792 399 227 326
4 8 28
176 209 351 323 626 245 341 357 468 516 31 906 669 271 956 518 658 933 229 6 102 522 611 758 768 800 912 991
1 14 5
61 764 616 675 821
2 5 11
701 938 2 219 324 96 451 159 8 463 895
6 18 19
506 423 474 160 295 41 698 367 758 965 537 433 292 646 968 195 254 633 885
1 15 7
855 571 159 328 350 454 944
