300 78 465
20 16 12 14 8 12 1 22 21 15 19 12 3 30 29 12 8 25 29 8 9 9 13 5 26 13 1 10 20 13 21 6 11 20 19 15 27 27 11 3 10 9 23 6 3 8 13 19 18 19 14 30 19 27 24 19 18 20 22 17 23 18 5 22 14 8 20 1 25 7 13 28 2 9 13 29 4 22 7 14 7 20 15 17 20 13 5 18 9 15 23 22 5 30 28 8 24 12 18 14 25 24 1 29 16 13 7 10 29 29 29 22 20 20 29 14 13 7 21 18 8 13 7 11 30 7 1 18 6 5 23 12 29 23 17 19 23 5 23 14 5 10 7 4 30 2 14 2 3 30 22 5 9 9 13 5 5 23 10 22 13 21 4 18 9 27 1 4 6 13 21 26 2 28 27 6 1 15 21 16 8 7 29 24 20 25 29 6 24 17 18 28 21 15 28 20 12 27 26 3 13 30 14 23 19 21 2 28 20 4 24 30 3 20 29 28 11 26 19 8 19 29 23 6 13 28 24 16 5 21 27 15 26 22 29 1 27 12 27 22 9 14 5 30 19 9 8 6 28 1 7 8 16 23 21 15 18 9 11 9 22 25 25 16 11 17 23 12 29 7 29 20 22 22 2 28 21 21 27 21 27 12 8 16 21 12 10 24 2 16 2 13 18 15 27 20 14 19 6 20
20 20 26 7 24 27 13 26 14 20 22 23 13 24 17 21 21 19 11 3 28 22 2 14 30 20 1 15 19 6 3 18 24 7 27 23 27 1 16 27 7 17 21 25 2 28 28 3 9 26 4 18 11 14 10 15 2 28 28 1 5 11 25 18 21 24 27 1 20 19 11 3 10 4 10 7 3 2 24 23 8 18 29 26 30 25 5 6 27 17 27 8 1 19 4 26 12 30 29 20 21 1 21 24 18 12 16 8 10 13 3 29 21 10 28 29 26 29 3 22 3 25 24 19 24 25 22 1 10 22 21 28 3 12 7 28 26 14 16 3 22 25 8 9 12 4 3 4 18 11 27 13 19 11 3 5 7 1 23 6 3 26 5 7 26 7 13 13 7 15 11 2 12 14 4 16 23 23 13 4 7 7 6 19 9 17 16 19 9 21 23 14 19 25 13 24 23 3 15 22 1 27 5 26 13 12 4 14 6 1 28 19 16 1 14 7 15 21 28 3 28 22 13 8 17 29 24 22 27 30 24 29 5 9 26 18 7 13 28 17 26 28 6 9 13 15 21 26 11 8 14 26 13 25 26 8 30 2 12 23 26 17 4 11 19 28 11 1 7 25 28 27 27 1 3 26 25 15 8 10 1 13 26 18 11 8 6 6 26 29 23 23 30 7 3 10 10 27 3 8
1 4 2
147 45
4 4 6
280 22 254 284 203 13
1 19 4
20 96 153 272
2 5 5
141 43 291 106 113
1 10 2
121 182
2 15 5
197 124 174 164 247
2 20 4
162 173 262 67
1 12 3
256 4 11
1 11 2
167 58
2 4 4
179 79 249 16
1 18 5
122 221 212 185 246
2 10 5
282 200 75 184 218
2 6 5
236 239 109 143 102
1 8 6
261 52 250 299 177 287
1 17 2
49 98
4 2 6
183 125 137 85 192 61
1 3 4
187 26 41 201
1 12 3
65 35 10
1 17 2
55 214
1 10 5
294 134 206 159 126
1 5 2
220 274
1 20 5
169 62 252 93 118
1 5 5
257 38 37 31 107
1 19 5
231 2 168 87 235
1 12 5
56 34 54 279 32
3 12 6
273 83 60 29 178 190
1 5 2
74 39
2 20 3
207 21 69
1 19 6
104 219 255 186 30 165
1 4 3
50 27 123
2 20 5
48 281 188 7 42
1 15 2
44 290
2 5 4
271 129 59 115
1 18 2
136 6
1 15 5
295 181 241 18 298
1 1 4
210 108 232 151
1 2 2
228 36
2 17 5
259 97 28 226 266
1 13 2
8 150
1 13 4
223 99 270 5
2 8 5
269 288 268 1 233
1 18 2
199 267
1 20 2
135 172
1 17 6
53 251 145 208 131 215
2 18 3
12 73 195
1 5 3
240 100 64
1 5 4
158 116 234 243
2 7 4
86 189 132 175
1 12 6
225 149 166 72 293 157
1 12 6
89 244 148 120 193 296
1 2 2
237 140
1 18 3
275 204 3
1 8 2
161 15
1 17 2
9 66
1 13 5
25 191 248 154 258
1 17 2
180 47
1 11 5
81 133 242 155 227
1 11 2
57 40
1 19 2
46 156
2 17 3
217 78 229
1 3 4
139 171 260 146
2 18 3
253 198 222
1 17 2
19 245
1 10 4
230 14 160 194
4 13 6
285 84 292 24 92 91
1 7 6
0 114 163 283 77 144
3 8 6
152 17 224 101 289 277
1 19 2
238 278
2 7 5
297 265 88 71 264
1 11 3
90 138 70
2 17 5
263 196 23 119 63
1 2 4
105 112 110 94
1 20 5
82 276 117 216 202
1 5 2
127 33
2 10 4
103 286 111 51
3 2 6
95 176 76 213 205 211
1 12 4
142 80 130 209
1 9 3
68 128 170
