300 78 465 20
36 12 39 36 12 23 12 28 37 12 31 38 22 28 23 24 19 21 31 20 36 23 35 35 25 28 16 34 33 19 15 24 24 15 33 20 36 29 34 27 29 27 35 27 28 20 18 21 30 17 20 21 33 19 17 21 40 38 39 25 30 15 27 13 30 14 23 11 22 21 22 22 25 16 29 30 11 21 16 17 28 15 39 37 19 39 33 40 17 17 24 21 31 14 28 19 21 29 14 19 33 23 24 28 40 22 32 30 22 17 38 12 14 22 39 28 28 37 26 29 17 12 15 25 37 17 12 38 29 29 28 28 12 30 14 11 25 38 21 19 16 36 30 12 39 33 38 24 23 30 27 24 38 35 34 13 20 28 27 37 25 38 31 32 33 12 16 23 31 22 34 15 23 27 15 24 14 23 21 28 34 31 20 19 33 29 29 22 34 31 29 40 37 32 35 19 22 22 18 40 20 32 13 12 11 20 13 28 14 33 17 16 31 23 15 19 20 37 27 18 30 37 36 21 14 37 30 26 12 22 33 28 37 20 33 38 26 36 22 33 28 34 29 24 28 17 13 17 20 37 31 28 26 24 17 12 28 18 27 29 40 19 29 22 13 12 15 14 29 32 11 19 28 37 27 31 16 13 33 40 31 37 40 22 23 12 21 18 36 28 17 37 32 26 25 17 37 34 28 32
26 2 29 26 2 13 2 18 27 2 21 28 12 18 13 14 9 11 21 10 26 13 25 25 15 18 6 24 23 9 5 14 14 5 23 10 26 19 24 17 19 17 25 17 18 10 8 11 20 7 10 11 23 9 7 11 30 28 29 15 20 5 17 3 20 4 13 1 12 11 12 12 15 6 19 20 1 11 6 7 18 5 29 27 9 29 23 30 7 7 14 11 21 4 18 9 11 19 4 9 23 13 14 18 30 12 22 20 12 7 28 2 4 12 29 18 18 27 16 19 7 2 5 15 27 7 2 28 19 19 18 18 2 20 4 1 15 28 11 9 6 26 20 2 29 23 28 14 13 20 17 14 28 25 24 3 10 18 17 27 15 28 21 22 23 2 6 13 21 12 24 5 13 17 5 14 4 13 11 18 24 21 10 9 23 19 19 12 24 21 19 30 27 22 25 9 12 12 8 30 10 22 3 2 1 10 3 18 4 23 7 6 21 13 5 9 10 27 17 8 20 27 26 11 4 27 20 16 2 12 23 18 27 10 23 28 16 26 12 23 18 24 19 14 18 7 3 7 10 27 21 18 16 14 7 2 18 8 17 19 30 9 19 12 3 2 5 4 19 22 1 9 18 27 17 21 6 3 23 30 21 27 30 12 13 2 11 8 26 18 7 27 22 16 15 7 27 24 18 22
1 12 6
206 218 144 42 80 156
1 18 6
95 109 111 121 9 76
1 14 4
171 240 230 263
1 19 7
132 139 174 17 244 162 120
1 19 7
172 153 229 213 281 33 228
1 9 4
137 68 223 250
1 3 2
141 271
1 4 4
252 79 91 170
1 11 6
147 83 186 133 297 40
1 16 6
221 286 215 188 245 179
1 19 4
262 208 148 269
1 12 3
196 1 135
1 2 3
62 254 44
1 17 5
296 177 14 244 284
1 19 5
152 200 165 81 299
1 14 4
36 71 118 222
1 2 2
159 191
1 12 3
287 122 79
1 3 7
176 224 51 255 12 136 190
1 14 8
125 225 61 43 27 295 36 58
1 8 3
242 38 9
1 6 2
210 293
1 4 4
226 131 31 280
1 16 3
58 66 30
1 13 5
98 243 167 201 209
1 18 7
70 44 7 283 238 65 109
1 18 5
134 15 284 179 261
1 19 2
101 135
1 10 5
100 88 214 145 169
1 14 2
178 143
1 7 4
247 140 128 93
1 1 3
235 136 35
1 1 2
180 10
1 7 6
228 265 205 173 19 85
1 2 4
270 163 192 65
1 9 3
263 216 30
1 7 9
116 227 47 50 12 257 53 234 279
1 9 7
55 67 2 157 253 138 204
1 8 4
168 267 48 141
1 7 4
41 69 124 183
1 17 4
4 97 22 66
1 13 6
198 184 48 212 86 236
1 8 5
259 222 96 160 189
1 3 7
115 298 289 32 203 54 254
1 6 4
248 151 189 272
1 12 6
57 34 246 43 102 186
1 4 4
102 233 26 164
1 9 3
190 219 281
1 13 5
294 56 142 146 285
1 19 4
73 53 130 106
1 2 7
29 274 156 268 59 25 187
1 5 5
96 282 89 181 20
1 8 3
119 6 148
1 15 2
249 185
1 9 8
114 211 285 291 113 106 41 200
1 15 4
74 182 251 230
1 2 6
149 64 108 193 120 288
1 15 6
24 52 46 127 280 32
1 14 3
260 90 278
1 5 4
237 63 220 49
1 6 5
13 92 194 39 117
1 3 3
104 37 16
1 18 3
112 35 266
1 11 4
78 234 77 28
1 9 4
273 158 256 272
1 11 4
199 107 150 277
1 15 6
241 8 11 129 94 54
1 20 3
123 87 18
1 13 3
84 155 260
1 1 5
110 82 72 276 144
1 5 5
207 0 258 3 83
1 4 6
217 23 277 40 154 197
1 7 3
264 45 60
1 8 10
161 105 75 290 126 160 55 127 232 269
1 5 3
21 99 279
1 4 7
292 175 231 195 204 27 294
1 10 7
202 103 239 275 5 209 246
1 1 5
187 166 232 60 100
