300 78 465 20
36 29 38 26 11 22 33 38 37 18 37 28 12 22 35 22 34 37 18 40 30 32 14 39 24 15 24 39 13 18 30 11 28 20 27 40 16 32 15 34 34 18 17 34 16 25 16 38 26 23 17 18 16 37 22 35 27 23 28 32 32 16 25 37 27 26 13 11 36 25 17 28 31 37 19 23 25 20 25 33 38 35 37 37 14 38 22 39 28 40 23 26 14 14 23 18 33 38 30 36 26 13 23 24 31 38 39 21 30 26 12 33 25 17 26 27 11 12 14 29 18 31 36 39 13 23 37 18 15 22 36 32 33 32 22 24 33 38 16 37 35 18 40 20 18 14 18 39 24 27 35 12 12 30 30 28 26 31 37 18 11 40 33 28 32 35 20 25 20 14 24 37 17 39 25 13 29 28 19 33 37 30 32 37 14 18 25 34 15 16 32 30 23 30 30 31 14 13 33 39 34 34 14 17 21 17 22 33 29 17 30 19 26 21 18 28 23 37 21 24 12 33 31 25 24 33 29 23 20 34 13 21 34 18 31 25 27 29 31 18 38 27 31 29 31 14 29 28 24 37 14 39 23 12 23 24 38 31 36 37 34 34 39 34 22 34 33 17 21 20 39 28 16 13 13 13 40 11 32 20 40 38 24 15 37 20 12 39 11 18 24 33 33 14 39 26 39 28 17 15
26 19 28 16 1 12 23 28 27 8 27 18 2 12 25 12 24 27 8 30 20 22 4 29 14 5 14 29 3 8 20 1 18 10 17 30 6 22 5 24 24 8 7 24 6 15 6 28 16 13 7 8 6 27 12 25 17 13 18 22 22 6 15 27 17 16 3 1 26 15 7 18 21 27 9 13 15 10 15 23 28 25 27 27 4 28 12 29 18 30 13 16 4 4 13 8 23 28 20 26 16 3 13 14 21 28 29 11 20 16 2 23 15 7 16 17 1 2 4 19 8 21 26 29 3 13 27 8 5 12 26 22 23 22 12 14 23 28 6 27 25 8 30 10 8 4 8 29 14 17 25 2 2 20 20 18 16 21 27 8 1 30 23 18 22 25 10 15 10 4 14 27 7 29 15 3 19 18 9 23 27 20 22 27 4 8 15 24 5 6 22 20 13 20 20 21 4 3 23 29 24 24 4 7 11 7 12 23 19 7 20 9 16 11 8 18 13 27 11 14 2 23 21 15 14 23 19 13 10 24 3 11 24 8 21 15 17 19 21 8 28 17 21 19 21 4 19 18 14 27 4 29 13 2 13 14 28 21 26 27 24 24 29 24 12 24 23 7 11 10 29 18 6 3 3 3 30 1 22 10 30 28 14 5 27 10 2 29 1 8 14 23 23 4 29 16 29 18 7 5
1 5 3
17 82 88
1 15 7
217 46 228 42 78 6 167
1 9 2
51 66
1 11 5
139 24 225 177 36
1 16 4
134 7 39 200
1 13 5
263 106 298 69 287
1 6 4
291 23 0 81
1 12 3
60 206 231
1 2 4
297 271 179 86
1 11 3
235 4 90
1 3 5
267 33 224 110 219
1 5 3
164 141 195
1 14 3
254 162 125
1 10 2
268 294
1 10 6
112 168 229 52 93 221
1 3 9
13 284 166 172 61 101 42 75 278
1 19 3
202 142 278
1 2 2
252 191
1 14 4
232 3 133 156
1 3 5
114 22 6 144 30
1 4 8
91 74 147 55 126 233 264 275
1 8 4
196 119 289 286
1 14 7
47 161 159 165 189 160 134
1 6 2
77 199
1 7 6
129 26 85 79 70 102
1 16 6
193 157 41 11 178 212
1 9 4
292 198 276 289
1 11 2
207 25
1 8 4
115 261 32 287
1 11 7
99 146 282 73 65 148 157
1 20 3
12 269 67
1 6 2
204 223
1 19 7
75 31 34 68 259 120 114
1 5 4
117 113 228 271
1 11 4
131 72 293 67
1 17 6
244 242 248 40 158 185
1 6 3
275 279 209
1 6 4
256 190 152 223
1 5 6
171 116 43 183 151 109
1 6 5
83 50 64 191 262
1 6 4
104 130 123 285
1 12 6
86 2 247 58 227 255
1 8 6
29 220 240 103 273 28
1 2 6
230 38 295 138 170 196
1 5 5
89 127 274 28 296
1 8 8
137 1 286 128 21 241 0 85
1 17 5
184 59 175 76 51
1 15 6
290 197 49 100 18 80
1 7 7
57 20 239 62 246 188 238
1 10 3
14 124 211
1 18 5
192 213 174 200 118
1 14 7
283 276 81 132 180 15 243
1 11 5
27 299 249 210 237
1 17 4
245 238 5 234
1 20 2
45 37
1 10 8
108 9 181 4 33 52 171 192
1 5 8
16 136 140 143 121 135 34 40
1 20 6
90 253 94 222 251 270
1 17 6
163 154 152 260 24 193
1 16 4
102 221 111 35
1 13 2
208 187
1 14 2
153 10
1 2 7
53 97 226 150 243 288 111
1 4 2
173 122
1 3 6
203 105 219 280 214 248
1 9 6
92 255 281 107 265 205
1 3 3
71 272 173
1 18 6
182 84 205 218 201 292
1 9 3
98 257 172
1 19 4
277 56 167 272
1 6 7
145 194 216 149 266 176 83
1 4 3
169 88 87
1 4 3
231 215 63
1 5 7
44 19 186 12 119 160 161
1 10 6
262 148 155 48 147 291
1 5 5
236 95 96 8 98
1 15 2
63 54
1 4 3
264 250 258
