700 86 1085 20
35 33 35 20 25 20 32 27 29 36 14 37 17 37 13 29 29 29 25 19 12 22 11 11 38 30 24 35 14 40 39 22 15 22 36 37 27 40 34 19 23 26 33 36 22 26 20 37 23 37 17 33 35 39 14 40 18 14 32 32 19 16 13 14 31 22 30 29 34 13 19 17 24 33 20 22 27 40 25 15 12 34 20 37 35 40 21 24 17 38 13 31 18 24 28 33 22 36 29 31 38 35 39 27 17 29 27 37 11 18 30 28 33 20 37 20 30 16 15 18 30 11 20 20 28 23 33 15 36 23 24 18 18 13 18 21 32 26 30 27 24 39 22 29 13 40 23 35 14 31 33 23 15 14 27 35 20 26 32 25 30 27 24 11 32 40 23 25 18 18 19 20 38 37 12 23 32 19 21 36 30 30 21 37 39 16 40 34 11 27 27 17 16 35 12 16 15 24 22 16 14 38 22 13 22 11 27 16 25 14 29 22 28 31 26 19 23 34 14 40 18 16 11 18 17 26 27 14 34 25 13 39 35 19 30 38 25 30 23 30 30 11 14 38 25 19 13 21 24 27 16 31 14 35 22 17 15 15 17 11 13 12 19 15 20 38 38 26 40 23 11 28 16 40 31 35 38 24 40 27 17 28 25 29 37 32 17 23 23 21 34 33 21 16 31 39 16 24 30 26 14 17 12 18 19 38 38 32 14 33 18 12 21 25 22 23 18 24 11 19 17 18 22 21 13 35 35 38 18 31 19 22 39 36 22 12 28 14 11 37 27 16 24 36 40 40 15 27 28 14 15 26 15 25 28 11 40 30 18 24 40 40 26 22 29 38 31 34 37 29 40 33 40 19 34 38 26 19 16 11 17 40 28 30 31 16 24 25 18 30 20 18 13 12 11 11 26 31 11 14 28 29 34 34 27 19 20 37 16 30 37 33 22 23 21 11 40 36 17 34 12 20 32 32 32 17 33 27 32 40 22 35 38 25 40 28 17 33 38 28 25 15 12 20 21 19 30 18 14 34 36 25 19 24 25 34 27 14 32 11 38 20 33 34 15 38 31 21 38 25 25 29 30 33 25 15 29 16 20 27 37 29 40 30 30 18 25 36 21 28 36 29 37 37 21 23 39 25 40 30 31 12 31 22 13 27 11 31 38 30 29 40 35 21 24 15 39 38 23 20 33 26 36 18 22 23 13 30 29 17 27 23 35 22 13 36 31 24 40 14 17 15 33 22 26 35 33 18 33 31 21 21 12 17 18 19 36 14 25 36 22 14 18 16 15 14 40 25 36 35 36 24 27 11 17 16 21 25 17 22 28 20 19 19 14 19 12 40 23 35 22 14 26 31 32 18 31 33 23 37 12 31 35 28 36 12 14 33 36 28 12 11 39 39 17 11 34 37 33 37 14 12 11 23 35 24 27 16 40 26 26 21 37 16 24 34 38 21 11 11 29 34 14 36 16 17 18 23 40 37 21 19 26 23 39 19 12 39 33 13 40 18 28 31 13 39 36 19 16 14 39 34 12 23 19 29 38 16 19 34 11 22 34 27 30 21 39 13 31 15 19 23 32 36 21 38 28 33 22 23
25 23 25 10 15 10 22 17 19 26 4 27 7 27 3 19 19 19 15 9 2 12 1 1 28 20 14 25 4 30 29 12 5 12 26 27 17 30 24 9 13 16 23 26 12 16 10 27 13 27 7 23 25 29 4 30 8 4 22 22 9 6 3 4 21 12 20 19 24 3 9 7 14 23 10 12 17 30 15 5 2 24 10 27 25 30 11 14 7 28 3 21 8 14 18 23 12 26 19 21 28 25 29 17 7 19 17 27 1 8 20 18 23 10 27 10 20 6 5 8 20 1 10 10 18 13 23 5 26 13 14 8 8 3 8 11 22 16 20 17 14 29 12 19 3 30 13 25 4 21 23 13 5 4 17 25 10 16 22 15 20 17 14 1 22 30 13 15 8 8 9 10 28 27 2 13 22 9 11 26 20 20 11 27 29 6 30 24 1 17 17 7 6 25 2 6 5 14 12 6 4 28 12 3 12 1 17 6 15 4 19 12 18 21 16 9 13 24 4 30 8 6 1 8 7 16 17 4 24 15 3 29 25 9 20 28 15 20 13 20 20 1 4 28 15 9 3 11 14 17 6 21 4 25 12 7 5 5 7 1 3 2 9 5 10 28 28 16 30 13 1 18 6 30 21 25 28 14 30 17 7 18 15 19 27 22 7 13 13 11 24 23 11 6 21 29 6 14 20 16 4 7 2 8 9 28 28 22 4 23 8 2 11 15 12 13 8 14 1 9 7 8 12 11 3 25 25 28 8 21 9 12 29 26 12 2 18 4 1 27 17 6 14 26 30 30 5 17 18 4 5 16 5 15 18 1 30 20 8 14 30 30 16 12 19 28 21 24 27 19 30 23 30 9 24 28 16 9 6 1 7 30 18 20 21 6 14 15 8 20 10 8 3 2 1 1 16 21 1 4 18 19 24 24 17 9 10 27 6 20 27 23 12 13 11 1 30 26 7 24 2 10 22 22 22 7 23 17 22 30 12 25 28 15 30 18 7 23 28 18 15 5 2 10 11 9 20 8 4 24 26 15 9 14 15 24 17 4 22 1 28 10 23 24 5 28 21 11 28 15 15 19 20 23 15 5 19 6 10 17 27 19 30 20 20 8 15 26 11 18 26 19 27 27 11 13 29 15 30 20 21 2 21 12 3 17 1 21 28 20 19 30 25 11 14 5 29 28 13 10 23 16 26 8 12 13 3 20 19 7 17 13 25 12 3 26 21 14 30 4 7 5 23 12 16 25 23 8 23 21 11 11 2 7 8 9 26 4 15 26 12 4 8 6 5 4 30 15 26 25 26 14 17 1 7 6 11 15 7 12 18 10 9 9 4 9 2 30 13 25 12 4 16 21 22 8 21 23 13 27 2 21 25 18 26 2 4 23 26 18 2 1 29 29 7 1 24 27 23 27 4 2 1 13 25 14 17 6 30 16 16 11 27 6 14 24 28 11 1 1 19 24 4 26 6 7 8 13 30 27 11 9 16 13 29 9 2 29 23 3 30 8 18 21 3 29 26 9 6 4 29 24 2 13 9 19 28 6 9 24 1 12 24 17 20 11 29 3 21 5 9 13 22 26 11 28 18 23 12 13
1 15 15
559 255 254 517 147 329 477 269 667 582 320 243 38 176 683
1 19 9
85 316 379 193 94 389 465 533 669
1 8 14
649 454 539 182 291 373 485 127 619 629 545 221 116 652
1 3 16
168 24 150 96 109 655 353 165 671 522 252 677 130 220 450 649
1 18 7
598 265 410 61 222 283 586
1 12 7
90 173 219 596 187 427 692
1 10 9
4 341 60 253 562 98 437 222 238
1 10 13
699 670 198 113 389 200 303 359 296 33 463 500 680
1 4 18
459 112 364 93 686 529 512 56 282 564 158 2 80 116 138 211 466 611
1 7 4
526 169 391 583
1 6 14
337 58 399 236 569 523 453 469 492 358 665 617 554 30
1 4 17
413 603 104 478 326 209 669 516 572 416 132 439 224 17 145 240 306
1 18 4
333 589 92 447
1 2 8
429 527 579 494 81 412 362 696
1 13 18
395 501 374 164 266 653 471 118 324 361 548 122 144 666 124 196 572 671
1 11 16
325 386 513 690 117 95 14 231 515 566 251 39 199 247 342 478
1 8 10
615 538 283 72 65 344 192 40 521 655
1 10 14
380 196 581 366 152 426 651 42 292 232 25 433 638 552
1 3 4
23 659 499 112
1 17 5
13 146 407 151 350
1 15 13
330 592 409 541 518 318 372 474 693 119 495 76 455
1 19 9
242 305 71 460 418 601 49 315 355
1 5 8
162 149 250 346 664 674 568 89
1 7 5
68 585 82 70 106
1 9 9
352 275 311 230 10 213 508 215 99
1 13 5
486 355 290 310 513
1 15 7
595 444 387 228 33 409 556
1 15 12
400 217 398 268 18 9 553 233 302 189 498 605
1 15 8
245 680 88 343 458 443 205 27
1 10 10
682 249 451 381 244 304 647 600 160 0
1 5 5
370 12 639 259 332
1 18 8
365 161 620 175 83 190 226 180
1 2 11
136 301 220 129 223 369 552 580 163 356 651
1 19 7
67 621 497 191 157 505 214
1 3 15
685 204 229 315 396 560 470 307 156 475 212 186 48 247 432
1 19 11
270 317 467 50 248 377 27 641 102 37 600
1 12 10
468 404 570 479 62 103 276 207 60 594
1 14 5
185 631 625 154 176
1 3 7
424 383 339 278 70 179 490
1 12 6
321 264 259 41 440 59
1 6 13
556 45 530 15 54 421 294 611 502 367 314 7 593
1 10 15
241 605 673 613 51 1 34 563 431 394 640 551 449 531 190
1 2 8
628 577 69 153 606 506 472 623
1 18 5
139 547 349 583 437
1 12 5
417 574 252 280 511
1 7 12
435 371 385 342 388 36 678 452 211 668 397 170
1 3 14
558 43 111 97 19 607 511 536 263 106 80 107 332 555
1 8 18
378 124 375 401 482 227 235 627 110 183 403 587 473 480 174 434 461 614
1 7 13
648 261 238 550 363 504 74 281 348 163 455 643 681
1 15 9
66 584 535 295 534 489 239 141 471
1 20 14
614 442 632 323 52 78 300 663 599 447 476 557 368 189
1 10 7
635 288 576 420 488 319 22
1 16 13
636 100 402 622 134 28 335 64 384 75 125 264 281
1 1 7
688 53 578 392 654 431 568
1 13 6
696 55 5 624 679 314
1 12 9
691 376 32 87 457 181 428 467 652
1 12 7
267 285 298 422 237 683 49
1 3 8
608 210 91 532 44 406 258 142
1 14 7
593 692 602 347 53 357 547
1 11 5
206 22 571 645 267
1 6 17
120 461 8 159 448 179 86 0 73 121 354 123 336 178 525 560 585
1 8 4
487 216 322 591
1 10 11
491 650 658 425 194 63 419 143 131 445 181
1 1 9
528 214 297 408 446 26 171 540 415
1 6 8
427 177 465 35 544 694 253 496
1 15 15
312 155 262 588 450 21 99 525 520 360 519 64 132 194 626
1 2 4
130 79 246 546
1 18 18
483 184 472 484 456 3 441 356 646 524 630 642 84 411 77 111 561 645
1 20 13
306 657 567 277 464 271 656 509 256 436 115 514 434
1 17 10
279 225 503 594 240 644 57 178 338 6
1 4 8
105 180 681 623 561 609 160 395
1 8 15
280 274 610 101 29 689 697 351 618 462 390 498 6 20 538
1 19 10
47 537 616 662 197 203 328 626 235 534
1 16 8
140 493 201 260 466 612 241 391
1 20 13
687 660 382 135 438 357 575 202 108 695 533 141 401
1 10 10
126 308 684 77 633 542 637 496 293 18
1 18 9
284 16 345 405 46 188 195 208 377
1 5 3
199 138 73
1 13 7
634 507 287 128 481 95 293
1 11 5
327 393 137 672 488
1 2 12
676 573 334 148 414 114 11 340 490 167 273 313
1 4 6
234 272 543 643 392 512
1 7 7
432 430 591 299 208 229 406
1 1 13
166 172 257 604 565 586 174 549 510 675 289 48 173
1 6 5
133 698 326 348 407
1 14 11
309 145 31 597 286 590 423 331 661 218 195
