500 81 775 20
20 30 17 31 27 37 16 29 29 24 15 18 35 18 31 39 21 36 14 15 29 29 15 25 19 38 31 35 23 23 17 27 29 33 16 37 37 36 14 22 15 20 36 11 14 26 18 16 34 13 16 24 18 11 29 18 12 23 25 21 19 11 22 33 19 25 20 28 37 13 19 35 27 18 11 21 39 25 39 28 30 40 12 15 39 37 19 15 17 25 39 14 20 31 27 40 19 30 20 39 36 37 20 40 21 15 40 34 28 16 25 30 13 39 24 18 34 16 38 23 12 30 17 29 14 32 11 32 23 36 22 30 13 29 29 23 22 13 34 20 32 32 23 34 21 20 17 38 35 27 38 20 16 15 16 26 11 25 29 14 11 11 19 21 13 18 33 31 34 13 20 18 21 24 11 13 28 25 19 32 18 20 25 28 13 17 20 38 32 39 38 30 29 15 32 39 38 35 33 27 15 40 27 14 16 14 37 16 16 37 24 34 17 12 36 32 33 32 35 20 11 17 38 40 12 22 27 40 38 16 19 24 31 21 18 38 34 17 39 34 26 25 22 12 32 11 20 39 36 24 33 12 33 17 21 15 38 31 39 24 29 38 12 20 33 34 25 37 40 32 30 27 16 29 13 29 31 26 38 23 24 29 25 24 40 25 30 18 22 19 16 40 25 19 19 33 14 20 31 27 38 24 36 40 24 17 30 37 19 22 15 29 30 38 21 36 30 24 27 26 31 27 13 29 23 35 17 30 25 23 32 13 21 32 29 35 12 25 24 12 21 28 36 29 20 25 37 35 34 25 38 22 32 19 13 30 32 33 25 32 32 15 11 17 40 16 13 16 26 37 19 26 22 39 12 22 39 25 21 13 15 17 26 39 12 32 15 13 17 27 19 39 33 38 27 22 35 19 18 12 15 20 24 30 32 33 19 27 30 26 40 15 16 25 36 35 19 39 11 34 14 24 22 12 14 34 12 20 39 14 11 32 37 17 23 13 36 34 16 39 38 34 13 17 17 37 22 30 32 21 36 21 18 18 12 34 28 21 14 35 18 38 35 38 38 20 24 17 31 12 15 22 36 37 33 18 19 17 28 24 18 35 37 22 26 26 32 11 20 31 26 38 36 37 39 26 35 18 33 22
10 20 7 21 17 27 6 19 19 14 5 8 25 8 21 29 11 26 4 5 19 19 5 15 9 28 21 25 13 13 7 17 19 23 6 27 27 26 4 12 5 10 26 1 4 16 8 6 24 3 6 14 8 1 19 8 2 13 15 11 9 1 12 23 9 15 10 18 27 3 9 25 17 8 1 11 29 15 29 18 20 30 2 5 29 27 9 5 7 15 29 4 10 21 17 30 9 20 10 29 26 27 10 30 11 5 30 24 18 6 15 20 3 29 14 8 24 6 28 13 2 20 7 19 4 22 1 22 13 26 12 20 3 19 19 13 12 3 24 10 22 22 13 24 11 10 7 28 25 17 28 10 6 5 6 16 1 15 19 4 1 1 9 11 3 8 23 21 24 3 10 8 11 14 1 3 18 15 9 22 8 10 15 18 3 7 10 28 22 29 28 20 19 5 22 29 28 25 23 17 5 30 17 4 6 4 27 6 6 27 14 24 7 2 26 22 23 22 25 10 1 7 28 30 2 12 17 30 28 6 9 14 21 11 8 28 24 7 29 24 16 15 12 2 22 1 10 29 26 14 23 2 23 7 11 5 28 21 29 14 19 28 2 10 23 24 15 27 30 22 20 17 6 19 3 19 21 16 28 13 14 19 15 14 30 15 20 8 12 9 6 30 15 9 9 23 4 10 21 17 28 14 26 30 14 7 20 27 9 12 5 19 20 28 11 26 20 14 17 16 21 17 3 19 13 25 7 20 15 13 22 3 11 22 19 25 2 15 14 2 11 18 26 19 10 15 27 25 24 15 28 12 22 9 3 20 22 23 15 22 22 5 1 7 30 6 3 6 16 27 9 16 12 29 2 12 29 15 11 3 5 7 16 29 2 22 5 3 7 17 9 29 23 28 17 12 25 9 8 2 5 10 14 20 22 23 9 17 20 16 30 5 6 15 26 25 9 29 1 24 4 14 12 2 4 24 2 10 29 4 1 22 27 7 13 3 26 24 6 29 28 24 3 7 7 27 12 20 22 11 26 11 8 8 2 24 18 11 4 25 8 28 25 28 28 10 14 7 21 2 5 12 26 27 23 8 9 7 18 14 8 25 27 12 16 16 22 1 10 21 16 28 26 27 29 16 25 8 23 12
1 6 7
132 281 62 171 27 268 213
1 3 9
467 474 430 184 228 39 60 88 369
1 4 11
279 241 179 487 233 98 356 280 315 24 117
1 11 6
4 97 93 238 224 231
1 1 3
73 52 253
1 6 3
163 112 260
1 1 9
433 406 306 190 369 158 13 225 154
1 16 11
449 320 75 475 237 339 146 227 73 191 423
1 6 11
299 264 404 303 95 489 104 498 201 32 268
1 19 10
301 344 495 336 365 256 74 341 81 289
1 9 5
107 402 12 26 80
1 17 11
183 291 387 420 50 395 119 94 198 411 416
1 11 12
372 41 491 177 88 274 167 3 109 50 251 376
1 8 10
218 453 465 0 197 494 64 295 183 400
1 17 7
114 308 310 340 314 305 40
1 8 6
262 401 159 51 451 284
1 20 10
297 421 101 91 244 419 211 71 103 157
1 2 3
63 269 334
1 19 9
471 16 96 191 58 33 287 61 85
1 19 7
221 189 363 224 196 243 381
1 7 3
428 367 298
1 14 10
357 205 276 206 28 493 176 214 55 492
1 20 8
321 473 426 125 129 53 384 487
1 11 6
382 432 398 194 149 259
1 15 11
245 124 128 378 318 415 349 263 8 485 310
1 8 11
9 185 94 409 182 366 210 222 296 245 286
1 16 10
186 393 48 455 345 155 456 116 488 394
1 10 12
76 482 411 83 234 181 458 331 29 385 17 92
1 1 4
84 196 54 443
1 19 6
162 322 324 313 328 237
1 9 10
37 203 337 397 47 209 413 396 60 230
1 7 13
110 21 389 273 7 285 436 169 323 252 276 295 460
1 4 9
138 106 351 309 271 441 422 208 330
1 1 6
45 292 446 423 380 110
1 12 3
32 333 57
1 19 6
153 217 66 54 359 232
1 13 10
368 89 319 302 443 25 377 115 358 499
1 13 13
283 288 143 212 391 85 57 236 338 403 193 202 322
1 18 3
353 255 167
1 20 8
286 68 100 195 438 204 158 169
1 19 8
364 335 483 317 19 66 104 288
1 10 8
207 223 141 284 142 332 425 447
1 13 11
371 49 80 20 46 105 15 145 398 403 480
1 4 9
294 400 354 144 379 10 229 360 321
1 12 4
258 79 457 11
1 8 9
374 133 412 347 480 154 417 492 325
1 19 6
304 440 346 175 209 265
1 5 4
202 375 312 177
1 7 7
329 188 460 459 115 129 337
1 13 6
405 452 362 38 393 493
1 7 7
342 343 219 152 137 174 427
1 10 8
370 470 431 77 168 490 290 317
1 15 11
376 175 390 226 5 147 166 311 120 360 418
1 12 5
127 164 139 216 67
1 12 10
150 248 448 439 23 126 82 31 327 486
1 17 3
267 407 64
1 3 6
192 240 257 437 235 380
1 10 6
300 42 213 200 6 466
1 17 8
69 394 111 348 231 497 242 239
1 5 10
484 59 56 481 26 87 130 2 4 291
1 4 6
39 265 136 246 172 272
1 13 2
384 44
1 18 4
424 78 92 65
1 2 7
463 445 198 454 18 24 72
1 18 9
199 447 270 140 220 261 414 418 35
1 9 12
373 388 266 272 254 408 86 243 36 14 275 348
1 17 8
282 134 43 151 122 476 34 499
1 17 5
90 145 277 386 22
1 19 13
472 477 466 469 18 249 442 99 161 102 333 475 488
1 7 11
479 316 462 30 307 157 170 72 17 84 371
1 13 5
178 247 478 117 285
1 19 8
486 215 11 251 160 259 148 367
1 16 4
326 416 278 279
1 20 5
180 121 361 107 161
1 15 3
468 293 313
1 13 7
381 1 429 461 187 339 484
1 11 6
275 131 435 70 434 182
1 11 4
464 496 113 133
1 3 12
108 123 135 392 450 383 352 156 165 173 205 221
1 13 9
350 399 22 173 252 410 250 355 216
1 14 5
118 444 65 193 232
