1000 93 1550 18
26 36 36 23 32 35 26 30 39 30 12 40 38 27 29 15 13 12 26 28 29 27 18 35 13 26 37 13 27 37 13 28 16 19 30 26 20 16 11 25 21 13 30 37 19 13 25 39 24 38 13 39 21 15 33 30 40 28 26 14 35 36 27 40 26 15 33 20 20 19 12 21 16 35 32 35 34 17 24 15 36 30 17 37 12 12 29 11 17 31 24 32 19 35 11 18 13 26 31 25 23 32 19 34 17 35 39 12 15 35 11 34 14 30 20 32 24 11 36 40 19 33 39 39 15 34 14 17 21 25 30 11 38 17 23 15 38 23 23 19 36 40 21 18 14 14 39 32 39 24 18 30 21 22 16 18 25 18 26 20 26 21 34 21 17 20 26 24 20 40 21 14 17 36 24 25 19 17 26 14 21 39 22 26 23 37 30 17 37 36 36 15 23 36 40 16 14 20 26 25 29 35 40 15 31 20 33 21 23 18 29 26 26 34 15 16 39 17 23 36 38 40 23 25 28 26 19 17 36 38 31 36 29 18 35 22 39 37 35 32 29 28 26 11 22 14 38 15 39 14 24 33 20 20 15 16 12 27 26 27 17 28 15 19 30 16 16 32 16 26 15 38 27 18 31 38 38 24 23 15 15 30 31 22 12 31 29 35 16 28 17 24 31 28 22 12 33 35 11 21 35 15 13 20 17 34 20 33 15 23 23 33 25 31 19 29 37 33 40 19 11 27 32 26 36 24 11 37 37 35 17 33 31 29 31 22 16 27 18 26 36 38 15 26 21 23 19 32 19 18 17 12 19 13 12 26 29 34 13 21 39 39 32 26 39 13 11 12 18 19 36 20 11 38 18 34 40 11 19 14 34 13 26 18 25 13 34 28 30 38 13 38 28 31 26 38 29 36 36 29 13 37 31 24 24 30 27 30 26 25 26 29 38 30 12 17 16 32 24 34 25 35 19 19 38 17 36 23 40 34 13 21 17 17 35 34 22 20 34 27 28 27 35 35 30 33 11 34 24 37 30 31 25 36 11 20 15 34 19 19 18 14 26 35 38 38 24 30 22 21 15 16 29 32 13 26 39 35 17 18 20 15 30 16 20 39 19 38 16 37 31 27 13 18 30 30 34 17 13 37 28 19 36 29 12 34 12 13 32 29 22 37 36 28 31 21 19 13 17 38 31 18 17 18 24 14 30 11 35 11 40 40 28 40 27 38 23 12 33 34 34 21 35 22 36 36 27 38 18 17 40 17 26 39 15 16 17 14 29 15 33 28 21 15 31 21 32 12 11 24 31 27 22 18 17 39 17 20 32 35 35 15 27 32 20 22 40 11 15 25 23 25 15 24 32 33 36 35 37 29 29 33 15 17 21 33 19 16 27 26 14 15 27 28 33 19 29 21 39 23 22 27 27 24 39 20 30 36 34 17 16 17 22 23 25 28 37 26 17 19 12 18 28 14 30 25 16 16 25 21 29 19 21 25 38 15 36 34 14 17 27 37 26 33 27 15 11 16 12 13 20 28 33 39 33 13 34 11 16 19 19 18 27 28 37 19 12 40 36 20 18 15 34 39 18 31 26 15 21 24 12 28 21 12 15 35 37 16 16 18 29 34 22 38 12 39 22 27 11 22 36 28 25 37 31 24 15 12 35 27 15 38 13 14 30 14 39 20 35 30 35 28 24 40 11 22 24 26 23 34 20 27 16 36 39 38 27 33 21 28 38 15 25 29 32 18 26 15 30 36 13 38 11 20 31 18 31 21 26 12 17 12 20 25 15 29 27 17 21 32 17 31 38 15 30 25 31 14 38 32 30 32 36 13 18 40 36 29 35 40 24 20 28 39 34 15 35 35 18 19 33 34 20 32 39 18 12 23 27 27 39 40 28 13 13 23 12 21 12 20 15 15 31 33 30 37 29 30 36 17 22 35 20 24 25 14 16 15 30 18 27 27 13 27 22 23 34 25 23 37 22 11 19 25 15 16 33 16 39 34 12 11 19 16 40 15 31 17 23 29 40 36 28 24 11 24 21 13 20 27 18 36 12 15 26 30 27 16 35 24 25 23 28 19 39 21 26 40 28 22 32 32 39 25 38 32 23 39 31 12 37 16 38 20 40 20 19 20 30 34 33 31 23 30 22 38 25 37 36 15 21 36 27 13 39 24 31 26 32 35 36 23 29 23 38 37 39 16 39 37 23 12 16 35 23 25 17 16 23 39 30 24 33 22 11 31 23 24 39 22 16 11 19 23 40 16 27 36 26 31
16 26 26 13 22 25 16 20 29 20 2 30 28 17 19 5 3 2 16 18 19 17 8 25 3 16 27 3 17 27 3 18 6 9 20 16 10 6 1 15 11 3 20 27 9 3 15 29 14 28 3 29 11 5 23 20 30 18 16 4 25 26 17 30 16 5 23 10 10 9 2 11 6 25 22 25 24 7 14 5 26 20 7 27 2 2 19 1 7 21 14 22 9 25 1 8 3 16 21 15 13 22 9 24 7 25 29 2 5 25 1 24 4 20 10 22 14 1 26 30 9 23 29 29 5 24 4 7 11 15 20 1 28 7 13 5 28 13 13 9 26 30 11 8 4 4 29 22 29 14 8 20 11 12 6 8 15 8 16 10 16 11 24 11 7 10 16 14 10 30 11 4 7 26 14 15 9 7 16 4 11 29 12 16 13 27 20 7 27 26 26 5 13 26 30 6 4 10 16 15 19 25 30 5 21 10 23 11 13 8 19 16 16 24 5 6 29 7 13 26 28 30 13 15 18 16 9 7 26 28 21 26 19 8 25 12 29 27 25 22 19 18 16 1 12 4 28 5 29 4 14 23 10 10 5 6 2 17 16 17 7 18 5 9 20 6 6 22 6 16 5 28 17 8 21 28 28 14 13 5 5 20 21 12 2 21 19 25 6 18 7 14 21 18 12 2 23 25 1 11 25 5 3 10 7 24 10 23 5 13 13 23 15 21 9 19 27 23 30 9 1 17 22 16 26 14 1 27 27 25 7 23 21 19 21 12 6 17 8 16 26 28 5 16 11 13 9 22 9 8 7 2 9 3 2 16 19 24 3 11 29 29 22 16 29 3 1 2 8 9 26 10 1 28 8 24 30 1 9 4 24 3 16 8 15 3 24 18 20 28 3 28 18 21 16 28 19 26 26 19 3 27 21 14 14 20 17 20 16 15 16 19 28 20 2 7 6 22 14 24 15 25 9 9 28 7 26 13 30 24 3 11 7 7 25 24 12 10 24 17 18 17 25 25 20 23 1 24 14 27 20 21 15 26 1 10 5 24 9 9 8 4 16 25 28 28 14 20 12 11 5 6 19 22 3 16 29 25 7 8 10 5 20 6 10 29 9 28 6 27 21 17 3 8 20 20 24 7 3 27 18 9 26 19 2 24 2 3 22 19 12 27 26 18 21 11 9 3 7 28 21 8 7 8 14 4 20 1 25 1 30 30 18 30 17 28 13 2 23 24 24 11 25 12 26 26 17 28 8 7 30 7 16 29 5 6 7 4 19 5 23 18 11 5 21 11 22 2 1 14 21 17 12 8 7 29 7 10 22 25 25 5 17 22 10 12 30 1 5 15 13 15 5 14 22 23 26 25 27 19 19 23 5 7 11 23 9 6 17 16 4 5 17 18 23 9 19 11 29 13 12 17 17 14 29 10 20 26 24 7 6 7 12 13 15 18 27 16 7 9 2 8 18 4 20 15 6 6 15 11 19 9 11 15 28 5 26 24 4 7 17 27 16 23 17 5 1 6 2 3 10 18 23 29 23 3 24 1 6 9 9 8 17 18 27 9 2 30 26 10 8 5 24 29 8 21 16 5 11 14 2 18 11 2 5 25 27 6 6 8 19 24 12 28 2 29 12 17 1 12 26 18 15 27 21 14 5 2 25 17 5 28 3 4 20 4 29 10 25 20 25 18 14 30 1 12 14 16 13 24 10 17 6 26 29 28 17 23 11 18 28 5 15 19 22 8 16 5 20 26 3 28 1 10 21 8 21 11 16 2 7 2 10 15 5 19 17 7 11 22 7 21 28 5 20 15 21 4 28 22 20 22 26 3 8 30 26 19 25 30 14 10 18 29 24 5 25 25 8 9 23 24 10 22 29 8 2 13 17 17 29 30 18 3 3 13 2 11 2 10 5 5 21 23 20 27 19 20 26 7 12 25 10 14 15 4 6 5 20 8 17 17 3 17 12 13 24 15 13 27 12 1 9 15 5 6 23 6 29 24 2 1 9 6 30 5 21 7 13 19 30 26 18 14 1 14 11 3 10 17 8 26 2 5 16 20 17 6 25 14 15 13 18 9 29 11 16 30 18 12 22 22 29 15 28 22 13 29 21 2 27 6 28 10 30 10 9 10 20 24 23 21 13 20 12 28 15 27 26 5 11 26 17 3 29 14 21 16 22 25 26 13 19 13 28 27 29 6 29 27 13 2 6 25 13 15 7 6 13 29 20 14 23 12 1 21 13 14 29 12 6 1 9 13 30 6 17 26 16 21
1 5 17
15 987 536 19 688 515 955 4 586 236 56 975 752 713 362 678 747
1 1 5
50 299 97 371 458
1 13 18
160 427 902 281 496 34 92 526 253 313 974 690 114 779 597 532 918 280
1 1 19
292 732 198 742 607 489 999 804 217 678 605 823 781 203 246 660 48 944 991
1 10 18
148 782 679 20 343 621 494 276 683 658 886 635 335 352 303 643 228 769
1 17 7
656 230 266 806 584 871 881
1 15 12
267 793 744 127 318 51 59 283 801 34 56 151
1 2 19
214 273 948 758 728 174 61 737 298 202 868 919 406 516 5 188 326 384 505
1 15 19
706 421 506 473 780 425 454 435 413 357 795 873 524 296 935 484 111 575 997
1 18 23
146 459 188 626 839 84 262 237 738 376 556 308 414 197 895 794 654 704 964 574 109 409 657
1 15 5
774 659 385 478 62
1 10 17
240 423 997 23 533 446 117 139 783 382 527 465 178 149 508 276 596
1 9 12
344 835 693 311 624 81 193 112 567 0 250 671
1 4 19
270 646 762 734 379 437 440 577 462 900 655 632 612 394 634 284 552 273 769
1 17 17
265 52 135 195 653 908 907 398 929 760 664 147 194 262 959 969 994
1 6 24
10 810 64 491 381 614 707 332 261 279 416 467 498 320 802 670 161 619 5 348 191 435 572 915
1 19 9
453 926 609 105 531 59 246 373 990
1 5 17
468 808 937 960 788 589 340 181 122 730 917 961 0 73 234 474 964
1 7 10
673 831 428 595 94 133 852 157 218 230
1 12 7
222 881 885 291 500 572 344
1 13 8
191 53 966 412 986 405 392 208
1 6 12
177 389 977 27 520 377 790 231 553 912 286 623
1 3 20
983 95 285 878 841 372 666 875 715 675 483 856 721 396 617 680 994 525 68 76
1 15 17
418 958 249 592 936 215 58 511 314 601 325 637 627 897 30 129 420
1 14 22
131 302 726 219 662 932 336 924 724 923 892 458 153 471 503 461 604 674 817 456 110 433
1 15 5
226 736 851 565 987
1 16 8
803 517 766 257 945 190 259 343
1 19 6
295 799 731 137 125 649
1 5 7
430 342 54 248 424 444 721
1 13 9
585 329 554 821 328 366 703 518 240
1 11 16
903 827 879 443 98 611 754 312 904 73 944 512 349 556 946 998
1 14 19
477 523 233 268 816 743 684 748 773 797 825 431 545 101 331 941 746 323 763
1 7 15
355 60 307 876 493 709 225 901 235 187 140 894 282 705 909
1 11 8
513 764 826 173 380 352 816 914
1 15 5
324 209 426 547 729
1 7 9
990 667 575 384 521 108 49 26 930
1 13 18
194 176 286 360 650 180 711 337 978 905 939 549 796 96 640 254 949 454
1 11 7
692 685 363 587 268 462 593
1 9 15
698 747 274 979 472 55 409 854 652 358 814 785 330 363 893
1 13 22
86 227 82 888 534 691 333 942 359 129 594 353 815 212 858 464 848 538 849 893 564 662
1 6 18
642 767 121 28 952 259 6 606 29 263 399 563 740 411 70 213 78 938
1 13 10
16 170 725 649 118 237 412 603 651 931
1 2 12
167 844 490 544 69 853 393 80 294 761 897 973
1 9 21
509 822 42 668 172 365 809 402 8 479 375 154 629 615 641 482 931 9 207 669 785
1 9 18
156 238 201 369 562 334 248 487 884 763 914 142 300 757 832 663 603 814
1 6 9
349 243 422 136 419 241 837 488 713
1 11 7
576 910 989 162 561 342 443
1 18 5
570 72 100 615 645
1 12 6
390 395 38 91 459 899
1 9 12
940 618 54 644 869 164 2 1 447 99 943 394
1 16 19
546 862 100 102 439 882 861 535 47 205 436 199 255 46 189 8 55 473 489
1 8 18
539 364 182 522 669 950 83 321 504 645 969 223 12 722 946 480 648 217
1 13 11
845 857 179 420 485 874 91 466 811 477 850
1 8 14
864 24 451 218 710 771 272 256 79 192 247 589 796 919
1 2 11
976 22 591 429 346 784 970 252 528 891 438
1 8 19
829 449 529 571 31 530 755 537 159 151 761 338 753 564 846 297 448 120 804
1 15 9
88 234 985 124 93 216 980 805 49
1 18 3
925 245 224
1 18 20
928 232 686 798 770 957 190 896 838 282 474 756 107 540 865 583 402 753 947 965
1 20 4
877 859 41 331
1 12 17
953 150 812 66 543 625 623 915 445 391 890 27 32 58 403 587 854
1 18 5
916 906 676 636 90
1 18 18
319 495 351 373 37 998 404 147 87 502 486 714 247 35 616 483 715 953
1 19 13
701 739 186 316 475 25 828 77 89 424 777 128 486
1 17 15
206 244 559 992 116 786 211 277 374 441 718 223 437 942 986
1 4 22
370 106 778 855 386 200 872 681 210 991 175 598 367 476 697 132 898 927 171 83 332 981
1 11 5
85 322 618 876 950
1 16 10
119 499 833 631 716 745 107 175 289 779
1 16 3
622 672 818
1 5 12
442 444 36 749 368 356 108 156 172 341 548 584
1 18 15
968 152 689 110 457 80 759 9 702 434 507 800 602 192 17
1 2 17
700 967 588 842 258 196 26 510 560 776 304 995 169 695 824 909 729
1 11 12
608 410 75 126 984 733 836 90 165 208 508 527
1 16 17
921 965 130 269 682 580 705 347 696 184 113 327 819 104 973 993 514
1 12 11
287 141 638 772 469 125 207 768 514 552 935
1 12 9
550 407 719 74 301 158 922 313 453
1 16 22
401 694 57 204 610 971 452 305 863 341 455 275 542 751 144 415 840 185 87 135 140 196
1 12 20
224 155 260 45 128 3 789 310 727 40 630 354 639 720 271 433 471 613 877 921
1 11 8
251 600 582 963 306 741 930 626
1 12 16
775 677 934 620 569 982 792 913 143 687 397 699 548 492 765 519
1 15 11
613 954 183 947 43 450 387 599 701 922 970
1 18 8
505 962 920 951 116 318 682 820
1 20 6
820 400 278 735 250 838
1 15 11
163 71 288 883 750 843 867 388 239 323 933
1 19 13
555 791 599 403 573 661 339 221 723 7 111 33 932
1 13 18
558 880 647 168 378 65 13 229 847 870 290 497 911 899 834 593 628 138
1 5 7
220 67 717 179 201 621 643
1 19 23
417 242 596 889 264 551 887 123 651 566 294 850 860 481 568 317 988 23 81 321 399 555 846
1 13 5
32 145 39 776 886
1 1 24
103 712 38 14 557 115 289 44 134 501 109 21 39 63 996 578 787 293 350 383 338 553 646 686
1 5 8
326 708 157 866 41 633 354 933
1 4 17
981 463 361 408 470 830 541 665 972 166 590 52 60 124 275 521 883
1 6 16
345 813 807 657 581 956 460 18 315 579 432 309 11 959 89 764
