700 467 1085 47
12 32 27 33 28 23 13 30 13 34 23 14 36 35 19 24 28 20 29 13 12 18 14 28 35 30 29 40 13 38 32 27 27 22 29 29 34 28 26 25 40 25 18 39 16 20 19 19 20 15 34 16 21 22 27 17 22 33 23 36 38 30 40 39 26 20 20 13 24 20 20 29 12 21 27 30 30 14 11 21 13 21 21 22 29 13 28 36 34 26 27 16 16 20 22 13 24 34 30 11 20 17 30 17 19 21 18 26 16 32 29 37 36 19 12 35 36 34 30 28 33 21 17 36 34 17 37 34 30 38 19 38 30 33 35 14 27 25 35 26 36 16 15 18 33 19 29 35 17 33 24 12 21 25 30 34 34 22 32 33 36 24 12 19 38 11 36 20 21 11 31 28 19 14 12 12 24 28 15 16 27 13 22 21 18 16 33 21 27 18 12 19 21 15 20 18 33 40 31 37 36 17 32 32 24 26 34 19 32 24 14 21 30 24 12 27 39 15 26 11 26 25 22 30 27 35 18 32 32 38 19 25 19 21 13 40 14 16 32 30 22 18 14 14 29 33 25 33 25 20 33 26 26 32 30 39 23 20 21 25 28 17 29 35 16 16 19 34 25 37 13 12 39 31 35 39 18 18 17 26 16 23 33 15 17 14 14 23 32 34 19 21 18 30 16 40 11 21 32 20 35 25 18 28 27 29 22 29 31 32 13 26 19 38 24 16 19 38 37 21 29 31 16 40 11 40 23 29 26 29 34 21 11 17 13 32 20 27 13 30 16 40 26 33 25 11 21 40 17 17 13 32 19 22 16 36 37 30 36 37 12 27 28 37 22 28 25 25 12 34 40 37 19 31 27 22 19 33 11 37 11 18 37 37 24 20 29 19 37 18 12 25 38 11 12 38 29 15 24 32 40 26 15 35 20 38 22 16 15 35 39 26 40 29 21 24 28 24 17 31 13 29 36 31 34 30 12 37 11 30 28 21 40 22 22 31 24 33 21 28 16 16 33 40 23 15 14 12 33 23 11 35 17 15 11 18 28 30 12 28 14 15 37 21 12 13 11 20 19 11 36 25 26 24 39 37 19 37 13 38 27 31 36 21 21 36 25 36 27 18 34 29 23 32 26 40 29 39 21 36 23 30 38 14 28 23 18 30 17 29 27 26 19 21 20 12 16 35 18 25 19 22 14 38 29 19 31 11 21 20 21 12 33 36 19 29 26 30 16 38 14 31 12 30 21 20 14 27 22 13 12 34 32 23 33 17 19 36 38 25 39 14 24 33 24 29 39 20 33 12 39 22 14 31 11 27 20 29 35 25 22 28 34 16 15 31 11 14 25 30 20 38 12 12 22 30 23 30 24 21 28 40 39 28 34 14 11 23 27 19 20 29 40 25 22 38 24 40 18 30 34 32 37 22 16 16 16 25 20 12 39 21 30 21 24 22 39 25 37 28 33 18 39 30 22 37 11 28 25 37 32 32 34 19 17 26 31 14 37 20 22 38 27 36 14 34 37 30 14 12 35 29 22 33 27 24 25 29 37 16 22 27 25 23 21 38 27 35 24 18 13 14 22 19 28 25 14 36 30 12
2 22 17 23 18 13 3 20 3 24 13 4 26 25 9 14 18 10 19 3 2 8 4 18 25 20 19 30 3 28 22 17 17 12 19 19 24 18 16 15 30 15 8 29 6 10 9 9 10 5 24 6 11 12 17 7 12 23 13 26 28 20 30 29 16 10 10 3 14 10 10 19 2 11 17 20 20 4 1 11 3 11 11 12 19 3 18 26 24 16 17 6 6 10 12 3 14 24 20 1 10 7 20 7 9 11 8 16 6 22 19 27 26 9 2 25 26 24 20 18 23 11 7 26 24 7 27 24 20 28 9 28 20 23 25 4 17 15 25 16 26 6 5 8 23 9 19 25 7 23 14 2 11 15 20 24 24 12 22 23 26 14 2 9 28 1 26 10 11 1 21 18 9 4 2 2 14 18 5 6 17 3 12 11 8 6 23 11 17 8 2 9 11 5 10 8 23 30 21 27 26 7 22 22 14 16 24 9 22 14 4 11 20 14 2 17 29 5 16 1 16 15 12 20 17 25 8 22 22 28 9 15 9 11 3 30 4 6 22 20 12 8 4 4 19 23 15 23 15 10 23 16 16 22 20 29 13 10 11 15 18 7 19 25 6 6 9 24 15 27 3 2 29 21 25 29 8 8 7 16 6 13 23 5 7 4 4 13 22 24 9 11 8 20 6 30 1 11 22 10 25 15 8 18 17 19 12 19 21 22 3 16 9 28 14 6 9 28 27 11 19 21 6 30 1 30 13 19 16 19 24 11 1 7 3 22 10 17 3 20 6 30 16 23 15 1 11 30 7 7 3 22 9 12 6 26 27 20 26 27 2 17 18 27 12 18 15 15 2 24 30 27 9 21 17 12 9 23 1 27 1 8 27 27 14 10 19 9 27 8 2 15 28 1 2 28 19 5 14 22 30 16 5 25 10 28 12 6 5 25 29 16 30 19 11 14 18 14 7 21 3 19 26 21 24 20 2 27 1 20 18 11 30 12 12 21 14 23 11 18 6 6 23 30 13 5 4 2 23 13 1 25 7 5 1 8 18 20 2 18 4 5 27 11 2 3 1 10 9 1 26 15 16 14 29 27 9 27 3 28 17 21 26 11 11 26 15 26 17 8 24 19 13 22 16 30 19 29 11 26 13 20 28 4 18 13 8 20 7 19 17 16 9 11 10 2 6 25 8 15 9 12 4 28 19 9 21 1 11 10 11 2 23 26 9 19 16 20 6 28 4 21 2 20 11 10 4 17 12 3 2 24 22 13 23 7 9 26 28 15 29 4 14 23 14 19 29 10 23 2 29 12 4 21 1 17 10 19 25 15 12 18 24 6 5 21 1 4 15 20 10 28 2 2 12 20 13 20 14 11 18 30 29 18 24 4 1 13 17 9 10 19 30 15 12 28 14 30 8 20 24 22 27 12 6 6 6 15 10 2 29 11 20 11 14 12 29 15 27 18 23 8 29 20 12 27 1 18 15 27 22 22 24 9 7 16 21 4 27 10 12 28 17 26 4 24 27 20 4 2 25 19 12 23 17 14 15 19 27 6 12 17 15 13 11 28 17 25 14 8 3 4 12 9 18 15 4 26 20 2
3 11 7
381 70 12 277 623 377 552
2 11 6
676 481 559 699 197 456
0 8 2
543 119
0 20 3
383 6 62
0 11 2
179 136
0 5 2
167 463
0 10 2
444 464
0 8 1
8
4 13 9
319 566 317 242 392 394 697 198 141
2 8 6
330 340 181 514 148 349
1 8 7
607 14 448 490 296 498 295
0 18 2
694 362
2 11 7
151 69 407 375 660 565 589
2 14 5
46 477 223 161 342
1 7 5
332 605 591 81 51
0 17 1
94
0 13 1
260
0 14 2
370 674
0 13 2
248 47
0 7 1
172
0 5 1
101
0 8 1
278
0 6 5
546 495 32 144 610
0 8 3
441 486 548
0 9 1
542
1 12 4
63 165 256 5
1 7 6
264 206 191 410 642 475
1 10 6
156 532 483 613 281 608
1 12 3
104 553 480
0 9 2
259 2
1 13 4
196 85 217 575
1 12 4
324 55 298 98
0 13 3
254 357 202
0 10 3
41 96 305
0 13 3
579 421 153
1 6 5
72 306 384 379 411
0 5 3
270 679 640
0 15 1
482
0 19 1
316
0 5 4
39 580 289 634
0 17 1
100
0 9 2
402 672
0 7 1
447
1 10 4
594 45 291 616
0 4 5
690 433 127 213 466
2 9 4
137 635 184 34
1 14 4
56 509 157 570
0 8 4
304 453 606 192
0 7 4
338 331 576 619
0 7 5
283 74 618 106 363
2 12 8
171 150 412 122 561 678 654 513
1 16 4
149 83 123 309
0 12 2
489 240
1 11 3
604 237 268
1 11 4
346 625 578 154
0 14 2
262 75
1 11 6
646 231 647 530 218 30
0 10 2
258 36
0 10 2
208 300
0 12 1
643
0 8 2
574 312
0 3 5
204 288 241 657 315
2 9 4
627 40 516 252
0 14 3
178 529 658
0 14 3
520 158 59
2 12 8
424 199 273 361 664 368 155 389
0 9 1
163
1 7 2
19 79
0 6 1
418
0 9 4
352 344 442 519
0 7 4
517 21 243 269
0 8 5
7 89 675 169 612
0 15 1
86
0 12 3
10 125 49
2 13 5
451 527 78 396 472
0 12 3
176 323 371
2 14 7
255 52 687 614 93 329 38
1 12 7
238 563 28 246 301 180 188
0 11 2
91 166
0 4 2
540 476
0 8 2
152 313
0 10 2
267 294
0 13 1
120
1 14 3
224 133 584
1 10 4
276 194 118 108
0 18 2
595 244
0 16 2
17 247
0 18 1
539
1 9 1
0
1 23 1
1
3 18 1
3
1 22 1
4
2 17 2
9 102
3 21 1
11
3 14 3
13 195 228
3 18 2
15 665
2 21 1
16
6 19 1
18
2 15 2
20 360
3 22 1
22
3 26 1
23
2 24 1
24
1 20 1
25
3 16 1
26
2 21 1
27
2 15 2
29 211
1 22 2
31 293
2 21 1
33
2 20 1
35
1 28 1
37
1 12 1
42
5 23 1
43
1 17 2
44 103
1 18 1
48
1 35 1
50
1 21 1
53
2 26 1
54
1 27 1
57
5 25 1
58
3 24 1
60
1 16 1
61
1 13 1
64
1 12 1
65
2 29 1
66
1 21 1
67
1 23 1
68
5 28 1
71
3 23 1
73
1 23 1
76
1 23 1
77
1 20 1
80
2 15 1
82
4 23 1
84
1 15 1
87
1 14 1
88
1 19 1
90
1 18 1
92
1 15 1
95
2 24 1
97
1 14 1
99
1 12 1
105
1 31 1
107
4 24 1
109
2 17 1
110
5 26 2
111 671
1 9 1
112
1 16 1
113
3 15 2
114 617
4 25 1
115
3 22 1
116
4 21 1
117
1 18 1
121
3 18 1
124
2 21 1
126
1 19 1
128
1 15 1
129
4 25 1
130
4 22 1
131
2 22 1
132
2 22 1
134
1 17 1
135
1 21 1
138
1 23 1
139
2 25 1
140
2 16 1
142
1 14 1
143
3 19 1
145
2 18 2
146 471
4 23 1
147
2 26 1
159
1 12 1
160
3 26 1
162
6 19 1
164
1 17 1
168
1 21 1
170
1 18 1
173
1 30 1
174
1 12 1
175
2 21 1
177
4 22 1
182
3 24 1
183
3 17 1
185
1 18 1
186
2 17 1
187
5 22 1
189
1 13 1
190
2 12 1
193
2 23 1
200
6 21 1
201
5 19 2
203 564
2 20 2
205 573
4 26 1
207
1 17 1
209
1 16 1
210
1 16 1
212
2 18 1
214
1 13 1
215
2 19 1
216
1 26 1
219
2 20 1
220
5 19 1
221
1 19 1
222
4 21 1
225
1 19 1
226
3 17 1
227
3 18 1
229
6 22 1
230
1 21 1
232
2 19 1
233
3 17 1
234
3 22 1
235
1 20 2
236 251
1 26 2
239 511
3 18 1
245
1 9 1
249
4 26 1
250
2 18 1
253
2 14 1
257
2 23 1
261
6 24 1
263
6 24 1
265
3 32 1
266
1 31 1
271
1 31 1
272
1 19 1
274
1 28 1
275
1 15 1
279
2 17 1
280
1 11 2
282 667
2 25 1
284
5 21 2
285 399
3 19 1
286
6 29 1
287
1 17 1
290
2 33 1
292
4 22 1
297
1 20 1
299
1 30 1
302
1 22 1
303
1 21 1
307
4 23 1
308
1 21 1
310
1 28 1
311
2 26 1
314
1 21 2
318 632
1 26 1
320
6 23 1
321
1 26 1
322
2 17 2
325 390
1 24 1
326
1 18 1
327
1 16 1
328
1 21 2
333 347
1 17 1
334
1 22 1
335
1 21 1
336
3 20 2
337 369
6 23 1
339
2 28 1
341
3 24 1
343
1 20 1
345
2 29 1
348
1 20 1
350
1 27 1
351
6 21 1
353
1 20 1
354
2 25 1
355
4 25 2
356 544
1 22 1
358
1 24 1
359
1 14 2
364 554
1 14 1
365
3 21 1
366
3 26 1
367
1 28 1
372
1 22 1
373
1 15 1
374
3 20 1
376
1 17 1
378
5 22 1
380
1 27 1
382
4 21 1
385
4 21 1
386
2 30 1
387
2 24 1
388
1 15 1
391
1 13 1
393
1 31 1
395
1 24 1
397
4 21 1
398
1 20 1
400
1 20 1
401
1 14 1
403
3 28 1
404
1 25 1
405
4 22 1
406
1 15 1
408
5 27 1
409
1 14 1
413
5 23 1
414
2 20 1
415
1 19 1
416
2 19 1
417
5 26 1
419
1 14 1
420
1 28 1
422
3 22 1
423
4 22 1
425
2 16 1
426
1 22 2
427 478
4 24 1
428
3 26 1
429
5 27 1
430
1 29 1
431
1 15 1
432
1 27 1
434
1 13 1
435
5 21 1
436
3 21 1
437
3 22 1
438
1 22 1
439
4 24 1
440
3 32 2
443 692
1 15 1
445
3 21 1
446
3 14 1
449
1 15 1
450
3 22 1
452
4 22 1
454
1 17 1
455
2 17 1
457
2 19 1
458
1 21 1
459
2 21 1
460
4 26 1
461
1 14 1
462
3 17 1
465
6 21 1
467
1 31 1
468
1 25 1
469
4 21 1
470
1 17 1
473
4 25 1
474
5 23 1
479
3 19 1
484
1 17 1
485
2 22 1
487
2 16 1
488
1 20 1
491
1 14 2
492 597
2 20 1
493
2 21 1
494
2 21 1
496
3 25 1
497
1 24 1
499
5 23 1
500
2 20 2
501 622
1 14 1
502
6 22 1
503
4 21 1
504
1 12 1
505
2 19 1
506
1 13 1
507
2 17 1
508
1 20 1
510
1 31 1
512
3 22 1
515
1 19 1
518
1 19 1
521
1 14 1
522
2 19 1
523
1 27 1
524
1 19 1
525
4 24 1
526
1 23 1
528
3 18 1
531
1 25 1
533
2 18 1
534
1 22 1
535
1 13 1
536
4 24 1
537
2 23 1
538
1 19 1
541
2 14 1
545
1 21 1
547
2 16 1
549
1 18 1
550
5 18 1
551
2 22 1
555
1 12 1
556
1 33 1
557
3 17 1
558
3 18 1
560
4 24 1
562
4 21 1
567
1 21 1
568
5 23 1
569
2 20 1
571
2 21 1
572
3 18 1
577
4 18 1
581
1 23 1
582
3 19 1
583
2 19 1
585
1 20 1
586
5 24 1
587
4 25 1
588
4 20 1
590
1 20 1
592
2 19 1
593
1 14 1
596
2 20 1
598
1 11 1
599
2 26 1
600
1 17 1
601
1 28 1
602
1 11 1
603
1 23 1
609
1 25 1
611
1 14 1
615
1 29 1
620
6 23 1
621
4 22 1
624
2 18 1
626
1 15 1
628
1 16 1
629
3 23 1
630
3 17 1
631
1 22 1
633
1 22 1
636
1 28 1
637
2 27 1
638
2 21 1
639
1 21 1
641
3 14 1
644
2 19 1
645
2 31 1
648
3 20 1
649
1 10 1
650
3 18 2
651 686
1 32 1
652
2 22 1
653
1 14 1
655
2 19 1
656
1 12 1
659
2 27 1
661
1 27 1
662
4 23 1
663
2 21 1
666
2 24 1
668
1 22 1
669
2 27 1
670
3 20 1
673
1 30 1
677
4 21 1
680
2 19 1
681
5 26 1
682
4 18 1
683
6 25 1
684
1 24 1
685
2 20 1
688
5 25 1
689
1 23 1
691
2 20 1
693
1 22 1
695
1 14 1
696
6 26 1
698
