500 372 775 33
28 30 36 21 33 34 11 36 16 31 40 19 24 19 23 15 20 17 11 17 24 14 24 13 15 33 20 18 26 13 19 24 32 19 17 37 11 17 40 24 31 35 37 32 12 32 29 16 16 30 28 19 25 40 35 25 25 40 17 28 17 30 35 20 24 24 36 13 26 30 11 24 23 13 28 21 37 30 33 29 15 32 31 33 15 21 19 20 18 27 37 13 31 35 33 35 16 34 19 31 18 32 15 36 27 26 24 32 35 29 14 30 16 12 12 20 30 36 17 20 28 14 21 21 13 16 12 40 27 26 35 13 24 14 28 21 35 12 22 13 40 18 28 26 33 25 31 12 16 24 37 36 22 38 31 14 16 25 18 12 29 27 20 39 18 18 30 20 15 37 39 14 28 30 34 30 19 18 19 36 32 40 22 13 24 37 35 31 38 29 18 13 18 39 14 17 12 14 11 30 19 30 27 17 15 34 16 12 16 15 18 28 19 20 35 23 34 31 40 15 12 21 37 19 24 15 30 34 19 35 16 20 28 19 29 24 37 33 15 12 27 30 19 40 30 27 35 37 34 17 21 36 27 40 16 24 26 27 19 24 38 35 13 19 29 12 30 22 16 14 20 30 20 22 13 11 18 23 32 12 21 20 11 31 17 26 20 31 18 34 17 25 21 16 32 16 20 23 29 12 11 19 36 17 31 34 30 19 12 11 15 32 20 16 20 15 29 23 26 19 33 31 34 23 12 13 12 11 37 32 16 15 21 35 31 25 31 33 19 18 22 40 23 19 27 39 20 39 28 23 11 35 31 39 23 23 14 36 40 24 14 31 35 19 18 40 24 17 11 22 24 26 18 23 16 37 39 40 23 22 18 20 13 17 30 18 23 12 21 33 17 36 28 13 27 13 27 36 24 35 34 32 30 29 27 31 28 35 16 16 18 15 33 14 39 40 38 18 14 16 24 39 37 19 31 12 20 26 38 36 27 36 15 14 19 21 23 31 22 23 28 14 29 18 11 24 12 15 37 32 25 18 38 25 30 18 28 30 29 37 35 28 34 22 11 22 29 20 24 12 38 38 22 25 26 14 37 34 28 36 14 13 11 37 34 32 40 23 38 14 34 33 21 37 29 15 31 13 36 15
18 20 26 11 23 24 1 26 6 21 30 9 14 9 13 5 10 7 1 7 14 4 14 3 5 23 10 8 16 3 9 14 22 9 7 27 1 7 30 14 21 25 27 22 2 22 19 6 6 20 18 9 15 30 25 15 15 30 7 18 7 20 25 10 14 14 26 3 16 20 1 14 13 3 18 11 27 20 23 19 5 22 21 23 5 11 9 10 8 17 27 3 21 25 23 25 6 24 9 21 8 22 5 26 17 16 14 22 25 19 4 20 6 2 2 10 20 26 7 10 18 4 11 11 3 6 2 30 17 16 25 3 14 4 18 11 25 2 12 3 30 8 18 16 23 15 21 2 6 14 27 26 12 28 21 4 6 15 8 2 19 17 10 29 8 8 20 10 5 27 29 4 18 20 24 20 9 8 9 26 22 30 12 3 14 27 25 21 28 19 8 3 8 29 4 7 2 4 1 20 9 20 17 7 5 24 6 2 6 5 8 18 9 10 25 13 24 21 30 5 2 11 27 9 14 5 20 24 9 25 6 10 18 9 19 14 27 23 5 2 17 20 9 30 20 17 25 27 24 7 11 26 17 30 6 14 16 17 9 14 28 25 3 9 19 2 20 12 6 4 10 20 10 12 3 1 8 13 22 2 11 10 1 21 7 16 10 21 8 24 7 15 11 6 22 6 10 13 19 2 1 9 26 7 21 24 20 9 2 1 5 22 10 6 10 5 19 13 16 9 23 21 24 13 2 3 2 1 27 22 6 5 11 25 21 15 21 23 9 8 12 30 13 9 17 29 10 29 18 13 1 25 21 29 13 13 4 26 30 14 4 21 25 9 8 30 14 7 1 12 14 16 8 13 6 27 29 30 13 12 8 10 3 7 20 8 13 2 11 23 7 26 18 3 17 3 17 26 14 25 24 22 20 19 17 21 18 25 6 6 8 5 23 4 29 30 28 8 4 6 14 29 27 9 21 2 10 16 28 26 17 26 5 4 9 11 13 21 12 13 18 4 19 8 1 14 2 5 27 22 15 8 28 15 20 8 18 20 19 27 25 18 24 12 1 12 19 10 14 2 28 28 12 15 16 4 27 24 18 26 4 3 1 27 24 22 30 13 28 4 24 23 11 27 19 5 21 3 26 5
0 12 2
264 368
0 5 3
473 431 393
1 9 5
62 44 387 119 224
0 6 1
380
0 11 2
31 478
0 10 1
378
0 6 2
93 444
0 10 2
252 15
0 13 1
83
0 9 1
105
0 10 1
386
1 11 5
274 283 19 406 179
0 6 2
169 497
0 5 4
126 339 331 316
1 11 5
467 184 259 156 137
0 16 1
68
0 6 2
235 329
0 11 1
396
0 9 2
21 168
0 15 3
472 365 233
0 5 5
366 163 48 40 337
0 11 1
464
0 11 4
54 369 327 419
0 12 3
199 161 330
0 14 2
302 248
0 9 1
171
0 14 1
65
0 9 4
440 3 469 458
0 6 2
159 139
1 10 4
231 418 243 475
0 11 2
495 456
0 9 4
180 413 27 240
0 4 4
232 315 258 102
1 13 3
411 400 367
0 11 2
67 84
1 13 5
39 487 287 381 388
0 17 2
280 465
0 12 2
245 496
0 6 4
60 262 11 237
0 7 4
29 266 228 362
0 5 5
474 34 118 428 33
0 11 1
122
0 5 3
94 247 49
0 14 1
14
0 13 3
317 309 306
0 18 2
421 160
0 10 3
110 186 35
0 8 3
325 261 4
0 8 4
153 125 100 313
0 20 3
498 205 275
0 15 1
38
0 12 1
204
1 11 3
410 285 242
0 10 2
354 493
1 9 3
360 272 185
0 6 5
399 87 215 477 170
0 12 1
166
0 9 2
305 95
0 9 2
499 398
0 13 2
402 420
0 8 4
482 195 73 357
0 22 2
2 109
0 9 2
332 439
1 7 6
430 78 288 390 459 71
0 7 4
284 143 86 457
0 18 1
295
0 11 1
415
0 13 1
271
0 6 4
13 454 373 198
0 17 2
90 37
0 16 2
450 407
0 9 3
201 8 157
0 11 3
222 116 20
1 8 6
356 408 485 128 448 173
0 12 1
136
1 16 1
0
1 23 1
1
1 12 1
5
3 20 1
6
1 22 1
7
3 28 1
9
2 23 1
10
3 26 2
12 403
1 18 1
16
1 19 1
17
2 21 1
18
1 25 1
22
1 21 1
23
3 22 1
24
3 24 1
25
1 16 1
26
2 22 1
28
3 25 1
30
1 20 1
32
1 16 1
36
1 31 1
41
3 26 1
42
4 25 1
43
1 17 1
45
1 19 1
46
2 25 1
47
1 18 1
50
1 22 1
51
2 21 1
52
2 26 1
53
3 20 1
55
3 22 1
56
2 35 1
57
1 23 1
58
3 26 1
59
3 17 1
61
3 24 1
63
1 17 1
64
2 26 1
66
2 19 1
69
2 31 1
70
1 11 1
72
1 20 1
74
1 17 1
75
1 15 1
76
2 18 1
77
1 17 1
79
1 14 1
80
1 23 1
81
1 19 1
82
1 17 1
85
1 16 1
88
2 20 1
89
2 19 1
91
1 18 1
92
1 15 1
96
1 18 1
97
2 15 1
98
1 14 1
99
1 18 1
101
1 18 1
103
4 21 1
104
1 24 1
106
4 27 1
107
3 24 1
108
1 17 1
111
1 20 1
112
1 28 1
113
1 15 1
114
1 23 1
115
1 26 1
117
1 15 1
120
1 31 1
121
1 20 1
123
1 21 1
124
1 17 1
127
3 26 1
129
2 18 1
130
2 22 1
131
1 13 1
132
3 21 1
133
1 19 1
134
2 18 1
135
1 24 2
138 162
3 24 1
140
2 19 1
141
3 24 1
142
1 17 1
144
1 17 1
145
1 20 1
146
1 16 1
147
1 15 1
148
1 13 1
149
2 25 1
150
1 13 1
151
1 25 1
152
2 22 1
154
3 19 1
155
1 18 1
158
5 22 1
164
1 23 1
165
1 12 1
167
1 13 1
172
3 23 1
174
4 25 1
175
1 16 1
176
1 18 1
177
1 21 1
178
1 21 1
181
1 20 1
182
3 30 1
183
1 23 1
187
1 19 1
188
1 19 1
189
4 20 1
190
1 14 1
191
3 18 1
192
1 14 1
193
3 23 1
194
3 25 1
196
1 24 1
197
3 28 1
200
1 17 1
202
2 28 1
203
1 14 1
206
1 21 1
207
1 16 1
208
3 23 1
209
1 18 1
210
1 21 1
211
1 17 1
212
1 18 1
213
3 17 1
214
2 21 1
216
1 16 2
217 292
2 24 1
218
1 23 1
219
1 18 1
220
1 12 1
221
1 21 1
223
1 17 1
225
4 25 1
226
1 17 1
227
1 18 1
229
1 16 1
230
1 21 1
234
2 31 1
236
3 21 1
238
3 25 1
239
1 25 1
241
4 24 1
244
2 17 1
246
2 21 1
249
3 25 1
250
2 27 1
251
1 18 1
253
1 23 1
254
1 19 1
255
1 21 1
256
2 25 1
257
2 27 1
260
3 19 2
263 334
1 18 1
265
1 16 1
267
3 22 1
268
1 24 1
269
1 22 1
270
1 28 1
273
3 19 1
276
1 16 1
277
1 14 1
278
3 24 1
279
1 20 1
281
1 17 1
282
1 12 1
286
1 18 1
289
2 27 1
290
2 27 2
291 449
1 20 1
293
1 19 1
294
1 15 1
296
2 24 1
297
1 20 1
298
1 10 1
299
4 24 1
300
3 22 1
301
2 25 1
303
1 14 1
304
1 20 1
307
1 17 1
308
1 18 1
310
1 26 1
311
2 31 1
312
1 15 1
314
1 34 1
318
1 12 1
319
2 19 1
320
1 22 1
321
3 25 1
322
1 17 1
323
3 20 1
324
3 19 1
326
3 22 1
328
3 26 1
333
2 26 1
335
3 23 1
336
3 20 1
338
1 16 1
340
1 23 1
341
3 26 1
342
3 23 1
343
1 11 1
344
1 11 1
345
2 21 1
346
3 21 1
347
2 26 1
348
2 22 1
349
1 15 1
350
2 23 1
351
1 20 1
352
3 28 1
353
1 15 1
355
5 26 2
358 385
1 23 1
359
1 20 1
361
2 23 1
363
1 14 1
364
1 25 1
370
1 27 1
371
4 24 1
372
2 23 1
374
3 24 1
375
1 12 1
376
2 29 1
377
1 26 1
379
1 24 1
382
4 21 1
383
1 19 1
384
4 22 1
389
3 28 1
391
3 20 1
392
3 23 1
394
3 20 1
395
1 21 1
397
1 18 1
401
3 18 1
404
4 24 1
405
1 13 1
409
1 16 1
412
1 19 1
414
1 20 1
416
1 14 1
417
1 16 1
422
2 30 1
423
1 17 1
424
1 19 1
425
1 11 1
426
3 21 1
427
1 21 1
429
1 12 1
432
3 19 1
433
1 24 1
434
1 20 1
435
1 15 1
436
1 20 1
437
1 24 1
438
1 18 1
441
1 24 1
442
2 19 1
443
2 23 1
445
2 26 1
446
1 24 1
447
3 21 1
451
1 15 1
452
4 28 1
453
2 27 1
455
2 25 1
460
2 28 1
461
2 25 1
462
1 17 1
463
4 22 1
466
1 16 1
468
1 19 1
470
1 17 1
471
1 20 1
476
1 24 1
479
2 16 1
480
1 12 1
481
1 19 1
483
3 25 1
484
1 21 1
486
1 16 1
488
1 17 1
489
1 21 1
490
1 21 1
491
2 27 1
492
1 21 1
494
