800 520 1240 53
37 28 38 30 33 11 11 22 16 12 11 17 37 22 17 13 32 27 20 15 17 24 11 37 23 19 38 17 29 24 14 33 13 18 11 26 30 16 33 24 16 34 38 29 28 14 11 35 36 11 12 27 18 27 25 18 21 36 14 36 35 40 19 26 34 24 12 22 28 28 16 13 37 26 16 22 29 19 38 21 25 40 26 24 15 18 28 25 23 35 28 32 31 19 40 19 27 33 27 17 19 23 11 16 18 13 39 20 31 35 17 28 17 18 30 30 24 23 29 34 17 33 26 31 22 26 37 38 22 36 37 12 31 24 14 27 19 16 17 14 37 16 11 13 16 27 17 18 18 31 16 12 39 13 13 26 37 27 28 39 14 16 18 26 23 15 17 31 14 32 30 34 39 15 15 31 37 35 39 24 39 39 14 38 31 29 28 20 14 12 30 29 18 28 19 19 35 16 20 21 37 40 30 19 25 30 26 39 21 31 26 38 38 39 31 39 25 34 11 31 21 32 13 23 12 26 11 29 25 17 17 14 29 16 40 18 36 23 16 23 27 14 27 25 18 34 22 30 31 25 15 13 39 24 34 14 34 32 36 39 22 30 17 24 11 15 22 14 36 17 36 35 18 12 17 23 28 27 21 30 32 34 18 31 32 27 40 39 31 21 17 12 29 35 19 22 18 25 35 39 15 26 34 23 17 13 13 20 23 17 18 25 39 11 19 24 38 29 33 11 19 32 34 18 24 37 12 13 34 40 25 19 13 34 31 29 28 40 25 32 34 19 29 28 40 19 37 14 37 39 22 20 14 12 30 20 30 25 14 18 12 35 16 19 29 21 19 26 31 24 20 30 11 33 26 32 35 37 14 15 11 31 35 40 24 34 25 34 38 12 22 15 33 18 37 24 19 21 27 24 16 29 15 39 14 19 21 26 35 15 12 17 25 16 35 38 31 34 17 17 19 22 27 36 40 20 21 27 16 24 14 25 14 20 38 31 15 24 21 37 36 14 24 16 36 37 36 11 11 26 11 31 30 21 19 19 22 20 32 24 27 39 34 12 22 29 14 22 39 26 17 25 38 39 23 12 14 23 37 40 40 36 25 25 24 12 24 24 17 38 27 19 38 29 26 20 30 31 23 37 19 20 22 18 40 18 21 33 18 20 26 33 11 14 22 16 13 29 13 19 21 28 12 12 28 27 36 16 28 16 28 36 32 23 23 15 23 14 40 26 36 21 14 39 24 17 24 26 15 21 39 21 11 38 16 15 12 16 39 18 13 27 37 15 17 26 27 30 25 12 29 28 22 17 29 20 27 19 31 18 24 17 21 33 25 20 34 25 17 40 40 19 39 15 34 38 25 36 22 37 27 26 34 28 24 36 40 14 36 28 11 36 19 34 31 23 33 15 14 37 38 22 13 35 26 39 26 22 16 28 35 30 11 26 29 14 35 21 22 27 17 21 12 28 21 34 23 20 34 33 34 24 30 32 14 30 20 28 21 35 28 37 37 30 33 33 40 33 12 15 32 15 18 13 33 16 31 37 17 29 15 15 18 29 32 40 30 40 39 36 24 30 32 17 39 15 27 26 26 11 20 31 40 22 13 26 29 29 26 13 16 38 25 30 40 19 24 37 27 31 39 22 20 24 39 33 28 36 28 39 35 40 33 37 17 24 30 34 36 15 20 27 14 11 28 17 34 27 19 26 30 40 15 18 29 24 32 38 12 26 20 19 36 40 24 35 19 12 25 19 20 24 37 30 15 31 33 40 27 28 32 17 39 28 38 15 11 15 29 28 13 39 27 22 16 20 35 20 25 36
27 18 28 20 23 1 1 12 6 2 1 7 27 12 7 3 22 17 10 5 7 14 1 27 13 9 28 7 19 14 4 23 3 8 1 16 20 6 23 14 6 24 28 19 18 4 1 25 26 1 2 17 8 17 15 8 11 26 4 26 25 30 9 16 24 14 2 12 18 18 6 3 27 16 6 12 19 9 28 11 15 30 16 14 5 8 18 15 13 25 18 22 21 9 30 9 17 23 17 7 9 13 1 6 8 3 29 10 21 25 7 18 7 8 20 20 14 13 19 24 7 23 16 21 12 16 27 28 12 26 27 2 21 14 4 17 9 6 7 4 27 6 1 3 6 17 7 8 8 21 6 2 29 3 3 16 27 17 18 29 4 6 8 16 13 5 7 21 4 22 20 24 29 5 5 21 27 25 29 14 29 29 4 28 21 19 18 10 4 2 20 19 8 18 9 9 25 6 10 11 27 30 20 9 15 20 16 29 11 21 16 28 28 29 21 29 15 24 1 21 11 22 3 13 2 16 1 19 15 7 7 4 19 6 30 8 26 13 6 13 17 4 17 15 8 24 12 20 21 15 5 3 29 14 24 4 24 22 26 29 12 20 7 14 1 5 12 4 26 7 26 25 8 2 7 13 18 17 11 20 22 24 8 21 22 17 30 29 21 11 7 2 19 25 9 12 8 15 25 29 5 16 24 13 7 3 3 10 13 7 8 15 29 1 9 14 28 19 23 1 9 22 24 8 14 27 2 3 24 30 15 9 3 24 21 19 18 30 15 22 24 9 19 18 30 9 27 4 27 29 12 10 4 2 20 10 20 15 4 8 2 25 6 9 19 11 9 16 21 14 10 20 1 23 16 22 25 27 4 5 1 21 25 30 14 24 15 24 28 2 12 5 23 8 27 14 9 11 17 14 6 19 5 29 4 9 11 16 25 5 2 7 15 6 25 28 21 24 7 7 9 12 17 26 30 10 11 17 6 14 4 15 4 10 28 21 5 14 11 27 26 4 14 6 26 27 26 1 1 16 1 21 20 11 9 9 12 10 22 14 17 29 24 2 12 19 4 12 29 16 7 15 28 29 13 2 4 13 27 30 30 26 15 15 14 2 14 14 7 28 17 9 28 19 16 10 20 21 13 27 9 10 12 8 30 8 11 23 8 10 16 23 1 4 12 6 3 19 3 9 11 18 2 2 18 17 26 6 18 6 18 26 22 13 13 5 13 4 30 16 26 11 4 29 14 7 14 16 5 11 29 11 1 28 6 5 2 6 29 8 3 17 27 5 7 16 17 20 15 2 19 18 12 7 19 10 17 9 21 8 14 7 11 23 15 10 24 15 7 30 30 9 29 5 24 28 15 26 12 27 17 16 24 18 14 26 30 4 26 18 1 26 9 24 21 13 23 5 4 27 28 12 3 25 16 29 16 12 6 18 25 20 1 16 19 4 25 11 12 17 7 11 2 18 11 24 13 10 24 23 24 14 20 22 4 20 10 18 11 25 18 27 27 20 23 23 30 23 2 5 22 5 8 3 23 6 21 27 7 19 5 5 8 19 22 30 20 30 29 26 14 20 22 7 29 5 17 16 16 1 10 21 30 12 3 16 19 19 16 3 6 28 15 20 30 9 14 27 17 21 29 12 10 14 29 23 18 26 18 29 25 30 23 27 7 14 20 24 26 5 10 17 4 1 18 7 24 17 9 16 20 30 5 8 19 14 22 28 2 16 10 9 26 30 14 25 9 2 15 9 10 14 27 20 5 21 23 30 17 18 22 7 29 18 28 5 1 5 19 18 3 29 17 12 6 10 25 10 15 26
0 11 2
764 269
0 12 1
429
1 11 4
232 99 585 50
1 8 6
38 163 567 470 164 770
0 12 2
713 669
1 12 5
673 610 440 318 189
0 6 6
478 37 645 68 612 9
0 15 1
237
0 12 2
136 742
0 10 1
78
0 3 8
443 110 793 4 694 150 532 759
0 13 3
219 412 24
1 9 5
615 723 523 522 707
1 8 5
678 138 327 386 631
0 12 2
392 148
2 10 6
418 423 502 210 194 488
0 12 3
135 88 67
2 13 5
596 276 368 617 30
1 9 7
758 576 52 476 244 239 458
0 9 1
706
1 10 7
792 26 727 305 303 605 583
0 7 5
179 121 342 543 235
0 18 1
86
0 21 2
664 354
0 6 1
681
2 9 7
589 31 672 87 624 84 338
3 15 6
788 301 693 125 215 511
1 12 5
621 736 35 741 336
1 8 6
699 17 116 609 152 6
0 10 1
773
3 13 8
562 504 726 56 538 361 497 246
0 7 4
756 469 581 281
3 15 7
177 107 98 500 340 271 665
0 14 4
369 762 642 394
1 13 4
493 266 531 166
0 6 5
306 496 146 460 134
0 8 2
607 42
2 10 7
456 55 506 39 772 709 798
1 9 4
786 409 54 320
1 12 4
544 578 45 393
0 8 5
255 459 401 724 290
1 13 3
221 142 209
0 4 3
689 637 779
2 9 7
413 415 314 379 240 95 365
0 11 2
551 117
1 13 3
326 633 129
0 6 4
357 462 128 721
1 8 6
310 622 570 439 701 391
1 15 3
115 44 775
0 4 5
279 549 93 374 208
0 10 1
76
0 16 2
636 564
0 5 4
258 649 537 404
0 19 3
599 66 200
0 5 3
565 204 457
0 12 2
122 414
2 14 7
343 175 591 536 472 153 592
0 11 2
657 717
0 10 3
65 100 584
2 17 5
402 557 424 387 763
0 12 1
227
0 10 2
487 367
0 11 1
768
0 12 1
735
2 17 5
510 731 265 261 59
1 10 6
663 313 283 319 270 465
1 8 8
428 156 666 253 441 167 130 275
1 12 4
362 535 322 600
0 12 4
89 711 337 28
0 8 3
477 291 201
0 7 1
351
1 11 4
448 217 395 682
3 12 10
573 687 748 629 626 667 618 559 15 427
2 12 6
211 430 165 534 132 21
3 14 6
155 297 176 371 72 94
0 11 1
660
0 13 2
568 714
2 10 6
795 405 309 494 174 108
2 15 5
81 304 529 651 242
0 18 2
377 715
0 10 1
20
0 10 2
668 594
1 8 6
157 644 765 738 704 623
0 8 3
114 16 630
0 7 2
519 262
0 8 2
474 482
2 11 6
492 13 520 593 339 528
3 24 1
0
1 17 1
1
2 20 2
2 230
1 22 1
3
3 24 1
5
1 19 2
7 236
1 13 1
8
7 26 1
10
1 18 1
11
1 32 1
12
1 19 1
14
2 23 1
18
2 20 1
19
1 17 1
22
4 24 1
23
3 17 1
25
1 13 1
27
2 22 1
29
6 23 1
32
4 27 1
33
6 24 1
34
1 16 1
36
5 18 2
40 330
6 23 2
41 746
1 12 2
43 97
1 23 2
46 228
1 16 1
47
3 26 1
48
5 19 1
49
3 20 1
51
1 22 1
53
2 33 1
57
3 17 1
58
1 23 1
60
3 22 1
61
1 22 1
62
3 22 1
63
7 30 1
64
6 20 1
69
3 25 1
70
1 14 1
71
1 22 1
73
1 15 1
74
1 14 1
75
3 21 1
77
2 29 1
79
1 21 1
80
1 28 1
82
3 14 2
83 355
3 24 1
85
1 14 1
90
4 22 1
91
1 27 1
92
1 15 1
96
6 21 1
101
1 21 1
102
6 24 1
103
2 19 1
104
2 28 1
105
1 11 1
106
4 29 2
109 222
2 24 1
111
6 20 1
112
2 23 1
113
1 24 1
118
5 18 1
119
2 19 1
120
2 24 1
123
1 22 1
124
1 16 1
126
2 23 1
127
2 16 1
131
1 8 1
133
2 23 1
137
1 17 1
139
3 16 1
140
1 21 1
141
1 21 1
143
2 22 1
144
7 30 1
145
5 18 2
147 160
2 30 1
149
3 16 1
151
3 24 1
154
1 21 1
158
1 20 1
159
3 23 1
161
1 19 1
162
2 31 2
168 541
3 22 1
169
3 25 1
170
4 19 1
171
4 20 3
172 214 778
4 24 1
173
3 23 1
178
2 31 1
180
1 21 1
181
2 24 1
182
1 24 1
183
1 13 1
184
2 28 1
185
7 25 1
186
4 23 1
187
7 26 1
188
1 16 1
190
3 22 1
191
2 23 1
192
1 16 1
193
2 17 1
195
1 30 1
196
2 33 1
197
3 17 1
198
1 17 1
199
2 25 1
202
2 21 1
203
1 21 1
205
1 20 1
206
1 13 2
207 582
5 26 1
212
2 27 1
213
1 16 1
216
1 26 1
218
1 15 1
220
1 12 1
223
3 19 1
224
1 14 1
225
1 14 1
226
2 18 1
229
1 19 1
231
3 17 1
233
2 20 2
234 334
4 25 1
238
3 23 1
241
7 22 2
243 542
1 20 1
245
5 21 1
247
3 18 1
248
4 27 1
249
3 22 1
250
4 28 1
251
4 23 1
252
1 22 1
254
4 23 1
256
1 23 1
257
1 17 1
259
2 20 1
260
6 19 1
263
1 27 1
264
1 28 1
267
6 22 1
268
5 25 1
272
6 22 1
273
1 25 1
274
1 22 1
277
4 21 1
278
1 26 1
280
1 24 1
282
1 12 1
284
1 18 1
285
2 22 1
286
3 16 1
287
3 24 1
288
3 17 1
289
2 33 2
292 383
6 21 1
293
1 16 1
294
1 27 1
295
1 14 1
296
1 23 1
298
6 24 1
299
1 21 2
300 787
4 20 1
302
3 17 1
307
1 17 1
308
4 30 1
311
1 17 1
312
1 29 1
315
2 19 1
316
2 23 1
317
1 19 1
321
1 19 1
323
1 18 1
324
2 21 2
325 350
1 7 1
328
1 14 1
329
1 13 1
331
6 23 1
332
1 14 1
333
1 15 2
335 454
3 28 1
341
3 18 1
344
5 20 2
345 799
1 28 1
346
3 21 1
347
1 29 1
348
1 16 1
349
1 20 1
352
1 16 1
353
1 23 2
356 449
2 21 1
358
1 22 1
359
4 22 1
360
2 20 1
363
1 11 2
364 739
2 26 1
366
1 17 1
370
3 23 1
372
1 19 1
373
3 21 1
375
4 19 1
376
2 16 1
378
1 22 1
380
3 25 1
381
3 18 1
382
1 32 1
384
2 27 1
385
1 27 1
388
1 18 1
389
4 22 1
390
6 21 2
396 754
2 21 1
397
2 26 1
398
1 18 1
399
1 21 1
400
3 20 1
403
4 22 1
406
4 28 1
407
2 21 1
408
2 21 1
410
1 21 1
411
3 21 1
416
3 23 1
417
1 16 1
419
1 19 1
420
6 22 1
421
4 21 1
422
1 23 1
425
1 15 1
426
3 23 1
431
3 22 1
432
2 18 1
433
7 26 1
434
1 21 1
435
2 18 1
436
6 27 1
437
2 20 1
438
1 24 1
442
3 15 2
444 745
3 15 1
445
1 21 1
446
1 25 1
447
4 24 1
450
1 29 1
451
3 24 1
452
3 22 2
453 588
1 31 1
455
6 24 1
461
4 21 1
463
4 23 1
464
2 20 1
466
1 18 1
467
2 26 1
468
5 22 2
471 499
1 14 1
473
1 24 1
475
4 23 1
479
1 20 1
480
2 29 1
481
4 27 1
483
1 23 1
484
1 24 1
485
3 21 1
486
6 24 1
489
2 23 1
490
2 24 1
491
6 23 1
495
4 25 1
498
1 11 1
501
2 20 1
503
1 15 1
505
3 22 1
507
2 20 1
508
1 13 1
509
6 27 1
512
1 19 1
513
1 12 1
514
2 25 1
515
1 16 1
516
1 21 1
517
3 18 1
518
1 18 1
521
4 18 1
524
1 29 1
525
3 22 2
526 760
3 19 1
527
2 31 1
530
1 19 1
533
3 21 1
539
1 20 1
540
4 27 1
545
1 17 1
546
2 20 1
547
2 14 1
548
1 24 1
550
1 20 1
552
4 20 1
553
1 16 1
554
3 15 1
555
1 15 1
556
4 23 1
558
1 22 1
560
2 19 1
561
4 22 1
563
1 25 1
566
1 29 1
569
2 37 1
571
2 17 1
572
4 20 1
574
6 27 1
575
2 27 1
577
1 25 1
579
3 20 1
580
5 20 1
586
3 27 1
587
2 21 1
590
5 20 1
595
1 18 1
597
1 13 1
598
2 26 1
601
3 21 1
602
1 17 1
603
2 14 1
604
1 14 1
606
3 22 1
608
2 23 1
611
4 26 1
613
1 13 1
614
2 25 1
616
6 19 1
619
1 14 1
620
2 22 1
625
1 24 1
627
1 30 1
628
1 15 1
632
1 14 1
634
2 22 1
635
1 21 1
638
3 22 1
639
4 23 1
640
2 14 1
641
1 20 1
643
1 12 1
646
5 20 1
647
4 24 1
648
3 23 1
650
1 38 1
652
4 24 1
653
3 20 2
654 720
3 23 1
655
2 19 1
656
1 15 1
658
1 17 1
659
1 24 1
661
2 25 1
662
1 27 1
670
1 22 1
671
1 18 1
674
1 16 1
675
1 30 1
676
6 29 1
677
1 20 1
679
1 17 1
680
2 21 1
683
2 31 1
684
3 23 1
685
2 20 1
686
1 24 1
688
1 18 1
690
3 23 1
691
2 19 1
692
2 24 1
695
3 25 1
696
1 26 1
697
3 25 1
698
5 22 2
700 780
3 28 1
702
5 23 1
703
1 26 1
705
1 18 1
708
3 16 1
710
3 20 1
712
4 25 1
716
1 24 1
718
2 28 1
719
1 26 1
722
2 23 1
725
2 23 1
728
2 20 1
729
1 15 1
730
1 16 1
732
7 29 1
733
1 18 1
734
1 15 1
737
1 21 1
740
1 20 1
743
1 31 1
744
6 22 1
747
3 23 1
749
4 24 1
750
1 22 1
751
1 16 1
752
2 29 1
753
2 23 1
755
2 19 1
757
1 18 1
761
1 17 1
766
7 27 1
767
1 20 1
769
4 24 1
771
1 12 1
774
1 30 1
776
2 27 1
777
2 18 1
781
1 18 1
782
1 16 1
783
1 23 1
784
3 26 1
785
1 21 1
789
1 22 1
790
1 27 1
791
3 23 1
794
4 26 1
796
1 23 1
797
