700 498 1085 47
12 11 34 36 24 18 35 25 31 37 15 27 24 39 28 16 34 29 18 20 16 31 13 18 25 15 33 34 40 19 34 21 33 16 21 17 27 31 38 28 15 36 15 14 35 22 26 37 38 17 30 34 11 34 16 35 16 16 26 15 39 32 13 26 31 36 36 19 21 26 38 33 29 36 33 16 13 20 26 33 39 21 18 34 22 25 33 25 19 36 21 31 15 17 35 37 31 26 23 29 20 13 38 27 13 19 35 12 34 34 11 26 39 14 37 15 18 33 14 18 26 31 26 12 26 24 15 16 18 17 26 40 21 33 36 39 13 26 35 32 24 17 15 15 23 28 31 39 13 13 11 29 39 15 35 25 23 24 18 29 13 28 34 17 36 15 11 21 16 28 33 23 34 36 36 25 35 29 22 28 24 24 32 36 16 18 24 19 11 21 28 17 18 25 17 36 20 17 22 33 11 31 19 11 15 39 16 23 23 21 35 27 18 13 27 22 38 29 23 34 24 31 37 33 39 31 32 18 16 26 34 11 37 40 12 28 23 12 11 26 33 35 30 38 14 23 24 22 35 31 32 20 20 12 38 36 21 11 14 24 31 23 23 24 26 24 16 19 16 22 36 34 20 25 37 12 27 38 39 37 13 33 35 12 36 22 13 34 35 27 35 20 17 21 20 22 34 37 26 39 25 35 40 15 28 21 20 31 26 20 35 21 26 12 12 17 29 14 37 36 21 18 40 18 15 33 36 18 12 22 33 22 16 32 34 16 33 26 12 27 39 14 18 25 24 32 20 20 31 36 26 32 35 36 12 40 31 27 19 23 18 20 19 29 13 31 24 18 39 27 11 17 12 21 32 11 30 16 20 30 31 21 25 20 27 13 16 31 24 38 34 12 15 35 35 24 20 23 38 11 15 17 33 37 30 12 33 11 39 31 13 35 30 19 32 28 23 17 12 24 13 23 25 36 35 39 23 24 18 13 29 20 30 20 15 29 21 17 32 17 36 40 40 18 39 29 11 19 15 21 33 24 38 34 20 14 25 12 29 15 23 15 16 20 26 36 11 40 17 19 30 25 27 37 29 15 33 38 40 29 13 18 26 12 40 15 20 36 25 32 16 40 24 29 34 19 39 34 28 11 22 19 24 12 27 26 24 22 27 36 38 32 36 13 11 25 22 11 24 30 12 14 13 35 34 28 22 29 37 31 29 33 33 11 29 37 32 21 14 27 23 17 15 24 37 11 29 38 13 28 12 22 14 33 17 29 34 12 11 34 31 36 17 29 23 12 17 24 18 22 29 25 28 22 30 25 39 33 19 17 12 40 17 22 15 27 39 14 28 25 30 13 13 24 23 22 36 29 38 15 33 37 40 17 31 18 33 24 27 25 13 28 38 20 20 28 34 20 18 16 22 14 14 28 37 30 25 37 18 36 27 19 20 20 13 13 35 18 14 31 32 14 32 13 18 18 28 19 31 21 31 28 18 33 20 25 15 39 21 14 25 37 26 25 25 22 34 25 24 17 29 26 13 17 13 38 31 25 11 34 39 11 28 22 22 11 28 26 17 37 22 16 15 31 29 33 15 23 29 32
2 1 24 26 14 8 25 15 21 27 5 17 14 29 18 6 24 19 8 10 6 21 3 8 15 5 23 24 30 9 24 11 23 6 11 7 17 21 28 18 5 26 5 4 25 12 16 27 28 7 20 24 1 24 6 25 6 6 16 5 29 22 3 16 21 26 26 9 11 16 28 23 19 26 23 6 3 10 16 23 29 11 8 24 12 15 23 15 9 26 11 21 5 7 25 27 21 16 13 19 10 3 28 17 3 9 25 2 24 24 1 16 29 4 27 5 8 23 4 8 16 21 16 2 16 14 5 6 8 7 16 30 11 23 26 29 3 16 25 22 14 7 5 5 13 18 21 29 3 3 1 19 29 5 25 15 13 14 8 19 3 18 24 7 26 5 1 11 6 18 23 13 24 26 26 15 25 19 12 18 14 14 22 26 6 8 14 9 1 11 18 7 8 15 7 26 10 7 12 23 1 21 9 1 5 29 6 13 13 11 25 17 8 3 17 12 28 19 13 24 14 21 27 23 29 21 22 8 6 16 24 1 27 30 2 18 13 2 1 16 23 25 20 28 4 13 14 12 25 21 22 10 10 2 28 26 11 1 4 14 21 13 13 14 16 14 6 9 6 12 26 24 10 15 27 2 17 28 29 27 3 23 25 2 26 12 3 24 25 17 25 10 7 11 10 12 24 27 16 29 15 25 30 5 18 11 10 21 16 10 25 11 16 2 2 7 19 4 27 26 11 8 30 8 5 23 26 8 2 12 23 12 6 22 24 6 23 16 2 17 29 4 8 15 14 22 10 10 21 26 16 22 25 26 2 30 21 17 9 13 8 10 9 19 3 21 14 8 29 17 1 7 2 11 22 1 20 6 10 20 21 11 15 10 17 3 6 21 14 28 24 2 5 25 25 14 10 13 28 1 5 7 23 27 20 2 23 1 29 21 3 25 20 9 22 18 13 7 2 14 3 13 15 26 25 29 13 14 8 3 19 10 20 10 5 19 11 7 22 7 26 30 30 8 29 19 1 9 5 11 23 14 28 24 10 4 15 2 19 5 13 5 6 10 16 26 1 30 7 9 20 15 17 27 19 5 23 28 30 19 3 8 16 2 30 5 10 26 15 22 6 30 14 19 24 9 29 24 18 1 12 9 14 2 17 16 14 12 17 26 28 22 26 3 1 15 12 1 14 20 2 4 3 25 24 18 12 19 27 21 19 23 23 1 19 27 22 11 4 17 13 7 5 14 27 1 19 28 3 18 2 12 4 23 7 19 24 2 1 24 21 26 7 19 13 2 7 14 8 12 19 15 18 12 20 15 29 23 9 7 2 30 7 12 5 17 29 4 18 15 20 3 3 14 13 12 26 19 28 5 23 27 30 7 21 8 23 14 17 15 3 18 28 10 10 18 24 10 8 6 12 4 4 18 27 20 15 27 8 26 17 9 10 10 3 3 25 8 4 21 22 4 22 3 8 8 18 9 21 11 21 18 8 23 10 15 5 29 11 4 15 27 16 15 15 12 24 15 14 7 19 16 3 7 3 28 21 15 1 24 29 1 18 12 12 1 18 16 7 27 12 6 5 21 19 23 5 13 19 22
0 6 2
363 452
0 7 6
423 630 374 117 437 36
1 13 3
4 329 685
1 13 5
18 80 457 662 9
1 9 5
369 407 309 512 89
0 8 3
572 523 76
1 9 4
608 451 69 181
1 8 5
550 195 139 405 133
0 3 1
455
0 19 1
493
0 12 1
525
0 8 2
109 606
1 11 4
505 228 164 486
0 12 1
256
0 9 3
673 24 354
1 12 4
326 690 235 499
0 3 7
40 208 448 34 193 449 29
1 8 6
545 8 611 284 355 186
0 10 2
603 43
0 7 1
468
2 15 5
289 79 681 445 425
0 3 5
72 507 227 311 130
0 7 1
166
1 10 5
257 388 371 697 632
1 14 4
278 298 693 521
0 5 3
687 33 74
1 11 5
290 680 209 297 327
0 3 6
236 207 406 287 528 180
0 12 2
664 639
0 5 5
320 35 368 478 68
1 10 5
154 223 206 48 475
0 8 2
30 623
0 8 2
332 699
0 10 2
403 222
0 13 1
56
0 12 3
500 179 460
3 14 8
325 484 497 379 418 442 541 657
1 10 6
86 7 522 214 435 97
1 12 5
649 595 553 205 147
0 5 1
557
0 13 2
172 38
2 15 5
538 216 210 306 224
1 10 4
267 648 258 586
0 10 2
81 230
0 12 1
419
0 12 1
305
0 16 1
199
1 6 8
667 202 331 136 78 487 666 250
2 11 7
54 159 168 45 393 401 95
0 18 2
559 625
0 14 3
430 517 102
0 11 3
233 114 650
0 6 3
554 410 71
2 13 7
174 627 552 638 413 270 141
0 3 4
358 3 395 696
0 5 6
503 116 602 337 134 626
0 5 2
128 118
0 8 1
140
0 8 2
15 121
0 12 2
621 429
1 8 8
398 450 432 183 0 279 66 473
0 5 6
343 163 77 597 513 564
1 13 2
562 471
0 2 6
520 645 584 378 647 537
0 9 2
107 291
0 12 1
616
1 11 5
198 135 155 285 360
0 6 2
426 105
0 7 1
346
0 9 1
420
0 5 2
67 120
0 20 2
567 201
2 15 5
51 263 474 588 138
0 11 3
274 345 594
0 9 1
414
0 14 1
315
0 11 2
93 203
3 27 2
1 63
7 25 1
2
2 33 1
5
2 16 1
6
1 21 1
10
3 20 1
11
1 22 1
12
4 21 1
13
1 21 1
14
2 21 1
16
1 12 1
17
1 17 1
19
1 8 1
20
2 17 1
21
1 13 1
22
1 15 1
23
4 22 1
25
1 8 1
26
1 21 1
27
2 27 1
28
1 14 1
31
2 20 1
32
1 24 1
37
1 13 1
39
2 19 1
41
4 19 1
42
3 16 1
44
1 29 1
46
3 20 1
47
2 20 1
49
3 24 1
50
1 12 1
52
3 15 1
53
6 27 2
55 188
1 9 1
57
1 23 1
58
3 15 1
59
3 23 1
60
2 21 1
61
1 14 1
62
3 25 1
64
2 31 1
65
1 19 2
70 73
1 13 2
75 323
2 22 1
82
1 33 1
83
3 25 1
84
3 24 1
85
4 24 1
87
1 25 2
88 574
1 18 1
90
1 17 1
91
1 10 1
92
1 24 1
94
1 15 1
96
4 23 1
98
1 17 1
99
2 23 1
100
2 19 2
101 387
1 15 1
103
1 15 1
104
2 18 1
106
1 21 2
108 389
3 27 1
110
1 23 1
111
2 23 1
112
1 15 1
113
3 20 2
115 446
4 22 1
119
2 24 1
122
1 19 1
123
3 22 1
124
3 16 1
125
1 19 1
126
1 20 1
127
1 14 1
129
1 32 1
131
1 21 1
132
7 23 1
137
2 25 1
142
1 11 1
143
4 25 1
144
2 21 1
145
3 21 1
146
2 27 1
148
1 18 1
149
4 22 1
150
3 22 1
151
3 27 1
152
4 23 1
153
3 17 1
156
2 10 1
157
1 24 1
158
2 16 1
160
1 25 1
161
1 19 1
162
1 19 1
165
7 22 1
167
1 13 1
169
2 26 1
170
2 23 1
171
1 21 1
173
2 16 1
175
1 29 1
176
1 11 1
177
1 15 1
178
2 17 1
182
5 22 1
184
1 5 1
185
1 23 1
187
1 12 1
189
2 24 1
190
2 17 1
191
5 26 1
192
1 13 1
194
1 13 1
196
1 19 1
197
1 9 1
200
2 30 1
204
1 15 1
211
1 15 1
212
2 15 1
213
1 12 1
215
2 22 1
217
1 15 1
218
2 21 1
219
2 27 2
220 361
5 23 1
221
2 23 2
225 422
2 23 1
226
1 17 1
229
1 15 1
231
2 31 1
232
2 10 1
234
2 20 1
237
2 17 1
238
1 13 1
239
1 16 1
240
3 16 2
241 583
1 11 1
242
3 15 1
243
2 12 2
244 619
1 16 2
245 467
1 19 1
246
3 19 1
247
1 17 1
248
1 20 2
249 637
3 21 1
251
2 13 1
252
2 23 1
253
1 19 1
254
2 18 1
255
2 12 1
259
1 11 1
260
3 20 2
261 598
3 24 1
262
1 15 1
264
3 18 1
265
2 13 1
266
1 15 1
268
1 16 1
269
1 14 1
271
4 22 1
272
2 23 1
273
1 10 1
275
4 18 1
276
1 15 1
277
1 13 1
280
1 23 1
281
1 21 1
282
3 23 1
283
1 16 1
286
4 23 1
288
1 30 2
292 609
1 15 1
293
2 19 1
294
1 19 1
295
6 25 1
296
1 18 1
299
3 27 1
300
1 17 1
301
1 18 1
302
1 17 1
303
4 22 1
304
2 25 1
307
7 22 1
308
2 30 1
310
2 22 1
312
7 24 1
313
1 20 1
314
3 23 1
316
3 22 1
317
2 18 1
318
1 16 1
319
3 20 1
321
1 19 1
322
3 14 1
324
1 14 2
328 351
1 21 1
330
1 17 1
333
2 20 1
334
3 21 1
335
2 20 1
336
2 18 1
338
1 20 1
339
1 25 1
340
3 17 2
341 549
1 21 1
342
3 18 1
344
5 22 1
347
1 25 1
348
1 22 1
349
1 19 1
350
1 11 1
352
4 23 1
353
1 18 1
356
1 11 1
357
1 10 1
359
1 20 1
362
1 22 1
364
1 22 1
365
1 19 1
366
1 14 1
367
3 21 1
370
4 18 1
372
2 17 1
373
2 16 1
375
1 24 1
376
3 21 1
377
1 34 1
380
1 23 1
381
1 15 1
382
1 34 1
383
3 18 1
384
1 13 1
385
1 17 1
386
3 23 1
390
3 24 1
391
1 28 1
392
3 21 1
394
4 25 1
396
1 11 1
397
2 12 1
399
2 32 1
400
2 17 1
402
2 21 1
404
2 18 1
408
2 16 1
409
2 17 1
411
3 25 1
412
3 26 1
415
4 26 1
416
1 9 2
417 683
1 16 1
421
1 31 1
424
3 16 1
427
6 27 1
428
6 22 1
431
1 11 1
433
2 18 1
434
3 25 1
436
6 28 1
438
1 16 1
439
1 18 1
440
2 20 1
441
1 16 1
443
1 31 1
444
1 15 1
447
1 20 1
453
1 9 1
454
7 23 1
456
7 25 1
458
2 20 1
459
2 18 1
461
1 17 1
462
1 17 1
463
2 15 1
464
1 20 1
465
4 18 1
466
1 15 1
469
1 18 1
470
1 12 1
472
3 23 1
476
1 21 1
477
5 24 1
479
3 13 1
480
3 20 1
481
6 23 1
482
1 16 1
483
3 18 1
485
1 17 1
488
1 24 1
489
4 20 1
490
1 27 1
491
1 19 1
492
1 20 1
494
1 17 1
495
2 23 1
496
1 23 1
498
1 17 1
501
4 22 1
502
7 21 1
504
1 12 1
506
3 22 1
508
2 20 1
509
1 16 1
510
3 17 1
511
1 7 1
514
1 13 1
515
3 24 1
516
1 20 1
518
2 15 1
519
1 21 1
524
4 21 1
526
1 22 1
527
1 19 1
529
3 20 1
530
8 23 1
531
1 15 1
532
7 24 1
533
2 23 1
534
1 19 1
535
2 30 1
536
1 21 1
539
1 13 1
540
2 22 2
542 607
5 22 1
543
1 20 1
544
1 14 1
546
1 15 1
547
1 19 1
548
6 27 1
551
1 21 1
555
1 17 1
556
1 16 1
558
4 20 1
560
2 29 1
561
3 19 1
563
1 15 1
565
1 27 1
566
1 32 1
568
1 13 1
569
4 26 1
570
1 11 1
571
1 11 1
573
1 10 1
575
1 14 1
576
1 14 1
577
2 22 1
578
3 18 1
579
1 17 1
580
2 26 1
581
1 15 1
582
2 25 1
585
3 16 1
587
1 15 1
589
1 15 1
590
1 22 1
591
1 13 1
592
1 11 1
593
2 19 1
596
5 25 1
599
1 9 1
600
1 14 1
601
1 18 1
604
2 20 2
605 658
1 27 1
610
1 15 1
612
1 19 1
613
1 8 1
614
5 24 1
615
1 18 1
617
1 15 1
618
3 22 1
620
2 11 1
622
1 18 1
624
1 12 1
628
1 27 1
629
1 15 1
631
3 18 1
633
3 18 1
634
1 33 1
635
1 18 1
636
2 22 1
640
1 19 1
641
1 16 1
642
4 26 1
643
1 9 1
644
1 22 1
646
1 23 1
651
1 29 1
652
1 13 1
653
2 18 1
654
4 25 1
655
1 22 1
656
2 23 1
659
1 11 1
660
2 30 1
661
1 20 1
663
1 11 1
665
1 16 1
668
1 19 1
669
4 23 1
670
4 21 1
671
3 17 1
672
1 10 1
674
2 32 1
675
3 21 1
676
1 21 1
677
1 16 1
678
1 13 1
679
1 12 1
682
1 32 1
684
1 13 1
686
5 24 1
688
2 16 1
689
1 13 1
691
3 18 1
692
2 18 1
694
5 24 1
695
1 10 1
698
