800 519 1240 53
21 35 39 23 12 23 17 33 31 30 21 29 14 36 30 37 23 32 31 13 23 40 25 38 20 12 32 34 12 25 38 21 28 20 39 40 35 38 31 30 13 29 22 37 27 21 25 23 37 28 29 23 21 22 22 28 23 12 16 25 23 19 33 27 13 24 33 31 25 11 20 31 27 14 35 27 31 24 27 26 40 16 27 12 17 14 39 32 16 22 11 29 34 21 30 24 20 38 32 12 18 23 28 39 35 19 33 23 21 22 28 11 38 32 26 16 40 21 20 24 15 17 39 26 30 40 36 15 18 11 11 22 27 19 18 23 13 17 39 14 12 21 24 12 21 19 29 18 26 18 23 31 29 25 25 37 38 28 37 31 15 23 26 24 14 19 33 21 35 28 18 39 25 12 19 29 25 14 29 38 12 29 19 30 19 16 13 33 27 15 25 20 23 11 19 11 11 18 14 27 18 34 31 22 32 32 40 16 21 15 14 37 19 20 12 13 22 22 13 40 15 35 35 11 40 11 31 13 26 33 39 21 19 25 20 40 33 19 31 12 25 26 17 25 24 14 39 38 35 24 18 29 31 25 31 31 37 26 34 25 31 14 23 34 15 39 14 18 22 24 27 12 18 33 39 30 21 21 27 39 34 37 18 34 16 22 39 36 15 34 29 35 27 25 36 38 30 25 24 29 31 22 11 15 32 31 12 23 39 29 19 32 17 24 23 12 14 35 16 23 12 39 14 33 31 36 39 39 35 20 21 27 24 28 35 20 32 39 16 36 30 30 12 23 16 14 23 18 11 15 39 18 19 29 33 11 39 12 24 25 13 11 40 36 39 33 11 22 25 19 31 35 28 25 40 39 16 30 31 26 14 39 12 16 34 36 38 13 35 27 35 23 34 28 15 32 14 29 21 14 26 20 40 18 34 13 21 17 21 37 17 13 32 16 22 21 34 26 40 22 28 40 18 25 39 36 16 37 21 26 13 28 35 12 15 30 33 24 15 33 34 27 26 34 18 13 26 22 24 11 27 13 16 22 17 13 37 22 38 20 19 19 35 15 11 16 18 17 19 12 16 17 39 30 33 25 37 11 17 29 34 11 14 30 31 37 30 38 25 15 33 38 39 39 19 17 22 29 38 38 30 13 39 22 24 23 30 34 26 12 18 25 14 14 32 29 28 39 11 18 34 21 34 28 28 26 26 12 33 38 34 12 37 18 36 24 11 12 38 25 24 17 23 17 19 22 39 34 24 15 32 24 31 14 32 37 34 22 15 29 29 14 23 23 21 30 24 32 31 37 40 22 22 33 17 22 38 37 22 38 40 18 12 11 12 24 24 12 12 13 14 34 34 21 15 18 21 35 26 37 14 29 29 26 18 26 19 33 25 40 19 37 39 13 20 15 20 33 32 31 34 36 13 33 15 36 32 20 35 36 32 25 29 24 35 14 37 17 17 32 40 38 21 31 20 37 21 37 27 39 12 32 23 28 36 39 23 40 29 27 21 14 27 39 19 11 13 36 19 14 26 25 24 18 25 26 18 26 27 19 30 16 13 27 19 20 18 22 19 14 35 23 23 14 33 37 40 12 31 26 12 34 26 39 23 21 20 27 29 13 27 25 15 34 24 17 37 39 14 24 23 19 28 32 36 34 14 26 21 12 19 27 34 26 36 33 23 24 12 37 18 39 29 38 25 13 30 37 36 23 19 23 27 13 13 24 16 38 23 28 31 28 28 34 17 20 36 35 32 32 19 22 32 35 19 34 35 13 32 26 21 27 14 11 36 28 21 12 22 27 13 18 40 22 23 31 34 22 26 13
11 25 29 13 2 13 7 23 21 20 11 19 4 26 20 27 13 22 21 3 13 30 15 28 10 2 22 24 2 15 28 11 18 10 29 30 25 28 21 20 3 19 12 27 17 11 15 13 27 18 19 13 11 12 12 18 13 2 6 15 13 9 23 17 3 14 23 21 15 1 10 21 17 4 25 17 21 14 17 16 30 6 17 2 7 4 29 22 6 12 1 19 24 11 20 14 10 28 22 2 8 13 18 29 25 9 23 13 11 12 18 1 28 22 16 6 30 11 10 14 5 7 29 16 20 30 26 5 8 1 1 12 17 9 8 13 3 7 29 4 2 11 14 2 11 9 19 8 16 8 13 21 19 15 15 27 28 18 27 21 5 13 16 14 4 9 23 11 25 18 8 29 15 2 9 19 15 4 19 28 2 19 9 20 9 6 3 23 17 5 15 10 13 1 9 1 1 8 4 17 8 24 21 12 22 22 30 6 11 5 4 27 9 10 2 3 12 12 3 30 5 25 25 1 30 1 21 3 16 23 29 11 9 15 10 30 23 9 21 2 15 16 7 15 14 4 29 28 25 14 8 19 21 15 21 21 27 16 24 15 21 4 13 24 5 29 4 8 12 14 17 2 8 23 29 20 11 11 17 29 24 27 8 24 6 12 29 26 5 24 19 25 17 15 26 28 20 15 14 19 21 12 1 5 22 21 2 13 29 19 9 22 7 14 13 2 4 25 6 13 2 29 4 23 21 26 29 29 25 10 11 17 14 18 25 10 22 29 6 26 20 20 2 13 6 4 13 8 1 5 29 8 9 19 23 1 29 2 14 15 3 1 30 26 29 23 1 12 15 9 21 25 18 15 30 29 6 20 21 16 4 29 2 6 24 26 28 3 25 17 25 13 24 18 5 22 4 19 11 4 16 10 30 8 24 3 11 7 11 27 7 3 22 6 12 11 24 16 30 12 18 30 8 15 29 26 6 27 11 16 3 18 25 2 5 20 23 14 5 23 24 17 16 24 8 3 16 12 14 1 17 3 6 12 7 3 27 12 28 10 9 9 25 5 1 6 8 7 9 2 6 7 29 20 23 15 27 1 7 19 24 1 4 20 21 27 20 28 15 5 23 28 29 29 9 7 12 19 28 28 20 3 29 12 14 13 20 24 16 2 8 15 4 4 22 19 18 29 1 8 24 11 24 18 18 16 16 2 23 28 24 2 27 8 26 14 1 2 28 15 14 7 13 7 9 12 29 24 14 5 22 14 21 4 22 27 24 12 5 19 19 4 13 13 11 20 14 22 21 27 30 12 12 23 7 12 28 27 12 28 30 8 2 1 2 14 14 2 2 3 4 24 24 11 5 8 11 25 16 27 4 19 19 16 8 16 9 23 15 30 9 27 29 3 10 5 10 23 22 21 24 26 3 23 5 26 22 10 25 26 22 15 19 14 25 4 27 7 7 22 30 28 11 21 10 27 11 27 17 29 2 22 13 18 26 29 13 30 19 17 11 4 17 29 9 1 3 26 9 4 16 15 14 8 15 16 8 16 17 9 20 6 3 17 9 10 8 12 9 4 25 13 13 4 23 27 30 2 21 16 2 24 16 29 13 11 10 17 19 3 17 15 5 24 14 7 27 29 4 14 13 9 18 22 26 24 4 16 11 2 9 17 24 16 26 23 13 14 2 27 8 29 19 28 15 3 20 27 26 13 9 13 17 3 3 14 6 28 13 18 21 18 18 24 7 10 26 25 22 22 9 12 22 25 9 24 25 3 22 16 11 17 4 1 26 18 11 2 12 17 3 8 30 12 13 21 24 12 16 3
1 18 4
207 532 104 192
0 7 3
42 730 377
0 6 6
434 691 211 447 265 468
0 6 6
73 528 384 87 28 319
1 12 4
244 738 535 240
0 7 2
306 601
0 5 7
612 569 462 677 459 706 641
1 11 3
39 348 127
4 13 8
44 227 412 705 220 139 374 369
2 12 6
313 272 512 156 792 299
1 11 5
250 189 595 743 446
0 8 5
36 149 361 275 259
1 11 4
507 423 102 762
0 13 2
297 114
0 8 3
124 289 345
1 6 8
518 686 515 692 339 787 10 504
0 12 2
425 144
0 14 3
711 48 233
0 12 3
292 547 579
0 16 2
479 620
1 11 4
403 191 728 258
0 3 5
276 198 606 323 37
0 12 3
441 626 317
1 9 7
229 225 134 664 587 670 498
1 13 4
61 604 242 675
0 6 2
52 232
1 5 8
486 302 627 113 623 771 16 750
0 5 7
564 799 129 140 455 187 110
0 16 3
34 316 381
0 7 5
392 15 334 160 760
0 8 2
489 700
1 11 4
9 371 300 260
0 6 4
763 133 647 543
0 15 1
311
1 7 5
764 432 608 0 733
0 16 1
600
0 9 1
761
0 7 5
237 405 255 422 726
0 4 6
49 621 340 63 6 382
1 16 5
570 745 65 580 694
0 6 7
407 714 483 695 567 153 456
1 7 7
236 592 12 146 178 689 658
1 14 3
688 296 159
0 7 4
674 210 269 725
0 18 3
183 206 379
0 16 1
380
0 14 2
120 649
1 13 3
93 797 648
1 9 4
794 303 248 22
0 4 5
445 443 341 24 401
2 9 8
7 594 105 100 283 471 246 727
0 21 2
490 506
0 10 2
280 281
1 7 8
72 538 305 784 332 394 737 328
2 15 6
645 393 624 652 467 418
1 12 4
221 654 95 31
3 14 7
517 62 663 25 614 223 710
0 14 1
97
0 14 2
421 66
0 6 3
487 19 640
0 16 2
162 201
0 12 1
605
0 9 3
751 321 414
0 5 1
531
1 10 6
175 365 285 451 676 213
1 10 7
651 155 628 125 590 476 525
1 8 4
572 212 795 798
0 5 3
740 141 5
0 14 2
410 560
0 10 3
772 41 69
2 11 8
731 245 103 732 30 241 173 43
1 12 3
3 387 566
0 11 4
322 307 720 50
2 11 8
90 190 363 347 138 748 578 142
1 7 4
261 681 791 231
4 13 9
669 208 778 80 420 273 291 32 271
1 13 4
169 327 480 391
0 12 2
18 656
2 11 5
682 94 315 584 461
0 5 7
454 453 355 253 170 768 333
0 11 2
130 749
1 17 2
568 653
0 8 1
553
1 9 1
1
1 24 1
2
8 27 1
4
1 33 1
8
1 17 1
11
3 18 1
13
1 32 1
14
3 23 1
17
8 28 1
20
2 19 1
21
5 30 2
23 337
2 35 1
26
2 12 1
27
2 19 1
29
4 20 1
33
2 27 1
35
2 17 1
38
2 27 1
40
1 19 1
45
4 20 1
46
1 17 1
47
3 30 1
51
1 13 1
53
1 24 1
54
1 15 1
55
1 33 1
56
2 25 1
57
3 16 1
58
3 19 1
59
4 21 1
60
1 20 1
64
2 18 1
67
4 24 3
68 312 485
1 21 1
70
4 23 1
71
2 33 1
74
4 30 1
75
3 14 1
76
2 18 1
77
2 21 1
78
1 25 1
79
3 25 1
81
2 11 2
82 718
3 17 1
83
1 10 1
84
1 14 1
85
2 27 1
86
1 19 1
88
3 21 1
89
1 18 1
91
2 14 1
92
7 23 1
96
1 22 1
98
1 15 1
99
2 21 1
101
3 27 2
106 440
5 25 1
107
5 24 1
108
2 22 1
109
1 15 1
111
1 23 2
112 217
3 18 1
115
3 26 1
116
1 17 1
117
1 17 1
118
1 15 1
119
1 10 1
121
5 27 1
122
1 8 1
123
2 18 1
126
2 19 1
128
4 19 1
131
2 28 1
132
2 24 1
135
1 11 1
136
1 13 1
137
1 32 1
143
2 21 2
145 754
3 13 1
147
3 26 1
148
1 11 1
150
2 20 1
151
1 11 1
152
1 27 1
154
6 23 1
157
1 33 1
158
1 25 1
161
1 14 1
163
2 24 1
164
5 22 1
165
1 16 1
166
2 10 1
167
1 24 1
168
1 20 1
171
2 28 1
172
2 15 1
174
1 31 1
176
1 13 1
177
1 27 1
179
1 17 1
180
1 20 2
181 435
5 23 1
182
4 30 1
184
3 24 1
185
1 22 1
186
1 19 2
188 632
5 22 1
193
2 16 1
194
2 17 1
195
2 25 1
196
2 21 1
197
1 19 1
199
1 10 1
200
1 12 1
202
2 33 1
203
2 26 1
204
2 15 1
205
2 21 1
209
3 17 1
214
5 22 1
215
2 25 1
216
1 15 1
218
2 21 1
219
2 18 2
222 574
3 19 1
224
4 22 1
226
2 17 1
228
4 23 1
230
2 21 1
234
3 16 1
235
1 22 1
238
1 15 1
239
2 11 1
243
3 28 1
247
5 23 1
249
3 18 1
251
1 30 1
252
2 25 1
254
5 27 1
256
5 23 1
257
1 13 1
262
4 19 2
263 404
3 20 1
264
1 18 1
266
3 20 1
267
1 10 1
268
4 24 1
270
2 19 2
274 428
4 21 1
277
2 23 1
278
2 30 1
279
7 22 2
282 366
1 17 1
284
3 21 1
286
3 21 1
287
5 22 1
288
1 13 1
290
1 10 1
293
4 25 1
294
1 10 1
295
3 21 1
298
2 20 1
301
4 22 1
304
1 13 1
308
2 36 1
309
7 24 1
310
8 25 1
314
3 20 1
318
2 23 1
320
2 20 1
324
5 30 1
325
1 15 1
326
4 23 1
329
3 22 1
330
3 25 1
331
1 16 1
335
2 21 1
336
3 18 1
338
4 25 1
342
4 27 1
343
4 21 2
344 523
2 15 1
346
2 24 1
349
1 18 1
350
2 15 3
351 530 777
1 16 1
352
1 21 2
353 386
2 19 1
354
2 21 1
356
2 20 1
357
2 19 1
358
2 18 1
359
4 18 1
360
3 19 1
362
1 16 1
364
4 25 1
367
2 13 1
368
2 26 1
370
1 17 1
372
1 14 1
373
1 14 1
375
1 15 1
376
3 21 1
378
4 28 1
383
3 31 1
385
4 23 1
388
3 13 1
389
3 24 1
390
4 18 1
395
3 23 2
396 644
2 22 1
397
2 20 1
398
2 18 1
399
4 18 1
400
2 12 1
402
2 21 1
406
3 18 1
408
4 20 1
409
2 23 1
411
3 20 1
413
4 18 1
415
1 23 1
416
3 17 1
417
1 19 1
419
3 22 1
424
2 29 1
426
1 15 1
427
1 22 1
429
5 21 1
430
5 20 1
431
3 25 1
433
1 24 1
436
3 14 1
437
4 20 1
438
4 24 1
439
3 15 1
442
3 18 1
444
1 24 2
448 775
1 19 1
449
3 20 1
450
3 23 1
452
4 24 1
457
1 30 1
458
1 21 1
460
2 23 1
463
2 20 1
464
2 18 1
465
2 21 1
466
3 19 1
469
1 10 1
470
5 31 1
472
1 15 1
473
2 18 1
474
1 13 1
475
1 30 1
477
2 21 1
478
2 18 1
481
1 9 1
482
3 20 1
484
4 24 1
488
2 23 1
491
1 17 1
492
2 32 1
493
1 18 1
494
2 14 1
495
2 22 1
496
2 21 1
497
2 23 1
499
3 27 1
500
1 16 1
501
1 10 1
502
1 13 1
503
2 14 1
505
5 24 1
508
1 13 1
509
1 20 1
510
1 22 1
511
3 26 1
513
5 25 1
514
3 16 2
516 563
2 21 2
519 561
2 13 1
520
2 18 1
521
2 24 1
522
2 34 1
524
2 11 1
526
3 17 1
527
2 19 1
529
1 9 1
533
3 25 1
534
2 23 1
536
2 27 1
537
1 11 1
539
3 16 1
540
1 18 1
541
4 22 1
542
3 27 1
544
1 27 1
545
2 28 1
546
2 16 1
548
1 19 1
549
4 25 1
550
4 28 1
551
8 29 1
552
2 19 1
554
2 17 1
555
3 14 1
556
2 13 1
557
3 17 1
558
4 28 1
559
4 21 1
562
2 33 1
565
3 18 1
571
3 28 1
573
2 20 2
575 625
2 34 1
576
1 17 1
577
8 27 1
581
4 26 1
582
4 26 1
583
2 15 1
585
2 15 1
586
4 16 1
588
2 28 1
589
4 19 1
591
4 22 1
593
2 13 1
596
2 21 1
597
1 16 1
598
2 14 1
599
2 12 1
602
2 22 1
603
3 13 1
607
4 21 1
609
1 11 1
610
3 15 1
611
2 28 1
613
2 27 1
615
1 17 2
616 723
2 17 1
617
1 27 1
618
3 28 1
619
4 19 1
622
3 23 1
629
4 23 1
630
2 36 1
631
1 19 1
633
2 21 1
634
2 22 1
635
4 28 1
636
4 28 1
637
1 22 1
638
2 28 1
639
3 18 1
642
8 29 1
643
1 26 1
646
3 14 1
650
1 24 1
655
2 31 1
657
2 23 1
659
4 23 1
660
1 15 1
661
2 22 1
662
3 23 1
665
2 17 1
666
2 26 1
667
1 16 1
668
2 18 1
671
2 11 1
672
2 16 1
673
3 17 1
678
1 14 1
679
3 14 1
680
4 20 1
683
4 23 1
684
2 17 1
685
3 22 1
687
1 25 1
690
2 22 1
693
3 24 1
696
2 22 1
697
3 33 1
698
2 19 1
699
2 17 1
701
1 15 1
702
5 29 1
703
1 12 1
704
1 22 1
707
3 25 1
708
3 19 1
709
3 27 1
712
1 28 1
713
2 18 1
715
2 23 1
716
1 31 1
717
2 28 1
719
2 25 1
721
3 16 1
722
3 15 1
724
2 19 1
729
1 11 1
734
1 7 1
735
2 13 1
736
5 32 1
739
2 22 1
741
1 19 1
742
2 22 1
744
2 19 1
746
2 29 1
747
2 18 1
752
2 11 1
753
1 11 1
755
2 27 1
756
1 20 1
757
2 13 1
758
2 19 1
759
3 17 1
765
1 27 1
766
1 17 1
767
3 24 1
769
2 22 1
770
2 16 1
773
3 24 1
774
2 15 1
776
5 22 1
779
3 20 1
780
2 18 1
781
1 18 1
782
3 22 1
783
5 24 1
785
1 9 1
786
3 22 1
788
4 22 1
789
3 25 1
790
3 19 1
793
1 10 1
796
