800 548 1240 53
24 11 39 30 15 28 38 38 32 19 30 40 22 22 33 19 35 18 34 27 29 23 13 16 19 19 13 36 22 11 32 39 21 29 39 17 12 21 27 12 29 30 22 30 19 24 19 25 26 36 38 30 39 15 24 35 18 26 12 27 15 35 17 27 25 22 29 23 23 15 21 15 17 14 11 17 22 15 21 23 39 30 40 28 24 38 17 18 32 21 34 32 33 34 11 28 11 40 13 24 34 38 18 19 27 17 36 37 14 31 27 24 25 26 27 23 29 24 25 17 25 11 32 40 11 21 29 30 26 17 16 25 17 26 21 18 20 11 23 27 38 15 27 22 32 15 12 36 38 20 14 29 33 19 39 33 35 35 18 35 15 25 36 36 22 26 33 29 28 15 35 39 23 40 40 37 33 26 30 38 26 32 28 27 34 22 14 40 17 14 27 20 24 21 12 18 21 20 24 24 34 21 14 25 33 37 15 38 38 19 11 22 21 37 32 21 38 37 20 21 18 14 25 23 30 35 30 29 12 12 29 24 35 18 36 31 34 26 31 24 38 28 39 32 30 38 17 12 18 13 19 14 37 29 16 37 39 14 36 27 31 17 29 40 15 29 23 17 39 14 14 38 20 18 24 21 15 38 34 31 15 37 20 18 39 18 26 28 21 25 12 14 26 34 18 39 13 27 25 15 25 35 38 22 28 15 25 24 20 30 12 34 21 31 19 18 40 30 40 27 28 25 39 32 28 17 39 16 35 22 34 29 24 24 34 27 24 33 28 24 27 11 37 15 15 39 34 23 30 25 38 36 13 16 20 23 11 20 25 11 30 37 15 25 18 34 20 28 28 37 16 14 23 22 35 18 35 20 37 29 29 31 16 21 35 28 16 34 25 40 20 31 28 37 30 12 11 25 15 37 35 11 37 29 21 38 36 33 38 14 31 22 15 21 21 15 33 25 32 27 24 36 13 35 38 35 11 11 16 32 33 38 27 34 17 11 30 18 40 15 18 30 31 20 38 40 26 23 29 31 24 37 19 39 25 32 15 19 21 21 34 17 24 40 14 21 17 36 36 11 30 14 37 37 19 39 17 37 22 23 34 17 35 12 19 32 29 31 37 32 12 29 39 21 27 14 33 14 22 23 32 34 32 39 37 13 12 17 31 37 25 28 15 38 35 19 13 37 31 19 36 32 19 39 37 17 36 21 35 40 33 34 32 15 33 24 34 19 13 22 15 28 20 22 13 22 29 31 33 36 12 19 35 20 26 13 19 26 37 15 39 23 26 16 26 38 13 19 31 37 33 29 14 40 11 34 13 24 26 39 25 28 31 19 19 35 36 35 25 20 39 38 14 36 12 17 12 36 33 20 13 19 28 19 20 38 36 39 39 15 12 27 30 29 17 31 17 28 13 11 26 13 37 36 18 34 34 21 14 13 39 22 29 17 13 40 28 37 23 23 28 21 22 16 11 11 34 29 35 13 38 32 21 35 18 11 21 31 23 20 40 28 19 34 39 22 24 29 23 29 40 38 21 17 16 25 12 35 31 36 29 31 20 16 26 17 29 29 12 21 16 25 31 22 30 25 23 39 26 23 29 12 32 30 27 23 16 12 29 12 11 15 18 33 20 22 13 39 40 24 17 37 30 40 12 30 23 39 23 23 27 35 13 18 23 17 31 36 25 15 22 19 28 14 18 28 40 18 32 19 40 38 27 37 11 36 36 24 40 23 17 32 22 15 21 28 40 28 31 25 31 19 21 25 36 13 33 30 17 26 23 22 17 17 35 19 22 24 24 32 26 17 32 40 35 28 19 33 27 13
14 1 29 20 5 18 28 28 22 9 20 30 12 12 23 9 25 8 24 17 19 13 3 6 9 9 3 26 12 1 22 29 11 19 29 7 2 11 17 2 19 20 12 20 9 14 9 15 16 26 28 20 29 5 14 25 8 16 2 17 5 25 7 17 15 12 19 13 13 5 11 5 7 4 1 7 12 5 11 13 29 20 30 18 14 28 7 8 22 11 24 22 23 24 1 18 1 30 3 14 24 28 8 9 17 7 26 27 4 21 17 14 15 16 17 13 19 14 15 7 15 1 22 30 1 11 19 20 16 7 6 15 7 16 11 8 10 1 13 17 28 5 17 12 22 5 2 26 28 10 4 19 23 9 29 23 25 25 8 25 5 15 26 26 12 16 23 19 18 5 25 29 13 30 30 27 23 16 20 28 16 22 18 17 24 12 4 30 7 4 17 10 14 11 2 8 11 10 14 14 24 11 4 15 23 27 5 28 28 9 1 12 11 27 22 11 28 27 10 11 8 4 15 13 20 25 20 19 2 2 19 14 25 8 26 21 24 16 21 14 28 18 29 22 20 28 7 2 8 3 9 4 27 19 6 27 29 4 26 17 21 7 19 30 5 19 13 7 29 4 4 28 10 8 14 11 5 28 24 21 5 27 10 8 29 8 16 18 11 15 2 4 16 24 8 29 3 17 15 5 15 25 28 12 18 5 15 14 10 20 2 24 11 21 9 8 30 20 30 17 18 15 29 22 18 7 29 6 25 12 24 19 14 14 24 17 14 23 18 14 17 1 27 5 5 29 24 13 20 15 28 26 3 6 10 13 1 10 15 1 20 27 5 15 8 24 10 18 18 27 6 4 13 12 25 8 25 10 27 19 19 21 6 11 25 18 6 24 15 30 10 21 18 27 20 2 1 15 5 27 25 1 27 19 11 28 26 23 28 4 21 12 5 11 11 5 23 15 22 17 14 26 3 25 28 25 1 1 6 22 23 28 17 24 7 1 20 8 30 5 8 20 21 10 28 30 16 13 19 21 14 27 9 29 15 22 5 9 11 11 24 7 14 30 4 11 7 26 26 1 20 4 27 27 9 29 7 27 12 13 24 7 25 2 9 22 19 21 27 22 2 19 29 11 17 4 23 4 12 13 22 24 22 29 27 3 2 7 21 27 15 18 5 28 25 9 3 27 21 9 26 22 9 29 27 7 26 11 25 30 23 24 22 5 23 14 24 9 3 12 5 18 10 12 3 12 19 21 23 26 2 9 25 10 16 3 9 16 27 5 29 13 16 6 16 28 3 9 21 27 23 19 4 30 1 24 3 14 16 29 15 18 21 9 9 25 26 25 15 10 29 28 4 26 2 7 2 26 23 10 3 9 18 9 10 28 26 29 29 5 2 17 20 19 7 21 7 18 3 1 16 3 27 26 8 24 24 11 4 3 29 12 19 7 3 30 18 27 13 13 18 11 12 6 1 1 24 19 25 3 28 22 11 25 8 1 11 21 13 10 30 18 9 24 29 12 14 19 13 19 30 28 11 7 6 15 2 25 21 26 19 21 10 6 16 7 19 19 2 11 6 15 21 12 20 15 13 29 16 13 19 2 22 20 17 13 6 2 19 2 1 5 8 23 10 12 3 29 30 14 7 27 20 30 2 20 13 29 13 13 17 25 3 8 13 7 21 26 15 5 12 9 18 4 8 18 30 8 22 9 30 28 17 27 1 26 26 14 30 13 7 22 12 5 11 18 30 18 21 15 21 9 11 15 26 3 23 20 7 16 13 12 7 7 25 9 12 14 14 22 16 7 22 30 25 18 9 23 17 3
2 13 5
715 763 168 271 631
0 7 3
429 749 196
0 6 4
261 511 379 550
0 11 2
97 367
0 6 4
138 612 40 23
0 10 2
117 383
1 13 4
47 384 729 575
0 10 3
259 292 686
0 8 5
467 642 307 163 3
0 7 6
535 490 682 315 126 580
0 18 1
18
2 16 4
130 722 376 2
0 13 1
737
0 9 2
427 652
0 5 4
190 781 637 388
1 14 3
764 342 513
0 12 1
679
0 6 4
735 16 280 470
1 7 7
101 179 518 420 751 620 667
2 11 5
473 563 321 426 787
0 11 2
22 29
1 9 4
290 696 81 658
0 3 7
164 582 437 247 139 257 630
0 19 2
472 12
0 8 3
721 719 463
2 13 6
44 263 617 789 53 160
1 11 3
142 533 754
4 15 9
165 375 608 698 501 336 548 531 647
0 10 2
372 258
0 4 5
148 26 597 8 184
0 9 4
325 323 186 669
0 26 2
475 187
4 14 10
483 135 559 672 85 712 166 491 173 527
1 13 5
537 683 468 636 159
1 11 5
596 234 452 253 604
0 11 3
655 284 216
0 4 8
95 128 543 507 616 368 418 240
0 6 6
154 56 424 702 662 366
0 15 1
514
0 10 1
410
0 14 2
730 301
1 7 8
58 699 495 209 534 386 77 465
0 15 2
569 352
0 7 3
149 206 462
0 5 4
288 152 220 193
0 10 3
532 141 312
1 12 3
450 71 197
0 11 4
794 202 42 45
0 7 6
799 443 753 182 389 249
1 17 3
673 4 671
1 11 8
540 381 121 529 79 94 354 356
1 13 4
411 618 268 390
0 10 2
646 324
1 9 6
440 260 147 676 657 512
3 11 8
67 87 333 200 219 414 718 346
0 11 3
348 724 622
0 8 2
740 773
1 12 6
218 558 408 403 282 17
1 12 4
15 480 445 447
0 8 5
504 656 484 508 385
0 7 3
404 752 659
1 8 6
305 35 167 380 798 717
0 10 1
306
0 10 2
767 236
0 15 1
116
1 12 4
765 422 627 297
0 13 2
161 171
0 16 2
51 727
1 9 5
744 285 590 349 783
0 5 5
90 594 401 371 394
0 11 1
144
0 8 3
690 215 314
0 6 3
62 528 433
0 15 1
746
1 10 3
644 251 700
0 8 1
143
3 15 7
174 705 275 441 145 332 520
0 8 3
185 665 619
0 4 4
224 63 555 684
0 13 2
119 405
0 17 1
454
3 19 1
0
3 16 1
1
3 21 1
5
1 20 1
6
2 24 1
7
1 13 1
9
3 21 1
10
1 16 1
11
1 11 1
13
1 20 1
14
1 8 1
19
2 23 1
20
1 16 1
21
1 17 1
24
3 20 1
25
1 17 1
27
1 19 1
28
4 31 1
30
1 33 3
31 162 525
1 20 1
32
1 18 1
33
2 23 1
34
2 24 1
36
1 17 1
37
4 27 1
38
2 20 1
39
3 23 1
41
1 23 2
43 595
4 16 1
46
3 24 2
48 541
1 11 3
49 178 651
1 14 1
50
4 26 1
52
1 16 1
54
3 27 1
55
1 18 1
57
1 19 1
59
1 18 1
60
2 18 1
61
2 12 1
64
3 21 1
65
3 19 2
66 289
1 20 1
68
3 17 2
69 471
3 19 1
70
3 16 1
72
1 18 1
73
2 41 1
74
1 20 1
75
1 10 1
76
3 19 1
78
1 17 2
80 623
3 19 1
82
3 21 1
83
3 21 1
84
5 21 1
86
2 21 1
88
1 19 1
89
1 23 1
91
2 24 1
92
1 16 1
93
3 23 1
96
3 22 1
98
1 15 1
99
2 27 1
100
1 17 1
102
3 17 1
103
2 23 1
104
4 28 1
105
1 19 1
106
2 22 1
107
2 18 1
108
2 23 1
109
4 21 1
110
1 13 1
111
1 17 1
112
3 23 1
113
1 18 1
114
4 22 1
115
1 18 1
118
1 15 1
120
3 24 1
122
2 21 3
123 460 510
4 28 1
124
1 16 1
125
1 25 1
127
1 15 1
129
1 11 2
131 243
2 13 2
132 524
2 19 1
133
2 25 1
134
2 12 1
136
3 14 1
137
4 27 2
140 600
3 20 1
146
1 21 1
150
1 14 1
151
1 13 2
153 770
1 14 1
155
2 27 1
156
1 11 1
157
4 26 1
158
1 16 1
169
1 16 1
170
3 25 1
172
3 17 1
175
1 20 1
176
1 31 1
177
1 9 1
180
2 13 1
181
3 17 1
183
1 27 2
188 565
1 7 1
189
5 23 1
191
1 25 1
192
6 24 1
194
2 19 1
195
3 20 1
198
3 15 1
199
1 17 1
201
3 25 1
203
2 21 1
204
1 29 2
205 772
1 25 1
207
2 23 1
208
2 19 1
210
3 19 1
211
1 13 1
212
1 39 1
213
3 15 1
214
1 25 1
217
3 20 1
221
1 24 1
222
3 13 1
223
1 17 1
225
1 19 1
226
2 23 1
227
1 18 1
228
3 20 1
229
1 26 1
230
2 21 2
231 464
1 18 1
232
1 20 1
233
1 18 1
235
3 25 1
237
4 29 1
238
1 25 1
239
1 15 1
241
1 14 2
242 503
2 19 1
244
2 28 1
245
1 12 1
246
3 22 1
248
6 23 1
250
3 24 1
252
1 21 1
254
1 18 1
255
1 26 1
256
3 15 1
262
1 14 1
264
2 20 1
265
1 18 1
266
7 24 1
267
2 23 1
269
1 22 1
270
1 23 1
272
3 19 1
273
1 12 1
274
1 11 1
276
1 30 1
277
2 19 1
278
1 18 1
279
1 22 1
281
4 25 1
283
1 15 1
286
1 10 1
287
5 25 1
291
1 18 1
293
4 24 1
294
1 16 1
295
1 10 1
296
4 20 1
298
1 25 2
299 334
3 23 1
300
4 27 1
302
1 16 1
303
1 17 1
304
1 14 1
308
3 19 1
309
3 16 1
310
1 13 1
311
5 29 1
313
4 18 1
316
1 18 1
317
3 14 2
318 446
2 22 1
319
3 26 1
320
1 11 1
322
2 11 1
326
5 22 1
327
1 16 1
328
3 20 1
329
5 24 1
330
1 18 1
331
1 17 1
335
1 15 1
337
1 19 1
338
4 29 1
339
2 26 1
340
2 19 1
341
1 21 1
343
3 18 1
344
3 18 2
345 361
2 31 1
347
1 21 1
350
1 13 1
351
1 12 1
353
4 22 1
355
5 20 1
357
1 17 1
358
1 15 1
359
3 19 1
360
5 22 1
362
4 22 1
363
2 28 1
364
3 16 1
365
2 16 1
369
1 21 1
370
2 17 1
373
2 18 1
374
5 30 1
377
1 24 1
378
2 33 1
382
1 21 1
387
4 24 1
391
6 25 1
392
2 30 2
393 498
2 19 1
395
5 21 1
396
1 20 1
397
1 19 1
398
2 25 1
399
2 13 1
400
4 22 1
402
1 12 1
406
3 21 1
407
2 19 2
409 782
2 15 1
412
1 17 1
413
3 24 1
415
7 27 1
416
2 36 1
417
1 21 1
419
4 31 1
421
1 17 1
423
6 24 1
425
2 22 1
428
1 14 1
430
6 23 1
431
2 19 1
432
1 19 1
434
1 19 1
435
1 15 1
436
1 25 1
438
4 25 1
439
3 24 1
442
3 19 1
444
1 17 1
448
2 21 2
449 634
1 21 1
451
1 16 1
453
2 43 1
455
1 21 1
456
5 30 1
457
1 17 1
458
1 12 1
459
1 18 1
461
1 15 1
466
1 12 1
469
1 17 1
474
1 22 1
476
3 20 1
477
2 22 1
478
6 25 1
479
1 17 1
481
1 12 2
482 723
1 19 1
485
2 21 1
486
2 26 1
487
1 17 1
488
4 27 1
489
3 19 1
492
4 19 2
493 561
1 19 1
494
2 22 1
496
1 13 1
497
8 23 1
499
4 22 1
500
1 23 1
502
1 16 1
505
3 21 1
506
4 27 1
509
1 21 1
515
1 20 1
516
3 17 1
517
2 30 1
519
1 10 1
521
4 27 1
522
5 28 1
523
2 15 1
526
1 26 1
530
1 13 1
536
1 21 1
538
2 16 1
539
1 23 1
542
4 29 1
544
2 14 2
545 777
1 15 1
546
6 24 1
547
1 28 1
549
3 31 1
551
3 23 1
552
1 27 1
553
1 21 1
554
1 20 1
556
2 25 1
557
6 29 1
560
2 23 1
562
1 16 1
564
3 19 1
566
1 30 1
567
1 27 1
568
1 11 1
570
1 11 1
571
1 22 1
572
1 20 1
573
1 16 1
574
1 17 1
576
7 28 1
577
1 18 1
578
1 19 1
579
1 19 1
581
4 20 1
583
1 10 1
584
1 18 1
585
5 24 1
586
3 19 1
587
1 12 1
588
1 15 1
589
2 14 1
591
1 14 1
592
2 29 1
593
2 20 1
598
1 20 1
599
1 17 1
601
2 17 1
602
3 15 1
603
1 15 1
605
2 27 1
606
2 27 1
607
1 17 1
609
5 24 1
610
3 16 1
611
3 22 1
613
1 16 1
614
1 26 1
615
2 23 1
621
9 28 1
624
4 24 1
625
2 25 1
626
1 23 1
628
6 26 1
629
1 36 1
632
4 19 1
633
1 14 1
635
1 19 1
638
1 11 1
639
1 15 1
640
1 24 1
641
3 25 1
643
2 26 1
645
1 32 1
648
1 15 1
649
2 23 1
650
4 22 1
653
2 21 1
654
2 23 1
660
2 14 1
661
1 25 1
663
1 19 1
664
5 22 1
666
1 24 1
668
1 27 1
670
1 23 1
674
1 20 1
675
1 15 1
677
3 18 1
678
1 30 1
680
1 18 1
681
1 15 1
685
3 22 1
687
2 15 1
688
1 24 1
689
5 25 1
691
1 11 1
692
1 16 1
693
1 10 1
694
1 21 1
695
4 29 1
697
1 18 1
701
3 21 2
703 709
3 25 1
704
2 20 1
706
4 21 1
707
5 22 1
708
1 18 1
710
1 33 1
711
2 27 1
713
2 20 1
714
1 13 1
716
1 16 1
720
2 12 1
725
4 25 1
726
1 11 1
728
1 28 1
731
2 19 1
732
1 20 1
733
1 17 1
734
1 15 1
736
2 20 1
738
3 15 1
739
3 16 1
741
2 26 1
742
3 25 1
743
1 16 1
745
3 14 1
747
6 23 1
748
4 24 1
750
1 23 1
755
4 24 1
756
4 24 1
757
3 19 1
758
4 23 1
759
1 25 1
760
1 12 1
761
3 26 1
762
1 18 1
766
3 15 1
768
1 25 1
769
1 22 1
771
1 18 1
774
1 23 1
775
1 15 1
776
1 14 1
778
1 22 1
779
1 22 1
780
4 19 1
784
2 15 1
785
4 27 1
786
2 39 1
788
2 18 1
790
2 19 1
791
1 24 1
792
4 17 1
793
1 27 1
795
4 29 1
796
3 18 1
797
