500 345 775 33
29 26 15 35 17 22 31 33 21 20 36 24 29 26 37 40 38 28 18 16 16 19 33 36 16 37 23 29 21 18 30 14 22 32 31 29 36 29 34 23 15 22 21 12 26 24 25 31 13 38 16 37 17 35 37 12 36 39 36 29 19 36 22 40 12 40 24 16 22 24 12 37 37 26 35 26 34 35 18 14 34 25 27 34 20 40 32 34 26 28 18 17 40 28 23 40 25 24 35 22 39 14 33 20 33 12 19 11 14 11 13 11 33 21 36 35 19 34 35 17 39 30 30 34 38 36 27 27 12 31 21 37 12 39 18 35 18 23 23 30 33 11 34 16 26 39 20 30 39 13 12 16 32 23 33 35 40 13 17 30 21 24 38 30 33 24 20 16 23 18 36 28 28 18 35 22 27 33 14 26 12 36 22 12 19 20 21 34 28 38 23 19 40 29 16 14 39 38 32 39 39 38 37 27 28 36 38 34 38 21 17 28 26 32 21 18 31 33 16 37 12 22 24 38 34 29 35 38 29 25 22 28 28 25 20 26 34 15 16 21 40 40 22 13 29 37 34 22 32 30 31 37 32 13 26 17 21 27 39 35 19 19 33 21 33 28 14 39 15 31 29 20 12 21 11 19 39 20 11 38 16 32 19 31 36 18 18 35 22 40 20 33 32 13 31 31 32 22 20 13 40 16 31 13 15 36 12 33 39 38 14 26 31 11 36 17 24 23 24 28 37 32 17 14 35 17 32 29 22 20 21 15 36 16 33 33 15 31 15 29 25 35 18 31 24 18 32 29 37 27 32 37 24 26 13 24 21 24 24 17 13 28 40 17 39 32 31 13 31 33 27 28 37 25 37 40 21 24 38 28 23 25 35 35 36 30 27 36 15 37 37 29 20 31 40 29 23 33 33 29 39 32 35 40 32 25 33 17 15 25 16 26 12 16 28 28 25 30 40 36 17 29 18 15 24 39 34 34 27 12 24 16 15 34 19 31 34 29 37 37 23 23 22 32 16 40 20 21 33 27 24 35 11 40 34 30 14 19 36 18 20 20 22 24 25 38 28 38 21 23 37 12 35 16 31 24 17 17 19 38 36 15 26 33 30 24 31 25 29 24 24 22 20 11 32 15 38 18 21 37
19 16 5 25 7 12 21 23 11 10 26 14 19 16 27 30 28 18 8 6 6 9 23 26 6 27 13 19 11 8 20 4 12 22 21 19 26 19 24 13 5 12 11 2 16 14 15 21 3 28 6 27 7 25 27 2 26 29 26 19 9 26 12 30 2 30 14 6 12 14 2 27 27 16 25 16 24 25 8 4 24 15 17 24 10 30 22 24 16 18 8 7 30 18 13 30 15 14 25 12 29 4 23 10 23 2 9 1 4 1 3 1 23 11 26 25 9 24 25 7 29 20 20 24 28 26 17 17 2 21 11 27 2 29 8 25 8 13 13 20 23 1 24 6 16 29 10 20 29 3 2 6 22 13 23 25 30 3 7 20 11 14 28 20 23 14 10 6 13 8 26 18 18 8 25 12 17 23 4 16 2 26 12 2 9 10 11 24 18 28 13 9 30 19 6 4 29 28 22 29 29 28 27 17 18 26 28 24 28 11 7 18 16 22 11 8 21 23 6 27 2 12 14 28 24 19 25 28 19 15 12 18 18 15 10 16 24 5 6 11 30 30 12 3 19 27 24 12 22 20 21 27 22 3 16 7 11 17 29 25 9 9 23 11 23 18 4 29 5 21 19 10 2 11 1 9 29 10 1 28 6 22 9 21 26 8 8 25 12 30 10 23 22 3 21 21 22 12 10 3 30 6 21 3 5 26 2 23 29 28 4 16 21 1 26 7 14 13 14 18 27 22 7 4 25 7 22 19 12 10 11 5 26 6 23 23 5 21 5 19 15 25 8 21 14 8 22 19 27 17 22 27 14 16 3 14 11 14 14 7 3 18 30 7 29 22 21 3 21 23 17 18 27 15 27 30 11 14 28 18 13 15 25 25 26 20 17 26 5 27 27 19 10 21 30 19 13 23 23 19 29 22 25 30 22 15 23 7 5 15 6 16 2 6 18 18 15 20 30 26 7 19 8 5 14 29 24 24 17 2 14 6 5 24 9 21 24 19 27 27 13 13 12 22 6 30 10 11 23 17 14 25 1 30 24 20 4 9 26 8 10 10 12 14 15 28 18 28 11 13 27 2 25 6 21 14 7 7 9 28 26 5 16 23 20 14 21 15 19 14 14 12 10 1 22 5 28 8 11 27
0 15 1
281
1 11 3
194 88 127
1 12 5
443 27 365 137 324
0 20 1
34
0 12 2
446 276
0 15 1
247
1 14 4
336 361 250 201
1 10 4
132 311 111 302
0 15 1
30
0 15 2
64 177
0 9 4
136 159 357 184
0 15 2
394 274
2 14 5
116 389 377 417 473
0 9 3
359 297 327
0 10 4
77 2 81 166
2 14 5
5 457 174 216 6
0 10 1
183
0 7 2
76 437
0 7 3
337 326 58
1 11 5
222 191 185 45 381
0 9 1
0
0 12 1
51
0 7 4
47 230 275 306
0 12 3
292 252 429
3 11 6
413 410 161 143 240 208
0 6 2
221 452
0 10 2
91 172
0 10 1
84
0 10 2
329 369
1 11 5
158 212 334 38 141
0 8 3
350 99 469
0 12 3
249 456 142
0 18 3
439 133 17
0 10 4
421 79 63 277
0 8 4
402 100 204 114
0 13 2
10 196
1 11 4
198 68 1 130
0 19 2
229 426
1 13 4
178 470 396 316
0 5 5
371 87 340 497 401
0 9 1
296
0 6 4
366 370 293 139
0 13 1
41
0 8 7
341 36 67 477 315 15 121
3 14 7
397 330 126 156 52 103 259
0 10 1
407
0 12 2
213 26
0 15 1
374
1 18 4
351 279 467 425
0 6 4
163 171 471 125
1 11 4
165 251 264 260
0 10 2
186 347
1 9 7
96 232 239 335 104 283 416
0 12 1
367
0 17 1
154
1 14 3
271 487 256
0 15 2
458 258
0 12 3
86 468 392
0 9 2
295 202
0 12 3
215 124 65
0 15 1
217
0 5 5
85 44 485 101 46
0 11 3
160 170 291
2 15 5
155 147 145 236 115
0 8 2
151 263
0 8 1
299
1 11 4
149 287 66 89
0 21 1
493
1 11 5
74 307 134 257 231
0 8 4
70 494 280 445
0 13 2
461 319
0 9 3
117 13 199
2 22 1
3
2 21 1
4
3 21 1
7
1 22 1
8
1 21 1
9
2 17 1
11
1 11 1
12
2 23 1
14
2 20 1
16
2 19 1
18
1 22 1
19
2 21 1
20
2 20 1
21
1 31 1
22
2 32 1
23
1 24 1
24
6 29 1
25
2 16 2
28 435
1 21 1
29
1 17 1
31
3 20 1
32
4 24 1
33
1 32 1
35
2 25 1
37
1 21 1
39
1 20 1
40
2 19 1
42
2 26 1
43
1 24 1
48
2 21 1
49
1 24 2
50 372
2 20 1
53
3 22 1
54
1 20 1
55
2 22 1
56
2 24 1
57
1 24 2
59 478
1 20 1
60
1 25 1
61
1 22 1
62
2 18 1
69
1 20 1
71
3 25 1
72
4 24 1
73
1 21 1
75
3 24 2
78 384
2 27 1
80
1 17 1
82
2 23 1
83
1 13 1
90
3 20 1
92
5 25 1
93
3 29 1
94
1 24 1
95
1 16 1
97
1 28 1
98
3 25 1
102
2 23 2
105 451
3 25 1
106
1 17 1
107
1 19 1
108
2 21 1
109
1 14 1
110
1 14 1
112
1 20 2
113 465
1 23 1
118
1 17 1
119
1 27 1
120
2 20 1
122
2 18 1
123
2 21 1
128
1 24 1
129
2 25 1
131
3 23 1
135
1 32 1
138
1 21 1
140
1 23 1
144
3 25 1
146
1 24 1
148
4 24 1
150
2 23 1
152
6 29 1
153
1 19 1
157
1 16 1
162
4 22 1
164
2 23 1
167
2 26 1
168
1 21 1
169
2 31 1
173
1 13 1
175
2 21 1
176
2 24 1
179
2 23 1
180
2 25 1
181
1 31 1
182
1 20 1
187
4 23 1
188
2 24 1
189
1 28 1
190
6 25 1
192
2 32 1
193
2 19 1
195
2 22 1
197
2 20 1
200
3 24 1
203
1 23 1
205
1 26 1
206
4 26 1
207
1 22 1
209
2 16 1
210
2 26 1
211
2 23 1
214
2 23 1
218
1 24 1
219
3 24 1
220
1 25 1
223
1 22 1
224
3 27 1
225
1 21 1
226
1 26 1
227
1 29 1
228
1 27 1
233
1 17 1
234
1 29 1
235
2 22 1
237
1 27 1
238
2 32 1
241
1 16 1
242
2 26 1
243
1 22 1
244
1 14 1
245
3 24 1
246
3 26 1
248
1 23 1
253
2 21 1
254
4 26 1
255
1 23 2
261 314
1 14 1
262
1 25 1
265
1 20 1
266
3 25 1
267
1 19 1
268
1 25 1
269
2 23 1
270
1 19 1
272
2 26 1
273
1 29 1
278
3 20 1
282
1 25 1
284
3 20 1
285
2 29 1
286
3 31 1
288
2 23 1
289
1 18 1
290
2 22 1
294
3 22 1
298
1 18 1
300
1 20 1
301
1 20 1
303
5 25 1
304
2 16 1
305
1 21 1
308
1 28 2
309 387
1 24 1
310
2 25 1
312
2 25 1
313
2 27 1
317
2 28 1
318
1 26 1
320
4 26 1
321
2 20 1
322
1 24 1
323
1 30 1
325
1 18 1
328
2 29 1
331
2 27 1
332
1 31 1
333
3 24 1
338
1 13 2
339 391
3 21 1
342
1 21 1
343
1 23 1
344
3 26 1
345
1 17 1
346
1 20 1
348
1 22 1
349
4 26 1
352
2 22 1
353
1 16 2
354 409
2 16 1
355
2 18 1
356
2 23 1
358
2 18 1
360
2 19 1
362
2 20 1
363
2 30 1
364
1 20 1
368
1 20 1
373
1 26 1
375
2 24 2
376 459
1 17 1
378
2 24 1
379
1 20 1
380
1 27 1
382
2 22 1
383
1 31 1
385
1 21 1
386
2 29 1
388
1 20 1
390
1 16 1
393
3 31 1
395
2 25 1
398
1 20 1
399
2 19 1
400
1 18 1
403
4 26 1
404
3 27 1
405
1 21 1
406
2 25 1
408
2 23 1
411
1 16 1
412
2 22 1
414
1 30 1
415
3 33 1
418
1 34 1
419
2 17 1
420
1 26 1
422
1 18 2
423 430
1 19 1
424
2 17 1
427
3 23 1
428
2 31 1
431
1 20 1
432
1 27 1
433
2 31 1
434
1 23 1
436
6 29 1
438
3 28 1
440
1 20 1
441
4 26 1
442
1 28 1
444
2 27 1
447
1 20 1
448
1 21 1
449
2 25 1
450
3 20 1
453
1 26 1
454
2 17 1
455
1 18 1
460
3 24 1
462
1 22 1
463
1 16 1
464
3 25 1
466
2 30 1
472
1 27 1
474
2 21 1
475
3 27 1
476
3 28 1
479
2 19 1
480
1 17 1
481
2 22 1
482
3 23 1
483
2 24 1
484
1 40 1
486
4 23 1
488
2 22 1
489
1 27 1
490
2 19 1
491
1 22 1
492
2 21 1
495
1 16 1
496
5 26 1
498
1 17 1
499
