1000 616 1550 67
31 39 32 36 15 39 28 17 38 34 24 24 28 17 26 29 11 14 14 38 22 23 34 32 13 13 37 29 24 38 23 14 23 22 12 20 39 11 28 32 39 38 38 28 18 22 28 14 18 34 21 36 36 39 36 25 35 14 11 11 27 17 31 28 34 23 17 33 28 11 30 15 40 26 38 26 16 19 12 25 35 23 22 37 28 25 28 23 22 34 32 29 27 21 12 22 33 15 40 13 28 34 15 18 11 28 19 36 31 20 24 14 30 40 13 33 36 16 39 39 34 25 27 35 20 12 12 32 14 27 12 11 17 11 27 23 20 36 40 32 24 19 18 12 36 14 19 37 11 33 19 28 14 33 21 34 30 40 19 29 20 20 38 35 30 33 24 14 18 28 23 11 39 31 26 24 35 24 18 40 26 35 23 18 37 17 28 40 30 36 27 21 20 27 29 26 21 14 15 17 33 18 36 37 31 22 38 24 22 30 19 34 36 21 37 37 15 37 35 40 27 35 21 29 17 14 26 33 13 37 39 12 34 26 25 22 40 23 17 38 34 29 34 11 22 33 25 22 26 39 33 12 23 23 14 18 19 31 32 26 20 32 15 26 25 22 15 13 17 26 40 19 33 18 18 31 29 29 12 29 34 35 19 19 14 12 32 38 15 35 38 37 25 29 23 26 13 30 29 27 14 22 22 18 34 40 40 20 31 34 14 34 34 25 15 12 33 14 36 17 39 18 30 38 38 13 30 36 18 38 24 27 32 32 40 22 18 21 16 14 30 19 17 20 16 17 23 37 26 12 40 24 26 33 22 30 20 19 35 24 40 39 24 23 40 39 13 17 19 13 25 40 11 13 37 32 24 26 31 35 14 36 40 35 34 18 29 19 39 19 36 20 35 22 28 15 26 12 35 33 23 14 25 22 39 27 13 18 38 31 31 31 12 12 39 37 22 12 22 38 20 32 17 17 12 11 18 34 19 26 35 23 37 35 39 24 38 36 18 34 35 38 27 26 14 27 28 24 12 40 18 11 27 11 20 36 31 30 31 35 15 21 23 22 15 30 16 19 37 23 39 16 39 11 26 25 11 13 12 27 39 36 13 11 14 22 22 29 32 23 15 38 31 20 36 21 18 25 23 17 38 39 25 16 37 11 23 36 37 13 21 29 30 39 16 21 31 40 12 34 36 20 34 17 31 29 17 33 24 20 14 12 24 25 16 20 34 11 12 38 40 23 23 12 37 19 27 32 24 18 29 36 26 24 22 25 40 39 26 20 22 16 21 26 36 14 19 26 21 18 17 37 18 33 24 32 27 23 25 13 18 23 15 20 24 19 14 21 29 35 11 34 26 13 19 11 12 40 18 14 40 23 24 18 11 32 17 23 28 11 30 35 21 34 31 15 31 20 21 17 22 31 31 11 25 13 35 23 39 27 31 38 15 20 19 15 25 24 32 35 22 16 11 39 40 39 12 22 14 26 12 29 15 25 32 21 35 35 11 33 34 20 16 33 15 13 26 39 29 18 25 27 29 33 33 21 38 25 22 31 36 23 24 32 27 16 39 14 26 14 38 21 27 20 24 28 25 32 12 15 40 15 18 20 20 30 27 30 34 37 40 37 36 14 27 16 25 29 15 21 34 14 26 31 40 20 29 24 14 30 15 33 19 38 27 18 37 25 39 12 38 38 19 30 32 21 29 24 16 18 29 11 13 11 18 29 22 40 18 18 28 19 16 21 29 14 20 29 15 25 36 22 16 19 28 38 38 33 33 26 19 19 26 20 40 25 31 21 35 21 37 23 28 23 23 40 38 12 36 27 27 21 14 27 20 32 34 12 22 26 15 39 19 27 34 17 15 25 19 14 13 22 32 15 33 16 13 30 17 20 22 34 27 31 18 34 21 37 36 24 23 35 31 16 24 32 24 34 25 19 37 21 29 19 28 39 35 28 40 17 32 24 37 16 33 21 29 13 24 27 29 13 36 25 37 35 38 20 32 39 25 36 36 31 12 15 40 33 21 14 40 12 29 17 39 17 12 14 31 37 11 38 30 24 37 36 17 24 32 36 21 38 13 12 29 13 12 26 23 35 23 29 12 13 22 14 40 23 28 16 24 14 12 15 17 27 23 20 33 40 18 40 34 28 12 35 16 29 23 16 36 28 25 24 40 30 17 40 23 22 35 21 14 30 18 23 40 37 33 25 31 40 23 27 27 29 14 11 30 19 21 15 22 13 36 14 14 14 33 30 27 21 14 34 24 26 28 20 30 26
21 29 22 26 5 29 18 7 28 24 14 14 18 7 16 19 1 4 4 28 12 13 24 22 3 3 27 19 14 28 13 4 13 12 2 10 29 1 18 22 29 28 28 18 8 12 18 4 8 24 11 26 26 29 26 15 25 4 1 1 17 7 21 18 24 13 7 23 18 1 20 5 30 16 28 16 6 9 2 15 25 13 12 27 18 15 18 13 12 24 22 19 17 11 2 12 23 5 30 3 18 24 5 8 1 18 9 26 21 10 14 4 20 30 3 23 26 6 29 29 24 15 17 25 10 2 2 22 4 17 2 1 7 1 17 13 10 26 30 22 14 9 8 2 26 4 9 27 1 23 9 18 4 23 11 24 20 30 9 19 10 10 28 25 20 23 14 4 8 18 13 1 29 21 16 14 25 14 8 30 16 25 13 8 27 7 18 30 20 26 17 11 10 17 19 16 11 4 5 7 23 8 26 27 21 12 28 14 12 20 9 24 26 11 27 27 5 27 25 30 17 25 11 19 7 4 16 23 3 27 29 2 24 16 15 12 30 13 7 28 24 19 24 1 12 23 15 12 16 29 23 2 13 13 4 8 9 21 22 16 10 22 5 16 15 12 5 3 7 16 30 9 23 8 8 21 19 19 2 19 24 25 9 9 4 2 22 28 5 25 28 27 15 19 13 16 3 20 19 17 4 12 12 8 24 30 30 10 21 24 4 24 24 15 5 2 23 4 26 7 29 8 20 28 28 3 20 26 8 28 14 17 22 22 30 12 8 11 6 4 20 9 7 10 6 7 13 27 16 2 30 14 16 23 12 20 10 9 25 14 30 29 14 13 30 29 3 7 9 3 15 30 1 3 27 22 14 16 21 25 4 26 30 25 24 8 19 9 29 9 26 10 25 12 18 5 16 2 25 23 13 4 15 12 29 17 3 8 28 21 21 21 2 2 29 27 12 2 12 28 10 22 7 7 2 1 8 24 9 16 25 13 27 25 29 14 28 26 8 24 25 28 17 16 4 17 18 14 2 30 8 1 17 1 10 26 21 20 21 25 5 11 13 12 5 20 6 9 27 13 29 6 29 1 16 15 1 3 2 17 29 26 3 1 4 12 12 19 22 13 5 28 21 10 26 11 8 15 13 7 28 29 15 6 27 1 13 26 27 3 11 19 20 29 6 11 21 30 2 24 26 10 24 7 21 19 7 23 14 10 4 2 14 15 6 10 24 1 2 28 30 13 13 2 27 9 17 22 14 8 19 26 16 14 12 15 30 29 16 10 12 6 11 16 26 4 9 16 11 8 7 27 8 23 14 22 17 13 15 3 8 13 5 10 14 9 4 11 19 25 1 24 16 3 9 1 2 30 8 4 30 13 14 8 1 22 7 13 18 1 20 25 11 24 21 5 21 10 11 7 12 21 21 1 15 3 25 13 29 17 21 28 5 10 9 5 15 14 22 25 12 6 1 29 30 29 2 12 4 16 2 19 5 15 22 11 25 25 1 23 24 10 6 23 5 3 16 29 19 8 15 17 19 23 23 11 28 15 12 21 26 13 14 22 17 6 29 4 16 4 28 11 17 10 14 18 15 22 2 5 30 5 8 10 10 20 17 20 24 27 30 27 26 4 17 6 15 19 5 11 24 4 16 21 30 10 19 14 4 20 5 23 9 28 17 8 27 15 29 2 28 28 9 20 22 11 19 14 6 8 19 1 3 1 8 19 12 30 8 8 18 9 6 11 19 4 10 19 5 15 26 12 6 9 18 28 28 23 23 16 9 9 16 10 30 15 21 11 25 11 27 13 18 13 13 30 28 2 26 17 17 11 4 17 10 22 24 2 12 16 5 29 9 17 24 7 5 15 9 4 3 12 22 5 23 6 3 20 7 10 12 24 17 21 8 24 11 27 26 14 13 25 21 6 14 22 14 24 15 9 27 11 19 9 18 29 25 18 30 7 22 14 27 6 23 11 19 3 14 17 19 3 26 15 27 25 28 10 22 29 15 26 26 21 2 5 30 23 11 4 30 2 19 7 29 7 2 4 21 27 1 28 20 14 27 26 7 14 22 26 11 28 3 2 19 3 2 16 13 25 13 19 2 3 12 4 30 13 18 6 14 4 2 5 7 17 13 10 23 30 8 30 24 18 2 25 6 19 13 6 26 18 15 14 30 20 7 30 13 12 25 11 4 20 8 13 30 27 23 15 21 30 13 17 17 19 4 1 20 9 11 5 12 3 26 4 4 4 23 20 17 11 4 24 14 16 18 10 20 16
1 8 8
671 56 669 452 228 344 580 656
0 4 5
45 700 897 521 310
4 14 10
957 606 790 213 402 350 188 81 676 891
0 7 2
141 246
0 12 1
482
0 4 3
703 337 691
4 13 11
59 704 833 919 51 440 25 133 964 823 556
1 14 3
523 798 574
1 7 8
32 712 954 684 388 170 708 3
0 4 4
581 391 218 144
0 18 1
75
0 5 6
786 602 783 858 518 357
0 4 5
749 722 586 481 839
0 5 2
110 855
0 6 8
53 838 545 57 672 176 781 840
0 10 3
926 442 940
0 8 3
658 135 558
1 11 3
448 293 168
0 11 2
875 48
2 15 5
753 298 164 659 697
1 9 6
893 44 394 929 958 303
0 11 4
307 8 383 450
0 6 7
470 841 304 271 314 351 160
1 14 5
636 925 379 665 516
0 9 4
943 371 281 233
0 4 6
599 106 759 487 183 674
2 12 8
171 381 801 512 403 608 207 493
0 7 6
235 583 367 755 680 191
1 5 11
506 914 774 37 270 681 415 530 366 531 300
4 15 9
39 762 256 971 280 42 410 507 698
1 8 8
405 407 713 289 41 644 533 607
1 9 5
997 975 836 912 140
0 6 5
874 554 799 566 17
1 11 6
711 564 124 931 154 779
0 9 2
261 959
3 13 8
192 692 206 989 273 543 412 567
1 14 4
695 609 476 373
0 11 1
514
1 13 4
984 686 77 793
0 5 1
526
3 12 9
871 78 994 488 375 627 23 555 908
0 11 1
68
0 9 5
880 631 84 69 597
3 11 8
950 240 980 962 990 915 441 678
0 18 2
161 905
2 11 10
29 420 645 156 626 724 784 249 447 705
2 7 9
21 832 632 92 864 266 348 416 253
1 10 5
589 771 937 380 490
0 11 1
426
0 4 3
965 167 301
1 9 6
797 544 578 534 917 10
3 10 9
999 559 451 294 921 250 243 541 825
0 11 3
872 158 406
0 6 3
484 225 332
5 12 11
72 434 675 808 778 653 315 655 472 977 151
1 7 6
652 677 467 960 860 445
1 10 3
699 976 430
0 14 3
660 323 654
1 6 7
563 913 349 569 922 587 764
0 6 4
295 70 542 100
0 4 5
378 324 806 325 457
3 13 6
334 588 65 104 353 923
0 5 3
399 392 878
0 15 1
409
3 15 9
967 355 63 36 495 123 330 479 892
0 11 3
883 812 854
2 14 5
342 212 129 306 594
1 15 6
788 509 901 264 195 520
0 11 3
777 529 772
1 9 7
952 618 647 239 376 126 117
1 8 5
122 31 519 489 263
0 13 1
706
0 5 3
687 64 146
0 14 2
236 290
0 7 4
758 313 364 24
0 6 8
97 46 629 215 128 983 757 222
2 8 13
234 728 339 683 985 936 946 335 492 642 873 244 849
1 10 5
138 237 670 34 94
2 13 7
768 752 175 312 662 714 941
0 8 3
639 930 504
0 4 4
738 592 998 851
0 15 2
835 856
11 26 1
0
1 11 1
1
3 12 1
2
8 23 1
4
3 23 1
5
3 25 2
6 845
1 15 1
7
2 12 1
9
1 10 1
11
1 18 1
12
1 10 1
13
1 19 1
14
8 25 1
15
1 16 1
16
4 30 1
18
4 18 1
19
1 9 1
20
2 18 1
22
1 13 2
26 404
1 11 2
27 522
3 18 2
28 287
1 15 1
30
2 20 1
33
2 17 1
35
3 27 1
38
5 18 1
40
3 22 1
43
3 18 1
47
6 25 2
49 780
1 12 1
50
3 25 1
52
1 10 1
54
6 23 1
55
4 21 1
58
3 21 1
60
2 19 1
61
3 18 1
62
8 26 2
66 194
10 26 1
67
1 32 1
71
5 24 2
73 116
2 20 1
74
1 13 1
76
5 22 1
79
6 26 1
80
3 18 1
82
1 19 1
83
4 20 1
85
3 19 1
86
9 30 1
87
4 22 1
88
2 27 1
89
1 15 1
90
1 14 1
91
2 26 1
93
3 14 1
95
3 25 1
96
1 13 1
98
3 11 1
99
3 19 1
101
3 12 1
102
1 16 1
103
5 24 1
105
3 18 2
107 899
2 20 1
108
1 10 1
109
9 26 1
111
1 12 1
112
2 21 1
113
1 10 1
114
1 31 1
115
1 17 1
118
1 15 2
119 265
3 22 1
120
4 20 2
121 938
1 14 1
125
1 14 1
127
2 15 1
130
1 17 1
131
1 11 2
132 601
6 21 1
134
1 17 1
136
3 23 1
137
3 17 1
139
5 21 2
142 432
1 21 1
143
2 19 1
145
2 25 2
147 282
1 25 1
148
1 20 1
149
2 24 1
150
1 17 1
152
5 22 1
153
3 20 1
155
3 20 1
157
3 25 1
159
2 20 1
162
5 25 1
163
3 28 1
165
1 18 1
166
4 17 1
169
2 14 2
172 739
11 25 1
173
6 22 2
174 679
1 24 1
177
3 17 1
178
4 18 2
179 550
2 16 1
180
3 21 1
181
2 20 1
182
1 10 2
184 657
1 20 1
185
1 18 2
186 927
4 20 1
187
3 19 1
189
1 11 1
190
3 22 1
193
5 23 1
196
2 13 1
197
3 11 1
198
2 20 1
199
2 19 1
200
2 20 1
201
1 20 2
202 630
2 14 2
203 767
3 14 1
204
7 25 1
205
1 12 1
208
1 24 2
209 933
2 21 1
210
1 16 2
211 634
1 18 1
214
1 15 1
216
6 20 1
217
1 12 1
219
1 12 1
220
9 23 2
221 826
7 28 1
223
1 17 1
224
3 18 1
226
1 15 1
227
8 27 1
229
3 20 1
230
3 16 2
231 425
2 14 1
232
1 14 1
238
2 29 1
241
2 13 2
242 524
3 16 1
245
1 16 1
247
1 15 1
248
1 10 1
251
1 19 1
252
2 25 1
254
2 12 1
255
2 19 1
257
3 17 2
258 641
1 26 1
259
2 15 1
260
2 21 1
262
2 13 1
267
1 15 1
268
1 25 1
269
2 25 1
272
1 13 1
274
1 9 1
275
1 20 1
276
2 27 1
277
7 26 1
278
1 18 1
279
1 19 1
283
1 15 1
284
1 15 2
285 898
1 15 1
286
5 19 1
288
1 21 1
291
1 13 1
292
1 9 1
296
3 18 1
297
2 15 1
299
3 14 1
302
4 24 1
305
2 19 3
308 726 732
1 31 1
309
8 26 2
311 398
2 12 1
316
7 30 1
317
8 25 1
318
1 16 1
319
2 28 1
320
5 20 1
321
2 15 1
322
1 22 1
326
1 19 1
327
1 9 1
328
10 27 1
329
2 19 1
331
7 25 1
333
4 17 1
336
2 22 1
338
2 12 1
340
3 16 1
341
2 17 1
343
1 23 1
345
1 18 1
346
1 12 1
347
1 16 2
352 499
1 13 2
354 842
4 22 1
356
2 14 1
358
2 19 1
359
3 20 2
360 710
1 24 2
361 553
3 17 1
362
2 20 1
363
2 19 1
365
6 23 1
368
1 19 1
369
3 21 1
370
4 22 1
372
3 19 1
374
1 14 1
377
5 22 2
382 769
3 19 1
384
2 24 1
385
1 11 1
386
2 17 1
387
1 15 1
389
1 17 1
390
1 10 1
393
3 22 1
395
1 14 2
396 795
1 16 1
397
2 21 1
400
3 19 1
401
2 22 1
408
2 30 1
411
1 15 2
413 800
4 18 1
414
1 18 2
417 643
6 18 1
418
2 21 1
419
7 27 1
421
3 15 1
422
1 11 1
423
4 24 1
424
6 20 1
427
7 28 2
428 805
1 18 1
429
3 20 1
431
1 29 2
433 540
1 12 1
435
2 18 1
436
3 11 2
437 968
1 14 1
438
2 20 1
439
3 17 2
443 916
3 14 1
444
3 14 2
446 628
1 27 1
449
3 19 1
453
3 19 1
454
9 23 1
455
2 13 1
456
1 15 1
458
1 15 1
459
3 25 1
460
1 23 1
461
1 21 1
462
4 17 1
463
4 19 1
464
1 16 1
465
3 29 1
466
1 9 1
468
1 13 1
469
2 12 1
471
6 21 1
473
3 16 1
474
1 17 1
475
2 13 1
477
1 20 1
478
5 28 1
480
5 24 1
483
6 22 1
485
1 11 1
486
1 13 1
491
1 23 1
494
2 12 1
496
3 16 1
497
1 16 1
498
2 12 1
500
2 33 1
501
2 23 1
502
3 32 1
503
1 25 1
505
1 19 1
508
6 19 1
510
1 10 1
511
1 11 2
513 934
1 11 1
515
1 8 1
517
3 14 1
525
1 18 1
527
2 24 1
528
3 21 1
532
1 20 1
535
5 22 1
536
1 8 1
537
3 16 1
538
1 18 3
539 802 818
2 18 1
546
3 21 1
547
2 15 1
548
1 10 1
549
1 17 1
551
1 15 1
552
3 20 1
557
2 23 1
560
1 14 1
561
5 16 1
562
2 22 1
565
1 14 1
568
3 28 1
570
1 17 1
571
3 23 1
572
3 25 1
573
2 9 1
575
2 26 1
576
1 13 1
577
2 22 1
579
2 18 1
582
2 18 1
584
3 13 1
585
3 14 1
590
5 24 1
591
1 28 1
593
2 32 1
595
4 19 1
596
6 25 1
598
3 17 1
600
3 19 1
603
10 25 1
604
7 28 1
605
6 25 1
610
1 21 1
611
5 21 1
612
2 12 1
613
1 17 2
614 651
1 17 1
615
3 22 1
616
4 18 1
617
3 20 1
619
1 9 1
620
9 25 1
621
2 30 1
622
1 16 1
623
9 26 1
624
1 11 1
625
1 13 2
633 828
1 18 1
635
2 24 1
637
3 19 1
638
6 19 1
640
6 25 1
646
1 23 1
648
1 22 1
649
1 15 1
650
1 17 1
661
4 19 1
663
6 23 1
664
1 9 1
666
2 20 1
667
4 21 1
668
1 20 1
673
1 19 1
682
3 13 1
685
3 11 1
688
11 25 1
689
6 22 1
690
2 23 1
693
2 20 1
694
2 17 1
696
2 17 1
701
1 13 1
702
1 11 1
707
1 12 1
709
6 20 1
715
1 18 1
716
3 13 1
717
3 17 1
718
5 18 1
719
2 16 1
720
5 24 1
721
1 11 1
723
1 14 1
725
1 19 1
727
4 15 1
729
1 22 1
730
1 18 1
731
1 10 1
733
3 12 1
734
1 20 2
735 918
1 21 1
736
1 10 1
737
1 19 1
740
2 11 1
741
1 16 1
742
4 20 1
743
2 17 1
744
2 15 1
745
1 19 1
746
1 20 1
747
6 25 1
748
6 23 1
750
1 14 1
751
1 12 1
754
1 18 1
756
1 16 1
760
3 18 1
761
2 13 1
763
4 14 1
765
9 24 1
766
2 27 1
770
2 26 1
773
3 23 1
775
1 9 1
776
4 17 1
782
4 22 1
785
9 21 1
787
3 18 1
789
1 17 1
791
4 17 1
792
3 20 1
794
1 13 1
796
1 12 1
803
3 14 1
804
2 24 1
807
5 20 1
809
3 17 1
810
9 24 1
811
2 10 1
813
2 19 1
814
1 19 1
815
1 20 1
816
1 8 1
817
1 12 1
819
2 13 1
820
4 21 1
821
5 29 1
822
4 21 1
824
4 18 1
827
1 8 1
829
1 15 1
830
2 20 1
831
1 20 1
834
7 26 1
837
3 18 1
843
3 17 1
844
5 25 1
846
4 23 1
847
4 15 1
848
3 20 1
850
2 26 1
852
1 13 1
853
4 20 1
857
1 18 1
859
1 26 1
861
3 22 1
862
2 19 1
863
1 16 1
865
3 14 1
866
6 20 1
867
4 15 1
868
5 26 1
869
4 26 2
870 947
5 24 1
876
4 22 1
877
1 18 1
879
3 13 1
881
1 26 1
882
2 14 1
884
1 20 1
885
1 11 1
886
1 12 1
887
2 21 1
888
3 20 1
889
3 16 1
890
3 15 1
894
3 24 1
895
1 19 1
896
1 20 1
900
2 25 1
902
1 10 1
903
4 15 1
904
4 20 1
906
1 23 1
907
4 19 1
909
3 17 1
910
1 12 1
911
1 28 1
920
1 21 1
924
2 11 1
928
1 18 1
932
4 22 1
935
2 24 1
939
2 23 1
942
1 10 1
944
1 13 1
945
1 17 1
948
4 30 1
949
3 20 1
951
4 17 1
953
2 25 1
955
3 20 1
956
1 18 1
961
9 22 1
963
1 17 1
966
3 17 1
969
3 16 1
970
1 17 1
972
1 14 1
973
1 21 1
974
5 21 1
978
1 15 1
979
3 16 1
981
4 17 1
982
3 22 1
986
7 25 1
987
3 25 1
988
3 16 1
991
2 30 1
992
2 15 1
993
2 14 1
995
3 28 1
996
