300 194 465 20
35 14 28 18 22 28 21 37 24 35 23 19 26 28 38 28 23 13 19 17 27 40 17 34 31 24 13 34 23 30 14 22 39 12 14 29 15 27 24 28 19 25 40 24 39 20 31 25 29 11 31 14 36 11 30 37 15 29 30 14 34 21 24 40 21 13 17 17 27 13 24 20 30 18 23 30 39 31 30 19 17 16 16 19 19 31 30 31 38 26 15 22 15 18 26 16 25 15 35 17 38 15 18 18 19 33 37 30 27 16 30 18 16 34 34 31 40 30 32 12 29 21 24 13 22 17 32 38 39 15 33 38 38 13 20 18 15 37 26 14 20 37 31 27 11 35 27 13 27 30 32 39 21 27 21 18 17 26 28 11 18 36 23 27 28 38 40 35 11 12 28 16 16 31 30 27 29 21 27 29 32 33 36 14 30 28 26 24 25 23 20 15 23 39 29 17 23 11 17 13 28 25 18 21 29 31 16 29 13 18 25 16 40 20 11 26 40 22 24 35 24 37 35 35 38 31 21 29 18 26 18 22 22 31 16 25 37 28 39 31 40 37 35 19 24 15 32 28 37 31 26 30 29 40 12 26 31 29 18 15 29 11 14 28 25 28 30 38 22 23 28 26 37 23 12 35 11 33 35 31 32 18 36 27 27 18 30 35 15 12 19 27 33 18 39 20 22 21 14 21
25 4 18 8 12 18 11 27 14 25 13 9 16 18 28 18 13 3 9 7 17 30 7 24 21 14 3 24 13 20 4 12 29 2 4 19 5 17 14 18 9 15 30 14 29 10 21 15 19 1 21 4 26 1 20 27 5 19 20 4 24 11 14 30 11 3 7 7 17 3 14 10 20 8 13 20 29 21 20 9 7 6 6 9 9 21 20 21 28 16 5 12 5 8 16 6 15 5 25 7 28 5 8 8 9 23 27 20 17 6 20 8 6 24 24 21 30 20 22 2 19 11 14 3 12 7 22 28 29 5 23 28 28 3 10 8 5 27 16 4 10 27 21 17 1 25 17 3 17 20 22 29 11 17 11 8 7 16 18 1 8 26 13 17 18 28 30 25 1 2 18 6 6 21 20 17 19 11 17 19 22 23 26 4 20 18 16 14 15 13 10 5 13 29 19 7 13 1 7 3 18 15 8 11 19 21 6 19 3 8 15 6 30 10 1 16 30 12 14 25 14 27 25 25 28 21 11 19 8 16 8 12 12 21 6 15 27 18 29 21 30 27 25 9 14 5 22 18 27 21 16 20 19 30 2 16 21 19 8 5 19 1 4 18 15 18 20 28 12 13 18 16 27 13 2 25 1 23 25 21 22 8 26 17 17 8 20 25 5 2 9 17 23 8 29 10 12 11 4 11
2 13 4
34 224 192 20
0 10 6
258 139 39 250 208 105
0 7 2
233 37
1 18 2
223 187
1 5 4
11 255 171 286
0 20 1
88
0 20 1
215
1 13 4
222 156 155 167
2 12 5
46 176 114 23 220
0 15 1
27
0 9 2
115 36
0 9 2
185 75
0 15 1
125
0 19 2
207 134
0 6 2
177 274
0 5 2
197 264
1 6 3
144 165 265
1 2 4
153 131 272 81
0 1 1
275
0 3 2
162 96
1 12 3
64 203 26
0 2 2
92 231
0 20 1
135
1 2 2
41 297
0 17 2
31 76
1 10 3
83 216 119
2 8 4
292 277 85 56
0 10 3
16 267 248
1 8 2
209 127
0 6 3
138 104 259
1 20 4
43 288 287 103
0 4 1
285
0 15 4
107 113 137 160
0 16 3
164 262 146
0 2 2
295 77
0 1 1
229
0 8 6
174 188 111 152 243 157
1 2 4
79 100 17 253
2 17 4
45 142 95 238
0 19 1
54
0 20 1
68
0 4 1
234
0 18 2
294 63
1 14 3
266 70 273
0 19 2
184 58
0 16 2
86 87
0 9 2
50 254
0 1 3
179 205 28
0 20 3
72 239 186
2 17 3
244 147 210
1 15 2
35 278
0 6 2
202 29
0 18 1
290
1 13 3
18 240 140
0 10 3
82 226 10
0 19 2
73 163
0 9 2
195 227
0 7 2
221 242
0 14 3
65 169 170
1 10 3
145 282 284
0 6 2
298 13
0 14 3
60 32 12
1 1 2
93 246
1 2 2
148 66
1 19 2
57 24
0 3 1
204
0 7 1
109
0 14 4
143 128 94 180
0 15 2
182 256
0 11 2
196 225
0 15 3
289 193 47
1 5 2
38 212
1 28 1
0
1 18 1
1
2 25 1
2
1 27 1
3
1 15 1
4
1 29 1
5
2 28 1
6
1 20 1
7
2 34 1
8
2 21 1
9
1 21 1
14
2 35 1
15
1 29 1
19
2 27 1
21
1 15 1
22
2 12 1
25
2 22 1
30
1 33 1
33
2 31 1
40
2 23 1
42
2 14 1
44
1 23 1
48
1 24 1
49
1 40 1
51
1 6 1
52
2 31 1
53
2 20 1
55
1 27 1
59
1 20 1
61
1 27 1
62
2 30 1
67
1 11 1
69
1 30 1
71
1 29 1
74
3 28 1
78
2 19 1
80
1 25 1
84
1 20 1
89
1 27 2
90 276
1 7 1
91
1 23 1
97
1 10 1
98
2 21 1
99
1 25 1
101
1 11 1
102
2 12 1
106
1 39 1
108
1 17 1
110
1 11 1
112
2 31 1
116
1 32 1
117
2 25 1
118
2 26 1
120
3 33 1
121
2 21 1
122
2 11 1
123
2 21 1
124
2 13 1
126
1 10 1
129
3 4 1
130
1 27 1
132
2 25 1
133
1 16 1
136
1 33 1
141
1 14 1
149
1 9 1
150
1 11 1
151
1 23 1
154
2 20 1
158
1 19 1
159
1 21 1
161
1 13 1
166
1 29 1
168
2 16 1
172
1 12 1
173
1 13 1
175
1 12 1
178
1 6 1
181
1 21 1
183
2 34 1
189
1 29 1
190
1 12 1
191
1 15 1
194
2 12 1
198
1 15 1
199
1 16 1
200
1 15 1
201
1 20 1
206
1 27 1
211
2 21 1
213
2 35 1
214
1 5 1
217
1 26 1
218
1 31 1
219
1 11 1
228
1 35 1
230
1 25 1
232
1 30 1
235
2 25 1
236
2 26 1
237
1 35 1
241
1 24 1
245
1 20 1
247
1 33 1
249
2 12 1
251
1 31 1
252
1 5 1
257
1 33 1
260
1 27 1
261
1 33 1
263
2 30 1
268
2 25 1
269
1 31 1
270
1 11 1
271
1 13 1
279
2 17 1
280
2 22 1
281
1 17 1
283
2 20 1
291
2 17 1
293
1 29 1
296
1 18 1
299
