800 391 1240 53
32 14 31 37 14 34 23 22 36 25 25 33 11 15 15 19 25 20 21 22 21 33 22 17 40 23 17 17 31 20 23 28 27 30 18 14 16 28 23 18 13 37 29 22 27 12 27 27 32 33 26 31 33 22 12 40 23 39 22 32 18 27 38 33 20 31 11 38 25 22 27 14 16 34 22 31 28 40 15 21 31 31 16 15 32 39 28 15 34 17 34 34 15 36 27 17 16 34 28 27 19 31 28 34 15 20 24 31 24 36 40 36 21 23 16 33 38 15 24 20 33 29 36 24 13 38 17 19 17 18 39 16 20 23 19 11 14 32 27 26 24 39 27 24 18 35 13 22 36 29 28 21 20 27 16 23 24 37 39 24 33 38 25 34 11 26 33 27 16 32 25 40 36 19 29 28 11 26 26 11 32 22 22 26 19 32 30 31 18 24 20 39 27 36 24 27 40 29 16 24 16 39 11 21 35 30 16 38 14 19 17 19 14 26 35 24 34 37 21 34 38 14 35 25 36 31 29 29 36 16 19 21 39 18 17 14 18 12 13 24 12 18 16 14 34 19 32 31 34 23 28 22 21 17 31 18 17 35 16 32 18 23 32 13 15 12 28 38 21 36 34 20 32 26 20 19 12 32 13 25 31 28 11 32 31 24 23 34 18 33 35 33 31 39 19 23 19 12 16 36 29 31 23 35 34 19 34 25 31 25 14 26 34 14 32 35 28 35 14 15 27 25 20 26 30 12 29 18 11 24 37 39 27 34 13 29 35 13 36 25 26 27 36 40 27 16 37 33 34 13 40 22 25 19 30 29 16 26 24 30 35 15 35 16 13 17 32 33 40 35 24 24 26 20 18 33 38 33 16 33 13 37 25 26 40 28 27 21 20 26 31 24 36 29 11 37 16 29 31 32 16 13 13 27 24 35 36 25 11 38 24 36 35 28 16 27 33 11 39 34 17 39 21 13 29 18 25 32 24 35 29 13 14 30 29 32 17 12 24 11 12 17 31 12 36 33 27 35 34 35 32 18 12 40 34 18 38 13 14 27 11 37 30 32 38 40 25 19 32 12 35 22 14 32 36 36 32 22 33 31 40 13 15 22 15 37 13 26 35 30 19 20 23 23 32 38 16 12 27 24 23 38 36 40 14 34 12 15 25 18 30 24 22 40 19 27 31 27 15 39 38 17 32 24 13 30 19 33 25 17 22 27 28 13 19 21 17 31 38 39 29 37 37 20 35 25 29 37 17 21 22 12 11 29 27 25 35 19 18 15 14 20 36 18 22 13 13 12 18 33 24 34 11 15 13 39 37 14 37 14 39 12 30 35 16 11 22 34 17 15 30 17 22 23 36 24 35 20 38 16 21 40 25 24 17 20 33 17 35 29 38 36 15 12 19 29 39 26 28 30 36 38 38 19 30 24 31 15 18 40 33 35 17 24 34 38 29 32 34 27 37 38 25 21 20 15 14 38 13 26 15 29 12 25 22 17 23 38 14 24 40 40 40 22 12 23 20 16 36 26 37 11 28 37 18 20 23 26 32 36 23 20 25 18 29 39 20 28 24 16 25 14 33 12 25 13 27 30 26 22 12 25 32 25 24 31 26 28 11 11 14 22 24 20 12 37 28 17 22 12 38 34 28 22 23 13 30 28 27 33 30 33 17 20 13 22 40 38 24 15 17 35 12 25 29 20 18 12 15 22 30 20 30 40 39 30 35 40 39 12 30 12 25 29 24 26 31 39 12 21 24 19 20 23 31 13 23 21 18 17 31 14 39 33 29 27 13 20 17 11 32 36 37 23 21 15 14 23 18 11
22 4 21 27 4 24 13 12 26 15 15 23 1 5 5 9 15 10 11 12 11 23 12 7 30 13 7 7 21 10 13 18 17 20 8 4 6 18 13 8 3 27 19 12 17 2 17 17 22 23 16 21 23 12 2 30 13 29 12 22 8 17 28 23 10 21 1 28 15 12 17 4 6 24 12 21 18 30 5 11 21 21 6 5 22 29 18 5 24 7 24 24 5 26 17 7 6 24 18 17 9 21 18 24 5 10 14 21 14 26 30 26 11 13 6 23 28 5 14 10 23 19 26 14 3 28 7 9 7 8 29 6 10 13 9 1 4 22 17 16 14 29 17 14 8 25 3 12 26 19 18 11 10 17 6 13 14 27 29 14 23 28 15 24 1 16 23 17 6 22 15 30 26 9 19 18 1 16 16 1 22 12 12 16 9 22 20 21 8 14 10 29 17 26 14 17 30 19 6 14 6 29 1 11 25 20 6 28 4 9 7 9 4 16 25 14 24 27 11 24 28 4 25 15 26 21 19 19 26 6 9 11 29 8 7 4 8 2 3 14 2 8 6 4 24 9 22 21 24 13 18 12 11 7 21 8 7 25 6 22 8 13 22 3 5 2 18 28 11 26 24 10 22 16 10 9 2 22 3 15 21 18 1 22 21 14 13 24 8 23 25 23 21 29 9 13 9 2 6 26 19 21 13 25 24 9 24 15 21 15 4 16 24 4 22 25 18 25 4 5 17 15 10 16 20 2 19 8 1 14 27 29 17 24 3 19 25 3 26 15 16 17 26 30 17 6 27 23 24 3 30 12 15 9 20 19 6 16 14 20 25 5 25 6 3 7 22 23 30 25 14 14 16 10 8 23 28 23 6 23 3 27 15 16 30 18 17 11 10 16 21 14 26 19 1 27 6 19 21 22 6 3 3 17 14 25 26 15 1 28 14 26 25 18 6 17 23 1 29 24 7 29 11 3 19 8 15 22 14 25 19 3 4 20 19 22 7 2 14 1 2 7 21 2 26 23 17 25 24 25 22 8 2 30 24 8 28 3 4 17 1 27 20 22 28 30 15 9 22 2 25 12 4 22 26 26 22 12 23 21 30 3 5 12 5 27 3 16 25 20 9 10 13 13 22 28 6 2 17 14 13 28 26 30 4 24 2 5 15 8 20 14 12 30 9 17 21 17 5 29 28 7 22 14 3 20 9 23 15 7 12 17 18 3 9 11 7 21 28 29 19 27 27 10 25 15 19 27 7 11 12 2 1 19 17 15 25 9 8 5 4 10 26 8 12 3 3 2 8 23 14 24 1 5 3 29 27 4 27 4 29 2 20 25 6 1 12 24 7 5 20 7 12 13 26 14 25 10 28 6 11 30 15 14 7 10 23 7 25 19 28 26 5 2 9 19 29 16 18 20 26 28 28 9 20 14 21 5 8 30 23 25 7 14 24 28 19 22 24 17 27 28 15 11 10 5 4 28 3 16 5 19 2 15 12 7 13 28 4 14 30 30 30 12 2 13 10 6 26 16 27 1 18 27 8 10 13 16 22 26 13 10 15 8 19 29 10 18 14 6 15 4 23 2 15 3 17 20 16 12 2 15 22 15 14 21 16 18 1 1 4 12 14 10 2 27 18 7 12 2 28 24 18 12 13 3 20 18 17 23 20 23 7 10 3 12 30 28 14 5 7 25 2 15 19 10 8 2 5 12 20 10 20 30 29 20 25 30 29 2 20 2 15 19 14 16 21 29 2 11 14 9 10 13 21 3 13 11 8 7 21 4 29 23 19 17 3 10 7 1 22 26 27 13 11 5 4 13 8 1
2 14 9
230 229 276 275 715 389 391 23 91
1 8 5
683 369 68 573 43
3 19 9
552 548 455 550 228 427 432 25 611
0 2 1
366
1 11 9
290 655 722 754 271 100 526 711 500
0 16 1
295
0 18 3
106 59 578
4 3 9
574 156 551 637 233 601 166 743 56
2 11 8
394 497 490 207 437 658 470 546
0 12 2
436 348
0 14 3
752 585 458
4 2 9
656 131 2 783 116 73 45 523 662
1 2 6
130 238 731 599 243 152
0 1 2
714 682
2 12 7
368 405 205 784 646 120 719
1 9 7
42 795 163 180 749 709 567
1 17 7
403 345 64 118 763 354 83
1 19 3
148 463 774
2 10 5
482 171 54 24 539
2 9 7
484 659 794 219 485 414 135
4 17 9
184 115 625 433 384 460 346 616 420
1 19 5
757 452 554 786 626
0 3 5
217 77 126 251 398
0 3 2
122 259
0 13 5
21 666 663 291 402
1 15 10
316 516 313 397 338 748 727 94 283 581
1 2 12
30 418 524 650 764 242 529 108 303 236 399 355
1 14 5
63 612 159 306 5
0 17 3
138 750 701
0 7 5
790 410 791 206 579
2 19 10
562 393 453 376 705 367 288 788 375 568
2 4 12
732 522 634 266 623 798 128 620 627 82 610 736
1 4 8
598 525 693 134 314 547 240 489
2 9 8
350 176 139 153 19 349 544 142
1 14 4
67 69 133 512
3 13 8
330 172 423 351 278 725 761 365
0 3 1
53
1 12 7
789 381 741 385 604 429 621
2 3 9
92 515 124 352 182 518 129 594 58
0 18 1
751
0 16 2
653 359
2 2 6
588 796 388 344 753 390
1 10 4
613 681 105 606
1 1 10
728 284 149 9 797 86 44 261 123 614
0 11 4
576 597 776 7
1 7 4
79 643 558 445
1 5 4
560 111 545 619
1 8 6
264 326 71 267 339 407
3 3 6
377 617 566 461 674 222
0 6 2
442 679
0 1 7
312 141 150 787 175 301 416
0 9 3
734 514 249
3 20 9
466 99 145 361 140 665 448 15 47
2 2 6
174 347 311 218 353 51
1 17 7
440 535 35 575 768 386 680
1 19 5
533 144 481 615 487
0 5 7
424 450 52 102 280 252 179
0 13 1
62
0 1 3
358 480 223
1 6 4
720 541 383 286
0 1 5
756 428 542 33 632
0 14 4
49 34 310 555
0 13 5
212 472 356 513 189
0 20 2
154 673
0 17 2
426 55
0 9 10
473 661 281 499 746 231 164 282 18 335
4 13 9
396 371 493 117 279 678 593 158 169
3 18 11
322 245 38 195 343 413 263 246 188 716 684
2 3 5
300 72 607 74 577
2 16 6
87 197 210 769 395 457
0 7 2
629 203
1 1 10
147 707 799 502 712 294 605 717 479 469
0 15 11
496 215 454 670 93 95 596 183 31 213 702
1 7 8
668 735 649 161 491 733 747 483
0 14 3
672 677 590
1 20 3
401 90 530
1 19 6
669 66 22 758 740 327
0 3 2
449 671
2 12 5
770 592 785 373 268
1 16 9
101 478 146 462 537 642 204 412 162
0 11 14
315 586 492 465 624 187 495 324 564 505 0 26 608 713
1 15 4
721 200 37 28
0 15 1
762
0 13 5
198 571 3 685 57
0 2 1
531
2 8 1
1
3 25 1
4
3 39 2
6 46
3 38 1
8
1 9 1
10
3 39 1
11
1 27 1
12
2 26 2
13 61
4 14 1
14
2 8 1
16
2 22 1
17
1 18 1
20
8 15 1
27
4 6 1
29
7 24 1
32
2 32 1
36
2 37 1
39
2 14 1
40
9 19 1
41
3 28 1
48
3 26 1
50
1 16 1
60
5 23 1
65
1 24 1
70
2 23 1
75
5 24 1
76
5 7 1
78
2 25 1
80
2 7 1
81
2 21 1
84
3 33 1
85
2 18 1
88
5 27 1
89
4 17 1
96
4 10 1
97
2 24 1
98
1 36 1
103
5 12 2
104 648
4 26 1
107
1 17 1
109
3 31 1
110
7 25 1
112
2 11 1
113
5 15 1
114
1 31 1
119
1 22 1
121
1 18 1
125
4 18 1
127
4 18 1
132
3 37 1
136
2 13 1
137
2 27 1
143
2 17 1
151
4 10 1
155
1 17 1
157
2 9 1
160
7 11 1
165
4 30 1
167
2 33 1
168
3 38 1
170
2 18 1
173
2 30 1
177
2 20 1
178
2 9 1
181
2 12 1
185
1 17 1
186
3 29 1
190
1 13 1
191
1 12 1
192
1 12 1
193
3 18 1
194
2 25 1
196
1 28 1
199
3 12 1
201
4 21 1
202
1 19 1
208
3 16 1
209
1 16 1
211
1 10 1
214
1 18 1
216
1 28 1
220
1 29 1
221
3 16 1
224
1 13 1
225
2 25 1
226
2 31 1
227
1 15 1
232
4 15 1
234
2 17 1
235
1 22 1
237
5 22 1
239
1 26 1
241
5 16 1
244
4 4 1
247
2 20 1
248
1 36 1
250
1 33 1
253
3 24 1
254
2 16 2
255 553
3 31 1
256
3 21 1
257
2 22 1
258
2 24 1
260
4 20 1
262
5 22 1
265
3 26 1
269
8 23 1
270
2 16 1
272
2 17 1
273
2 19 1
274
2 13 2
277 765
4 28 2
285 582
7 16 2
287 527
1 21 1
289
1 18 1
292
2 30 1
293
1 21 1
296
5 26 1
297
1 30 1
298
4 18 1
299
3 20 1
302
5 23 1
304
2 25 1
305
1 26 1
307
2 21 1
308
3 19 1
309
5 33 1
317
2 28 1
318
3 23 1
319
5 5 1
320
1 14 1
321
1 12 1
323
5 32 1
325
3 10 1
328
3 33 1
329
5 27 1
331
1 21 1
332
2 23 1
333
2 24 2
334 687
1 21 1
336
4 11 1
337
3 24 1
340
2 17 1
341
8 13 1
342
1 16 1
357
1 23 1
360
2 14 1
362
2 20 1
363
2 33 1
364
3 39 1
370
2 11 1
372
3 9 1
374
2 22 1
378
2 9 1
379
5 14 1
380
4 32 1
382
1 28 1
387
1 23 1
392
1 17 1
400
1 19 1
404
1 13 1
406
4 22 1
408
1 28 1
409
1 19 1
411
4 15 1
415
1 14 1
417
2 27 1
419
3 28 1
421
2 11 1
422
4 20 1
425
3 32 1
430
7 32 1
431
5 9 1
434
2 9 1
435
8 33 1
438
2 26 1
439
3 13 1
441
1 20 1
443
2 16 1
444
1 20 1
446
1 9 1
447
2 21 1
451
7 21 1
456
1 19 1
459
2 10 1
464
1 16 1
467
4 14 1
468
4 3 1
471
4 20 2
474 636
4 17 1
475
5 39 1
476
3 33 1
477
1 15 1
486
2 20 1
488
2 21 1
494
1 22 1
498
2 32 1
501
1 16 1
503
3 34 1
504
2 16 1
506
2 11 1
507
2 12 1
508
1 23 1
509
2 25 1
510
1 32 1
511
1 18 1
517
2 13 1
519
1 30 1
520
1 26 1
521
2 9 1
528
2 11 1
532
2 22 1
534
3 20 1
536
3 35 1
538
2 35 1
540
4 5 1
543
2 7 1
549
3 26 1
556
2 26 1
557
2 20 1
559
2 32 1
561
2 8 1
563
3 21 1
565
5 33 1
569
1 24 1
570
3 37 1
572
2 25 1
580
3 29 1
583
1 17 1
584
1 17 1
587
2 17 1
589
5 26 1
591
8 15 1
595
4 31 1
600
5 16 1
602
1 31 1
603
5 10 1
609
5 6 1
618
2 28 1
622
2 21 2
628 630
3 11 1
631
1 17 1
633
2 19 1
635
2 6 1
638
1 37 1
639
2 14 1
640
2 33 1
641
1 15 1
644
1 5 1
645
2 13 1
647
1 31 1
651
2 25 1
652
1 31 1
654
2 5 1
657
2 2 1
660
5 31 1
664
5 37 1
667
4 12 1
675
3 27 1
676
1 14 1
686
5 12 1
688
2 32 1
689
3 19 1
690
2 9 1
691
1 23 1
692
1 32 1
694
5 32 1
695
5 14 1
696
2 35 1
697
4 21 1
698
2 27 1
699
2 20 1
700
3 5 1
703
3 14 1
704
3 31 1
706
3 29 1
708
2 11 1
710
3 8 1
718
4 14 1
723
1 20 1
724
1 12 1
726
3 37 1
729
1 5 1
730
2 28 1
737
1 29 1
738
2 15 1
739
2 12 1
742
4 22 1
744
1 3 1
745
2 34 1
755
2 28 1
759
1 30 1
760
5 11 1
766
1 2 1
767
1 28 1
771
2 26 1
772
2 10 1
773
2 30 1
775
2 17 1
777
2 30 1
778
1 36 1
779
2 24 1
780
1 31 1
781
1 8 1
782
1 29 1
792
2 3 1
793
