700 355 1085 47
17 36 37 31 32 40 25 13 28 33 22 16 35 32 26 17 15 18 34 31 26 34 21 36 15 37 26 29 31 27 40 32 36 36 37 18 16 12 19 23 39 31 32 19 36 18 20 23 22 32 23 38 28 38 12 29 31 12 13 36 30 22 34 29 22 37 25 38 25 24 29 18 22 18 29 11 35 21 23 26 13 37 15 39 23 38 35 28 12 27 23 33 36 12 20 39 15 11 32 22 35 16 16 21 34 30 19 19 17 15 20 20 40 24 37 14 19 23 39 37 28 31 22 20 29 33 26 23 18 15 22 25 40 32 22 14 13 15 13 34 36 32 12 17 37 35 25 22 36 14 20 35 38 33 28 11 37 40 29 30 35 34 22 22 31 18 25 23 12 27 22 39 30 15 40 30 13 15 28 24 40 18 38 33 17 37 39 11 15 39 16 28 17 15 38 28 16 21 30 34 14 27 30 25 29 34 14 14 26 20 30 25 37 21 11 28 30 32 39 21 11 13 12 13 21 37 13 40 36 39 37 26 19 16 14 36 30 22 24 38 29 15 36 36 37 25 14 25 12 20 36 29 23 34 31 26 35 11 31 29 15 22 31 12 19 17 23 28 27 31 21 20 11 15 16 21 22 11 16 20 40 17 22 36 27 39 11 29 39 21 32 40 14 29 32 17 13 12 39 25 12 20 13 12 27 19 22 35 28 19 31 18 25 32 29 20 35 40 39 20 24 27 14 36 29 11 14 20 16 16 29 23 34 22 25 32 29 17 25 29 11 17 18 22 27 34 20 25 33 32 21 19 22 34 20 22 34 26 34 11 23 37 18 34 15 24 27 39 36 34 37 21 40 37 34 21 13 13 14 25 20 38 33 36 24 20 32 37 34 20 21 12 30 24 21 38 21 29 34 28 34 39 18 40 26 34 20 33 33 27 30 36 39 31 15 33 40 12 37 40 27 12 33 13 20 36 15 26 26 33 32 32 12 20 24 33 18 15 11 29 21 35 16 36 17 23 16 24 38 35 15 20 20 40 22 23 29 27 35 14 17 35 14 27 33 17 12 36 21 29 31 32 22 14 31 14 38 20 23 18 24 29 31 27 22 29 12 13 35 36 34 12 12 31 37 27 14 31 29 26 30 12 22 25 25 13 40 26 35 24 39 20 39 22 16 15 20 14 12 17 18 37 14 32 14 11 37 38 29 19 26 30 35 27 38 14 35 26 36 33 31 33 32 32 17 40 36 27 22 29 38 34 17 12 16 16 13 17 11 14 29 15 14 18 35 29 38 14 21 39 36 40 12 16 38 37 18 23 33 22 39 14 37 18 21 33 22 29 37 27 33 17 21 22 29 25 37 40 21 30 21 39 36 26 15 37 23 14 21 12 40 38 15 12 38 28 21 30 21 39 33 30 37 31 25 26 37 27 23 31 22 40 21 17 17 14 28 28 33 25 15 16 21 23 21 13 24 36 22 11 22 17 11 39 38 37 15 22 23 23 31 40 28 20 11 16 20 20 25 12 21 29 18 20 33 24 26 15 16 14 40 34 25 23 29 18 37 25 27 24 37 22 19 29 28 30 27 25 37 39
7 26 27 21 22 30 15 3 18 23 12 6 25 22 16 7 5 8 24 21 16 24 11 26 5 27 16 19 21 17 30 22 26 26 27 8 6 2 9 13 29 21 22 9 26 8 10 13 12 22 13 28 18 28 2 19 21 2 3 26 20 12 24 19 12 27 15 28 15 14 19 8 12 8 19 1 25 11 13 16 3 27 5 29 13 28 25 18 2 17 13 23 26 2 10 29 5 1 22 12 25 6 6 11 24 20 9 9 7 5 10 10 30 14 27 4 9 13 29 27 18 21 12 10 19 23 16 13 8 5 12 15 30 22 12 4 3 5 3 24 26 22 2 7 27 25 15 12 26 4 10 25 28 23 18 1 27 30 19 20 25 24 12 12 21 8 15 13 2 17 12 29 20 5 30 20 3 5 18 14 30 8 28 23 7 27 29 1 5 29 6 18 7 5 28 18 6 11 20 24 4 17 20 15 19 24 4 4 16 10 20 15 27 11 1 18 20 22 29 11 1 3 2 3 11 27 3 30 26 29 27 16 9 6 4 26 20 12 14 28 19 5 26 26 27 15 4 15 2 10 26 19 13 24 21 16 25 1 21 19 5 12 21 2 9 7 13 18 17 21 11 10 1 5 6 11 12 1 6 10 30 7 12 26 17 29 1 19 29 11 22 30 4 19 22 7 3 2 29 15 2 10 3 2 17 9 12 25 18 9 21 8 15 22 19 10 25 30 29 10 14 17 4 26 19 1 4 10 6 6 19 13 24 12 15 22 19 7 15 19 1 7 8 12 17 24 10 15 23 22 11 9 12 24 10 12 24 16 24 1 13 27 8 24 5 14 17 29 26 24 27 11 30 27 24 11 3 3 4 15 10 28 23 26 14 10 22 27 24 10 11 2 20 14 11 28 11 19 24 18 24 29 8 30 16 24 10 23 23 17 20 26 29 21 5 23 30 2 27 30 17 2 23 3 10 26 5 16 16 23 22 22 2 10 14 23 8 5 1 19 11 25 6 26 7 13 6 14 28 25 5 10 10 30 12 13 19 17 25 4 7 25 4 17 23 7 2 26 11 19 21 22 12 4 21 4 28 10 13 8 14 19 21 17 12 19 2 3 25 26 24 2 2 21 27 17 4 21 19 16 20 2 12 15 15 3 30 16 25 14 29 10 29 12 6 5 10 4 2 7 8 27 4 22 4 1 27 28 19 9 16 20 25 17 28 4 25 16 26 23 21 23 22 22 7 30 26 17 12 19 28 24 7 2 6 6 3 7 1 4 19 5 4 8 25 19 28 4 11 29 26 30 2 6 28 27 8 13 23 12 29 4 27 8 11 23 12 19 27 17 23 7 11 12 19 15 27 30 11 20 11 29 26 16 5 27 13 4 11 2 30 28 5 2 28 18 11 20 11 29 23 20 27 21 15 16 27 17 13 21 12 30 11 7 7 4 18 18 23 15 5 6 11 13 11 3 14 26 12 1 12 7 1 29 28 27 5 12 13 13 21 30 18 10 1 6 10 10 15 2 11 19 8 10 23 14 16 5 6 4 30 24 15 13 19 8 27 15 17 14 27 12 9 19 18 20 17 15 27 29
2 14 7
622 294 692 639 17 626 523
2 6 6
168 446 582 317 376 329
3 1 8
94 158 327 350 78 609 4 151
0 5 4
197 313 449 45
0 4 3
406 40 180
0 7 2
680 452
0 12 3
21 230 415
2 5 7
676 599 365 696 70 379 135
1 2 9
634 120 612 149 535 671 568 328 50
3 14 7
0 569 277 461 562 104 408
0 13 2
635 414
1 10 7
324 385 520 388 321 457 308
3 5 10
670 13 75 36 501 298 483 567 693 80
1 16 3
171 66 155
0 5 4
617 131 367 549
1 6 8
213 202 571 616 371 143 697 11
0 15 4
557 127 453 358
0 2 2
289 620
0 7 2
470 503
0 1 5
8 400 142 564 84
1 3 3
659 349 260
1 14 5
243 193 69 502 15
1 4 3
448 610 423
3 19 8
44 434 163 7 450 528 72 20
0 20 2
554 667
0 5 8
401 208 474 426 77 509 633 23
2 1 7
550 146 533 292 159 97 477
0 8 4
195 5 518 293
1 15 5
472 419 136 47 480
0 12 2
570 48
0 1 5
73 191 531 300 206
1 6 4
319 677 391 314
0 3 2
584 683
0 14 1
404
0 14 2
445 625
2 12 10
98 275 295 381 413 515 207 578 393 176
2 8 5
160 565 225 637 29
2 4 10
204 186 475 353 484 614 239 682 148 368
0 9 5
686 462 540 641 251
0 8 2
678 82
0 8 2
173 355
0 19 5
341 170 198 586 402
1 9 9
125 493 223 431 297 362 254 627 352
1 14 9
655 304 147 175 156 647 387 132 141
3 4 7
574 326 287 91 593 636 690
1 19 9
392 412 256 60 167 222 487 51 264
3 2 7
638 219 250 538 663 61 699
0 7 7
3 279 689 514 133 575 343
1 11 3
259 112 642
1 16 7
495 28 601 253 577 669 306
0 20 3
26 546 196
4 4 10
389 496 465 187 427 372 221 473 660 166
1 11 7
242 276 536 382 430 288 432
1 3 4
370 235 674 2
2 14 6
433 237 229 588 33 458
0 9 9
597 92 226 687 632 79 54 666 443
2 5 9
456 507 629 332 211 96 630 145 665
0 20 3
490 164 366
0 5 8
212 508 521 576 595 301 87 122
2 18 7
657 357 246 68 579 581 369
1 20 9
181 460 63 31 22 312 603 169 123
0 8 5
631 154 214 281 190
0 19 2
114 478
0 11 1
263
1 3 2
395 623
0 17 7
340 580 14 220 342 684 337
1 5 3
440 262 27
1 16 5
364 436 596 139 217
1 14 4
257 532 10 278
0 12 2
67 360
1 19 3
613 621 101
0 14 1
429
1 8 7
643 184 88 652 209 119 525
0 15 2
252 463
1 10 8
694 398 384 231 286 268 399 165
0 20 5
108 129 534 405 492
2 13 5
345 266 648 172 240
1 13 9
331 52 543 199 506 695 375 439 103
1 12 7
41 265 685 95 126 559 273
2 18 2
1 435
2 38 1
6
1 20 1
9
3 15 2
12 485
2 25 1
16
2 24 1
18
6 11 1
19
1 20 1
24
1 31 1
25
1 13 1
30
3 29 2
32 656
6 25 1
34
1 12 1
35
2 26 1
37
2 26 1
38
2 11 1
39
1 33 1
42
1 17 1
43
1 29 1
46
1 23 1
49
2 23 1
53
2 20 1
55
4 10 2
56 62
4 20 1
57
6 18 1
58
2 25 1
59
1 15 1
64
1 29 1
65
1 24 1
71
1 27 1
74
3 30 1
76
1 14 1
81
2 28 1
83
1 15 1
85
2 10 1
86
1 27 1
89
5 7 1
90
3 28 1
93
2 28 1
99
3 18 1
100
1 35 1
102
2 15 1
105
4 19 1
106
1 34 1
107
6 18 1
109
1 13 1
110
1 27 1
111
2 27 1
113
1 28 1
115
1 13 1
116
1 7 1
117
2 11 1
118
1 22 1
121
1 31 1
124
4 9 1
128
2 35 1
130
1 6 1
134
1 24 1
137
3 12 1
138
1 17 1
140
2 8 1
144
1 16 1
150
2 7 1
152
2 28 1
153
2 8 1
157
2 13 1
161
5 19 1
162
2 16 1
174
4 14 1
177
1 22 1
178
4 11 1
179
1 16 1
182
1 9 1
183
1 33 1
185
1 25 1
188
1 12 1
189
2 5 1
192
1 25 1
194
1 11 1
200
1 32 1
201
1 20 1
203
2 16 1
205
1 24 1
210
1 22 1
215
2 23 1
216
1 22 1
218
1 28 1
224
1 14 1
227
4 9 1
228
1 27 1
232
3 15 1
233
1 30 1
234
4 6 1
236
1 10 1
238
3 6 1
241
1 35 1
244
3 25 1
245
2 34 1
247
4 22 2
248 336
1 9 1
249
4 16 1
255
4 21 1
258
1 13 1
261
1 17 1
267
3 16 2
269 271
2 17 1
270
1 26 1
272
4 8 1
274
1 26 1
280
2 25 1
282
2 23 1
283
2 11 1
284
2 19 1
285
1 13 1
290
2 15 1
291
1 33 1
296
1 33 1
299
2 15 1
302
2 35 1
303
1 22 1
305
6 11 1
307
2 13 1
309
3 23 1
310
1 26 1
311
2 17 1
315
7 20 1
316
1 21 1
318
2 4 1
320
1 6 1
322
4 10 1
323
1 38 1
325
2 22 1
330
1 16 1
333
2 32 1
334
3 24 1
335
2 22 1
338
1 26 2
339 539
4 35 1
344
3 5 1
346
2 18 1
347
1 25 1
348
1 17 1
351
3 9 1
354
3 8 1
356
1 31 1
359
4 5 1
361
1 14 1
363
1 22 1
373
2 31 1
374
2 24 1
377
3 8 1
378
4 13 1
380
2 39 1
383
2 15 1
386
1 16 1
390
2 15 1
394
2 13 1
396
1 23 1
397
2 6 1
403
1 10 1
407
4 11 1
409
1 14 2
410 548
1 25 1
411
2 27 1
416
1 13 1
417
5 9 1
418
1 23 1
420
4 15 1
421
2 14 1
422
1 23 1
424
1 22 1
425
1 27 1
428
2 27 1
437
1 18 1
438
1 23 1
441
1 28 1
442
1 15 1
444
3 23 1
447
7 6 1
451
1 19 1
454
4 8 1
455
2 33 1
459
3 25 1
464
2 22 1
466
1 22 1
467
2 17 1
468
1 29 1
469
4 28 1
471
2 15 1
476
2 22 1
479
3 20 1
481
1 15 1
482
4 24 1
486
1 22 1
488
2 28 1
489
8 6 1
491
4 21 1
494
2 13 1
497
1 20 1
498
6 15 1
499
1 8 1
500
1 24 1
504
4 11 1
505
2 23 1
510
1 17 1
511
1 14 1
512
1 11 1
513
1 12 1
516
3 12 1
517
1 31 1
519
1 28 1
522
1 22 1
524
5 29 1
526
1 28 1
527
1 27 1
529
1 23 1
530
1 25 1
537
3 5 1
541
1 36 1
542
1 32 1
544
1 11 1
545
2 5 1
547
5 17 2
551 651
6 19 1
552
5 25 1
553
2 33 1
555
1 24 1
556
3 18 1
558
1 21 2
560 649
5 16 1
561
1 24 1
563
7 3 1
566
1 16 1
572
1 22 1
573
1 16 1
583
1 27 1
585
1 6 1
587
1 8 1
589
1 27 1
590
1 33 1
591
1 23 1
592
2 22 1
594
1 26 1
598
1 36 1
600
2 34 1
602
4 18 1
604
1 18 1
605
1 25 1
606
1 8 1
607
1 24 1
608
1 29 1
611
1 13 1
615
7 6 1
618
2 8 1
619
1 38 1
624
1 22 1
628
1 19 1
640
2 12 1
644
2 23 1
645
1 20 1
646
1 9 1
650
2 26 1
653
2 16 1
654
1 16 1
658
1 10 1
661
1 28 1
662
2 12 1
664
1 8 1
668
4 9 1
672
1 28 1
673
2 24 1
675
1 6 1
679
4 30 1
681
2 16 1
688
2 16 1
691
2 16 1
698
