700 361 1085 47
22 12 23 18 13 29 14 12 30 11 40 35 39 20 19 38 12 31 31 33 26 13 20 18 21 29 22 30 39 37 15 33 33 33 33 15 23 19 22 38 31 39 39 28 20 27 35 15 38 40 37 29 29 21 33 31 24 31 23 25 27 14 12 32 28 22 23 28 12 39 39 28 37 23 28 30 14 35 22 26 13 39 27 37 40 14 32 24 38 28 29 17 21 28 40 16 22 36 12 13 39 29 33 18 13 34 30 26 29 26 29 39 37 27 25 22 32 23 32 28 26 27 38 28 20 34 14 24 34 27 17 35 22 28 39 11 11 11 40 11 14 18 37 26 33 15 20 24 33 22 18 18 27 40 38 24 22 34 11 38 16 23 17 30 39 22 16 31 30 32 27 22 24 25 25 40 30 30 29 20 31 12 36 26 19 37 36 24 40 18 13 30 25 30 26 35 28 35 30 34 16 38 22 14 23 21 37 20 24 32 19 28 20 32 26 22 16 28 34 27 33 22 29 12 33 28 15 38 11 33 16 36 21 25 16 36 36 34 28 15 30 37 21 12 30 39 13 17 13 11 29 18 34 28 39 28 40 13 25 29 30 40 34 32 16 36 23 19 22 11 36 26 35 15 34 33 33 36 12 30 20 36 29 28 23 35 22 11 16 20 26 26 37 16 36 12 12 31 16 11 21 38 35 16 26 14 20 18 16 36 16 30 32 35 21 25 39 35 16 34 37 39 37 17 25 40 33 12 13 33 23 40 19 40 11 13 36 20 37 17 34 16 25 35 11 14 32 15 38 27 21 33 28 22 32 14 18 32 37 30 21 17 40 22 32 13 37 38 39 32 27 35 19 12 40 22 20 20 34 22 21 28 29 37 38 23 31 32 28 16 30 36 11 32 29 24 19 19 35 21 14 21 24 33 38 14 14 17 23 22 15 33 24 18 31 27 23 26 13 33 30 11 24 20 18 25 40 32 24 32 11 21 20 18 33 18 33 21 23 18 15 33 36 12 22 32 16 24 29 40 31 29 24 12 37 24 34 40 35 23 28 31 31 17 21 25 28 13 32 29 14 36 40 20 32 38 21 26 21 13 16 36 27 14 14 32 34 27 36 17 19 26 14 11 17 35 18 39 35 24 17 39 32 36 34 38 20 31 28 12 32 37 16 38 35 32 30 33 21 33 34 29 19 13 22 28 32 36 14 34 11 35 38 16 21 14 22 38 22 28 12 26 34 28 23 23 23 35 20 39 33 15 21 29 18 30 20 12 20 18 31 39 35 17 18 14 13 31 21 34 33 24 14 20 23 17 34 38 11 17 24 17 34 21 19 37 37 23 20 12 22 22 38 24 38 15 39 17 25 26 31 14 17 17 33 16 23 19 23 24 13 34 26 12 19 27 12 16 39 34 33 16 24 32 20 35 11 22 16 28 22 13 37 29 17 25 29 27 27 15 14 39 24 32 15 29 31 18 27 17 37 31 17 21 20 11 35 19 32 28 35 21 38 21 31 20 31 39 17 20 40 15 22 11 31 13 31 37 34 22 28 30 27 14 22 29 25 16 35 32 16 31 18 25 27 39 15 35 35 12
12 2 13 8 3 19 4 2 20 1 30 25 29 10 9 28 2 21 21 23 16 3 10 8 11 19 12 20 29 27 5 23 23 23 23 5 13 9 12 28 21 29 29 18 10 17 25 5 28 30 27 19 19 11 23 21 14 21 13 15 17 4 2 22 18 12 13 18 2 29 29 18 27 13 18 20 4 25 12 16 3 29 17 27 30 4 22 14 28 18 19 7 11 18 30 6 12 26 2 3 29 19 23 8 3 24 20 16 19 16 19 29 27 17 15 12 22 13 22 18 16 17 28 18 10 24 4 14 24 17 7 25 12 18 29 1 1 1 30 1 4 8 27 16 23 5 10 14 23 12 8 8 17 30 28 14 12 24 1 28 6 13 7 20 29 12 6 21 20 22 17 12 14 15 15 30 20 20 19 10 21 2 26 16 9 27 26 14 30 8 3 20 15 20 16 25 18 25 20 24 6 28 12 4 13 11 27 10 14 22 9 18 10 22 16 12 6 18 24 17 23 12 19 2 23 18 5 28 1 23 6 26 11 15 6 26 26 24 18 5 20 27 11 2 20 29 3 7 3 1 19 8 24 18 29 18 30 3 15 19 20 30 24 22 6 26 13 9 12 1 26 16 25 5 24 23 23 26 2 20 10 26 19 18 13 25 12 1 6 10 16 16 27 6 26 2 2 21 6 1 11 28 25 6 16 4 10 8 6 26 6 20 22 25 11 15 29 25 6 24 27 29 27 7 15 30 23 2 3 23 13 30 9 30 1 3 26 10 27 7 24 6 15 25 1 4 22 5 28 17 11 23 18 12 22 4 8 22 27 20 11 7 30 12 22 3 27 28 29 22 17 25 9 2 30 12 10 10 24 12 11 18 19 27 28 13 21 22 18 6 20 26 1 22 19 14 9 9 25 11 4 11 14 23 28 4 4 7 13 12 5 23 14 8 21 17 13 16 3 23 20 1 14 10 8 15 30 22 14 22 1 11 10 8 23 8 23 11 13 8 5 23 26 2 12 22 6 14 19 30 21 19 14 2 27 14 24 30 25 13 18 21 21 7 11 15 18 3 22 19 4 26 30 10 22 28 11 16 11 3 6 26 17 4 4 22 24 17 26 7 9 16 4 1 7 25 8 29 25 14 7 29 22 26 24 28 10 21 18 2 22 27 6 28 25 22 20 23 11 23 24 19 9 3 12 18 22 26 4 24 1 25 28 6 11 4 12 28 12 18 2 16 24 18 13 13 13 25 10 29 23 5 11 19 8 20 10 2 10 8 21 29 25 7 8 4 3 21 11 24 23 14 4 10 13 7 24 28 1 7 14 7 24 11 9 27 27 13 10 2 12 12 28 14 28 5 29 7 15 16 21 4 7 7 23 6 13 9 13 14 3 24 16 2 9 17 2 6 29 24 23 6 14 22 10 25 1 12 6 18 12 3 27 19 7 15 19 17 17 5 4 29 14 22 5 19 21 8 17 7 27 21 7 11 10 1 25 9 22 18 25 11 28 11 21 10 21 29 7 10 30 5 12 1 21 3 21 27 24 12 18 20 17 4 12 19 15 6 25 22 6 21 8 15 17 29 5 25 25 2
1 19 6
465 386 180 213 148 370
1 9 3
647 94 226
0 12 7
332 43 209 207 381 217 444
0 8 2
496 405
2 15 9
10 155 538 164 139 346 520 337 515
0 4 3
272 96 61
1 11 4
253 395 413 602
0 19 3
339 62 675
0 14 6
535 299 70 441 530 360
0 13 2
649 644
1 19 5
13 504 284 611 158
1 4 3
484 577 298
0 3 3
418 407 552
2 15 6
392 185 236 146 320 361
2 15 6
246 399 25 591 224 151
2 12 5
172 300 69 464 189
0 6 3
447 683 197
0 17 2
302 492
2 9 6
677 393 512 454 252 6
0 13 4
378 329 576 39
0 14 3
382 66 384
1 8 4
181 639 408 327
3 11 6
98 676 141 156 74 126
1 19 5
369 31 404 277 34
1 9 6
168 564 428 478 508 670
0 2 2
245 174
1 5 8
452 429 122 597 622 446 424 133
2 7 8
55 260 678 419 87 686 210 641
0 3 2
561 575
0 2 2
451 560
2 14 8
679 554 665 162 524 335 8 573
0 15 3
629 481 88
0 18 1
422
0 14 4
316 105 323 525
2 11 8
640 124 432 257 113 509 657 194
4 7 8
693 112 609 167 116 216 526 341
0 3 1
671
0 15 4
475 307 229 46
3 11 6
461 582 603 92 232 173
2 17 6
630 86 237 183 315 403
0 19 2
138 375
1 8 5
295 338 468 204 271
0 5 2
333 355
1 20 4
52 672 518 445
0 6 3
285 3 127
5 19 9
579 58 367 161 16 501 545 75 179
3 19 7
33 517 26 144 437 63 500
2 2 11
238 409 93 159 9 29 507 547 49 263 312
1 2 6
81 190 685 656 349 2
3 4 9
356 426 624 95 30 256 334 109 366
0 9 5
572 593 230 76 620
0 12 8
614 134 330 276 240 623 50 182
0 4 3
248 598 607
2 8 5
583 368 450 353 480
2 11 8
385 1 177 684 529 326 556 0
0 20 2
202 487
0 14 1
196
0 1 3
192 472 270
1 17 10
615 687 635 212 463 259 322 200 605 388
0 4 2
631 523
1 2 5
267 581 682 239 53
4 19 11
488 288 54 394 310 100 516 469 178 531 414
2 8 7
247 695 416 140 297 567 466
0 11 3
439 274 12
4 8 8
357 648 321 476 694 160 440 90
2 5 7
571 698 373 219 266 669 195
0 1 1
632
1 9 10
85 186 222 303 617 206 540 662 110 235
3 19 8
633 281 390 106 467 20 473 42
0 8 2
696 436
3 2 7
455 68 233 205 421 599 264
1 1 4
652 651 166 499
4 13 7
201 589 558 273 71 157 398
0 11 1
325
0 10 1
99
0 14 6
36 65 128 154 234 91
0 4 1
82
1 8 3
218 660 643
0 8 2
621 666
0 9 2
612 563
2 18 7
268 491 184 129 22 193 220
0 11 3
305 255 664
0 14 1
343
2 2 5
519 352 72 513 485
0 17 1
570
0 11 2
225 143
1 4 5
453 104 674 258 77
3 2 8
171 627 521 646 261 642 292 389
1 7 3
241 359 601
6 21 1
4
2 23 1
5
2 13 1
7
2 23 1
11
2 16 1
14
1 12 1
15
1 19 1
17
1 17 1
18
2 19 2
19 125
1 19 1
21
1 9 1
23
1 9 1
24
2 17 1
27
1 22 1
28
1 28 1
32
3 10 2
35 56
1 19 1
37
1 19 1
38
5 15 1
40
3 17 1
41
1 11 1
44
3 18 1
45
1 18 1
47
2 34 2
48 304
1 16 1
51
1 15 1
57
1 26 1
59
1 15 1
60
1 21 1
64
1 32 1
67
1 30 1
73
1 11 1
78
3 21 1
79
1 27 1
80
2 6 1
83
2 13 1
84
3 22 1
89
1 12 1
97
1 16 1
101
6 17 1
102
1 27 1
103
1 14 1
107
2 6 1
108
1 23 1
111
3 17 1
114
1 19 2
115 130
2 7 1
117
3 13 1
118
2 23 1
119
5 24 1
120
1 19 1
121
1 18 1
123
1 8 1
131
2 32 2
132 242
2 33 1
135
4 13 1
136
4 9 1
137
1 21 1
142
5 6 2
145 283
1 31 1
147
1 12 1
149
2 18 1
150
1 20 1
152
3 28 1
153
6 20 1
163
5 7 1
165
2 18 1
169
2 27 1
170
4 13 2
175 616
2 20 1
176
1 19 1
187
1 15 1
188
1 18 1
191
1 19 1
198
2 16 1
199
1 25 1
203
2 9 1
208
5 8 1
211
1 20 1
214
3 21 1
215
1 15 1
221
2 10 1
223
2 19 1
227
6 13 1
228
1 21 1
231
5 7 1
243
3 16 1
244
1 39 1
249
1 5 1
250
1 2 1
251
1 27 1
254
2 23 1
262
1 20 1
265
1 25 1
269
2 22 1
275
1 27 1
278
1 25 1
279
1 23 1
280
2 18 1
282
2 17 1
286
1 26 1
287
1 18 1
289
2 13 1
290
2 23 1
291
4 21 1
293
1 13 1
294
4 6 1
296
3 23 1
301
1 26 1
306
3 24 1
308
4 21 1
309
2 6 1
311
2 12 1
313
3 19 1
314
3 34 1
317
1 30 1
318
1 36 1
319
1 23 1
324
1 23 1
328
5 9 1
331
1 37 1
336
2 13 1
340
2 29 1
342
1 14 1
344
6 36 1
345
1 26 1
347
1 16 1
348
1 19 1
350
3 23 1
351
6 19 1
354
1 25 2
358 483
3 21 1
362
1 25 1
363
2 13 1
364
1 21 1
365
1 22 1
371
2 19 1
372
2 27 1
374
1 24 1
376
2 28 1
377
2 8 1
379
1 24 1
380
2 26 1
383
1 14 1
387
1 9 1
391
3 26 1
396
3 28 1
397
3 34 1
400
1 27 1
401
2 26 1
402
4 16 1
406
3 4 1
410
1 17 1
411
3 15 1
412
3 13 1
415
1 17 1
417
1 23 1
420
3 28 1
423
7 15 1
425
3 25 1
427
2 18 1
430
3 17 1
431
3 22 2
433 578
2 10 1
434
2 23 1
435
3 34 1
438
1 5 1
442
1 26 1
443
1 27 1
448
1 33 1
449
5 11 1
456
1 34 1
457
8 6 1
458
1 33 1
459
2 10 1
460
2 33 1
462
8 23 1
470
3 4 1
471
1 14 1
474
3 20 1
477
1 30 1
479
1 19 1
482
2 16 1
486
3 17 1
489
1 24 1
490
2 28 1
493
2 14 1
494
1 23 1
495
2 19 1
497
2 13 1
498
1 12 1
502
1 24 1
503
4 19 1
505
4 22 1
506
3 25 1
510
1 28 1
511
1 7 1
514
2 28 1
522
1 14 1
527
1 28 1
528
3 33 1
532
1 11 1
533
2 16 1
534
1 26 1
536
1 9 1
537
3 39 1
539
2 23 1
541
1 28 1
542
1 22 1
543
3 34 1
544
1 21 1
546
5 19 1
548
2 23 1
549
2 18 1
550
3 23 1
551
1 3 1
553
5 12 1
555
1 15 1
557
2 30 1
559
3 27 1
562
2 11 1
565
4 27 1
566
4 17 1
568
2 22 1
569
1 17 1
574
2 33 1
580
1 34 1
584
3 6 1
585
2 25 1
586
2 19 1
587
1 9 1
588
3 24 1
590
3 38 1
592
1 38 1
594
6 15 1
595
3 21 1
596
2 33 1
600
1 22 1
604
3 22 1
606
1 18 1
608
1 23 1
610
1 20 1
613
1 24 1
618
3 28 1
619
4 17 1
625
1 22 1
626
5 24 1
628
2 12 1
634
3 38 1
636
1 31 1
637
1 27 1
638
2 34 1
645
1 21 1
650
2 19 1
653
1 20 1
654
2 11 1
655
1 18 1
658
1 18 1
659
3 11 1
661
2 19 1
663
1 14 1
667
1 22 1
668
2 17 1
673
1 24 1
680
5 4 1
681
3 17 1
688
2 26 1
689
3 15 1
690
3 20 1
691
5 4 1
692
4 34 1
697
1 7 1
699
