500 275 775 33
17 34 32 21 16 18 13 38 40 27 13 13 37 17 16 36 37 17 32 36 13 12 19 30 32 35 35 32 35 23 40 20 20 37 16 17 31 32 37 14 26 38 27 19 34 32 23 23 23 33 22 14 17 29 33 35 34 29 12 28 15 18 30 32 16 29 32 18 40 34 23 17 28 24 20 31 36 34 20 25 11 37 34 32 29 22 11 31 28 30 25 29 40 14 24 27 16 11 31 29 28 13 32 13 19 13 29 13 31 17 17 34 38 40 11 15 21 27 35 35 34 12 38 12 35 33 21 35 22 24 32 22 21 16 36 20 40 29 35 31 39 28 36 27 16 15 30 21 19 15 28 12 19 11 29 21 26 28 24 14 16 24 40 35 11 34 11 16 24 25 25 37 13 39 22 38 38 39 35 23 31 15 18 36 23 21 28 16 21 38 19 22 32 30 24 18 26 15 36 40 24 34 27 25 23 33 13 23 20 21 39 36 21 22 16 25 18 18 37 13 40 27 22 16 24 37 39 30 33 17 36 16 25 19 23 39 18 27 17 29 37 18 25 37 26 40 28 21 39 20 30 39 20 38 33 31 19 27 29 31 39 20 26 35 34 11 22 39 28 20 14 18 16 32 38 17 40 38 35 16 15 36 32 18 16 28 30 20 14 36 24 12 34 25 14 25 31 39 37 21 36 25 32 29 15 33 28 17 17 38 18 19 12 22 15 36 28 40 22 25 36 29 33 22 35 11 16 25 32 13 20 40 18 23 39 18 32 36 11 36 40 36 15 21 35 23 29 27 38 26 23 39 16 36 35 40 19 24 32 30 33 35 29 27 21 17 11 22 15 26 31 28 27 28 35 40 25 13 25 15 25 37 36 32 22 16 28 23 12 29 21 24 21 21 26 29 30 27 29 11 22 36 35 37 20 32 24 18 38 27 24 28 13 27 13 35 29 20 23 38 34 33 11 17 28 32 32 28 22 25 15 38 20 21 22 17 18 25 15 27 18 38 36 18 31 38 15 31 11 34 35 16 17 39 32 32 29 32 38 28 30 21 12 19 36 36 19 19 38 14 25 25 38 35 14 24 29 14 31 27 34 18 23 28 16 16 24 40 17 13 16 22 25 14 34 27 14 24 36 26
7 24 22 11 6 8 3 28 30 17 3 3 27 7 6 26 27 7 22 26 3 2 9 20 22 25 25 22 25 13 30 10 10 27 6 7 21 22 27 4 16 28 17 9 24 22 13 13 13 23 12 4 7 19 23 25 24 19 2 18 5 8 20 22 6 19 22 8 30 24 13 7 18 14 10 21 26 24 10 15 1 27 24 22 19 12 1 21 18 20 15 19 30 4 14 17 6 1 21 19 18 3 22 3 9 3 19 3 21 7 7 24 28 30 1 5 11 17 25 25 24 2 28 2 25 23 11 25 12 14 22 12 11 6 26 10 30 19 25 21 29 18 26 17 6 5 20 11 9 5 18 2 9 1 19 11 16 18 14 4 6 14 30 25 1 24 1 6 14 15 15 27 3 29 12 28 28 29 25 13 21 5 8 26 13 11 18 6 11 28 9 12 22 20 14 8 16 5 26 30 14 24 17 15 13 23 3 13 10 11 29 26 11 12 6 15 8 8 27 3 30 17 12 6 14 27 29 20 23 7 26 6 15 9 13 29 8 17 7 19 27 8 15 27 16 30 18 11 29 10 20 29 10 28 23 21 9 17 19 21 29 10 16 25 24 1 12 29 18 10 4 8 6 22 28 7 30 28 25 6 5 26 22 8 6 18 20 10 4 26 14 2 24 15 4 15 21 29 27 11 26 15 22 19 5 23 18 7 7 28 8 9 2 12 5 26 18 30 12 15 26 19 23 12 25 1 6 15 22 3 10 30 8 13 29 8 22 26 1 26 30 26 5 11 25 13 19 17 28 16 13 29 6 26 25 30 9 14 22 20 23 25 19 17 11 7 1 12 5 16 21 18 17 18 25 30 15 3 15 5 15 27 26 22 12 6 18 13 2 19 11 14 11 11 16 19 20 17 19 1 12 26 25 27 10 22 14 8 28 17 14 18 3 17 3 25 19 10 13 28 24 23 1 7 18 22 22 18 12 15 5 28 10 11 12 7 8 15 5 17 8 28 26 8 21 28 5 21 1 24 25 6 7 29 22 22 19 22 28 18 20 11 2 9 26 26 9 9 28 4 15 15 28 25 4 14 19 4 21 17 24 8 13 18 6 6 14 30 7 3 6 12 15 4 24 17 4 14 26 16
0 19 2
336 41
0 1 5
473 252 422 140 155
0 11 4
208 145 458 217
3 3 6
406 130 131 370 74 396
0 7 2
431 43
1 18 4
389 209 210 301
2 13 7
256 202 261 169 99 338 464
0 9 3
271 14 308
0 15 2
395 416
1 5 4
174 229 314 56
0 15 2
466 39
2 5 6
369 474 356 17 178 341
1 17 5
346 89 110 494 248
2 12 4
451 364 311 120
0 14 5
21 29 410 194 27
0 5 3
273 363 259
1 7 5
435 207 352 484 265
0 10 2
168 445
3 11 8
398 78 225 226 156 438 7 405
0 2 1
105
1 16 4
421 285 114 309
0 8 3
257 355 2
1 4 5
423 212 228 280 397
1 13 3
427 176 106
0 18 5
499 493 413 154 199
0 10 1
63
4 11 8
93 81 359 13 230 232 200 376
1 10 2
116 294
1 1 5
191 65 170 87 470
1 5 3
404 443 222
0 9 1
317
0 12 2
51 152
0 18 1
61
0 9 1
447
0 14 3
419 16 383
1 19 3
85 436 198
1 16 4
46 276 290 48
0 2 4
6 461 62 47
0 15 1
123
0 5 1
330
0 11 3
432 444 289
1 10 2
411 487
2 6 5
399 319 139 354 327
2 11 8
28 246 262 213 141 173 115 452
2 20 7
204 157 260 15 426 161 316
1 9 4
288 60 380 417
0 16 5
184 368 283 98 333
1 4 3
101 103 394
0 18 3
307 5 381
0 9 4
11 400 138 373
1 8 6
374 221 278 384 303 296
0 10 4
287 348 201 94
0 10 3
274 31 360
0 2 2
321 34
2 19 4
20 401 24 409
0 14 2
150 390
2 5 6
83 367 281 275 299 491
0 4 1
69
0 11 1
91
1 15 2
476 104
0 9 3
304 147 238
3 17 7
12 342 162 408 393 227 292
3 20 6
149 268 332 196 42 22
1 10 6
143 54 121 358 109 163
1 17 3
313 172 456
1 17 4
32 90 403 345
0 9 1
95
1 6 4
415 92 66 378
2 3 5
153 418 33 247 97
0 17 6
244 180 293 249 455 84
0 2 4
324 96 119 234
0 16 3
302 125 220
1 10 3
325 80 76
0 6 2
453 284
3 11 7
375 144 472 385 50 134 190
2 11 5
243 291 10 440 457
1 8 3
439 86 495
0 1 1
392
0 1 1
362
0 2 2
195 351
0 13 4
446 206 23 340
0 4 2
117 488
1 18 4
175 468 485 454
0 19 3
344 315 402
1 30 1
0
4 27 2
1 129
1 28 1
3
3 29 1
4
1 24 1
8
1 37 1
9
1 29 1
18
2 12 1
19
1 22 1
25
2 15 1
26
2 13 1
30
1 6 1
35
1 24 1
36
2 11 1
37
3 16 1
38
1 33 1
40
2 25 1
44
2 19 1
45
1 15 3
49 353 478
1 25 1
52
2 19 1
53
1 13 1
55
1 24 1
57
1 19 1
58
1 30 1
59
2 18 1
64
1 26 1
67
1 14 1
68
1 21 1
70
2 30 1
71
1 22 1
72
1 16 1
73
2 34 1
75
1 20 1
77
1 25 1
79
1 15 1
82
1 3 1
88
1 31 1
100
3 13 1
102
1 15 1
107
3 38 1
108
1 23 1
111
2 28 1
112
1 11 1
113
3 21 1
118
1 23 1
122
2 12 1
124
1 18 1
126
3 30 1
127
1 13 1
128
3 28 1
132
2 10 1
133
2 29 1
135
1 23 1
136
1 22 1
137
1 34 1
142
4 15 1
146
2 21 1
148
2 11 1
151
1 18 1
158
1 33 1
159
4 13 1
160
2 17 1
164
2 18 1
165
1 33 1
166
1 35 1
167
1 11 1
171
5 17 1
177
1 32 1
179
1 14 1
181
1 9 1
182
1 27 1
183
1 27 1
185
1 17 1
186
1 33 1
187
1 19 1
188
1 17 1
189
3 21 1
192
2 34 1
193
1 27 2
197 270
1 3 1
203
2 28 1
205
1 27 1
211
1 22 1
214
4 35 1
215
2 27 1
216
2 13 1
218
3 22 1
219
3 9 1
223
5 28 1
224
1 22 1
231
1 21 1
233
4 26 1
235
1 29 1
236
1 33 1
237
1 16 1
239
1 26 1
240
4 15 1
241
1 10 1
242
2 24 1
245
3 16 1
250
2 30 1
251
1 13 1
253
2 21 1
254
1 22 1
255
2 32 1
258
2 37 1
263
1 10 1
264
2 15 1
266
1 11 1
267
2 27 1
269
2 27 1
272
1 13 1
277
1 5 1
279
1 23 1
282
1 21 1
286
1 16 1
295
1 13 1
297
4 16 2
298 329
1 16 1
300
1 17 1
305
4 24 1
306
1 20 1
310
3 22 1
312
1 11 1
318
1 28 1
320
1 7 1
322
1 22 1
323
2 26 1
326
2 17 1
328
2 29 1
331
1 9 1
334
1 10 1
335
2 19 1
337
2 9 1
339
2 9 1
343
3 21 1
347
1 18 1
349
1 11 1
350
2 27 1
357
1 32 1
361
1 29 1
365
1 16 1
366
1 20 1
371
1 26 1
372
1 12 1
377
1 9 1
379
1 15 1
382
1 23 1
386
1 21 1
387
1 20 1
388
1 12 1
391
2 6 1
407
2 22 1
412
1 30 1
414
1 18 1
420
2 19 1
424
1 4 1
425
1 13 1
428
2 8 1
429
2 29 1
430
1 27 1
433
1 25 1
434
1 15 1
437
1 36 1
441
1 17 1
442
1 15 1
448
1 15 1
449
2 8 1
450
1 35 1
459
1 5 1
460
1 15 1
462
1 17 1
463
1 8 1
465
1 28 1
467
1 15 1
469
3 24 1
471
1 12 1
475
1 16 1
477
4 28 1
479
2 17 1
480
1 26 1
481
2 9 1
482
1 18 1
483
1 28 1
486
3 27 1
489
3 25 1
490
1 27 1
492
1 32 1
496
1 21 1
497
2 10 1
498
