1000 467 1550 67
18 27 22 31 15 12 27 31 31 37 18 33 40 17 22 21 29 12 24 24 23 40 21 13 11 18 39 20 30 28 23 19 15 27 33 30 21 17 19 31 15 28 28 21 34 32 28 36 21 28 13 31 30 39 11 20 32 22 23 32 13 15 39 29 12 14 20 22 12 21 30 15 16 19 31 30 32 24 13 37 40 30 14 22 23 39 18 22 18 36 25 28 32 11 28 31 40 27 40 32 20 37 31 23 18 28 36 19 26 39 20 19 21 34 16 26 17 40 38 14 18 27 21 30 26 14 21 30 16 24 33 40 25 32 16 34 34 36 20 30 20 40 38 37 36 21 28 35 40 17 38 18 33 11 12 16 29 11 34 15 35 38 31 36 16 29 26 38 36 31 36 29 16 37 16 39 33 24 19 34 21 18 21 14 33 22 36 25 18 39 38 16 38 12 34 31 19 23 23 28 40 27 36 38 24 23 37 16 19 17 23 26 40 29 14 22 30 28 39 32 33 25 17 37 12 36 21 13 25 15 12 25 35 36 13 21 25 29 20 32 29 40 12 32 12 26 18 31 11 16 40 25 32 25 11 23 24 17 27 12 31 24 27 32 33 40 21 39 40 33 24 39 24 15 34 24 25 26 24 31 31 20 18 23 40 29 36 37 37 23 33 29 32 24 39 24 39 26 34 33 12 12 37 29 22 14 33 32 40 30 25 31 40 13 29 29 18 21 19 19 24 38 33 21 23 39 40 38 17 13 40 27 24 29 24 21 35 30 17 23 34 19 26 32 26 38 40 11 39 11 35 17 21 27 35 38 35 30 35 20 39 18 22 11 18 20 17 27 39 38 39 33 38 36 18 40 38 31 31 14 15 14 25 23 20 37 21 34 11 14 28 29 16 27 37 33 20 33 12 16 20 26 30 16 33 33 29 36 20 19 31 33 33 34 36 28 14 21 35 16 27 36 23 25 40 24 27 12 38 14 38 14 37 31 24 32 17 19 25 19 34 13 31 26 30 29 31 13 28 21 16 14 23 21 35 14 32 31 31 24 14 27 11 38 11 26 25 37 16 27 37 35 20 35 12 14 39 28 19 11 23 39 30 37 25 31 16 21 40 38 39 17 27 15 18 31 12 14 21 16 32 31 23 16 36 31 28 29 38 28 11 34 31 25 40 20 18 13 19 30 22 25 23 15 16 13 23 25 14 21 29 37 20 18 23 26 37 28 22 29 27 16 36 17 15 25 29 39 17 17 12 24 29 16 23 25 21 31 33 11 32 21 17 16 19 12 15 32 37 30 24 21 12 27 26 12 12 35 34 34 14 39 19 33 12 21 27 26 40 27 26 39 15 22 27 12 19 40 11 11 29 34 21 25 36 22 38 16 31 13 21 36 19 24 23 20 24 18 37 27 21 35 30 39 35 21 20 20 36 12 26 39 27 21 27 24 37 18 24 36 23 17 40 35 25 37 39 31 12 18 34 25 15 30 38 39 33 12 19 15 23 34 28 11 19 34 23 21 12 30 22 23 17 36 31 18 24 24 40 11 28 36 37 33 20 16 40 18 28 39 19 24 15 17 35 34 37 18 31 12 15 26 31 35 28 26 28 15 14 35 17 25 20 30 29 26 13 18 16 36 14 31 36 14 15 36 15 15 24 26 14 20 37 28 28 19 15 34 37 32 18 38 25 34 38 24 32 24 40 39 34 28 22 22 16 14 21 11 34 16 21 16 24 26 26 14 13 27 12 11 35 22 11 18 17 34 25 37 34 27 24 35 14 18 38 22 39 29 25 37 17 35 21 32 19 27 40 27 25 25 22 20 28 38 31 15 14 13 30 34 21 38 14 32 17 27 15 22 24 21 23 39 21 11 38 37 31 15 22 13 16 39 27 31 37 16 37 38 16 12 31 33 29 34 11 16 13 33 37 33 39 36 19 11 16 23 16 23 22 38 15 22 34 22 37 27 21 26 32 12 27 36 39 37 17 36 21 32 18 29 40 33 40 35 13 35 27 13 16 27 34 14 18 37 36 40 25 17 13 23 22 39 23 24 16 34 12 25 17 25 18 37 34 38 17 18 21 33 35 28 20 21 34 32 30 40 25 11 33 37 17 21 15 12 33 36 37 16 26 13 32 29 13 29 31 40 31 39 22 30 36 19 33 22 30 17 21 24 37 17 24 14 39 25 14 36 22 20 36 25 23 38 32 27 16 27 27 16 38 13 11 18 14 24 40 15 21 40 22 38 40 19 19 31 32 31 33 18 14 37
8 17 12 21 5 2 17 21 21 27 8 23 30 7 12 11 19 2 14 14 13 30 11 3 1 8 29 10 20 18 13 9 5 17 23 20 11 7 9 21 5 18 18 11 24 22 18 26 11 18 3 21 20 29 1 10 22 12 13 22 3 5 29 19 2 4 10 12 2 11 20 5 6 9 21 20 22 14 3 27 30 20 4 12 13 29 8 12 8 26 15 18 22 1 18 21 30 17 30 22 10 27 21 13 8 18 26 9 16 29 10 9 11 24 6 16 7 30 28 4 8 17 11 20 16 4 11 20 6 14 23 30 15 22 6 24 24 26 10 20 10 30 28 27 26 11 18 25 30 7 28 8 23 1 2 6 19 1 24 5 25 28 21 26 6 19 16 28 26 21 26 19 6 27 6 29 23 14 9 24 11 8 11 4 23 12 26 15 8 29 28 6 28 2 24 21 9 13 13 18 30 17 26 28 14 13 27 6 9 7 13 16 30 19 4 12 20 18 29 22 23 15 7 27 2 26 11 3 15 5 2 15 25 26 3 11 15 19 10 22 19 30 2 22 2 16 8 21 1 6 30 15 22 15 1 13 14 7 17 2 21 14 17 22 23 30 11 29 30 23 14 29 14 5 24 14 15 16 14 21 21 10 8 13 30 19 26 27 27 13 23 19 22 14 29 14 29 16 24 23 2 2 27 19 12 4 23 22 30 20 15 21 30 3 19 19 8 11 9 9 14 28 23 11 13 29 30 28 7 3 30 17 14 19 14 11 25 20 7 13 24 9 16 22 16 28 30 1 29 1 25 7 11 17 25 28 25 20 25 10 29 8 12 1 8 10 7 17 29 28 29 23 28 26 8 30 28 21 21 4 5 4 15 13 10 27 11 24 1 4 18 19 6 17 27 23 10 23 2 6 10 16 20 6 23 23 19 26 10 9 21 23 23 24 26 18 4 11 25 6 17 26 13 15 30 14 17 2 28 4 28 4 27 21 14 22 7 9 15 9 24 3 21 16 20 19 21 3 18 11 6 4 13 11 25 4 22 21 21 14 4 17 1 28 1 16 15 27 6 17 27 25 10 25 2 4 29 18 9 1 13 29 20 27 15 21 6 11 30 28 29 7 17 5 8 21 2 4 11 6 22 21 13 6 26 21 18 19 28 18 1 24 21 15 30 10 8 3 9 20 12 15 13 5 6 3 13 15 4 11 19 27 10 8 13 16 27 18 12 19 17 6 26 7 5 15 19 29 7 7 2 14 19 6 13 15 11 21 23 1 22 11 7 6 9 2 5 22 27 20 14 11 2 17 16 2 2 25 24 24 4 29 9 23 2 11 17 16 30 17 16 29 5 12 17 2 9 30 1 1 19 24 11 15 26 12 28 6 21 3 11 26 9 14 13 10 14 8 27 17 11 25 20 29 25 11 10 10 26 2 16 29 17 11 17 14 27 8 14 26 13 7 30 25 15 27 29 21 2 8 24 15 5 20 28 29 23 2 9 5 13 24 18 1 9 24 13 11 2 20 12 13 7 26 21 8 14 14 30 1 18 26 27 23 10 6 30 8 18 29 9 14 5 7 25 24 27 8 21 2 5 16 21 25 18 16 18 5 4 25 7 15 10 20 19 16 3 8 6 26 4 21 26 4 5 26 5 5 14 16 4 10 27 18 18 9 5 24 27 22 8 28 15 24 28 14 22 14 30 29 24 18 12 12 6 4 11 1 24 6 11 6 14 16 16 4 3 17 2 1 25 12 1 8 7 24 15 27 24 17 14 25 4 8 28 12 29 19 15 27 7 25 11 22 9 17 30 17 15 15 12 10 18 28 21 5 4 3 20 24 11 28 4 22 7 17 5 12 14 11 13 29 11 1 28 27 21 5 12 3 6 29 17 21 27 6 27 28 6 2 21 23 19 24 1 6 3 23 27 23 29 26 9 1 6 13 6 13 12 28 5 12 24 12 27 17 11 16 22 2 17 26 29 27 7 26 11 22 8 19 30 23 30 25 3 25 17 3 6 17 24 4 8 27 26 30 15 7 3 13 12 29 13 14 6 24 2 15 7 15 8 27 24 28 7 8 11 23 25 18 10 11 24 22 20 30 15 1 23 27 7 11 5 2 23 26 27 6 16 3 22 19 3 19 21 30 21 29 12 20 26 9 23 12 20 7 11 14 27 7 14 4 29 15 4 26 12 10 26 15 13 28 22 17 6 17 17 6 28 3 1 8 4 14 30 5 11 30 12 28 30 9 9 21 22 21 23 8 4 27
3 14 13
429 103 4 767 431 24 378 51 454 608 79 824 87
1 12 4
548 151 371 252
5 11 13
99 246 360 628 29 520 232 897 45 113 126 70 585
1 5 4
340 808 475 921
1 16 4
796 903 879 195
0 3 5
372 414 481 940 20
0 4 4
601 813 152 536
0 9 4
219 607 473 65
0 13 4
620 660 277 751
3 3 7
898 911 598 792 812 571 110
2 6 11
77 316 411 281 950 373 784 296 988 526 97
0 10 9
401 313 456 485 56 400 204 953 604
3 15 13
104 254 14 954 229 131 186 946 101 859 862 459 906
0 11 6
482 639 11 420 327 356
1 12 6
713 305 655 53 969 819
1 10 6
0 844 978 825 760 852
2 11 13
301 979 364 275 243 707 625 31 537 410 233 657 763
4 4 10
461 390 137 976 614 132 612 893 740 912
1 16 3
875 980 934
0 18 4
727 916 339 517
0 12 9
706 425 149 677 981 470 839 496 383
3 20 7
49 596 245 786 439 421 279
3 20 10
78 36 869 776 255 719 992 189 374 872
4 15 9
910 993 512 166 846 858 180 237 52
0 5 5
514 468 679 864 595
2 1 8
345 814 125 648 34 502 728 8
1 6 6
402 904 315 756 353 13
0 2 3
783 736 947
0 20 7
758 307 959 926 452 450 108
2 10 7
96 239 772 200 506 857 302
1 5 4
683 273 578 472
4 13 9
970 933 513 474 497 73 221 525 544
0 3 3
791 998 744
4 2 12
711 278 990 88 10 541 483 692 257 560 925 781
1 1 9
618 952 448 211 263 841 581 622 557
0 7 3
956 686 587
0 11 3
963 724 317
2 13 9
877 613 550 256 465 225 691 158 750
2 6 7
199 209 771 148 566 122 816
0 14 2
892 642
0 10 1
914
1 7 8
697 332 321 6 348 109 47 882
1 11 5
977 141 827 718 637
0 2 12
991 669 501 840 351 387 248 701 30 845 297 267
0 11 7
505 829 804 167 915 412 674
0 9 3
900 226 735
0 20 8
621 572 997 63 803 318 336 55
4 4 9
176 442 710 729 591 584 311 283 449
4 17 9
941 780 626 717 194 589 643 797 409
0 17 2
165 569
0 13 7
147 738 764 329 762 759 196
1 10 8
984 178 192 577 663 119 552 488
1 14 9
287 932 494 39 602 98 306 222 7
4 5 9
739 48 551 574 398 215 116 174 668
2 4 10
848 790 27 22 92 529 521 314 286 734
4 1 15
385 477 878 519 262 440 974 599 670 721 368 238 59 145 95
1 18 6
689 170 785 890 197 989
4 3 9
863 943 610 57 955 757 672 609 403
6 10 11
835 731 121 810 534 433 687 417 161 665 490
1 12 6
346 590 17 690 996 605
4 14 12
580 102 556 135 164 159 114 855 293 418 527 443
0 13 3
688 930 26
4 20 11
503 806 606 633 37 949 217 856 895 624 19
2 4 9
746 659 46 271 617 917 203 434 323
1 19 5
567 144 832 570 651
0 16 1
830
1 2 9
466 416 172 146 631 28 198 424 201
0 18 4
413 153 807 549
2 5 11
647 629 638 128 5 704 662 782 76 407 489
3 8 6
437 793 779 264 216 641
0 13 2
908 288
3 15 10
242 299 349 774 960 471 531 961 479 828
1 4 9
874 244 493 885 210 645 968 492 987
0 14 3
90 838 342
0 13 2
833 303
0 6 2
259 139
0 17 3
818 749 326
0 17 10
891 191 821 860 794 240 957 907 74 83
1 2 13
920 447 568 458 269 592 558 694 399 656 745 909 965
1 7 6
938 341 50 207 21 61
0 15 8
880 871 883 66 58 394 391 175
1 4 5
236 603 289 528 693
1 13 10
265 515 888 533 396 881 899 173 761 789
0 15 3
555 653 23
1 16 1
1
2 15 1
2
1 24 3
3 140 999
2 16 1
9
2 16 3
12 769 928
1 26 1
15
4 13 1
16
4 19 1
18
3 18 1
25
1 17 1
32
4 15 1
33
2 31 1
35
1 16 1
38
2 9 1
40
4 23 1
41
3 11 1
42
4 16 1
43
3 32 1
44
2 22 1
54
1 24 1
60
1 34 2
62 695
1 22 1
64
1 17 1
67
2 14 1
68
1 25 1
69
6 23 1
71
2 19 1
72
1 33 1
75
6 18 1
80
3 34 1
81
1 17 1
82
1 17 1
84
3 37 1
85
1 15 1
86
3 21 1
89
3 14 1
91
4 20 1
93
1 31 1
94
1 35 1
100
7 30 1
105
2 14 1
106
2 23 1
107
1 8 1
111
3 18 2
112 726
5 25 1
115
2 20 2
117 397
7 12 2
118 510
3 38 1
120
1 24 1
123
1 24 1
124
3 19 1
127
2 7 1
129
1 21 1
130
7 23 2
133 702
3 27 1
134
2 17 1
136
1 26 1
138
1 20 2
142 684
1 35 1
143
2 30 2
150 156
1 30 1
154
1 21 1
155
1 26 1
157
3 18 1
160
2 6 1
162
2 27 1
163
2 17 1
168
2 25 2
169 737
4 13 1
171
2 15 1
177
7 19 1
179
1 32 1
181
7 20 1
182
5 34 1
183
1 15 1
184
1 6 1
185
1 31 1
187
4 15 1
188
10 11 1
190
5 11 1
193
7 24 1
202
5 14 1
205
3 6 1
206
5 8 2
208 300
1 18 1
212
1 22 1
213
2 6 1
214
2 25 1
218
1 18 1
220
2 7 1
223
3 20 1
224
2 26 1
227
1 23 1
228
3 18 1
230
5 18 1
231
4 10 1
234
1 20 1
235
2 19 1
241
3 31 2
247 931
2 17 1
249
5 10 1
250
3 23 1
251
1 24 1
253
2 20 1
258
5 27 1
260
2 20 1
261
3 17 1
266
5 18 1
268
9 25 1
270
6 5 1
272
2 10 1
274
1 23 1
276
1 20 1
280
1 5 1
282
2 12 1
284
1 23 1
285
2 18 1
290
2 11 1
291
1 21 1
292
1 28 1
294
2 34 1
295
4 21 1
298
2 22 1
304
7 14 1
308
1 33 1
309
7 18 1
310
2 30 1
312
2 27 1
319
3 21 1
320
4 25 1
322
2 14 1
324
3 32 1
325
2 22 1
328
2 32 1
330
1 37 1
331
1 19 1
333
7 29 1
334
1 21 1
335
2 18 1
337
4 22 1
338
3 38 1
343
1 5 2
344 982
1 32 1
347
1 24 1
350
5 14 1
352
2 6 1
354
3 23 1
355
2 8 1
357
3 14 2
358 654
2 31 1
359
6 16 1
361
3 8 1
362
5 32 1
363
3 17 2
365 406
5 18 2
366 817
4 19 1
367
3 12 1
369
1 20 1
370
1 31 1
375
1 23 1
376
1 19 1
377
2 7 1
379
3 33 1
380
4 18 1
381
2 18 1
382
2 8 1
384
2 27 1
386
1 20 1
388
2 23 1
389
3 31 2
392 868
1 20 1
393
2 33 1
395
2 23 1
404
1 32 1
405
3 15 2
408 973
1 17 1
415
5 12 1
419
2 30 2
422 703
1 26 1
423
3 24 1
426
4 36 1
427
1 10 1
428
1 25 1
430
4 24 1
432
2 12 1
435
2 17 1
436
1 22 1
438
3 14 1
441
3 19 1
444
2 14 1
445
5 17 1
446
3 16 2
451 611
3 19 1
453
2 11 1
455
9 17 1
457
1 17 1
460
1 17 2
462 467
6 18 1
463
2 33 1
464
3 13 1
469
3 2 1
476
5 19 1
478
2 11 2
480 720
1 31 1
484
1 22 1
486
1 27 1
487
2 40 1
491
11 19 1
495
3 16 1
498
1 12 1
499
4 23 2
500 685
1 30 1
504
3 15 1
507
6 9 2
508 775
7 13 1
509
4 22 1
511
4 15 1
516
2 8 1
518
1 30 2
522 562
2 34 1
523
7 30 1
524
5 20 1
530
2 38 1
532
2 23 1
535
5 15 1
538
1 7 1
539
3 23 1
540
2 21 1
542
1 31 1
543
2 18 1
545
2 27 1
546
3 31 1
547
1 17 1
553
1 22 1
554
6 19 1
559
4 29 1
561
2 11 1
563
1 22 1
564
1 21 1
565
1 24 1
573
2 9 1
575
2 9 1
576
7 18 1
579
2 10 1
582
1 35 1
583
1 23 1
586
2 15 1
588
1 31 2
593 873
7 12 1
594
6 29 1
597
1 23 1
600
3 12 1
615
3 27 1
616
7 22 1
619
4 26 1
623
1 30 1
627
2 28 1
630
5 29 1
632
1 24 1
634
5 18 1
635
2 17 1
636
2 13 1
640
1 13 1
644
2 18 1
646
1 19 1
649
2 5 1
650
1 24 2
652 937
2 14 1
658
1 24 1
661
2 9 1
664
3 29 1
666
1 34 1
667
5 13 1
671
6 15 1
673
4 9 1
675
3 29 1
676
9 40 1
678
4 30 1
680
2 33 1
681
7 12 1
682
5 32 1
696
1 17 1
698
1 24 1
699
2 14 1
700
4 15 1
705
1 36 1
708
1 19 1
709
1 30 1
712
1 28 1
714
1 24 1
715
2 17 1
716
1 20 1
722
3 30 1
723
3 18 1
725
3 21 1
730
1 24 1
732
3 12 1
733
3 6 2
741 919
1 30 1
742
5 19 1
743
2 13 1
747
4 26 1
748
2 20 1
752
1 9 1
753
4 9 1
754
1 24 1
755
1 26 1
765
1 15 1
766
5 14 2
768 811
3 6 1
770
2 30 1
773
2 19 1
777
5 19 1
778
1 8 1
787
2 37 1
788
1 22 1
795
2 5 1
798
1 25 1
799
2 19 1
800
3 36 1
801
1 28 1
802
1 19 1
805
2 26 1
809
2 9 1
815
5 14 1
820
2 26 1
822
1 19 1
823
2 34 1
826
3 13 1
831
1 21 1
834
4 19 1
836
2 30 1
837
3 21 1
842
3 28 1
843
1 23 1
847
2 13 1
849
1 14 1
850
2 7 1
851
2 11 1
853
4 10 1
854
1 15 1
861
1 22 1
865
5 14 1
866
1 12 1
867
7 12 1
870
2 15 1
876
2 17 1
884
2 33 1
886
4 24 1
887
1 24 1
889
1 30 1
894
3 14 1
896
1 24 1
901
10 32 1
902
1 8 1
905
1 29 1
913
3 18 1
918
1 19 1
922
1 26 1
923
4 18 1
924
7 27 1
927
9 24 1
929
2 16 1
935
1 24 1
936
3 22 1
939
1 17 1
942
2 6 1
944
1 21 1
945
6 30 1
948
2 28 1
951
5 20 1
958
6 16 1
962
1 13 1
964
1 27 1
966
2 17 1
967
1 21 1
971
4 18 1
972
2 25 1
975
2 28 1
983
6 28 1
985
4 10 1
986
11 21 1
994
1 9 1
995
