700 331 1085 47
18 36 36 31 19 26 22 38 38 26 25 35 20 28 36 16 23 14 31 13 12 25 16 13 33 25 38 24 21 22 11 16 38 12 29 22 30 35 40 11 38 16 11 34 11 23 14 11 38 29 21 16 24 36 15 29 31 40 39 37 36 35 20 33 30 11 21 27 35 37 26 23 15 11 37 29 35 24 15 12 21 17 16 20 25 21 14 37 14 29 28 14 30 12 31 24 37 29 28 22 38 23 29 29 32 21 21 14 40 26 33 14 33 15 14 32 40 25 15 30 19 34 29 29 19 12 31 24 30 28 20 21 12 11 12 35 18 39 18 18 40 37 15 26 16 25 40 12 40 28 14 33 40 18 33 29 29 31 27 26 28 34 26 38 20 17 31 20 29 31 38 12 16 13 37 11 34 37 12 16 21 30 14 13 15 12 32 25 31 33 25 13 20 18 28 33 39 26 27 14 40 27 26 16 14 13 35 40 14 33 31 34 30 17 12 29 20 15 33 25 20 23 40 35 27 17 25 11 19 14 38 23 13 34 37 29 31 16 38 22 31 39 38 26 11 16 19 31 12 33 34 35 11 21 37 21 40 22 18 15 26 40 27 30 34 25 12 15 25 12 37 24 13 23 37 24 31 24 28 12 12 25 32 20 37 12 20 22 20 28 40 31 29 31 34 32 18 28 18 35 30 40 31 13 35 26 18 17 29 11 15 25 23 31 12 25 11 33 11 38 15 28 33 21 19 40 24 25 12 28 40 29 16 40 25 33 11 25 33 19 17 18 12 11 37 37 13 33 17 27 39 12 31 14 25 38 26 12 27 17 40 21 26 24 23 20 39 14 18 35 36 31 12 31 25 17 14 11 22 38 24 23 40 21 22 29 35 32 27 19 40 14 24 20 39 32 34 20 29 33 36 32 17 25 36 33 26 22 31 26 26 14 20 15 33 27 18 17 38 30 26 36 27 25 27 21 24 27 35 13 22 15 33 39 30 26 30 17 17 25 33 15 20 11 30 17 28 13 26 40 25 27 12 15 37 40 16 14 32 21 25 12 30 21 13 17 11 33 14 25 11 23 17 17 39 25 17 34 18 13 28 22 40 38 38 30 37 34 40 27 34 33 37 30 12 37 24 33 14 37 32 31 14 17 18 17 22 27 14 26 40 11 32 15 18 34 34 33 35 14 22 12 21 38 17 23 18 30 28 26 13 26 36 29 24 12 17 39 36 34 17 15 16 38 39 23 19 32 35 23 33 21 15 31 36 17 22 12 31 28 19 29 31 22 33 27 13 11 29 29 33 22 18 40 25 32 33 17 39 17 29 28 32 26 35 28 27 12 35 26 29 18 20 24 40 28 28 31 29 24 39 36 37 33 18 40 23 23 14 31 38 30 24 11 25 21 16 18 34 23 19 32 30 22 29 38 34 13 34 17 24 40 29 31 29 39 38 39 21 20 28 36 26 21 17 13 33 16 30 34 18 12 35 15 37 38 39 38 40 13 31 36 38 30 32 35 18 20 18 29 17 36 16 19 34 20 32 23 14 34 19 26 26 32 11 15 26 16 16 17 11 11 38 14 29 26 34 23 17 37
8 26 26 21 9 16 12 28 28 16 15 25 10 18 26 6 13 4 21 3 2 15 6 3 23 15 28 14 11 12 1 6 28 2 19 12 20 25 30 1 28 6 1 24 1 13 4 1 28 19 11 6 14 26 5 19 21 30 29 27 26 25 10 23 20 1 11 17 25 27 16 13 5 1 27 19 25 14 5 2 11 7 6 10 15 11 4 27 4 19 18 4 20 2 21 14 27 19 18 12 28 13 19 19 22 11 11 4 30 16 23 4 23 5 4 22 30 15 5 20 9 24 19 19 9 2 21 14 20 18 10 11 2 1 2 25 8 29 8 8 30 27 5 16 6 15 30 2 30 18 4 23 30 8 23 19 19 21 17 16 18 24 16 28 10 7 21 10 19 21 28 2 6 3 27 1 24 27 2 6 11 20 4 3 5 2 22 15 21 23 15 3 10 8 18 23 29 16 17 4 30 17 16 6 4 3 25 30 4 23 21 24 20 7 2 19 10 5 23 15 10 13 30 25 17 7 15 1 9 4 28 13 3 24 27 19 21 6 28 12 21 29 28 16 1 6 9 21 2 23 24 25 1 11 27 11 30 12 8 5 16 30 17 20 24 15 2 5 15 2 27 14 3 13 27 14 21 14 18 2 2 15 22 10 27 2 10 12 10 18 30 21 19 21 24 22 8 18 8 25 20 30 21 3 25 16 8 7 19 1 5 15 13 21 2 15 1 23 1 28 5 18 23 11 9 30 14 15 2 18 30 19 6 30 15 23 1 15 23 9 7 8 2 1 27 27 3 23 7 17 29 2 21 4 15 28 16 2 17 7 30 11 16 14 13 10 29 4 8 25 26 21 2 21 15 7 4 1 12 28 14 13 30 11 12 19 25 22 17 9 30 4 14 10 29 22 24 10 19 23 26 22 7 15 26 23 16 12 21 16 16 4 10 5 23 17 8 7 28 20 16 26 17 15 17 11 14 17 25 3 12 5 23 29 20 16 20 7 7 15 23 5 10 1 20 7 18 3 16 30 15 17 2 5 27 30 6 4 22 11 15 2 20 11 3 7 1 23 4 15 1 13 7 7 29 15 7 24 8 3 18 12 30 28 28 20 27 24 30 17 24 23 27 20 2 27 14 23 4 27 22 21 4 7 8 7 12 17 4 16 30 1 22 5 8 24 24 23 25 4 12 2 11 28 7 13 8 20 18 16 3 16 26 19 14 2 7 29 26 24 7 5 6 28 29 13 9 22 25 13 23 11 5 21 26 7 12 2 21 18 9 19 21 12 23 17 3 1 19 19 23 12 8 30 15 22 23 7 29 7 19 18 22 16 25 18 17 2 25 16 19 8 10 14 30 18 18 21 19 14 29 26 27 23 8 30 13 13 4 21 28 20 14 1 15 11 6 8 24 13 9 22 20 12 19 28 24 3 24 7 14 30 19 21 19 29 28 29 11 10 18 26 16 11 7 3 23 6 20 24 8 2 25 5 27 28 29 28 30 3 21 26 28 20 22 25 8 10 8 19 7 26 6 9 24 10 22 13 4 24 9 16 16 22 1 5 16 6 6 7 1 1 28 4 19 16 24 13 7 27
2 18 6
274 499 441 10 449 484
0 7 2
163 645
3 20 9
129 331 30 551 391 476 510 155 134
0 4 2
509 600
2 18 9
506 96 537 53 273 263 50 518 49
4 5 10
591 230 403 272 82 350 560 142 92 643
0 5 11
473 332 674 387 246 658 67 14 288 573 660
2 1 4
284 599 620 110
0 14 4
253 150 9 93
0 19 3
512 696 2
0 14 2
366 491
1 10 6
94 6 556 139 66 200
1 14 4
309 212 550 289
0 3 5
397 654 475 586 128
2 15 6
689 346 374 148 697 624
1 2 5
255 678 605 256 140
3 13 9
699 555 370 618 283 31 222 494 675
0 2 5
630 592 194 621 367
0 1 2
480 425
0 4 3
681 201 371
2 18 10
451 41 415 559 173 619 97 187 72 299
0 7 1
405
2 5 5
101 541 581 606 131
0 5 2
434 126
0 17 1
462
1 10 4
157 215 540 557
0 9 2
530 516
2 8 7
629 313 489 622 695 135 100
1 15 4
521 84 525 206
2 8 9
547 203 322 498 471 138 440 553 565
3 1 10
613 474 295 199 160 344 196 408 590 567
0 5 1
304
2 17 6
386 638 250 437 243 641
1 8 4
381 137 167 492
0 17 3
64 18 74
3 2 8
655 202 151 122 114 287 207 404
1 15 7
644 223 183 472 401 433 227
1 17 7
680 12 640 305 390 179 38
0 10 2
513 0
0 11 2
268 479
0 12 6
312 8 347 244 52 429
0 2 6
628 497 102 77 191 602
1 11 6
422 418 500 236 62 384
1 20 7
693 211 224 417 685 538 575
0 12 2
596 399
2 3 7
117 413 174 554 610 245 466
1 6 3
193 190 125
2 19 6
17 324 584 407 673 99
1 14 5
580 121 436 311 1
1 12 4
543 21 663 171
0 9 2
15 152
2 16 7
219 623 517 411 582 574 609
1 20 6
36 185 465 486 89 385
0 17 2
103 511
0 11 5
348 455 426 228 308
3 14 9
652 372 71 209 149 496 442 691 241
1 12 4
221 3 291 578
2 3 8
35 33 698 375 539 690 292 296
2 15 6
11 281 330 188 198 447
0 19 2
104 563
2 19 9
205 80 29 490 339 13 522 597 360
2 16 4
531 349 90 649
1 6 5
414 614 669 526 22
1 18 7
587 264 159 430 464 275 48
3 8 7
19 319 636 28 184 334 524
4 13 7
576 572 355 482 310 431 635
1 7 5
488 315 343 444 166
1 4 6
653 240 61 130 261 692
1 7 5
320 373 105 378 579
2 4 6
627 143 116 545 270 88
0 7 5
70 445 106 603 461
0 2 3
252 226 515
0 15 4
569 303 266 687
1 9 6
611 242 667 69 108 364
1 16 6
501 353 154 237 180 647
0 1 1
615
0 6 2
634 279
1 11 4
694 165 276 336
5 5 10
477 448 280 44 326 133 345 356 532 43
1 4 7
294 368 307 359 671 164 612
0 2 9
262 672 302 115 229 300 379 439 127
0 11 2
239 566
2 5 8
182 668 257 124 535 47 507 351
0 14 3
329 457 86
0 18 3
109 365 363
0 17 6
664 548 593 686 87 642
1 4 5
677 639 562 217 316
1 10 1
4
1 26 1
5
2 16 1
7
2 29 1
16
2 10 1
20
2 24 1
23
1 6 1
24
1 19 1
25
1 12 1
26
1 15 1
27
3 27 1
32
2 28 1
34
1 16 1
37
1 16 1
39
4 28 1
40
3 31 1
42
3 23 1
45
2 27 1
46
4 10 1
51
1 17 1
54
3 22 1
55
1 26 1
56
2 17 1
57
1 22 1
58
2 30 1
59
4 22 1
60
4 22 1
63
3 29 1
65
1 22 1
68
2 26 1
73
2 5 1
75
3 38 1
76
1 14 1
78
1 18 1
79
4 20 1
81
2 19 1
83
1 32 1
85
1 27 1
91
1 31 1
95
2 28 2
98 383
1 35 1
107
1 26 1
111
2 24 1
112
1 11 1
113
5 35 1
118
2 21 1
119
2 6 1
120
3 35 1
123
1 23 1
132
1 19 1
136
2 16 1
141
1 16 1
144
2 20 1
145
3 36 1
146
1 25 1
147
2 40 1
153
1 17 1
156
4 26 1
158
1 21 1
161
1 11 1
162
1 33 1
168
1 10 2
169 527
1 18 1
170
2 19 1
172
1 32 1
175
3 26 1
176
1 19 1
177
2 14 1
178
4 26 1
181
2 19 1
186
4 34 1
189
3 7 1
192
1 17 2
195 485
2 7 1
197
1 12 1
204
4 25 1
208
3 19 1
210
1 23 1
213
1 9 1
214
1 22 1
216
3 36 1
218
3 18 1
220
4 32 1
225
2 17 1
231
3 17 1
232
2 34 1
233
2 8 1
234
1 13 1
235
2 32 1
238
2 24 1
247
1 20 1
248
4 33 1
249
3 24 1
251
1 12 1
254
3 9 1
258
3 7 1
259
1 25 1
260
4 22 1
265
4 23 1
267
1 11 1
269
2 21 1
271
2 8 1
277
1 10 1
278
2 3 1
282
1 22 1
285
1 34 1
286
2 21 1
290
3 21 1
293
1 15 1
297
1 25 1
298
1 38 1
301
4 21 1
306
2 22 1
314
1 19 1
317
1 39 1
318
2 35 1
321
1 18 1
323
3 29 1
325
1 35 1
327
1 14 1
328
3 10 1
333
1 17 1
335
1 31 1
337
1 17 1
338
1 25 1
340
1 19 1
341
1 21 1
342
2 17 1
352
4 11 1
354
2 32 1
357
4 17 1
358
1 14 1
361
1 14 1
362
6 15 1
369
2 6 1
376
6 21 1
377
2 23 1
380
1 34 1
382
3 19 1
388
1 21 1
389
3 31 1
392
1 12 1
393
4 15 1
394
4 32 1
395
2 31 1
396
2 11 1
398
2 17 1
400
1 19 1
402
1 26 1
406
4 33 1
409
1 12 1
410
1 6 1
412
2 10 2
416 626
1 32 1
419
1 15 1
420
3 26 1
421
3 27 1
423
1 14 1
424
1 37 1
427
1 19 1
428
3 22 1
432
4 17 1
435
2 11 1
438
1 25 2
443 683
1 29 1
446
2 14 1
450
6 23 1
452
2 28 1
453
6 31 1
454
1 11 1
456
1 15 1
458
3 9 1
459
1 25 1
460
2 17 1
463
3 7 1
467
2 22 2
468 549
1 19 1
469
1 6 1
470
6 22 1
478
1 30 1
481
2 13 1
483
1 34 1
487
4 19 1
493
1 23 1
495
1 13 1
502
2 6 1
503
4 17 1
504
4 13 1
505
2 29 1
508
1 27 1
514
1 20 1
519
1 8 1
520
1 16 1
523
4 22 1
528
2 12 1
529
2 23 1
533
2 19 1
534
3 16 1
536
1 12 1
542
2 18 1
544
2 18 1
546
2 33 1
552
1 27 1
558
1 31 1
561
1 31 1
564
2 28 1
568
4 13 1
570
2 14 1
571
2 21 1
577
2 14 1
583
3 19 1
585
2 30 1
588
3 21 1
589
1 31 1
594
2 35 1
595
1 24 1
598
2 22 1
601
1 20 1
604
2 15 1
607
1 23 1
608
1 22 1
616
3 16 1
617
1 9 1
625
1 24 1
631
1 16 1
632
1 22 1
633
1 23 1
637
3 24 1
646
3 16 1
648
3 21 1
650
2 26 1
651
1 20 1
656
2 22 1
657
1 12 1
659
2 24 1
661
1 19 1
662
1 28 1
665
5 21 1
666
2 10 1
670
3 5 1
676
3 19 1
679
2 19 1
682
2 27 1
684
1 7 1
688
