500 270 775 33
18 35 27 16 35 28 28 23 13 32 34 14 39 24 20 22 37 23 17 40 14 31 39 21 11 17 20 15 38 32 21 13 35 37 22 28 18 15 32 29 33 15 16 34 12 31 18 40 19 19 18 24 36 28 39 11 30 40 26 14 28 37 35 14 32 15 12 38 36 35 14 34 13 35 30 24 38 36 35 28 32 24 36 19 22 25 20 19 12 26 37 39 31 12 32 23 34 33 19 22 22 22 12 31 21 24 21 19 33 40 11 34 24 28 33 26 34 20 27 26 37 40 19 25 34 17 33 17 26 35 35 27 18 38 12 28 28 12 21 30 32 33 26 34 15 15 14 14 36 32 40 39 28 16 23 31 38 28 23 19 16 34 11 12 14 36 22 14 30 13 17 17 18 29 17 18 31 24 20 21 18 31 14 24 25 25 14 23 35 19 34 25 28 14 36 37 20 21 14 38 15 13 16 30 30 38 37 27 36 15 30 28 36 22 23 26 21 22 29 15 25 23 35 21 39 21 25 21 24 19 20 22 13 36 12 36 20 21 20 20 39 11 22 39 32 29 14 32 33 39 20 37 38 29 32 12 18 26 26 36 35 35 34 36 27 17 18 37 21 32 19 17 34 16 17 38 40 24 12 24 22 19 19 22 33 16 20 27 19 34 27 31 22 20 27 23 28 37 35 17 18 21 13 34 29 15 36 37 24 15 18 18 39 25 34 14 26 13 24 30 26 28 15 32 28 37 19 24 20 35 15 21 31 13 36 33 20 32 14 12 40 27 20 22 22 21 39 26 40 18 25 11 37 37 30 22 29 35 19 31 38 16 36 22 33 28 13 19 17 18 12 22 13 24 24 12 37 32 11 25 21 30 11 23 19 23 22 38 22 33 37 17 25 34 38 32 36 31 40 25 24 30 31 26 34 32 16 22 20 27 21 36 20 23 11 16 38 36 27 15 40 39 33 11 38 35 13 38 39 26 33 14 34 15 39 33 24 21 27 24 32 39 35 20 25 27 18 16 34 11 19 35 29 38 23 21 11 38 40 14 26 37 16 35 22 33 38 24 30 23 21 32 33 24 36 32 20 38 15 23 30 13 19 13 27 28 30 12 35 19 11 15 11 14 26 33 14 18 40 13
8 25 17 6 25 18 18 13 3 22 24 4 29 14 10 12 27 13 7 30 4 21 29 11 1 7 10 5 28 22 11 3 25 27 12 18 8 5 22 19 23 5 6 24 2 21 8 30 9 9 8 14 26 18 29 1 20 30 16 4 18 27 25 4 22 5 2 28 26 25 4 24 3 25 20 14 28 26 25 18 22 14 26 9 12 15 10 9 2 16 27 29 21 2 22 13 24 23 9 12 12 12 2 21 11 14 11 9 23 30 1 24 14 18 23 16 24 10 17 16 27 30 9 15 24 7 23 7 16 25 25 17 8 28 2 18 18 2 11 20 22 23 16 24 5 5 4 4 26 22 30 29 18 6 13 21 28 18 13 9 6 24 1 2 4 26 12 4 20 3 7 7 8 19 7 8 21 14 10 11 8 21 4 14 15 15 4 13 25 9 24 15 18 4 26 27 10 11 4 28 5 3 6 20 20 28 27 17 26 5 20 18 26 12 13 16 11 12 19 5 15 13 25 11 29 11 15 11 14 9 10 12 3 26 2 26 10 11 10 10 29 1 12 29 22 19 4 22 23 29 10 27 28 19 22 2 8 16 16 26 25 25 24 26 17 7 8 27 11 22 9 7 24 6 7 28 30 14 2 14 12 9 9 12 23 6 10 17 9 24 17 21 12 10 17 13 18 27 25 7 8 11 3 24 19 5 26 27 14 5 8 8 29 15 24 4 16 3 14 20 16 18 5 22 18 27 9 14 10 25 5 11 21 3 26 23 10 22 4 2 30 17 10 12 12 11 29 16 30 8 15 1 27 27 20 12 19 25 9 21 28 6 26 12 23 18 3 9 7 8 2 12 3 14 14 2 27 22 1 15 11 20 1 13 9 13 12 28 12 23 27 7 15 24 28 22 26 21 30 15 14 20 21 16 24 22 6 12 10 17 11 26 10 13 1 6 28 26 17 5 30 29 23 1 28 25 3 28 29 16 23 4 24 5 29 23 14 11 17 14 22 29 25 10 15 17 8 6 24 1 9 25 19 28 13 11 1 28 30 4 16 27 6 25 12 23 28 14 20 13 11 22 23 14 26 22 10 28 5 13 20 3 9 3 17 18 20 2 25 9 1 5 1 4 16 23 4 8 30 3
2 19 5
373 460 253 51 320
2 20 5
33 189 354 187 81
1 16 7
445 351 256 149 348 367 374
1 19 4
301 129 242 302
0 9 1
404
2 10 5
278 262 84 46 62
0 11 1
198
3 15 5
434 332 150 270 406
0 3 1
283
1 14 9
306 417 427 355 114 343 464 221 317
0 7 5
388 496 397 369 490
1 6 5
180 276 272 146 395
2 4 7
265 455 326 467 205 453 178
0 15 4
477 21 420 422
0 14 3
4 353 247
0 16 2
429 440
1 18 2
436 112
0 5 2
471 313
0 15 4
133 93 143 235
1 12 4
82 32 41 119
0 17 1
263
0 16 3
88 401 3
2 19 5
426 368 157 493 193
3 12 5
383 154 228 344 1
2 10 7
478 229 483 257 159 35 100
0 14 4
8 421 331 214
1 13 5
86 161 394 20 131
0 3 2
450 234
1 20 3
407 249 298
0 7 2
56 246
2 10 4
47 16 396 201
0 19 3
304 473 342
1 14 7
491 457 225 73 102 371 307
0 8 3
130 197 118
0 2 7
416 202 486 325 174 454 78
1 2 5
392 135 451 358 350
1 14 6
381 410 296 63 110 52
2 3 5
495 431 376 476 264
0 7 3
438 42 260
1 19 2
160 13
1 2 2
399 219
0 13 5
76 140 108 386 462
0 19 1
437
0 8 1
372
1 14 3
435 11 227
0 4 3
9 127 446
0 12 3
475 280 153
2 19 7
211 101 442 96 24 340 338
0 13 3
470 204 430
0 18 2
65 156
0 13 1
192
2 13 6
181 147 40 49 216 259
0 12 5
167 266 356 328 141
1 10 3
183 199 43
0 11 1
7
0 12 3
210 95 498
3 12 8
250 19 5 92 339 44 481 487
1 8 4
274 69 218 492
0 19 2
447 103
1 5 6
203 66 409 360 39 231
0 9 4
89 357 468 261
1 4 3
173 85 277
0 13 3
104 97 418
0 2 1
99
0 7 4
389 497 330 6
0 8 6
380 365 113 412 233 239
0 7 3
166 248 30
2 10 6
312 393 109 382 207 321
2 2 4
433 55 10 208
0 3 1
443
0 20 1
314
0 19 4
124 226 402 384
1 20 4
318 142 472 191
0 17 2
70 241
0 9 1
316
1 16 5
322 15 165 238 309
1 15 4
466 398 31 499
1 20 2
390 387
1 2 6
494 405 456 267 290 87
0 16 3
25 98 359
3 7 7
237 22 185 27 408 292 171
0 2 2
449 469
1 20 1
0
1 23 1
2
3 38 1
12
1 23 1
14
1 12 1
17
3 29 1
18
1 39 1
23
4 32 1
26
1 28 1
28
2 22 1
29
1 33 1
34
1 24 1
36
2 19 1
37
2 22 1
38
4 23 1
45
2 10 1
48
2 22 1
50
1 10 1
53
1 20 1
54
1 27 1
57
2 17 1
58
2 20 1
59
1 4 1
60
3 30 1
61
3 29 1
64
1 19 1
67
1 21 1
68
1 13 1
71
1 13 1
72
2 17 1
74
1 33 1
75
4 27 2
77 175
2 20 1
79
1 14 1
80
1 18 1
83
2 12 1
90
1 15 1
91
2 18 1
94
2 18 1
105
4 23 1
106
1 6 1
107
2 33 1
111
1 16 1
115
2 23 1
116
4 23 2
117 194
5 39 1
120
2 21 1
121
1 13 1
122
1 31 1
123
1 29 1
125
3 21 1
126
1 20 1
128
1 34 1
132
1 19 1
134
1 28 1
136
3 13 1
137
1 40 1
138
1 22 1
139
1 22 1
144
2 31 1
145
3 8 1
148
2 26 2
151 425
1 15 1
152
2 18 1
155
1 30 1
158
2 29 1
162
2 23 1
163
1 20 1
164
3 34 1
168
2 21 1
169
2 26 1
170
3 30 1
172
1 21 1
176
2 12 1
177
1 27 1
179
1 25 1
182
1 28 1
184
3 28 1
186
3 26 1
188
1 21 1
190
1 20 1
195
1 23 1
196
3 27 1
200
1 21 1
206
2 17 1
209
1 20 1
212
3 27 2
213 347
1 28 1
215
5 38 1
217
1 12 1
220
2 32 1
222
1 14 1
223
1 5 1
224
2 18 1
230
2 34 1
232
3 29 1
236
1 30 1
240
3 39 1
243
2 24 1
244
1 28 1
245
3 28 1
251
1 30 1
252
3 39 1
254
1 33 1
255
3 9 1
258
1 28 1
268
3 26 1
269
2 14 1
271
5 10 1
273
2 27 1
275
3 23 1
279
1 24 1
281
1 23 1
282
3 32 1
284
1 26 1
285
3 9 1
286
4 20 1
287
1 19 1
288
1 15 1
289
1 19 1
291
1 9 1
293
1 28 1
294
1 24 1
295
2 26 1
297
3 26 1
299
4 7 1
300
1 25 1
303
2 19 1
305
1 15 1
308
2 17 1
310
5 23 1
311
2 23 1
315
1 18 1
319
1 26 1
323
3 30 1
324
1 20 1
327
1 18 1
329
1 27 1
333
3 25 1
334
1 27 1
335
4 22 1
336
2 21 1
337
3 34 1
341
2 26 1
345
1 28 1
346
2 10 1
349
3 22 1
352
4 32 1
361
1 17 1
362
1 14 1
363
2 23 1
364
1 37 1
366
2 23 1
370
3 26 1
375
2 23 1
377
3 18 1
378
1 20 1
379
2 34 1
385
2 35 1
391
2 36 1
400
2 9 1
403
1 22 1
411
1 14 1
413
2 13 1
414
4 20 1
415
1 16 1
419
1 34 1
423
2 14 1
424
1 36 1
428
1 24 1
432
1 28 1
439
2 24 1
441
1 27 1
444
1 29 1
448
1 9 1
452
1 24 1
458
3 26 1
459
1 22 1
461
2 22 1
463
1 23 1
465
3 30 1
474
3 22 1
479
1 28 1
480
3 26 1
482
3 24 1
484
3 24 1
485
2 6 1
488
1 34 1
489
