1000 478 1550 67
31 26 30 34 30 39 22 31 34 38 40 23 26 29 32 23 27 34 21 39 32 30 28 29 26 27 35 34 29 29 29 28 30 25 20 14 23 39 31 30 28 16 28 16 26 23 26 17 22 32 36 29 12 28 31 25 34 16 23 21 34 20 13 24 12 21 33 17 32 33 16 37 38 15 18 27 40 35 30 18 12 31 36 38 40 26 25 40 36 15 22 35 13 19 24 38 18 37 29 30 34 18 24 14 15 21 36 39 40 11 37 18 15 36 34 40 11 14 30 33 37 33 21 23 22 22 26 21 26 31 36 36 40 35 19 19 31 40 12 37 27 22 27 16 16 16 36 24 18 35 27 25 40 13 36 28 15 12 22 28 29 22 28 22 14 13 34 32 17 23 36 17 16 27 23 29 34 16 38 22 30 35 29 25 25 29 37 27 22 31 17 26 37 16 12 19 29 26 34 11 21 33 29 30 36 26 20 37 17 20 39 31 18 30 39 20 33 34 28 23 38 32 16 12 27 12 28 18 30 25 32 27 40 38 29 25 31 21 19 22 30 32 11 27 34 16 16 40 22 19 18 31 35 13 34 37 36 28 31 33 26 32 15 36 23 12 33 19 20 32 27 29 17 15 18 15 32 20 37 36 20 27 39 22 31 27 19 25 13 19 27 32 36 30 26 13 30 34 18 14 13 33 33 35 23 15 19 38 30 35 15 20 32 15 16 25 22 38 23 24 33 26 34 23 24 28 30 21 35 14 34 31 28 23 26 23 32 21 35 12 22 39 25 36 11 14 26 16 15 30 26 16 24 17 25 28 20 28 19 14 34 21 23 18 20 25 13 28 19 20 32 18 24 27 35 33 27 26 20 23 13 27 17 31 12 23 16 21 17 22 26 27 22 37 30 18 30 40 14 31 14 13 34 39 34 12 26 37 38 36 16 13 31 21 19 35 37 20 30 34 19 37 16 16 40 18 17 39 24 31 31 21 35 38 34 22 17 14 12 26 14 23 32 28 14 33 13 16 16 34 11 23 33 16 24 37 30 40 16 38 15 26 19 22 16 38 34 31 36 25 25 17 39 40 19 34 19 39 14 33 23 32 12 13 23 15 29 23 28 27 32 19 33 39 34 25 30 26 38 19 35 29 16 34 13 27 25 23 37 12 38 39 39 26 21 28 19 33 33 20 19 23 30 34 21 26 21 21 39 39 17 18 21 40 32 12 35 22 17 12 28 19 28 32 24 40 24 21 15 40 13 36 33 26 29 26 22 19 16 31 13 20 17 14 31 25 23 25 16 29 26 26 12 25 19 24 20 16 14 34 23 13 32 18 35 37 18 20 12 34 23 37 24 23 34 20 24 14 38 13 37 12 21 28 39 11 12 12 26 40 29 30 32 38 24 28 14 11 16 32 37 24 18 25 39 13 15 23 15 40 26 37 34 30 25 27 39 26 19 11 23 25 22 18 25 40 14 27 19 26 40 11 14 20 19 23 34 22 28 21 21 24 21 22 36 13 23 37 39 34 22 25 24 22 12 30 15 26 24 13 30 27 26 32 18 30 24 21 33 15 30 12 15 30 16 30 38 30 25 33 31 38 15 39 14 14 30 34 38 12 15 20 18 16 31 17 19 25 30 33 13 11 11 19 11 29 15 14 27 21 19 25 13 13 24 35 20 33 29 22 25 30 19 35 12 32 27 30 19 32 33 26 11 27 23 27 27 37 21 20 14 21 26 20 18 19 20 11 18 22 38 28 25 20 37 24 39 19 37 12 25 35 39 26 38 17 24 12 18 35 27 25 15 32 22 12 15 26 17 32 30 35 11 11 31 14 27 32 28 29 20 29 14 28 39 35 24 23 28 24 39 23 23 40 20 15 19 18 34 17 26 14 22 34 15 35 15 19 27 18 34 14 15 32 35 34 18 40 14 32 23 37 19 35 40 26 16 16 37 12 30 21 21 29 34 32 17 40 39 33 29 26 12 39 14 30 22 12 15 39 35 39 15 40 39 36 18 32 12 20 33 27 31 32 14 17 39 36 36 27 30 30 38 26 19 25 17 30 39 21 37 18 14 36 28 20 27 24 16 31 27 38 38 18 39 34 21 29 21 40 18 39 39 24 20 28 33 28 33 20 13 25 24 29 19 11 22 36 37 13 12 24 20 20 31 20 32 26 22 12 14 17 23 11 27 18 21 17 20 22 24 19 27 35 31 19 21 37 23 11 36 19 19 16 37 13 36 18 25 28 31 17 23 13 28 36 22 25 38 14
21 16 20 24 20 29 12 21 24 28 30 13 16 19 22 13 17 24 11 29 22 20 18 19 16 17 25 24 19 19 19 18 20 15 10 4 13 29 21 20 18 6 18 6 16 13 16 7 12 22 26 19 2 18 21 15 24 6 13 11 24 10 3 14 2 11 23 7 22 23 6 27 28 5 8 17 30 25 20 8 2 21 26 28 30 16 15 30 26 5 12 25 3 9 14 28 8 27 19 20 24 8 14 4 5 11 26 29 30 1 27 8 5 26 24 30 1 4 20 23 27 23 11 13 12 12 16 11 16 21 26 26 30 25 9 9 21 30 2 27 17 12 17 6 6 6 26 14 8 25 17 15 30 3 26 18 5 2 12 18 19 12 18 12 4 3 24 22 7 13 26 7 6 17 13 19 24 6 28 12 20 25 19 15 15 19 27 17 12 21 7 16 27 6 2 9 19 16 24 1 11 23 19 20 26 16 10 27 7 10 29 21 8 20 29 10 23 24 18 13 28 22 6 2 17 2 18 8 20 15 22 17 30 28 19 15 21 11 9 12 20 22 1 17 24 6 6 30 12 9 8 21 25 3 24 27 26 18 21 23 16 22 5 26 13 2 23 9 10 22 17 19 7 5 8 5 22 10 27 26 10 17 29 12 21 17 9 15 3 9 17 22 26 20 16 3 20 24 8 4 3 23 23 25 13 5 9 28 20 25 5 10 22 5 6 15 12 28 13 14 23 16 24 13 14 18 20 11 25 4 24 21 18 13 16 13 22 11 25 2 12 29 15 26 1 4 16 6 5 20 16 6 14 7 15 18 10 18 9 4 24 11 13 8 10 15 3 18 9 10 22 8 14 17 25 23 17 16 10 13 3 17 7 21 2 13 6 11 7 12 16 17 12 27 20 8 20 30 4 21 4 3 24 29 24 2 16 27 28 26 6 3 21 11 9 25 27 10 20 24 9 27 6 6 30 8 7 29 14 21 21 11 25 28 24 12 7 4 2 16 4 13 22 18 4 23 3 6 6 24 1 13 23 6 14 27 20 30 6 28 5 16 9 12 6 28 24 21 26 15 15 7 29 30 9 24 9 29 4 23 13 22 2 3 13 5 19 13 18 17 22 9 23 29 24 15 20 16 28 9 25 19 6 24 3 17 15 13 27 2 28 29 29 16 11 18 9 23 23 10 9 13 20 24 11 16 11 11 29 29 7 8 11 30 22 2 25 12 7 2 18 9 18 22 14 30 14 11 5 30 3 26 23 16 19 16 12 9 6 21 3 10 7 4 21 15 13 15 6 19 16 16 2 15 9 14 10 6 4 24 13 3 22 8 25 27 8 10 2 24 13 27 14 13 24 10 14 4 28 3 27 2 11 18 29 1 2 2 16 30 19 20 22 28 14 18 4 1 6 22 27 14 8 15 29 3 5 13 5 30 16 27 24 20 15 17 29 16 9 1 13 15 12 8 15 30 4 17 9 16 30 1 4 10 9 13 24 12 18 11 11 14 11 12 26 3 13 27 29 24 12 15 14 12 2 20 5 16 14 3 20 17 16 22 8 20 14 11 23 5 20 2 5 20 6 20 28 20 15 23 21 28 5 29 4 4 20 24 28 2 5 10 8 6 21 7 9 15 20 23 3 1 1 9 1 19 5 4 17 11 9 15 3 3 14 25 10 23 19 12 15 20 9 25 2 22 17 20 9 22 23 16 1 17 13 17 17 27 11 10 4 11 16 10 8 9 10 1 8 12 28 18 15 10 27 14 29 9 27 2 15 25 29 16 28 7 14 2 8 25 17 15 5 22 12 2 5 16 7 22 20 25 1 1 21 4 17 22 18 19 10 19 4 18 29 25 14 13 18 14 29 13 13 30 10 5 9 8 24 7 16 4 12 24 5 25 5 9 17 8 24 4 5 22 25 24 8 30 4 22 13 27 9 25 30 16 6 6 27 2 20 11 11 19 24 22 7 30 29 23 19 16 2 29 4 20 12 2 5 29 25 29 5 30 29 26 8 22 2 10 23 17 21 22 4 7 29 26 26 17 20 20 28 16 9 15 7 20 29 11 27 8 4 26 18 10 17 14 6 21 17 28 28 8 29 24 11 19 11 30 8 29 29 14 10 18 23 18 23 10 3 15 14 19 9 1 12 26 27 3 2 14 10 10 21 10 22 16 12 2 4 7 13 1 17 8 11 7 10 12 14 9 17 25 21 9 11 27 13 1 26 9 9 6 27 3 26 8 15 18 21 7 13 3 18 26 12 15 28 4
4 2 12
816 206 272 185 178 507 453 253 480 911 591 103
0 17 3
666 405 25
3 2 12
503 549 515 414 485 811 973 84 327 765 975 601
1 14 6
654 935 529 406 708 854
3 13 11
691 657 23 493 63 817 334 147 963 148 824
0 20 1
382
1 8 6
75 181 497 340 835 109
0 19 6
1 849 437 525 192 259
2 11 8
76 672 55 93 372 569 293 482
0 4 5
285 653 818 100 71
4 20 9
379 263 374 593 597 106 174 868 223
1 4 5
823 875 364 198 502
4 1 12
961 101 804 78 47 776 980 745 358 727 353 527
1 18 6
439 164 999 48 810 609
2 9 6
316 649 167 205 472 311
0 2 1
831
2 12 7
420 44 564 73 575 853 162
5 4 13
750 281 541 977 615 388 186 896 447 689 35 828 733
1 3 5
588 510 930 133 775
0 19 5
116 82 33 692 687
0 6 2
913 706
3 15 8
266 456 74 142 684 860 676 39
3 9 12
671 95 476 343 416 940 67 218 786 841 312 331
0 14 3
129 651 833
0 15 2
585 890
1 5 7
442 15 400 111 168 711 70
0 3 4
513 53 333 303
2 19 9
54 163 891 642 697 883 308 486 902
0 10 2
247 705
3 16 13
905 200 132 809 173 158 128 11 533 278 863 997 7
0 19 1
542
2 3 7
744 92 791 156 410 556 915
0 15 4
864 122 798 498
0 13 11
143 356 893 49 459 582 592 578 770 136 767
2 4 5
290 847 746 530 125
0 8 9
368 929 771 834 81 0 366 458 371
0 4 2
291 594
0 12 2
656 709
3 4 8
644 496 747 402 121 995 590 150
2 8 7
712 79 874 719 487 793 779
1 4 9
273 815 478 419 536 949 707 431 475
0 3 2
850 759
1 17 10
359 736 645 213 349 417 953 508 108 157
0 5 10
257 574 461 548 897 280 983 801 187 494
5 4 11
720 426 539 606 713 845 360 655 214 659 610
0 6 3
882 917 873
2 10 7
844 627 861 880 467 958 806
1 10 4
641 959 620 982
0 6 7
265 932 217 543 813 113 432
0 1 5
436 643 261 457 987
0 2 9
251 397 950 141 304 415 526 62 314
0 5 2
238 647
0 20 4
377 751 624 637
3 14 12
729 921 511 777 355 149 664 986 685 249 862 886
2 12 10
317 753 603 348 14 638 299 979 755 175
1 11 13
244 155 717 534 988 925 602 829 894 234 287 640 170
2 20 11
396 289 13 604 191 937 38 772 889 600 734
0 12 6
305 974 742 332 773 867
0 2 3
306 838 404
0 18 9
568 346 558 296 270 224 89 232 66
2 16 5
820 465 51 252 479
6 19 11
144 250 931 137 738 72 665 941 80 315 842
4 16 12
572 728 920 438 83 460 632 737 523 52 555 613
0 7 3
871 790 888
3 14 13
907 700 996 267 418 389 803 408 28 978 695 210 612
0 19 3
370 740 424
0 3 1
225
3 14 8
172 576 338 971 892 264 884 307
1 12 4
551 169 248 492
0 4 4
957 352 448 900
0 2 2
446 595
0 5 4
375 240 608 204
0 7 2
694 288
0 15 4
789 918 681 277
4 17 12
477 279 392 26 5 512 153 766 663 429 696 714
1 6 5
596 152 12 302 648
0 19 10
812 922 985 211 858 683 18 939 540 193
2 5 6
628 329 455 99 105 524
0 15 4
730 390 395 398
2 6 8
88 242 313 998 962 652 799 577
2 6 6
715 297 64 926 393 378
1 9 6
17 318 85 91 678 805
4 11 9
781 928 469 517 444 945 726 992 731
3 20 14
236 852 583 86 910 394 45 693 464 466 215 489 112 721
0 3 1
483
0 13 2
837 325
0 7 3
832 56 188
3 13 7
668 703 258 969 256 792 227
2 8 14
176 209 351 323 626 245 341 516 669 271 956 518 658 933
0 14 2
61 764
0 5 3
2 324 451
2 18 8
506 423 160 295 965 433 292 646
0 15 2
855 571
2 31 1
3
4 14 1
4
4 20 1
6
2 11 1
8
1 22 1
9
2 16 1
10
8 24 2
16 413
1 39 1
19
2 19 1
20
8 18 1
21
2 34 1
22
3 13 1
24
2 17 1
27
4 29 1
29
2 26 1
30
1 11 1
31
2 7 1
32
1 15 1
34
1 21 1
36
2 38 1
37
1 23 1
40
2 22 1
41
1 29 1
42
2 17 1
43
1 29 1
46
1 4 1
50
2 23 1
57
2 23 1
58
1 23 1
59
2 18 1
60
2 17 2
65 826
2 30 1
68
2 8 1
69
2 8 1
77
1 35 1
87
1 35 1
90
4 18 1
94
2 6 1
96
4 6 1
97
2 16 1
98
4 27 1
102
2 4 1
104
4 26 1
107
1 26 1
110
8 19 1
114
1 12 1
115
1 16 1
117
5 19 1
118
1 19 1
119
2 11 1
120
2 20 1
123
2 31 1
124
6 21 1
126
1 22 1
127
1 17 1
130
1 22 1
131
1 15 1
134
1 24 1
135
2 6 1
138
9 21 1
139
1 19 1
140
2 20 2
145 499
1 16 2
146 509
2 20 1
151
2 16 2
154 688
1 20 1
159
1 7 1
161
1 25 2
165 942
3 7 1
166
1 32 1
171
2 26 1
177
3 31 1
179
1 35 1
180
1 19 1
182
2 10 1
183
1 17 1
184
2 18 1
189
3 25 1
190
2 8 1
194
1 21 1
195
5 27 1
196
1 8 1
197
1 15 1
199
6 24 1
201
4 21 1
202
3 12 1
203
3 19 1
207
1 18 1
208
1 19 1
212
9 22 1
216
2 17 1
219
1 23 1
220
5 18 1
221
5 22 1
222
7 15 1
226
4 6 1
228
1 28 1
229
5 27 1
230
1 13 1
231
5 8 1
233
3 27 1
235
1 13 1
237
2 23 1
239
9 17 1
241
4 15 1
243
2 19 1
246
1 35 1
254
2 23 1
255
2 9 1
260
2 22 1
262
1 3 1
268
6 19 1
269
4 21 1
274
2 8 1
275
1 14 1
276
2 25 1
282
1 8 1
283
1 20 1
284
1 17 1
286
5 11 1
294
1 24 1
298
2 14 1
300
1 21 1
301
2 9 1
309
1 30 1
310
5 17 1
319
1 31 1
320
1 23 1
321
6 32 1
322
2 27 1
326
1 34 1
328
5 14 1
330
1 16 1
335
3 25 1
336
2 25 1
337
4 27 1
339
2 19 1
342
2 21 1
344
2 17 1
345
1 38 1
347
1 24 1
350
5 19 1
354
4 17 1
357
2 9 1
361
1 24 2
362 383
2 29 1
363
4 18 1
365
2 22 1
367
2 7 1
369
1 13 1
373
1 9 1
376
2 22 1
380
5 23 1
381
4 28 1
384
5 25 1
385
1 29 1
386
2 30 1
387
2 32 1
391
6 22 1
399
2 39 1
401
2 5 1
403
1 21 1
407
3 10 1
409
4 8 1
411
2 28 1
412
1 9 1
421
3 30 1
422
1 23 1
425
2 22 1
427
5 26 1
428
4 6 1
430
2 19 1
434
4 25 2
435 566
2 18 1
440
4 23 1
441
2 11 1
443
2 12 1
445
1 38 1
449
2 20 1
450
1 19 1
452
1 18 1
454
1 12 1
462
2 11 1
463
1 19 1
468
5 26 1
470
2 27 1
471
2 28 1
473
2 28 1
474
1 33 1
481
1 16 1
484
2 39 1
488
2 7 1
490
1 27 2
491 505
2 12 1
495
3 22 1
500
5 11 1
501
1 21 1
504
2 27 1
514
1 34 1
519
1 8 1
520
1 25 1
521
2 12 1
522
4 9 1
528
8 21 2
531 748
2 7 1
532
1 23 1
535
2 30 1
537
2 27 1
538
2 28 1
544
3 23 1
545
1 20 1
546
5 27 1
547
1 15 1
550
1 20 1
552
1 37 1
553
4 29 1
554
1 20 1
557
1 27 1
559
1 17 1
560
1 5 1
561
2 10 1
562
5 34 1
563
5 22 1
565
4 19 1
567
1 8 1
570
2 21 1
573
4 24 1
579
1 24 1
580
1 16 1
581
3 13 1
584
1 4 1
586
2 21 1
587
4 27 1
589
2 25 1
598
1 25 1
599
7 15 1
605
6 17 1
607
4 22 1
611
1 23 1
614
1 33 1
616
2 31 1
617
2 12 1
618
9 23 1
619
5 20 1
621
1 15 1
622
2 8 1
623
2 8 1
625
1 20 1
629
1 25 1
630
1 23 1
631
6 19 1
633
2 35 1
634
2 8 1
635
5 15 1
636
1 22 1
639
5 20 1
650
2 6 1
660
2 17 1
661
1 32 1
662
2 17 1
667
3 15 1
670
2 34 1
673
1 35 1
674
1 28 1
675
5 23 1
677
3 17 1
679
1 34 1
680
2 24 2
682 948
1 8 1
686
9 31 1
690
6 30 1
698
2 13 1
699
2 24 1
701
9 13 1
702
4 23 1
704
1 16 1
710
9 10 1
716
1 23 1
718
3 22 1
722
2 20 1
723
5 8 1
724
4 35 1
725
1 32 1
732
1 32 1
735
1 21 1
739
4 28 1
741
1 17 1
743
1 23 1
749
1 40 1
752
1 22 1
754
1 9 1
756
9 18 2
757 866
4 26 1
758
1 39 1
760
1 28 1
761
2 18 1
762
2 6 1
763
2 13 1
768
2 29 1
769
1 25 1
774
3 15 1
778
2 26 1
780
2 22 1
782
1 17 1
783
6 17 1
784
1 12 1
785
2 5 1
787
4 7 1
788
1 17 1
794
2 17 1
795
4 24 1
796
2 22 1
797
2 23 1
800
2 21 1
802
1 17 1
807
1 21 2
808 901
2 10 1
814
6 8 1
819
1 34 1
821
5 26 1
822
2 26 1
825
1 18 1
827
4 19 1
830
2 19 1
836
8 6 1
839
10 24 1
840
2 11 1
843
2 23 1
846
2 20 1
848
1 21 1
851
4 22 1
856
4 37 1
857
2 20 1
859
2 19 1
865
8 15 1
869
6 5 1
870
1 9 1
872
4 20 1
876
1 30 1
877
1 39 1
878
1 33 1
879
5 22 1
881
2 24 1
885
5 17 1
887
2 8 1
895
1 22 1
898
5 20 1
899
1 19 1
903
1 28 1
904
1 28 1
906
1 37 1
908
1 14 1
909
4 19 1
912
3 24 1
914
6 18 1
916
4 19 1
919
2 10 1
923
2 9 1
924
2 10 1
927
10 31 1
934
1 25 1
936
2 19 1
938
1 28 1
943
1 29 1
944
2 31 1
946
1 22 1
947
5 40 1
951
2 29 1
952
2 26 1
954
2 11 1
955
4 14 1
960
2 10 1
964
1 7 1
966
2 9 1
967
6 34 1
968
2 12 1
970
1 18 1
972
4 34 1
976
1 19 1
981
1 16 1
984
4 20 1
989
1 11 1
990
1 16 1
991
1 21 1
993
2 24 1
994
