300 194 465 20
35 31 38 40 23 15 34 11 34 11 37 30 18 25 28 17 17 23 22 18 40 16 13 39 30 27 26 40 32 36 35 15 37 20 22 26 24 32 32 29 15 37 18 39 14 12 21 27 20 28 39 14 25 31 21 12 21 35 25 29 33 35 38 23 37 25 30 35 39 21 14 29 17 22 18 21 21 17 36 22 34 27 12 40 38 21 38 37 29 16 40 19 25 23 22 34 18 17 38 40 32 28 34 38 28 37 26 39 28 12 18 11 23 35 29 17 11 38 25 25 33 19 20 25 35 19 34 14 39 23 27 20 32 15 37 26 32 27 21 37 21 33 11 29 19 35 34 30 36 24 32 38 19 40 23 26 28 32 36 15 33 22 32 30 12 32 34 34 15 29 15 17 31 33 39 14 21 31 13 18 16 40 38 20 13 34 40 15 33 21 25 19 28 15 17 24 26 30 39 31 18 16 40 38 12 24 16 40 35 40 16 29 13 21 40 34 33 29 30 22 25 37 16 35 36 29 33 17 23 36 22 33 19 20 24 24 21 22 14 25 37 24 18 35 15 13 32 12 14 37 22 28 29 34 37 14 25 19 25 33 27 35 19 35 32 34 19 11 13 16 39 29 39 20 15 36 21 12 32 24 26 31 32 17 16 15 14 27 14 33 15 39 23 28 11 20 26 39 25 40
25 21 28 30 13 5 24 1 24 1 27 20 8 15 18 7 7 13 12 8 30 6 3 29 20 17 16 30 22 26 25 5 27 10 12 16 14 22 22 19 5 27 8 29 4 2 11 17 10 18 29 4 15 21 11 2 11 25 15 19 23 25 28 13 27 15 20 25 29 11 4 19 7 12 8 11 11 7 26 12 24 17 2 30 28 11 28 27 19 6 30 9 15 13 12 24 8 7 28 30 22 18 24 28 18 27 16 29 18 2 8 1 13 25 19 7 1 28 15 15 23 9 10 15 25 9 24 4 29 13 17 10 22 5 27 16 22 17 11 27 11 23 1 19 9 25 24 20 26 14 22 28 9 30 13 16 18 22 26 5 23 12 22 20 2 22 24 24 5 19 5 7 21 23 29 4 11 21 3 8 6 30 28 10 3 24 30 5 23 11 15 9 18 5 7 14 16 20 29 21 8 6 30 28 2 14 6 30 25 30 6 19 3 11 30 24 23 19 20 12 15 27 6 25 26 19 23 7 13 26 12 23 9 10 14 14 11 12 4 15 27 14 8 25 5 3 22 2 4 27 12 18 19 24 27 4 15 9 15 23 17 25 9 25 22 24 9 1 3 6 29 19 29 10 5 26 11 2 22 14 16 21 22 7 6 5 4 17 4 23 5 29 13 18 1 10 16 29 15 30
0 10 2
273 242
0 1 4
148 167 205 53
0 6 1
94
0 12 2
170 102
0 6 5
133 62 299 247 259
2 20 5
228 23 215 250 295
0 13 2
294 231
0 16 1
22
0 18 2
199 197
0 16 2
258 112
0 20 3
85 209 270
0 3 2
235 182
1 19 3
128 280 224
1 5 3
264 147 21
0 17 4
1 274 134 144
1 3 4
153 140 288 266
1 3 4
49 200 296 143
0 6 5
218 239 275 268 97
0 14 2
131 41
0 19 1
237
0 9 1
253
1 2 2
190 220
0 9 1
95
0 20 1
198
0 18 2
166 284
0 9 2
40 262
1 16 2
208 185
0 6 1
59
1 9 6
78 58 267 179 173 203
0 15 2
194 260
1 8 4
241 68 251 86
0 11 1
37
0 14 2
77 18
1 4 3
122 181 206
0 10 3
254 14 142
2 14 4
141 226 81 9
0 8 1
139
0 13 3
244 286 229
0 3 1
17
0 13 3
100 31 178
0 17 4
36 46 82 52
1 1 4
238 201 176 279
0 5 3
101 114 73
0 10 1
163
1 3 3
15 123 108
1 5 4
99 222 177 193
1 14 2
92 297
0 14 1
113
1 18 2
106 271
1 16 3
214 79 138
0 9 2
257 202
0 11 5
252 171 24 129 6
0 14 1
116
0 10 1
90
0 13 2
159 149
0 17 1
225
0 10 1
127
0 14 1
207
0 10 2
29 236
0 6 2
115 4
0 16 1
70
0 18 1
195
0 2 2
89 84
0 12 2
48 126
1 5 3
60 154 13
3 10 5
261 219 210 67 217
0 13 3
38 135 137
0 8 3
104 291 298
2 19 4
221 150 165 136
0 5 1
3
1 2 4
27 256 240 34
1 34 1
0
1 15 1
2
1 11 1
5
1 18 1
7
1 22 1
8
2 14 1
10
1 30 1
11
1 21 1
12
1 19 1
16
1 12 1
19
1 17 1
20
1 29 1
25
1 22 1
26
1 15 1
28
1 20 1
30
2 24 1
32
2 14 1
33
1 26 1
35
2 19 1
39
1 24 1
42
1 12 1
43
1 20 1
44
1 13 1
45
1 36 1
47
1 15 1
50
1 20 1
51
2 13 1
54
1 10 1
55
2 17 1
56
1 16 1
57
1 22 1
61
1 18 1
63
2 29 1
64
1 25 1
65
2 32 1
66
1 9 1
69
2 24 1
71
2 15 1
72
2 19 1
74
1 14 1
75
1 32 1
76
1 23 1
80
1 37 1
83
2 6 1
87
1 9 1
88
1 9 1
91
1 29 1
93
1 33 1
96
1 24 1
98
3 10 1
103
1 16 1
105
1 24 1
107
1 11 1
109
1 33 1
110
1 23 1
111
1 5 1
117
1 27 1
118
1 26 1
119
1 19 1
120
1 26 1
121
1 21 1
124
1 24 1
125
1 21 1
130
1 24 1
132
1 32 1
145
2 23 1
146
1 22 2
151 187
1 22 1
152
1 21 1
155
1 24 1
156
1 14 1
157
2 27 1
158
1 36 1
160
1 19 1
161
1 12 1
162
1 11 1
164
2 27 1
168
1 14 1
169
1 9 1
172
1 13 1
174
1 24 1
175
1 29 1
180
1 10 1
183
3 6 1
184
1 26 1
186
1 31 1
188
1 30 1
189
4 33 1
191
1 32 1
192
2 23 1
196
1 5 1
204
1 24 1
211
1 26 1
212
1 32 1
213
1 11 1
216
1 17 1
223
1 17 1
227
1 19 1
230
1 17 1
232
1 28 1
233
1 23 1
234
1 30 1
243
1 20 1
245
1 14 1
246
1 26 1
248
1 19 1
249
1 9 1
255
2 12 1
263
1 27 1
265
1 30 1
269
1 11 1
272
1 12 1
276
2 21 1
277
1 4 1
278
2 18 1
281
1 22 1
282
1 27 1
283
1 20 1
285
1 39 1
287
1 28 1
289
1 26 1
290
1 16 1
292
1 22 1
293
